21|2.1|636147911390086622|71bd61|50645.734375|18.4743904902649|107.270207309403||||50645.7265625|380|40525||||71bd61|X|X|X|0|0|7||||132|163|132|163|[]|636148154457340000|14:04:05:734
21|2.1|636147911440621675|71bd61|50650.796875|18.4765791728191|107.259027862239||||50650.7890625|380|40550||||71bd61|X|X|X|0|0|7||||132|163|132|163|[]|636148154507970000|14:04:10:797
21|2.1|636147911566524264|71bd61|50663.3828125|18.4821581675651|107.2308324811||||50663.375|380|40550||||71bd61|X|X|X||0|7||||132|163|132|163|[]|636148154633830000|14:04:23:383
21|2.1|636147911802407850|71bd61|50686.9609375|18.492650969222|107.178046607734||||50686.9609375|380|40525||||71bd61|X|X|X||0|7||||132|163|132|163|[]|636148154869610000|14:04:46:961
21|2.1|636147911847952404|71bd61|50691.5234375|18.4946894480715|107.167725467454||||50691.515625|380|40525||||71bd61|X|X|X||0|7||||132|163|132|163|[]|636148154915230000|14:04:51:523
21|2.1|636147911974485056|71bd61|50704.171875|18.5002040698012|107.139551543987||||50704.1640625|380|40525||||71bd61|X|X|X||0|7||||132|163|132|163|[]|636148155041720000|14:05:04:172
21|2.1|636147912132830889|71bd61|50720.015625|18.5071134402174|107.104275131054||||50720.0078125|380|40525||||71bd61|JNA051|X|X||0|7||||132|163|132|163|[]|636148155200160000|14:05:20:016
21|2.1|636147913291166711|71bd61|50835.84375|18.5575175119803|106.84592475897||||50835.828125|380|40525||||71bd61|JNA051|X|X|0|0|7||||132|147|132|147|[]|636148156358440000|14:07:15:844
21|2.1|636147913592726864|71bd61|50866|18.5705637766171|106.778762245297||||50866|380|40525||||71bd61|JNA051|X|X||0|7||||132|147|132|147|[]|636148156660000000|14:07:46:000
21|2.1|636147913641241715|71bd61|50870.8515625|18.5726666284829|106.768076324591||||50870.8359375|380|40525||||71bd61|JNA051|X|X|0|0|7||||132|147|132|147|[]|636148156708520000|14:07:50:852
21|2.1|636147913683045895|71bd61|50875.03125|18.5745334459556|106.7587636949||||50875.015625|380|40525||||71bd61|JNA051|X|X||0|7||||132|147|132|147|[]|636148156750310000|14:07:55:031
21|2.1|636147913723769967|71bd61|50879.1015625|18.576335890412|106.749451065209||||50879.0859375|380|40525||||71bd61|JNA051|X|X|0|0|7||||132|147|132|147|[]|636148156791020000|14:07:59:102
21|2.1|636147914086016188|71bd61|50915.328125|18.5921072794055|106.669242286899||||50915.3203125|380|40525||||71bd61|JNA051|X|X||0|7||||132|147|132|147|[]|636148157153280000|14:08:35:328
21|2.1|636147914136091195|71bd61|50920.34375|18.5942745042876|106.658213043439||||50920.328125|380|40525||||71bd61|JNA051|X|X||0|7||||132|147|132|147|[]|636148157203440000|14:08:40:344
21|2.1|636147914183665952|71bd61|50925.1015625|18.5963129831371|106.647634411094||||50925.0859375|380|40525||||71bd61|JNA051|X|X|0|0|7||||132|147|132|147|[]|636148157251020000|14:08:45:102
21|2.1|636147914223759961|71bd61|50929.1015625|18.5980295969051|106.638793850189||||50929.1015625|380|40525||||71bd61|JNA051|X|X|0|0|7||||132|147|132|147|[]|636148157291020000|14:08:49:102
21|2.1|636147914294437028|71bd61|50936.171875|18.6009907556549|106.623344326277||||50936.171875|380|40550||||71bd61|X|X|X|0|0|7||||132|163|132|163|[]|636148157361720000|14:08:56:172
21|2.1|636147914459173500|71bd61|50952.640625|18.6079001260711|106.587252521805||||50952.640625|380|40550||||71bd61|JNA051|X|X||0|7||||132|163|132|163|[]|636148157526410000|14:09:12:641
21|2.1|636147914507848367|71bd61|50957.5|18.6100029779369|106.576223278345||||50957.5|380|40525||||71bd61|JNA051|X|X|0|0|7||||132|163|132|163|[]|636148157575000000|14:09:17:500
21|2.1|636147914554653047|71bd61|50962.1953125|18.6119770837701|106.566116714786||||50962.1875|380|40525||||71bd61|JNA051|X|X|0|0|7||||132|163|132|163|[]|636148157621950000|14:09:22:195
21|2.1|636147914598647446|71bd61|50966.59375|18.6138653589149|106.556439304669||||50966.5859375|380|40550||||71bd61|JNA051|X|X|0|0|7||||132|163|132|163|[]|636148157665940000|14:09:26:594
21|2.1|636147914685226103|71bd61|50975.25|18.6174917054998|106.537513637877||||50975.25|380|40525||||71bd61|JNA051|X|X||0|7||||132|163|132|163|[]|636148157752500000|14:09:35:250
21|2.1|636147914735611141|71bd61|50980.296875|18.6196374727098|106.526527309762||||50980.2890625|380|40525||||71bd61|JNA051|X|X||0|7||||132|163|132|163|[]|636148157802970000|14:09:40:297
21|2.1|636147914784135993|71bd61|50985.1328125|18.6217403245756|106.515498066302||||50985.1328125|380|40525||||71bd61|JNA051|X|X||0|7||||132|163|132|163|[]|636148157851330000|14:09:45:133
21|2.1|636147914831720751|71bd61|50989.90625|18.6236929727367|106.505391502743||||50989.8984375|380|40525||||71bd61|JNA051|X|X||0|7||||132|163|132|163|[]|636148157899060000|14:09:49:906
21|2.1|636147914872274806|71bd61|50993.953125|18.6254525018489|106.49616470374||||50993.953125|380|40525||||71bd61|JNA051|X|X|0|0|7||||132|163|132|163|[]|636148157939530000|14:09:53:953
21|2.1|636147914924700048|71bd61|50999.1953125|18.6276840997473|106.484727764511||||50999.1875|380|40525||||71bd61|JNA051|X|X||0|7||||132|163|132|163|[]|636148157991950000|14:09:59:195
21|2.1|636147914968684446|71bd61|51003.59375|18.6295938325642|106.475093269738||||51003.5859375|380|40525||||71bd61|JNA051|X|X||0|7||||132|163|132|163|[]|636148158035940000|14:10:03:594
21|2.1|636147915012688846|71bd61|51007.9921875|18.6315035653811|106.465458774965||||51007.9921875|380|40550||||71bd61|JNA051|X|X|0|0|7||||132|163|132|163|[]|636148158079920000|14:10:07:992
21|2.1|636147915025790156|71bd61|51009.3046875|18.6320185495115|106.462819481297||||51009.2890625|380|40525||||71bd61|X|X|X||0|7||||132|147|132|147|[]|636148158093050000|14:10:09:305
21|2.1|636147915053552932|71bd61|51012.0859375|18.6332416368212|106.456661129404||||51012.078125|380|40550||||71bd61|JNA051|X|X||0|7||||132|163|132|163|[]|636148158120860000|14:10:12:086
21|2.1|636147915083195896|71bd61|51015.03125|18.6345076394751|106.450116539414||||51015.0234375|380|40525||||71bd61|JNA051|X|X|0|0|7||||132|147|132|147|[]|636148158150310000|14:10:15:031
21|2.1|636147915096457222|71bd61|51016.3671875|18.635129911966|106.447026634631||||51016.359375|380|40550||||71bd61|JNA051|X|X|0|0|7||||132|163|132|163|[]|636148158163670000|14:10:16:367
21|2.1|636147915140931669|71bd61|51020.8203125|18.6369967294387|106.437392139858||||51020.8203125|380|40550||||71bd61|JNA051|X|X|0|0|7||||132|163|132|163|[]|636148158208200000|14:10:20:820
21|2.1|636147915182735849|71bd61|51025.0078125|18.6387991738951|106.428186798527||||51025|380|40550||||71bd61|JNA051|X|X|0|0|7||||132|163|132|163|[]|636148158250080000|14:10:25:008
21|2.1|636147915228130388|71bd61|51029.546875|18.6407732797283|106.418123150312||||51029.5390625|380|40550||||71bd61|JNA051|X|X|0|0|7||||132|163|132|163|[]|636148158295470000|14:10:29:547
21|2.1|636147915271964771|71bd61|51033.921875|18.642640097201|106.40848865554||||51033.921875|380|40550||||71bd61|JNA051|X|X|0|0|7||||132|163|132|163|[]|636148158339220000|14:10:33:922
21|2.1|636147915313148889|71bd61|51038.046875|18.6443137956248|106.399691009979||||51038.0390625|380|40550||||71bd61|JNA051|X|X|0|0|7||||132|163|132|163|[]|636148158380470000|14:10:38:047
21|2.1|636147915353552929|71bd61|51042.0703125|18.6460304093928|106.390957737434||||51042.0625|380|40550||||71bd61|JNA051|X|X|0|0|7||||132|163|132|163|[]|636148158420700000|14:10:42:070
21|2.1|636147915398327406|71bd61|51046.5546875|18.6479615998818|106.380851173875||||51046.546875|380|40550||||71bd61|JNA051|X|X|0|0|7||||132|163|132|163|[]|636148158465550000|14:10:46:555
21|2.1|636147915408468420|71bd61|51047.5703125|18.6484122109959|106.378662491321||||51047.5625|380|40550||||71bd61|JNA051|X|X||0|7||||132|147|132|147|[]|636148158475700000|14:10:47:570
21|2.1|636147915447162289|71bd61|51051.4453125|18.6500215364034|106.370315456874||||51051.4375|380|40525||||71bd61|JNA051|X|X|0|0|7||||132|163|132|163|[]|636148158514450000|14:10:51:445
21|2.1|636147915488496422|71bd61|51055.5625|18.6518454385319|106.361131573215||||51055.5625|380|40525||||71bd61|JNA051|X|X|0|0|7||||132|163|132|163|[]|636148158555630000|14:10:55:563
21|2.1|636147915528590431|71bd61|51059.5859375|18.653583509972|106.352355385326||||51059.578125|380|40525||||71bd61|JNA051|X|X|0|0|7||||132|163|132|163|[]|636148158595860000|14:10:59:586
21|2.1|636147915561973769|71bd61|51062.921875|18.6550211740027|106.344866657763||||51062.9140625|380|40550||||71bd61|JNA051|X|X||0|7||||132|147|132|147|[]|636148158629220000|14:11:02:922
21|2.1|636147915573204892|71bd61|51064.046875|18.6554288697726|106.342656517537||||51064.0390625|380|40525||||71bd61|JNA051|X|X|0|0|7||||132|163|132|163|[]|636148158640470000|14:11:04:047
21|2.1|636147915605818153|71bd61|51067.3125|18.6569309068196|106.335189247646||||51067.296875|380|40525||||71bd61|JNA051|X|X|0|0|7||||132|147|132|147|[]|636148158673130000|14:11:07:313
21|2.1|636147915622039775|71bd61|51068.9375|18.6576175523268|106.331670189422||||51068.9296875|380|40525||||71bd61|JNA051|X|X|0|0|7||||132|163|132|163|[]|636148158689380000|14:11:08:938
