21|2.1|636147897420269780|7500dd|49248.7578125|12.4921846278338|100.384976774316||||49248.75|334.25|35775||||7500dd|AXM888|X|X|0|0|6||||132|83|132|83|[]|636148140487580000|13:40:48:758
21|2.1|636147897430410794|7500dd|49249.796875|12.4944376834043|100.384783655267||||49249.78125|333.75|35725||||7500dd|AXM888|X|X|0|0|6||||132|5|132|5|[]|636148140497970000|13:40:49:797
21|2.1|636147897462393992|7500dd|49252.96875|12.5013041384763|100.384161382776||||49252.96875|332|35575||||7500dd|AXM888|X|X|0|0|6||||132|83|132|83|[]|636148140529690000|13:40:52:969
21|2.1|636147897471444897|7500dd|49253.8984375|12.5033211596537|100.383968263727||||49253.8828125|331.5|35500||||7500dd|AXM888|X|X||0|6||||132|5|132|5|[]|636148140538980000|13:40:53:898
21|2.1|636147897505608313|7500dd|49257.3046875|12.5107240565282|100.383260160548||||49257.296875|329.25|35300||||7500dd|AXM888|X|X|0|0|6||||132|83|132|83|[]|636148140573050000|13:40:57:305
21|2.1|636147897515909343|7500dd|49258.34375|12.5129771120987|100.383067041499||||49258.3359375|328.75|35250||||7500dd|AXM888|X|X||0|6||||132|5|132|5|[]|636148140583440000|13:40:58:344
21|2.1|636147897550692821|7500dd|49261.8046875|12.5205087550058|100.38235893832||||49261.796875|326.75|35000||||7500dd|AXM888|X|X|0|0|6||||132|83|132|83|[]|636148140618050000|13:41:01:805
21|2.1|636147897564114163|7500dd|49263.171875|12.5234913714277|100.382079988582||||49263.171875|326|34950||||7500dd|AXM888|X|X|0|0|6||||132|5|132|5|[]|636148140631720000|13:41:03:172
21|2.1|636147897594997251|7500dd|49266.2421875|12.5301432497787|100.381457716092||||49266.234375|324.25|34700||||7500dd|AXM888|X|X|0|0|6||||132|83|132|83|[]|636148140662420000|13:41:06:242
21|2.1|636147897604828234|7500dd|49267.234375|12.5323319323329|100.381264597043||||49267.234375|323.5|34650||||7500dd|AXM888|X|X||0|6||||132|5|132|5|[]|636148140672340000|13:41:07:234
21|2.1|636147897635881339|7500dd|49270.328125|12.5390267260281|100.380642324552||||49270.3203125|321.75|34500||||7500dd|AXM888|X|X|0|0|6||||132|83|132|83|[]|636148140703280000|13:41:10:328
21|2.1|636147897650852836|7500dd|49271.8359375|12.5423312075315|100.380341917142||||49271.8359375|321|34375||||7500dd|AXM888|X|X|0|0|6||||132|5|132|5|[]|636148140718360000|13:41:11:836
21|2.1|636147897684396190|7500dd|49275.171875|12.5496053583734|100.379676729307||||49275.1640625|319|34175||||7500dd|AXM888|X|X|0|0|6||||132|83|132|83|[]|636148140751720000|13:41:15:172
21|2.1|636147897695317282|7500dd|49276.2890625|12.5520086176486|100.379483610258||||49276.2734375|318.5|34075||||7500dd|AXM888|X|X|0|0|6||||132|5|132|5|[]|636148140762890000|13:41:16:289
21|2.1|636147897725110261|7500dd|49279.25|12.5585102922949|100.378861337767||||49279.2421875|316.75|33925||||7500dd|AXM888|X|X|0|0|6||||132|83|132|83|[]|636148140792500000|13:41:19:250
21|2.1|636147897735251275|7500dd|49280.2890625|12.5607633478654|100.378668218719||||49280.2734375|316|33875||||7500dd|AXM888|X|X|0|0|6||||132|5|132|5|[]|636148140802890000|13:41:20:289
21|2.1|636147897769264676|7500dd|49283.6640625|12.5681233293957|100.377981573211||||49283.65625|314.25|33650||||7500dd|AXM888|X|X|0|0|6||||132|83|132|83|[]|636148140836640000|13:41:23:664
21|2.1|636147897780025752|7500dd|49284.765625|12.5705051309988|100.37776699649||||49284.7578125|313.5|33550||||7500dd|AXM888|X|X|0|0|6||||132|5|132|5|[]|636148140847660000|13:41:24:766
21|2.1|636147897811688918|7500dd|49287.9140625|12.5773930437429|100.377123266327||||49287.8984375|311.75|33375||||7500dd|AXM888|X|X|0|0|6||||132|83|132|83|[]|636148140879140000|13:41:27:914
21|2.1|636147897821989948|7500dd|49288.953125|12.5796675569855|100.376908689606||||49288.953125|311.25|33325||||7500dd|AXM888|X|X|0|0|6||||132|5|132|5|[]|636148140889530000|13:41:28:953
21|2.1|636147897852873036|7500dd|49292.03125|12.5863838083528|100.376307874788||||49292.0234375|309.5|33125||||7500dd|AXM888|X|X|0|0|6||||132|83|132|83|[]|636148140920310000|13:41:32:031
21|2.1|636147897863644113|7500dd|49293.1171875|12.5887226946117|100.376071840394||||49293.109375|309|33100||||7500dd|AXM888|X|X|0|0|6||||132|5|132|5|[]|636148140931170000|13:41:33:117
21|2.1|636147897895307279|7500dd|49296.2578125|12.5955891496837|100.375471025576||||49296.25|307.5|32925||||7500dd|AXM888|X|X|0|0|6||||132|83|132|83|[]|636148140962580000|13:41:36:258
21|2.1|636147897905138262|7500dd|49297.265625|12.59779928991|100.375256448855||||49297.265625|307|32875||||7500dd|AXM888|X|X|0|0|6||||132|5|132|5|[]|636148140972660000|13:41:37:266
21|2.1|636147897936971445|7500dd|49300.4375|12.6047086603262|100.374655634036||||49300.4375|305.5|32725||||7500dd|AXM888|X|X|0|0|6||||132|83|132|83|[]|636148141004380000|13:41:40:438
21|2.1|636147897947732521|7500dd|49301.5390625|12.6070904619293|100.374419599643||||49301.5234375|304.75|32650||||7500dd|AXM888|X|X|0|0|6||||132|5|132|5|[]|636148141015390000|13:41:41:539
21|2.1|636147897979555703|7500dd|49304.6875|12.6139569170013|100.373797327152||||49304.6875|303.5|32475||||7500dd|AXM888|X|X|0|0|6||||132|83|132|83|[]|636148141046880000|13:41:44:688
21|2.1|636147897988286576|7500dd|49305.5859375|12.6158881074903|100.373647123447||||49305.578125|303|32425||||7500dd|AXM888|X|X|0|0|6||||132|5|132|5|[]|636148141055860000|13:41:45:586
21|2.1|636147898029630710|7500dd|49309.7265625|12.6248788721002|100.372831731907||||49309.71875|301.25|32225||||7500dd|AXM888|X|X|0|0|6||||132|5|132|5|[]|636148141097270000|13:41:49:727
21|2.1|636147898029790726|7500dd|49309.71875|12.6248788721002|100.372831731907||||49309.71875|301.25|32225||||7500dd|AXM888|X|X|0|0|6||||132|83|132|83|[]|636148141097190000|13:41:49:719
21|2.1|636147898072074954|7500dd|49313.96875|12.6340412980869|100.371951967351||||49313.9609375|299.25|32025||||7500dd|AXM888|X|X|0|0|6||||132|5|132|5|[]|636148141139690000|13:41:53:969
21|2.1|636147898072224969|7500dd|49313.96875|12.6340412980869|100.371951967351||||49313.9609375|299.25|32025||||7500dd|AXM888|X|X|0|0|6||||132|83|132|83|[]|636148141139690000|13:41:53:969
21|2.1|636147898115439290|7500dd|49318.3046875|12.6434397584667|100.371093660467||||49318.3046875|297.5|31850||||7500dd|AXM888|X|X|0|0|6||||132|5|132|5|[]|636148141183050000|13:41:58:305
21|2.1|636147898115749321|7500dd|49318.3125|12.6434397584667|100.371093660467||||49318.3046875|297.5|31850||||7500dd|AXM888|X|X|0|0|6||||132|83|132|83|[]|636148141183130000|13:41:58:313
21|2.1|636147898157553501|7500dd|49322.515625|12.6524519807487|100.370235353583||||49322.5|295.75|31625||||7500dd|AXM888|X|X|0|0|6||||132|5|132|5|[]|636148141225160000|13:42:02:516
21|2.1|636147898157713517|7500dd|49322.5078125|12.6524519807487|100.370235353583||||49322.5|295.75|31625||||7500dd|AXM888|X|X|0|0|6||||132|83|132|83|[]|636148141225080000|13:42:02:508
21|2.1|636147898200147760|7500dd|49326.7734375|12.6616144067354|100.369441419716||||49326.765625|293.75|31425||||7500dd|AXM888|X|X|0|0|6||||132|5|132|5|[]|636148141267730000|13:42:06:773
21|2.1|636147898200297775|7500dd|49326.7734375|12.6616144067354|100.369441419716||||49326.765625|293.75|31425||||7500dd|AXM888|X|X|0|0|6||||132|83|132|83|[]|636148141267730000|13:42:06:773
21|2.1|636147898241181863|7500dd|49330.875|12.6703905946243|100.368626028176||||49330.8671875|292|31225||||7500dd|AXM888|X|X|0|0|6||||132|5|132|5|[]|636148141308750000|13:42:10:875
21|2.1|636147898247102455|7500dd|49331.453125|12.6716565972782|100.368497282143||||49331.4453125|291.75|31225||||7500dd|AXM888|X|X|0|0|6||||132|83|132|83|[]|636148141314530000|13:42:11:453
21|2.1|636147898281425887|7500dd|49334.8984375|12.6789951211364|100.367832094308||||49334.890625|290.25|31050||||7500dd|AXM888|X|X|0|0|6||||132|5|132|5|[]|636148141348980000|13:42:14:898
21|2.1|636147898291876932|7500dd|49335.9296875|12.6812052613627|100.367617517587||||49335.921875|289.75|31000||||7500dd|AXM888|X|X|0|0|6||||132|83|132|83|[]|636148141359300000|13:42:15:930
21|2.1|636147898324950239|7500dd|49339.2421875|12.6882862931557|100.366973787424||||49339.2421875|288.5|30875||||7500dd|AXM888|X|X|0|0|6||||132|5|132|5|[]|636148141392420000|13:42:19:242
21|2.1|636147898335561300|7500dd|49340.2890625|12.6905178910541|100.366802126047||||49340.28125|288|30800||||7500dd|AXM888|X|X|0|0|6||||132|83|132|83|[]|636148141402890000|13:42:20:289
21|2.1|636147898366444388|7500dd|49343.3984375|12.6971697694051|100.366179853556||||49343.390625|286.5|30650||||7500dd|AXM888|X|X|0|0|6||||132|5|132|5|[]|636148141433980000|13:42:23:398
21|2.1|636147898377835527|7500dd|49344.5234375|12.699508655664|100.365986734507||||49344.515625|286.25|30600||||7500dd|AXM888|X|X|0|0|6||||132|83|132|83|[]|636148141445230000|13:42:24:523
21|2.1|636147898407628506|7500dd|49347.5234375|12.7059244996219|100.365364462017||||49347.5234375|284.75|30425||||7500dd|AXM888|X|X|0|0|6||||132|5|132|5|[]|636148141475230000|13:42:27:523
21|2.1|636147898417929536|7500dd|49348.53125|12.7080702668319|100.365171342968||||49348.5234375|284.5|30400||||7500dd|AXM888|X|X|0|0|6||||132|83|132|83|[]|636148141485310000|13:42:28:531
21|2.1|636147898448662609|7500dd|49351.6171875|12.7145719414782|100.364591985821||||49351.6015625|283|30275||||7500dd|AXM888|X|X||0|6||||132|5|132|5|[]|636148141516170000|13:42:31:617
21|2.1|636147898458173560|7500dd|49352.5546875|12.7165889626556|100.3643774091||||49352.546875|282.75|30225||||7500dd|AXM888|X|X|0|0|6||||132|83|132|83|[]|636148141525550000|13:42:32:555
21|2.1|636147898492967039|7500dd|49356.0546875|12.7239918595301|100.363712221265||||49356.046875|281|30050||||7500dd|AXM888|X|X|0|0|6||||132|5|132|5|[]|636148141560550000|13:42:36:055
21|2.1|636147898508258568|7500dd|49357.5625|12.727189052673|100.363433271528||||49357.5546875|280.5|30000||||7500dd|AXM888|X|X|0|0|6||||132|83|132|83|[]|636148141575630000|13:42:37:563
21|2.1|636147898536651407|7500dd|49360.4296875|12.7332401162052|100.362853914381||||49360.421875|279.25|29875||||7500dd|AXM888|X|X|0|0|6||||132|5|132|5|[]|636148141604300000|13:42:40:430
21|2.1|636147898552412983|7500dd|49361.96875|12.7365016823644|100.362574964644||||49361.9609375|278.5|29775||||7500dd|AXM888|X|X|0|0|6||||132|83|132|83|[]|636148141619690000|13:42:41:969
21|2.1|636147898577365478|7500dd|49364.4921875|12.7418446427173|100.362102895857||||49364.4921875|277.25|29625||||7500dd|AXM888|X|X|0|0|6||||132|5|132|5|[]|636148141644920000|13:42:44:492
21|2.1|636147898593277069|7500dd|49366.0625|12.7451276665486|100.361802488448||||49366.0546875|276.75|29600||||7500dd|AXM888|X|X|0|0|6||||132|83|132|83|[]|636148141660630000|13:42:46:063
21|2.1|636147898619019643|7500dd|49368.6640625|12.7505993729341|100.361287504318||||49368.6640625|275.5|29425||||7500dd|AXM888|X|X||0|6||||132|5|132|5|[]|636148141686640000|13:42:48:664
21|2.1|636147898637271468|7500dd|49370.4609375|12.7543973808958|100.360965639236||||49370.453125|274.75|29350||||7500dd|AXM888|X|X|0|0|6||||132|83|132|83|[]|636148141704610000|13:42:50:461
21|2.1|636147898663164057|7500dd|49373.078125|12.7598905449534|100.36049357045||||49373.0703125|273.75|29250||||7500dd|AXM888|X|X||0|6||||132|5|132|5|[]|636148141730780000|13:42:53:078
21|2.1|636147898677675508|7500dd|49374.5|12.7628731613753|100.36019316304||||49374.4921875|273.25|29175||||7500dd|AXM888|X|X|0|0|6||||132|83|132|83|[]|636148141745000000|13:42:54:500
21|2.1|636147898704038144|7500dd|49377.1640625|12.7684521561213|100.35967817891||||49377.15625|272|29075||||7500dd|AXM888|X|X||0|6||||132|5|132|5|[]|636148141771640000|13:42:57:164
21|2.1|636147898719649705|7500dd|49378.703125|12.7716493492642|100.359399229173||||49378.6953125|271.25|28975||||7500dd|AXM888|X|X|0|0|6||||132|83|132|83|[]|636148141787030000|13:42:58:703
21|2.1|636147898746162356|7500dd|49381.375|12.7772498016823|100.358905702714||||49381.3671875|270.25|28850||||7500dd|AXM888|X|X||0|6||||132|5|132|5|[]|636148141813750000|13:43:01:375
21|2.1|636147898759743714|7500dd|49382.7109375|12.7800392990553|100.358648210649||||49382.7109375|269.5|28800||||7500dd|AXM888|X|X|0|0|6||||132|83|132|83|[]|636148141827110000|13:43:02:711
21|2.1|636147898789536693|7500dd|49385.703125|12.7862620239643|100.358090311175||||49385.6953125|268.25|28650||||7500dd|AXM888|X|X||0|6||||132|5|132|5|[]|636148141857030000|13:43:05:703
21|2.1|636147898804818221|7500dd|49387.2109375|12.789416301763|100.357789903765||||49387.203125|267.75|28625||||7500dd|AXM888|X|X|0|0|6||||132|83|132|83|[]|636148141872110000|13:43:07:211
21|2.1|636147898834461185|7500dd|49390.203125|12.7956819420162|100.357210546619||||49390.203125|266.25|28450||||7500dd|AXM888|X|X|0|0|6||||132|5|132|5|[]|636148141902030000|13:43:10:203
21|2.1|636147898884076146|7500dd|49395.1640625|12.8059816246242|100.356266409046||||49395.1640625|264.25|28225||||7500dd|AXM888|X|X|0|0|6||||132|5|132|5|[]|636148141951640000|13:43:15:164
21|2.1|636147898904978236|7500dd|49397.234375|12.8102517013721|100.355923086293||||49397.2265625|263.5|28175||||7500dd|AXM888|X|X||0|6||||132|83|132|83|[]|636148141972340000|13:43:17:234
21|2.1|636147898925570295|7500dd|49399.3203125|12.81452177812|100.355536848195||||49399.3046875|262.5|28050||||7500dd|AXM888|X|X|0|0|6||||132|5|132|5|[]|636148141993200000|13:43:19:320
21|2.1|636147898954893227|7500dd|49402.21875|12.8205728416522|100.354957491048||||49402.21875|261.5|27900||||7500dd|AXM888|X|X|0|0|6||||132|83|132|83|[]|636148142022190000|13:43:22:219
21|2.1|636147898968154553|7500dd|49403.578125|12.8233623390252|100.354699998983||||49403.5625|260.75|27825||||7500dd|AXM888|X|X||0|6||||132|5|132|5|[]|636148142035780000|13:43:23:578
21|2.1|636147898995617299|7500dd|49406.2890625|12.8289627914433|100.354185014852||||49406.2890625|259.75|27725||||7500dd|AXM888|X|X|0|0|6||||132|83|132|83|[]|636148142062890000|13:43:26:289
21|2.1|636147899009028640|7500dd|49407.65625|12.8317522888163|100.353948980459||||49407.6484375|259|27625||||7500dd|AXM888|X|X||0|6||||132|5|132|5|[]|636148142076560000|13:43:27:656
21|2.1|636147899038831620|7500dd|49410.609375|12.8378462676927|100.353391080985||||49410.6015625|258|27525||||7500dd|AXM888|X|X|0|0|6||||132|83|132|83|[]|636148142106090000|13:43:30:609
21|2.1|636147899053023039|7500dd|49412.0625|12.8408288841146|100.353112131247||||49412.0625|257.25|27475||||7500dd|AXM888|X|X|0|0|6||||132|5|132|5|[]|636148142120630000|13:43:32:063
21|2.1|636147899078925629|7500dd|49414.6328125|12.8460860137791|100.352618604789||||49414.625|256.25|27350||||7500dd|AXM888|X|X||0|6||||132|83|132|83|[]|636148142146330000|13:43:34:633
21|2.1|636147899095457282|7500dd|49416.3046875|12.8495406989872|100.352339655052||||49416.3046875|255.5|27300||||7500dd|AXM888|X|X||0|6||||132|5|132|5|[]|636148142163050000|13:43:36:305
21|2.1|636147899122609997|7500dd|49419|12.8550124053727|100.351824670921||||49418.9921875|254.5|27175||||7500dd|AXM888|X|X|0|0|6||||132|83|132|83|[]|636148142190000000|13:43:39:000
21|2.1|636147899136651401|7500dd|49420.4296875|12.8579306487783|100.351588636528||||49420.421875|253.75|27100||||7500dd|AXM888|X|X||0|6||||132|5|132|5|[]|636148142204300000|13:43:40:430
21|2.1|636147899168314567|7500dd|49423.5625|12.8643464927362|100.351009279382||||49423.5546875|252.5|26950||||7500dd|AXM888|X|X||0|6||||132|83|132|83|[]|636148142235630000|13:43:43:563
21|2.1|636147899179075643|7500dd|49424.65625|12.8665995483067|100.350773244989||||49424.65625|252|26875||||7500dd|AXM888|X|X||0|6||||132|5|132|5|[]|636148142246560000|13:43:44:656
21|2.1|636147899211218857|7500dd|49427.8515625|12.8730797652809|100.35017243017||||49427.84375|250.75|26750||||7500dd|AXM888|X|X||0|6||||132|83|132|83|[]|636148142278520000|13:43:47:852
21|2.1|636147899220889824|7500dd|49428.84375|12.8750967864583|100.350022226465||||49428.8359375|250.25|26700||||7500dd|AXM888|X|X||0|6||||132|5|132|5|[]|636148142288440000|13:43:48:844
21|2.1|636147899258013536|7500dd|49432.5390625|12.8826069716933|100.349314123286||||49432.5390625|248.75|26525||||7500dd|AXM888|X|X|0|0|6||||132|83|132|83|[]|636148142325390000|13:43:52:539
21|2.1|636147899263334068|7500dd|49433.09375|12.8837656859867|100.349206834925||||49433.0859375|248.5|26525||||7500dd|AXM888|X|X||0|6||||132|5|132|5|[]|636148142330940000|13:43:53:094
21|2.1|636147899298577592|7500dd|49436.59375|12.8908467177797|100.348563104762||||49436.578125|247|26325||||7500dd|AXM888|X|X|0|0|6||||132|83|132|83|[]|636148142365940000|13:43:56:594
21|2.1|636147899313709105|7500dd|49438.125|12.8939366225621|100.348305612697||||49438.1171875|246.25|26250||||7500dd|AXM888|X|X||0|6||||132|5|132|5|[]|636148142381250000|13:43:58:125
21|2.1|636147899342571991|7500dd|49440.9921875|12.8997301940291|100.347747713222||||49440.984375|245.25|26175||||7500dd|AXM888|X|X|0|0|6||||132|83|132|83|[]|636148142409920000|13:44:00:992
21|2.1|636147899356153349|7500dd|49442.3671875|12.9025196914021|100.347511678829||||49442.359375|244.75|26125||||7500dd|AXM888|X|X|0|0|6||||132|5|132|5|[]|636148142423670000|13:44:02:367
21|2.1|636147899399667700|7500dd|49446.71875|12.9113173369631|100.34669628729||||49446.703125|243.25|25925||||7500dd|AXM888|X|X|0|0|6||||132|5|132|5|[]|636148142467190000|13:44:06:719
21|2.1|636147899399827716|7500dd|49446.7109375|12.9113173369631|100.34669628729||||49446.703125|243.25|25950||||7500dd|AXM888|X|X||0|6||||132|83|132|83|[]|636148142467110000|13:44:06:711
21|2.1|636147899441631896|7500dd|49450.9140625|12.9197287444263|100.345902353422||||49450.90625|242|25800||||7500dd|AXM888|X|X|0|0|6||||132|5|132|5|[]|636148142509140000|13:44:10:914
21|2.1|636147899441791912|7500dd|49450.9140625|12.9197287444263|100.345902353422||||49450.90625|242|25800||||7500dd|AXM888|X|X|0|0|6||||132|83|132|83|[]|636148142509140000|13:44:10:914
21|2.1|636147899484226155|7500dd|49455.1796875|12.92824744025|100.345151334898||||49455.1640625|240.75|25675||||7500dd|AXM888|X|X|0|0|6||||132|5|132|5|[]|636148142551800000|13:44:15:180
21|2.1|636147899484386171|7500dd|49455.171875|12.92824744025|100.345151334898||||49455.1640625|240.75|25675||||7500dd|AXM888|X|X|0|0|6||||132|83|132|83|[]|636148142551720000|13:44:15:172
21|2.1|636147899525250257|7500dd|49459.2734375|12.9364442709922|100.344378858703||||49459.265625|239.75|25550||||7500dd|AXM888|X|X|0|0|6||||132|5|132|5|[]|636148142592730000|13:44:19:273
21|2.1|636147899525410273|7500dd|49459.2734375|12.9364442709922|100.344378858703||||49459.2734375|239.75|25550||||7500dd|AXM888|X|X|0|0|6||||132|83|132|83|[]|636148142592730000|13:44:19:273
21|2.1|636147899570334765|7500dd|49463.7890625|12.9453921202579|100.343584924835||||49463.78125|238.5|25425||||7500dd|AXM888|X|X|0|0|6||||132|5|132|5|[]|636148142637890000|13:44:23:789
21|2.1|636147899570654797|7500dd|49463.8046875|12.9453921202579|100.343584924835||||49463.78125|238.5|25425||||7500dd|AXM888|X|X|0|0|6||||132|83|132|83|[]|636148142638050000|13:44:23:805
21|2.1|636147899614329164|7500dd|49468.1875|12.9540824774584|100.342769533295||||49468.1796875|237.5|25300||||7500dd|AXM888|X|X|0|0|6||||132|5|132|5|[]|636148142681880000|13:44:28:188
21|2.1|636147899640231754|7500dd|49470.75|12.959146488074|100.342297464509||||49470.7421875|237|25250||||7500dd|AXM888|X|X||0|6||||132|83|132|83|[]|636148142707500000|13:44:30:750
21|2.1|636147899656153346|7500dd|49472.375|12.962365138889|100.342018514772||||49472.375|236.5|25200||||7500dd|AXM888|X|X|0|0|6||||132|5|132|5|[]|636148142723750000|13:44:32:375
21|2.1|636147899680325763|7500dd|49474.765625|12.9670214537347|100.34158936133||||49474.7578125|236|25150||||7500dd|AXM888|X|X||0|6||||132|83|132|83|[]|636148142747660000|13:44:34:766
21|2.1|636147899697017432|7500dd|49476.453125|12.9703259352381|100.341310411592||||49476.4453125|235.5|25075||||7500dd|AXM888|X|X|0|0|6||||132|5|132|5|[]|636148142764530000|13:44:36:453
21|2.1|636147899721829913|7500dd|49478.921875|12.9751753691327|100.340838342806||||49478.9140625|234.75|25000||||7500dd|AXM888|X|X|0|0|6||||132|83|132|83|[]|636148142789220000|13:44:38:922
21|2.1|636147899741951925|7500dd|49480.953125|12.979102123127|100.340495020053||||49480.9453125|234.25|24950||||7500dd|AXM888|X|X|0|0|6||||132|5|132|5|[]|636148142809530000|13:44:40:953
21|2.1|636147899772524982|7500dd|49483.9921875|12.9850458982987|100.33995857825||||49483.9921875|233.5|24875||||7500dd|AXM888|X|X|0|0|6||||132|83|132|83|[]|636148142839920000|13:44:43:992
21|2.1|636147899786876417|7500dd|49485.4375|12.9878353956717|100.339679628513||||49485.4296875|233.25|24850||||7500dd|AXM888|X|X|0|0|6||||132|5|132|5|[]|636148142854380000|13:44:45:438
21|2.1|636147899815419271|7500dd|49488.2734375|12.9933285597293|100.339186102055||||49488.265625|232.5|24775||||7500dd|AXM888|X|X|0|0|6||||132|83|132|83|[]|636148142882730000|13:44:48:273
21|2.1|636147899831180847|7500dd|49489.875|12.9964613798559|100.338907152317||||49489.8671875|232.25|24725||||7500dd|AXM888|X|X|0|0|6||||132|5|132|5|[]|636148142898750000|13:44:49:875
21|2.1|636147899856303359|7500dd|49492.375|13.0013108137505|100.338456541203||||49492.359375|231.75|24675||||7500dd|AXM888|X|X|0|0|6||||132|83|132|83|[]|636148142923750000|13:44:52:375
21|2.1|636147899871744903|7500dd|49493.9296875|13.0043148878445|100.338177591466||||49493.921875|231.25|24625||||7500dd|AXM888|X|X|0|0|6||||132|5|132|5|[]|636148142939300000|13:44:53:930
21|2.1|636147899897637492|7500dd|49496.4921875|13.0093145254438|100.337748438024||||49496.484375|230.5|24525||||7500dd|AXM888|X|X|0|0|6||||132|83|132|83|[]|636148142964920000|13:44:56:492
21|2.1|636147899912769005|7500dd|49498.0390625|13.0122756841936|100.337469488287||||49498.0234375|230.25|24500||||7500dd|AXM888|X|X|0|0|6||||132|5|132|5|[]|636148142980390000|13:44:58:039
21|2.1|636147899947402468|7500dd|49501.484375|13.0189919355609|100.336825758124||||49501.4765625|229.5|24425||||7500dd|AXM888|X|X|0|0|6||||132|83|132|83|[]|636148143014840000|13:45:01:484
21|2.1|636147899955683296|7500dd|49502.3203125|13.0205583456242|100.336697012091||||49502.3046875|229.25|24400||||7500dd|AXM888|X|X|0|0|6||||132|5|132|5|[]|636148143023200000|13:45:02:320
21|2.1|636147899998417569|7500dd|49506.59375|13.0288624647269|100.335945993567||||49506.5859375|228.25|24300||||7500dd|AXM888|X|X|0|0|6||||132|5|132|5|[]|636148143065940000|13:45:06:594
21|2.1|636147899998587586|7500dd|49506.59375|13.0288624647269|100.335945993567||||49506.5859375|228.25|24300||||7500dd|AXM888|X|X||0|6||||132|83|132|83|[]|636148143065940000|13:45:06:594
21|2.1|636147900039451672|7500dd|49510.6953125|13.0368447187481|100.335194975044||||49510.6875|227.25|24175||||7500dd|AXM888|X|X|0|0|6||||132|5|132|5|[]|636148143106950000|13:45:10:695
21|2.1|636147900049592686|7500dd|49511.6953125|13.0387759092371|100.335044771339||||49511.6796875|227|24150||||7500dd|AXM888|X|X||0|6||||132|83|132|83|[]|636148143116950000|13:45:11:695
21|2.1|636147900083916118|7500dd|49515.1484375|13.0454921606044|100.334401041176||||49515.140625|226|24050||||7500dd|AXM888|X|X|0|0|6||||132|5|132|5|[]|636148143151480000|13:45:15:148
21|2.1|636147900127910517|7500dd|49519.546875|13.053989398756|100.333650022653||||49519.546875|224.5|23900||||7500dd|AXM888|X|X|0|0|6||||132|5|132|5|[]|636148143195470000|13:45:19:547
21|2.1|636147900128220548|7500dd|49519.5546875|13.053989398756|100.333650022653||||49519.546875|224.5|23925||||7500dd|AXM888|X|X||0|6||||132|83|132|83|[]|636148143195550000|13:45:19:555
21|2.1|636147900168154541|7500dd|49523.578125|13.0618214490725|100.332920461801||||49523.5625|222.5|23700||||7500dd|AXM888|X|X|0|0|6||||132|5|132|5|[]|636148143235780000|13:45:23:578
21|2.1|636147900189056631|7500dd|49525.6328125|13.0658125760831|100.33259859672||||49525.625|221.25|23550||||7500dd|AXM888|X|X||0|6||||132|83|132|83|[]|636148143256330000|13:45:25:633
21|2.1|636147900209648690|7500dd|49527.71875|13.06986807611|100.332212358622||||49527.703125|220|23425||||7500dd|AXM888|X|X|0|0|6||||132|5|132|5|[]|636148143277190000|13:45:27:719
21|2.1|636147900238821607|7500dd|49530.625|13.0755114438723|100.331697374492||||49530.6171875|218.25|23250||||7500dd|AXM888|X|X|0|0|6||||132|83|132|83|[]|636148143306250000|13:45:30:625
21|2.1|636147900252242949|7500dd|49531.9765625|13.0781507375406|100.331439882426||||49531.96875|217.25|23150||||7500dd|AXM888|X|X|0|0|6||||132|5|132|5|[]|636148143319770000|13:45:31:977
21|2.1|636147900279695694|7500dd|49534.703125|13.0835366132377|100.330989271312||||49534.6875|215|22925||||7500dd|AXM888|X|X||0|6||||132|83|132|83|[]|636148143347030000|13:45:34:703
21|2.1|636147900292957020|7500dd|49536.0546875|13.0861973645781|100.330710321575||||49536.046875|214|22875||||7500dd|AXM888|X|X||0|6||||132|5|132|5|[]|636148143360550000|13:45:36:055
21|2.1|636147900328680592|7500dd|49539.59375|13.0931925656827|100.330088049084||||49539.5859375|211.25|22500||||7500dd|AXM888|X|X|0|0|6||||132|83|132|83|[]|636148143395940000|13:45:39:594
21|2.1|636147900337111435|7500dd|49540.46875|13.0949306371228|100.329937845379||||49540.4609375|210.75|22425||||7500dd|AXM888|X|X|0|0|6||||132|5|132|5|[]|636148143404690000|13:45:40:469
21|2.1|636147900368934617|7500dd|49543.625|13.1012391927202|100.329358488233||||49543.6171875|208.5|22200||||7500dd|AXM888|X|X||0|6||||132|83|132|83|[]|636148143436250000|13:45:43:625
21|2.1|636147900379695693|7500dd|49544.71875|13.1033849599302|100.329186826856||||49544.703125|208|22150||||7500dd|AXM888|X|X|0|0|6||||132|5|132|5|[]|636148143447190000|13:45:44:719
21|2.1|636147900411838907|7500dd|49547.921875|13.1098008038881|100.328650385053||||49547.9140625|206.25|21975||||7500dd|AXM888|X|X|0|0|6||||132|83|132|83|[]|636148143479220000|13:45:47:922
21|2.1|636147900420879811|7500dd|49548.8359375|13.1116247060166|100.328478723677||||49548.828125|205.75|21925||||7500dd|AXM888|X|X||0|6||||132|5|132|5|[]|636148143488360000|13:45:48:836
21|2.1|636147900452242947|7500dd|49551.9609375|13.1179118039419|100.328071027907||||49551.9609375|204.5|21750||||7500dd|AXM888|X|X|0|0|6||||132|83|132|83|[]|636148143519610000|13:45:51:961
21|2.1|636147900463154038|7500dd|49553.0703125|13.1201004864961|100.32789936653||||49553.0546875|204|21750||||7500dd|AXM888|X|X||0|6||||132|5|132|5|[]|636148143530700000|13:45:53:070
21|2.1|636147900495147237|7500dd|49556.25|13.1264734151098|100.327577501448||||49556.25|203|21625||||7500dd|AXM888|X|X|0|0|6||||132|83|132|83|[]|636148143562500000|13:45:56:250
21|2.1|636147900504968219|7500dd|49557.25|13.1284260632709|100.327534586104||||49557.2421875|202.75|21575||||7500dd|AXM888|X|X|0|0|6||||132|5|132|5|[]|636148143572500000|13:45:57:250
21|2.1|636147900536951417|7500dd|49560.4296875|13.1347131611962|100.327298551711||||49560.421875|201.75|21450||||7500dd|AXM888|X|X||0|6||||132|83|132|83|[]|636148143604300000|13:46:00:430
21|2.1|636147900547402462|7500dd|49561.5|13.1368589284062|100.327234178695||||49561.4921875|201.5|21425||||7500dd|AXM888|X|X|0|0|6||||132|5|132|5|[]|636148143615000000|13:46:01:500
21|2.1|636147900577045426|7500dd|49564.4296875|13.1425881268569|100.327105432662||||49564.421875|200.75|21375||||7500dd|AXM888|X|X|0|0|6||||132|83|132|83|[]|636148143644300000|13:46:04:430
21|2.1|636147900592646986|7500dd|49566.015625|13.1456994893114|100.326998144302||||49566.015625|200.25|21300||||7500dd|AXM888|X|X|0|0|6||||132|5|132|5|[]|636148143660160000|13:46:06:016
21|2.1|636147900626650386|7500dd|49569.390625|13.152265536974|100.326869398269||||49569.3828125|199.5|21200||||7500dd|AXM888|X|X||0|6||||132|83|132|83|[]|636148143693910000|13:46:09:391
21|2.1|636147900635081229|7500dd|49570.2578125|13.1539392353978|100.326805025253||||49570.2421875|199.25|21200||||7500dd|AXM888|X|X|0|0|6||||132|5|132|5|[]|636148143702580000|13:46:10:258
21|2.1|636147900674395160|7500dd|49574.171875|13.1615352513212|100.326611906204||||49574.1640625|198.25|21100||||7500dd|AXM888|X|X|0|0|6||||132|83|132|83|[]|636148143741720000|13:46:14:172
21|2.1|636147900678445565|7500dd|49574.59375|13.162350642861|100.326633363876||||49574.59375|198.25|21075||||7500dd|AXM888|X|X|0|0|6||||132|5|132|5|[]|636148143745940000|13:46:14:594
21|2.1|636147900715579278|7500dd|49578.296875|13.169431674654|100.326483160171||||49578.2890625|197.25|20975||||7500dd|AXM888|X|X|0|0|6||||132|83|132|83|[]|636148143782970000|13:46:18:297
21|2.1|636147900720249745|7500dd|49578.7890625|13.1703543545543|100.326440244827||||49578.78125|197.25|20975||||7500dd|AXM888|X|X|0|0|6||||132|5|132|5|[]|636148143787890000|13:46:18:789
21|2.1|636147900763474067|7500dd|49583.109375|13.1785941006407|100.326247125778||||49583.1015625|196|20850||||7500dd|AXM888|X|X|0|0|6||||132|5|132|5|[]|636148143831090000|13:46:23:109
21|2.1|636147900768464566|7500dd|49583.5703125|13.1794953228689|100.326225668106||||49583.5703125|196|20825||||7500dd|AXM888|X|X|0|0|6||||132|83|132|83|[]|636148143835700000|13:46:23:570
21|2.1|636147900809188638|7500dd|49587.6796875|13.1872200848249|100.326032549057||||49587.671875|195|20725||||7500dd|AXM888|X|X|0|0|6||||132|5|132|5|[]|636148143876800000|13:46:27:680
21|2.1|636147900809488668|7500dd|49587.6796875|13.1872200848249|100.326032549057||||49587.671875|195|20725||||7500dd|AXM888|X|X||0|6||||132|83|132|83|[]|636148143876800000|13:46:27:680
21|2.1|636147900849422661|7500dd|49591.6953125|13.1947731854041|100.325903803025||||49591.6953125|193.75|20600||||7500dd|AXM888|X|X||0|6||||132|5|132|5|[]|636148143916950000|13:46:31:695
21|2.1|636147900849742693|7500dd|49591.703125|13.1947731854041|100.325903803025||||49591.6953125|193.75|20600||||7500dd|AXM888|X|X||0|6||||132|83|132|83|[]|636148143917030000|13:46:31:703
21|2.1|636147900892957014|7500dd|49596.0546875|13.20290564313|100.325710683976||||49596.046875|192.25|20450||||7500dd|AXM888|X|X||0|6||||132|5|132|5|[]|636148143960550000|13:46:36:055
21|2.1|636147900893267045|7500dd|49596.0546875|13.20290564313|100.325710683976||||49596.046875|192.25|20425||||7500dd|AXM888|X|X|0|0|6||||132|83|132|83|[]|636148143960550000|13:46:36:055
21|2.1|636147900934601178|7500dd|49600.203125|13.2106089474139|100.325539022599||||49600.1953125|190.75|20300||||7500dd|AXM888|X|X||0|6||||132|5|132|5|[]|636148144002030000|13:46:40:203
21|2.1|636147900934761194|7500dd|49600.203125|13.2106089474139|100.325539022599||||49600.1953125|190.75|20300||||7500dd|AXM888|X|X|0|0|6||||132|83|132|83|[]|636148144002030000|13:46:40:203
21|2.1|636147900975795297|7500dd|49604.3359375|13.2182693363536|100.325367361222||||49604.328125|189|20125||||7500dd|AXM888|X|X||0|6||||132|5|132|5|[]|636148144043360000|13:46:44:336
21|2.1|636147900976105328|7500dd|49604.3359375|13.2182693363536|100.325367361222||||49604.328125|189|20125||||7500dd|AXM888|X|X|0|0|6||||132|83|132|83|[]|636148144043360000|13:46:44:336
21|2.1|636147901016979415|7500dd|49608.421875|13.2258438946049|100.325217157517||||49608.4140625|187.25|19925||||7500dd|AXM888|X|X|0|0|6||||132|83|132|83|[]|636148144084220000|13:46:48:422
21|2.1|636147901020719789|7500dd|49608.828125|13.2266163708005|100.325217157517||||49608.8203125|187|19875||||7500dd|AXM888|X|X|0|0|6||||132|5|132|5|[]|636148144088280000|13:46:48:828
21|2.1|636147901065334250|7500dd|49613.2890625|13.2348561168869|100.325066953813||||49613.28125|185.75|19725||||7500dd|AXM888|X|X|0|0|6||||132|5|132|5|[]|636148144132890000|13:46:53:289
21|2.1|636147901065654282|7500dd|49613.296875|13.2348561168869|100.325066953813||||49613.28125|185.75|19725||||7500dd|AXM888|X|X|0|0|6||||132|83|132|83|[]|636148144132970000|13:46:53:297
21|2.1|636147901109968713|7500dd|49617.75|13.2430958629733|100.324873834764||||49617.7421875|185.25|19650||||7500dd|AXM888|X|X|0|0|6||||132|5|132|5|[]|636148144177500000|13:46:57:750
21|2.1|636147901110268743|7500dd|49617.75|13.2430958629733|100.324873834764||||49617.7421875|185.25|19650||||7500dd|AXM888|X|X|0|0|6||||132|83|132|83|[]|636148144177500000|13:46:57:750
21|2.1|636147901151002816|7500dd|49621.859375|13.2506275058804|100.324745088731||||49621.8515625|185|19600||||7500dd|AXM888|X|X|0|0|6||||132|5|132|5|[]|636148144218590000|13:47:01:859
21|2.1|636147901151292845|7500dd|49621.8671875|13.2506275058804|100.324745088731||||49621.859375|185|19600||||7500dd|AXM888|X|X|0|0|6||||132|83|132|83|[]|636148144218670000|13:47:01:867
21|2.1|636147901192016917|7500dd|49625.9609375|13.2581806064596|100.324594885027||||49625.9453125|184.5|19550||||7500dd|AXM888|X|X|0|0|6||||132|5|132|5|[]|636148144259610000|13:47:05:961
21|2.1|636147901192166932|7500dd|49625.953125|13.2581806064596|100.324594885027||||49625.9453125|184.5|19550||||7500dd|AXM888|X|X|0|0|6||||132|83|132|83|[]|636148144259530000|13:47:05:953
21|2.1|636147901235701285|7500dd|49630.3203125|13.2661843181529|100.324401765978||||49630.3046875|183.75|19475||||7500dd|AXM888|X|X|0|0|6||||132|5|132|5|[]|636148144303200000|13:47:10:320
21|2.1|636147901261753890|7500dd|49632.9140625|13.2710337520475|100.324315935289||||49632.9140625|183.5|19450||||7500dd|AXM888|X|X|0|0|6||||132|83|132|83|[]|636148144329140000|13:47:12:914
21|2.1|636147901277195434|7500dd|49634.46875|13.2738661647647|100.324208646929||||49634.4609375|183|19400||||7500dd|AXM888|X|X|0|0|6||||132|5|132|5|[]|636148144344690000|13:47:14:469
21|2.1|636147901323380052|7500dd|49639.09375|13.2824706912768|100.324058443224||||49639.09375|182.25|19325||||7500dd|AXM888|X|X|0|0|6||||132|5|132|5|[]|636148144390940000|13:47:19:094
21|2.1|636147901367984512|7500dd|49643.546875|13.2907104373632|100.323865324175||||49643.546875|181.25|19200||||7500dd|AXM888|X|X|0|0|6||||132|5|132|5|[]|636148144435470000|13:47:23:547
21|2.1|636147901411978911|7500dd|49647.9453125|13.2988643527612|100.323736578143||||49647.9453125|180.5|19150||||7500dd|AXM888|X|X|0|0|6||||132|5|132|5|[]|636148144479450000|13:47:27:945
21|2.1|636147901452232936|7500dd|49651.9765625|13.3063101649799|100.323586374438||||49651.96875|179.5|19050||||7500dd|AXM888|X|X|0|0|6||||132|5|132|5|[]|636148144519770000|13:47:31:977
21|2.1|636147901493727085|7500dd|49656.1171875|13.3139490962475|100.323393255389||||49656.109375|178.75|18950||||7500dd|AXM888|X|X|0|0|6||||132|5|132|5|[]|636148144561170000|13:47:36:117
21|2.1|636147901536321344|7500dd|49660.375|13.3218026042361|100.323221594012||||49660.3671875|178|18875||||7500dd|AXM888|X|X|0|0|6||||132|5|132|5|[]|636148144603750000|13:47:40:375
21|2.1|636147901577035415|7500dd|49664.4609375|13.3292484164548|100.323071390307||||49664.453125|177.25|18800||||7500dd|AXM888|X|X|0|0|6||||132|5|132|5|[]|636148144644610000|13:47:44:461
21|2.1|636147901621189830|7500dd|49668.8671875|13.3373165011644|100.322878271259||||49668.8671875|176.25|18675||||7500dd|AXM888|X|X|0|0|6||||132|5|132|5|[]|636148144688670000|13:47:48:867
21|2.1|636147901663624073|7500dd|49673.1171875|13.3450412631204|100.322706609882||||49673.1015625|175.5|18600||||7500dd|AXM888|X|X|0|0|6||||132|5|132|5|[]|636148144731170000|13:47:53:117
21|2.1|636147901704808191|7500dd|49677.234375|13.3525943636996|100.322513490833||||49677.2265625|174.75|18525||||7500dd|AXM888|X|X|0|0|6||||132|5|132|5|[]|636148144772340000|13:47:57:234
21|2.1|636147901747232433|7500dd|49681.46875|13.3602976679835|100.3223847448||||49681.4609375|174|18450||||7500dd|AXM888|X|X|0|0|6||||132|5|132|5|[]|636148144814690000|13:48:01:469
21|2.1|636147901788896599|7500dd|49685.6484375|13.3678936839069|100.322191625751||||49685.640625|173|18325||||7500dd|AXM888|X|X||0|6||||132|5|132|5|[]|636148144856480000|13:48:05:648
21|2.1|636147901831480857|7500dd|49689.8984375|13.3756184458629|100.322041422047||||49689.890625|172.25|18250||||7500dd|AXM888|X|X||0|6||||132|5|132|5|[]|636148144898980000|13:48:09:898
21|2.1|636147901876725381|7500dd|49694.4140625|13.3838152766051|100.321891218342||||49694.4140625|171.25|18150||||7500dd|AXM888|X|X||0|6||||132|5|132|5|[]|636148144944140000|13:48:14:414
21|2.1|636147901918999608|7500dd|49698.6484375|13.3914542078727|100.321698099293||||49698.6484375|170.5|18050||||7500dd|AXM888|X|X||0|6||||132|5|132|5|[]|636148144986480000|13:48:18:648
21|2.1|636147901962523960|7500dd|49703.0078125|13.3992862581892|100.32156935326||||49703|169.5|17950||||7500dd|AXM888|X|X|0|0|6||||132|5|132|5|[]|636148145030080000|13:48:23:008
21|2.1|636147902004338141|7500dd|49707.1875|13.4068179010963|100.321376234212||||49707.1796875|168.75|17875||||7500dd|AXM888|X|X|0|0|6||||132|5|132|5|[]|636148145071880000|13:48:27:188
21|2.1|636147902047552462|7500dd|49711.5078125|13.4145855783965|100.321226030507||||49711.5|168|17775||||7500dd|AXM888|X|X|0|0|6||||132|5|132|5|[]|636148145115080000|13:48:31:508
21|2.1|636147902093257032|7500dd|49716.078125|13.4228253244829|100.321075826802||||49716.0703125|167|17700||||7500dd|AXM888|X|X|0|0|6||||132|5|132|5|[]|636148145160780000|13:48:36:078
21|2.1|636147902133501056|7500dd|49720.109375|13.4300565599806|100.32094708077||||49720.09375|166.25|17600||||7500dd|AXM888|X|X|0|0|6||||132|5|132|5|[]|636148145201090000|13:48:40:109
21|2.1|636147902177035409|7500dd|49724.4609375|13.4378886102971|100.320753961721||||49724.4453125|165.25|17500||||7500dd|AXM888|X|X|0|0|6||||132|5|132|5|[]|636148145244610000|13:48:44:461
21|2.1|636147902218529558|7500dd|49728.609375|13.4452915071716|100.320603758016||||49728.6015625|164.25|17400||||7500dd|AXM888|X|X|0|0|6||||132|5|132|5|[]|636148145286090000|13:48:48:609
21|2.1|636147902259873692|7500dd|49732.734375|13.4526300310298|100.320475011983||||49732.7265625|163.5|17325||||7500dd|AXM888|X|X|0|0|6||||132|5|132|5|[]|636148145327340000|13:48:52:734
21|2.1|636147902300587763|7500dd|49736.8203125|13.4598612665275|100.320324808279||||49736.8125|162.75|17250||||7500dd|AXM888|X|X|0|0|6||||132|5|132|5|[]|636148145368200000|13:48:56:820
21|2.1|636147902345362240|7500dd|49741.2578125|13.4676289438277|100.320196062246||||49741.25|161.75|17150||||7500dd|AXM888|X|X|0|0|6||||132|5|132|5|[]|636148145412580000|13:49:01:258
21|2.1|636147902388886592|7500dd|49745.640625|13.475203502079|100.320024400869||||49745.625|161|17050||||7500dd|AXM888|X|X|0|0|6||||132|5|132|5|[]|636148145456410000|13:49:05:641
21|2.1|636147902429610664|7500dd|49749.7109375|13.4822201608557|100.319917112509||||49749.6953125|160.25|16975||||7500dd|AXM888|X|X|0|0|6||||132|5|132|5|[]|636148145497110000|13:49:09:711
21|2.1|636147902471264829|7500dd|49753.875|13.4893870233371|100.319766908804||||49753.8671875|159.5|16900||||7500dd|AXM888|X|X|0|0|6||||132|5|132|5|[]|636148145538750000|13:49:13:875
21|2.1|636147902515419244|7500dd|49758.2890625|13.4968972085721|100.319638162771||||49758.28125|158.75|16825||||7500dd|AXM888|X|X|0|0|6||||132|5|132|5|[]|636148145582890000|13:49:18:289
21|2.1|636147902556123314|7500dd|49762.3671875|13.5038065789883|100.319466501395||||49762.359375|158|16750||||7500dd|AXM888|X|X|0|0|6||||132|5|132|5|[]|636148145623670000|13:49:22:367
21|2.1|636147902598247526|7500dd|49766.578125|13.5108446954371|100.319337755362||||49766.578125|157.25|16650||||7500dd|AXM888|X|X|0|0|6||||132|5|132|5|[]|636148145665780000|13:49:26:578
21|2.1|636147902641611862|7500dd|49770.90625|13.5180759309348|100.319187551657||||49770.90625|156.5|16575||||7500dd|AXM888|X|X|0|0|6||||132|5|132|5|[]|636148145709060000|13:49:30:906
21|2.1|636147902686706371|7500dd|49775.4140625|13.5255646584977|100.318994432608||||49775.40625|155.5|16450||||7500dd|AXM888|X|X|0|0|6||||132|5|132|5|[]|636148145754140000|13:49:35:414
21|2.1|636147902736311331|7500dd|49780.375|13.5337400315678|100.318865686576||||49780.3671875|154.75|16400||||7500dd|AXM888|X|X|0|0|6||||132|5|132|5|[]|636148145803750000|13:49:40:375
21|2.1|636147902777655465|7500dd|49784.515625|13.5405206559514|100.318715482871||||49784.5078125|154|16300||||7500dd|AXM888|X|X|0|0|6||||132|5|132|5|[]|636148145845160000|13:49:44:516
21|2.1|636147902820239723|7500dd|49788.78125|13.5474300263676|100.318586736839||||49788.7734375|153.25|16225||||7500dd|AXM888|X|X|0|0|6||||132|5|132|5|[]|636148145887810000|13:49:48:781
21|2.1|636147902861113810|7500dd|49792.859375|13.5540175317023|100.318479448478||||49792.8515625|152.5|16125||||7500dd|AXM888|X|X|0|0|6||||132|5|132|5|[]|636148145928590000|13:49:52:859
21|2.1|636147902905268225|7500dd|49797.28125|13.5611200211674|100.318350702445||||49797.265625|151.75|16075||||7500dd|AXM888|X|X|0|0|6||||132|5|132|5|[]|636148145972810000|13:49:57:281
21|2.1|636147902947692467|7500dd|49801.515625|13.5679221032231|100.318179041069||||49801.5078125|151|15975||||7500dd|AXM888|X|X|0|0|6||||132|5|132|5|[]|636148146015160000|13:50:01:516
21|2.1|636147902988896587|7500dd|49805.640625|13.5744452355415|100.31809321038||||49805.6328125|150.25|15900||||7500dd|AXM888|X|X|0|0|6||||132|5|132|5|[]|636148146056410000|13:50:05:641
21|2.1|636147903031160813|7500dd|49809.8671875|13.5811400292367|100.317943006676||||49809.859375|149.5|15800||||7500dd|AXM888|X|X|0|0|6||||132|5|132|5|[]|636148146098670000|13:50:09:867
21|2.1|636147903072974994|7500dd|49814.046875|13.5877060768993|100.317814260643||||49814.046875|148.75|15750||||7500dd|AXM888|X|X||0|6||||132|5|132|5|[]|636148146140470000|13:50:14:047
21|2.1|636147903115409237|7500dd|49818.296875|13.5943794129224|100.317664056938||||49818.296875|148|15675||||7500dd|AXM888|X|X|0|0|6||||132|5|132|5|[]|636148146182970000|13:50:18:297
21|2.1|636147903160803776|7500dd|49822.828125|13.6013960716991|100.317492395561||||49822.8203125|147.25|15575||||7500dd|AXM888|X|X|0|0|6||||132|5|132|5|[]|636148146228280000|13:50:22:828
21|2.1|636147903203078003|7500dd|49827.0546875|13.6079406616896|100.317342191857||||49827.046875|146.5|15500||||7500dd|AXM888|X|X|0|0|6||||132|5|132|5|[]|636148146270550000|13:50:27:055
21|2.1|636147903246602355|7500dd|49831.40625|13.6146139977127|100.317213445824||||49831.3984375|145.75|15425||||7500dd|AXM888|X|X|0|0|6||||132|5|132|5|[]|636148146314060000|13:50:31:406
21|2.1|636147903288416536|7500dd|49835.5859375|13.6210083839985|100.317084699792||||49835.578125|145.25|15350||||7500dd|AXM888|X|X|0|0|6||||132|5|132|5|[]|636148146355860000|13:50:35:586
21|2.1|636147903331630857|7500dd|49839.90625|13.6275100586448|100.316934496087||||49839.90625|144.5|15275||||7500dd|AXM888|X|X|0|0|6||||132|5|132|5|[]|636148146399060000|13:50:39:906
21|2.1|636147903377345428|7500dd|49844.4765625|13.6344408867331|100.316827207726||||49844.4765625|143.75|15200||||7500dd|AXM888|X|X|0|0|6||||132|5|132|5|[]|636148146444770000|13:50:44:477
21|2.1|636147903417429436|7500dd|49848.5|13.6404919502653|100.316677004022||||49848.5|143|15100||||7500dd|AXM888|X|X|0|0|6||||132|5|132|5|[]|636148146485000000|13:50:48:500
21|2.1|636147903461113804|7500dd|49852.859375|13.6469936249116|100.316548257989||||49852.8515625|142.5|15050||||7500dd|AXM888|X|X|0|0|6||||132|5|132|5|[]|636148146528590000|13:50:52:859
21|2.1|636147903502607953|7500dd|49857.0078125|13.6531734344764|100.316483884973||||49857|141.75|14975||||7500dd|AXM888|X|X|0|0|6||||132|5|132|5|[]|636148146570080000|13:50:57:008
21|2.1|636147903543952087|7500dd|49861.140625|13.6593532440412|100.316977411431||||49861.1328125|141|14900||||7500dd|AXM888|X|X|0|0|6||||132|5|132|5|[]|636148146611410000|13:51:01:141
21|2.1|636147903584676159|7500dd|49865.21875|13.6652970192129|100.317921549003||||49865.2109375|140.25|14825||||7500dd|AXM888|X|X|0|0|6||||132|5|132|5|[]|636148146652190000|13:51:05:219
21|2.1|636147903629130604|7500dd|49869.65625|13.6716914054987|100.319573789755||||49869.65625|139.5|14725||||7500dd|AXM888|X|X|0|0|6||||132|5|132|5|[]|636148146696560000|13:51:09:656
21|2.1|636147903672814972|7500dd|49874.0390625|13.6777853843751|100.321848302998||||49874.03125|138.25|14600||||7500dd|AXM888|X|X|0|0|6||||132|5|132|5|[]|636148146740390000|13:51:14:039
21|2.1|636147903713529043|7500dd|49878.109375|13.6832785484327|100.324487596666||||49878.1015625|137.25|14525||||7500dd|AXM888|X|X|0|0|6||||132|5|132|5|[]|636148146781090000|13:51:18:109
21|2.1|636147903755343224|7500dd|49882.28125|13.6887717124903|100.327427297744||||49882.2734375|136|14375||||7500dd|AXM888|X|X|0|0|6||||132|5|132|5|[]|636148146822810000|13:51:22:281
21|2.1|636147903799337623|7500dd|49886.6875|13.6945438262852|100.330645948559||||49886.6796875|134.75|14225||||7500dd|AXM888|X|X|0|0|6||||132|5|132|5|[]|636148146866880000|13:51:26:688
21|2.1|636147903840201709|7500dd|49890.765625|13.699865328966|100.333692937997||||49890.765625|133.5|14100||||7500dd|AXM888|X|X|0|0|6||||132|5|132|5|[]|636148146907660000|13:51:30:766
21|2.1|636147903882335922|7500dd|49894.9921875|13.7052512046631|100.336847215796||||49894.9765625|132.25|13975||||7500dd|AXM888|X|X|0|0|6||||132|5|132|5|[]|636148146949920000|13:51:34:992
21|2.1|636147903925700258|7500dd|49899.3203125|13.7108945724254|100.340130239627||||49899.3046875|131|13850||||7500dd|AXM888|X|X|0|0|6||||132|5|132|5|[]|636148146993200000|13:51:39:320
21|2.1|636147903970624750|7500dd|49903.8203125|13.7166666862203|100.343542009491||||49903.8125|129.75|13700||||7500dd|AXM888|X|X|0|0|6||||132|5|132|5|[]|636148147038200000|13:51:43:820
21|2.1|636147904014929180|7500dd|49908.25|13.722395884671|100.346846490994||||49908.2421875|128.25|13550||||7500dd|AXM888|X|X|0|0|6||||132|5|132|5|[]|636148147082500000|13:51:48:250
21|2.1|636147904055963283|7500dd|49912.3359375|13.7276530143355|100.349979311121||||49912.3359375|127.25|13450||||7500dd|AXM888|X|X|0|0|6||||132|5|132|5|[]|636148147123360000|13:51:52:336
21|2.1|636147904099957682|7500dd|49916.7421875|13.7333178397699|100.353283792624||||49916.734375|126|13300||||7500dd|AXM888|X|X|0|0|6||||132|5|132|5|[]|636148147167420000|13:51:56:742
21|2.1|636147904141141800|7500dd|49920.8671875|13.7385964271065|100.356416612751||||49920.859375|124.75|13175||||7500dd|AXM888|X|X|0|0|6||||132|5|132|5|[]|636148147208670000|13:52:00:867
21|2.1|636147904184666152|7500dd|49925.21875|13.7441754218525|100.35967817891||||49925.2109375|123.5|13050||||7500dd|AXM888|X|X|0|0|6||||132|5|132|5|[]|636148147252190000|13:52:05:219
21|2.1|636147904226010286|7500dd|49929.3515625|13.7494754668612|100.362810999037||||49929.34375|122.25|12900||||7500dd|AXM888|X|X|0|0|6||||132|5|132|5|[]|636148147293520000|13:52:09:352
21|2.1|636147904267974482|7500dd|49933.5390625|13.7548828002304|100.365986734507||||49933.53125|121.25|12800||||7500dd|AXM888|X|X|0|0|6||||132|5|132|5|[]|636148147335390000|13:52:13:539
21|2.1|636147904309308615|7500dd|49937.6796875|13.7601828452391|100.36907663929||||49937.671875|120|12650||||7500dd|AXM888|X|X|0|0|6||||132|5|132|5|[]|636148147376800000|13:52:17:680
21|2.1|636147904352052889|7500dd|49941.9453125|13.7656330939525|100.372295290105||||49941.9453125|118.75|12550||||7500dd|AXM888|X|X|0|0|6||||132|5|132|5|[]|636148147419450000|13:52:21:945
21|2.1|636147904394027086|7500dd|49946.1484375|13.7710404273217|100.375428110231||||49946.1484375|117.5|12400||||7500dd|AXM888|X|X|0|0|6||||132|5|132|5|[]|636148147461480000|13:52:26:148
21|2.1|636147904439441627|7500dd|49950.6953125|13.7768554564608|100.378818422423||||49950.6875|116.25|12250||||7500dd|AXM888|X|X|0|0|6||||132|5|132|5|[]|636148147506950000|13:52:30:695
21|2.1|636147904482945977|7500dd|49955.046875|13.7823915358626|100.382079988582||||49955.0390625|115|12125||||7500dd|AXM888|X|X|0|0|6||||132|5|132|5|[]|636148147550470000|13:52:35:047
21|2.1|636147904526310313|7500dd|49959.375|13.7879276152644|100.385363012414||||49959.375|113.75|12000||||7500dd|AXM888|X|X||0|6||||132|5|132|5|[]|636148147593750000|13:52:39:375
21|2.1|636147904567504432|7500dd|49963.5|13.7931847449289|100.388431459524||||49963.4921875|112.75|11900||||7500dd|AXM888|X|X||0|6||||132|5|132|5|[]|636148147635000000|13:52:43:500
21|2.1|636147904610868768|7500dd|49967.8359375|13.7987422820028|100.391714483355||||49967.8359375|111.5|11775||||7500dd|AXM888|X|X|0|0|6||||132|5|132|5|[]|636148147678360000|13:52:47:836
21|2.1|636147904655643245|7500dd|49972.3125|13.8044071074372|100.395040422531||||49972.296875|110.25|11625||||7500dd|AXM888|X|X|0|0|6||||132|5|132|5|[]|636148147723130000|13:52:52:313
21|2.1|636147904696987379|7500dd|49976.4453125|13.8096213217575|100.398130327313||||49976.4375|109.5|11550||||7500dd|AXM888|X|X|0|0|6||||132|5|132|5|[]|636148147764450000|13:52:56:445
21|2.1|636147904740041684|7500dd|49980.75|13.8150286551267|100.401348978128||||49980.7421875|108.75|11450||||7500dd|AXM888|X|X|0|0|6||||132|5|132|5|[]|636148147807500000|13:53:00:750
21|2.1|636147904786536333|7500dd|49985.40625|13.8208436842658|100.404782205664||||49985.40625|108|11375||||7500dd|AXM888|X|X|0|0|6||||132|5|132|5|[]|636148147854060000|13:53:05:406
21|2.1|636147904827880467|7500dd|49989.5390625|13.8259720678977|100.407764822086||||49989.53125|107.25|11275||||7500dd|AXM888|X|X|0|0|6||||132|5|132|5|[]|636148147895390000|13:53:09:539
21|2.1|636147904868744553|7500dd|49993.6171875|13.8309931631691|100.410747438508||||49993.6171875|106.75|11225||||7500dd|AXM888|X|X|0|0|6||||132|5|132|5|[]|636148147936170000|13:53:13:617
21|2.1|636147904913208999|7500dd|49998.0703125|13.8364434118825|100.413923173979||||49998.0625|106|11150||||7500dd|AXM888|X|X|0|0|6||||132|5|132|5|[]|636148147980700000|13:53:18:070
21|2.1|636147904956893367|7500dd|50002.4375|13.8417219992191|100.417077451778||||50002.4296875|105.25|11075||||7500dd|AXM888|X|X|0|0|6||||132|5|132|5|[]|636148148024380000|13:53:22:438
21|2.1|636147904997617439|7500dd|50006.5078125|13.8466143484579|100.419974237511||||50006.5|104.75|11000||||7500dd|AXM888|X|X|0|0|6||||132|5|132|5|[]|636148148065080000|13:53:26:508
21|2.1|636147905039261603|7500dd|50010.6796875|13.8516139860572|100.422956853933||||50010.671875|104|10925||||7500dd|AXM888|X|X|0|0|6||||132|5|132|5|[]|636148148106800000|13:53:30:680
21|2.1|636147905083416018|7500dd|50015.0859375|13.8568711157217|100.426025301043||||50015.0859375|103.25|10850||||7500dd|AXM888|X|X|0|0|6||||132|5|132|5|[]|636148148150860000|13:53:35:086
21|2.1|636147905124290105|7500dd|50019.171875|13.8616776342721|100.42885771376||||50019.1640625|102.5|10775||||7500dd|AXM888|X|X|0|0|6||||132|5|132|5|[]|636148148191720000|13:53:39:172
21|2.1|636147905166404316|7500dd|50023.390625|13.8666558141993|100.431754499494||||50023.375|102|10700||||7500dd|AXM888|X|X|0|0|6||||132|5|132|5|[]|636148148233910000|13:53:43:391
21|2.1|636147905209778653|7500dd|50027.71875|13.8716769094707|100.434737115916||||50027.7109375|101.25|10625||||7500dd|AXM888|X|X|0|0|6||||132|5|132|5|[]|636148148277190000|13:53:47:719
21|2.1|636147905254703145|7500dd|50032.21875|13.8768696661189|100.437762647682||||50032.2109375|100.25|10525||||7500dd|AXM888|X|X|0|0|6||||132|5|132|5|[]|636148148322190000|13:53:52:219
21|2.1|636147905299017576|7500dd|50036.6484375|13.8818693037182|100.440745264104||||50036.640625|99.5|10450||||7500dd|AXM888|X|X|0|0|6||||132|5|132|5|[]|636148148366480000|13:53:56:648
21|2.1|636147905339891663|7500dd|50040.7421875|13.8864397878755|100.443448930788||||50040.734375|98.75|10350||||7500dd|AXM888|X|X|0|0|6||||132|5|132|5|[]|636148148407420000|13:54:00:742
21|2.1|636147905383886062|7500dd|50045.140625|13.8913321371143|100.446302801178||||50045.140625|98|10275||||7500dd|AXM888|X|X|0|0|6||||132|5|132|5|[]|636148148451410000|13:54:05:141
21|2.1|636147905425220195|7500dd|50049.265625|13.8958382482553|100.448942094846||||50049.2578125|97|10200||||7500dd|AXM888|X|X||0|6||||132|5|132|5|[]|636148148492660000|13:54:09:266
21|2.1|636147905468754548|7500dd|50053.6171875|13.9005374784452|100.451710134547||||50053.609375|96|10075||||7500dd|AXM888|X|X||0|6||||132|5|132|5|[]|636148148536170000|13:54:13:617
21|2.1|636147905510088681|7500dd|50057.75|13.9049577588978|100.454349428215||||50057.7421875|94.75|9925||||7500dd|AXM888|X|X|0|0|6||||132|5|132|5|[]|636148148577500000|13:54:17:750
21|2.1|636147905556883360|7500dd|50062.4375|13.9100217695134|100.457332044637||||50062.4375|93.5|9825||||7500dd|AXM888|X|X||0|6||||132|5|132|5|[]|636148148624380000|13:54:22:438
21|2.1|636147905599167588|7500dd|50066.671875|13.9145493383265|100.460035711322||||50066.6640625|92.25|9650||||7500dd|AXM888|X|X||0|6||||132|5|132|5|[]|636148148666720000|13:54:26:672
21|2.1|636147905640971768|7500dd|50070.8515625|13.9189910764512|100.462632089646||||50070.8515625|91|9525||||7500dd|AXM888|X|X||0|6||||132|5|132|5|[]|636148148708520000|13:54:30:852
21|2.1|636147905683566027|7500dd|50075.109375|13.9234757299201|100.46533575633||||50075.1015625|89.75|9400||||7500dd|AXM888|X|X||0|6||||132|5|132|5|[]|636148148751090000|13:54:35:109
21|2.1|636147905728810551|7500dd|50079.6328125|13.9282393331263|100.468146711376||||50079.625|88.75|9300||||7500dd|AXM888|X|X||0|6||||132|5|132|5|[]|636148148796330000|13:54:39:633
21|2.1|636147905771084778|7500dd|50083.859375|13.9327025289231|100.4707430897||||50083.8515625|87.5|9150||||7500dd|AXM888|X|X||0|6||||132|5|132|5|[]|636148148838590000|13:54:43:859
21|2.1|636147905814609130|7500dd|50088.2109375|13.9372300977362|100.473446756384||||50088.203125|86.25|9050||||7500dd|AXM888|X|X|0|0|6||||132|5|132|5|[]|636148148882110000|13:54:48:211
21|2.1|636147905856423311|7500dd|50092.390625|13.9415645475004|100.476021677036||||50092.3828125|85|8925||||7500dd|AXM888|X|X|0|0|6||||132|5|132|5|[]|636148148923910000|13:54:52:391
21|2.1|636147905961413809|7500dd|50102.890625|13.9523577565667|100.482480436338||||50102.8828125|81.75|8575||||7500dd|AXM888|X|X||0|6||||132|5|132|5|[]|636148149028910000|13:55:02:891
21|2.1|636147906029110578|7500dd|50109.65625|13.959288584655|100.486643224726||||50109.65625|79.75|8375||||7500dd|AXM888|X|X|0|0|6||||132|5|132|5|[]|636148149096560000|13:55:09:656
21|2.1|636147906070614728|7500dd|50113.8125|13.9635372037308|100.489153772361||||50113.8046875|78.5|8200||||7500dd|AXM888|X|X|0|0|6||||132|5|132|5|[]|636148149138130000|13:55:13:813
21|2.1|636147906112118878|7500dd|50117.953125|13.9677643651345|100.491599946981||||50117.9375|77|8050||||7500dd|AXM888|X|X|0|0|6||||132|5|132|5|[]|636148149179530000|13:55:17:953
21|2.1|636147906152832949|7500dd|50122.03125|13.9719056958498|100.494067579272||||50122.015625|75.75|7925||||7500dd|AXM888|X|X|0|0|6||||132|5|132|5|[]|636148149220310000|13:55:22:031
21|2.1|636147906197287394|7500dd|50126.46875|13.9764332646629|100.496771245957||||50126.4609375|74.25|7750||||7500dd|AXM888|X|X|0|0|6||||132|5|132|5|[]|636148149264690000|13:55:26:469
21|2.1|636147906240971762|7500dd|50130.8359375|13.9808750027876|100.499367624281||||50130.8359375|72.75|7600||||7500dd|AXM888|X|X|0|0|6||||132|5|132|5|[]|636148149308360000|13:55:30:836
21|2.1|636147906281685833|7500dd|50134.90625|13.985037791175|100.501835256573||||50134.90625|71.25|7450||||7500dd|AXM888|X|X|0|0|6||||132|5|132|5|[]|636148149349060000|13:55:34:906
21|2.1|636147906323349999|7500dd|50139.078125|13.9893078679229|100.504345804208||||50139.078125|69.75|7300||||7500dd|AXM888|X|X|0|0|6||||132|5|132|5|[]|636148149390780000|13:55:39:078
21|2.1|636147906367514415|7500dd|50143.5|13.993835436736|100.506985097877||||50143.484375|68.5|7175||||7500dd|AXM888|X|X|0|0|6||||132|5|132|5|[]|636148149435000000|13:55:43:500
21|2.1|636147906408368500|7500dd|50147.578125|13.9979767674513|100.509431272496||||50147.5703125|67.25|7000||||7500dd|AXM888|X|X|0|0|6||||132|5|132|5|[]|636148149475780000|13:55:47:578
21|2.1|636147906474195082|7500dd|50154.15625|14.0046286458023|100.513379484162||||50154.1484375|65.5|6850||||7500dd|AXM888|X|X|0|0|6||||132|5|132|5|[]|636148149541560000|13:55:54:156
21|2.1|636147906533170979|7500dd|50160.0625|14.0105938786461|100.516898542387||||50160.0546875|64|6675||||7500dd|AXM888|X|X|0|0|6||||132|5|132|5|[]|636148149600630000|13:56:00:063
21|2.1|636147906583095971|7500dd|50165.046875|14.0155720585733|100.519881158809||||50165.046875|63|6550||||7500dd|AXM888|X|X|0|0|6||||132|5|132|5|[]|636148149650470000|13:56:05:047
21|2.1|636147906623970058|7500dd|50169.140625|14.0196919316165|100.522305875756||||50169.140625|62|6450||||7500dd|AXM888|X|X|0|0|6||||132|5|132|5|[]|636148149691410000|13:56:09:141
21|2.1|636147906668114472|7500dd|50173.546875|14.0241336697412|100.524945169424||||50173.5390625|61|6350||||7500dd|AXM888|X|X|0|0|6||||132|5|132|5|[]|636148149735470000|13:56:13:547
21|2.1|636147906709298590|7500dd|50177.671875|14.0282750004565|100.527369886372||||50177.6640625|60|6250||||7500dd|AXM888|X|X|0|0|6||||132|5|132|5|[]|636148149776720000|13:56:17:672
21|2.1|636147906752662926|7500dd|50182.0234375|14.0326523655649|100.529966264696||||50182.015625|59.25|6150||||7500dd|AXM888|X|X|0|0|6||||132|5|132|5|[]|636148149820230000|13:56:22:023
21|2.1|636147906794017061|7500dd|50186.1484375|14.0367936962802|100.532412439315||||50186.1484375|58.25|6050||||7500dd|AXM888|X|X||0|6||||132|5|132|5|[]|636148149861480000|13:56:26:148
21|2.1|636147906835981257|7500dd|50190.34375|14.0409779423397|100.534944444623||||50190.3359375|57.25|5950||||7500dd|AXM888|X|X|0|0|6||||132|5|132|5|[]|636148149903440000|13:56:30:344
21|2.1|636147906877315390|7500dd|50194.4765625|14.0451407307271|100.537412076914||||50194.4765625|56.5|5850||||7500dd|AXM888|X|X||0|6||||132|5|132|5|[]|636148149944770000|13:56:34:477
21|2.1|636147906920219680|7500dd|50198.7578125|14.0494537228192|100.53992262455||||50198.75|55.5|5750||||7500dd|AXM888|X|X||0|6||||132|5|132|5|[]|636148149987580000|13:56:38:758
21|2.1|636147906962183876|7500dd|50202.9609375|14.0536594265508|100.542433172186||||50202.953125|54.75|5675||||7500dd|AXM888|X|X|0|0|6||||132|5|132|5|[]|636148150029610000|13:56:42:961
21|2.1|636147907002587916|7500dd|50207|14.0577363842498|100.544836431461||||50206.9921875|53.75|5575||||7500dd|AXM888|X|X||0|6||||132|5|132|5|[]|636148150070000000|13:56:47:000
21|2.1|636147907046582315|7500dd|50211.3984375|14.0621781223745|100.547454267457||||50211.3984375|52.75|5475||||7500dd|AXM888|X|X||0|6||||132|5|132|5|[]|636148150113980000|13:56:51:398
21|2.1|636147907089166573|7500dd|50215.671875|14.0664481991224|100.550007730437||||50215.6640625|51.75|5350||||7500dd|AXM888|X|X||0|6||||132|5|132|5|[]|636148150156720000|13:56:55:672
21|2.1|636147907131290785|7500dd|50219.8671875|14.070653902854|100.552453905056||||50219.859375|51|5275||||7500dd|AXM888|X|X|0|0|6||||132|5|132|5|[]|636148150198670000|13:56:59:867
21|2.1|636147907174815137|7500dd|50224.21875|14.0750312679624|100.555071741053||||50224.2109375|50|5175||||7500dd|AXM888|X|X|0|0|6||||132|5|132|5|[]|636148150242190000|13:57:04:219
21|2.1|636147907218029458|7500dd|50228.546875|14.0793442600545|100.557625204033||||50228.5390625|49|5075||||7500dd|AXM888|X|X|0|0|6||||132|5|132|5|[]|636148150285470000|13:57:08:547
21|2.1|636147907260943749|7500dd|50232.84375|14.0836572521466|100.560135751668||||50232.8359375|48|4950||||7500dd|AXM888|X|X|0|0|6||||132|5|132|5|[]|636148150328440000|13:57:12:844
21|2.1|636147907303207975|7500dd|50237.0703125|14.0878629558782|100.562646299304||||50237.0625|47.25|4900||||7500dd|AXM888|X|X||0|6||||132|5|132|5|[]|636148150370700000|13:57:17:070
21|2.1|636147907344252079|7500dd|50241.171875|14.0919399135772|100.565049558579||||50241.15625|46.25|4775||||7500dd|AXM888|X|X|0|0|6||||132|5|132|5|[]|636148150411720000|13:57:21:172
21|2.1|636147907384346088|7500dd|50245.1796875|14.0959524982599|100.567431360182||||50245.171875|45.25|4675||||7500dd|AXM888|X|X|0|0|6||||132|5|132|5|[]|636148150451800000|13:57:25:180
21|2.1|636147907425990252|7500dd|50249.34375|14.1001152866473|100.56985607713||||50249.328125|44.5|4575||||7500dd|AXM888|X|X|0|0|6||||132|5|132|5|[]|636148150493440000|13:57:29:344
21|2.1|636147907467794432|7500dd|50253.53125|14.1042566173626|100.572366624765||||50253.5234375|43.5|4500||||7500dd|AXM888|X|X|0|0|6||||132|5|132|5|[]|636148150535310000|13:57:33:531
21|2.1|636147907509918644|7500dd|50257.7421875|14.108204829029|100.575199037482||||50257.734375|42.5|4375||||7500dd|AXM888|X|X|0|0|6||||132|5|132|5|[]|636148150577420000|13:57:37:742
21|2.1|636147907550632715|7500dd|50261.796875|14.1116595142371|100.578396230625||||50261.796875|41.5|4275||||7500dd|AXM888|X|X|0|0|6||||132|5|132|5|[]|636148150617970000|13:57:41:797
21|2.1|636147907590886740|7500dd|50265.828125|14.1146850460032|100.581958204194||||50265.828125|40.5|4175||||7500dd|AXM888|X|X|0|0|6||||132|5|132|5|[]|636148150658280000|13:57:45:828
21|2.1|636147907633631014|7500dd|50270.109375|14.1173887126878|100.586099534909||||50270.1015625|39.75|4100||||7500dd|AXM888|X|X|0|0|6||||132|5|132|5|[]|636148150701090000|13:57:50:109
21|2.1|636147907702747925|7500dd|50277.0078125|14.1202640407492|100.593523889456||||50277|38.25|3925||||7500dd|AXM888|X|X||0|6||||132|5|132|5|[]|636148150770080000|13:57:57:008
21|2.1|636147907743622012|7500dd|50281.109375|14.1210579746169|100.598158746629||||50281.1015625|37.5|3875||||7500dd|AXM888|X|X|0|0|6||||132|5|132|5|[]|636148150811090000|13:58:01:109
21|2.1|636147907792756925|7500dd|50286.0234375|14.1210150592727|100.603737741375||||50286.015625|36.25|3725||||7500dd|AXM888|X|X|0|0|6||||132|5|132|5|[]|636148150860230000|13:58:06:023
21|2.1|636147907836441293|7500dd|50290.390625|14.1201352947166|100.608630090614||||50290.390625|35.25|3625||||7500dd|AXM888|X|X|0|0|5||||132|5|132|5|[]|636148150903910000|13:58:10:391
21|2.1|636147907877155364|7500dd|50294.4609375|14.118719088358|100.612985998051||||50294.453125|34.25|3500||||7500dd|AXM888|X|X|0|0|5||||132|5|132|5|[]|636148150944610000|13:58:14:461
21|2.1|636147907972164864|7500dd|50303.9609375|14.1136979930866|100.622427373775||||50303.953125|32.25|3300||||7500dd|AXM888|X|X|0|0|6||||132|5|132|5|[]|636148151039610000|13:58:23:961
21|2.1|636147908251732818|7500dd|50331.9140625|14.0986776226166|100.648691564425||||50331.90625|29.25|2975||||7500dd|AXM888|X|X||0|6||||132|5|132|5|[]|636148151319140000|13:58:51:914
21|2.1|636147908296817326|7500dd|50336.4296875|14.0963816517019|100.652768522124||||50336.4296875|28.75|2925||||7500dd|AXM888|X|X|0|0|6||||132|5|132|5|[]|636148151364300000|13:58:56:430
21|2.1|636147908339251569|7500dd|50340.6640625|14.0942144268198|100.656545072414||||50340.65625|28.5|2875||||7500dd|AXM888|X|X|0|0|6||||132|5|132|5|[]|636148151406640000|13:59:00:664
21|2.1|636147908382775921|7500dd|50345.0234375|14.0920686596098|100.660385995719||||50345.0078125|28|2825||||7500dd|AXM888|X|X|0|0|6||||132|5|132|5|[]|636148151450230000|13:59:05:023
21|2.1|636147908424580101|7500dd|50349.203125|14.0900087230882|100.664033799976||||50349.1953125|27.75|2800||||7500dd|AXM888|X|X|0|0|6||||132|5|132|5|[]|636148151492030000|13:59:09:203
21|2.1|636147908467794422|7500dd|50353.5234375|14.0879273288945|100.667767434922||||50353.515625|27.25|2750||||7500dd|AXM888|X|X|0|0|6||||132|5|132|5|[]|636148151535230000|13:59:13:523
21|2.1|636147908513498992|7500dd|50358.09375|14.0857815616845|100.6716298159||||50358.0859375|27|2725||||7500dd|AXM888|X|X|0|0|6||||132|5|132|5|[]|636148151580940000|13:59:18:094
21|2.1|636147908553753017|7500dd|50362.109375|14.0838289135234|100.674955755075||||50362.109375|26.5|2675||||7500dd|AXM888|X|X|0|0|6||||132|5|132|5|[]|636148151621090000|13:59:22:109
21|2.1|636147908597117353|7500dd|50366.4609375|14.0813612812319|100.678195863562||||50366.4609375|26|2600||||7500dd|AXM888|X|X|0|0|6||||132|5|132|5|[]|636148151664610000|13:59:26:461
21|2.1|636147908644542095|7500dd|50371.203125|14.0780567997285|100.680942445591||||50371.1875|25.75|2575||||7500dd|AXM888|X|X||0|6||||132|5|132|5|[]|636148151712030000|13:59:31:203
21|2.1|636147908685266167|7500dd|50375.2734375|14.0748166912414|100.682508855655||||50375.265625|25.25|2525||||7500dd|AXM888|X|X||0|6||||132|5|132|5|[]|636148151752730000|13:59:35:273
21|2.1|636147908730350675|7500dd|50379.7734375|14.0710186832797|100.683388620211||||50379.765625|24.75|2475||||7500dd|AXM888|X|X|0|0|6||||132|5|132|5|[]|636148151797730000|13:59:39:773
21|2.1|636147908775125152|7500dd|50384.25|14.0671563023017|100.683624654604||||50384.25|24|2400||||7500dd|AXM888|X|X|0|0|6||||132|5|132|5|[]|636148151842500000|13:59:44:250
21|2.1|636147908819439583|7500dd|50388.6875|14.0634226673563|100.683302789522||||50388.6875|23.25|2325||||7500dd|AXM888|X|X|0|0|6||||132|5|132|5|[]|636148151886880000|13:59:48:688
21|2.1|636147908860153654|7500dd|50392.75|14.0599894398203|100.682680517031||||50392.7421875|22.75|2250||||7500dd|AXM888|X|X|0|0|6||||132|5|132|5|[]|636148151927500000|13:59:52:750
21|2.1|636147908901017740|7500dd|50396.8515625|14.0566420429727|100.681929498508||||50396.84375|22.5|2225||||7500dd|AXM888|X|X|0|0|6||||132|5|132|5|[]|636148151968520000|13:59:56:852
21|2.1|636147908943922030|7500dd|50401.1328125|14.0533375614693|100.68102827628||||50401.125|22.75|2250||||7500dd|AXM888|X|X|0|0|6||||132|5|132|5|[]|636148152011330000|14:00:01:133
21|2.1|636147908992126850|7500dd|50405.921875|14.0497970455728|100.679869561986||||50405.9140625|22.75|2250||||7500dd|AXM888|X|X|0|0|6||||132|5|132|5|[]|636148152059220000|14:00:05:922
21|2.1|636147909031900827|7500dd|50409.9296875|14.0469431751835|100.678753763037||||50409.9296875|22.25|2200||||7500dd|AXM888|X|X|0|0|6||||132|5|132|5|[]|636148152099300000|14:00:09:930
21|2.1|636147909072164853|7500dd|50413.9609375|14.0441536778105|100.677595048744||||50413.9609375|22|2175||||7500dd|AXM888|X|X|0|0|6||||132|5|132|5|[]|636148152139610000|14:00:13:961
21|2.1|636147909136281264|7500dd|50420.359375|14.0398836010626|100.675642400583||||50420.3515625|21.5|2125||||7500dd|AXM888|X|X|0|0|6||||132|5|132|5|[]|636148152203590000|14:00:20:359
21|2.1|636147909177145350|7500dd|50424.453125|14.0372228497222|100.674354940257||||50424.4453125|21.25|2100||||7500dd|AXM888|X|X|0|0|6||||132|5|132|5|[]|636148152244530000|14:00:24:453
21|2.1|636147909221299765|7500dd|50428.875|14.0344762676934|100.672895818554||||50428.8671875|20.75|2025||||7500dd|AXM888|X|X|0|0|6||||132|5|132|5|[]|636148152288750000|14:00:28:875
21|2.1|636147909262013836|7500dd|50432.9375|14.0319657200577|100.671565442884||||50432.9375|20.5|2025||||7500dd|AXM888|X|X|0|0|6||||132|5|132|5|[]|636148152329380000|14:00:32:938
21|2.1|636147909305858220|7500dd|50437.328125|14.0293478840615|100.670084863509||||50437.328125|20|1950||||7500dd|AXM888|X|X|0|0|6||||132|5|132|5|[]|636148152373280000|14:00:37:328
21|2.1|636147909351092743|7500dd|50441.8515625|14.0267085903932|100.668647199478||||50441.8359375|19.75|1925||||7500dd|AXM888|X|X|0|0|6||||132|5|132|5|[]|636148152418520000|14:00:41:852
21|2.1|636147909395097143|7500dd|50446.21875|14.0241980427575|100.667188077775||||50446.2109375|19.25|1875||||7500dd|AXM888|X|X|0|0|6||||132|5|132|5|[]|636148152462190000|14:00:46:219
21|2.1|636147909440331666|7500dd|50450.78125|14.0216231221055|100.665793329089||||50450.7734375|18.75|1825||||7500dd|AXM888|X|X|0|0|6||||132|5|132|5|[]|636148152507810000|14:00:50:781
21|2.1|636147909483225955|7500dd|50455.0703125|14.0191984051582|100.664462953418||||50455.0625|18.5|1775||||7500dd|AXM888|X|X|0|0|6||||132|5|132|5|[]|636148152550700000|14:00:55:070
21|2.1|636147909525050137|7500dd|50459.2421875|14.0168595188993|100.663175493092||||50459.234375|18.25|1750||||7500dd|AXM888|X|X|0|0|6||||132|5|132|5|[]|636148152592420000|14:00:59:242
21|2.1|636147909564974129|7500dd|50463.2421875|14.014649378673|100.661952405783||||50463.2421875|18|1725||||7500dd|AXM888|X|X|0|0|6||||132|5|132|5|[]|636148152632420000|14:01:03:242
21|2.1|636147909609128544|7500dd|50467.6640625|14.0122246617257|100.66060057244||||50467.6484375|18|1725||||7500dd|AXM888|X|X|0|0|6||||132|5|132|5|[]|636148152676640000|14:01:07:664
21|2.1|636147909652962927|7500dd|50472.03125|14.0097999447784|100.659248739098||||50472.0234375|18|1725||||7500dd|AXM888|X|X|0|0|6||||132|5|132|5|[]|636148152720310000|14:01:12:031
21|2.1|636147909694307061|7500dd|50476.171875|14.0075254315358|100.657918363428||||50476.1640625|18|1725||||7500dd|AXM888|X|X|0|0|6||||132|5|132|5|[]|636148152761720000|14:01:16:172
21|2.1|636147909738301460|7500dd|50480.5703125|14.0051007145885|100.656545072414||||50480.5625|18|1725||||7500dd|AXM888|X|X|0|0|6||||132|5|132|5|[]|636148152805700000|14:01:20:570
21|2.1|636147909781825812|7500dd|50484.921875|14.0026759976412|100.655171781399||||50484.9140625|17.75|1700||||7500dd|AXM888|X|X|0|0|6||||132|5|132|5|[]|636148152849220000|14:01:24:922
21|2.1|636147909823489978|7500dd|50489.09375|14.0003585690544|100.653905778745||||50489.0859375|17.5|1675||||7500dd|AXM888|X|X|0|0|6||||132|5|132|5|[]|636148152890940000|14:01:29:094
21|2.1|636147909867164345|7500dd|50493.453125|13.9978909367629|100.652489572387||||50493.4375|17|1625||||7500dd|AXM888|X|X|0|0|6||||132|5|132|5|[]|636148152934530000|14:01:33:453
21|2.1|636147909907258354|7500dd|50497.4609375|13.9957022542087|100.651287942749||||50497.453125|16.5|1575||||7500dd|AXM888|X|X|0|0|6||||132|5|132|5|[]|636148152974610000|14:01:37:461
21|2.1|636147909948752503|7500dd|50501.578125|13.9934706563103|100.650043397767||||50501.5703125|16.25|1525||||7500dd|AXM888|X|X|0|0|6||||132|5|132|5|[]|636148153015780000|14:01:41:578
21|2.1|636147909988536481|7500dd|50505.6015625|13.9912819737561|100.64884176813||||50505.59375|15.75|1475||||7500dd|AXM888|X|X|0|0|6||||132|5|132|5|[]|636148153056020000|14:01:45:602
21|2.1|636147910031120739|7500dd|50509.8515625|13.9889860028414|100.647532850132||||50509.84375|15.25|1425||||7500dd|AXM888|X|X|0|0|6||||132|5|132|5|[]|636148153098520000|14:01:49:852
21|2.1|636147910073244951|7500dd|50514.0703125|13.9866685742546|100.646223932133||||50514.0703125|14.75|1375||||7500dd|AXM888|X|X|0|0|6||||132|5|132|5|[]|636148153140700000|14:01:54:070
21|2.1|636147910114269053|7500dd|50518.1640625|13.9844369763562|100.644979387152||||50518.1484375|14.25|1325||||7500dd|AXM888|X|X|0|0|6||||132|5|132|5|[]|636148153181640000|14:01:58:164
21|2.1|636147910154523078|7500dd|50522.1953125|13.982248293802|100.643777757514||||50522.1796875|13.75|1275||||7500dd|AXM888|X|X|0|0|6||||132|5|132|5|[]|636148153221950000|14:02:02:195
21|2.1|636147910197737399|7500dd|50526.5078125|13.9798664921989|100.642447381844||||50526.5078125|13.25|1225||||7500dd|AXM888|X|X|0|0|6||||132|5|132|5|[]|636148153265080000|14:02:06:508
21|2.1|636147910239541579|7500dd|50530.703125|13.9776348943005|100.641159921518||||50530.6953125|12.75|1175||||7500dd|AXM888|X|X|0|0|6||||132|5|132|5|[]|636148153307030000|14:02:10:703
21|2.1|636147910281045729|7500dd|50534.8515625|13.97538183873|100.639936834208||||50534.84375|12.25|1125||||7500dd|AXM888|X|X|0|0|6||||132|5|132|5|[]|636148153348520000|14:02:14:852
21|2.1|636147910321759800|7500dd|50538.9140625|13.9731931561758|100.638692289226||||50538.8984375|12|1100||||7500dd|AXM888|X|X|0|0|6||||132|5|132|5|[]|636148153389140000|14:02:18:914
21|2.1|636147910365444168|7500dd|50543.28125|13.9708328122448|100.637361913556||||50543.2734375|11.5|1025||||7500dd|AXM888|X|X|0|0|6||||132|5|132|5|[]|636148153432810000|14:02:23:281
21|2.1|636147910410058629|7500dd|50547.75|13.9684080952975|100.63596716487||||50547.7421875|11|1000||||7500dd|AXM888|X|X|0|0|6||||132|5|132|5|[]|636148153477500000|14:02:27:750
21|2.1|636147910450462669|7500dd|50551.78125|13.9662194127433|100.634765535232||||50551.7734375|10.5|925||||7500dd|AXM888|X|X|0|0|6||||132|5|132|5|[]|636148153517810000|14:02:31:781
21|2.1|636147910491176740|7500dd|50555.859375|13.9640521878612|100.633563905594||||50555.859375|10.25|900||||7500dd|AXM888|X|X|0|0|6||||132|5|132|5|[]|636148153558590000|14:02:35:859
21|2.1|636147910535641186|7500dd|50560.3046875|13.9616274709139|100.632212072252||||50560.296875|9.75|850||||7500dd|AXM888|X|X|0|0|6||||132|5|132|5|[]|636148153603050000|14:02:40:305
21|2.1|636147910575735195|7500dd|50564.3125|13.9594817037039|100.631010442615||||50564.296875|9.25|800||||7500dd|AXM888|X|X|0|0|6||||132|5|132|5|[]|636148153643130000|14:02:44:313
21|2.1|636147910620509672|7500dd|50568.7890625|13.9570355290845|100.629658609272||||50568.78125|8.75|750||||7500dd|AXM888|X|X|0|0|6||||132|5|132|5|[]|636148153687890000|14:02:48:789
21|2.1|636147910662473868|7500dd|50572.984375|13.954782473514|100.628371148946||||50572.9765625|8.25|700||||7500dd|AXM888|X|X|0|0|6||||132|5|132|5|[]|636148153729840000|14:02:52:984
21|2.1|636147910704288049|7500dd|50577.140625|13.9525508756156|100.62708368862||||50577.1328125|7.75|650||||7500dd|AXM888|X|X|0|0|6||||132|5|132|5|[]|636148153771410000|14:02:57:141
21|2.1|636147910745472167|7500dd|50581.2890625|13.9502978200451|100.625860601311||||50581.2890625|7.25|575||||7500dd|AXM888|X|X|0|0|6||||132|5|132|5|[]|636148153812890000|14:03:01:289
21|2.1|636147910788056425|7500dd|50585.5546875|13.9480233068025|100.624551683312||||50585.546875|6.75|525||||7500dd|AXM888|X|X|0|0|6||||132|5|132|5|[]|636148153855550000|14:03:05:555
21|2.1|636147910838771496|7500dd|50590.625|13.9453196401179|100.623071103938||||50590.609375|6.25|475||||7500dd|AXM888|X|X|0|0|6||||132|5|132|5|[]|636148153906250000|14:03:10:625
21|2.1|636147910880265645|7500dd|50594.7734375|13.9431094998916|100.621783643612||||50594.765625|5.75|425||||7500dd|AXM888|X|X|0|0|6||||132|5|132|5|[]|636148153947730000|14:03:14:773
21|2.1|636147910931590777|7500dd|50599.890625|13.9403414601907|100.620260148892||||50599.8828125|5.25|375||||7500dd|AXM888|X|X|0|0|6||||132|5|132|5|[]|636148153998910000|14:03:19:891
21|2.1|636147910972614879|7500dd|50604|13.9381527776365|100.619015603911||||50604|4.75|325||||7500dd|AXM888|X|X|0|0|6||||132|5|132|5|[]|636148154040000000|14:03:24:000
21|2.1|636147911026750292|7500dd|50609.421875|13.9352345342309|100.617363363159||||50609.421875|4.25|275||||7500dd|AXM888|X|X|0|0|6||||132|5|132|5|[]|636148154094220000|14:03:29:422
21|2.1|636147911102577874|7500dd|50617|13.9311146611877|100.615067392244||||50616.9921875|3.5|175||||7500dd|AXM888|X|X||0|6||||132|5|132|5|[]|636148154170000000|14:03:37:000
21|2.1|636147911142661882|7500dd|50621|13.9289688939777|100.613887220279||||50620.9921875|3|125||||7500dd|AXM888|X|X||0|6||||132|5|132|5|[]|636148154210000000|14:03:41:000
21|2.1|636147911191176733|7500dd|50625.859375|13.9262866849652|100.61236372556||||50625.8515625|2.25|50||||7500dd|AXM888|X|X|0|0|6||||132|5|132|5|[]|636148154258590000|14:03:45:859
