21|2.1|636147902647072408|78083c|49771.4375|8.1355690883545|98.2460331040437||||49771.4296875|38.75|3975||||78083c|CSZ9038|X|X|0|0|7||||132|83|132|83|[]|636148145714380000|13:49:31:438
21|2.1|636147902689986699|78083c|49775.7265625|8.1401610301839|98.2450031357829||||49775.7109375|39.5|4050||||78083c|CSZ9038|X|X|0|0|7||||132|83|132|83|[]|636148145757270000|13:49:35:727
21|2.1|636147902733041004|78083c|49780.03125|8.1452894138158|98.2441019135547||||49780.03125|40.5|4150||||78083c|CSZ9038|X|X|0|0|7||||132|83|132|83|[]|636148145800310000|13:49:40:031
21|2.1|636147902847392438|78083c|49791.4609375|8.1593227313692|98.2449173050945||||49791.4609375|44.25|4525||||78083c|CSZ9038|X|X||0|7||||132|83|132|83|[]|636148145914610000|13:49:51:461
21|2.1|636147903006198317|78083c|49807.34375|8.1782054828172|98.2491659241703||||49807.34375|51.75|5275||||78083c|CSZ9038|X|X||0|7||||132|83|132|83|[]|636148146073440000|13:50:07:344
21|2.1|636147903046302327|78083c|49811.3515625|8.1834196971375|98.2504533844963||||49811.3515625|53.75|5500||||78083c|CSZ9038|X|X|0|0|7||||132|83|132|83|[]|636148146113520000|13:50:11:352
21|2.1|636147903095597256|78083c|49816.28125|8.1886553691299|98.2517623024944||||49816.28125|56.25|5775||||78083c|CSZ9038|X|X|0|0|7||||132|83|132|83|[]|636148146162810000|13:50:16:281
21|2.1|636147903145042200|78083c|49821.234375|8.1949210093831|98.2532857972135||||49821.234375|59|6025||||78083c|CSZ9038|X|X|0|0|7||||132|83|132|83|[]|636148146212340000|13:50:21:234
21|2.1|636147903337551449|78083c|49840.484375|8.2202839778053|98.254895122621||||49840.484375|69.5|7175||||78083c|CSZ9038|X|X||0|7||||132|83|132|83|[]|636148146404840000|13:50:40:484
21|2.1|636147903378115505|78083c|49844.5078125|8.2241892741275|98.2541011887533||||49844.5|71.75|7425||||78083c|CSZ9038|X|X|0|0|7||||132|83|132|83|[]|636148146445080000|13:50:44:508
21|2.1|636147903427420435|78083c|49849.4765625|8.2304978297249|98.2525991517063||||49849.46875|74|7675||||78083c|CSZ9038|X|X||0|7||||132|83|132|83|[]|636148146494770000|13:50:49:477
21|2.1|636147903475305223|78083c|49854.2578125|8.2365918086013|98.2510112839709||||49854.25|76.5|7950||||78083c|CSZ9038|X|X||0|7||||132|83|132|83|[]|636148146542580000|13:50:54:258
21|2.1|636147903520859778|78083c|49858.8046875|8.2421708033473|98.249530704596||||49858.8046875|78.75|8200||||78083c|CSZ9038|X|X|0|0|7||||132|83|132|83|[]|636148146588050000|13:50:58:805
21|2.1|636147903568134505|78083c|49863.546875|8.2482218668795|98.2478355485001||||49863.5390625|81.5|8475||||78083c|CSZ9038|X|X||0|7||||132|83|132|83|[]|636148146635470000|13:51:03:547
21|2.1|636147903616649356|78083c|49868.3984375|8.2530283854299|98.2465051728299||||49868.390625|84|8700||||78083c|CSZ9038|X|X||0|7||||132|83|132|83|[]|636148146683980000|13:51:08:398
21|2.1|636147903665324223|78083c|49873.2578125|8.2593369410273|98.2447241860456||||49873.25|86.5|9000||||78083c|CSZ9038|X|X|0|0|7||||132|83|132|83|[]|636148146732580000|13:51:13:258
21|2.1|636147903718059496|78083c|49878.5390625|8.2659029886899|98.2429217415892||||49878.53125|89.25|9275||||78083c|CSZ9038|X|X|0|0|7||||132|83|132|83|[]|636148146785390000|13:51:18:539
21|2.1|636147903760013691|78083c|49882.7265625|8.271288864387|98.2414626198864||||49882.71875|91.25|9500||||78083c|CSZ9038|X|X|0|0|7||||132|83|132|83|[]|636148146827270000|13:51:22:727
21|2.1|636147903803398029|78083c|49887.0625|8.2769536898214|98.2399820405115||||49887.0625|93.25|9750||||78083c|CSZ9038|X|X|0|0|7||||132|83|132|83|[]|636148146870630000|13:51:27:063
21|2.1|636147903845042193|78083c|49891.234375|8.280944816832|98.2389091569065||||49891.234375|95.25|9925||||78083c|CSZ9038|X|X|0|0|7||||132|83|132|83|[]|636148146912340000|13:51:31:234
21|2.1|636147903887326421|78083c|49895.46875|8.2866740152827|98.2374285775316||||49895.4609375|97.25|10125||||78083c|CSZ9038|X|X|0|0|7||||132|83|132|83|[]|636148146954690000|13:51:35:469
21|2.1|636147903929440632|78083c|49899.6640625|8.2921242639961|98.2359479981567||||49899.6640625|99.25|10350||||78083c|CSZ9038|X|X|0|0|7||||132|83|132|83|[]|636148146996640000|13:51:39:664
21|2.1|636147903978125500|78083c|49904.5234375|8.2983469889051|98.234295757405||||49904.5234375|101.75|10600||||78083c|CSZ9038|X|X|0|0|7||||132|83|132|83|[]|636148147045230000|13:51:44:523
21|2.1|636147904027250412|78083c|49909.4453125|8.3046340868304|98.2326435166533||||49909.4375|104|10850||||78083c|CSZ9038|X|X|0|0|7||||132|83|132|83|[]|636148147094450000|13:51:49:445
21|2.1|636147904072344921|78083c|49913.96875|8.3093762323645|98.2314204293436||||49913.9609375|106.25|11075||||78083c|CSZ9038|X|X|0|0|7||||132|83|132|83|[]|636148147139690000|13:51:53:969
21|2.1|636147904114469133|78083c|49918.1640625|8.3149337694384|98.2299398499687||||49918.1640625|108.25|11275||||78083c|CSZ9038|X|X|0|0|7||||132|83|132|83|[]|636148147181640000|13:51:58:164
21|2.1|636147904158923578|78083c|49922.6171875|8.320426933496|98.2285236436101||||49922.609375|110.5|11525||||78083c|CSZ9038|X|X|0|0|7||||132|83|132|83|[]|636148147226170000|13:52:02:617
21|2.1|636147904202607946|78083c|49926.9921875|8.3261990472909|98.2269572335468||||49926.9921875|112.5|11775||||78083c|CSZ9038|X|X|0|0|7||||132|83|132|83|[]|636148147269920000|13:52:06:992
21|2.1|636147904247532438|78083c|49931.484375|8.3322501108231|98.2253693658114||||49931.484375|114.25|11950||||78083c|CSZ9038|X|X|0|0|7||||132|83|132|83|[]|636148147314840000|13:52:11:484
21|2.1|636147904294957180|78083c|49936.21875|8.3383870050437|98.2237385827318||||49936.2109375|116.25|12175||||78083c|CSZ9038|X|X|0|0|7||||132|83|132|83|[]|636148147362190000|13:52:16:219
21|2.1|636147904343942078|78083c|49941.125|8.3437514230687|98.2223438340453||||49941.1171875|118.25|12375||||78083c|CSZ9038|X|X|0|0|7||||132|83|132|83|[]|636148147411250000|13:52:21:125
21|2.1|636147904384506134|78083c|49945.1875|8.3491158410937|98.2208847123425||||49945.1796875|119.75|12525||||78083c|CSZ9038|X|X||0|7||||132|83|132|83|[]|636148147451880000|13:52:25:188
21|2.1|636147904427720455|78083c|49949.5078125|8.3550596162654|98.2192539292629||||49949.5|121.5|12725||||78083c|CSZ9038|X|X||0|7||||132|83|132|83|[]|636148147495080000|13:52:29:508
21|2.1|636147904475305213|78083c|49954.2578125|8.3615183755675|98.2174514848065||||49954.25|123.25|12925||||78083c|CSZ9038|X|X||0|7||||132|83|132|83|[]|636148147542580000|13:52:34:258
21|2.1|636147904515859268|78083c|49958.3125|8.3669686242809|98.2159065324153||||49958.3125|124.75|13100||||78083c|CSZ9038|X|X|0|0|7||||132|83|132|83|[]|636148147583130000|13:52:38:313
21|2.1|636147904556423324|78083c|49962.375|8.3711314126683|98.2147049027777||||49962.3671875|126.25|13200||||78083c|CSZ9038|X|X|0|0|7||||132|83|132|83|[]|636148147623750000|13:52:42:375
21|2.1|636147904596987380|78083c|49966.421875|8.3766245767259|98.2131170350423||||49966.421875|128|13400||||78083c|CSZ9038|X|X||0|7||||132|83|132|83|[]|636148147664220000|13:52:46:422
21|2.1|636147904639421623|78083c|49970.671875|8.3823752328487|98.2114004212743||||49970.671875|129.75|13600||||78083c|CSZ9038|X|X|0|0|7||||132|83|132|83|[]|636148147706720000|13:52:50:672
21|2.1|636147904684196100|78083c|49975.1484375|8.3884262963809|98.2095765191458||||49975.140625|131.5|13800||||78083c|CSZ9038|X|X||0|7||||132|83|132|83|[]|636148147751480000|13:52:55:148
21|2.1|636147904724600140|78083c|49979.1953125|8.3939623757827|98.207902820722||||49979.1875|133.25|14000||||78083c|CSZ9038|X|X||0|7||||132|83|132|83|[]|636148147791950000|13:52:59:195
21|2.1|636147904765944274|78083c|49983.3125|8.3998846932823|98.2064651566913||||49983.3125|135|14200||||78083c|CSZ9038|X|X|0|0|7||||132|83|132|83|[]|636148147833130000|13:53:03:313
21|2.1|636147904809618641|78083c|49987.6875|8.4048199578653|98.2057355958399||||49987.6796875|137|14375||||78083c|CSZ9038|X|X|0|0|7||||132|83|132|83|[]|636148147876880000|13:53:07:688
21|2.1|636147904853613040|78083c|49992.0859375|8.4112358018232|98.2053708154142||||49992.078125|138.75|14550||||78083c|CSZ9038|X|X||0|7||||132|83|132|83|[]|636148147920860000|13:53:12:086
21|2.1|636147904895427221|78083c|49996.265625|8.4174585267322|98.205757053512||||49996.2578125|140.75|14775||||78083c|CSZ9038|X|X|0|0|7||||132|83|132|83|[]|636148147962660000|13:53:16:266
21|2.1|636147904937701448|78083c|50000.4921875|8.4235739632807|98.2067870217728||||50000.4921875|142.5|15000||||78083c|CSZ9038|X|X|0|0|7||||132|83|132|83|[]|636148148004920000|13:53:20:492
21|2.1|636147904981225800|78083c|50004.859375|8.4298181458618|98.2087825852781||||50004.8515625|144.25|15150||||78083c|CSZ9038|X|X|0|0|7||||132|83|132|83|[]|636148148048590000|13:53:24:859
21|2.1|636147905028340511|78083c|50009.5546875|8.4348392411332|98.2107996064555||||50009.546875|146.5|15350||||78083c|CSZ9038|X|X||0|7||||132|83|132|83|[]|636148148095550000|13:53:29:555
21|2.1|636147905074985175|78083c|50014.2265625|8.4408903046654|98.2134174424517||||50014.21875|148.5|15600||||78083c|CSZ9038|X|X||0|7||||132|83|132|83|[]|636148148142270000|13:53:34:227
21|2.1|636147905116639340|78083c|50018.3828125|8.4466624184603|98.2160138207758||||50018.3828125|149.75|15775||||78083c|CSZ9038|X|X||0|7||||132|83|132|83|[]|636148148183830000|13:53:38:383
21|2.1|636147905158453521|78083c|50022.5625|8.4524989052715|98.218631656772||||50022.5625|150.5|15850||||78083c|CSZ9038|X|X|0|0|7||||132|83|132|83|[]|636148148225630000|13:53:42:563
21|2.1|636147905205258201|78083c|50027.2578125|8.4591936989667|98.2217001038823||||50027.25|151.25|15950||||78083c|CSZ9038|X|X|0|0|7||||132|83|132|83|[]|636148148272580000|13:53:47:258
21|2.1|636147905251592834|78083c|50031.8828125|8.4657812043014|98.2246612626321||||50031.8828125|151.75|16000||||78083c|CSZ9038|X|X|0|0|7||||132|83|132|83|[]|636148148318830000|13:53:51:883
21|2.1|636147905298547529|78083c|50036.578125|8.471059791638|98.2270645219073||||50036.5703125|152.5|16075||||78083c|CSZ9038|X|X||0|7||||132|83|132|83|[]|636148148365780000|13:53:56:578
21|2.1|636147905357823456|78083c|50042.5078125|8.4797716065106|98.2310341912458||||50042.5|153.5|16175||||78083c|CSZ9038|X|X|0|0|7||||132|83|132|83|[]|636148148425080000|13:54:02:508
21|2.1|636147905405098183|78083c|50047.234375|8.4866166039105|98.2341670113724||||50047.2265625|154.75|16300||||78083c|CSZ9038|X|X|0|0|7||||132|83|132|83|[]|636148148472340000|13:54:07:234
21|2.1|636147905451432816|78083c|50051.8671875|8.493804924064|98.2374285775316||||50051.859375|156|16450||||78083c|CSZ9038|X|X|0|0|7||||132|83|132|83|[]|636148148518670000|13:54:11:867
21|2.1|636147905492616934|78083c|50055.984375|8.4998989029404|98.2402180749046||||50055.9765625|157.25|16575||||78083c|CSZ9038|X|X||0|7||||132|83|132|83|[]|636148148559840000|13:54:15:984
21|2.1|636147905534121084|78083c|50060.1328125|8.5048127098513|98.2424925881472||||50060.1328125|158.5|16675||||78083c|CSZ9038|X|X||0|7||||132|83|132|83|[]|636148148601330000|13:54:20:133
21|2.1|636147905592616933|78083c|50065.9921875|8.5135888977402|98.2465051728299||||50065.9921875|160.5|16900||||78083c|CSZ9038|X|X|0|0|7||||132|83|132|83|[]|636148148659920000|13:54:25:992
21|2.1|636147905636611332|78083c|50070.3828125|8.5203051491075|98.2495736199402||||50070.3828125|162.25|17125||||78083c|CSZ9038|X|X|0|0|7||||132|83|132|83|[]|636148148703830000|13:54:30:383
21|2.1|636147905680445715|78083c|50074.765625|8.5270428581469|98.2526420670505||||50074.7578125|164|17300||||78083c|CSZ9038|X|X|0|0|7||||132|83|132|83|[]|636148148747660000|13:54:34:766
21|2.1|636147905731930863|78083c|50079.9140625|8.5349607391518|98.2562684136354||||50079.90625|166|17500||||78083c|CSZ9038|X|X|0|0|7||||132|83|132|83|[]|636148148799140000|13:54:39:914
21|2.1|636147905782005870|78083c|50084.9296875|8.5410761757003|98.2591222840247||||50084.921875|167.75|17675||||78083c|CSZ9038|X|X|0|0|7||||132|83|132|83|[]|636148148849300000|13:54:44:930
21|2.1|636147905822409910|78083c|50088.953125|8.5472774429372|98.2619117813977||||50088.953125|169.25|17850||||78083c|CSZ9038|X|X|0|0|7||||132|83|132|83|[]|636148148889530000|13:54:48:953
21|2.1|636147905865774246|78083c|50093.3046875|8.5540580673208|98.2650231438522||||50093.296875|170.75|18025||||78083c|CSZ9038|X|X|0|0|7||||132|83|132|83|[]|636148148933050000|13:54:53:305
21|2.1|636147905910088677|78083c|50097.7265625|8.5608601493765|98.2681559639788||||50097.71875|172.25|18175||||78083c|CSZ9038|X|X|0|0|7||||132|83|132|83|[]|636148148977270000|13:54:57:727
21|2.1|636147905953453013|78083c|50102.0625|8.5676622314322|98.2712887841054||||50102.0625|173.75|18350||||78083c|CSZ9038|X|X|0|0|7||||132|83|132|83|[]|636148149020630000|13:55:02:063
21|2.1|636147905993547022|78083c|50106.078125|8.5724472923105|98.2734560089875||||50106.0703125|175|18450||||78083c|CSZ9038|X|X|0|0|7||||132|83|132|83|[]|636148149060780000|13:55:06:078
21|2.1|636147906037071374|78083c|50110.4296875|8.578991882301|98.2764815407536||||50110.421875|176.5|18600||||78083c|CSZ9038|X|X|0|0|7||||132|83|132|83|[]|636148149104300000|13:55:10:430
21|2.1|636147906078885555|78083c|50114.6171875|8.5852575225542|98.2793354111429||||50114.609375|178|18800||||78083c|CSZ9038|X|X|0|0|7||||132|83|132|83|[]|636148149146170000|13:55:14:617
21|2.1|636147906118979564|78083c|50118.625|8.5915446204795|98.2822321968764||||50118.6171875|179.5|18925||||78083c|CSZ9038|X|X|0|0|7||||132|83|132|83|[]|636148149186250000|13:55:18:625
21|2.1|636147906164684134|78083c|50123.1953125|8.5986685676167|98.2855152207077||||50123.1875|181.25|19125||||78083c|CSZ9038|X|X|0|0|7||||132|83|132|83|[]|636148149231950000|13:55:23:195
21|2.1|636147906208828548|78083c|50127.609375|8.605599395705|98.2886265831622||||50127.6015625|183|19350||||78083c|CSZ9038|X|X|0|0|7||||132|83|132|83|[]|636148149276090000|13:55:27:609
21|2.1|636147906250952760|78083c|50131.8203125|8.6106848639927|98.290944011749||||50131.8125|184.5|19475||||78083c|CSZ9038|X|X|0|0|7||||132|83|132|83|[]|636148149318200000|13:55:31:820
21|2.1|636147906295887253|78083c|50136.3203125|8.6178517264741|98.2942484932524||||50136.3125|186|19650||||78083c|CSZ9038|X|X|0|0|7||||132|83|132|83|[]|636148149363200000|13:55:36:320
21|2.1|636147906338791543|78083c|50140.609375|8.6244606894809|98.2972740250185||||50140.6015625|187.5|19825||||78083c|CSZ9038|X|X|0|0|7||||132|83|132|83|[]|636148149406090000|13:55:40:609
21|2.1|636147906386996363|78083c|50145.4296875|8.631992332388|98.3006857948824||||50145.421875|189|19975||||78083c|CSZ9038|X|X|0|0|7||||132|83|132|83|[]|636148149454300000|13:55:45:430
21|2.1|636147906433020965|78083c|50150.0234375|8.6392450255578|98.30403319173||||50150.015625|190.5|20150||||78083c|CSZ9038|X|X|0|0|7||||132|83|132|83|[]|636148149500230000|13:55:50:023
21|2.1|636147906477785441|78083c|50154.5|8.6449742240085|98.3066510277262||||50154.4921875|192|20250||||78083c|CSZ9038|X|X|0|0|7||||132|83|132|83|[]|636148149545000000|13:55:54:500
21|2.1|636147906518039466|78083c|50158.5234375|8.6513686102943|98.3095478134597||||50158.515625|193.25|20425||||78083c|CSZ9038|X|X|0|0|7||||132|83|132|83|[]|636148149585230000|13:55:58:523
21|2.1|636147906560163678|78083c|50162.734375|8.6576771658917|98.3124660568653||||50162.7265625|194.75|20600||||78083c|CSZ9038|X|X|0|0|7||||132|83|132|83|[]|636148149627340000|13:56:02:734
21|2.1|636147906603688030|78083c|50167.0859375|8.6646938246684|98.315620334664||||50167.078125|196|20725||||78083c|CSZ9038|X|X|0|0|7||||132|83|132|83|[]|636148149670860000|13:56:07:086
21|2.1|636147906652202881|78083c|50171.9453125|8.6722898405918|98.3191179352163||||50171.9375|197.5|20925||||78083c|CSZ9038|X|X|0|0|7||||132|83|132|83|[]|636148149719450000|13:56:11:945
21|2.1|636147906692606921|78083c|50175.984375|8.6787056845497|98.322057636294||||50175.9765625|198.5|21025||||78083c|CSZ9038|X|X|0|0|7||||132|83|132|83|[]|636148149759840000|13:56:15:984
21|2.1|636147906734261086|78083c|50180.1484375|8.6838984411979|98.324417980225||||50180.140625|199.75|21125||||78083c|CSZ9038|X|X|0|0|7||||132|83|132|83|[]|636148149801480000|13:56:20:148
21|2.1|636147906774825142|78083c|50184.203125|8.6903357428279|98.3273576813027||||50184.1953125|201|21250||||78083c|CSZ9038|X|X|0|0|7||||132|83|132|83|[]|636148149842030000|13:56:24:203
21|2.1|636147906815069166|78083c|50188.2265625|8.6967515867858|98.3302973823804||||50188.21875|202.25|21400||||78083c|CSZ9038|X|X|0|0|7||||132|83|132|83|[]|636148149882270000|13:56:28:227
21|2.1|636147906855793238|78083c|50192.296875|8.7035107534973|98.3333658294907||||50192.2890625|203.75|21575||||78083c|CSZ9038|X|X|0|0|7||||132|83|132|83|[]|636148149922970000|13:56:32:297
21|2.1|636147906896667325|78083c|50196.3984375|8.7096476477179|98.3361982422079||||50196.390625|205|21725||||78083c|CSZ9038|X|X|0|0|7||||132|83|132|83|[]|636148149963980000|13:56:36:398
21|2.1|636147906944562114|78083c|50201.1875|8.7157845419385|98.3389877395809||||50201.1796875|206.25|21875||||78083c|CSZ9038|X|X|0|0|7||||132|83|132|83|[]|636148150011880000|13:56:41:188
21|2.1|636147906984806138|78083c|50205.203125|8.7222218435685|98.3419274406586||||50205.1953125|207.25|21950||||78083c|CSZ9038|X|X|0|0|7||||132|83|132|83|[]|636148150052030000|13:56:45:203
21|2.1|636147907034421099|78083c|50210.1640625|8.730268470606|98.3456396179319||||50210.15625|208.5|22100||||78083c|CSZ9038|X|X||0|7||||132|83|132|83|[]|636148150101640000|13:56:50:164
21|2.1|636147907076845341|78083c|50214.40625|8.7370705526617|98.3487295227143||||50214.3984375|209.75|22225||||78083c|CSZ9038|X|X|0|0|7||||132|83|132|83|[]|636148150144060000|13:56:54:406
21|2.1|636147907120369693|78083c|50218.765625|8.7441944997989|98.3519910888735||||50218.7578125|211.25|22400||||78083c|CSZ9038|X|X||0|7||||132|83|132|83|[]|636148150187660000|13:56:58:766
21|2.1|636147907167954451|78083c|50223.5234375|8.751940719427|98.35553160477||||50223.515625|212.75|22550||||78083c|CSZ9038|X|X|0|0|7||||132|83|132|83|[]|636148150235230000|13:57:03:523
21|2.1|636147907208208476|78083c|50227.5390625|8.75687598401|98.3578061180126||||50227.53125|214|22650||||78083c|CSZ9038|X|X|0|0|7||||132|83|132|83|[]|636148150275390000|13:57:07:539
21|2.1|636147907251732828|78083c|50231.8984375|8.7639784734751|98.3610676841718||||50231.890625|215.25|22825||||78083c|CSZ9038|X|X|0|0|7||||132|83|132|83|[]|636148150318980000|13:57:11:898
21|2.1|636147907292136868|78083c|50235.9375|8.7704801481214|98.3640503005937||||50235.9296875|216.75|22950||||78083c|CSZ9038|X|X|0|0|7||||132|83|132|83|[]|636148150359380000|13:57:15:938
21|2.1|636147907334581112|78083c|50240.1875|8.7772393148329|98.3671402053761||||50240.1796875|218.25|23150||||78083c|CSZ9038|X|X|0|0|7||||132|83|132|83|[]|636148150401880000|13:57:20:188
21|2.1|636147907379805634|78083c|50244.7109375|8.7845778386911|98.3704661445516||||50244.6953125|220.25|23350||||78083c|CSZ9038|X|X|0|0|7||||132|83|132|83|[]|636148150447110000|13:57:24:711
21|2.1|636147907420839737|78083c|50248.8046875|8.7891483228484|98.3725689964174||||50248.796875|222|23525||||78083c|CSZ9038|X|X|0|0|7||||132|83|132|83|[]|636148150488050000|13:57:28:805
21|2.1|636147907465774230|78083c|50253.3046875|8.7964653890345|98.3758949355929||||50253.296875|223.5|23675||||78083c|CSZ9038|X|X|0|0|7||||132|83|132|83|[]|636148150533050000|13:57:33:305
21|2.1|636147907509138566|78083c|50257.640625|8.8031172673855|98.3789848403753||||50257.625|224.75|23850||||78083c|CSZ9038|X|X|0|0|7||||132|83|132|83|[]|636148150576410000|13:57:37:641
21|2.1|636147907550942746|78083c|50261.8203125|8.8098335187528|98.3820532874856||||50261.8046875|226|23975||||78083c|CSZ9038|X|X|0|0|7||||132|83|132|83|[]|636148150618200000|13:57:41:820
21|2.1|636147907594157067|78083c|50266.1484375|8.8168072621853|98.3852290229564||||50266.140625|226.75|24050||||78083c|CSZ9038|X|X|0|0|7||||132|83|132|83|[]|636148150661480000|13:57:46:148
21|2.1|636147907637371388|78083c|50270.46875|8.8238453786341|98.3884476737714||||50270.4609375|227.5|24150||||78083c|CSZ9038|X|X|0|0|7||||132|83|132|83|[]|636148150704690000|13:57:50:469
21|2.1|636147907679195570|78083c|50274.6484375|8.8287806432171|98.390722187014||||50274.640625|228.25|24225||||78083c|CSZ9038|X|X|0|0|7||||132|83|132|83|[]|636148150746480000|13:57:54:648
21|2.1|636147907722869937|78083c|50279.0078125|8.835840217338|98.393940837829||||50279|229|24300||||78083c|CSZ9038|X|X|0|0|7||||132|83|132|83|[]|636148150790080000|13:57:59:008
21|2.1|636147907762953945|78083c|50283.03125|8.8420414845749|98.3967732505462||||50283.015625|229.5|24375||||78083c|CSZ9038|X|X|0|0|7||||132|83|132|83|[]|636148150830310000|13:58:03:031
21|2.1|636147907804608110|78083c|50287.1796875|8.8488864819748|98.3999275283449||||50287.171875|230.25|24450||||78083c|CSZ9038|X|X|0|0|7||||132|83|132|83|[]|636148150871800000|13:58:07:180
21|2.1|636147907849702619|78083c|50291.6953125|8.8563752095377|98.4033607558809||||50291.6875|231|24525||||78083c|CSZ9038|X|X|0|0|7||||132|83|132|83|[]|636148150916950000|13:58:11:695
21|2.1|636147907894327081|78083c|50296.15625|8.8635849873633|98.4066652373843||||50296.1484375|232|24650||||78083c|CSZ9038|X|X|0|0|7||||132|83|132|83|[]|636148150961560000|13:58:16:156
21|2.1|636147907934721120|78083c|50300.1953125|8.8686275403068|98.4089826659711||||50300.1875|233|24725||||78083c|CSZ9038|X|X|0|0|7||||132|83|132|83|[]|636148151001950000|13:58:20:195
21|2.1|636147907977625410|78083c|50304.484375|8.8758373181324|98.4123086051466||||50304.4765625|234.25|24850||||78083c|CSZ9038|X|X|0|0|7||||132|83|132|83|[]|636148151044840000|13:58:24:484
21|2.1|636147908018959543|78083c|50308.6171875|8.8824462811392|98.4152912215685||||50308.609375|235.5|25000||||78083c|CSZ9038|X|X|0|0|7||||132|83|132|83|[]|636148151086170000|13:58:28:617
21|2.1|636147908060463693|78083c|50312.78125|8.8893127362112|98.4184669570393||||50312.765625|236.75|25125||||78083c|CSZ9038|X|X|0|0|7||||132|83|132|83|[]|636148151127810000|13:58:32:781
21|2.1|636147908104608107|78083c|50317.1796875|8.8965439717089|98.4217714385427||||50317.171875|238|25275||||78083c|CSZ9038|X|X|0|0|7||||132|83|132|83|[]|636148151171800000|13:58:37:180
21|2.1|636147908149382584|78083c|50321.65625|8.9025092045527|98.4244751052273||||50321.6484375|239|25375||||78083c|CSZ9038|X|X|0|0|7||||132|83|132|83|[]|636148151216560000|13:58:41:656
21|2.1|636147908192606906|78083c|50325.9765625|8.9091396252316|98.4275435523376||||50325.96875|239.75|25475||||78083c|CSZ9038|X|X|0|0|7||||132|83|132|83|[]|636148151259770000|13:58:45:977
21|2.1|636147908235351180|78083c|50330.2578125|8.9163708607293|98.430848033841||||50330.25|240.5|25550||||78083c|CSZ9038|X|X|0|0|7||||132|83|132|83|[]|636148151302580000|13:58:50:258
21|2.1|636147908279975642|78083c|50334.71875|8.9236450115712|98.4341954306886||||50334.7109375|241.25|25650||||78083c|CSZ9038|X|X|0|0|7||||132|83|132|83|[]|636148151347190000|13:58:54:719
21|2.1|636147908323329977|78083c|50339.0546875|8.9309620777573|98.4375428275362||||50339.046875|242|25700||||78083c|CSZ9038|X|X|0|0|7||||132|83|132|83|[]|636148151390550000|13:58:59:055
21|2.1|636147908364984142|78083c|50343.21875|8.9376997867967|98.4406112746465||||50343.2109375|242.75|25800||||78083c|CSZ9038|X|X|0|0|7||||132|83|132|83|[]|636148151432190000|13:59:03:219
21|2.1|636147908408198463|78083c|50347.546875|8.9434719005916|98.4432291106427||||50347.5390625|243.5|25875||||78083c|CSZ9038|X|X|0|0|7||||132|83|132|83|[]|636148151475470000|13:59:07:547
21|2.1|636147908449382581|78083c|50351.6640625|8.9505100170404|98.4464477614577||||50351.65625|244.25|25950||||78083c|CSZ9038|X|X|0|0|7||||132|83|132|83|[]|636148151516640000|13:59:11:664
21|2.1|636147908490566699|78083c|50355.78125|8.9572477260798|98.4495805815843||||50355.765625|245|26025||||78083c|CSZ9038|X|X|0|0|7||||132|83|132|83|[]|636148151557810000|13:59:15:781
21|2.1|636147908531910833|78083c|50359.9140625|8.9643502155449|98.4528206900714||||50359.90625|246|26125||||78083c|CSZ9038|X|X|0|0|7||||132|83|132|83|[]|636148151599140000|13:59:19:914
21|2.1|636147908575125154|78083c|50364.2265625|8.9710879245843|98.4558676795096||||50364.21875|247.25|26275||||78083c|CSZ9038|X|X|0|0|7||||132|83|132|83|[]|636148151642270000|13:59:24:227
21|2.1|636147908619739615|78083c|50368.6953125|8.9772033611328|98.4586786345547||||50368.6875|248.5|26400||||78083c|CSZ9038|X|X|0|0|7||||132|83|132|83|[]|636148151686950000|13:59:28:695
21|2.1|636147908661393780|78083c|50372.8671875|8.9842629352537|98.4619402007139||||50372.859375|249.75|26525||||78083c|CSZ9038|X|X|0|0|7||||132|83|132|83|[]|636148151728670000|13:59:32:867
21|2.1|636147908701797820|78083c|50376.90625|8.9910006442931|98.4650086478242||||50376.8984375|251|26675||||78083c|CSZ9038|X|X|0|0|7||||132|83|132|83|[]|636148151769060000|13:59:36:906
21|2.1|636147908745172157|78083c|50381.234375|8.9980387607419|98.4682702139834||||50381.2265625|252|26800||||78083c|CSZ9038|X|X|0|0|7||||132|83|132|83|[]|636148151812340000|13:59:41:234
21|2.1|636147908786976337|78083c|50385.4296875|9.0051197925349|98.4715103224705||||50385.4140625|253|26900||||78083c|CSZ9038|X|X|0|0|7||||132|83|132|83|[]|636148151854300000|13:59:45:430
21|2.1|636147908829260565|78083c|50389.6484375|9.0124583163931|98.4749006346623||||50389.640625|253.75|27000||||78083c|CSZ9038|X|X|0|0|7||||132|83|132|83|[]|636148151896480000|13:59:49:648
21|2.1|636147908874805119|78083c|50394.1953125|9.0182948032043|98.4775613860027||||50394.1875|254.5|27050||||78083c|CSZ9038|X|X|0|0|7||||132|83|132|83|[]|636148151941950000|13:59:54:195
21|2.1|636147908918809519|78083c|50398.6015625|9.025740615423|98.4809731558666||||50398.5859375|255|27125||||78083c|CSZ9038|X|X|0|0|7||||132|83|132|83|[]|636148151986020000|13:59:58:602
21|2.1|636147908959833621|78083c|50402.7109375|9.0325426974787|98.4841059759932||||50402.6953125|255.75|27200||||78083c|CSZ9038|X|X|0|0|7||||132|83|132|83|[]|636148152027110000|14:00:02:711
21|2.1|636147909004768114|78083c|50407.1953125|9.0400528827137|98.4875392035292||||50407.1875|256.5|27275||||78083c|CSZ9038|X|X|0|0|7||||132|83|132|83|[]|636148152071950000|14:00:07:195
21|2.1|636147909047042341|78083c|50411.4296875|9.047198287523|98.4908651427047||||50411.4140625|257.5|27400||||78083c|CSZ9038|X|X|0|0|7||||132|83|132|83|[]|636148152114300000|14:00:11:430
21|2.1|636147909088536490|78083c|50415.578125|9.0543866076765|98.494148166536||||50415.5703125|258.5|27500||||78083c|CSZ9038|X|X|0|0|7||||132|83|132|83|[]|636148152155780000|14:00:15:578
21|2.1|636147909131440780|78083c|50419.8671875|9.0602445521598|98.4968518332206||||50419.859375|259.5|27600||||78083c|CSZ9038|X|X|0|0|7||||132|83|132|83|[]|636148152198670000|14:00:19:867
21|2.1|636147909173094945|78083c|50424.0390625|9.0670680918876|98.4999631956751||||50424.0390625|260.75|27725||||78083c|CSZ9038|X|X|0|0|7||||132|83|132|83|[]|636148152240390000|14:00:24:039
21|2.1|636147909214119047|78083c|50428.125|9.074234954369|98.5032676771785||||50428.1171875|261.75|27825||||78083c|CSZ9038|X|X|0|0|7||||132|83|132|83|[]|636148152281250000|14:00:28:125
21|2.1|636147909256243259|78083c|50432.3515625|9.0813803591783|98.5065292433377||||50432.34375|262.75|27975||||78083c|CSZ9038|X|X|0|0|7||||132|83|132|83|[]|636148152323520000|14:00:32:352
21|2.1|636147909298207455|78083c|50436.546875|9.0882468142503|98.5096620634643||||50436.5390625|263.5|28025||||78083c|CSZ9038|X|X|0|0|7||||132|83|132|83|[]|636148152365470000|14:00:36:547
21|2.1|636147909340481682|78083c|50440.765625|9.0938043513242|98.5122155264442||||50440.765625|264.25|28125||||78083c|CSZ9038|X|X|0|0|7||||132|83|132|83|[]|636148152407660000|14:00:40:766
21|2.1|636147909383856019|78083c|50445.1015625|9.1013574519034|98.5157131269965||||50445.0859375|265|28200||||78083c|CSZ9038|X|X|0|0|7||||132|83|132|83|[]|636148152451020000|14:00:45:102
21|2.1|636147909425980231|78083c|50449.3203125|9.1085457720569|98.5189961508278||||50449.3046875|265.75|28275||||78083c|CSZ9038|X|X|0|0|7||||132|83|132|83|[]|636148152493200000|14:00:49:320
21|2.1|636147909467634396|78083c|50453.4921875|9.1158199228988|98.5223220900033||||50453.4765625|266.5|28350||||78083c|CSZ9038|X|X|0|0|7||||132|83|132|83|[]|636148152534920000|14:00:53:492
21|2.1|636147909512398872|78083c|50457.9609375|9.1234159388222|98.5258196905556||||50457.9453125|267.25|28450||||78083c|CSZ9038|X|X||0|7||||132|83|132|83|[]|636148152579610000|14:00:57:961
21|2.1|636147909556243256|78083c|50462.3359375|9.1310119547456|98.5292529180916||||50462.328125|268|28525||||78083c|CSZ9038|X|X||0|7||||132|83|132|83|[]|636148152623360000|14:01:02:336
21|2.1|636147909596647296|78083c|50466.390625|9.1363119997543|98.5317205503831||||50466.390625|268.5|28575||||78083c|CSZ9038|X|X|0|0|7||||132|83|132|83|[]|636148152663910000|14:01:06:391
21|2.1|636147909640321663|78083c|50470.7421875|9.143972388694|98.5352181509354||||50470.7265625|269.25|28650||||78083c|CSZ9038|X|X||0|7||||132|83|132|83|[]|636148152707420000|14:01:10:742
21|2.1|636147909681675798|78083c|50474.890625|9.1509675897986|98.5384153440783||||50474.875|270|28725||||78083c|CSZ9038|X|X||0|7||||132|83|132|83|[]|636148152748910000|14:01:14:891
21|2.1|636147909730350665|78083c|50479.7578125|9.1592931665734|98.5422562673842||||50479.7578125|271|28850||||78083c|CSZ9038|X|X|0|0|7||||132|83|132|83|[]|636148152797580000|14:01:19:758
21|2.1|636147909773244954|78083c|50484.046875|9.1666316904316|98.5456036642318||||50484.0390625|271.75|28925||||78083c|CSZ9038|X|X|0|0|7||||132|83|132|83|[]|636148152840470000|14:01:24:047
21|2.1|636147909813648994|78083c|50488.078125|9.1739487566177|98.5489725187515||||50488.0703125|272.75|29050||||78083c|CSZ9038|X|X||0|7||||132|83|132|83|[]|636148152880780000|14:01:28:078
21|2.1|636147909858113440|78083c|50492.5390625|9.1799569048057|98.5517191007803||||50492.5234375|273.75|29125||||78083c|CSZ9038|X|X||0|7||||132|83|132|83|[]|636148152925390000|14:01:32:539
21|2.1|636147909898827511|78083c|50496.609375|9.1869521059103|98.5549377515953||||50496.609375|274.75|29250||||78083c|CSZ9038|X|X||0|7||||132|83|132|83|[]|636148152966090000|14:01:36:609
21|2.1|636147909940631691|78083c|50500.7890625|9.1942691720964|98.558306606115||||50500.7890625|275.5|29325||||78083c|CSZ9038|X|X|0|0|7||||132|83|132|83|[]|636148153007890000|14:01:40:789
21|2.1|636147909981045732|78083c|50504.828125|9.2016076959546|98.5617183759789||||50504.828125|276.25|29425||||78083c|CSZ9038|X|X|0|0|7||||132|83|132|83|[]|636148153048280000|14:01:44:828
21|2.1|636147910012248852|78083c|50507.9453125|9.206628791226|98.5639928892215||||50507.9375|276.5|29450||||78083c|CSZ9038|X|X|0|0|7||||132|51|132|51|[]|636148153079450000|14:01:47:945
21|2.1|636147910023009928|78083c|50509.03125|9.2086458124034|98.5649370267939||||50509.015625|276.75|29475||||78083c|CSZ9038|X|X|0|0|7||||132|83|132|83|[]|636148153090310000|14:01:49:031
21|2.1|636147910065444171|78083c|50513.28125|9.214353553182|98.567533405118||||50513.265625|277.5|29550||||78083c|CSZ9038|X|X||0|7||||132|51|132|51|[]|636148153132810000|14:01:53:281
21|2.1|636147910065604187|78083c|50513.28125|9.214353553182|98.567533405118||||50513.265625|277.5|29550||||78083c|CSZ9038|X|X|0|0|7||||132|83|132|83|[]|636148153132810000|14:01:53:281
21|2.1|636147910109588585|78083c|50517.6796875|9.2220997728101|98.5710953786866||||50517.6796875|278.25|29625||||78083c|CSZ9038|X|X|0|0|7||||132|83|132|83|[]|636148153176800000|14:01:57:680
21|2.1|636147910109588585|78083c|50517.6875|9.2220997728101|98.5710953786866||||50517.6796875|278.25|29625||||78083c|CSZ9038|X|X|0|0|7||||132|51|132|51|[]|636148153176880000|14:01:57:688
21|2.1|636147910153893015|78083c|50522.1171875|9.2298245347661|98.5746358945831||||50522.109375|279.25|29725||||78083c|CSZ9038|X|X|0|0|7||||132|51|132|51|[]|636148153221170000|14:02:02:117
21|2.1|636147910154063032|78083c|50522.1171875|9.2298245347661|98.5746358945831||||50522.109375|279.25|29725||||78083c|CSZ9038|X|X|0|0|7||||132|83|132|83|[]|636148153221170000|14:02:02:117
21|2.1|636147910193837009|78083c|50526.1171875|9.2369055665591|98.5778974607423||||50526.1171875|280|29800||||78083c|CSZ9038|X|X||0|7||||132|51|132|51|[]|636148153261170000|14:02:06:117
21|2.1|636147910198517477|78083c|50526.5703125|9.2375922120663|98.5781978681517||||50526.5625|280.25|29850||||78083c|CSZ9038|X|X|0|0|7||||132|83|132|83|[]|636148153265700000|14:02:06:570
21|2.1|636147910234241049|78083c|50530.1484375|9.24396514068|98.5811375692294||||50530.1484375|281|29925||||78083c|CSZ9038|X|X||0|7||||132|51|132|51|[]|636148153301480000|14:02:10:148
21|2.1|636147910240011626|78083c|50530.7265625|9.2449951089408|98.5815881803435||||50530.71875|281|29925||||78083c|CSZ9038|X|X|0|0|7||||132|83|132|83|[]|636148153307270000|14:02:10:727
21|2.1|636147910279325557|78083c|50534.6484375|9.2520546830617|98.5848282888306||||50534.6484375|282|30050||||78083c|CSZ9038|X|X|0|0|7||||132|51|132|51|[]|636148153346480000|14:02:14:648
21|2.1|636147910284626087|78083c|50535.1796875|9.2527413285689|98.5851716115842||||50535.1796875|282|30050||||78083c|CSZ9038|X|X||0|7||||132|83|132|83|[]|636148153351800000|14:02:15:180
21|2.1|636147910320819706|78083c|50538.8203125|9.2574405587588|98.5872959211221||||50538.8203125|282.75|30100||||78083c|CSZ9038|X|X|0|0|7||||132|51|132|51|[]|636148153388200000|14:02:18:820
21|2.1|636147910326750299|78083c|50539.390625|9.2584490693475|98.5877465322362||||50539.3828125|283|30125||||78083c|CSZ9038|X|X||0|7||||132|83|132|83|[]|636148153393910000|14:02:19:391
21|2.1|636147910361543778|78083c|50542.890625|9.2648649133054|98.5907506063302||||50542.8828125|283.75|30200||||78083c|CSZ9038|X|X||0|7||||132|51|132|51|[]|636148153428910000|14:02:22:891
21|2.1|636147910366844308|78083c|50543.40625|9.2655301011405|98.5910295560675||||50543.40625|283.75|30200||||78083c|CSZ9038|X|X|0|0|7||||132|83|132|83|[]|636148153434060000|14:02:23:406
21|2.1|636147910405538177|78083c|50547.28125|9.2726111329335|98.5942911222267||||50547.2734375|284.5|30300||||78083c|CSZ9038|X|X||0|7||||132|51|132|51|[]|636148153472810000|14:02:27:281
21|2.1|636147910409748598|78083c|50547.6875|9.2732977784407|98.594570071964||||50547.6875|284.75|30325||||78083c|CSZ9038|X|X|0|0|7||||132|83|132|83|[]|636148153476880000|14:02:27:688
21|2.1|636147910448292452|78083c|50551.515625|9.2796921647265|98.5975526883859||||50551.515625|285.5|30400||||78083c|CSZ9038|X|X||0|7||||132|51|132|51|[]|636148153515160000|14:02:31:516
21|2.1|636147910453432966|78083c|50552.0703125|9.2810225403967|98.5981749608768||||50552.0625|285.5|30400||||78083c|CSZ9038|X|X|0|0|7||||132|83|132|83|[]|636148153520700000|14:02:32:070
21|2.1|636147910492596882|78083c|50555.9765625|9.2874812996988|98.6011361196266||||50555.9765625|286.25|30500||||78083c|CSZ9038|X|X|0|0|7||||132|51|132|51|[]|636148153559770000|14:02:35:977
21|2.1|636147910496957318|78083c|50556.40625|9.2881250298618|98.6014150693639||||50556.3984375|286.25|30500||||78083c|CSZ9038|X|X|0|0|7||||132|83|132|83|[]|636148153564060000|14:02:36:406
21|2.1|636147910536271249|78083c|50560.3515625|9.295248976999|98.6046766355231||||50560.3359375|287|30575||||78083c|CSZ9038|X|X||0|7||||132|51|132|51|[]|636148153603520000|14:02:40:352
21|2.1|636147910541261748|78083c|50560.8359375|9.2942404664103|98.6042045667369||||50560.8359375|287|30575||||78083c|CSZ9038|X|X||0|7||||132|83|132|83|[]|636148153608360000|14:02:40:836
21|2.1|636147910584006022|78083c|50565.125|9.3020296013826|98.6077879979776||||50565.125|287.5|30625||||78083c|CSZ9038|X|X||0|7||||132|51|132|51|[]|636148153651250000|14:02:45:125
21|2.1|636147910584016023|78083c|50565.1328125|9.3020296013826|98.6077879979776||||50565.125|287.5|30625||||78083c|CSZ9038|X|X|0|0|7||||132|83|132|83|[]|636148153651330000|14:02:45:133
21|2.1|636147910627840405|78083c|50569.5|9.3098616516991|98.6114143445625||||50569.5|288.25|30700||||78083c|CSZ9038|X|X||0|7||||132|83|132|83|[]|636148153695000000|14:02:49:500
21|2.1|636147910633610982|78083c|50570.0859375|9.3108701622878|98.6118649556766||||50570.078125|288.25|30700||||78083c|CSZ9038|X|X|0|0|7||||132|51|132|51|[]|636148153700860000|14:02:50:086
21|2.1|636147910671684789|78083c|50573.890625|9.3176937020156|98.6149977758032||||50573.875|288.75|30775||||78083c|CSZ9038|X|X||0|7||||132|83|132|83|[]|636148153738910000|14:02:53:891
21|2.1|636147910677145335|78083c|50574.4453125|9.3186807549322|98.6154698445894||||50574.4453125|289|30800||||78083c|CSZ9038|X|X|0|0|7||||132|51|132|51|[]|636148153744450000|14:02:54:445
21|2.1|636147910713959016|78083c|50578.1171875|9.3252038872506|98.6184524610113||||50578.1171875|289.5|30850||||78083c|CSZ9038|X|X|0|0|7||||132|83|132|83|[]|636148153781170000|14:02:58:117
21|2.1|636147910718799500|78083c|50578.609375|9.3259119904299|98.6187743260928||||50578.59375|289.5|30850||||78083c|CSZ9038|X|X|0|0|7||||132|51|132|51|[]|636148153786090000|14:02:58:609
21|2.1|636147910757953415|78083c|50582.5078125|9.3330788529113|98.6220788075962||||50582.5078125|290.25|30925||||78083c|CSZ9038|X|X|0|0|7||||132|83|132|83|[]|636148153825080000|14:03:02:508
21|2.1|636147910762003820|78083c|50582.9296875|9.3337654984185|98.6223792150056||||50582.9296875|290.25|30925||||78083c|CSZ9038|X|X|0|0|7||||132|51|132|51|[]|636148153829300000|14:03:02:930
21|2.1|636147910801007720|78083c|50586.8203125|9.3388724243783|98.6247395589366||||50586.8125|291|31000||||78083c|CSZ9038|X|X|0|0|7||||132|83|132|83|[]|636148153868200000|14:03:06:820
21|2.1|636147910806158235|78083c|50587.3515625|9.3399238503112|98.6252116277228||||50587.3359375|291.25|31025||||78083c|CSZ9038|X|X|0|0|7||||132|51|132|51|[]|636148153873520000|14:03:07:352
21|2.1|636147910841251744|78083c|50590.8359375|9.3460607445318|98.62804404044||||50590.8359375|291.75|31075||||78083c|CSZ9038|X|X||0|7||||132|83|132|83|[]|636148153908360000|14:03:10:836
21|2.1|636147910851872806|78083c|50591.90625|9.3481206810534|98.6289667203403||||50591.90625|292|31100||||78083c|CSZ9038|X|X|0|0|7||||132|51|132|51|[]|636148153919060000|14:03:11:906
21|2.1|636147910886036222|78083c|50595.3203125|9.3543004906182|98.6317991330575||||50595.3125|292.75|31200||||78083c|CSZ9038|X|X|0|0|7||||132|83|132|83|[]|636148153953200000|14:03:15:320
21|2.1|636147910894917110|78083c|50596.2265625|9.3556952393047|98.6324643208926||||50596.2265625|293|31225||||78083c|CSZ9038|X|X|0|0|7||||132|51|132|51|[]|636148153962270000|14:03:16:227
21|2.1|636147910929090527|78083c|50599.6328125|9.3614888107717|98.6351036145609||||50599.6171875|293.75|31275||||78083c|CSZ9038|X|X|0|0|7||||132|83|132|83|[]|636148153996330000|14:03:19:633
21|2.1|636147910939071525|78083c|50600.6328125|9.3635702049654|98.6360692098054||||50600.625|294|31325||||78083c|CSZ9038|X|X|0|0|7||||132|51|132|51|[]|636148154006330000|14:03:20:633
21|2.1|636147910974175035|78083c|50604.1328125|9.3697500145302|98.6389016225226||||50604.125|294.75|31400||||78083c|CSZ9038|X|X|0|0|7||||132|83|132|83|[]|636148154041330000|14:03:24:133
21|2.1|636147910984156033|78083c|50605.140625|9.3717884933797|98.6398243024229||||50605.125|295|31425||||78083c|CSZ9038|X|X|0|0|7||||132|51|132|51|[]|636148154051410000|14:03:25:141
21|2.1|636147911018949512|78083c|50608.609375|9.3776249801909|98.6425065114354||||50608.609375|295.5|31475||||78083c|CSZ9038|X|X|0|0|7||||132|83|132|83|[]|636148154086090000|14:03:28:609
21|2.1|636147911028460463|78083c|50609.578125|9.3779683029445|98.6426567151401||||50609.578125|295.75|31500||||78083c|CSZ9038|X|X|0|0|7||||132|51|132|51|[]|636148154095780000|14:03:29:578
21|2.1|636147911059813598|78083c|50612.703125|9.3834614670021|98.6451672627758||||50612.6953125|296.25|31575||||78083c|CSZ9038|X|X|0|0|7||||132|83|132|83|[]|636148154127030000|14:03:32:703
21|2.1|636147911068554472|78083c|50613.578125|9.3848347580165|98.6458109929388||||50613.578125|296.25|31575||||78083c|CSZ9038|X|X|0|0|7||||132|51|132|51|[]|636148154135780000|14:03:33:578
21|2.1|636147911101167733|78083c|50616.828125|9.3906497871556|98.6484717442792||||50616.828125|296.75|31625||||78083c|CSZ9038|X|X|0|0|7||||132|83|132|83|[]|636148154168280000|14:03:36:828
21|2.1|636147911111458762|78083c|50617.8671875|9.3927097236772|98.6494587971958||||50617.859375|297|31650||||78083c|CSZ9038|X|X|0|0|7||||132|51|132|51|[]|636148154178670000|14:03:37:867
21|2.1|636147911141731789|78083c|50620.8984375|9.398245803079|98.6519693448315||||50620.8984375|297.25|31675||||78083c|CSZ9038|X|X|0|0|7||||132|83|132|83|[]|636148154208980000|14:03:40:898
21|2.1|636147911152952911|78083c|50622.03125|9.3999838745191|98.6527632786992||||50622.0234375|297.25|31675||||78083c|CSZ9038|X|X|0|0|7||||132|51|132|51|[]|636148154220310000|14:03:42:031
21|2.1|636147911184776093|78083c|50625.203125|9.4058632766745|98.6554669453838||||50625.1875|297.75|31750||||78083c|CSZ9038|X|X|0|0|7||||132|83|132|83|[]|636148154252030000|14:03:45:203
21|2.1|636147911194457061|78083c|50626.171875|9.4076013481146|98.6562823369236||||50626.1640625|297.75|31750||||78083c|CSZ9038|X|X||0|7||||132|51|132|51|[]|636148154261720000|14:03:46:172
21|2.1|636147911225190134|78083c|50629.2421875|9.4131374275164|98.6588143422314||||50629.234375|298.25|31800||||78083c|CSZ9038|X|X|0|0|7||||132|83|132|83|[]|636148154292420000|14:03:49:242
21|2.1|636147911238761491|78083c|50630.609375|9.4155621444637|98.6599301411806||||50630.609375|298.5|31800||||78083c|CSZ9038|X|X||0|7||||132|51|132|51|[]|636148154306090000|14:03:50:609
21|2.1|636147911267304345|78083c|50633.453125|9.4193601524254|98.6616896702928||||50633.4453125|298.75|31825||||78083c|CSZ9038|X|X|0|0|7||||132|83|132|83|[]|636148154334530000|14:03:53:453
21|2.1|636147911281975812|78083c|50634.9296875|9.4218063270448|98.662805469242||||50634.9140625|299.25|31875||||78083c|CSZ9038|X|X||0|7||||132|51|132|51|[]|636148154349300000|14:03:54:930
21|2.1|636147911311928807|78083c|50637.921875|9.426999083693|98.6652301861893||||50637.9140625|299.75|31925||||78083c|CSZ9038|X|X|0|0|7||||132|83|132|83|[]|636148154379220000|14:03:57:922
21|2.1|636147911325190133|78083c|50639.2421875|9.4298100387381|98.6665176465153||||50639.234375|300.25|31975||||78083c|CSZ9038|X|X|0|0|7||||132|51|132|51|[]|636148154392420000|14:03:59:242
21|2.1|636147911352642878|78083c|50641.9765625|9.4342732345349|98.6685775830369||||50641.9765625|301|32050||||78083c|CSZ9038|X|X|0|0|7||||132|83|132|83|[]|636148154419770000|14:04:01:977
21|2.1|636147911366844298|78083c|50643.421875|9.4370627319079|98.6698650433629||||50643.4140625|301.5|32100||||78083c|CSZ9038|X|X||0|7||||132|51|132|51|[]|636148154434220000|14:04:03:422
21|2.1|636147911395237137|78083c|50646.25|9.4418692504583|98.6720966412613||||50646.2421875|302.25|32200||||78083c|CSZ9038|X|X||0|7||||132|83|132|83|[]|636148154462500000|14:04:06:250
21|2.1|636147911409738587|78083c|50647.703125|9.4446587478313|98.6733841015873||||50647.6953125|302.75|32250||||78083c|CSZ9038|X|X||0|7||||132|51|132|51|[]|636148154477030000|14:04:07:703
21|2.1|636147911437511364|78083c|50650.46875|9.4497871314632|98.6757444455183||||50650.46875|303.25|32325||||78083c|CSZ9038|X|X||0|7||||132|83|132|83|[]|636148154504690000|14:04:10:469
21|2.1|636147911451392752|78083c|50651.8671875|9.4522333060826|98.6768173291233||||50651.8671875|303.75|32375||||78083c|CSZ9038|X|X||0|7||||132|51|132|51|[]|636148154518670000|14:04:11:867
21|2.1|636147911480255638|78083c|50654.7421875|9.4574046050587|98.6791991307264||||50654.734375|304.25|32450||||78083c|CSZ9038|X|X||0|7||||132|83|132|83|[]|636148154547420000|14:04:14:742
21|2.1|636147911495857198|78083c|50656.3203125|9.4601511870875|98.6805080487245||||50656.3125|304.5|32475||||78083c|CSZ9038|X|X||0|7||||132|51|132|51|[]|636148154563200000|14:04:16:320
21|2.1|636147911520969709|78083c|50658.8203125|9.4628977691163|98.6817525937063||||50658.8125|304.75|32475||||78083c|CSZ9038|X|X||0|7||||132|83|132|83|[]|636148154588200000|14:04:18:820
21|2.1|636147911540961708|78083c|50660.8203125|9.4663309966523|98.6833404614417||||50660.8046875|305|32500||||78083c|CSZ9038|X|X|0|0|7||||132|51|132|51|[]|636148154608200000|14:04:20:820
21|2.1|636147911564184030|78083c|50663.140625|9.4708156501212|98.6854003979633||||50663.1328125|305.25|32525||||78083c|CSZ9038|X|X||0|7||||132|83|132|83|[]|636148154631410000|14:04:23:141
21|2.1|636147911582125824|78083c|50664.9375|9.4739484702478|98.6868166043219||||50664.9375|305.5|32575||||78083c|CSZ9038|X|X|0|0|7||||132|51|132|51|[]|636148154649380000|14:04:24:938
21|2.1|636147911606778289|78083c|50667.390625|9.4784545813888|98.6888979985156||||50667.3828125|305.75|32600||||78083c|CSZ9038|X|X|0|0|7||||132|83|132|83|[]|636148154673910000|14:04:27:391
21|2.1|636147911631270738|78083c|50669.8515625|9.4829392348577|98.6909793927093||||50669.84375|306|32625||||78083c|CSZ9038|X|X|0|0|7||||132|51|132|51|[]|636148154698520000|14:04:29:852
21|2.1|636147911649052516|78083c|50671.6328125|9.4857287322307|98.6922239376911||||50671.625|306.25|32650||||78083c|CSZ9038|X|X|0|0|7||||132|83|132|83|[]|636148154716330000|14:04:31:633
21|2.1|636147911677455356|78083c|50674.46875|9.4912648116325|98.694777400671||||50674.46875|306.5|32675||||78083c|CSZ9038|X|X|0|0|7||||132|51|132|51|[]|636148154744690000|14:04:34:469
21|2.1|636147911693196930|78083c|50676.0390625|9.4936895285798|98.6959146572923||||50676.0390625|306.75|32700||||78083c|CSZ9038|X|X|0|0|7||||132|83|132|83|[]|636148154760390000|14:04:36:039
21|2.1|636147911719409551|78083c|50678.671875|9.4989252005722|98.6983393742396||||50678.6640625|307.25|32750||||78083c|CSZ9038|X|X|0|0|7||||132|51|132|51|[]|636148154786720000|14:04:38:672
21|2.1|636147911737351345|78083c|50680.4609375|9.5020580206988|98.6997555805982||||50680.453125|307.75|32800||||78083c|CSZ9038|X|X|0|0|7||||132|83|132|83|[]|636148154804610000|14:04:40:461
21|2.1|636147911768554465|78083c|50683.546875|9.5058774863326|98.7015365673825||||50683.546875|308.25|32825||||78083c|CSZ9038|X|X|0|0|7||||132|51|132|51|[]|636148154835470000|14:04:43:547
21|2.1|636147911778535463|78083c|50684.578125|9.5076370154448|98.7023090435781||||50684.578125|308.5|32850||||78083c|CSZ9038|X|X|0|0|7||||132|83|132|83|[]|636148154845780000|14:04:44:578
21|2.1|636147911816909300|78083c|50688.421875|9.5145678435331|98.705506236721||||50688.4140625|309.5|32975||||78083c|CSZ9038|X|X|0|0|7||||132|51|132|51|[]|636148154884220000|14:04:48:422
21|2.1|636147911822529862|78083c|50688.96875|9.5155978117939|98.7059997631793||||50688.96875|309.5|32975||||78083c|CSZ9038|X|X|0|0|7||||132|83|132|83|[]|636148154889690000|14:04:48:969
21|2.1|636147911857163325|78083c|50692.453125|9.5221638594565|98.7090252949454||||50692.4453125|310.25|33075||||78083c|CSZ9038|X|X|0|0|7||||132|51|132|51|[]|636148154924530000|14:04:52:453
21|2.1|636147911867144323|78083c|50693.4296875|9.523558608143|98.7096475674363||||50693.421875|310.5|33100||||78083c|CSZ9038|X|X|0|0|7||||132|83|132|83|[]|636148154934300000|14:04:53:430
21|2.1|636147911899277536|78083c|50696.65625|9.5298242483962|98.7125228954977||||50696.65625|311|33150||||78083c|CSZ9038|X|X|0|0|7||||132|51|132|51|[]|636148154966560000|14:04:56:656
21|2.1|636147911909268535|78083c|50697.6484375|9.5315623198363|98.7133382870375||||50697.6484375|311.25|33175||||78083c|CSZ9038|X|X|0|0|7||||132|83|132|83|[]|636148154976480000|14:04:57:648
21|2.1|636147911941881796|78083c|50700.90625|9.5374846373359|98.7160419537221||||50700.90625|311.75|33250||||78083c|CSZ9038|X|X|0|0|7||||132|51|132|51|[]|636148155009060000|14:05:00:906
21|2.1|636147911952482856|78083c|50701.96875|9.5392012511039|98.7168144299177||||50701.96875|311.75|33250||||78083c|CSZ9038|X|X|0|0|7||||132|83|132|83|[]|636148155019690000|14:05:01:969
21|2.1|636147911986956303|78083c|50705.40625|9.5433425818192|98.7187456204067||||50705.40625|312.25|33275||||78083c|CSZ9038|X|X|0|0|7||||132|51|132|51|[]|636148155054060000|14:05:05:406
21|2.1|636147911992726880|78083c|50705.9921875|9.5447802458499|98.7193678928976||||50705.984375|312.25|33275||||78083c|CSZ9038|X|X|0|0|7||||132|83|132|83|[]|636148155059920000|14:05:05:992
21|2.1|636147912035641171|78083c|50710.28125|9.5528054152153|98.7230586124988||||50710.2734375|312.75|33350||||78083c|CSZ9038|X|X|0|0|7||||132|83|132|83|[]|636148155102810000|14:05:10:281
21|2.1|636147912035641171|78083c|50710.2890625|9.5528054152153|98.7230586124988||||50710.2734375|312.75|33350||||78083c|CSZ9038|X|X|0|0|7||||132|51|132|51|[]|636148155102890000|14:05:10:289
21|2.1|636147912077285335|78083c|50714.453125|9.5601010237293|98.7264060093464||||50714.4453125|313.25|33400||||78083c|CSZ9038|X|X|0|0|7||||132|51|132|51|[]|636148155144530000|14:05:14:453
21|2.1|636147912077285335|78083c|50714.453125|9.5601010237293|98.7264060093464||||50714.4453125|313.25|33400||||78083c|CSZ9038|X|X|0|0|7||||132|83|132|83|[]|636148155144530000|14:05:14:453
21|2.1|636147912118319438|78083c|50718.546875|9.5674180899154|98.7298177792103||||50718.546875|314|33475||||78083c|CSZ9038|X|X||0|7||||132|51|132|51|[]|636148155185470000|14:05:18:547
21|2.1|636147912118319438|78083c|50718.546875|9.5674180899154|98.7298177792103||||50718.546875|314|33475||||78083c|CSZ9038|X|X|0|0|7||||132|83|132|83|[]|636148155185470000|14:05:18:547
21|2.1|636147912159183524|78083c|50722.640625|9.5747780714457|98.73318663373||||50722.6328125|314.5|33525||||78083c|CSZ9038|X|X|0|0|7||||132|51|132|51|[]|636148155226410000|14:05:22:641
21|2.1|636147912159203526|78083c|50722.640625|9.5747780714457|98.73318663373||||50722.6328125|314.5|33525||||78083c|CSZ9038|X|X|0|0|7||||132|83|132|83|[]|636148155226410000|14:05:22:641
21|2.1|636147912203027908|78083c|50727.03125|9.5828246984832|98.7368773533312||||50727.0234375|315.5|33650||||78083c|CSZ9038|X|X|0|0|7||||132|51|132|51|[]|636148155270310000|14:05:27:031
21|2.1|636147912208328438|78083c|50727.546875|9.5838761244161|98.7373923374616||||50727.546875|315.5|33625||||78083c|CSZ9038|X|X|0|0|7||||132|83|132|83|[]|636148155275470000|14:05:27:547
21|2.1|636147912246712276|78083c|50731.3984375|9.5891117964085|98.7397741390647||||50731.3984375|316.25|33700||||78083c|CSZ9038|X|X|0|0|7||||132|51|132|51|[]|636148155313980000|14:05:31:398
21|2.1|636147912256533258|78083c|50732.3671875|9.5908284101765|98.7406109882766||||50732.3671875|316.5|33725||||78083c|CSZ9038|X|X|0|0|7||||132|83|132|83|[]|636148155323670000|14:05:32:367
21|2.1|636147912294917096|78083c|50736.203125|9.5978236112811|98.7437867237474||||50736.1953125|317.25|33825||||78083c|CSZ9038|X|X|0|0|7||||132|51|132|51|[]|636148155362030000|14:05:36:203
21|2.1|636147912300067611|78083c|50736.71875|9.5988964948861|98.7442802502057||||50736.7109375|317.5|33825||||78083c|CSZ9038|X|X|0|0|7||||132|83|132|83|[]|636148155367190000|14:05:36:719
21|2.1|636147912342651869|78083c|50741|9.6065568838258|98.7478207661022||||50740.9921875|318.5|33950||||78083c|CSZ9038|X|X|0|0|7||||132|51|132|51|[]|636148155410000000|14:05:41:000
21|2.1|636147912342811885|78083c|50741|9.6065568838258|98.7478207661022||||50740.9921875|318.5|33950||||78083c|CSZ9038|X|X||0|7||||132|83|132|83|[]|636148155410000000|14:05:41:000
21|2.1|636147912388206424|78083c|50745.5390625|9.6149039182727|98.7516831470802||||50745.5390625|319.25|34025||||78083c|CSZ9038|X|X|0|0|7||||132|51|132|51|[]|636148155455390000|14:05:45:539
21|2.1|636147912388206424|78083c|50745.5390625|9.6149039182727|98.7516831470802||||50745.53125|319.25|34050||||78083c|CSZ9038|X|X||0|7||||132|83|132|83|[]|636148155455390000|14:05:45:539
21|2.1|636147912431730776|78083c|50749.890625|9.6229290876381|98.7553524090093||||50749.8828125|320|34125||||78083c|CSZ9038|X|X|0|0|7||||132|83|132|83|[]|636148155498910000|14:05:49:891
21|2.1|636147912475725175|78083c|50754.296875|9.6291518125471|98.7582491947428||||50754.296875|320.75|34175||||78083c|CSZ9038|X|X||0|7||||132|51|132|51|[]|636148155542970000|14:05:54:297
21|2.1|636147912475885191|78083c|50754.296875|9.6291518125471|98.7582491947428||||50754.296875|320.75|34175||||78083c|CSZ9038|X|X|0|0|7||||132|83|132|83|[]|636148155542970000|14:05:54:297
21|2.1|636147912520809683|78083c|50758.7890625|9.6371555242404|98.7619184566719||||50758.78125|321.25|34250||||78083c|CSZ9038|X|X|0|0|7||||132|83|132|83|[]|636148155587890000|14:05:58:789
21|2.1|636147912563083910|78083c|50763.03125|9.6445155057707|98.7652873111916||||50763.0234375|322|34325||||78083c|CSZ9038|X|X|0|0|7||||132|83|132|83|[]|636148155630310000|14:06:03:031
21|2.1|636147912604428044|78083c|50767.1640625|9.6521758947104|98.7688492847602||||50767.15625|322.5|34400||||78083c|CSZ9038|X|X|0|0|7||||132|83|132|83|[]|636148155671640000|14:06:07:164
21|2.1|636147912644982099|78083c|50771.2109375|9.6594929608965|98.7722181392799||||50771.203125|323.25|34475||||78083c|CSZ9038|X|X||0|7||||132|83|132|83|[]|636148155712110000|14:06:11:211
21|2.1|636147912685086109|78083c|50775.21875|9.6668314847547|98.7756084514717||||50775.21875|323.75|34525||||78083c|CSZ9038|X|X||0|7||||132|83|132|83|[]|636148155752190000|14:06:15:219
21|2.1|636147912726420242|78083c|50779.359375|9.6728181752706|98.7783550335005||||50779.3515625|324.25|34575||||78083c|CSZ9038|X|X|0|0|7||||132|83|132|83|[]|636148155793590000|14:06:19:359
21|2.1|636147912768394439|78083c|50783.546875|9.6805214795545|98.781895549397||||50783.546875|324.5|34600||||78083c|CSZ9038|X|X|0|0|7||||132|83|132|83|[]|636148155835470000|14:06:23:547
21|2.1|636147912809108510|78083c|50787.6328125|9.6878814610848|98.7852858615888||||50787.625|325|34650||||78083c|CSZ9038|X|X|0|0|7||||132|83|132|83|[]|636148155876330000|14:06:27:633
21|2.1|636147912822829882|78083c|50789.0078125|9.6903705510484|98.786401660538||||50789.0078125|325.25|34675||||78083c|CSZ9038|X|X||0|7||||132|51|132|51|[]|636148155890080000|14:06:29:008
21|2.1|636147912851382737|78083c|50791.859375|9.6959924611386|98.7890194965342||||50791.8515625|325.5|34700||||78083c|CSZ9038|X|X|0|0|7||||132|83|132|83|[]|636148155918590000|14:06:31:859
21|2.1|636147912897717370|78083c|50796.4921875|9.7041034611924|98.7927102161354||||50796.484375|326|34775||||78083c|CSZ9038|X|X||0|7||||132|83|132|83|[]|636148155964920000|14:06:36:492
21|2.1|636147912942191817|78083c|50800.9296875|9.7104334744619|98.7956499172131||||50800.921875|326.25|34800||||78083c|CSZ9038|X|X||0|7||||132|83|132|83|[]|636148156009300000|14:06:40:930
21|2.1|636147912983985996|78083c|50805.1171875|9.7182226094342|98.7992548061259||||50805.1171875|326.75|34825||||78083c|CSZ9038|X|X||0|7||||132|51|132|51|[]|636148156051170000|14:06:45:117
21|2.1|636147912983995997|78083c|50805.1171875|9.7182226094342|98.7992548061259||||50805.1171875|326.75|34850||||78083c|CSZ9038|X|X||0|7||||132|83|132|83|[]|636148156051170000|14:06:45:117
21|2.1|636147913025020099|78083c|50809.2109375|9.725689879325|98.8026451183177||||50809.203125|327|34875||||78083c|CSZ9038|X|X|0|0|7||||132|83|132|83|[]|636148156092110000|14:06:49:211
21|2.1|636147913035941191|78083c|50810.3125|9.7277927311908|98.8036321712343||||50810.3046875|327|34875||||78083c|CSZ9038|X|X|0|0|7||||132|51|132|51|[]|636148156103130000|14:06:50:313
21|2.1|636147913065114108|78083c|50813.21875|9.7331571492158|98.8060998035258||||50813.2109375|327.25|34900||||78083c|CSZ9038|X|X|0|0|7||||132|83|132|83|[]|636148156132190000|14:06:53:219
21|2.1|636147913075875184|78083c|50814.3125|9.7353029164258|98.8070868564424||||50814.3046875|327.5|34925||||78083c|CSZ9038|X|X|0|0|7||||132|51|132|51|[]|636148156143130000|14:06:54:313
21|2.1|636147913106148211|78083c|50817.328125|9.7410106572044|98.8097046924386||||50817.328125|327.75|34950||||78083c|CSZ9038|X|X|0|0|7||||132|83|132|83|[]|636148156173280000|14:06:57:328
21|2.1|636147913116129209|78083c|50818.34375|9.7427701863166|98.8105629993226||||50818.3359375|327.75|34975||||78083c|CSZ9038|X|X|0|0|7||||132|51|132|51|[]|636148156183440000|14:06:58:344
21|2.1|636147913151072703|78083c|50821.8203125|9.7492074879466|98.8135027004003||||50821.8125|328|34975||||78083c|CSZ9038|X|X|0|0|7||||132|83|132|83|[]|636148156218200000|14:07:01:820
21|2.1|636147913156843280|78083c|50822.4140625|9.7502803715516|98.8140176845307||||50822.40625|328.25|35000||||78083c|CSZ9038|X|X|0|0|7||||132|51|132|51|[]|636148156224140000|14:07:02:414
21|2.1|636147913192566852|78083c|50825.984375|9.755301466823|98.8163351131175||||50825.9765625|328.5|35025||||78083c|CSZ9038|X|X|0|0|7||||132|83|132|83|[]|636148156259840000|14:07:05:984
21|2.1|636147913202707866|78083c|50827|9.7570609959352|98.8171505046573||||50826.9921875|328.5|35025||||78083c|CSZ9038|X|X|0|0|7||||132|51|132|51|[]|636148156270000000|14:07:07:000
21|2.1|636147913234541049|78083c|50830.171875|9.7628331097301|98.8197897983256||||50830.1640625|328.75|35050||||78083c|CSZ9038|X|X|0|0|7||||132|83|132|83|[]|636148156301720000|14:07:10:172
21|2.1|636147913249352530|78083c|50831.6484375|9.7660517605451|98.8213132930447||||50831.6484375|329|35075||||78083c|CSZ9038|X|X||0|7||||132|51|132|51|[]|636148156316480000|14:07:11:648
21|2.1|636147913277435338|78083c|50834.4609375|9.7710728558165|98.8236307216315||||50834.453125|329.25|35125||||78083c|CSZ9038|X|X|0|0|7||||132|83|132|83|[]|636148156344610000|14:07:14:461
21|2.1|636147913291006695|78083c|50835.8203125|9.7736477764685|98.8247679782528||||50835.8125|329.5|35150||||78083c|CSZ9038|X|X|0|0|7||||132|51|132|51|[]|636148156358200000|14:07:15:820
21|2.1|636147913321579752|78083c|50838.8671875|9.7793769749192|98.8274287295932||||50838.8671875|329.5|35150||||78083c|CSZ9038|X|X|0|0|7||||132|83|132|83|[]|636148156388670000|14:07:18:867
21|2.1|636147913364804074|78083c|50843.2109375|9.7873592289404|98.8310979915223||||50843.203125|329.75|35175||||78083c|CSZ9038|X|X||0|7||||132|51|132|51|[]|636148156432110000|14:07:23:211
21|2.1|636147913364954089|78083c|50843.2109375|9.7873592289404|98.8310979915223||||50843.203125|329.75|35175||||78083c|CSZ9038|X|X|0|0|7||||132|83|132|83|[]|636148156432110000|14:07:23:211
21|2.1|636147913405208114|78083c|50847.2421875|9.794998160208|98.8345955920746||||50847.234375|330|35200||||78083c|CSZ9038|X|X|0|0|7||||132|51|132|51|[]|636148156472420000|14:07:27:242
21|2.1|636147913405208114|78083c|50847.2421875|9.794998160208|98.8345955920746||||50847.234375|330|35200||||78083c|CSZ9038|X|X|0|0|7||||132|83|132|83|[]|636148156472420000|14:07:27:242
21|2.1|636147913448892482|78083c|50851.609375|9.8015427501985|98.8376211238407||||50851.6015625|330|35200||||78083c|CSZ9038|X|X||0|7||||132|51|132|51|[]|636148156516090000|14:07:31:609
21|2.1|636147913448892482|78083c|50851.609375|9.8015427501985|98.8376211238407||||50851.6015625|330|35200||||78083c|CSZ9038|X|X|0|0|7||||132|83|132|83|[]|636148156516090000|14:07:31:609
21|2.1|636147913492256818|78083c|50855.9375|9.8099756153338|98.8415264201629||||50855.9375|330|35225||||78083c|CSZ9038|X|X|0|0|7||||132|83|132|83|[]|636148156559380000|14:07:35:938
21|2.1|636147913492256818|78083c|50855.9375|9.8099756153338|98.8415264201629||||50855.9375|330|35225||||78083c|CSZ9038|X|X||0|7||||132|51|132|51|[]|636148156559380000|14:07:35:938
21|2.1|636147913534381030|78083c|50860.171875|9.8181080730597|98.8452171397641||||50860.1640625|330|35200||||78083c|CSZ9038|X|X||0|7||||132|51|132|51|[]|636148156601720000|14:07:40:172
21|2.1|636147913534531045|78083c|50860.171875|9.8181080730597|98.8452171397641||||50860.1640625|330|35200||||78083c|CSZ9038|X|X|0|0|7||||132|83|132|83|[]|636148156601720000|14:07:40:172
21|2.1|636147913578995491|78083c|50864.609375|9.8265623958671|98.8491653514305||||50864.6015625|330|35200||||78083c|CSZ9038|X|X|0|0|7||||132|83|132|83|[]|636148156646090000|14:07:44:609
21|2.1|636147913584616053|78083c|50865.1796875|9.8276781948163|98.8496803355609||||50865.171875|330|35200||||78083c|CSZ9038|X|X|0|0|7||||132|51|132|51|[]|636148156651800000|14:07:45:180
21|2.1|636147913622689860|78083c|50868.984375|9.8351454647071|98.8530921054248||||50868.9765625|330|35200||||78083c|CSZ9038|X|X|0|0|7||||132|83|132|83|[]|636148156689840000|14:07:48:984
21|2.1|636147913663083899|78083c|50873.0234375|9.8407244594531|98.8556884837489||||50873.015625|330|35200||||78083c|CSZ9038|X|X|0|0|7||||132|83|132|83|[]|636148156730230000|14:07:53:023
21|2.1|636147913705678158|78083c|50877.2890625|9.8493289859652|98.8596581530874||||50877.28125|330|35200||||78083c|CSZ9038|X|X|0|0|7||||132|83|132|83|[]|636148156772890000|14:07:57:289
21|2.1|636147913746542244|78083c|50881.375|9.8572468669701|98.8632630420002||||50881.3671875|330|35200||||78083c|CSZ9038|X|X|0|0|7||||132|83|132|83|[]|636148156813750000|14:08:01:375
21|2.1|636147913786946284|78083c|50885.4140625|9.8652076633192|98.8669537616014||||50885.40625|330|35200||||78083c|CSZ9038|X|X|0|0|7||||132|83|132|83|[]|636148156854140000|14:08:05:414
21|2.1|636147913836731262|78083c|50890.390625|9.8750567348131|98.8715027880866||||50890.3828125|330|35200||||78083c|CSZ9038|X|X|0|0|7||||132|83|132|83|[]|636148156903910000|14:08:10:391
21|2.1|636147913877895378|78083c|50894.5|9.8834681422763|98.8753437113925||||50894.4921875|330|35200||||78083c|CSZ9038|X|X|0|0|7||||132|83|132|83|[]|636148156945000000|14:08:14:500
21|2.1|636147913918769465|78083c|50898.59375|9.8896050364969|98.8781761241097||||50898.5859375|330|35200||||78083c|CSZ9038|X|X|0|0|7||||132|83|132|83|[]|636148156985940000|14:08:18:594
21|2.1|636147913961203708|78083c|50902.828125|9.8980379016322|98.8820814204319||||50902.8203125|330|35200||||78083c|CSZ9038|X|X|0|0|7||||132|83|132|83|[]|636148157028280000|14:08:22:828
21|2.1|636147914003177905|78083c|50907.03125|9.9069213778816|98.886179835803||||50907.0234375|330|35200||||78083c|CSZ9038|X|X|0|0|7||||132|83|132|83|[]|636148157070310000|14:08:27:031
21|2.1|636147914043421929|78083c|50911.0546875|9.9146675975097|98.8896988940274||||50911.046875|330|35225||||78083c|CSZ9038|X|X|0|0|7||||132|83|132|83|[]|636148157110550000|14:08:31:055
21|2.1|636147914085856172|78083c|50915.3046875|9.9232077510055|98.8936685633659||||50915.296875|330|35225||||78083c|CSZ9038|X|X|0|0|7||||132|83|132|83|[]|636148157153050000|14:08:35:305
21|2.1|636147914128610447|78083c|50919.578125|9.9317693621734|98.8976167750323||||50919.5703125|330|35225||||78083c|CSZ9038|X|X|0|0|7||||132|83|132|83|[]|636148157195780000|14:08:39:578
21|2.1|636147914174305016|78083c|50924.1484375|9.9392366320642|98.9010500025683||||50924.140625|330|35200||||78083c|CSZ9038|X|X||0|7||||132|83|132|83|[]|636148157241480000|14:08:44:148
21|2.1|636147914216899275|78083c|50928.3984375|9.9478411585763|98.9050196719068||||50928.390625|330|35225||||78083c|CSZ9038|X|X||0|7||||132|83|132|83|[]|636148157283980000|14:08:48:398
21|2.1|636147914261523737|78083c|50932.859375|9.9572825343003|98.9093970370152||||50932.8515625|330.25|35225||||78083c|CSZ9038|X|X|0|0|7||||132|83|132|83|[]|636148157328590000|14:08:52:859
21|2.1|636147914303637948|78083c|50937.078125|9.9659728915008|98.9134096216979||||50937.0703125|330.5|35250||||78083c|CSZ9038|X|X|0|0|7||||132|83|132|83|[]|636148157370780000|14:08:57:078
21|2.1|636147914347312315|78083c|50941.4453125|9.9747061640455|98.9174436640527||||50941.4296875|330.75|35275||||78083c|CSZ9038|X|X|0|0|7||||132|83|132|83|[]|636148157414450000|14:09:01:445
21|2.1|636147914387736357|78083c|50945.4921875|9.9814438730849|98.9205335688351||||50945.484375|331.25|35325||||78083c|CSZ9038|X|X||0|7||||132|83|132|83|[]|636148157454920000|14:09:05:492
21|2.1|636147914431720755|78083c|50949.8828125|9.9901342302854|98.9245676111899||||50949.875|331.75|35400||||78083c|CSZ9038|X|X||0|7||||132|83|132|83|[]|636148157498830000|14:09:09:883
21|2.1|636147914472124795|78083c|50953.9296875|9.9984812647323|98.9283870768237||||50953.921875|332.25|35450||||78083c|CSZ9038|X|X||0|7||||132|83|132|83|[]|636148157539300000|14:09:13:930
21|2.1|636147914512528835|78083c|50957.9609375|10.0068068415071|98.9322494578017||||50957.953125|332.75|35500||||78083c|CSZ9038|X|X|0|0|7||||132|83|132|83|[]|636148157579610000|14:09:17:961
21|2.1|636147914556683250|78083c|50962.3828125|10.0159048944775|98.9364551615333||||50962.375|333|35525||||78083c|CSZ9038|X|X|0|0|7||||132|83|132|83|[]|636148157623830000|14:09:22:383
21|2.1|636147914600667648|78083c|50966.78125|10.0250673204642|98.9406394075928||||50966.7734375|333.5|35575||||78083c|CSZ9038|X|X||0|7||||132|83|132|83|[]|636148157667810000|14:09:26:781
21|2.1|636147914644972078|78083c|50971.2109375|10.0322556406177|98.9439438890962||||50971.203125|333.75|35600||||78083c|CSZ9038|X|X|0|0|7||||132|83|132|83|[]|636148157712110000|14:09:31:211
21|2.1|636147914688706451|78083c|50975.5703125|10.0414180666044|98.9481710504999||||50975.5625|334|35650||||78083c|CSZ9038|X|X|0|0|7||||132|83|132|83|[]|636148157755700000|14:09:35:570
21|2.1|636147914732490829|78083c|50979.9609375|10.0506234079353|98.9524196695757||||50979.953125|334.5|35700||||78083c|CSZ9038|X|X||0|7||||132|83|132|83|[]|636148157799610000|14:09:39:961
21|2.1|636147914775245104|78083c|50984.2421875|10.0594210534963|98.9564537119305||||50984.234375|335|35725||||78083c|CSZ9038|X|X|0|0|7||||132|83|132|83|[]|636148157842420000|14:09:44:242
21|2.1|636147914816429222|78083c|50988.359375|10.0678324609595|98.9603375505806||||50988.3515625|335.75|35800||||78083c|CSZ9038|X|X|0|0|7||||132|83|132|83|[]|636148157883590000|14:09:48:359
21|2.1|636147914858393418|78083c|50992.5546875|10.0766086488484|98.9643715929354||||50992.546875|336.5|35875||||78083c|CSZ9038|X|X||0|7||||132|83|132|83|[]|636148157925550000|14:09:52:555
21|2.1|636147914901917770|78083c|50996.9140625|10.0837755113298|98.9676760744388||||50996.90625|337.75|36000||||78083c|CSZ9038|X|X||0|7||||132|83|132|83|[]|636148157969140000|14:09:56:914
21|2.1|636147914946382216|78083c|51001.3515625|10.0928521066281|98.9719032358425||||51001.34375|339.25|36150||||78083c|CSZ9038|X|X||0|7||||132|83|132|83|[]|636148158013520000|14:10:01:352
21|2.1|636147914987566334|78083c|51005.4609375|10.1015210061565|98.9759158205252||||51005.453125|340.75|36325||||78083c|CSZ9038|X|X||0|7||||132|83|132|83|[]|636148158054610000|14:10:05:461
21|2.1|636147915032660843|78083c|51009.984375|10.1105332284385|98.9801215242568||||51009.9765625|342.5|36525||||78083c|CSZ9038|X|X|0|0|7||||132|83|132|83|[]|636148158099840000|14:10:09:984
21|2.1|636147915072744851|78083c|51013.984375|10.1187300591807|98.9838766168743||||51013.9765625|344|36675||||78083c|CSZ9038|X|X||0|7||||132|83|132|83|[]|636148158139840000|14:10:13:984
21|2.1|636147915115649141|78083c|51018.2734375|10.1253175645154|98.9869665216567||||51018.265625|345.25|36800||||78083c|CSZ9038|X|X||0|7||||132|83|132|83|[]|636148158182730000|14:10:18:273
21|2.1|636147915162133789|78083c|51022.921875|10.1350378899767|98.9914082597814||||51022.9140625|346.5|36925||||78083c|CSZ9038|X|X||0|7||||132|83|132|83|[]|636148158229220000|14:10:22:922
21|2.1|636147915202237799|78083c|51026.9296875|10.1426982789164|98.9950131486942||||51026.921875|347.25|37025||||78083c|CSZ9038|X|X|0|0|7||||132|83|132|83|[]|636148158269300000|14:10:26:930
21|2.1|636147915270094584|78083c|51033.71875|10.1566243081093|99.00140753498||||51033.7109375|348.75|37200||||78083c|CSZ9038|X|X|0|0|7||||132|83|132|83|[]|636148158337190000|14:10:33:719
21|2.1|636147915319549529|78083c|51038.671875|10.1666021256358|99.0059994768094||||51038.6640625|349.5|37300||||78083c|CSZ9038|X|X||0|7||||132|83|132|83|[]|636148158386720000|14:10:38:672
21|2.1|636147915368994473|78083c|51043.609375|10.1743483452639|99.0095399927059||||51043.6015625|349.75|37325||||78083c|CSZ9038|X|X|0|0|7||||132|83|132|83|[]|636148158436090000|14:10:43:609
21|2.1|636147915426870260|78083c|51049.3984375|10.1858711151816|99.0149044107309||||51049.390625|350|37375||||78083c|CSZ9038|X|X|0|0|7||||132|83|132|83|[]|636148158493980000|14:10:49:398
21|2.1|636147915492086781|78083c|51055.921875|10.1988744644742|99.0208911012468||||51055.9140625|350.25|37400||||78083c|CSZ9038|X|X||0|7||||132|83|132|83|[]|636148158559220000|14:10:55:922
21|2.1|636147915550592631|78083c|51061.7734375|10.2107620148176|99.0263628076323||||51061.765625|350.25|37400||||78083c|CSZ9038|X|X||0|7||||132|83|132|83|[]|636148158617730000|14:11:01:773
21|2.1|636147915612068778|78083c|51067.921875|10.2210831550977|99.0311264108385||||51067.9140625|350.25|37400||||78083c|CSZ9038|X|X||0|7||||132|83|132|83|[]|636148158679220000|14:11:07:922
