21|2.1|636147904335371221|80073a|49940.2890625|13.6831927177443|100.75879087997||||49940.28125|1.75|-100||||80073a|AIC331|X|X|0|0|8||||132|5|132|5|[]|636148147402890000|13:52:20:289
21|2.1|636147904386226306|80073a|49945.375|13.6804032203713|100.758082776791||||49945.375|1.75|-75||||80073a|AIC331|X|X||0|8||||132|5|132|5|[]|636148147453750000|13:52:25:375
21|2.1|636147904429440627|80073a|49949.6953125|13.677549349982|100.757353215939||||49949.6953125|1.75|-75||||80073a|AIC331|6141|X||0|8||||132|5|132|5|[]|636148147496950000|13:52:29:695
21|2.1|636147904476245307|80073a|49954.375|13.6743950721833|100.7565378244||||49954.375|2|-75||||80073a|AIC331|6141|X||0|8||||132|5|132|5|[]|636148147543750000|13:52:34:375
21|2.1|636147904519609643|80073a|49958.7109375|13.6712193367125|100.755700975188||||49958.703125|3.25|50||||80073a|AIC331|6141|X|0|0|8||||132|5|132|5|[]|636148147587110000|13:52:38:711
21|2.1|636147904562993981|80073a|49963.046875|13.6681723472743|100.754864125976||||49963.046875|4.5|200||||80073a|AIC331|6141|X|0|0|8||||132|5|132|5|[]|636148147630470000|13:52:43:047
21|2.1|636147904603067988|80073a|49967.046875|13.6652970192129|100.75409164978||||49967.046875|6|350||||80073a|AIC331|6141|X|0|0|8||||132|5|132|5|[]|636148147670470000|13:52:47:047
21|2.1|636147904643472028|80073a|49971.0859375|13.6623787758073|100.753254800568||||49971.0859375|7.5|500||||80073a|AIC331|6141|X|0|0|8||||132|5|132|5|[]|636148147710860000|13:52:51:086
21|2.1|636147904683736054|80073a|49975.125|13.6595034477459|100.752482324373||||49975.125|8.75|650||||80073a|AIC331|6141|X||0|8||||132|5|132|5|[]|636148147751250000|13:52:55:125
21|2.1|636147904727720452|80073a|49979.515625|13.6563277122751|100.751559644472||||49979.515625|10.5|825||||80073a|AIC331|6141|X||0|8||||132|5|132|5|[]|636148147795160000|13:52:59:516
21|2.1|636147904770934773|80073a|49983.8359375|13.6531734344764|100.750744252933||||49983.8359375|12|1000||||80073a|AIC331|6141|X||0|8||||132|5|132|5|[]|636148147838360000|13:53:03:836
21|2.1|636147904813829062|80073a|49988.1328125|13.6500406143498|100.749843030704||||49988.125|13.75|1175||||80073a|AIC331|6141|X||0|8||||132|5|132|5|[]|636148147881330000|13:53:08:133
21|2.1|636147904855343213|80073a|49992.2890625|13.6469721672395|100.748963266148||||49992.28125|15.5|1350||||80073a|AIC331|6141|X||0|8||||132|5|132|5|[]|636148147922890000|13:53:12:289
21|2.1|636147904905098188|80073a|49997.2578125|13.6433672783267|100.747997670904||||49997.2578125|17.25|1525||||80073a|AIC331|6141|X||0|8||||132|5|132|5|[]|636148147972580000|13:53:17:258
21|2.1|636147904947532431|80073a|50001.5|13.6402344582001|100.74713936402||||50001.4921875|19|1725||||80073a|AIC331|6141|X|0|0|8||||132|5|132|5|[]|636148148015000000|13:53:21:500
21|2.1|636147904988716549|80073a|50005.6171875|13.6371874687619|100.746281057136||||50005.6171875|20.5|1875||||80073a|AIC331|6141|X|0|0|8||||132|5|132|5|[]|636148148056170000|13:53:25:617
21|2.1|636147905029590636|80073a|50009.6953125|13.6341833946679|100.745487123268||||50009.6953125|21.75|2000||||80073a|AIC331|6141|X||0|8||||132|5|132|5|[]|636148148096950000|13:53:29:695
21|2.1|636147905072494926|80073a|50013.9921875|13.6310076591971|100.744628816384||||50013.984375|23.25|2200||||80073a|AIC331|6141|X||0|8||||132|5|132|5|[]|636148148139920000|13:53:33:992
21|2.1|636147905117269403|80073a|50018.4453125|13.6277246353658|100.7437705095||||50018.4453125|24.5|2300||||80073a|AIC331|6141|X||0|8||||132|5|132|5|[]|636148148184450000|13:53:38:445
21|2.1|636147905157363412|80073a|50022.4921875|13.6246776459276|100.742998033304||||50022.484375|25.75|2450||||80073a|AIC331|6141|X|0|0|8||||132|5|132|5|[]|636148148224920000|13:53:42:492
21|2.1|636147905197447420|80073a|50026.4921875|13.6216521141615|100.742225557109||||50026.484375|27|2575||||80073a|AIC331|6141|X|0|0|8||||132|5|132|5|[]|636148148264920000|13:53:46:492
21|2.1|636147905242541929|80073a|50031|13.6182403442976|100.741367250225||||50030.9921875|28.25|2725||||80073a|AIC331|6141|X|0|0|8||||132|5|132|5|[]|636148148310000000|13:53:51:000
21|2.1|636147905286066281|80073a|50035.359375|13.6149573204663|100.740530401013||||50035.3515625|29.25|2825||||80073a|AIC331|6141|X|0|0|8||||132|5|132|5|[]|636148148353590000|13:53:55:359
21|2.1|636147905330680742|80073a|50039.8125|13.611459719914|100.739650636457||||50039.8046875|30.5|2950||||80073a|AIC331|6141|X|0|0|8||||132|5|132|5|[]|636148148398130000|13:53:59:813
21|2.1|636147905371084782|80073a|50043.8515625|13.6083483574595|100.738899617933||||50043.84375|31.75|3100||||80073a|AIC331|6141|X|0|0|8||||132|5|132|5|[]|636148148438520000|13:54:03:852
21|2.1|636147905415239197|80073a|50048.265625|13.6048722145793|100.737998395705||||50048.265625|33|3225||||80073a|AIC331|6141|X|0|0|8||||132|5|132|5|[]|636148148482660000|13:54:08:266
21|2.1|636147905459853658|80073a|50052.7421875|13.6013102410107|100.737118631149||||50052.734375|34.25|3350||||80073a|AIC331|6141|X|0|0|8||||132|5|132|5|[]|636148148527420000|13:54:12:742
21|2.1|636147905502757948|80073a|50057.015625|13.5978340981305|100.736238866593||||50057.015625|34.75|3400||||80073a|AIC331|6141|X|0|0|8||||132|5|132|5|[]|636148148570160000|13:54:17:016
21|2.1|636147905543942066|80073a|50061.140625|13.5943794129224|100.735380559709||||50061.1328125|35.25|3475||||80073a|AIC331|6141|X|0|0|8||||132|5|132|5|[]|636148148611410000|13:54:21:141
21|2.1|636147905585596231|80073a|50065.296875|13.5907316086654|100.734414964464||||50065.296875|36|3550||||80073a|AIC331|6141|X|0|0|8||||132|5|132|5|[]|636148148652970000|13:54:25:297
21|2.1|636147905626310302|80073a|50069.3828125|13.5872983811294|100.733106046466||||50069.375|36.25|3575||||80073a|AIC331|6141|X|0|0|8||||132|5|132|5|[]|636148148693830000|13:54:29:383
21|2.1|636147905671704841|80073a|50073.90625|13.5834360001514|100.730981736928||||50073.90625|37|3625||||80073a|AIC331|6141|X|0|0|8||||132|5|132|5|[]|636148148739060000|13:54:33:906
21|2.1|636147905713369007|80073a|50078.0859375|13.5800886033038|100.728492646965||||50078.0859375|37.5|3700||||80073a|AIC331|6141|X|0|0|8||||132|5|132|5|[]|636148148780860000|13:54:38:086
21|2.1|636147905757353405|80073a|50082.4765625|13.576912867833|100.725488572871||||50082.4765625|37.75|3725||||80073a|AIC331|6141|X|0|0|8||||132|5|132|5|[]|636148148824770000|13:54:42:477
21|2.1|636147905856263295|80073a|50092.3828125|13.5695528863027|100.717785268587||||50092.375|39.25|3875||||80073a|AIC331|6141|X|0|0|8||||132|5|132|5|[]|636148148923830000|13:54:52:383
21|2.1|636147905901197788|80073a|50096.859375|13.5660552857504|100.714180379674||||50096.8515625|40|3950||||80073a|AIC331|6141|X|0|0|8||||132|5|132|5|[]|636148148968590000|13:54:56:859
21|2.1|636147905942701938|80073a|50101.015625|13.562750804247|100.710682779122||||50101.015625|40.75|4050||||80073a|AIC331|6141|X|0|0|8||||132|5|132|5|[]|636148149010160000|13:55:01:016
21|2.1|636147905984816149|80073a|50105.2265625|13.5596394417925|100.706841855816||||50105.2265625|41.5|4125||||80073a|AIC331|6141|X|0|0|8||||132|5|132|5|[]|636148149052270000|13:55:05:227
21|2.1|636147906028960563|80073a|50109.6484375|13.5569357751079|100.702249913987||||50109.6484375|42.25|4200||||80073a|AIC331|6141|X|0|0|8||||132|5|132|5|[]|636148149096480000|13:55:09:648
21|2.1|636147906069984665|80073a|50113.7265625|13.5551762459957|100.697464853108||||50113.7265625|43|4275||||80073a|AIC331|6141|X|0|0|8||||132|5|132|5|[]|636148149137270000|13:55:13:727
21|2.1|636147906113359002|80073a|50118.078125|13.5541033623907|100.692057519739||||50118.078125|43.75|4375||||80073a|AIC331|6141|X|0|0|8||||132|5|132|5|[]|636148149180780000|13:55:18:078
21|2.1|636147906157353401|80073a|50122.4765625|13.5539746163581|100.686392694305||||50122.4765625|45|4500||||80073a|AIC331|6141|X|0|0|8||||132|5|132|5|[]|636148149224770000|13:55:22:477
21|2.1|636147906197757441|80073a|50126.5234375|13.5546612618653|100.681071191624||||50126.515625|46.25|4625||||80073a|AIC331|6141|X|0|0|8||||132|5|132|5|[]|636148149265230000|13:55:26:523
21|2.1|636147906241911856|80073a|50130.9296875|13.5563349602891|100.675492196878||||50130.921875|47.75|4800||||80073a|AIC331|6141|X|0|0|8||||132|5|132|5|[]|636148149309300000|13:55:30:930
21|2.1|636147906283406005|80073a|50135.0859375|13.5587596772364|100.670471101606||||50135.0859375|49.5|4975||||80073a|AIC331|6141|X|0|0|8||||132|5|132|5|[]|636148149350860000|13:55:35:086
21|2.1|636147906325840248|80073a|50139.3125|13.5619139550351|100.665836244433||||50139.3046875|51|5125||||80073a|AIC331|6141|X|0|0|8||||132|5|132|5|[]|636148149393130000|13:55:39:313
21|2.1|636147906366864350|80073a|50143.4296875|13.5657334206689|100.661952405783||||50143.421875|52.5|5275||||80073a|AIC331|6141|X|0|0|8||||132|5|132|5|[]|636148149434300000|13:55:43:430
21|2.1|636147906406808344|80073a|50147.4296875|13.5698532937121|100.658540635919||||50147.421875|54.25|5450||||80073a|AIC331|6141|X|0|0|8||||132|5|132|5|[]|636148149474300000|13:55:47:430
21|2.1|636147906450332696|80073a|50151.78125|13.5744452355415|100.655150323727||||50151.7734375|56.25|5650||||80073a|AIC331|6141|X|0|0|8||||132|5|132|5|[]|636148149517810000|13:55:51:781
21|2.1|636147906493076970|80073a|50156.0625|13.5791444657314|100.651867299896||||50156.0546875|58|5875||||80073a|AIC331|6141|X|0|0|8||||132|5|132|5|[]|636148149560630000|13:55:56:063
21|2.1|636147906534731135|80073a|50160.21875|13.583779322905|100.648648649081||||50160.21875|60|6075||||80073a|AIC331|6141|X|0|0|8||||132|5|132|5|[]|636148149602190000|13:56:00:219
21|2.1|636147906579975659|80073a|50164.75|13.5887789605043|100.645279794561||||50164.7421875|62|6275||||80073a|AIC331|6141|X|0|0|8||||132|5|132|5|[]|636148149647500000|13:56:04:750
21|2.1|636147906624590120|80073a|50169.2109375|13.5938000557757|100.641953855386||||50169.203125|64|6500||||80073a|AIC331|6141|X|0|0|8||||132|5|132|5|[]|636148149692110000|13:56:09:211
21|2.1|636147906666554316|80073a|50173.3984375|13.5985207436377|100.638842492931||||50173.3984375|66|6700||||80073a|AIC331|6141|X|0|0|8||||132|5|132|5|[]|636148149733980000|13:56:13:398
21|2.1|636147906706488309|80073a|50177.3984375|13.6029410240903|100.635859876509||||50177.3984375|67.75|6900||||80073a|AIC331|6141|X|0|0|8||||132|5|132|5|[]|636148149773980000|13:56:17:398
21|2.1|636147906750962756|80073a|50181.84375|13.6078977463454|100.632576852678||||50181.8359375|69.75|7075||||80073a|AIC331|6141|X|0|0|8||||132|5|132|5|[]|636148149818440000|13:56:21:844
21|2.1|636147906792606920|80073a|50186.0078125|13.6126184342074|100.629508405568||||50186.0078125|71.75|7325||||80073a|AIC331|6141|X|0|0|8||||132|5|132|5|[]|636148149860080000|13:56:26:008
21|2.1|636147906836911350|80073a|50190.4296875|13.6175966141346|100.626289754753||||50190.4296875|73.75|7525||||80073a|AIC331|6141|X|0|0|8||||132|5|132|5|[]|636148149904300000|13:56:30:430
21|2.1|636147906881215780|80073a|50194.859375|13.6225533363897|100.623071103938||||50194.859375|75.75|7775||||80073a|AIC331|6141|X|0|0|8||||132|5|132|5|[]|636148149948590000|13:56:34:859
21|2.1|636147906923179976|80073a|50199.0625|13.6272954819238|100.619981199155||||50199.0546875|77.5|7950||||80073a|AIC331|6141|X|0|0|8||||132|5|132|5|[]|636148149990630000|13:56:39:063
21|2.1|636147906964374095|80073a|50203.1796875|13.6319303390974|100.616934209717||||50203.1796875|79.25|8125||||80073a|AIC331|6141|X|0|0|8||||132|5|132|5|[]|636148150031800000|13:56:43:180
21|2.1|636147907008518509|80073a|50207.59375|13.6370587227293|100.613608270541||||50207.5859375|81.25|8325||||80073a|AIC331|6141|X|0|0|8||||132|5|132|5|[]|636148150075940000|13:56:47:594
21|2.1|636147907053132970|80073a|50212.046875|13.6419939873123|100.61032524671||||50212.046875|83|8525||||80073a|AIC331|6141|X|0|0|8||||132|5|132|5|[]|636148150120470000|13:56:52:047
21|2.1|636147907095727229|80073a|50216.3203125|13.6468863365511|100.607106595895||||50216.3125|85|8725||||80073a|AIC331|6141|X|0|0|8||||132|5|132|5|[]|636148150163200000|13:56:56:320
21|2.1|636147907136911347|80073a|50220.4375|13.6515211937247|100.604038148785||||50220.4375|86.5|8875||||80073a|AIC331|6141|X|0|0|8||||132|5|132|5|[]|636148150204380000|13:57:00:438
21|2.1|636147907180905746|80073a|50224.84375|13.6564993736519|100.600669294265||||50224.8359375|88.25|9050||||80073a|AIC331|6141|X|0|0|8||||132|5|132|5|[]|636148150248440000|13:57:04:844
21|2.1|636147907225830238|80073a|50229.3203125|13.6616492149559|100.597278982073||||50229.3125|90.25|9275||||80073a|AIC331|6141|X|0|0|8||||132|5|132|5|[]|636148150293200000|13:57:09:320
21|2.1|636147907267334388|80073a|50233.4765625|13.6663055298016|100.594124704275||||50233.4765625|92|9475||||80073a|AIC331|6141|X|0|0|8||||132|5|132|5|[]|636148150334770000|13:57:13:477
21|2.1|636147907308518506|80073a|50237.6015625|13.671112048352|100.590863138115||||50237.59375|94|9675||||80073a|AIC331|6141|X|0|0|8||||132|5|132|5|[]|636148150376020000|13:57:17:602
21|2.1|636147907358743528|80073a|50242.6171875|13.6768412468027|100.58702221481||||50242.6171875|96.5|9925||||80073a|AIC331|6141|X|0|0|8||||132|5|132|5|[]|636148150426170000|13:57:22:617
21|2.1|636147907432070860|80073a|50249.9296875|13.6856174346916|100.582108407899||||50249.9296875|100|10350||||80073a|AIC331|6141|X||0|8||||132|5|132|5|[]|636148150499300000|13:57:29:930
21|2.1|636147907477315384|80073a|50254.46875|13.6914324638307|100.579748063968||||50254.46875|102|10525||||80073a|AIC331|6141|X|0|0|8||||132|5|132|5|[]|636148150544690000|13:57:34:469
21|2.1|636147907521779830|80073a|50258.8984375|13.6974406120187|100.577945619511||||50258.8984375|104|10750||||80073a|AIC331|6141|X||0|8||||132|5|132|5|[]|636148150588980000|13:57:38:898
21|2.1|636147907568424494|80073a|50263.59375|13.7038349983045|100.576701074529||||50263.5859375|106|10975||||80073a|AIC331|6141|X||0|8||||132|5|132|5|[]|636148150635940000|13:57:43:594
21|2.1|636147907616629314|80073a|50268.4140625|13.7105727073439|100.576035886694||||50268.40625|108.25|11200||||80073a|AIC331|6141|X|0|0|8||||132|5|132|5|[]|636148150684140000|13:57:48:414
21|2.1|636147907662493900|80073a|50273|13.717031466646|100.576035886694||||50273|110.5|11450||||80073a|AIC331|6141|X|0|0|8||||132|5|132|5|[]|636148150730000000|13:57:53:000
21|2.1|636147907706488299|80073a|50277.3984375|13.7232112762108|100.576379209448||||50277.3984375|112.5|11650||||80073a|AIC331|6141|X|0|0|8||||132|5|132|5|[]|636148150773980000|13:57:57:398
21|2.1|636147907746902340|80073a|50281.4375|13.7288761016452|100.576615243841||||50281.4375|114.25|11825||||80073a|AIC331|6141|X|0|0|8||||132|5|132|5|[]|636148150814380000|13:58:01:438
21|2.1|636147907789016551|80073a|50285.6484375|13.734841334489|100.576851278234||||50285.6484375|116.25|12025||||80073a|AIC331|6141|X|0|0|8||||132|5|132|5|[]|636148150856480000|13:58:05:648
21|2.1|636147907829110560|80073a|50289.6484375|13.7405490752676|100.577001481939||||50289.6484375|118|12225||||80073a|AIC331|6141|X|0|0|8||||132|5|132|5|[]|636148150896480000|13:58:09:648
21|2.1|636147907872004849|80073a|50293.953125|13.7467288848324|100.577130227971||||50293.9453125|119.25|12400||||80073a|AIC331|6141|X|0|0|8||||132|5|132|5|[]|636148150939530000|13:58:13:953
21|2.1|636147907915219170|80073a|50298.2578125|13.7530159827577|100.577280431676||||50298.2578125|120.25|12500||||80073a|AIC331|6141|X|0|0|8||||132|5|132|5|[]|636148150982580000|13:58:18:258
21|2.1|636147907956713319|80073a|50302.421875|13.7592387076667|100.577366262365||||50302.4140625|121|12575||||80073a|AIC331|6141|X|0|0|8||||132|5|132|5|[]|636148151024220000|13:58:22:422
21|2.1|636147907998837531|80073a|50306.6171875|13.7655901786083|100.577516466069||||50306.6171875|122|12675||||80073a|AIC331|6141|X|0|0|8||||132|5|132|5|[]|636148151066170000|13:58:26:617
21|2.1|636147908039561603|80073a|50310.703125|13.7718343611894|100.577666669774||||50310.6953125|122.75|12775||||80073a|AIC331|6141|X|0|0|8||||132|5|132|5|[]|636148151107030000|13:58:30:703
21|2.1|636147908083245971|80073a|50315.0625|13.7785076972125|100.577645212102||||50315.0546875|123.75|12875||||80073a|AIC331|6141|X|0|0|8||||132|5|132|5|[]|636148151150630000|13:58:35:063
21|2.1|636147908127700416|80073a|50319.5078125|13.7855243559892|100.577130227971||||50319.5078125|124.75|13000||||80073a|AIC331|6141|X||0|8||||132|5|132|5|[]|636148151195080000|13:58:39:508
21|2.1|636147908171534799|80073a|50323.890625|13.7924122687333|100.575928598334||||50323.890625|125.75|13075||||80073a|AIC331|6141|X|0|0|8||||132|5|132|5|[]|636148151238910000|13:58:43:891
21|2.1|636147908217399385|80073a|50328.484375|13.7993860121658|100.573954492501||||50328.4765625|126.75|13200||||80073a|AIC331|6141|X|0|0|8||||132|5|132|5|[]|636148151284840000|13:58:48:484
21|2.1|636147908260613706|80073a|50332.796875|13.8060593481889|100.571315198832||||50332.796875|127.5|13275||||80073a|AIC331|6141|X|0|0|8||||132|5|132|5|[]|636148151327970000|13:58:52:797
21|2.1|636147908300707715|80073a|50336.796875|13.8119602080164|100.568375497755||||50336.796875|128.5|13400||||80073a|AIC331|6141|X|0|0|8||||132|5|132|5|[]|636148151367970000|13:58:56:797
21|2.1|636147908340961740|80073a|50340.84375|13.8176035757787|100.564813524186||||50340.8359375|129.75|13500||||80073a|AIC331|6141|X|0|0|8||||132|5|132|5|[]|636148151408440000|13:59:00:844
21|2.1|636147908384176061|80073a|50345.1640625|13.8233542319015|100.560521989766||||50345.15625|131.25|13675||||80073a|AIC331|6141|X|0|0|8||||132|5|132|5|[]|636148151451640000|13:59:05:164
21|2.1|636147908433320975|80073a|50350.0703125|13.8294052954337|100.554878622004||||50350.0703125|133.25|13875||||80073a|AIC331|6141|X|0|0|8||||132|5|132|5|[]|636148151500700000|13:59:10:070
21|2.1|636147908474965139|80073a|50354.2421875|13.8341259832957|100.549578576995||||50354.2265625|135|14075||||80073a|AIC331|6141|X|0|0|8||||132|5|132|5|[]|636148151542420000|13:59:14:242
21|2.1|636147908516939336|80073a|50358.4296875|13.8383746023715|100.5438064632||||50358.4296875|136.75|14250||||80073a|AIC331|6141|X|0|0|8||||132|5|132|5|[]|636148151584300000|13:59:18:430
21|2.1|636147908561553797|80073a|50362.8984375|13.8424086447263|100.537283330882||||50362.8984375|138.75|14500||||80073a|AIC331|6141|X|0|0|8||||132|5|132|5|[]|636148151628980000|13:59:22:898
21|2.1|636147908601957837|80073a|50366.9375|13.845562922525|100.531167894333||||50366.9375|140.5|14675||||80073a|AIC331|6141|X|0|0|8||||132|5|132|5|[]|636148151669380000|13:59:26:938
21|2.1|636147908645962237|80073a|50371.34375|13.84878157334|100.524322896933||||50371.3359375|142.5|14875||||80073a|AIC331|6141|X|0|0|8||||132|5|132|5|[]|636148151713440000|13:59:31:344
21|2.1|636147908687296370|80073a|50375.46875|13.851785647434|100.517885595303||||50375.46875|144.5|15075||||80073a|AIC331|6141|X|0|0|8||||132|5|132|5|[]|636148151754690000|13:59:35:469
21|2.1|636147908728010441|80073a|50379.5546875|13.8546824331675|100.511405378329||||50379.546875|146.25|15275||||80073a|AIC331|6141|X|0|0|8||||132|5|132|5|[]|636148151795550000|13:59:39:555
21|2.1|636147908770444684|80073a|50383.7890625|13.8574719305405|100.504496007913||||50383.7890625|148.25|15475||||80073a|AIC331|6141|X|0|0|8||||132|5|132|5|[]|636148151837890000|13:59:43:789
21|2.1|636147908811788818|80073a|50387.921875|13.8598966474878|100.497715383529||||50387.90625|150|15650||||80073a|AIC331|6141|X|0|0|8||||132|5|132|5|[]|636148151879220000|13:59:47:922
21|2.1|636147908860933732|80073a|50392.84375|13.8624501104677|100.489582925803||||50392.8359375|152|15875||||80073a|AIC331|6141|X|0|0|8||||132|5|132|5|[]|636148151928440000|13:59:52:844
21|2.1|636147908903828021|80073a|50397.1328125|13.8644671316451|100.482265859617||||50397.1171875|153.75|16100||||80073a|AIC331|6141|X|0|0|8||||132|5|132|5|[]|636148151971330000|13:59:57:133
21|2.1|636147908949062544|80073a|50401.6484375|13.8662481184294|100.474476724645||||50401.6484375|155|16225||||80073a|AIC331|6141|X|0|0|8||||132|5|132|5|[]|636148152016480000|14:00:01:648
21|2.1|636147908989476585|80073a|50405.6875|13.8676857824601|100.467266946819||||50405.6875|155.75|16325||||80073a|AIC331|6141|X|0|0|8||||132|5|132|5|[]|636148152056880000|14:00:05:688
21|2.1|636147909030660703|80073a|50409.8125|13.8688230390814|100.459928422961||||50409.8046875|156.25|16375||||80073a|AIC331|6141|X|0|0|8||||132|5|132|5|[]|636148152098130000|14:00:09:813
21|2.1|636147909072154852|80073a|50413.953125|13.8697242613096|100.452439695398||||50413.9453125|156.75|16425||||80073a|AIC331|6141|X|0|0|8||||132|5|132|5|[]|636148152139530000|14:00:13:953
21|2.1|636147909117239360|80073a|50418.46875|13.8707327718983|100.444114118624||||50418.4609375|157.5|16525||||80073a|AIC331|6141|X||0|8||||132|5|132|5|[]|636148152184690000|14:00:18:469
21|2.1|636147909158433479|80073a|50422.59375|13.8716339941265|100.436475187356||||50422.578125|158.25|16600||||80073a|AIC331|6141|X|0|0|8||||132|5|132|5|[]|636148152225940000|14:00:22:594
21|2.1|636147909198827518|80073a|50426.625|13.8725781316989|100.428728967728||||50426.6171875|158.75|16650||||80073a|AIC331|6141|X||0|8||||132|5|132|5|[]|636148152266250000|14:00:26:625
21|2.1|636147909239241559|80073a|50430.6640625|13.8734793539271|100.42109003646||||50430.65625|159.5|16725||||80073a|AIC331|6141|X||0|8||||132|5|132|5|[]|636148152306640000|14:00:30:664
21|2.1|636147909283696004|80073a|50435.109375|13.8745736952042|100.412442594604||||50435.109375|160.25|16825||||80073a|AIC331|6141|X|0|0|8||||132|5|132|5|[]|636148152351090000|14:00:35:109
21|2.1|636147909328320466|80073a|50439.5703125|13.8756465788092|100.403859525764||||50439.5703125|161.25|16925||||80073a|AIC331|6141|X|0|0|8||||132|5|132|5|[]|636148152395700000|14:00:39:570
21|2.1|636147909370284662|80073a|50443.7734375|13.8766121740537|100.395619779678||||50443.765625|162|17000||||80073a|AIC331|6141|X||0|8||||132|5|132|5|[]|636148152437730000|14:00:43:773
21|2.1|636147909410378671|80073a|50447.78125|13.8775992269703|100.387723356345||||50447.765625|163|17125||||80073a|AIC331|6141|X|0|0|8||||132|5|132|5|[]|636148152477810000|14:00:47:781
21|2.1|636147909461863819|80073a|50452.9296875|13.8788437719521|100.377402216065||||50452.9296875|164.5|17300||||80073a|AIC331|6141|X|0|0|8||||132|5|132|5|[]|636148152529300000|14:00:52:930
21|2.1|636147909502267859|80073a|50456.96875|13.8798308248687|100.369398504371||||50456.96875|165.75|17400||||80073a|AIC331|6141|X|0|0|8||||132|5|132|5|[]|636148152569690000|14:00:56:969
21|2.1|636147909546102242|80073a|50461.328125|13.8809466238179|100.360579401138||||50461.3046875|167.5|17600||||80073a|AIC331|6141|X|0|0|8||||132|5|132|5|[]|636148152613280000|14:01:01:328
21|2.1|636147909586976329|80073a|50465.4296875|13.8819551344066|100.352339655052||||50465.4296875|169|17750||||80073a|AIC331|6141|X|0|0|8||||132|5|132|5|[]|636148152654300000|14:01:05:430
21|2.1|636147909628470478|80073a|50469.578125|13.8829851026674|100.344056993621||||50469.578125|170.5|17925||||80073a|AIC331|6141|X|0|0|8||||132|5|132|5|[]|636148152695780000|14:01:09:578
21|2.1|636147909668874518|80073a|50473.6328125|13.8840579862724|100.335817247535||||50473.6171875|172.25|18125||||80073a|AIC331|6141|X|0|0|8||||132|5|132|5|[]|636148152736330000|14:01:13:633
21|2.1|636147909711938824|80073a|50477.9453125|13.8851308698774|100.327105432662||||50477.9375|174|18325||||80073a|AIC331|6141|X|0|0|8||||132|5|132|5|[]|636148152779450000|14:01:17:945
21|2.1|636147909753122942|80073a|50482.0625|13.8861608381382|100.318822771232||||50482.0546875|175.5|18475||||80073a|AIC331|6141|X|0|0|8||||132|5|132|5|[]|636148152820630000|14:01:22:063
21|2.1|636147909793206950|80073a|50486.0625|13.8871693487269|100.310711771178||||50486.0625|177.25|18675||||80073a|AIC331|6141|X|0|0|8||||132|5|132|5|[]|636148152860630000|14:01:26:063
21|2.1|636147909836891318|80073a|50490.4296875|13.8882851476761|100.301763921912||||50490.4296875|179.25|18850||||80073a|AIC331|6141|X|0|0|8||||132|5|132|5|[]|636148152904300000|14:01:30:430
21|2.1|636147909879955624|80073a|50494.734375|13.8893151159369|100.293030649367||||50494.7265625|180.75|19000||||80073a|AIC331|6141|X|0|0|8||||132|5|132|5|[]|636148152947340000|14:01:34:734
21|2.1|636147909923009929|80073a|50499.0390625|13.8904309148861|100.284254461479||||50499.0390625|182.25|19200||||80073a|AIC331|6141|X|0|0|8||||132|5|132|5|[]|636148152990390000|14:01:39:039
21|2.1|636147909967004328|80073a|50503.4453125|13.8915252561632|100.275242239197||||50503.4375|183.5|19325||||80073a|AIC331|6141|X|0|0|8||||132|5|132|5|[]|636148153034450000|14:01:43:445
21|2.1|636147910009128540|80073a|50507.6484375|13.8926195974403|100.266573339668||||50507.6484375|185|19475||||80073a|AIC331|6141|X|0|0|8||||132|5|132|5|[]|636148153076480000|14:01:47:648
21|2.1|636147910054053032|80073a|50512.1484375|13.8937997694058|100.257282167649||||50512.1484375|186.5|19675||||80073a|AIC331|6141|X|0|0|8||||132|5|132|5|[]|636148153121480000|14:01:52:148
21|2.1|636147910094457072|80073a|50516.1953125|13.8948726530108|100.248827844841||||50516.1875|187.75|19775||||80073a|AIC331|6141|X|0|0|8||||132|5|132|5|[]|636148153161950000|14:01:56:195
21|2.1|636147910134551081|80073a|50520.1953125|13.8958811635995|100.240480810395||||50520.1875|189.25|19950||||80073a|AIC331|6141|X|0|0|8||||132|5|132|5|[]|636148153201950000|14:02:00:195
21|2.1|636147910178855511|80073a|50524.625|13.897061335565|100.23133984208||||50524.6171875|190.75|20100||||80073a|AIC331|6141|X|0|0|8||||132|5|132|5|[]|636148153246250000|14:02:04:625
21|2.1|636147910224100035|80073a|50529.1484375|13.8982200498584|100.221962839372||||50529.140625|192.5|20300||||80073a|AIC331|6141|X|0|0|8||||132|5|132|5|[]|636148153291480000|14:02:09:148
21|2.1|636147910264194044|80073a|50533.1484375|13.8992929334634|100.213572889581||||50533.1484375|194|20450||||80073a|AIC331|6141|X|0|0|8||||132|5|132|5|[]|636148153331480000|14:02:13:148
21|2.1|636147910308348459|80073a|50537.578125|13.9004516477568|100.20436754825||||50537.5703125|195.5|20600||||80073a|AIC331|6141|X|0|0|8||||132|5|132|5|[]|636148153375780000|14:02:17:578
21|2.1|636147910351562780|80073a|50541.8515625|13.9015889043781|100.195312410624||||50541.8515625|196.75|20750||||80073a|AIC331|6141|X|0|0|8||||132|5|132|5|[]|636148153418520000|14:02:21:852
21|2.1|636147910395397163|80073a|50546.28125|13.9027905340157|100.186021238605||||50546.28125|198|20900||||80073a|AIC331|6141|X|0|0|8||||132|5|132|5|[]|636148153462810000|14:02:26:281
21|2.1|636147910437981421|80073a|50550.53125|13.9039063329649|100.176901727962||||50550.515625|199.25|21025||||80073a|AIC331|6141|X|0|0|8||||132|5|132|5|[]|636148153505310000|14:02:30:531
21|2.1|636147910491646787|80073a|50555.8984375|13.9053439969956|100.165378958045||||50555.8984375|201|21225||||80073a|AIC331|6141|X|0|0|8||||132|5|132|5|[]|636148153558980000|14:02:35:898
21|2.1|636147910537671389|80073a|50560.5|13.9065456266332|100.155551344223||||50560.5|202.5|21375||||80073a|AIC331|6141|X|0|0|8||||132|5|132|5|[]|636148153605000000|14:02:40:500
21|2.1|636147910578865508|80073a|50564.625|13.9076399679103|100.146818071678||||50564.6171875|203.75|21500||||80073a|AIC331|6141|X|0|0|8||||132|5|132|5|[]|636148153646250000|14:02:44:625
21|2.1|636147910625500171|80073a|50569.2890625|13.9089274282363|100.136711508119||||50569.2890625|205.5|21700||||80073a|AIC331|6141|X|0|0|8||||132|5|132|5|[]|636148153692890000|14:02:49:289
21|2.1|636147910666374258|80073a|50573.3828125|13.9100003118413|100.128085523935||||50573.3671875|206.75|21825||||80073a|AIC331|6141|X|0|0|8||||132|5|132|5|[]|636148153733830000|14:02:53:383
21|2.1|636147910710998720|80073a|50577.84375|13.9112448568231|100.118408113818||||50577.8359375|208.25|22000||||80073a|AIC331|6141|X|0|0|8||||132|5|132|5|[]|636148153778440000|14:02:57:844
21|2.1|636147910752172837|80073a|50581.9609375|13.9123606557723|100.10954609524||||50581.9609375|209.5|22150||||80073a|AIC331|6141|X|0|0|8||||132|5|132|5|[]|636148153819610000|14:03:01:961
21|2.1|636147910793056925|80073a|50586.0546875|13.9134979123936|100.100641161319||||50586.0390625|210.5|22250||||80073a|AIC331|6141|X|0|0|8||||132|5|132|5|[]|636148153860550000|14:03:06:055
21|2.1|636147910837201339|80073a|50590.453125|13.9147424573754|100.091092497234||||50590.453125|211.5|22350||||80073a|AIC331|6141|X|0|0|8||||132|5|132|5|[]|636148153904530000|14:03:10:453
21|2.1|636147910881815800|80073a|50594.921875|13.915944087013|100.081264883413||||50594.90625|213|22525||||80073a|AIC331|6141|X|0|0|8||||132|5|132|5|[]|636148153949220000|14:03:14:922
21|2.1|636147910926130231|80073a|50599.3515625|13.9171242589785|100.07163038864||||50599.3359375|214.5|22675||||80073a|AIC331|6141|X|0|0|8||||132|5|132|5|[]|636148153993520000|14:03:19:352
21|2.1|636147910966844302|80073a|50603.421875|13.9182615155998|100.062618166358||||50603.421875|215.75|22800||||80073a|AIC331|6141|X|0|0|8||||132|5|132|5|[]|636148154034220000|14:03:23:422
21|2.1|636147911006778295|80073a|50607.421875|13.9193129415327|100.053863436141||||50607.421875|217.25|22950||||80073a|AIC331|6141|X|0|0|8||||132|5|132|5|[]|636148154074220000|14:03:27:422
21|2.1|636147911048902507|80073a|50611.6328125|13.920450198154|100.044636637138||||50611.6171875|218.5|23075||||80073a|AIC331|6141|X|0|0|8||||132|5|132|5|[]|636148154116330000|14:03:31:633
21|2.1|636147911093366953|80073a|50616.0859375|13.9216518277916|100.034959227021||||50616.0703125|220|23275||||80073a|AIC331|6141|X|0|0|8||||132|5|132|5|[]|636148154160860000|14:03:36:086
21|2.1|636147911135801196|80073a|50620.328125|13.9227890844129|100.025496393625||||50620.3125|221.5|23425||||80073a|AIC331|6141|X|0|0|8||||132|5|132|5|[]|636148154203280000|14:03:40:328
21|2.1|636147911176515267|80073a|50624.390625|13.92388342569|100.016462713671||||50624.390625|222.75|23550||||80073a|AIC331|6141|X|0|0|8||||132|5|132|5|[]|636148154243910000|14:03:44:391
21|2.1|636147911220669682|80073a|50628.8125|13.9250850553276|100.006699472865||||50628.8125|224.25|23725||||80073a|AIC331|6141|X|0|0|8||||132|5|132|5|[]|636148154288130000|14:03:48:813
21|2.1|636147911269804595|80073a|50633.71875|13.9264368886699|99.9958633484545||||50633.71875|226|23900||||80073a|AIC331|6141|X|0|0|8||||132|5|132|5|[]|636148154337190000|14:03:53:719
21|2.1|636147911313478962|80073a|50638.09375|13.9276385183075|99.986100107649||||50638.09375|227.25|24050||||80073a|AIC331|6141|X|0|0|8||||132|5|132|5|[]|636148154380940000|14:03:58:094
21|2.1|636147911354043018|80073a|50642.140625|13.9287543172567|99.9772166313996||||50642.1328125|228.75|24200||||80073a|AIC331|6141|X|0|0|8||||132|5|132|5|[]|636148154421410000|14:04:02:141
21|2.1|636147911398197433|80073a|50646.5546875|13.9299559468943|99.967431932922||||50646.546875|230|24325||||80073a|AIC331|6141|X|0|0|8||||132|5|132|5|[]|636148154465550000|14:04:06:555
21|2.1|636147911440161629|80073a|50650.765625|13.9311361188598|99.9580549302143||||50650.75|231.25|24450||||80073a|AIC331|6141|X|0|0|8||||132|5|132|5|[]|636148154507660000|14:04:10:766
21|2.1|636147911482285841|80073a|50654.9609375|13.9322948331532|99.9486993851787||||50654.953125|232.5|24625||||80073a|AIC331|6141|X|0|0|8||||132|5|132|5|[]|636148154549610000|14:04:14:961
21|2.1|636147911526120224|80073a|50659.3515625|13.9334964627908|99.9388717713569||||50659.34375|234|24775||||80073a|AIC331|6141|X|0|0|8||||132|5|132|5|[]|636148154593520000|14:04:19:352
21|2.1|636147911571364748|80073a|50663.875|13.9347839231168|99.928808123142||||50663.859375|235.5|24925||||80073a|AIC331|6141|X|0|0|8||||132|5|132|5|[]|636148154638750000|14:04:23:875
21|2.1|636147911620809692|80073a|50668.8203125|13.9362001294754|99.9175857606337||||50668.8125|237.25|25100||||80073a|AIC331|6141|X|0|0|8||||132|5|132|5|[]|636148154688200000|14:04:28:820
21|2.1|636147911664804091|80073a|50673.2109375|13.9374875898014|99.9077366891398||||50673.203125|238.75|25275||||80073a|AIC331|6141|X|0|0|8||||132|5|132|5|[]|636148154732110000|14:04:33:211
21|2.1|636147911713488959|80073a|50678.09375|13.9388608808158|99.8967074456804||||50678.09375|240.25|25450||||80073a|AIC331|6141|X|0|0|8||||132|5|132|5|[]|636148154780940000|14:04:38:094
21|2.1|636147911754513061|80073a|50682.1796875|13.9400195951092|99.8876952233984||||50682.171875|241.75|25575||||80073a|AIC331|6141|X|0|0|8||||132|5|132|5|[]|636148154821800000|14:04:42:180
21|2.1|636147911794447054|80073a|50686.1796875|13.9411353940584|99.8786830011164||||50686.171875|242.75|25700||||80073a|AIC331|6141|X|0|0|8||||132|5|132|5|[]|636148154861800000|14:04:46:180
21|2.1|636147911836261235|80073a|50690.359375|13.9423584813681|99.8692416253924||||50690.3515625|244|25825||||80073a|AIC331|6141|X|0|0|8||||132|5|132|5|[]|636148154903590000|14:04:50:359
21|2.1|636147911880095618|80073a|50694.7421875|13.9436030263499|99.8593067232101||||50694.7421875|245.25|25950||||80073a|AIC331|6141|X|0|0|8||||132|5|132|5|[]|636148154947420000|14:04:54:742
21|2.1|636147911924090017|80073a|50699.15625|13.9448261136596|99.8493289056836||||50699.140625|246.25|26100||||80073a|AIC331|6141|X|0|0|8||||132|5|132|5|[]|636148154991560000|14:04:59:156
21|2.1|636147911967774385|80073a|50703.5234375|13.9460706586414|99.8393725458292||||50703.5078125|247|26175||||80073a|AIC331|6141|X|0|0|8||||132|5|132|5|[]|636148155035230000|14:05:03:523
21|2.1|636147912008178425|80073a|50707.5625|13.9471864575906|99.8302101198425||||50707.546875|247.75|26250||||80073a|AIC331|6141|X|0|0|8||||132|5|132|5|[]|636148155075630000|14:05:07:563
21|2.1|636147912049982605|80073a|50711.7421875|13.948345171884|99.8206185404138||||50711.734375|248.5|26325||||80073a|AIC331|6141|X|0|0|8||||132|5|132|5|[]|636148155117420000|14:05:11:742
21|2.1|636147912092106817|80073a|50715.9453125|13.9495253438495|99.8110269609851||||50715.9296875|249.75|26450||||80073a|AIC331|6141|X||0|8||||132|5|132|5|[]|636148155159450000|14:05:15:945
21|2.1|636147912141571763|80073a|50720.890625|13.9508986348639|99.7998045984768||||50720.8828125|251.25|26625||||80073a|AIC331|6141|X|0|0|8||||132|5|132|5|[]|636148155208910000|14:05:20:891
21|2.1|636147912185086114|80073a|50725.25|13.9521431798457|99.7897194925898||||50725.25|252.5|26775||||80073a|AIC331|6141|X|0|0|8||||132|5|132|5|[]|636148155252500000|14:05:25:250
21|2.1|636147912229090514|80073a|50729.640625|13.9534091824996|99.7796343867028||||50729.6328125|253.5|26850||||80073a|AIC331|6141|X|0|0|8||||132|5|132|5|[]|636148155296410000|14:05:29:641
21|2.1|636147912270264631|80073a|50733.765625|13.9545464391209|99.7701715533067||||50733.75|254.75|27000||||80073a|AIC331|6141|X|0|0|8||||132|5|132|5|[]|636148155337660000|14:05:33:766
21|2.1|636147912313318936|80073a|50738.0703125|13.9557909841027|99.7602581087965||||50738.0625|255.75|27125||||80073a|AIC331|6141|X|0|0|8||||132|5|132|5|[]|636148155380700000|14:05:38:070
21|2.1|636147912356853289|80073a|50742.421875|13.9570355290845|99.7501300875653||||50742.421875|256.75|27225||||80073a|AIC331|6141|X|0|0|8||||132|5|132|5|[]|636148155424220000|14:05:42:422
21|2.1|636147912400997703|80073a|50746.84375|13.9582586163942|99.7399376933178||||50746.828125|258|27375||||80073a|AIC331|6141|X|0|0|8||||132|5|132|5|[]|636148155468440000|14:05:46:844
21|2.1|636147912443591962|80073a|50751.1015625|13.9594817037039|99.7299813334634||||50751.09375|259|27475||||80073a|AIC331|6141|X|0|0|8||||132|5|132|5|[]|636148155511020000|14:05:51:102
21|2.1|636147912484616064|80073a|50755.203125|13.9605975026531|99.7204755847231||||50755.203125|260|27575||||80073a|AIC331|6141|X|0|0|8||||132|5|132|5|[]|636148155552030000|14:05:55:203
21|2.1|636147912525960198|80073a|50759.328125|13.9617562169465|99.7109483783107||||50759.3203125|260.75|27650||||80073a|AIC331|6141|X|0|0|8||||132|5|132|5|[]|636148155593280000|14:05:59:328
21|2.1|636147912572444846|80073a|50763.984375|13.9630651349446|99.7001980845886||||50763.96875|261.75|27775||||80073a|AIC331|6141|X|0|0|8||||132|5|132|5|[]|636148155639840000|14:06:03:984
21|2.1|636147912613628964|80073a|50768.1015625|13.9642667645822|99.690413386111||||50768.09375|263|27900||||80073a|AIC331|6141|X|0|0|8||||132|5|132|5|[]|636148155681020000|14:06:08:102
21|2.1|636147912657783379|80073a|50772.515625|13.9655327672361|99.6801566188472||||50772.5078125|264|28000||||80073a|AIC331|6141|X|0|0|8||||132|5|132|5|[]|636148155725160000|14:06:12:516
21|2.1|636147912701617762|80073a|50776.90625|13.9668416852342|99.6698569362392||||50776.8984375|265.25|28150||||80073a|AIC331|6141|X|0|0|8||||132|5|132|5|[]|636148155769060000|14:06:16:906
21|2.1|636147912744992099|80073a|50781.234375|13.9680647725439|99.6597718303522||||50781.21875|266.25|28250||||80073a|AIC331|6141|X|0|0|8||||132|5|132|5|[]|636148155812340000|14:06:21:234
21|2.1|636147912788666466|80073a|50785.6015625|13.9693522328699|99.6494506900721||||50785.59375|267.25|28350||||80073a|AIC331|6141|X|0|0|8||||132|5|132|5|[]|636148155856020000|14:06:25:602
21|2.1|636147912831260725|80073a|50789.859375|13.9705753201796|99.6396016185782||||50789.8515625|268.25|28475||||80073a|AIC331|6141|X|0|0|8||||132|5|132|5|[]|636148155898590000|14:06:29:859
21|2.1|636147912871974796|80073a|50793.9296875|13.9717769498172|99.6299456661332||||50793.9296875|269.25|28600||||80073a|AIC331|6141|X|0|0|8||||132|5|132|5|[]|636148155939300000|14:06:33:930
21|2.1|636147912914099008|80073a|50798.140625|13.9729785794548|99.620032221623||||50798.1328125|270.25|28675||||80073a|AIC331|6141|X|0|0|8||||132|5|132|5|[]|636148155981410000|14:06:38:141
21|2.1|636147912955913189|80073a|50802.3359375|13.9742445821087|99.6100973194407||||50802.328125|271|28750||||80073a|AIC331|6141|X|0|0|8||||132|5|132|5|[]|636148156023360000|14:06:42:336
21|2.1|636147912999587556|80073a|50806.6953125|13.9754891270905|99.5999263828653||||50806.6796875|272.25|28900||||80073a|AIC331|6141|X|0|0|8||||132|5|132|5|[]|636148156066950000|14:06:46:695
21|2.1|636147913040301627|80073a|50810.765625|13.9766478413839|99.590206057404||||50810.7578125|273.25|29025||||80073a|AIC331|6141|X|0|0|8||||132|5|132|5|[]|636148156107660000|14:06:50:766
21|2.1|636147913085076104|80073a|50815.2421875|13.9779996747262|99.5795201366982||||50815.2421875|274.25|29125||||80073a|AIC331|6141|X|0|0|8||||132|5|132|5|[]|636148156152420000|14:06:55:242
21|2.1|636147913125480144|80073a|50819.296875|13.9791369313475|99.57003584563||||50819.28125|275|29200||||80073a|AIC331|6141|X|0|0|8||||132|5|132|5|[]|636148156192970000|14:06:59:297
21|2.1|636147913167144310|80073a|50823.453125|13.9803814763293|99.5599936550872||||50823.4453125|276.25|29325||||80073a|AIC331|6141|X|0|0|8||||132|5|132|5|[]|636148156234530000|14:07:03:453
21|2.1|636147913208788474|80073a|50827.609375|13.9817118519995|99.5500158375607||||50827.609375|277.25|29450||||80073a|AIC331|6141|X|0|0|8||||132|5|132|5|[]|636148156276090000|14:07:07:609
21|2.1|636147913251692764|80073a|50831.9140625|13.983321177407|99.5398449009853||||50831.9140625|278.25|29550||||80073a|AIC331|6141|X|0|0|8||||132|5|132|5|[]|636148156319140000|14:07:11:914
21|2.1|636147913294917086|80073a|50836.234375|13.9852738255681|99.529695422082||||50836.21875|279.25|29650||||80073a|AIC331|6141|X|0|0|8||||132|5|132|5|[]|636148156362340000|14:07:16:234
21|2.1|636147913336561250|80073a|50840.390625|13.9874625081223|99.520039469637||||50840.3828125|280|29750||||80073a|AIC331|6141|X|0|0|8||||132|5|132|5|[]|636148156403910000|14:07:20:391
21|2.1|636147913376495243|80073a|50844.390625|13.9899301404138|99.5107482976177||||50844.3828125|280.75|29825||||80073a|AIC331|6141|X||0|8||||132|5|132|5|[]|636148156443910000|14:07:24:391
21|2.1|636147913418619455|80073a|50848.59375|13.9926767224426|99.5010065144843||||50848.578125|281.75|29925||||80073a|AIC331|6141|X||0|8||||132|5|132|5|[]|636148156485940000|14:07:28:594
21|2.1|636147913462303823|80073a|50852.9609375|13.9957880848971|99.4908784932531||||50852.953125|282.5|30000||||80073a|AIC331|6141|X||0|8||||132|5|132|5|[]|636148156529610000|14:07:32:961
21|2.1|636147913507698362|80073a|50857.5|13.9990925664005|99.4802784032357||||50857.4921875|283.75|30150||||80073a|AIC331|6141|X|0|0|8||||132|5|132|5|[]|636148156575000000|14:07:37:500
21|2.1|636147913547952387|80073a|50861.53125|14.0020751828224|99.4710730619048||||50861.53125|284.75|30250||||80073a|AIC331|6141|X|0|0|8||||132|5|132|5|[]|636148156615310000|14:07:41:531
21|2.1|636147913589296521|80073a|50865.6640625|14.0051436299327|99.4616531438529||||50865.6484375|285.5|30325||||80073a|AIC331|6141|X|0|0|8||||132|5|132|5|[]|636148156656640000|14:07:45:664
21|2.1|636147913631100701|80073a|50869.8515625|14.0083408230756|99.4519757337358||||50869.84375|286.5|30425||||80073a|AIC331|6141|X|0|0|8||||132|5|132|5|[]|636148156698520000|14:07:49:852
21|2.1|636147913674004991|80073a|50874.1328125|14.0116238469069|99.4421266622419||||50874.125|287.5|30575||||80073a|AIC331|6141|X|0|0|8||||132|5|132|5|[]|636148156741330000|14:07:54:133
21|2.1|636147913718929483|80073a|50878.625|14.015078532115|99.4317626066176||||50878.609375|288.75|30675||||80073a|AIC331|6141|X|0|0|8||||132|5|132|5|[]|636148156786250000|14:07:58:625
21|2.1|636147913762623852|80073a|50883|14.0184688443068|99.4216775007306||||50882.9921875|290|30825||||80073a|AIC331|6141|X|0|0|8||||132|5|132|5|[]|636148156830000000|14:08:03:000
21|2.1|636147913806608250|80073a|50887.390625|14.0218162411544|99.4118069715646||||50887.3828125|291.25|30950||||80073a|AIC331|6141|X|0|0|8||||132|5|132|5|[]|636148156873910000|14:08:07:391
21|2.1|636147913850132602|80073a|50891.75|14.0252065533462|99.4017004080055||||50891.7421875|292.25|31050||||80073a|AIC331|6141|X|0|0|8||||132|5|132|5|[]|636148156917500000|14:08:11:750
21|2.1|636147913890536642|80073a|50895.796875|14.0283393734728|99.3925379820188||||50895.78125|293|31150||||80073a|AIC331|6141|X|0|0|8||||132|5|132|5|[]|636148156957970000|14:08:15:797
21|2.1|636147913934221010|80073a|50900.1640625|14.0317296856646|99.3824099607876||||50900.15625|293.75|31225||||80073a|AIC331|6141|X|0|0|8||||132|5|132|5|[]|636148157001640000|14:08:20:164
21|2.1|636147913978055393|80073a|50904.546875|14.0351843708727|99.3722604818843||||50904.53125|294.75|31325||||80073a|AIC331|6141|X|0|0|8||||132|5|132|5|[]|636148157045470000|14:08:24:547
21|2.1|636147914019239511|80073a|50908.65625|14.0383815640156|99.3628191061603||||50908.640625|295.5|31425||||80073a|AIC331|6141|X|0|0|8||||132|5|132|5|[]|636148157086560000|14:08:28:656
21|2.1|636147914060733660|80073a|50912.8125|14.0416216725027|99.353098780699||||50912.8046875|296.25|31500||||80073a|AIC331|6141|X|0|0|8||||132|5|132|5|[]|636148157128130000|14:08:32:813
21|2.1|636147914104418028|80073a|50917.1875|14.0449476116782|99.3431424208446||||50917.171875|297.5|31650||||80073a|AIC331|6141|X|0|0|8||||132|5|132|5|[]|636148157171880000|14:08:37:188
21|2.1|636147914152632849|80073a|50921.9921875|14.0486812466236|99.332070262041||||50921.984375|298.75|31775||||80073a|AIC331|6141|X|0|0|8||||132|5|132|5|[]|636148157219920000|14:08:41:992
21|2.1|636147914196147200|80073a|50926.3515625|14.0520715588154|99.3219422408098||||50926.34375|300|31900||||80073a|AIC331|6141|X|0|0|8||||132|5|132|5|[]|636148157263520000|14:08:46:352
21|2.1|636147914237811366|80073a|50930.515625|14.0552472942862|99.3122219153485||||50930.5|301|32025||||80073a|AIC331|6141|X|0|0|8||||132|5|132|5|[]|636148157305160000|14:08:50:516
21|2.1|636147914282735858|80073a|50935|14.0585088604454|99.3017720290358||||50934.9921875|302.25|32150||||80073a|AIC331|6141|X|0|0|8||||132|5|132|5|[]|636148157350000000|14:08:55:000
21|2.1|636147914322679852|80073a|50939|14.0613627308347|99.2925023146886||||50938.9921875|303.5|32300||||80073a|AIC331|6141|X|0|0|8||||132|5|132|5|[]|636148157390000000|14:08:59:000
21|2.1|636147914366824266|80073a|50943.421875|14.0643668049287|99.2822240897527||||50943.4140625|305|32450||||80073a|AIC331|6141|X|0|0|8||||132|5|132|5|[]|636148157434220000|14:09:03:422
21|2.1|636147914408178401|80073a|50947.546875|14.0671133869575|99.2726539679961||||50947.53125|306.25|32575||||80073a|AIC331|6141|X|0|0|8||||132|5|132|5|[]|636148157475470000|14:09:07:547
21|2.1|636147914453552938|80073a|50952.09375|14.0700530880352|99.2621397086671||||50952.0859375|307.5|32725||||80073a|AIC331|6141|X|0|0|8||||132|5|132|5|[]|636148157520940000|14:09:12:094
21|2.1|636147914502857868|80073a|50957.0234375|14.0731644504897|99.2504881927168||||50957.015625|309|32875||||80073a|AIC331|6141|X|0|0|8||||132|5|132|5|[]|636148157570230000|14:09:17:023
21|2.1|636147914542951877|80073a|50961.0234375|14.075589167437|99.2411111900091||||50961.015625|310|33000||||80073a|AIC331|6141|X|0|0|8||||132|5|132|5|[]|636148157610230000|14:09:21:023
21|2.1|636147914582895871|80073a|50965.0234375|14.0779280536959|99.2317341873014||||50965.015625|311.25|33125||||80073a|AIC331|6141|X|0|0|8||||132|5|132|5|[]|636148157650230000|14:09:25:023
21|2.1|636147914627040285|80073a|50969.4453125|14.0804386013316|99.2213701316771||||50969.4296875|312.5|33250||||80073a|AIC331|6141|X|0|0|8||||132|5|132|5|[]|636148157694450000|14:09:29:445
21|2.1|636147914667904371|80073a|50973.5234375|14.0826487415579|99.2117570945763||||50973.515625|313.75|33375||||80073a|AIC331|6141|X|0|0|8||||132|5|132|5|[]|636148157735230000|14:09:33:523
21|2.1|636147914713458926|80073a|50978.0703125|14.085030543161|99.2011355468868||||50978.0625|315|33525||||80073a|AIC331|6141|X|0|0|8||||132|5|132|5|[]|636148157780700000|14:09:38:070
21|2.1|636147914755743154|80073a|50982.3125|14.0872192257152|99.1909860679835||||50982.3046875|315.75|33600||||80073a|AIC331|6141|X|0|0|8||||132|5|132|5|[]|636148157823130000|14:09:42:313
21|2.1|636147914797397319|80073a|50986.4765625|14.089322077581|99.1813086578664||||50986.4609375|316.5|33675||||80073a|AIC331|6141|X|0|0|8||||132|5|132|5|[]|636148157864770000|14:09:46:477
21|2.1|636147914839051484|80073a|50990.640625|14.0915322178073|99.1713093826678||||50990.6328125|317.25|33775||||80073a|AIC331|6141|X|0|0|8||||132|5|132|5|[]|636148157906410000|14:09:50:641
21|2.1|636147914880545633|80073a|50994.78125|14.0936350696731|99.1615890572065||||50994.7734375|317.75|33825||||80073a|AIC331|6141|X|0|0|8||||132|5|132|5|[]|636148157947810000|14:09:54:781
21|2.1|636147914922519830|80073a|50998.984375|14.0958237522273|99.15161123968||||50998.9765625|318.5|33900||||80073a|AIC331|6141|X|0|0|8||||132|5|132|5|[]|636148157989840000|14:09:58:984
21|2.1|636147914962453823|80073a|51002.984375|14.0978836887489|99.1421269486118||||51002.9765625|319.25|34000||||80073a|AIC331|6141|X|0|0|8||||132|5|132|5|[]|636148158029840000|14:10:02:984
21|2.1|636147915004728050|80073a|51007.2109375|14.1001367443194|99.131870181348||||51007.203125|319.75|34050||||80073a|AIC331|6141|X|0|0|8||||132|5|132|5|[]|636148158072110000|14:10:07:211
21|2.1|636147915052152792|80073a|51011.9453125|14.1025829189388|99.1206263611676||||51011.9296875|320|34075||||80073a|AIC331|6141|X|0|0|8||||132|5|132|5|[]|636148158119450000|14:10:11:945
21|2.1|636147915095987175|80073a|51016.328125|14.1049003475256|99.1100691864944||||51016.3125|320|34075||||80073a|AIC331|6141|X|0|0|8||||132|5|132|5|[]|636148158163280000|14:10:16:328
21|2.1|636147915151842760|80073a|51021.921875|14.1078400486033|99.096679599104||||51021.9140625|320|34100||||80073a|AIC331|6141|X|0|0|8||||132|5|132|5|[]|636148158219220000|14:10:21:922
21|2.1|636147915201137689|80073a|51026.8515625|14.1104364269274|99.0849422524653||||51026.84375|320|34075||||80073a|AIC331|6141|X|0|0|8||||132|5|132|5|[]|636148158268520000|14:10:26:852
21|2.1|636147915242011776|80073a|51030.9375|14.1125392787932|99.0751360963156||||51030.921875|320|34075||||80073a|AIC331|6141|X|0|0|8||||132|5|132|5|[]|636148158309380000|14:10:30:938
21|2.1|636147915290066581|80073a|51035.7421875|14.1150498264289|99.0637206147584||||51035.734375|320|34100||||80073a|AIC331|6141|X|0|0|8||||132|5|132|5|[]|636148158357420000|14:10:35:742
21|2.1|636147915339831557|80073a|51040.7109375|14.1176676624251|99.0518116067429||||51040.703125|320|34075||||80073a|AIC331|6141|X|0|0|8||||132|5|132|5|[]|636148158407110000|14:10:40:711
21|2.1|636147915380545628|80073a|51044.796875|14.1197490566188|99.0423273156747||||51044.78125|320|34100||||80073a|AIC331|6141|X||0|8||||132|5|132|5|[]|636148158447970000|14:10:44:797
21|2.1|636147915421419715|80073a|51048.875|14.1218733661567|99.0326069902134||||51048.8671875|320|34075||||80073a|AIC331|6141|X|0|0|8||||132|5|132|5|[]|636148158488750000|14:10:48:875
21|2.1|636147915468694442|80073a|51053.6015625|14.1243409984482|99.0212344240004||||51053.59375|320|34100||||80073a|AIC331|6141|X||0|8||||132|5|132|5|[]|636148158536020000|14:10:53:602
21|2.1|636147915531710743|80073a|51059.8671875|14.1275381915911|99.0066002916282||||51059.8515625|320|34075||||80073a|AIC331|6141|X||0|8||||132|5|132|5|[]|636148158598670000|14:10:59:867
21|2.1|636147915572584830|80073a|51063.984375|14.1296839588011|98.9969443391832||||51063.9765625|320|34075||||80073a|AIC331|6141|X||0|8||||132|5|132|5|[]|636148158639840000|14:11:03:984
21|2.1|636147915620159587|80073a|51068.7578125|14.1321515910926|98.9856146883144||||51068.7421875|319.75|34075||||80073a|AIC331|6141|X||0|8||||132|5|132|5|[]|636148158687580000|14:11:08:758
