21|2.1|636147897419489702|800b9d|49248.6796875|7.1662616665812|96.3771771524942||||49248.671875|390|41500||||800b9d|AXB622|X|X|0|0|7||||132|83|132|83|[]|636148140486800000|13:40:48:680
21|2.1|636147897464274180|800b9d|49253.171875|7.1606182988189|96.3841508959267||||49253.1640625|390|41475||||800b9d|AXB622|X|X|0|0|7||||132|83|132|83|[]|636148140531720000|13:40:53:172
21|2.1|636147897505608313|800b9d|49257.3046875|7.1552109654497|96.3907813166056||||49257.296875|390|41475||||800b9d|AXB622|X|X|0|0|7||||132|83|132|83|[]|636148140573050000|13:40:57:305
21|2.1|636147897549442696|800b9d|49261.6796875|7.1495890553595|96.3977765177102||||49261.671875|390|41475||||800b9d|AXB622|X|X||0|7||||132|83|132|83|[]|636148140616800000|13:41:01:680
21|2.1|636147897595787330|800b9d|49266.3203125|7.1436667378599|96.40502921088||||49266.3125|390|41475||||800b9d|AXB622|X|X|0|0|7||||132|83|132|83|[]|636148140663200000|13:41:06:320
21|2.1|636147897641331884|800b9d|49270.875|7.1377658780324|96.4122819040498||||49270.8671875|390|41475||||800b9d|AXB622|X|X|0|0|7||||132|83|132|83|[]|636148140708750000|13:41:10:875
21|2.1|636147897858183567|800b9d|49292.5625|7.1101283963676|96.4464639757051||||49292.5546875|390|41500||||800b9d|AXB622|X|X||0|7||||132|83|132|83|[]|636148140925630000|13:41:32:563
21|2.1|636147897898587607|800b9d|49296.59375|7.1050000127357|96.4527510736304||||49296.5859375|390|||||800b9d|AXB622|X|X||0|7||||132|83|132|83|[]|636148140965940000|13:41:36:594
21|2.1|636147897946322380|800b9d|49301.375|7.0988202031709|96.4603256318817||||49301.3671875|390|41500||||800b9d|AXB622|X|X|0|0|7||||132|83|132|83|[]|636148141013750000|13:41:41:375
21|2.1|636147898044612208|800b9d|49311.1875|7.0862674649924|96.4758180711379||||49311.1875|390|41500||||800b9d|AXB622|X|X|0|0|7||||132|83|132|83|[]|636148141111880000|13:41:51:188
21|2.1|636147898142742020|800b9d|49321.0078125|7.0736932691418|96.491289052722||||49321.0078125|390|41500||||800b9d|AXB622|X|X||0|7||||132|83|132|83|[]|636148141210080000|13:42:01:008
21|2.1|636147898191256871|800b9d|49325.859375|7.0672774251839|96.499228391399||||49325.8515625|390|41500||||800b9d|AXB622|X|X|0|0|7||||132|83|132|83|[]|636148141258590000|13:42:05:859
21|2.1|636147898231970942|800b9d|49329.9296875|7.0621704992241|96.5055154893243||||49329.921875|390|41500||||800b9d|AXB622|X|X|0|0|7||||132|83|132|83|[]|636148141299300000|13:42:09:930
21|2.1|636147898273785123|800b9d|49334.109375|7.0567417081828|96.5121459100032||||49334.1015625|390|41500||||800b9d|AXB622|X|X|0|0|7||||132|83|132|83|[]|636148141341090000|13:42:14:109
21|2.1|636147898317769521|800b9d|49338.5078125|7.0511197980926|96.5191196534357||||49338.5078125|390|41475||||800b9d|AXB622|X|X|0|0|7||||132|83|132|83|[]|636148141385080000|13:42:18:508
21|2.1|636147898359893733|800b9d|49342.734375|7.0457768377397|96.5257286164425||||49342.7265625|390|41475||||800b9d|AXB622|X|X|0|0|7||||132|83|132|83|[]|636148141427340000|13:42:22:734
21|2.1|636147898419489692|800b9d|49348.6796875|7.0380949911279|96.5352558228549||||49348.671875|390|41475||||800b9d|AXB622|X|X|0|0|7||||132|83|132|83|[]|636148141486800000|13:42:28:680
21|2.1|636147898632751016|800b9d|49370|7.0109081205772|96.5687297913309||||49369.9921875|390|41475||||800b9d|AXB622|X|X|0|0|7||||132|83|132|83|[]|636148141700000000|13:42:50:000
21|2.1|636147899640241755|800b9d|49470.765625|6.881260865749|96.7279886336571||||49470.75|390|41475||||800b9d|X|X|X||0|7||||132|83|132|83|[]|636148142707660000|13:44:30:766
21|2.1|636147899700607791|800b9d|49476.8046875|6.8735790191372|96.7374514670532||||49476.78125|390|41475||||800b9d|X|X|X|0|0|7||||132|83|132|83|[]|636148142768050000|13:44:36:805
21|2.1|636147899742732003|800b9d|49481|6.8681502280959|96.7441677184205||||49480.9921875|390|41475||||800b9d|AXB622|X|X|0|0|7||||132|83|132|83|[]|636148142810000000|13:44:41:000
21|2.1|636147899789686698|800b9d|49485.703125|6.8619704185311|96.7517422766718||||49485.6953125|390|41475||||800b9d|AXB622|X|X|0|0|7||||132|83|132|83|[]|636148142857030000|13:44:45:703
21|2.1|636147900351612885|800b9d|49541.90625|6.7894005714889|96.8409203619194||||49541.890625|390|41475||||800b9d|AXB622|X|X||0|7||||132|83|132|83|[]|636148143419060000|13:45:41:906
21|2.1|636147900419479671|800b9d|49548.6796875|6.7806029259279|96.8517350286578||||49548.671875|390|41475||||800b9d|AXB622|X|X||0|7||||132|83|132|83|[]|636148143486800000|13:45:48:680
21|2.1|636147900475175240|800b9d|49554.25|6.7733931481023|96.8606399625793||||49554.2421875|390|41475||||800b9d|AXB622|X|X||0|7||||132|83|132|83|[]|636148143542500000|13:45:54:250
21|2.1|636147900521349857|800b9d|49558.859375|6.7674922882748|96.8678926557491||||49558.8515625|390|41475||||800b9d|AXB622|X|X||0|7||||132|83|132|83|[]|636148143588590000|13:45:58:859
21|2.1|636147900570954817|800b9d|49563.8203125|6.7612695633658|96.8755315870167||||49563.8125|390|41475||||800b9d|AXB622|X|X||0|7||||132|83|132|83|[]|636148143638200000|13:46:03:820
21|2.1|636147900613859107|800b9d|49568.125|6.7555832802593|96.8825053304492||||49568.1171875|390|41475||||800b9d|AXB622|X|X||0|7||||132|83|132|83|[]|636148143681250000|13:46:08:125
21|2.1|636147900657543475|800b9d|49572.484375|6.7499184548249|96.8895005315538||||49572.4765625|390|41475||||800b9d|AXB622|X|X|0|0|7||||132|83|132|83|[]|636148143724840000|13:46:12:484
21|2.1|636147900699667687|800b9d|49576.6953125|6.7444896637836|96.896195325249||||49576.6875|390|41475||||800b9d|AXB622|X|X||0|7||||132|83|132|83|[]|636148143766950000|13:46:16:695
21|2.1|636147900752863006|800b9d|49582.0234375|6.7377948700884|96.9044350713354||||49582.015625|390|41475||||800b9d|AXB622|X|X|0|0|7||||132|83|132|83|[]|636148143820230000|13:46:22:023
21|2.1|636147901166894405|800b9d|49623.421875|6.6843008935431|96.9700740902893||||49623.4140625|390|41475||||800b9d|AXB622|X|X|0|0|7||||132|83|132|83|[]|636148144234220000|13:47:03:422
21|2.1|636147901215259241|800b9d|49628.265625|6.6778635919131|96.9779705136221||||49628.25|390|41475||||800b9d|AXB622|X|X|0|0|7||||132|83|132|83|[]|636148144282660000|13:47:08:266
21|2.1|636147901255513266|800b9d|49632.28125|6.6727137506091|96.9843219845637||||49632.2734375|390|41475||||800b9d|AXB622|X|X||0|7||||132|83|132|83|[]|636148144322810000|13:47:12:281
21|2.1|636147901323210035|800b9d|49639.0546875|6.6639590203923|96.99511519363||||49639.046875|390|41475||||800b9d|AXB622|X|X|0|0|7||||132|83|132|83|[]|636148144390550000|13:47:19:055
21|2.1|636147901392016915|800b9d|49645.9296875|6.6551613748313|97.0059084026963||||49645.921875|390|41475||||800b9d|AXB622|X|X||0|7||||132|83|132|83|[]|636148144459300000|13:47:25:930
21|2.1|636147901439761689|800b9d|49650.7109375|6.6489601075944|97.0134829609476||||49650.703125|390|41475||||800b9d|AXB622|X|X|0|0|7||||132|83|132|83|[]|636148144507110000|13:47:30:711
21|2.1|636147901487646477|800b9d|49655.5|6.6427159250133|97.0211218922152||||49655.4921875|390|41475||||800b9d|AXB622|X|X||0|7||||132|83|132|83|[]|636148144555000000|13:47:35:500
21|2.1|636147901843812090|800b9d|49691.1015625|6.5966463030146|97.0777057735429||||49691.09375|390|41475||||800b9d|AXB622|X|X||0|7||||132|83|132|83|[]|636148144911020000|13:48:11:102
21|2.1|636147901902787987|800b9d|49697.0078125|6.5890932024354|97.0869754878901||||49696.9921875|390|41475||||800b9d|AXB622|X|X||0|7||||132|83|132|83|[]|636148144970080000|13:48:17:008
21|2.1|636147901950352743|800b9d|49701.7734375|6.5828704775264|97.0946144191577||||49701.765625|390|41475||||800b9d|AXB622|X|X|0|0|7||||132|83|132|83|[]|636148145017730000|13:48:21:773
21|2.1|636147901993417049|800b9d|49706.0703125|6.5771412790757|97.1016310779344||||49706.0625|390|41500||||800b9d|AXB622|X|X|0|0|7||||132|83|132|83|[]|636148145060700000|13:48:26:070
21|2.1|636147902034911198|800b9d|49710.2265625|6.5719270647554|97.1080040065481||||49710.2109375|390|41475||||800b9d|AXB622|X|X||0|7||||132|83|132|83|[]|636148145102270000|13:48:30:227
21|2.1|636147902082645971|800b9d|49714.9921875|6.5657043398464|97.1156858531599||||49714.984375|390|41475||||800b9d|AXB622|X|X|0|0|7||||132|83|132|83|[]|636148145149920000|13:48:34:992
21|2.1|636147902124150121|800b9d|49719.140625|6.5602326334609|97.1224021045272||||49719.1328125|390|41475||||800b9d|AXB622|X|X|0|0|7||||132|83|132|83|[]|636148145191410000|13:48:39:141
21|2.1|636147902165804286|800b9d|49723.3046875|6.5547609270754|97.1290968982224||||49723.296875|390|41475||||800b9d|AXB622|X|X|0|0|7||||132|83|132|83|[]|636148145233050000|13:48:43:305
21|2.1|636147902213539059|800b9d|49728.0859375|6.5484952868222|97.1367787448342||||49728.0703125|390|41475||||800b9d|AXB622|X|X|0|0|7||||132|83|132|83|[]|636148145280860000|13:48:48:086
21|2.1|636147902292166921|800b9d|49735.953125|6.5383028925747|97.1493100253406||||49735.9453125|390|41475||||800b9d|AXB622|X|X|0|0|7||||132|83|132|83|[]|636148145359530000|13:48:55:953
21|2.1|636147902349882692|800b9d|49741.7109375|6.5307283343234|97.1585797396878||||49741.703125|390|41475||||800b9d|AXB622|X|X|0|0|7||||132|83|132|83|[]|636148145417110000|13:49:01:711
21|2.1|636147902395287232|800b9d|49746.2578125|6.5247201861354|97.165918263546||||49746.2421875|390|41475||||800b9d|AXB622|X|X|0|0|7||||132|83|132|83|[]|636148145462580000|13:49:06:258
21|2.1|636147902436151318|800b9d|49750.34375|6.5195059718151|97.1723770228481||||49750.3359375|390|41475||||800b9d|AXB622|X|X|0|0|7||||132|83|132|83|[]|636148145503440000|13:49:10:344
21|2.1|636147902477025405|800b9d|49754.4375|6.5139698924133|97.1790932742154||||49754.421875|390|41475||||800b9d|AXB622|X|X|0|0|7||||132|83|132|83|[]|636148145544380000|13:49:14:438
21|2.1|636147902522589961|800b9d|49758.9921875|6.5082192362905|97.1861743060084||||49758.984375|390|41475||||800b9d|AXB622|X|X|0|0|7||||132|83|132|83|[]|636148145589920000|13:49:18:992
21|2.1|636147902564084110|800b9d|49763.140625|6.502747529905|97.1929120150478||||49763.1328125|390|41475||||800b9d|AXB622|X|X|0|0|7||||132|83|132|83|[]|636148145631410000|13:49:23:141
21|2.1|636147902607298431|800b9d|49767.453125|6.4969754161101|97.1999715891687||||49767.4453125|390|41475||||800b9d|AXB622|X|X||0|7||||132|83|132|83|[]|636148145674530000|13:49:27:453
21|2.1|636147902648162517|800b9d|49771.546875|6.4917182864456|97.2064088907987||||49771.53125|390|41475||||800b9d|AXB622|X|X|0|0|7||||132|83|132|83|[]|636148145715470000|13:49:31:547
21|2.1|636147902688726573|800b9d|49775.6015625|6.486439699109|97.2128032770845||||49775.59375|390|41475||||800b9d|AXB622|X|X||0|7||||132|83|132|83|[]|636148145756020000|13:49:35:602
21|2.1|636147902733201020|800b9d|49780.0546875|6.480431550921|97.2202490893032||||49780.046875|390|41475||||800b9d|AXB622|X|X||0|7||||132|83|132|83|[]|636148145800550000|13:49:40:055
21|2.1|636147902777035403|800b9d|49784.421875|6.4748954715192|97.2270082560147||||49784.4140625|390|41475||||800b9d|AXB622|X|X||0|7||||132|83|132|83|[]|636148145844220000|13:49:44:422
21|2.1|636147902820239723|800b9d|49788.7578125|6.4691233577243|97.2341107454798||||49788.7421875|390|41475||||800b9d|AXB622|X|X|0|0|7||||132|83|132|83|[]|636148145887580000|13:49:48:758
21|2.1|636147902863464045|800b9d|49793.0859375|6.4633512439294|97.2411703196007||||49793.0859375|390|41475||||800b9d|AXB622|X|X|0|0|7||||132|83|132|83|[]|636148145930860000|13:49:53:086
21|2.1|636147902904018100|800b9d|49797.1328125|6.4580941142649|97.247671994247||||49797.125|390|41475||||800b9d|AXB622|X|X|0|0|7||||132|83|132|83|[]|636148145971330000|13:49:57:133
21|2.1|636147902945052203|800b9d|49801.234375|6.452536577191|97.2544311609585||||49801.2265625|390|41475||||800b9d|AXB622|X|X||0|7||||132|83|132|83|[]|636148146012340000|13:50:01:234
21|2.1|636147903004168114|800b9d|49807.15625|6.4449191035955|97.2638081636662||||49807.140625|390|41475||||800b9d|AXB622|X|X||0|7||||132|83|132|83|[]|636148146071560000|13:50:07:156
21|2.1|636147903044422139|800b9d|49811.171875|6.439661973931|97.2702454652962||||49811.1640625|390|41475||||800b9d|AXB622|X|X||0|7||||132|83|132|83|[]|636148146111720000|13:50:11:172
21|2.1|636147903084526149|800b9d|49815.1875|6.4344048442665|97.2767471399425||||49815.171875|390|41475||||800b9d|AXB622|X|X|0|0|7||||132|83|132|83|[]|636148146151880000|13:50:15:188
21|2.1|636147903129130609|800b9d|49819.640625|6.4283323230622|97.2841714944891||||49819.640625|390|41475||||800b9d|AXB622|X|X|0|0|7||||132|83|132|83|[]|636148146196410000|13:50:19:641
21|2.1|636147903173285024|800b9d|49824.0546875|6.4225172939231|97.2912954416263||||49824.046875|390|41475||||800b9d|AXB622|X|X|0|0|7||||132|83|132|83|[]|636148146240550000|13:50:24:055
21|2.1|636147903217899485|800b9d|49828.5234375|6.416702264784|97.2984193887635||||49828.515625|390|41475||||800b9d|AXB622|X|X|0|0|7||||132|83|132|83|[]|636148146285230000|13:50:28:523
21|2.1|636147903259403635|800b9d|49832.671875|6.4111661853822|97.3052000131471||||49832.6640625|390|41475||||800b9d|AXB622|X|X|0|0|7||||132|83|132|83|[]|636148146326720000|13:50:32:672
21|2.1|636147903308068501|800b9d|49837.546875|6.4048361721127|97.3129676904473||||49837.53125|390|41475||||800b9d|AXB622|X|X||0|7||||132|83|132|83|[]|636148146375470000|13:50:37:547
21|2.1|636147903350042698|800b9d|49841.734375|6.3992571773667|97.3197268571588||||49841.734375|390|41475||||800b9d|AXB622|X|X||0|7||||132|83|132|83|[]|636148146417340000|13:50:41:734
21|2.1|636147903390126706|800b9d|49845.734375|6.3940000477022|97.3262499894772||||49845.734375|390|41475||||800b9d|AXB622|X|X|0|0|7||||132|83|132|83|[]|636148146457340000|13:50:45:734
21|2.1|636147903444732166|800b9d|49851.203125|6.386876100565|97.3349832620219||||49851.1953125|390|41475||||800b9d|AXB622|X|X|0|0|7||||132|83|132|83|[]|636148146512030000|13:50:51:203
21|2.1|636147903493557048|800b9d|49856.0859375|6.3802671375582|97.3430513467315||||49856.0703125|390|41475||||800b9d|AXB622|X|X|0|0|7||||132|83|132|83|[]|636148146560860000|13:50:56:086
21|2.1|636147903537081400|800b9d|49860.4375|6.3745808544517|97.3502825822292||||49860.421875|390|41475||||800b9d|AXB622|X|X|0|0|7||||132|83|132|83|[]|636148146604380000|13:51:00:438
21|2.1|636147903933501038|800b9d|49900.078125|6.3345408383131|97.421908291699||||49900.0703125|390|41475||||800b9d|AXB622|X|X||0|7||||132|83|132|83|[]|636148147000780000|13:51:40:078
21|2.1|636147904123200006|800b9d|49919.0546875|6.3168597165027|97.4570559585988||||49919.046875|390|41475||||800b9d|AXB622|X|X||0|7||||132|83|132|83|[]|636148147190550000|13:51:59:055
21|2.1|636147904170624748|800b9d|49923.7890625|6.3125681820827|97.4655746544225||||49923.78125|390|41475||||800b9d|AXB622|X|X|0|0|7||||132|83|132|83|[]|636148147237890000|13:52:03:789
21|2.1|636147904550032685|800b9d|49961.734375|6.2773990575108|97.5357412421895||||49961.7265625|390|41475||||800b9d|AXB622|X|X||0|7||||132|83|132|83|[]|636148147617340000|13:52:41:734
21|2.1|636147905394017075|800b9d|50046.125|6.198906892969|97.6913093649145||||50046.125|390|41475||||800b9d|X|X|X||0|7||||132|83|132|83|[]|636148148461250000|13:54:06:125
21|2.1|636147905482625935|800b9d|50054.9765625|6.1896157209497|97.7069949232196||||50054.9765625|390|41475||||800b9d|AXB622|X|X|0|0|7||||132|83|132|83|[]|636148148549770000|13:54:14:977
21|2.1|636147905531460818|800b9d|50059.875|6.1841440145642|97.7158140264527||||50059.859375|390|41475||||800b9d|AXB622|X|X|0|0|7||||132|83|132|83|[]|636148148598750000|13:54:19:875
21|2.1|636147905573895061|800b9d|50064.1171875|6.1795306150627|97.7231954656551||||50064.1015625|390|41475||||800b9d|AXB622|X|X|0|0|7||||132|83|132|83|[]|636148148641170000|13:54:24:117
21|2.1|636147905620849756|800b9d|50068.8125|6.174230570054|97.7316283307904||||50068.8125|390|41475||||800b9d|AXB622|X|X|0|0|7||||132|83|132|83|[]|636148148688130000|13:54:28:813
21|2.1|636147905927870455|800b9d|50099.515625|6.1406493132175|97.7855085454335||||50099.515625|390|||||800b9d|AXB622|X|X||0|7||||132|83|132|83|[]|636148148995160000|13:54:59:516
21|2.1|636147905977635431|800b9d|50104.5|6.135177606832|97.7943276486666||||50104.484375|390|41500||||800b9d|AXB622|X|X||0|7||||132|83|132|83|[]|636148149045000000|13:55:04:500
21|2.1|636147906024750142|800b9d|50109.1953125|6.1301350538885|97.8024815640646||||50109.1953125|390|41500||||800b9d|AXB622|X|X|0|0|7||||132|83|132|83|[]|636148149091950000|13:55:09:195
21|2.1|636147906073104977|800b9d|50114.0390625|6.1246848051751|97.8112792096256||||50114.03125|390|41475||||800b9d|AXB622|X|X||0|7||||132|83|132|83|[]|636148149140390000|13:55:14:039
21|2.1|636147906073114978|800b9d|50114.046875|6.1246848051751|97.8112792096256||||50114.03125|390|41500||||800b9d|AXB622|X|X|0|0|7||||132|51|132|51|[]|636148149140470000|13:55:14:047
21|2.1|636147906113669033|800b9d|50118.109375|6.1203503554109|97.8183602414186||||50118.1015625|390|41500||||800b9d|AXB622|X|X|0|0|7||||132|51|132|51|[]|636148149181090000|13:55:18:109
21|2.1|636147906113829049|800b9d|50118.109375|6.1203503554109|97.8183602414186||||50118.1015625|390|41500||||800b9d|AXB622|X|X|0|0|7||||132|83|132|83|[]|636148149181090000|13:55:18:109
21|2.1|636147906156263292|800b9d|50122.34375|6.1157584135815|97.8257631382931||||50122.34375|390|41500||||800b9d|AXB622|X|X|0|0|7||||132|51|132|51|[]|636148149223440000|13:55:22:344
21|2.1|636147906198537519|800b9d|50126.5859375|6.1111879294242|97.8332089505118||||50126.5859375|390|41500||||800b9d|AXB622|X|X|0|0|7||||132|51|132|51|[]|636148149265860000|13:55:26:586
21|2.1|636147906239731638|800b9d|50130.703125|6.106638902939|97.8406333050584||||50130.703125|390|41475||||800b9d|AXB622|X|X|0|0|7||||132|51|132|51|[]|636148149307030000|13:55:30:703
21|2.1|636147906248782543|800b9d|50131.609375|6.1058020537271|97.842049511417||||50131.6015625|390|41475||||800b9d|AXB622|X|X||0|7||||132|83|132|83|[]|636148149316090000|13:55:31:609
21|2.1|636147906287456410|800b9d|50135.4765625|6.1014676039629|97.8491734585542||||50135.46875|390|41500||||800b9d|AXB622|X|X|0|0|7||||132|51|132|51|[]|636148149354770000|13:55:35:477
21|2.1|636147906296667331|800b9d|50136.3828125|6.1005878394068|97.8505896649128||||50136.3828125|390|41500||||800b9d|AXB622|X|X|0|0|7||||132|83|132|83|[]|636148149363830000|13:55:36:383
21|2.1|636147906333951059|800b9d|50140.125|6.0964465086915|97.8573273739522||||50140.125|390|41475||||800b9d|AXB622|X|X|0|0|7||||132|51|132|51|[]|636148149401250000|13:55:40:125
21|2.1|636147906344092073|800b9d|50141.125|6.0953736250865|97.8590654453923||||50141.125|390|41500||||800b9d|AXB622|X|X||0|7||||132|83|132|83|[]|636148149411250000|13:55:41:125
21|2.1|636147906382625926|800b9d|50144.984375|6.0912322943712|97.8657816967596||||50144.984375|390|41475||||800b9d|AXB622|X|X|0|0|7||||132|51|132|51|[]|636148149449840000|13:55:44:984
21|2.1|636147906429580621|800b9d|50149.6875|6.0860609953951|97.8743003925833||||50149.6796875|390|41500||||800b9d|AXB622|X|X|0|0|7||||132|51|132|51|[]|636148149496880000|13:55:49:688
21|2.1|636147906503998062|800b9d|50157.1328125|6.0779929106855|97.8874324879085||||50157.1328125|390|41475||||800b9d|AXB622|X|X||0|7||||132|51|132|51|[]|636148149571330000|13:55:57:133
21|2.1|636147906628800541|800b9d|50169.59375|6.0645389502788|97.9094051441389||||50169.59375|390|41475||||800b9d|AXB622|X|X||0|7||||132|51|132|51|[]|636148149695940000|13:56:09:594
21|2.1|636147906678725533|800b9d|50174.59375|6.0590887015654|97.9182457050441||||50174.59375|390|41500||||800b9d|AXB622|X|X|0|0|7||||132|51|132|51|[]|636148149745940000|13:56:14:594
21|2.1|636147906718969557|800b9d|50178.6328125|6.0545396750802|97.9256915172628||||50178.6328125|390|41475||||800b9d|AXB622|X|X|0|0|7||||132|51|132|51|[]|636148149786330000|13:56:18:633
21|2.1|636147906759373597|800b9d|50182.6640625|6.0501623099718|97.9327510913837||||50182.6640625|390|41475||||800b9d|AXB622|X|X|0|0|7||||132|51|132|51|[]|636148149826640000|13:56:22:664
21|2.1|636147906799937653|800b9d|50186.7265625|6.0457849448634|97.9398535808488||||50186.71875|390|41475||||800b9d|AXB622|X|X||0|7||||132|51|132|51|[]|636148149867270000|13:56:26:727
21|2.1|636147907164054061|800b9d|50223.140625|6.0061311668226|98.0043553431814||||50223.1328125|390|41475||||800b9d|AXB622|X|X||0|7||||132|51|132|51|[]|636148150231410000|13:57:03:141
21|2.1|636147907212098865|800b9d|50227.9453125|6.000852579486|98.0128740390051||||50227.9453125|390|41475||||800b9d|AXB622|X|X|0|0|7||||132|51|132|51|[]|636148150279450000|13:57:07:945
21|2.1|636147907256253280|800b9d|50232.34375|5.9960675186077|98.0206417163053||||50232.34375|390|41475||||800b9d|AXB622|X|X|0|0|7||||132|51|132|51|[]|636148150323440000|13:57:12:344
21|2.1|636147907297757430|800b9d|50236.5078125|5.9914755767783|98.0280660708519||||50236.5|390|41500||||800b9d|AXB622|X|X|0|0|7||||132|51|132|51|[]|636148150365080000|13:57:16:508
21|2.1|636147907340501704|800b9d|50240.7890625|5.9868407196047|98.0355118830706||||50240.78125|390|41475||||800b9d|AXB622|X|X|0|0|7||||132|51|132|51|[]|636148150407890000|13:57:20:789
21|2.1|636147907384496103|800b9d|50245.1796875|5.9820556587264|98.043322475715||||50245.171875|390|41500||||800b9d|AXB622|X|X|0|0|7||||132|51|132|51|[]|636148150451800000|13:57:25:180
21|2.1|636147907426300283|800b9d|50249.3671875|5.9774422592249|98.0507468302616||||50249.359375|390|41475||||800b9d|AXB622|X|X|0|0|7||||132|51|132|51|[]|636148150493670000|13:57:29:367
21|2.1|636147907469044557|800b9d|50253.640625|5.9726357406745|98.058557422906||||50253.6328125|390|41475||||800b9d|AXB622|X|X|0|0|7||||132|51|132|51|[]|636148150536410000|13:57:33:641
21|2.1|636147907510388691|800b9d|50257.765625|5.9682798332382|98.065638454699||||50257.765625|390|41500||||800b9d|AXB622|X|X|0|0|7||||132|51|132|51|[]|636148150577660000|13:57:37:766
21|2.1|636147907558593511|800b9d|50262.59375|5.9630227035737|98.0741571505227||||50262.59375|390|41500||||800b9d|AXB622|X|X|0|0|7||||132|51|132|51|[]|636148150625940000|13:57:42:594
21|2.1|636147907610068658|800b9d|50267.75|5.9573364204672|98.0833839495257||||50267.7421875|390|41500||||800b9d|AXB622|X|X|0|0|7||||132|51|132|51|[]|636148150677500000|13:57:47:750
21|2.1|636147907638311482|800b9d|50270.5546875|5.9542679733569|98.0883621294529||||50270.5546875|390|41500||||800b9d|AXB622|X|X|0|0|7||||132|83|132|83|[]|636148150705550000|13:57:50:555
21|2.1|636147907657193370|800b9d|50272.4453125|5.9520792908027|98.0919026453494||||50272.4453125|390|41500||||800b9d|AXB622|X|X|0|0|7||||132|51|132|51|[]|636148150724450000|13:57:52:445
21|2.1|636147907701497800|800b9d|50276.890625|5.9472727722523|98.0997132379938||||50276.8828125|390|41500||||800b9d|AXB622|X|X|0|0|7||||132|51|132|51|[]|636148150768910000|13:57:56:891
21|2.1|636147907742211871|800b9d|50280.9453125|5.9428739494718|98.106837185131||||50280.9453125|390|41500||||800b9d|AXB622|X|X|0|0|7||||132|51|132|51|[]|636148150809450000|13:58:00:945
21|2.1|636147907780275677|800b9d|50284.7578125|5.9387540764286|98.1135963518425||||50284.75|390|41500||||800b9d|AXB622|X|X||0|7||||132|83|132|83|[]|636148150847580000|13:58:04:758
21|2.1|636147907786046254|800b9d|50285.3203125|5.9380674309214|98.1146048624312||||50285.3125|390|41500||||800b9d|AXB622|X|X|0|0|7||||132|51|132|51|[]|636148150853200000|13:58:05:320
21|2.1|636147907830820731|800b9d|50289.8046875|5.933260912371|98.1224369127477||||50289.8046875|390|41500||||800b9d|AXB622|X|X|0|0|7||||132|51|132|51|[]|636148150898050000|13:58:09:805
21|2.1|636147907830820731|800b9d|50289.8046875|5.933260912371|98.1224369127477||||50289.8046875|390|41500||||800b9d|AXB622|X|X||0|7||||132|83|132|83|[]|636148150898050000|13:58:09:805
21|2.1|636147907873104959|800b9d|50294.015625|5.9286045975253|98.1298827249664||||50294.015625|390|41500||||800b9d|AXB622|X|X||0|7||||132|83|132|83|[]|636148150940160000|13:58:14:016
21|2.1|636147907877155364|800b9d|50294.4453125|5.927896494346|98.1309126932272||||50294.4453125|390|41500||||800b9d|AXB622|X|X||0|7||||132|51|132|51|[]|636148150944450000|13:58:14:445
21|2.1|636147907918349483|800b9d|50298.5703125|5.9232401795003|98.1378435213155||||50298.5625|390|41500||||800b9d|AXB622|X|X||0|7||||132|51|132|51|[]|636148150985700000|13:58:18:570
21|2.1|636147907918489497|800b9d|50298.5703125|5.9232401795003|98.1378435213155||||50298.5625|390|41500||||800b9d|AXB622|X|X|0|0|7||||132|83|132|83|[]|636148150985700000|13:58:18:570
21|2.1|636147907962173865|800b9d|50302.9453125|5.9178757614753|98.1452893335342||||50302.9453125|390|41500||||800b9d|AXB622|X|X||0|7||||132|51|132|51|[]|636148151029450000|13:58:22:945
21|2.1|636147907962183866|800b9d|50302.9453125|5.9178757614753|98.1452893335342||||50302.9453125|390|41500||||800b9d|AXB622|X|X|0|0|7||||132|83|132|83|[]|636148151029450000|13:58:22:945
21|2.1|636147908005078155|800b9d|50307.25|5.9124255127619|98.1527351457529||||50307.2421875|390|41500||||800b9d|AXB622|X|X||0|7||||132|51|132|51|[]|636148151072500000|13:58:27:250
21|2.1|636147908005238171|800b9d|50307.25|5.9124255127619|98.1527351457529||||50307.2421875|390|41500||||800b9d|AXB622|X|X||0|7||||132|83|132|83|[]|636148151072500000|13:58:27:250
21|2.1|636147908053753022|800b9d|50312.109375|5.9063315338855|98.1607388574462||||50312.1015625|390|41500||||800b9d|AXB622|X|X||0|7||||132|51|132|51|[]|636148151121090000|13:58:32:109
21|2.1|636147908053913038|800b9d|50312.109375|5.9063315338855|98.1607388574462||||50312.1015625|390|41500||||800b9d|AXB622|X|X||0|7||||132|83|132|83|[]|636148151121090000|13:58:32:109
21|2.1|636147908102777924|800b9d|50317.0078125|5.8999371475997|98.1685279924185||||50317|390|41500||||800b9d|AXB622|X|X||0|7||||132|51|132|51|[]|636148151170080000|13:58:37:008
21|2.1|636147908147352381|800b9d|50321.46875|5.8936500496744|98.1758236009325||||50321.4609375|390|41500||||800b9d|AXB622|X|X|0|0|7||||132|51|132|51|[]|636148151214690000|13:58:41:469
21|2.1|636147908190266672|800b9d|50325.7578125|5.8877921051911|98.1824325639393||||50325.75|390|41500||||800b9d|AXB622|X|X|0|0|7||||132|51|132|51|[]|636148151257580000|13:58:45:758
21|2.1|636147908232380883|800b9d|50329.96875|5.881977076052|98.1890844422903||||50329.9609375|390|41500||||800b9d|AXB622|X|X|0|0|7||||132|51|132|51|[]|636148151299690000|13:58:49:969
21|2.1|636147908280905735|800b9d|50334.828125|5.8749818749474|98.1969164926068||||50334.8203125|390|41500||||800b9d|AXB622|X|X||0|7||||132|51|132|51|[]|636148151348280000|13:58:54:828
21|2.1|636147908322079852|800b9d|50338.9453125|5.8694028802014|98.2032035905321||||50338.9453125|390|41500||||800b9d|AXB622|X|X|0|0|7||||132|51|132|51|[]|636148151389450000|13:58:58:945
21|2.1|636147908365764220|800b9d|50343.3046875|5.8632659859808|98.2100915032762||||50343.3046875|390|41500||||800b9d|AXB622|X|X||0|7||||132|51|132|51|[]|636148151433050000|13:59:03:305
21|2.1|636147908406798323|800b9d|50347.40625|5.8576869912348|98.2163786012015||||50347.3984375|390|41500||||800b9d|AXB622|X|X|0|0|7||||132|51|132|51|[]|636148151474060000|13:59:07:406
21|2.1|636147908448762519|800b9d|50351.609375|5.8518075890794|98.2229875642083||||50351.6015625|390|41500||||800b9d|AXB622|X|X|0|0|7||||132|51|132|51|[]|636148151516090000|13:59:11:609
21|2.1|636147908492746917|800b9d|50356.0078125|5.8456492371867|98.2298969346245||||50356|390|41500||||800b9d|AXB622|X|X|0|0|7||||132|51|132|51|[]|636148151560080000|13:59:16:008
21|2.1|636147908535351177|800b9d|50360.2578125|5.8395123429661|98.2367633896965||||50360.25|390|41500||||800b9d|AXB622|X|X|0|0|7||||132|51|132|51|[]|636148151602580000|13:59:20:258
21|2.1|636147908576685310|800b9d|50364.3984375|5.8339333482201|98.2430504876218||||50364.390625|390|41500||||800b9d|AXB622|X|X|0|0|7||||132|51|132|51|[]|636148151643980000|13:59:24:398
21|2.1|636147908617869428|800b9d|50368.515625|5.8280539460647|98.2496594506286||||50368.515625|390|41500||||800b9d|AXB622|X|X||0|7||||132|51|132|51|[]|636148151685160000|13:59:28:516
21|2.1|636147908661083749|800b9d|50372.8359375|5.8219385095162|98.2565473633727||||50372.8359375|390|41500||||800b9d|AXB622|X|X||0|7||||132|51|132|51|[]|636148151728360000|13:59:32:836
21|2.1|636147908701327773|800b9d|50376.859375|5.8163380570981|98.262834461298||||50376.8515625|390|41500||||800b9d|AXB622|X|X|0|0|7||||132|51|132|51|[]|636148151768590000|13:59:36:859
21|2.1|636147908742831923|800b9d|50381.015625|5.8107590623521|98.2691215592233||||50381.015625|390|41500||||800b9d|AXB622|X|X|0|0|7||||132|51|132|51|[]|636148151810160000|13:59:41:016
21|2.1|636147908785736213|800b9d|50385.296875|5.8046221681315|98.2760094719674||||50385.2890625|390|41500||||800b9d|AXB622|X|X|0|0|7||||132|51|132|51|[]|636148151852970000|13:59:45:297
21|2.1|636147908829260565|800b9d|50389.65625|5.7984852739109|98.2828973847115||||50389.65625|390|41500||||800b9d|AXB622|X|X|0|0|7||||132|51|132|51|[]|636148151896560000|13:59:49:656
21|2.1|636147908873404979|800b9d|50394.0703125|5.7923483796903|98.2897852974556||||50394.0625|390|41500||||800b9d|AXB622|X|X|0|0|7||||132|51|132|51|[]|636148151940700000|13:59:54:070
21|2.1|636147908916459284|800b9d|50398.375|5.786490435207|98.2963728027903||||50398.375|390|41500||||800b9d|AXB622|X|X|0|0|7||||132|51|132|51|[]|636148151983750000|13:59:58:375
21|2.1|636147908956713309|800b9d|50402.3984375|5.780911440461|98.3026813583877||||50402.390625|390|41500||||800b9d|AXB622|X|X|0|0|7||||132|51|132|51|[]|636148152023980000|14:00:02:398
21|2.1|636147908999777615|800b9d|50406.53125|5.7750964113219|98.3092474060503||||50406.5234375|390|41500||||800b9d|AXB622|X|X|0|0|7||||132|51|132|51|[]|636148152065310000|14:00:06:531
21|2.1|636147909041731810|800b9d|50410.90625|5.7689595171013|98.3161782341386||||50410.8984375|390|41500||||800b9d|AXB622|X|X|0|0|7||||132|51|132|51|[]|636148152109060000|14:00:10:906
21|2.1|636147909081825819|800b9d|50414.9140625|5.7634234376995|98.3224653320639||||50414.9140625|390|41500||||800b9d|AXB622|X|X|0|0|7||||132|51|132|51|[]|636148152149140000|14:00:14:914
21|2.1|636147909129410577|800b9d|50419.6640625|5.7567501016764|98.3300184326431||||50419.6640625|390|41500||||800b9d|AXB622|X|X|0|0|7||||132|51|132|51|[]|636148152196640000|14:00:19:664
21|2.1|636147909175115147|800b9d|50424.234375|5.7503557153906|98.3372496681408||||50424.234375|390|41500||||800b9d|AXB622|X|X||0|7||||132|51|132|51|[]|636148152242340000|14:00:24:234
21|2.1|636147909218029438|800b9d|50428.5390625|5.7445621439236|98.3438371734755||||50428.53125|390|41500||||800b9d|AXB622|X|X||0|7||||132|51|132|51|[]|636148152285390000|14:00:28:539
21|2.1|636147909260143649|800b9d|50432.734375|5.7387685724566|98.3504675941544||||50432.734375|390|41500||||800b9d|AXB622|X|X||0|7||||132|51|132|51|[]|636148152327340000|14:00:32:734
21|2.1|636147909304448079|800b9d|50437.1796875|5.7326745935802|98.3573769645706||||50437.171875|390|41500||||800b9d|AXB622|X|X||0|7||||132|51|132|51|[]|636148152371800000|14:00:37:180
21|2.1|636147909344852119|800b9d|50441.21875|5.7271385141784|98.3636640624959||||50441.2109375|390|41500||||800b9d|AXB622|X|X|0|0|7||||132|51|132|51|[]|636148152412190000|14:00:41:219
21|2.1|636147909393837017|800b9d|50446.1171875|5.7202076860901|98.3715390281566||||50446.109375|390|41500||||800b9d|AXB622|X|X||0|7||||132|51|132|51|[]|636148152461170000|14:00:46:117
21|2.1|636147909437991432|800b9d|50450.53125|5.7141351648858|98.3784269409007||||50450.5234375|390|41500||||800b9d|AXB622|X|X|0|0|7||||132|51|132|51|[]|636148152505310000|14:00:50:531
21|2.1|636147909478245457|800b9d|50454.546875|5.7085776278119|98.3847569541702||||50454.5390625|390|41500||||800b9d|AXB622|X|X||0|7||||132|51|132|51|[]|636148152545470000|14:00:54:547
21|2.1|636147909520199652|800b9d|50458.7578125|5.7027840563449|98.3913230018328||||50458.75|390|41500||||800b9d|AXB622|X|X|0|0|7||||132|51|132|51|[]|636148152587580000|14:00:58:758
21|2.1|636147909562633895|800b9d|50462.9921875|5.69701194255|98.3979319648396||||50462.984375|390|41500||||800b9d|AXB622|X|X||0|7||||132|51|132|51|[]|636148152629920000|14:01:02:992
21|2.1|636147909604288060|800b9d|50467.15625|5.6911969134109|98.4045409278464||||50467.1484375|390|41500||||800b9d|AXB622|X|X||0|7||||132|51|132|51|[]|636148152671560000|14:01:07:156
21|2.1|636147909646882319|800b9d|50471.421875|5.6853818842718|98.411106975509||||50471.4140625|390|41500||||800b9d|AXB622|X|X|0|0|7||||132|51|132|51|[]|636148152714220000|14:01:11:422
21|2.1|636147909690566687|800b9d|50475.7421875|5.6792879053954|98.4179948882531||||50475.734375|390|41500||||800b9d|AXB622|X|X|0|0|7||||132|51|132|51|[]|636148152757420000|14:01:15:742
21|2.1|636147909734241054|800b9d|50480.15625|5.673193926519|98.4248828009972||||50480.1484375|390|41500||||800b9d|AXB622|X|X|0|0|7||||132|51|132|51|[]|636148152801560000|14:01:20:156
21|2.1|636147909770284658|800b9d|50483.75|5.668258661936|98.4305261687595||||50483.7421875|390|41500||||800b9d|X|X|X|0|0|7||||132|83|132|83|[]|636148152837500000|14:01:23:750
21|2.1|636147909775125142|800b9d|50484.25|5.667400355052|98.431491764004||||50484.2421875|390|41500||||800b9d|AXB622|X|X|0|0|7||||132|51|132|51|[]|636148152842500000|14:01:24:250
21|2.1|636147909815529182|800b9d|50488.28125|5.6618642756502|98.4377359465851||||50488.2734375|390|41500||||800b9d|AXB622|X|X|0|0|7||||132|51|132|51|[]|636148152882810000|14:01:28:281
21|2.1|636147909858113440|800b9d|50492.5390625|5.6560921618553|98.4443019942477||||50492.53125|390|41500||||800b9d|AXB622|X|X||0|7||||132|51|132|51|[]|636148152925390000|14:01:32:539
21|2.1|636147909898987527|800b9d|50496.625|5.6502771327162|98.4509109572545||||50496.625|390|41500||||800b9d|AXB622|X|X||0|7||||132|51|132|51|[]|636148152966250000|14:01:36:625
21|2.1|636147909942351863|800b9d|50500.9609375|5.6444621035771|98.4574770049171||||50500.953125|390|41500||||800b9d|AXB622|X|X|0|0|7||||132|51|132|51|[]|636148153009610000|14:01:40:961
21|2.1|636147909984636091|800b9d|50505.1875|5.6386899897822|98.4640215949076||||50505.1796875|390|41500||||800b9d|AXB622|X|X|0|0|7||||132|51|132|51|[]|636148153051880000|14:01:45:188
21|2.1|636147910027530380|800b9d|50509.4765625|5.6325960109058|98.4708880499796||||50509.46875|390|41500||||800b9d|AXB622|X|X|0|0|7||||132|51|132|51|[]|636148153094770000|14:01:49:477
21|2.1|636147910071994826|800b9d|50513.9296875|5.6264805743573|98.4777545050516||||50513.921875|390|41500||||800b9d|AXB622|X|X|0|0|7||||132|51|132|51|[]|636148153139300000|14:01:53:930
21|2.1|636147910113028929|800b9d|50518.0390625|5.6206870028903|98.48427763737||||50518.03125|390|41500||||800b9d|AXB622|X|X|0|0|7||||132|51|132|51|[]|636148153180390000|14:01:58:039
21|2.1|636147910157483374|800b9d|50522.4765625|5.614614481686|98.4911226347699||||50522.46875|390|41500||||800b9d|AXB622|X|X||0|7||||132|51|132|51|[]|636148153224770000|14:02:02:477
21|2.1|636147910199927618|800b9d|50526.71875|5.6087565372027|98.4976886824325||||50526.7109375|390|41500||||800b9d|AXB622|X|X||0|7||||132|51|132|51|[]|636148153267190000|14:02:06:719
21|2.1|636147910244382063|800b9d|50531.171875|5.6026625583263|98.5045551375045||||50531.1640625|390|41500||||800b9d|AXB622|X|X||0|7||||132|51|132|51|[]|636148153311720000|14:02:11:172
21|2.1|636147910288066431|800b9d|50535.53125|5.5965471217778|98.5114215925765||||50535.5234375|390|41500||||800b9d|AXB622|X|X|0|0|7||||132|51|132|51|[]|636148153355310000|14:02:15:531
21|2.1|636147910328470471|800b9d|50539.5703125|5.591011042376|98.5176228598134||||50539.5625|390|41500||||800b9d|AXB622|X|X|0|0|7||||132|51|132|51|[]|636148153395700000|14:02:19:570
21|2.1|636147910369964620|800b9d|50543.7265625|5.585217470909|98.524188907476||||50543.71875|390|41500||||800b9d|AXB622|X|X|0|0|7||||132|51|132|51|[]|636148153437270000|14:02:23:727
21|2.1|636147910414579081|800b9d|50548.1796875|5.5791234920326|98.5310339048759||||50548.171875|390|41500||||800b9d|AXB622|X|X|0|0|7||||132|51|132|51|[]|636148153481800000|14:02:28:180
21|2.1|636147910455763199|800b9d|50552.296875|5.5732440898772|98.5374712065059||||50552.2890625|390|41500||||800b9d|AXB622|X|X|0|0|7||||132|51|132|51|[]|636148153522970000|14:02:32:297
21|2.1|636147910499297552|800b9d|50556.65625|5.5668067882472|98.5440587118406||||50556.6484375|390|41500||||800b9d|AXB622|X|X|0|0|7||||132|51|132|51|[]|636148153566560000|14:02:36:656
21|2.1|636147910543601982|800b9d|50561.0859375|5.5601978252404|98.5504316404543||||50561.078125|390|41500||||800b9d|AXB622|X|X|0|0|7||||132|51|132|51|[]|636148153610860000|14:02:41:086
21|2.1|636147910586656287|800b9d|50565.3984375|5.5538678119709|98.5565256193307||||50565.390625|390|41500||||800b9d|AXB622|X|X|0|0|7||||132|51|132|51|[]|636148153653980000|14:02:45:398
21|2.1|636147910627370358|800b9d|50569.46875|5.5475377987014|98.5625552251908||||50569.4609375|390|41500||||800b9d|AXB622|X|X|0|0|7||||132|51|132|51|[]|636148153694690000|14:02:49:469
21|2.1|636147910671994820|800b9d|50573.9296875|5.5408430050062|98.5688637807882||||50573.921875|390|41500||||800b9d|AXB622|X|X|0|0|7||||132|51|132|51|[]|636148153739300000|14:02:53:930
21|2.1|636147910715509171|800b9d|50578.28125|5.5341696689831|98.5751508787135||||50578.2734375|390|41500||||800b9d|AXB622|X|X|0|0|7||||132|51|132|51|[]|636148153782810000|14:02:58:281
21|2.1|636147910759973617|800b9d|50582.71875|5.5274748752879|98.5814594343109||||50582.7109375|390|41500||||800b9d|AXB622|X|X|0|0|7||||132|51|132|51|[]|636148153827190000|14:03:02:719
21|2.1|636147910800847704|800b9d|50586.8203125|5.5213808964115|98.5871886327616||||50586.8125|390|41500||||800b9d|AXB622|X|X|0|0|7||||132|51|132|51|[]|636148153868200000|14:03:06:820
21|2.1|636147910842971916|800b9d|50591.015625|5.5149435947815|98.5931753232775||||50591.0078125|390|41500||||800b9d|AXB622|X|X|0|0|7||||132|51|132|51|[]|636148153910160000|14:03:11:016
21|2.1|636147910887906409|800b9d|50595.5078125|5.507969851349|98.5997413709401||||50595.5|390|41500||||800b9d|AXB622|X|X|0|0|7||||132|51|132|51|[]|636148153955080000|14:03:15:508
21|2.1|636147910930960714|800b9d|50599.8203125|5.5015969227353|98.6056851461118||||50599.8125|390|41500||||800b9d|AXB622|X|X||0|7||||132|51|132|51|[]|636148153998200000|14:03:19:820
21|2.1|636147910975265144|800b9d|50604.2578125|5.4945588062865|98.6122297361023||||50604.25|390|41500||||800b9d|AXB622|X|X||0|7||||132|51|132|51|[]|636148154042580000|14:03:24:258
21|2.1|636147911016449262|800b9d|50608.3671875|5.4884648274101|98.617958934553||||50608.359375|390|41500||||800b9d|AXB622|X|X|0|0|7||||132|51|132|51|[]|636148154083670000|14:03:28:367
21|2.1|636147911057793396|800b9d|50612.5078125|5.4820918987964|98.6239456250689||||50612.5|390|41500||||800b9d|AXB622|X|X||0|7||||132|51|132|51|[]|636148154125080000|14:03:32:508
21|2.1|636147911098817498|800b9d|50616.609375|5.47599791992|98.6296104505033||||50616.6015625|390|41500||||800b9d|AXB622|X|X|0|0|7||||132|51|132|51|[]|636148154166090000|14:03:36:609
21|2.1|636147911140011617|800b9d|50620.7265625|5.4696035336342|98.6355756833471||||50620.71875|390|41500||||800b9d|AXB622|X|X|0|0|7||||132|51|132|51|[]|636148154207270000|14:03:40:727
21|2.1|636147911182125828|800b9d|50624.9375|5.4632306050205|98.6415838315351||||50624.9296875|390|41500||||800b9d|AXB622|X|X|0|0|7||||132|51|132|51|[]|636148154249380000|14:03:44:938
21|2.1|636147911222849900|800b9d|50629.0078125|5.4571366261441|98.6472701146416||||50629|390|41500||||800b9d|AXB622|X|X|0|0|7||||132|51|132|51|[]|636148154290080000|14:03:49:008
21|2.1|636147911265594174|800b9d|50633.2890625|5.450463290121|98.6534928395506||||50633.28125|390|41500||||800b9d|AXB622|X|X|0|0|7||||132|51|132|51|[]|636148154332890000|14:03:53:289
21|2.1|636147911309748589|800b9d|50637.6875|5.4437684964258|98.6597370221317||||50637.6796875|390|41500||||800b9d|AXB622|X|X|0|0|7||||132|51|132|51|[]|636148154376880000|14:03:57:688
21|2.1|636147911350612675|800b9d|50641.7890625|5.4376745175494|98.6654662205824||||50641.78125|390|41500||||800b9d|AXB622|X|X|0|0|7||||132|51|132|51|[]|636148154417890000|14:04:01:789
21|2.1|636147911392886902|800b9d|50646.0078125|5.4313015889357|98.6714314534262||||50646|390|41500||||800b9d|AXB622|X|X|0|0|7||||132|51|132|51|[]|636148154460080000|14:04:06:008
21|2.1|636147911435951208|800b9d|50650.328125|5.4246497105847|98.6776756360073||||50650.3203125|390|41500||||800b9d|AXB622|X|X|0|0|7||||132|51|132|51|[]|636148154503280000|14:04:10:328
21|2.1|636147911477605373|800b9d|50654.4921875|5.418276781971|98.6836623265232||||50654.484375|390|41500||||800b9d|AXB622|X|X|0|0|7||||132|51|132|51|[]|636148154544920000|14:04:14:492
21|2.1|636147911521749787|800b9d|50658.8984375|5.4115819882758|98.6899494244485||||50658.890625|390|41500||||800b9d|AXB622|X|X|0|0|7||||132|51|132|51|[]|636148154588980000|14:04:18:898
21|2.1|636147911563403952|800b9d|50663.0625|5.4052305173342|98.6959146572923||||50663.0546875|390|41500||||800b9d|AXB622|X|X|0|0|7||||132|51|132|51|[]|636148154630630000|14:04:23:063
21|2.1|636147911604588070|800b9d|50667.1875|5.399179453802|98.7016009403988||||50667.1796875|390|41500||||800b9d|AXB622|X|X|0|0|7||||132|51|132|51|[]|636148154671880000|14:04:27:188
21|2.1|636147911656853296|800b9d|50672.3984375|5.3912615727971|98.7089823796012||||50672.390625|390|41500||||800b9d|AXB622|X|X|0|0|7||||132|51|132|51|[]|636148154723980000|14:04:32:398
21|2.1|636147911705678178|800b9d|50677.2890625|5.3836655568737|98.7161063267384||||50677.28125|390|41500||||800b9d|AXB622|X|X||0|7||||132|51|132|51|[]|636148154772890000|14:04:37:289
21|2.1|636147911749982608|800b9d|50681.7265625|5.3770351361948|98.7223505093195||||50681.71875|390|41500||||800b9d|AXB622|X|X|0|0|7||||132|51|132|51|[]|636148154817270000|14:04:41:727
21|2.1|636147911792416851|800b9d|50685.96875|5.370640749909|98.7283586575075||||50685.9609375|390|41500||||800b9d|AXB622|X|X||0|7||||132|51|132|51|[]|636148154859690000|14:04:45:969
21|2.1|636147911835951204|800b9d|50690.328125|5.3639244985417|98.7346028400886||||50690.3203125|390|41500||||800b9d|AXB622|X|X|0|0|7||||132|51|132|51|[]|636148154903280000|14:04:50:328
21|2.1|636147911882755884|800b9d|50695.0078125|5.3569722127813|98.7411045147349||||50695|390|41500||||800b9d|AXB622|X|X|0|0|7||||132|51|132|51|[]|636148154950080000|14:04:55:008
21|2.1|636147911927050313|800b9d|50699.4296875|5.3499770116767|98.7476705623975||||50699.421875|390|41500||||800b9d|AXB622|X|X|0|0|7||||132|51|132|51|[]|636148154994300000|14:04:59:430
21|2.1|636147911970264634|800b9d|50703.7578125|5.343604083063|98.7536357952413||||50703.75|390|41500||||800b9d|AXB622|X|X|0|0|7||||132|51|132|51|[]|636148155037580000|14:05:03:758
21|2.1|636147912014889096|800b9d|50708.2109375|5.3369307470399|98.7598799778224||||50708.203125|390|41500||||800b9d|AXB622|X|X|0|0|7||||132|51|132|51|[]|636148155082110000|14:05:08:211
21|2.1|636147912058723479|800b9d|50712.6015625|5.330300326361|98.7661670757477||||50712.59375|390|41500||||800b9d|AXB622|X|X|0|0|7||||132|51|132|51|[]|636148155126020000|14:05:12:602
21|2.1|636147912101777784|800b9d|50716.8984375|5.3236055326658|98.7724327160009||||50716.890625|390|41500||||800b9d|AXB622|X|X|0|0|7||||132|51|132|51|[]|636148155168980000|14:05:16:898
21|2.1|636147912144992105|800b9d|50721.21875|5.3172326040521|98.7783979488447||||50721.2109375|390|41500||||800b9d|AXB622|X|X|0|0|7||||132|51|132|51|[]|636148155212190000|14:05:21:219
21|2.1|636147912185396145|800b9d|50725.2578125|5.3108382177663|98.7844060970327||||50725.25|390|41500||||800b9d|AXB622|X|X|0|0|7||||132|51|132|51|[]|636148155252580000|14:05:25:258
21|2.1|636147912227050310|800b9d|50729.4375|5.3044438314805|98.7903927875486||||50729.4296875|390|41500||||800b9d|AXB622|X|X|0|0|7||||132|51|132|51|[]|636148155294380000|14:05:29:438
21|2.1|636147912271974802|800b9d|50733.90625|5.2977275801132|98.7966798854739||||50733.8984375|390|41500||||800b9d|AXB622|X|X|0|0|7||||132|51|132|51|[]|636148155339060000|14:05:33:906
21|2.1|636147912313478952|800b9d|50738.0703125|5.2913331938274|98.8026451183177||||50738.0625|390|41500||||800b9d|AXB622|X|X|0|0|7||||132|51|132|51|[]|636148155380700000|14:05:38:070
21|2.1|636147912356223226|800b9d|50742.3515625|5.2849388075416|98.8086747241778||||50742.34375|390|41500||||800b9d|AXB622|X|X|0|0|7||||132|51|132|51|[]|636148155423520000|14:05:42:352
21|2.1|636147912397107314|800b9d|50746.40625|5.2788448286652|98.8144039226285||||50746.3984375|390|41500||||800b9d|AXB622|X|X|0|0|7||||132|51|132|51|[]|636148155464060000|14:05:46:406
21|2.1|636147912441561759|800b9d|50750.8828125|5.2717852545443|98.820948512619||||50750.875|390|41500||||800b9d|AXB622|X|X|0|0|7||||132|51|132|51|[]|636148155508830000|14:05:50:883
21|2.1|636147912486026205|800b9d|50755.328125|5.265069003177|98.8272356105443||||50755.3203125|390|41500||||800b9d|AXB622|X|X|0|0|7||||132|51|132|51|[]|636148155553280000|14:05:55:328
21|2.1|636147912532200822|800b9d|50759.953125|5.2580308867282|98.833823115879||||50759.9453125|390|41500||||800b9d|AXB622|X|X|0|0|7||||132|51|132|51|[]|636148155599530000|14:05:59:953
21|2.1|636147912575875189|800b9d|50764.3203125|5.2513146353609|98.8401102138043||||50764.3125|390|41500||||800b9d|AXB622|X|X|0|0|7||||132|51|132|51|[]|636148155643200000|14:06:04:320
21|2.1|636147912618309432|800b9d|50768.546875|5.2449202490751|98.8461398196644||||50768.5390625|390|41500||||800b9d|AXB622|X|X|0|0|7||||132|51|132|51|[]|636148155685470000|14:06:08:547
21|2.1|636147912661213722|800b9d|50772.8515625|5.2381825400357|98.8524269175897||||50772.84375|390|41500||||800b9d|AXB622|X|X|0|0|7||||132|51|132|51|[]|636148155728520000|14:06:12:852
21|2.1|636147912703177918|800b9d|50777.0390625|5.2317666960778|98.8584350657777||||50777.03125|390|41500||||800b9d|AXB622|X|X|0|0|7||||132|51|132|51|[]|636148155770390000|14:06:17:039
21|2.1|636147912746552255|800b9d|50781.3203125|5.225372309792|98.8644861293099||||50781.3125|390|41500||||800b9d|AXB622|X|X|0|0|7||||132|51|132|51|[]|636148155813200000|14:06:21:320
21|2.1|636147912786486248|800b9d|50785.3671875|5.2192783309156|98.8701938700885||||50785.359375|390|41500||||800b9d|AXB622|X|X|0|0|7||||132|51|132|51|[]|636148155853670000|14:06:25:367
21|2.1|636147912827200319|800b9d|50789.4375|5.2128624869577|98.8762449336207||||50789.4296875|390|41500||||800b9d|AXB622|X|X|0|0|7||||132|51|132|51|[]|636148155894380000|14:06:29:438
21|2.1|636147912868544453|800b9d|50793.578125|5.2067685080813|98.8820170474156||||50793.5703125|390|41500||||800b9d|AXB622|X|X|0|0|7||||132|51|132|51|[]|636148155935780000|14:06:33:578
21|2.1|636147912909108509|800b9d|50797.640625|5.2004170371397|98.8880251956036||||50797.6328125|390|41500||||800b9d|AXB622|X|X|0|0|7||||132|51|132|51|[]|636148155976410000|14:06:37:641
21|2.1|636147912951072705|800b9d|50801.828125|5.1940226508539|98.8940977168079||||50801.8203125|390|41500||||800b9d|AXB622|X|X|0|0|7||||132|51|132|51|[]|636148156018280000|14:06:41:828
21|2.1|636147912995227120|800b9d|50806.25|5.1873063994866|98.9003848147332||||50806.2421875|390|41500||||800b9d|AXB622|X|X||0|7||||132|51|132|51|[]|636148156062500000|14:06:46:250
21|2.1|636147913037341331|800b9d|50810.4609375|5.1809334708729|98.9064144205933||||50810.453125|390|41500||||800b9d|AXB622|X|X||0|7||||132|51|132|51|[]|636148156104610000|14:06:50:461
21|2.1|636147913077745371|800b9d|50814.5|5.1748394919965|98.9121865343882||||50814.4921875|390|41500||||800b9d|AXB622|X|X||0|7||||132|51|132|51|[]|636148156145000000|14:06:54:500
21|2.1|636147913125330129|800b9d|50819.25|5.1675653411546|98.9190744471323||||50819.2421875|390|41500||||800b9d|AXB622|X|X||0|7||||132|51|132|51|[]|636148156192500000|14:06:59:250
21|2.1|636147913166054201|800b9d|50823.328125|5.1614713622782|98.9248465609272||||50823.3203125|390|41500||||800b9d|AXB622|X|X|0|0|7||||132|51|132|51|[]|636148156233280000|14:07:03:328
21|2.1|636147913209728568|800b9d|50827.6796875|5.1547336532388|98.9311336588525||||50827.671875|390|41500||||800b9d|AXB622|X|X|0|0|7||||132|51|132|51|[]|636148156276800000|14:07:07:680
21|2.1|636147913251232718|800b9d|50831.84375|5.1483607246251|98.9371847223847||||50831.828125|390|41500||||800b9d|AXB622|X|X|0|0|7||||132|51|132|51|[]|636148156318440000|14:07:11:844
21|2.1|636147913295527147|800b9d|50836.28125|5.1416015579136|98.9434932779821||||50836.2734375|390|41500||||800b9d|AXB622|X|X|0|0|7||||132|51|132|51|[]|636148156362810000|14:07:16:281
21|2.1|636147913339681562|800b9d|50840.6875|5.1349067642184|98.9497803759074||||50840.6796875|390|41500||||800b9d|AXB622|X|X|0|0|7||||132|51|132|51|[]|636148156406880000|14:07:20:688
21|2.1|636147913382425836|800b9d|50844.96875|5.1284694625884|98.9558099817675||||50844.9609375|390|41500||||800b9d|AXB622|X|X|0|0|7||||132|51|132|51|[]|636148156449690000|14:07:24:969
21|2.1|636147913426420235|800b9d|50849.3671875|5.121731753549|98.9620970796928||||50849.359375|390|41500||||800b9d|AXB622|X|X|0|0|7||||132|51|132|51|[]|636148156493670000|14:07:29:367
21|2.1|636147913467294322|800b9d|50853.4609375|5.115294451919|98.9681052278808||||50853.453125|390|41500||||800b9d|AXB622|X|X|0|0|7||||132|51|132|51|[]|636148156534610000|14:07:33:461
21|2.1|636147913507858378|800b9d|50857.5078125|5.1091575576984|98.9737915109873||||50857.5|390|41500||||800b9d|AXB622|X|X|0|0|7||||132|51|132|51|[]|636148156575080000|14:07:37:508
21|2.1|636147913552632855|800b9d|50861.984375|5.1023983909869|98.9801000665847||||50861.96875|390|41500||||800b9d|AXB622|X|X|0|0|7||||132|51|132|51|[]|636148156619840000|14:07:41:984
21|2.1|636147913597087300|800b9d|50866.4296875|5.0953602745381|98.9866661142473||||50866.421875|390|41500||||800b9d|AXB622|X|X|0|0|7||||132|51|132|51|[]|636148156664300000|14:07:46:430
21|2.1|636147913641081699|800b9d|50870.84375|5.0886440231708|98.9930175851889||||50870.828125|390|41500||||800b9d|AXB622|X|X|0|0|7||||132|51|132|51|[]|636148156708440000|14:07:50:844
21|2.1|636147913684766067|800b9d|50875.203125|5.0822067215408|98.9990257333769||||50875.1875|390|41500||||800b9d|AXB622|X|X||0|7||||132|51|132|51|[]|636148156752030000|14:07:55:203
21|2.1|636147913727520342|800b9d|50879.46875|5.0754904701735|99.0053772043185||||50879.4609375|390|41500||||800b9d|AXB622|X|X|0|0|7||||132|51|132|51|[]|636148156794690000|14:07:59:469
21|2.1|636147913771504740|800b9d|50883.8671875|5.0687956764783|99.0117286752601||||50883.859375|390|41500||||800b9d|AXB622|X|X|0|0|7||||132|51|132|51|[]|636148156838670000|14:08:03:867
21|2.1|636147913812378827|800b9d|50887.9609375|5.0627016976019|99.017500789055||||50887.953125|390|41500||||800b9d|AXB622|X|X|0|0|7||||132|51|132|51|[]|636148156879610000|14:08:07:961
21|2.1|636147913854813070|800b9d|50892.2109375|5.0562643959719|99.0235518525872||||50892.203125|390|41500||||800b9d|AXB622|X|X|0|0|7||||132|51|132|51|[]|636148156922110000|14:08:12:211
21|2.1|636147913897097298|800b9d|50896.4296875|5.0495481446046|99.0298389505125||||50896.421875|390|41500||||800b9d|AXB622|X|X|0|0|7||||132|51|132|51|[]|636148156964300000|14:08:16:430
21|2.1|636147913944672055|800b9d|50901.1875|5.0424027397953|99.0363406251588||||50901.1796875|390|41500||||800b9d|AXB622|X|X|0|0|7||||132|51|132|51|[]|636148157011880000|14:08:21:188
21|2.1|636147913985856173|800b9d|50905.3046875|5.0358581498048|99.0423058580026||||50905.2890625|390|41500||||800b9d|AXB622|X|X|0|0|7||||132|51|132|51|[]|636148157053050000|14:08:25:305
21|2.1|636147914029070494|800b9d|50909.6328125|5.0293135598143|99.0482281755022||||50909.625|390|41475||||800b9d|AXB622|X|X|0|0|7||||132|51|132|51|[]|636148157096330000|14:08:29:633
21|2.1|636147914073374924|800b9d|50914.0625|5.0221252396608|99.0546869348043||||50914.0546875|390|41500||||800b9d|AXB622|X|X|0|0|7||||132|51|132|51|[]|636148157140630000|14:08:34:063
21|2.1|636147914113468933|800b9d|50918.0625|5.0158595994076|99.0603303025666||||50918.0546875|390|41500||||800b9d|AXB622|X|X|0|0|7||||132|51|132|51|[]|636148157180630000|14:08:38:063
21|2.1|636147914156213207|800b9d|50922.34375|5.0089716866635|99.0664671967872||||50922.328125|390|41500||||800b9d|AXB622|X|X|0|0|7||||132|51|132|51|[]|636148157223440000|14:08:42:344
21|2.1|636147914200047590|800b9d|50926.734375|5.0023627236567|99.0723895142868||||50926.71875|390|41500||||800b9d|AXB622|X|X||0|7||||132|51|132|51|[]|636148157267340000|14:08:46:734
21|2.1|636147914241701755|800b9d|50930.890625|4.9954748109126|99.0785693238516||||50930.8828125|390|41500||||800b9d|AXB622|X|X|0|0|7||||132|51|132|51|[]|636148157308910000|14:08:50:891
21|2.1|636147914281955780|800b9d|50934.921875|4.9892091706594|99.0842126916139||||50934.9140625|390|41500||||800b9d|AXB622|X|X|0|0|7||||132|51|132|51|[]|636148157349220000|14:08:54:922
21|2.1|636147914325320116|800b9d|50939.2578125|4.9822998002432|99.0903925011787||||50939.25|390|41475||||800b9d|AXB622|X|X|0|0|7||||132|51|132|51|[]|636148157392580000|14:08:59:258
21|2.1|636147914365734157|800b9d|50943.3046875|4.97603415999|99.096035868941||||50943.2890625|390|41475||||800b9d|AXB622|X|X|0|0|7||||132|51|132|51|[]|636148157433050000|14:09:03:305
21|2.1|636147914409098493|800b9d|50947.6328125|4.969167704918|99.1022156785058||||50947.625|390|41475||||800b9d|AXB622|X|X|0|0|7||||132|51|132|51|[]|636148157476330000|14:09:07:633
21|2.1|636147914449812564|800b9d|50951.703125|4.9628806069927|99.1078590462681||||50951.6875|390|41500||||800b9d|AXB622|X|X|0|0|7||||132|51|132|51|[]|636148157517030000|14:09:11:703
21|2.1|636147914492086791|800b9d|50955.9296875|4.9563789323464|99.1137813637677||||50955.921875|390|41500||||800b9d|AXB622|X|X|0|0|7||||132|51|132|51|[]|636148157559300000|14:09:15:930
21|2.1|636147914536711253|800b9d|50960.390625|4.9494910196023|99.1200255463488||||50960.3828125|390|41475||||800b9d|AXB622|X|X|0|0|7||||132|51|132|51|[]|636148157603910000|14:09:20:391
21|2.1|636147914578365418|800b9d|50964.5625|4.9429678872839|99.1259693215205||||50964.5546875|390|41475||||800b9d|AXB622|X|X|0|0|7||||132|51|132|51|[]|636148157645630000|14:09:24:563
21|2.1|636147914621889770|800b9d|50968.921875|4.9361014322119|99.1321920464295||||50968.9140625|390|41475||||800b9d|AXB622|X|X|0|0|7||||132|51|132|51|[]|636148157689220000|14:09:28:922
21|2.1|636147914664794060|800b9d|50973.203125|4.9295997575656|99.1381572792733||||50973.1875|390|41475||||800b9d|AXB622|X|X|0|0|7||||132|51|132|51|[]|636148157732030000|14:09:33:203
21|2.1|636147914706128193|800b9d|50977.328125|4.9230551675751|99.1441225121171||||50977.3203125|390|41475||||800b9d|AXB622|X|X|0|0|7||||132|51|132|51|[]|636148157773280000|14:09:37:328
21|2.1|636147914746382218|800b9d|50981.359375|4.9168324426661|99.1497873375515||||50981.3515625|390|41500||||800b9d|AXB622|X|X|0|0|7||||132|51|132|51|[]|636148157813590000|14:09:41:359
21|2.1|636147914790846664|800b9d|50985.8125|4.9099659875941|99.1560315201326||||50985.7890625|390|41475||||800b9d|AXB622|X|X|0|0|7||||132|51|132|51|[]|636148157858130000|14:09:45:813
21|2.1|636147914833130892|800b9d|50990.03125|4.9031424478663|99.1622327873695||||50990.0234375|390|41500||||800b9d|AXB622|X|X|0|0|7||||132|51|132|51|[]|636148157900310000|14:09:50:031
21|2.1|636147914876335212|800b9d|50994.359375|4.8965978578758|99.1681765625412||||50994.3515625|390|41475||||800b9d|AXB622|X|X|0|0|7||||132|51|132|51|[]|636148157943590000|14:09:54:359
21|2.1|636147914920009579|800b9d|50998.71875|4.8897528604759|99.1744422027944||||50998.7109375|390|41475||||800b9d|AXB622|X|X|0|0|7||||132|51|132|51|[]|636148157987190000|14:09:58:719
21|2.1|636147914960113589|800b9d|51002.7421875|4.8835086778948|99.1800641128846||||51002.734375|390|41475||||800b9d|AXB622|X|X|0|0|7||||132|51|132|51|[]|636148158027420000|14:10:02:742
21|2.1|636147915001767754|800b9d|51006.8984375|4.8769640879043|99.1860078880563||||51006.890625|390|41475||||800b9d|AXB622|X|X|0|0|7||||132|51|132|51|[]|636148158068980000|14:10:06:898
21|2.1|636147915044201997|800b9d|51011.140625|4.8704409555859|99.191951663228||||51011.1328125|390|41475||||800b9d|AXB622|X|X|0|0|7||||132|51|132|51|[]|636148158111410000|14:10:11:141
21|2.1|636147915084296006|800b9d|51015.1484375|4.8641967730048|99.1976379463345||||51015.140625|390|41500||||800b9d|AXB622|X|X|0|0|7||||132|51|132|51|[]|636148158151480000|14:10:15:148
21|2.1|636147915133120888|800b9d|51020.03125|4.8564076380325|99.2047189781275||||51020.0234375|390|41500||||800b9d|AXB622|X|X|0|0|7||||132|51|132|51|[]|636148158200310000|14:10:20:031
21|2.1|636147915177425318|800b9d|51024.4609375|4.8495411829605|99.2109631607086||||51024.453125|390|41500||||800b9d|AXB622|X|X|0|0|7||||132|51|132|51|[]|636148158244610000|14:10:24:461
21|2.1|636147915222049780|800b9d|51028.9296875|4.8426747278885|99.2172073432897||||51028.921875|390|41500||||800b9d|AXB622|X|X|0|0|7||||132|51|132|51|[]|636148158289300000|14:10:28:930
21|2.1|636147915267284303|800b9d|51033.453125|4.8355293230792|99.2237304756081||||51033.4375|390|41500||||800b9d|AXB622|X|X|0|0|7||||132|51|132|51|[]|636148158334530000|14:10:33:453
21|2.1|636147915309718546|800b9d|51037.703125|4.8289847330887|99.2296742507798||||51037.6875|390|41500||||800b9d|AXB622|X|X|0|0|7||||132|51|132|51|[]|636148158377030000|14:10:37:703
21|2.1|636147915353242898|800b9d|51042.0546875|4.8221182780167|99.2359613487051||||51042.0390625|390|41475||||800b9d|AXB622|X|X|0|0|7||||132|51|132|51|[]|636148158420550000|14:10:42:055
21|2.1|636147915398017375|800b9d|51046.53125|4.8152518229447|99.2422055312862||||51046.5234375|390|41500||||800b9d|AXB622|X|X|0|0|7||||132|51|132|51|[]|636148158465310000|14:10:46:531
21|2.1|636147915444972070|800b9d|51051.21875|4.8081064181354|99.2487286636046||||51051.2109375|390|41475||||800b9d|AXB622|X|X|0|0|7||||132|51|132|51|[]|636148158512190000|14:10:51:219
21|2.1|636147915485376110|800b9d|51055.265625|4.8015189128007|99.2547153541205||||51055.25|390|41500||||800b9d|AXB622|X|X|0|0|7||||132|51|132|51|[]|636148158552660000|14:10:55:266
21|2.1|636147915528120384|800b9d|51059.53125|4.7949743228102|99.2606591292922||||51059.5234375|390|41475||||800b9d|AXB622|X|X|0|0|7||||132|51|132|51|[]|636148158595310000|14:10:59:531
21|2.1|636147915572744846|800b9d|51063.9921875|4.7880864100661|99.2669247695454||||51063.984375|390|41475||||800b9d|AXB622|X|X|0|0|7||||132|51|132|51|[]|636148158639920000|14:11:03:992
21|2.1|636147915616119183|800b9d|51068.328125|4.781198497322|99.2732118674707||||51068.3203125|390|41475||||800b9d|AXB622|X|X|0|0|7||||132|51|132|51|[]|636148158683280000|14:11:08:328
