21|2.1|636147897965514299|880853|49303.3046875|4.9381613687335|102.70448675531||||49303.2890625|360|38400||||880853|AIQ350|X|X|0|0|6||||132|51|132|51|[]|636148141033050000|13:41:43:305
21|2.1|636147898014499197|880853|49308.1875|4.9454355195754|102.69693365473||||49308.1796875|360|38400||||880853|AIQ350|X|X|0|0|6||||132|51|132|51|[]|636148141081880000|13:41:48:188
21|2.1|636147898055843331|880853|49312.328125|4.9515294984518|102.690539268445||||49312.328125|360|38400||||880853|AIQ350|X|X|0|0|6||||132|51|132|51|[]|636148141123280000|13:41:52:328
21|2.1|636147898114349181|880853|49318.1796875|4.9601769403081|102.681441215474||||49318.1796875|360|38425||||880853|AIQ350|X|X||0|6||||132|51|132|51|[]|636148141181800000|13:41:58:180
21|2.1|636147898564264168|880853|49363.171875|5.0260519936551|102.610952762626||||49363.1640625|360|38425||||880853|AIQ350|X|X||0|6||||132|51|132|51|[]|636148141631720000|13:42:43:172
21|2.1|636147898613569098|880853|49368.1015625|5.0332832291528|102.603163627653||||49368.1015625|359.75|38400||||880853|AIQ350|X|X|0|0|6||||132|51|132|51|[]|636148141681020000|13:42:48:102
21|2.1|636147898863664105|880853|49393.109375|5.0696968987065|102.563617137973||||49393.109375|360|38425||||880853|AIQ350|X|X||0|6||||132|51|132|51|[]|636148141931090000|13:43:13:109
21|2.1|636147898906688407|880853|49397.4140625|5.0759196236155|102.556772140573||||49397.40625|360.25|38450||||880853|AIQ350|X|X|0|0|6||||132|51|132|51|[]|636148141974140000|13:43:17:414
21|2.1|636147898947102448|880853|49401.4609375|5.0817775680988|102.55039921196||||49401.453125|360.25|38450||||880853|AIQ350|X|X|0|0|6||||132|51|132|51|[]|636148142014610000|13:43:21:461
21|2.1|636147898990006738|880853|49405.75|5.0880646660241|102.543640045248||||49405.7421875|360.25|38450||||880853|AIQ350|X|X|0|0|6||||132|51|132|51|[]|636148142057500000|13:43:25:750
21|2.1|636147899031820919|880853|49409.921875|5.0943946792936|102.537331489651||||49409.9140625|360.25|38450||||880853|AIQ350|X|X|0|0|6||||132|51|132|51|[]|636148142099220000|13:43:29:922
21|2.1|636147899071744911|880853|49413.921875|5.1007246925631|102.531559375856||||49413.9140625|360|38425||||880853|AIQ350|X|X|0|0|6||||132|51|132|51|[]|636148142139220000|13:43:33:922
21|2.1|636147899121369873|880853|49418.8828125|5.1088356926169|102.524778751472||||49418.875|359.75|38425||||880853|AIQ350|X|X|0|0|6||||132|51|132|51|[]|636148142188830000|13:43:38:883
21|2.1|636147899169244660|880853|49423.671875|5.1169681503428|102.51872768794||||49423.6640625|359.75|38425||||880853|AIQ350|X|X|0|0|6||||132|51|132|51|[]|636148142236720000|13:43:43:672
21|2.1|636147899210588794|880853|49427.796875|5.1241350128242|102.513899711717||||49427.78125|360|38425||||880853|AIQ350|X|X|0|0|6||||132|51|132|51|[]|636148142277970000|13:43:47:797
21|2.1|636147899258643599|880853|49432.6015625|5.1326107933037|102.508556751365||||49432.59375|360|38450||||880853|AIQ350|X|X|0|0|6||||132|51|132|51|[]|636148142326020000|13:43:52:602
21|2.1|636147899310118746|880853|49437.75|5.1416444732578|102.502870468258||||49437.7421875|360.25|38450||||880853|AIQ350|X|X||0|6||||132|51|132|51|[]|636148142377500000|13:43:57:750
21|2.1|636147899359573691|880853|49442.703125|5.1502489997699|102.497312931184||||49442.6953125|360.25|38450||||880853|AIQ350|X|X|0|0|6||||132|51|132|51|[]|636148142427030000|13:44:02:703
21|2.1|636147899408088542|880853|49447.5625|5.158638949561|102.491819767127||||49447.5625|360.25|38450||||880853|AIQ350|X|X|0|0|6||||132|51|132|51|[]|636148142475630000|13:44:07:563
21|2.1|636147899450062739|880853|49451.75|5.1658058120424|102.487141994609||||49451.7421875|360|38425||||880853|AIQ350|X|X||0|6||||132|51|132|51|[]|636148142517500000|13:44:11:750
21|2.1|636147899490616794|880853|49455.8046875|5.172801013147|102.482592968124||||49455.796875|360|38425||||880853|AIQ350|X|X|0|0|6||||132|51|132|51|[]|636148142558050000|13:44:15:805
21|2.1|636147899532430975|880853|49459.9921875|5.1800107909726|102.477915195606||||49459.984375|360|38425||||880853|AIQ350|X|X|0|0|6||||132|51|132|51|[]|636148142599920000|13:44:19:992
21|2.1|636147899580175749|880853|49464.75|5.1881647063706|102.472593692925||||49464.75|360|38425||||880853|AIQ350|X|X|0|0|6||||132|51|132|51|[]|636148142647500000|13:44:24:750
21|2.1|636147899620889820|880853|49468.8359375|5.1951599074752|102.468087581784||||49468.828125|360|38425||||880853|AIQ350|X|X|0|0|6||||132|51|132|51|[]|636148142688360000|13:44:28:836
21|2.1|636147899670654796|880853|49473.8046875|5.2036571456268|102.462615875398||||49473.7890625|360|38425||||880853|AIQ350|X|X|0|0|6||||132|51|132|51|[]|636148142738050000|13:44:33:805
21|2.1|636147899717919522|880853|49478.53125|5.2118110610248|102.457444576422||||49478.5234375|360|38425||||880853|AIQ350|X|X||0|6||||132|51|132|51|[]|636148142785310000|13:44:38:531
21|2.1|636147900026810408|880853|49509.4296875|5.2656912756679|102.424979118535||||49509.421875|360|38400||||880853|AIQ350|X|X||0|6||||132|51|132|51|[]|636148143094300000|13:45:09:430
21|2.1|636147900086406367|880853|49515.390625|5.2765917730947|102.419764904215||||49515.390625|360.25|38425||||880853|AIQ350|X|X|0|0|6||||132|51|132|51|[]|636148143153910000|13:45:15:391
21|2.1|636147900127130439|880853|49519.4609375|5.2841877890181|102.416460422711||||49519.4609375|360.25|38425||||880853|AIQ350|X|X|0|0|6||||132|51|132|51|[]|636148143194610000|13:45:19:461
21|2.1|636147900169244650|880853|49523.6640625|5.292105670023|102.413241771896||||49523.6484375|360.25|38425||||880853|AIQ350|X|X|0|0|6||||132|51|132|51|[]|636148143236640000|13:45:23:664
21|2.1|636147900210748800|880853|49527.8203125|5.3000235510279|102.410151867114||||49527.8125|360|38400||||880853|AIQ350|X|X||0|6||||132|51|132|51|[]|636148143278200000|13:45:27:820
21|2.1|636147900252242949|880853|49531.96875|5.307984347377|102.407126335348||||49531.9609375|360|38400||||880853|AIQ350|X|X||0|6||||132|51|132|51|[]|636148143319690000|13:45:31:969
21|2.1|636147900294827207|880853|49536.234375|5.3161811781192|102.403993515221||||49536.2265625|360|38400||||880853|AIQ350|X|X|0|0|6||||132|51|132|51|[]|636148143362340000|13:45:36:234
21|2.1|636147900335391263|880853|49540.28125|5.3240346861078|102.401053814144||||49540.28125|360|38400||||880853|AIQ350|X|X|0|0|6||||132|51|132|51|[]|636148143402810000|13:45:40:281
21|2.1|636147900376885412|880853|49544.421875|5.3321027708174|102.39815702841||||49544.421875|360|38400||||880853|AIQ350|X|X|0|0|6||||132|51|132|51|[]|636148143444220000|13:45:44:422
21|2.1|636147900423690092|880853|49549.109375|5.3413724851646|102.395174411988||||49549.1015625|360|38400||||880853|AIQ350|X|X|0|0|6||||132|51|132|51|[]|636148143491090000|13:45:49:109
21|2.1|636147900474245147|880853|49554.1640625|5.3515005063958|102.392341999271||||49554.15625|360|38400||||880853|AIQ350|X|X|0|0|6||||132|51|132|51|[]|636148143541640000|13:45:54:164
21|2.1|636147900514329155|880853|49558.171875|5.3596544217938|102.390303520421||||49558.1640625|360|38400||||880853|AIQ350|X|X|0|0|6||||132|51|132|51|[]|636148143581720000|13:45:58:172
21|2.1|636147900561593881|880853|49562.90625|5.3693318319109|102.388200668556||||49562.8984375|360|38425||||880853|AIQ350|X|X|0|0|6||||132|51|132|51|[]|636148143629060000|13:46:02:906
21|2.1|636147900604348156|880853|49567.171875|5.3781723928161|102.38661280082||||49567.171875|360|38400||||880853|AIQ350|X|X|0|0|6||||132|51|132|51|[]|636148143671720000|13:46:07:172
21|2.1|636147900653493070|880853|49572.09375|5.3884291600799|102.385153679117||||49572.078125|360|38425||||880853|AIQ350|X|X|0|0|6||||132|51|132|51|[]|636148143720940000|13:46:12:094
21|2.1|636147900703098030|880853|49577.0546875|5.3988575887205|102.384016422496||||49577.0390625|360|38425||||880853|AIQ350|X|X||0|6||||132|51|132|51|[]|636148143770550000|13:46:17:055
21|2.1|636147900743192039|880853|49581.0625|5.4072904538558|102.383179573284||||49581.0546875|360|38400||||880853|AIQ350|X|X||0|6||||132|51|132|51|[]|636148143810630000|13:46:21:063
21|2.1|636147900784846204|880853|49585.2265625|5.4160237264005|102.382342724072||||49585.21875|360|38425||||880853|AIQ350|X|X||0|6||||132|51|132|51|[]|636148143852270000|13:46:25:227
21|2.1|636147900826650384|880853|49589.4140625|5.4248642873057|102.38150587486||||49589.40625|360|38425||||880853|AIQ350|X|X|0|0|6||||132|51|132|51|[]|636148143894140000|13:46:29:414
21|2.1|636147900873295048|880853|49594.0546875|5.4346489857833|102.380604652632||||49594.046875|360|38425||||880853|AIQ350|X|X|0|0|6||||132|51|132|51|[]|636148143940550000|13:46:34:055
21|2.1|636147900913699088|880853|49598.1015625|5.4432105969512|102.379789261092||||49598.1015625|360|38425||||880853|AIQ350|X|X|0|0|6||||132|51|132|51|[]|636148143981020000|13:46:38:102
21|2.1|636147900954583176|880853|49602.203125|5.4518794964796|102.378995327225||||49602.1953125|360|38425||||880853|AIQ350|X|X|0|0|6||||132|51|132|51|[]|636148144022030000|13:46:42:203
21|2.1|636147901001997917|880853|49606.9296875|5.4618573140061|102.378051189652||||49606.921875|360|38425||||880853|AIQ350|X|X|0|0|6||||132|51|132|51|[]|636148144069300000|13:46:46:930
21|2.1|636147901051302847|880853|49611.859375|5.4722642849746|102.377085594408||||49611.859375|360|38425||||880853|AIQ350|X|X|0|0|6||||132|51|132|51|[]|636148144118590000|13:46:51:859
21|2.1|636147901093267043|880853|49616.0703125|5.4811906765682|102.376248745196||||49616.0703125|360|38425||||880853|AIQ350|X|X|0|0|6||||132|51|132|51|[]|636148144160700000|13:46:56:070
21|2.1|636147901141631879|880853|49620.875|5.4912972401273|102.375304607624||||49620.859375|360|38425||||880853|AIQ350|X|X||0|6||||132|51|132|51|[]|636148144208750000|13:47:00:875
21|2.1|636147901182035919|880853|49624.9140625|5.4997944782789|102.3745535891||||49624.8984375|360|38425||||880853|AIQ350|X|X||0|6||||132|51|132|51|[]|636148144249140000|13:47:04:914
21|2.1|636147901241151830|880853|49630.859375|5.5123472164574|102.373394874807||||49630.8515625|360|38425||||880853|AIQ350|X|X|0|0|6||||132|51|132|51|[]|636148144308590000|13:47:10:859
21|2.1|636147901282035918|880853|49634.9453125|5.5209088276253|102.372600940939||||49634.9375|360.25|38450||||880853|AIQ350|X|X|0|0|6||||132|51|132|51|[]|636148144349450000|13:47:14:945
21|2.1|636147901331020816|880853|49639.84375|5.5311870525612|102.371656803367||||49639.8359375|360.25|38450||||880853|AIQ350|X|X|0|0|6||||132|51|132|51|[]|636148144398440000|13:47:19:844
21|2.1|636147901380785792|880853|49644.8125|5.5416369388739|102.370691208122||||49644.8125|360|38425||||880853|AIQ350|X|X|0|0|6||||132|51|132|51|[]|636148144448130000|13:47:24:813
21|2.1|636147901431950908|880853|49649.921875|5.552387232596|102.369704155205||||49649.9140625|360|38425||||880853|AIQ350|X|X|0|0|6||||132|51|132|51|[]|636148144499220000|13:47:29:922
21|2.1|636147901474855198|880853|49654.2265625|5.561399454878|102.368845848321||||49654.2109375|360|38425||||880853|AIQ350|X|X|0|0|6||||132|51|132|51|[]|636148144542270000|13:47:34:227
21|2.1|636147901526180330|880853|49659.3671875|5.5722141216164|102.367858795405||||49659.359375|360|38425||||880853|AIQ350|X|X|0|0|6||||132|51|132|51|[]|636148144593670000|13:47:39:367
21|2.1|636147901568144526|880853|49663.546875|5.5810117671774|102.367021946193||||49663.5390625|360|38425||||880853|AIQ350|X|X|0|0|6||||132|51|132|51|[]|636148144635470000|13:47:43:547
21|2.1|636147901610588770|880853|49667.8046875|5.589938158771|102.366206554653||||49667.7890625|360|38425||||880853|AIQ350|X|X|0|0|6||||132|51|132|51|[]|636148144678050000|13:47:47:805
21|2.1|636147901660813792|880853|49672.8203125|5.6005167911163|102.365262417081||||49672.8203125|360|38425||||880853|AIQ350|X|X||0|6||||132|51|132|51|[]|636148144728200000|13:47:52:820
21|2.1|636147901707768487|880853|49677.515625|5.6103444049381|102.364318279508||||49677.5078125|360|38425||||880853|AIQ350|X|X||0|6||||132|51|132|51|[]|636148144775160000|13:47:57:516
21|2.1|636147901752392949|880853|49681.984375|5.6197428653179|102.363502887969||||49681.9765625|360|38425||||880853|AIQ350|X|X|0|0|6||||132|51|132|51|[]|636148144819840000|13:48:01:984
21|2.1|636147901798257535|880853|49686.5703125|5.6293773600908|102.36260166574||||49686.5703125|360|38425||||880853|AIQ350|X|X|0|0|6||||132|51|132|51|[]|636148144865700000|13:48:06:570
21|2.1|636147901845682277|880853|49691.3046875|5.639290804601|102.361721901184||||49691.296875|360|38425||||880853|AIQ350|X|X|0|0|6||||132|51|132|51|[]|636148144913050000|13:48:11:305
21|2.1|636147901888426551|880853|49695.5859375|5.648303026883|102.360927967317||||49695.5703125|360|38425||||880853|AIQ350|X|X|0|0|6||||132|51|132|51|[]|636148144955860000|13:48:15:586
21|2.1|636147901938341542|880853|49700.4921875|5.658602709491|102.360005287416||||49700.484375|360|38425||||880853|AIQ350|X|X|0|0|6||||132|51|132|51|[]|636148145004920000|13:48:20:492
21|2.1|636147901987176425|880853|49705.453125|5.6690311381316|102.358996776828||||49705.4453125|360|38425||||880853|AIQ350|X|X|0|0|6||||132|51|132|51|[]|636148145054530000|13:48:25:453
21|2.1|636147902027270434|880853|49709.4609375|5.6774640032669|102.358224300632||||49709.453125|360|38425||||880853|AIQ350|X|X|0|0|6||||132|51|132|51|[]|636148145094610000|13:48:29:461
21|2.1|636147902068764583|880853|49713.625|5.6861972758116|102.357430366764||||49713.6171875|360|38400||||880853|AIQ350|X|X|0|0|6||||132|51|132|51|[]|636148145136250000|13:48:33:625
21|2.1|636147902110728779|880853|49717.8125|5.6949734637005|102.356636432897||||49717.8125|360|38400||||880853|AIQ350|X|X|0|0|6||||132|51|132|51|[]|636148145178130000|13:48:37:813
21|2.1|636147902152852991|880853|49722.03125|5.7038140246057|102.355821041357||||49722.0234375|360|38425||||880853|AIQ350|X|X|0|0|6||||132|51|132|51|[]|636148145220310000|13:48:42:031
21|2.1|636147902193577063|880853|49726.09375|5.7123327204294|102.355070022833||||49726.0859375|360|38425||||880853|AIQ350|X|X|0|0|6||||132|51|132|51|[]|636148145260940000|13:48:46:094
21|2.1|636147902233821087|880853|49730.125|5.7208085009089|102.35431900431||||49730.1171875|360|38425||||880853|AIQ350|X|X|0|0|6||||132|51|132|51|[]|636148145301250000|13:48:50:125
21|2.1|636147902276565361|880853|49734.390625|5.7297992655188|102.353460697426||||49734.390625|360|38425||||880853|AIQ350|X|X|0|0|6||||132|51|132|51|[]|636148145343910000|13:48:54:391
21|2.1|636147902320249729|880853|49738.765625|5.7389831491776|102.352645305886||||49738.7578125|360|38425||||880853|AIQ350|X|X|0|0|6||||132|51|132|51|[]|636148145387660000|13:48:58:766
21|2.1|636147902361123816|880853|49742.8515625|5.7475447603455|102.351894287362||||49742.8515625|360|38425||||880853|AIQ350|X|X|0|0|6||||132|51|132|51|[]|636148145428520000|13:49:02:852
21|2.1|636147902416499353|880853|49748.3828125|5.7591104456074|102.350821403757||||49748.375|360|38425||||880853|AIQ350|X|X||0|6||||132|51|132|51|[]|636148145483830000|13:49:08:383
21|2.1|636147902465794282|880853|49753.3125|5.7694745012317|102.349898723857||||49753.3046875|360|38425||||880853|AIQ350|X|X|0|0|6||||132|51|132|51|[]|636148145533130000|13:49:13:313
21|2.1|636147902515409243|880853|49758.2734375|5.779838556856|102.348954586285||||49758.265625|360.25|38450||||880853|AIQ350|X|X|0|0|6||||132|51|132|51|[]|636148145582730000|13:49:18:273
21|2.1|636147902556753377|880853|49762.4140625|5.7885289140565|102.348160652417||||49762.40625|360.25|38450||||880853|AIQ350|X|X|0|0|6||||132|51|132|51|[]|636148145624140000|13:49:22:414
21|2.1|636147902604958197|880853|49767.234375|5.7985925622714|102.347280887861||||49767.21875|360.25|38450||||880853|AIQ350|X|X|0|0|6||||132|51|132|51|[]|636148145672340000|13:49:27:234
21|2.1|636147902645372238|880853|49771.2734375|5.807089800423|102.346486953993||||49771.2734375|360|38425||||880853|AIQ350|X|X|0|0|6||||132|51|132|51|[]|636148145712730000|13:49:31:273
21|2.1|636147902695437244|880853|49776.2734375|5.8175396867357|102.345499901077||||49776.265625|360|38425||||880853|AIQ350|X|X|0|0|6||||132|51|132|51|[]|636148145762730000|13:49:36:273
21|2.1|636147902748322532|880853|49781.578125|5.8286547608835|102.344491390488||||49781.5703125|360|38425||||880853|AIQ350|X|X|0|0|6||||132|51|132|51|[]|636148145815780000|13:49:41:578
21|2.1|636147903211818877|880853|49827.9140625|5.9257292694639|102.335715202599||||49827.90625|359.75|38400||||880853|AIQ350|X|X|0|0|6||||132|51|132|51|[]|636148146279140000|13:50:27:914
21|2.1|636147903260333728|880853|49832.7734375|5.9359216637114|102.334813980371||||49832.765625|359.75|38400||||880853|AIQ350|X|X|0|0|6||||132|51|132|51|[]|636148146327730000|13:50:32:773
21|2.1|636147903302137908|880853|49836.953125|5.9446549362561|102.334020046503||||49836.9453125|359.75|38400||||880853|AIQ350|X|X|0|0|6||||132|51|132|51|[]|636148146369530000|13:50:36:953
21|2.1|636147903342701964|880853|49841.0078125|5.9531736320798|102.333226112635||||49841|359.75|38400||||880853|AIQ350|X|X|0|0|6||||132|51|132|51|[]|636148146410080000|13:50:41:008
21|2.1|636147903384516145|880853|49845.1953125|5.9619498199687|102.332432178768||||49845.1953125|359.75|38400||||880853|AIQ350|X|X|0|0|6||||132|51|132|51|[]|636148146451950000|13:50:45:195
21|2.1|636147903432250918|880853|49849.9609375|5.9719490951673|102.33153095654||||49849.953125|359.75|38400||||880853|AIQ350|X|X|0|0|6||||132|51|132|51|[]|636148146499610000|13:50:49:961
21|2.1|636147903473125005|880853|49854.046875|5.9805107063352|102.330779938016||||49854.0390625|359.75|38400||||880853|AIQ350|X|X|0|0|6||||132|51|132|51|[]|636148146540470000|13:50:54:047
21|2.1|636147903513369029|880853|49858.078125|5.9889864868147|102.329964546476||||49858.0703125|359.75|38400||||880853|AIQ350|X|X|0|0|6||||132|51|132|51|[]|636148146580780000|13:50:58:078
21|2.1|636147903560643756|880853|49862.8046875|5.9988999313249|102.32908478192||||49862.7890625|359.75|38400||||880853|AIQ350|X|X|0|0|6||||132|51|132|51|[]|636148146628050000|13:51:02:805
21|2.1|636147903608858577|880853|49867.625|6.0090494102282|102.328183559692||||49867.609375|359.75|38400||||880853|AIQ350|X|X|0|0|6||||132|51|132|51|[]|636148146676250000|13:51:07:625
21|2.1|636147903650972788|880853|49871.8359375|6.0179114288055|102.327368168152||||49871.8359375|359.75|38400||||880853|AIQ350|X|X|0|0|6||||132|51|132|51|[]|636148146718360000|13:51:11:836
21|2.1|636147903700427733|880853|49876.78125|6.0282969421019|102.32642403058||||49876.7734375|360|38425||||880853|AIQ350|X|X|0|0|6||||132|51|132|51|[]|636148146767810000|13:51:16:781
21|2.1|636147903749722662|880853|49881.7109375|6.038618082382|102.325522808352||||49881.7109375|360|38425||||880853|AIQ350|X|X||0|6||||132|51|132|51|[]|636148146817110000|13:51:21:711
21|2.1|636147903799327622|880853|49886.671875|6.0490465110226|102.324578670779||||49886.671875|360|38425||||880853|AIQ350|X|X|0|0|6||||132|51|132|51|[]|636148146866720000|13:51:26:672
21|2.1|636147903840831772|880853|49890.8125|6.0577797835673|102.323763279239||||49890.8125|360|38425||||880853|AIQ350|X|X|0|0|6||||132|51|132|51|[]|636148146908130000|13:51:30:813
21|2.1|636147903888886577|880853|49895.625|6.0679078047985|102.322862057011||||49895.625|359.75|38400||||880853|AIQ350|X|X|0|0|6||||132|51|132|51|[]|636148146956250000|13:51:35:625
21|2.1|636147903899337622|880853|49896.65625|6.0700321143364|102.32264748029||||49896.640625|359.75|38400||||880853|X|X|X|0|0|6||||132|83|132|83|[]|636148146966560000|13:51:36:656
21|2.1|636147903929440632|880853|49899.6875|6.0764479582943|102.322089580816||||49899.671875|359.75|38400||||880853|AIQ350|X|X|0|0|6||||132|51|132|51|[]|636148146996880000|13:51:39:688
21|2.1|636147903979365624|880853|49904.671875|6.0869407599512|102.321166900915||||49904.6640625|359.75|38400||||880853|AIQ350|X|X|0|0|6||||132|51|132|51|[]|636148147046720000|13:51:44:672
21|2.1|636147904032410928|880853|49909.9765625|6.0981631224595|102.320179847999||||49909.96875|359.75|38400||||880853|AIQ350|X|X|0|0|6||||132|51|132|51|[]|636148147099770000|13:51:49:977
21|2.1|636147904052062893|880853|49911.9375|6.1022615378306|102.319793609901||||49911.9296875|359.75|38400||||880853|AIQ350|X|X||0|6||||132|83|132|83|[]|636148147119380000|13:51:51:938
21|2.1|636147904072344921|880853|49913.9765625|6.1065745299227|102.319407371803||||49913.96875|359.75|38400||||880853|AIQ350|X|X|0|0|6||||132|51|132|51|[]|636148147139770000|13:51:53:977
21|2.1|636147904094497136|880853|49916.171875|6.1111879294242|102.318978218361||||49916.1640625|360|38425||||880853|AIQ350|X|X||0|6||||132|83|132|83|[]|636148147161720000|13:51:56:172
21|2.1|636147904126320318|880853|49919.3671875|6.1179256384636|102.318377403542||||49919.3515625|360|38425||||880853|AIQ350|X|X||0|6||||132|51|132|51|[]|636148147193670000|13:51:59:367
21|2.1|636147904136301316|880853|49920.3515625|6.1200284903294|102.318184284493||||49920.34375|360|38425||||880853|AIQ350|X|X||0|6||||132|83|132|83|[]|636148147203520000|13:52:00:352
21|2.1|636147904167974483|880853|49923.53125|6.1267447416967|102.317583469675||||49923.5234375|360|38425||||880853|AIQ350|X|X|0|0|6||||132|51|132|51|[]|636148147235310000|13:52:03:531
21|2.1|636147904208068492|880853|49927.5390625|6.135177606832|102.316789535807||||49927.5234375|360|38425||||880853|AIQ350|X|X|0|0|6||||132|83|132|83|[]|636148147275390000|13:52:07:539
21|2.1|636147904218519537|880853|49928.59375|6.1374521200746|102.31661787443||||49928.5859375|360|38425||||880853|AIQ350|X|X|0|0|6||||132|51|132|51|[]|636148147285940000|13:52:08:594
21|2.1|636147904257673452|880853|49932.4921875|6.145691866161|102.315866855907||||49932.4921875|360|38425||||880853|AIQ350|X|X|0|0|6||||132|83|132|83|[]|636148147324920000|13:52:12:492
21|2.1|636147904275775262|880853|49934.3125|6.149554247139|102.315523533153||||49934.3125|360|38425||||880853|AIQ350|X|X||0|6||||132|51|132|51|[]|636148147343130000|13:52:14:313
21|2.1|636147904326320316|880853|49939.3671875|6.1602187101727|102.31447210722||||49939.359375|360|38425||||880853|AIQ350|X|X|0|0|6||||132|51|132|51|[]|636148147393670000|13:52:19:367
21|2.1|636147904366414325|880853|49943.375|6.1686944906522|102.313527969648||||49943.375|360|38425||||880853|AIQ350|X|X||0|6||||132|51|132|51|[]|636148147433750000|13:52:23:375
21|2.1|636147904375925276|880853|49944.3125|6.1706900541575|102.31324901991||||49944.3125|360|38425||||880853|AIQ350|X|X||0|6||||132|83|132|83|[]|636148147443130000|13:52:24:313
21|2.1|636147904424760159|880853|49949.21875|6.1809897367655|102.311940101912||||49949.203125|360|38425||||880853|AIQ350|X|X|0|0|6||||132|51|132|51|[]|636148147492190000|13:52:29:219
21|2.1|636147904466414324|880853|49953.3828125|6.1897873823265|102.310781387619||||49953.375|360|38425||||880853|AIQ350|X|X||0|6||||132|51|132|51|[]|636148147533830000|13:52:33:383
21|2.1|636147904514309113|880853|49958.1640625|6.1998724882135|102.309472469621||||49958.15625|360.25|38450||||880853|AIQ350|X|X||0|6||||132|83|132|83|[]|636148147581640000|13:52:38:164
21|2.1|636147904524130095|880853|49959.15625|6.2019753400793|102.309193519883||||49959.1484375|360.25|38450||||880853|AIQ350|X|X||0|6||||132|51|132|51|[]|636148147591560000|13:52:39:156
21|2.1|636147904576865368|880853|49964.421875|6.2130474988829|102.307755855853||||49964.421875|360.25|38450||||880853|AIQ350|X|X|0|0|6||||132|51|132|51|[]|636148147644220000|13:52:44:422
21|2.1|636147904616959377|880853|49968.4375|6.2214803640182|102.306682972248||||49968.4296875|360.25|38450||||880853|AIQ350|X|X||0|6||||132|51|132|51|[]|636148147684380000|13:52:48:438
21|2.1|636147904626780359|880853|49969.40625|6.2235188428677|102.30640402251||||49969.40625|360.25|38450||||880853|AIQ350|X|X||0|6||||132|83|132|83|[]|636148147694060000|13:52:49:406
21|2.1|636147904668744555|880853|49973.6015625|6.2323594037729|102.305245308217||||49973.59375|360.5|38475||||880853|AIQ350|X|X|0|0|6||||132|51|132|51|[]|636148147736020000|13:52:53:602
21|2.1|636147904668764557|880853|49973.609375|6.2323594037729|102.305245308217||||49973.59375|360.5|38475||||880853|AIQ350|X|X|0|0|6||||132|83|132|83|[]|636148147736090000|13:52:53:609
21|2.1|636147904716339314|880853|49978.3671875|6.2423801366436|102.303936390219||||49978.359375|360.5|38475||||880853|AIQ350|X|X|0|0|6||||132|51|132|51|[]|636148147783670000|13:52:58:367
21|2.1|636147904716339314|880853|49978.3671875|6.2423801366436|102.303936390219||||49978.359375|360.5|38475||||880853|AIQ350|X|X|0|0|6||||132|83|132|83|[]|636148147783670000|13:52:58:367
21|2.1|636147904757043384|880853|49982.4453125|6.2509417478115|102.302799133598||||49982.4375|360.5|38475||||880853|AIQ350|X|X|0|0|6||||132|51|132|51|[]|636148147824450000|13:53:02:445
21|2.1|636147904797457425|880853|49986.4765625|6.259417528291|102.301704792321||||49986.46875|360.5|38475||||880853|AIQ350|X|X||0|6||||132|83|132|83|[]|636148147864770000|13:53:06:477
21|2.1|636147904797607440|880853|49986.4765625|6.259417528291|102.301704792321||||49986.46875|360.5|38475||||880853|AIQ350|X|X|0|0|6||||132|51|132|51|[]|636148147864770000|13:53:06:477
21|2.1|636147904844572136|880853|49991.1953125|6.2693524304733|102.300395874322||||49991.1953125|360.5|38475||||880853|AIQ350|X|X|0|0|6||||132|51|132|51|[]|636148147911950000|13:53:11:195
21|2.1|636147904844722151|880853|49991.1953125|6.2693524304733|102.300395874322||||49991.1953125|360.5|38475||||880853|AIQ350|X|X|0|0|6||||132|83|132|83|[]|636148147911950000|13:53:11:195
21|2.1|636147904892776956|880853|49996.015625|6.2794804517045|102.29904404098||||49996.015625|360.5|38475||||880853|AIQ350|X|X|0|0|6||||132|51|132|51|[]|636148147960160000|13:53:16:016
21|2.1|636147904935061184|880853|50000.2421875|6.2883210126097|102.297906784359||||50000.234375|360.5|38475||||880853|AIQ350|X|X|0|0|6||||132|51|132|51|[]|636148148002420000|13:53:20:242
21|2.1|636147904974055083|880853|50004.125|6.2964749280077|102.296876816098||||50004.1171875|360.5|38475||||880853|AIQ350|X|X|0|0|6||||132|83|132|83|[]|636148148041250000|13:53:24:125
21|2.1|636147904984506128|880853|50005.1875|6.298685068234|102.296533493344||||50005.1796875|360.5|38475||||880853|AIQ350|X|X|0|0|6||||132|51|132|51|[]|636148148051880000|13:53:25:188
21|2.1|636147905033801057|880853|50010.1171875|6.3090920392025|102.295224575346||||50010.109375|360.5|38475||||880853|AIQ350|X|X||0|6||||132|51|132|51|[]|636148148101170000|13:53:30:117
21|2.1|636147905053142991|880853|50012.0390625|6.3130831662131|102.294688133544||||50012.03125|360.25|38450||||880853|AIQ350|X|X||0|6||||132|83|132|83|[]|636148148120390000|13:53:32:039
21|2.1|636147905083416018|880853|50015.078125|6.3194775524989|102.293894199676||||50015.0703125|360.25|38450||||880853|AIQ350|X|X|0|0|6||||132|51|132|51|[]|636148148150780000|13:53:35:078
21|2.1|636147905093547031|880853|50016.078125|6.3215589466926|102.293658165283||||50016.0625|360.25|38450||||880853|AIQ350|X|X||0|6||||132|83|132|83|[]|636148148160780000|13:53:36:078
21|2.1|636147905124910167|880853|50019.2265625|6.3281679096994|102.292821316071||||50019.2109375|360.25|38450||||880853|AIQ350|X|X||0|6||||132|51|132|51|[]|636148148192270000|13:53:39:227
21|2.1|636147905172954971|880853|50024.0390625|6.3382744732585|102.291662601778||||50024.0234375|360.25|38450||||880853|AIQ350|X|X||0|6||||132|51|132|51|[]|636148148240390000|13:53:44:039
21|2.1|636147905183256001|880853|50025.0546875|6.3403987827964|102.291426567385||||50025.046875|360.25|38450||||880853|AIQ350|X|X||0|6||||132|83|132|83|[]|636148148250550000|13:53:45:055
21|2.1|636147905233020977|880853|50030.0234375|6.3508486691091|102.290203480075||||50030.015625|360.25|38450||||880853|AIQ350|X|X||0|6||||132|83|132|83|[]|636148148300230000|13:53:50:023
21|2.1|636147905243632038|880853|50031.09375|6.3530802670075|102.289967445682||||50031.0859375|360.25|38450||||880853|AIQ350|X|X|0|0|6||||132|51|132|51|[]|636148148310940000|13:53:51:094
21|2.1|636147905283886063|880853|50035.125|6.3615345898149|102.289044765782||||50035.1171875|360.25|38450||||880853|AIQ350|X|X|0|0|6||||132|51|132|51|[]|636148148351250000|13:53:55:125
21|2.1|636147905316489323|880853|50038.375|6.3683366718706|102.288293747258||||50038.375|360.25|38450||||880853|AIQ350|X|X|0|0|6||||132|83|132|83|[]|636148148383750000|13:53:58:375
21|2.1|636147905326940368|880853|50039.4296875|6.370568269769|102.288014797521||||50039.421875|360.25|38450||||880853|AIQ350|X|X|0|0|6||||132|51|132|51|[]|636148148394300000|13:53:59:430
21|2.1|636147905367344408|880853|50043.4765625|6.3790225925764|102.28709211762||||50043.4609375|360.25|38450||||880853|AIQ350|X|X|0|0|6||||132|51|132|51|[]|636148148434770000|13:54:03:477
21|2.1|636147905367494423|880853|50043.4765625|6.3790225925764|102.28709211762||||50043.4609375|360.25|38450||||880853|AIQ350|X|X|0|0|6||||132|83|132|83|[]|636148148434770000|13:54:03:477
21|2.1|636147905410398713|880853|50047.765625|6.3880348148584|102.286126522376||||50047.7578125|360|38425||||880853|AIQ350|X|X|0|0|6||||132|51|132|51|[]|636148148477660000|13:54:07:766
21|2.1|636147905441281801|880853|50050.859375|6.3945364895047|102.285375503852||||50050.84375|360.25|38450||||880853|AIQ350|X|X|0|0|6||||132|83|132|83|[]|636148148508590000|13:54:10:859
21|2.1|636147905452052878|880853|50051.9375|6.3967895450752|102.285139469459||||50051.9296875|360|38425||||880853|AIQ350|X|X|0|0|6||||132|51|132|51|[]|636148148519380000|13:54:11:938
21|2.1|636147905481855858|880853|50054.90625|6.4030122699842|102.28443136628||||50054.8984375|360|38425||||880853|AIQ350|X|X|0|0|6||||132|83|132|83|[]|636148148549060000|13:54:14:906
21|2.1|636147905491996872|880853|50055.9375|6.4051794948663|102.284173874215||||50055.9296875|360|38425||||880853|AIQ350|X|X|0|0|6||||132|51|132|51|[]|636148148559380000|13:54:15:938
21|2.1|636147905536141286|880853|50060.34375|6.4144277515414|102.283186821298||||50060.34375|360.25|38450||||880853|AIQ350|X|X|0|0|6||||132|51|132|51|[]|636148148603440000|13:54:20:344
21|2.1|636147905559853657|880853|50062.71875|6.4193630161244|102.282628921824||||50062.7109375|360.25|38450||||880853|AIQ350|X|X||0|6||||132|83|132|83|[]|636148148627190000|13:54:22:719
21|2.1|636147905579815653|880853|50064.71875|6.423568719856|102.282113937693||||50064.7109375|360.25|38450||||880853|AIQ350|X|X|0|0|6||||132|51|132|51|[]|636148148647190000|13:54:24:719
21|2.1|636147905621169788|880853|50068.859375|6.4322161617123|102.281126884777||||50068.8515625|360.25|38450||||880853|AIQ350|X|X|0|0|6||||132|51|132|51|[]|636148148688590000|13:54:28:859
21|2.1|636147905665314202|880853|50073.265625|6.4414215030432|102.280054001172||||50073.2578125|360.25|38450||||880853|AIQ350|X|X|0|0|6||||132|51|132|51|[]|636148148732660000|13:54:33:266
21|2.1|636147905688556526|880853|50075.578125|6.4462280215936|102.279496101697||||50075.5703125|360|38425||||880853|AIQ350|X|X||0|6||||132|83|132|83|[]|636148148755780000|13:54:35:578
21|2.1|636147905708838554|880853|50077.6171875|6.4505410136857|102.279045490583||||50077.609375|360|38425||||880853|AIQ350|X|X|0|0|6||||132|51|132|51|[]|636148148776170000|13:54:37:617
21|2.1|636147905730370707|880853|50079.765625|6.4550256671546|102.27850904878||||50079.7578125|360|38425||||880853|AIQ350|X|X||0|6||||132|83|132|83|[]|636148148797660000|13:54:39:766
21|2.1|636147905750502720|880853|50081.7890625|6.4592099132141|102.278036979994||||50081.78125|360|38425||||880853|AIQ350|X|X|0|0|6||||132|51|132|51|[]|636148148817890000|13:54:41:789
21|2.1|636147905794017071|880853|50086.1328125|6.4683508815287|102.276985554061||||50086.1328125|360|38425||||880853|AIQ350|X|X|0|0|6||||132|51|132|51|[]|636148148861330000|13:54:46:133
21|2.1|636147905798387508|880853|50086.5625|6.4692306460848|102.276899723373||||50086.5625|360|38425||||880853|AIQ350|X|X|0|0|6||||132|83|132|83|[]|636148148865630000|13:54:46:563
21|2.1|636147905834111080|880853|50090.1484375|6.4767193736477|102.275998501145||||50090.140625|360|38425||||880853|AIQ350|X|X|0|0|6||||132|51|132|51|[]|636148148901480000|13:54:50:148
21|2.1|636147905839261595|880853|50090.65625|6.4777922572527|102.275891212784||||50090.65625|360|38425||||880853|AIQ350|X|X|0|0|6||||132|83|132|83|[]|636148148906560000|13:54:50:656
21|2.1|636147905875455214|880853|50094.2734375|6.4853239001598|102.274989990556||||50094.265625|360|38425||||880853|AIQ350|X|X|0|0|6||||132|51|132|51|[]|636148148942730000|13:54:54:273
21|2.1|636147905879505619|880853|50094.6796875|6.4861607493717|102.274904159868||||50094.6640625|360|38425||||880853|AIQ350|X|X|0|0|6||||132|83|132|83|[]|636148148946800000|13:54:54:680
21|2.1|636147905915539222|880853|50098.296875|6.4937567652951|102.274045852984||||50098.2890625|359.75|38400||||880853|AIQ350|X|X|0|0|6||||132|51|132|51|[]|636148148982970000|13:54:58:297
21|2.1|636147905962973965|880853|50103.0234375|6.5036702098053|102.27288713869||||50103.015625|359.75|38400||||880853|AIQ350|X|X||0|6||||132|83|132|83|[]|636148149030230000|13:55:03:023
21|2.1|636147905971704838|880853|50103.90625|6.5054941119338|102.272672561969||||50103.8984375|359.75|38400||||880853|AIQ350|X|X|0|0|6||||132|51|132|51|[]|636148149039060000|13:55:03:906
21|2.1|636147906009458613|880853|50107.6640625|6.5133905352666|102.271771339741||||50107.65625|359.75|38400||||880853|AIQ350|X|X|0|0|6||||132|83|132|83|[]|636148149076640000|13:55:07:664
21|2.1|636147906020069674|880853|50108.734375|6.515622133165|102.271492390004||||50108.7265625|359.75|38400||||880853|AIQ350|X|X|0|0|6||||132|51|132|51|[]|636148149087340000|13:55:08:734
21|2.1|636147906060783745|880853|50112.8046875|6.5241408289887|102.270526794759||||50112.8046875|359.75|38400||||880853|AIQ350|X|X||0|6||||132|51|132|51|[]|636148149128050000|13:55:12:805
21|2.1|636147906102447911|880853|50116.9765625|6.5328741015334|102.269539741843||||50116.9765625|359.5|38375||||880853|AIQ350|X|X||0|6||||132|51|132|51|[]|636148149169770000|13:55:16:977
21|2.1|636147906120379704|880853|50118.765625|6.5366291941509|102.269067673056||||50118.765625|359.75|38400||||880853|AIQ350|X|X||0|6||||132|83|132|83|[]|636148149187660000|13:55:18:766
21|2.1|636147906146592325|880853|50121.3984375|6.5421223582085|102.268466858238||||50121.3828125|359.5|38375||||880853|AIQ350|X|X|0|0|6||||132|51|132|51|[]|636148149213980000|13:55:21:398
21|2.1|636147906166714337|880853|50123.3984375|6.5463495196122|102.267951874107||||50123.3828125|359.5|38375||||880853|AIQ350|X|X|0|0|6||||132|83|132|83|[]|636148149233980000|13:55:23:398
21|2.1|636147906187466412|880853|50125.4765625|6.5506839693764|102.267436889977||||50125.46875|359.5|38375||||880853|AIQ350|X|X||0|6||||132|51|132|51|[]|636148149254770000|13:55:25:477
21|2.1|636147906229580623|880853|50129.6875|6.5595245302816|102.266471294732||||50129.6796875|359.5|38375||||880853|AIQ350|X|X||0|6||||132|51|132|51|[]|636148149296880000|13:55:29:688
21|2.1|636147906229580623|880853|50129.6875|6.5595245302816|102.266471294732||||50129.6796875|359.5|38375||||880853|AIQ350|X|X|0|0|6||||132|83|132|83|[]|636148149296880000|13:55:29:688
21|2.1|636147906272794944|880853|50134.015625|6.568622583252|102.265419868799||||50134.0078125|359.75|38375||||880853|AIQ350|X|X||0|6||||132|51|132|51|[]|636148149340160000|13:55:34:016
21|2.1|636147906277475412|880853|50134.4765625|6.5695452631523|102.265291122767||||50134.46875|359.75|38375||||880853|AIQ350|X|X||0|6||||132|83|132|83|[]|636148149344770000|13:55:34:477
21|2.1|636147906322559920|880853|50138.984375|6.5790295542205|102.264239696834||||50138.984375|359.75|38375||||880853|AIQ350|X|X|0|0|6||||132|51|132|51|[]|636148149389840000|13:55:38:984
21|2.1|636147906357043368|880853|50142.4375|6.586217874374|102.263402847622||||50142.421875|359.75|38375||||880853|AIQ350|X|X|0|0|6||||132|83|132|83|[]|636148149424380000|13:55:42:438
21|2.1|636147906367494413|880853|50143.4765625|6.5884065569282|102.263166813229||||50143.4765625|359.75|38400||||880853|AIQ350|X|X|0|0|6||||132|51|132|51|[]|636148149434770000|13:55:43:477
21|2.1|636147906397757439|880853|50146.5078125|6.5947794855419|102.262437252378||||50146.4921875|359.75|38375||||880853|AIQ350|X|X|0|0|6||||132|83|132|83|[]|636148149465080000|13:55:46:508
21|2.1|636147906408828546|880853|50147.6171875|6.5970969141287|102.262136844968||||50147.6171875|359.75|38400||||880853|AIQ350|X|X|0|0|6||||132|51|132|51|[]|636148149476170000|13:55:47:617
21|2.1|636147906451582821|880853|50151.8828125|6.6060447633944|102.261128334379||||50151.875|359.75|38400||||880853|AIQ350|X|X|0|0|6||||132|51|132|51|[]|636148149518830000|13:55:51:883
21|2.1|636147906478875550|880853|50154.609375|6.6117739618451|102.260463146544||||50154.6015625|360|38400||||880853|AIQ350|X|X||0|6||||132|83|132|83|[]|636148149546090000|13:55:54:609
21|2.1|636147906492296892|880853|50155.96875|6.6146063745623|102.260119823791||||50155.9609375|360|38400||||880853|AIQ350|X|X|0|0|6||||132|51|132|51|[]|636148149559690000|13:55:55:969
21|2.1|636147906536451307|880853|50160.375|6.6238760889095|102.259046940186||||50160.3671875|360|38400||||880853|AIQ350|X|X|0|0|6||||132|51|132|51|[]|636148149603750000|13:56:00:375
21|2.1|636147906578875549|880853|50164.6171875|6.6327595651589|102.258038429597||||50164.609375|360|38400||||880853|AIQ350|X|X|0|0|6||||132|51|132|51|[]|636148149646170000|13:56:04:617
21|2.1|636147906589486610|880853|50165.6640625|6.6349482477131|102.25775947986||||50165.6640625|360|38400||||880853|AIQ350|X|X||0|6||||132|83|132|83|[]|636148149656640000|13:56:05:664
21|2.1|636147906620379699|880853|50168.75|6.6414284646873|102.257008461336||||50168.734375|360|38425||||880853|AIQ350|X|X||0|6||||132|51|132|51|[]|636148149687500000|13:56:08:750
21|2.1|636147906631140775|880853|50169.8359375|6.6437029779299|102.256772426943||||50169.828125|360|38425||||880853|AIQ350|X|X|0|0|6||||132|83|132|83|[]|636148149698360000|13:56:09:836
21|2.1|636147906662513912|880853|50172.9765625|6.6502904832646|102.255999950748||||50172.96875|360|38425||||880853|AIQ350|X|X||0|6||||132|51|132|51|[]|636148149729770000|13:56:12:977
21|2.1|636147906704308091|880853|50177.15625|6.6590881288256|102.255012897831||||50177.1484375|359.75|38400||||880853|AIQ350|X|X|0|0|6||||132|51|132|51|[]|636148149771560000|13:56:17:156
21|2.1|636147906746742334|880853|50181.40625|6.6680145204192|102.25398292957||||50181.3984375|359.75|38400||||880853|AIQ350|X|X|0|0|6||||132|51|132|51|[]|636148149814060000|13:56:21:406
21|2.1|636147906791976857|880853|50185.9296875|6.6775417268316|102.252888588293||||50185.921875|360|38425||||880853|AIQ350|X|X|0|0|6||||132|51|132|51|[]|636148149859300000|13:56:25:930
21|2.1|636147906834261085|880853|50190.15625|6.6864466607531|102.25183716236||||50190.15625|360|38425||||880853|AIQ350|X|X||0|6||||132|51|132|51|[]|636148149901560000|13:56:30:156
21|2.1|636147906853292988|880853|50192.0546875|6.6904377877637|102.251408008918||||50192.0546875|360|38425||||880853|AIQ350|X|X||0|6||||132|83|132|83|[]|636148149920550000|13:56:32:055
21|2.1|636147906882785937|880853|50195.015625|6.6966605126727|102.250678448067||||50195.015625|360|38425||||880853|AIQ350|X|X|0|0|6||||132|51|132|51|[]|636148149950160000|13:56:35:016
21|2.1|636147906924900148|880853|50199.2265625|6.7055010735779|102.249669937478||||50199.21875|360|38425||||880853|AIQ350|X|X|0|0|6||||132|51|132|51|[]|636148149992270000|13:56:39:227
21|2.1|636147906972484906|880853|50203.9765625|6.7155432641207|102.248532680857||||50203.96875|360|38425||||880853|AIQ350|X|X||0|6||||132|51|132|51|[]|636148150039770000|13:56:43:977
21|2.1|636147906972484906|880853|50203.9765625|6.7155432641207|102.248532680857||||50203.96875|360|38425||||880853|AIQ350|X|X||0|6||||132|83|132|83|[]|636148150039770000|13:56:43:977
21|2.1|636147907014289086|880853|50208.1640625|6.7243409096817|102.247481254924||||50208.1640625|360|38425||||880853|AIQ350|X|X||0|6||||132|51|132|51|[]|636148150081640000|13:56:48:164
21|2.1|636147907063744031|880853|50213.1171875|6.7347478806502|102.246258167614||||50213.109375|360|38400||||880853|AIQ350|X|X||0|6||||132|51|132|51|[]|636148150131170000|13:56:53:117
21|2.1|636147907063904047|880853|50213.1171875|6.7347478806502|102.246258167614||||50213.109375|360|38400||||880853|AIQ350|X|X||0|6||||132|83|132|83|[]|636148150131170000|13:56:53:117
21|2.1|636147907112428899|880853|50217.9765625|6.7449617325698|102.245077995649||||50217.9765625|360.25|38425||||880853|AIQ350|X|X||0|6||||132|51|132|51|[]|636148150179770000|13:56:57:977
21|2.1|636147907112568913|880853|50217.984375|6.7449617325698|102.245077995649||||50217.9765625|360.25|38425||||880853|AIQ350|X|X||0|6||||132|83|132|83|[]|636148150179840000|13:56:57:984
21|2.1|636147907154383094|880853|50222.1640625|6.7537593781308|102.24406948506||||50222.15625|360.25|38450||||880853|AIQ350|X|X|0|0|6||||132|51|132|51|[]|636148150221640000|13:57:02:164
21|2.1|636147907185276183|880853|50225.25|6.7602610527771|102.243275551192||||50225.234375|360.25|38450||||880853|AIQ350|X|X|0|0|6||||132|83|132|83|[]|636148150252500000|13:57:05:250
21|2.1|636147907197437399|880853|50226.21875|6.7622780739545|102.243082432143||||50226.2109375|360.25|38450||||880853|AIQ350|X|X|0|0|6||||132|51|132|51|[]|636148150262190000|13:57:06:219
21|2.1|636147907225370192|880853|50229.265625|6.7686724602403|102.242309955948||||50229.2578125|360.25|38450||||880853|AIQ350|X|X|0|0|6||||132|83|132|83|[]|636148150292660000|13:57:09:266
21|2.1|636147907236751330|880853|50230.40625|6.7711186348597|102.24203100621||||50230.3984375|360.25|38450||||880853|AIQ350|X|X|0|0|6||||132|51|132|51|[]|636148150304060000|13:57:10:406
21|2.1|636147907275595214|880853|50234.2734375|6.7792725502577|102.241129783982||||50234.2734375|360.25|38450||||880853|AIQ350|X|X|0|0|6||||132|83|132|83|[]|636148150342730000|13:57:14:273
21|2.1|636147907284336088|880853|50235.1640625|6.7811179100583|102.240915207261||||50235.1640625|360.25|38450||||880853|AIQ350|X|X|0|0|6||||132|51|132|51|[]|636148150351640000|13:57:15:164
21|2.1|636147907325210175|880853|50239.25|6.7896795212262|102.239928154345||||50239.2421875|360.25|38450||||880853|AIQ350|X|X|0|0|6||||132|51|132|51|[]|636148150392500000|13:57:19:250
21|2.1|636147907355163170|880853|50242.25|6.7959666191515|102.239198593493||||50242.234375|360.25|38450||||880853|AIQ350|X|X||0|6||||132|83|132|83|[]|636148150422500000|13:57:22:250
21|2.1|636147907365454199|880853|50243.2734375|6.7981553017057|102.2389625591||||50243.2734375|360.25|38450||||880853|AIQ350|X|X|0|0|6||||132|51|132|51|[]|636148150432730000|13:57:23:273
21|2.1|636147907396187272|880853|50246.3359375|6.8045926033357|102.238211540577||||50246.3359375|360.25|38450||||880853|AIQ350|X|X||0|6||||132|83|132|83|[]|636148150463360000|13:57:26:336
21|2.1|636147907412728926|880853|50248.0078125|6.8080687462159|102.237782387135||||50247.9921875|360.25|38450||||880853|AIQ350|X|X|0|0|6||||132|51|132|51|[]|636148150480080000|13:57:28:008
21|2.1|636147907450792732|880853|50251.8046875|6.816029542565|102.236881164906||||50251.7890625|360.25|38450||||880853|AIQ350|X|X||0|6||||132|83|132|83|[]|636148150518050000|13:57:31:805
21|2.1|636147907460933746|880853|50252.828125|6.8181967674471|102.236623672841||||50252.8203125|360.25|38450||||880853|AIQ350|X|X|0|0|6||||132|51|132|51|[]|636148150528280000|13:57:32:828
21|2.1|636147907492286881|880853|50255.9453125|6.8247842727818|102.235872654318||||50255.9375|360.25|38450||||880853|AIQ350|X|X|0|0|6||||132|83|132|83|[]|636148150559450000|13:57:35:945
21|2.1|636147907513659018|880853|50258.0859375|6.8292689262507|102.235357670187||||50258.078125|360.25|38450||||880853|AIQ350|X|X|0|0|6||||132|51|132|51|[]|636148150580860000|13:57:38:086
21|2.1|636147907561403792|880853|50262.875|6.8393540321377|102.23426332891||||50262.875|360.25|38450||||880853|AIQ350|X|X|0|0|6||||132|51|132|51|[]|636148150628750000|13:57:42:875
21|2.1|636147907601967848|880853|50266.9140625|6.8478727279614|102.233276275994||||50266.9140625|360.25|38450||||880853|AIQ350|X|X|0|0|6||||132|51|132|51|[]|636148150669140000|13:57:46:914
21|2.1|636147907651572808|880853|50271.890625|6.8582582412578|102.232096104028||||50271.875|360.25|38450||||880853|AIQ350|X|X|0|0|6||||132|51|132|51|[]|636148150718910000|13:57:51:891
21|2.1|636147907681835834|880853|50274.90625|6.8646311698715|102.231366543177||||50274.8984375|360.25|38450||||880853|AIQ350|X|X||0|6||||132|83|132|83|[]|636148150749060000|13:57:54:906
21|2.1|636147907692916942|880853|50276.0234375|6.8669700561304|102.231087593439||||50276.015625|360|38425||||880853|AIQ350|X|X|0|0|6||||132|51|132|51|[]|636148150760230000|13:57:56:023
21|2.1|636147907741121762|880853|50280.8359375|6.8771195350337|102.229928879146||||50280.828125|360|38425||||880853|AIQ350|X|X|0|0|6||||132|51|132|51|[]|636148150808360000|13:58:00:836
21|2.1|636147907741121762|880853|50280.8359375|6.8771195350337|102.229928879146||||50280.828125|360|38425||||880853|AIQ350|X|X||0|6||||132|83|132|83|[]|636148150808360000|13:58:00:836
21|2.1|636147907781525802|880853|50284.890625|6.8856382308574|102.228941826229||||50284.8828125|360|38425||||880853|AIQ350|X|X|0|0|6||||132|51|132|51|[]|636148150848910000|13:58:04:891
21|2.1|636147907831600809|880853|50289.875|6.8961095748422|102.227740196592||||50289.875|360|38425||||880853|AIQ350|X|X||0|6||||132|51|132|51|[]|636148150898750000|13:58:09:875
21|2.1|636147907831610810|880853|50289.875|6.8961095748422|102.227740196592||||50289.875|360|38425||||880853|AIQ350|X|X|0|0|6||||132|83|132|83|[]|636148150898750000|13:58:09:875
21|2.1|636147907873414990|880853|50294.0703125|6.9049501357474|102.226731686003||||50294.0625|360|38425||||880853|AIQ350|X|X||0|6||||132|51|132|51|[]|636148150940700000|13:58:14:070
21|2.1|636147907915069155|880853|50298.234375|6.9137048659642|102.225744633087||||50298.2265625|360|38425||||880853|AIQ350|X|X|0|0|6||||132|51|132|51|[]|636148150982340000|13:58:18:234
21|2.1|636147907924730121|880853|50299.1875|6.9157004294695|102.225508598693||||50299.1796875|360|38425||||880853|AIQ350|X|X|0|0|6||||132|83|132|83|[]|636148150991880000|13:58:19:188
21|2.1|636147907956563304|880853|50302.390625|6.9224166808368|102.224714664826||||50302.375|360|38425||||880853|AIQ350|X|X|0|0|6||||132|51|132|51|[]|636148151023910000|13:58:22:391
21|2.1|636147907999167564|880853|50306.6484375|6.9313859877746|102.223706154237||||50306.640625|360|38425||||880853|AIQ350|X|X|0|0|6||||132|51|132|51|[]|636148151066480000|13:58:26:648
21|2.1|636147908030820729|880853|50309.8046875|6.9380593237977|102.222912220369||||50309.8046875|360|38425||||880853|AIQ350|X|X||0|6||||132|83|132|83|[]|636148151098050000|13:58:29:805
21|2.1|636147908039711618|880853|50310.6953125|6.9399261412704|102.22271910132||||50310.6953125|360|38425||||880853|AIQ350|X|X|0|0|6||||132|51|132|51|[]|636148151106950000|13:58:30:695
21|2.1|636147908081055752|880853|50314.8359375|6.9486594138151|102.22168913306||||50314.8359375|360|38425||||880853|AIQ350|X|X|0|0|6||||132|51|132|51|[]|636148151148360000|13:58:34:836
21|2.1|636147908118499496|880853|50318.5703125|6.9564914641316|102.220766453159||||50318.5546875|360|38425||||880853|AIQ350|X|X||0|6||||132|83|132|83|[]|636148151185700000|13:58:38:570
21|2.1|636147908137371383|880853|50320.46875|6.9604825911422|102.220294384373||||50320.453125|360|38425||||880853|AIQ350|X|X|0|0|6||||132|51|132|51|[]|636148151204690000|13:58:40:469
21|2.1|636147908178555501|880853|50324.578125|6.9691514906706|102.219307331457||||50324.5703125|360|38425||||880853|AIQ350|X|X|0|0|6||||132|51|132|51|[]|636148151245780000|13:58:44:578
21|2.1|636147908208978543|880853|50327.625|6.9755673346285|102.218556312933||||50327.6171875|360|38425||||880853|AIQ350|X|X||0|6||||132|83|132|83|[]|636148151276250000|13:58:47:625
21|2.1|636147908218489494|880853|50328.5859375|6.9775843558059|102.21832027854||||50328.578125|360|38425||||880853|AIQ350|X|X|0|0|6||||132|51|132|51|[]|636148151285860000|13:58:48:586
21|2.1|636147908265924237|880853|50333.3203125|6.9875407156603|102.217161564247||||50333.3125|360|38425||||880853|AIQ350|X|X|0|0|6||||132|51|132|51|[]|636148151333200000|13:58:53:320
21|2.1|636147908308508495|880853|50337.5859375|6.9965529379423|102.216088680642||||50337.5859375|360|38425||||880853|AIQ350|X|X|0|0|6||||132|51|132|51|[]|636148151375860000|13:58:57:586
21|2.1|636147908328320476|880853|50339.546875|7.0006728109855|102.2156595272||||50339.546875|360|38425||||880853|AIQ350|X|X|0|0|6||||132|83|132|83|[]|636148151395470000|13:58:59:547
21|2.1|636147908357803424|880853|50342.5078125|7.0068526205503|102.214908508676||||50342.4921875|360|38425||||880853|AIQ350|X|X|0|0|6||||132|51|132|51|[]|636148151425080000|13:59:02:508
21|2.1|636147908407418385|880853|50347.46875|7.0173239645351|102.213728336711||||50347.453125|360|38425||||880853|AIQ350|X|X|0|0|6||||132|51|132|51|[]|636148151474690000|13:59:07:469
21|2.1|636147908447512394|880853|50351.4765625|7.0257997450146|102.212741283794||||50351.46875|360|38425||||880853|AIQ350|X|X|0|0|6||||132|51|132|51|[]|636148151514770000|13:59:11:477
21|2.1|636147908489006543|880853|50355.640625|7.0345544752314|102.211732773205||||50355.6328125|360|38425||||880853|AIQ350|X|X||0|6||||132|51|132|51|[]|636148151556410000|13:59:15:641
21|2.1|636147908500087651|880853|50356.7265625|7.0368719038182|102.211453823468||||50356.71875|360|38425||||880853|AIQ350|X|X|0|0|6||||132|83|132|83|[]|636148151567270000|13:59:16:727
21|2.1|636147908530970739|880853|50359.828125|7.0433950361366|102.210681347272||||50359.8203125|360|38425||||880853|AIQ350|X|X||0|6||||132|51|132|51|[]|636148151598280000|13:59:19:828
21|2.1|636147908577305372|880853|50364.46875|7.0532226499584|102.209544090651||||50364.4609375|360|38425||||880853|AIQ350|X|X|0|0|6||||132|51|132|51|[]|636148151644690000|13:59:24:469
21|2.1|636147908598677509|880853|50366.5859375|7.0577073034273|102.209029106521||||50366.5859375|360|38425||||880853|AIQ350|X|X|0|0|6||||132|83|132|83|[]|636148151665860000|13:59:26:586
21|2.1|636147908617869428|880853|50368.515625|7.0617413457821|102.208557037734||||50368.515625|360|38400||||880853|AIQ350|X|X|0|0|6||||132|51|132|51|[]|636148151685160000|13:59:28:516
21|2.1|636147908658903531|880853|50372.6171875|7.0704102453105|102.207569984818||||50372.609375|360|38400||||880853|AIQ350|X|X|0|0|6||||132|51|132|51|[]|636148151726170000|13:59:32:617
21|2.1|636147908680265667|880853|50374.75|7.0749163564515|102.207012085343||||50374.7421875|360|38400||||880853|AIQ350|X|X||0|6||||132|83|132|83|[]|636148151747500000|13:59:34:750
21|2.1|636147908706168257|880853|50377.3515625|7.0804524358533|102.20636835518||||50377.3359375|360|38400||||880853|AIQ350|X|X|0|0|6||||132|51|132|51|[]|636148151773520000|13:59:37:352
21|2.1|636147908755463186|880853|50382.28125|7.0909237798381|102.205145267871||||50382.2734375|360|38400||||880853|AIQ350|X|X||0|6||||132|51|132|51|[]|636148151822810000|13:59:42:281
21|2.1|636147908797587398|880853|50386.484375|7.0998716291038|102.20411529961||||50386.484375|360|38400||||880853|AIQ350|X|X|0|0|6||||132|51|132|51|[]|636148151864840000|13:59:46:484
21|2.1|636147908797597399|880853|50386.484375|7.0998716291038|102.20411529961||||50386.484375|360|38400||||880853|AIQ350|X|X|0|0|6||||132|83|132|83|[]|636148151864840000|13:59:46:484
21|2.1|636147908845482187|880853|50391.28125|7.1100854810234|102.202978042988||||50391.2734375|360|38425||||880853|AIQ350|X|X||0|6||||132|51|132|51|[]|636148151912810000|13:59:51:281
21|2.1|636147908855943233|880853|50392.3203125|7.1122956212497|102.202677635579||||50392.3125|360|38400||||880853|AIQ350|X|X|0|0|6||||132|83|132|83|[]|636148151923200000|13:59:52:320
21|2.1|636147908885886227|880853|50395.328125|7.1186900075355|102.201948074728||||50395.3125|360|38425||||880853|AIQ350|X|X||0|6||||132|51|132|51|[]|636148151953280000|13:59:55:328
21|2.1|636147908905228161|880853|50397.25|7.1228098805787|102.201476005941||||50397.234375|360|38425||||880853|AIQ350|X|X|0|0|6||||132|83|132|83|[]|636148151972500000|13:59:57:250
21|2.1|636147908930190657|880853|50399.7578125|7.1281313832595|102.200875191123||||50399.75|360|38425||||880853|AIQ350|X|X||0|6||||132|51|132|51|[]|636148151997580000|13:59:59:758
21|2.1|636147908956243262|880853|50402.3515625|7.1336674626613|102.20023146096||||50402.34375|360|38425||||880853|AIQ350|X|X||0|6||||132|83|132|83|[]|636148152023520000|14:00:02:352
21|2.1|636147908976995337|880853|50404.4296875|7.1380877431139|102.199695019157||||50404.421875|360|38425||||880853|AIQ350|X|X||0|6||||132|51|132|51|[]|636148152044300000|14:00:04:430
21|2.1|636147909025040141|880853|50409.234375|7.1483445103777|102.198557762536||||50409.234375|359.75|38425||||880853|AIQ350|X|X|0|0|6||||132|51|132|51|[]|636148152092340000|14:00:09:234
21|2.1|636147909056403277|880853|50412.3671875|7.1549963887287|102.197763828668||||50412.3671875|359.75|38425||||880853|AIQ350|X|X||0|6||||132|83|132|83|[]|636148152123670000|14:00:12:367
21|2.1|636147909065604197|880853|50413.2890625|7.1569061215456|102.197527794275||||50413.28125|359.75|38425||||880853|AIQ350|X|X||0|6||||132|51|132|51|[]|636148152132890000|14:00:13:289
21|2.1|636147909115529189|880853|50418.2890625|7.1674203808746|102.19634762231||||50418.2734375|360|38425||||880853|AIQ350|X|X|0|0|6||||132|51|132|51|[]|636148152182890000|14:00:18:289
21|2.1|636147909124420078|880853|50419.15625|7.169222825331|102.196133045589||||50419.1484375|360|38450||||880853|AIQ350|X|X|0|0|6||||132|83|132|83|[]|636148152191560000|14:00:19:156
21|2.1|636147909157493385|880853|50422.4765625|7.1761751110914|102.195296196377||||50422.46875|360.25|38450||||880853|AIQ350|X|X|0|0|6||||132|51|132|51|[]|636148152224770000|14:00:22:477
21|2.1|636147909199147550|880853|50426.640625|7.1847796376035|102.19430914346||||50426.6328125|360.25|38450||||880853|AIQ350|X|X||0|6||||132|51|132|51|[]|636148152266410000|14:00:26:641
21|2.1|636147909199147550|880853|50426.640625|7.1847796376035|102.19430914346||||50426.6328125|360.25|38450||||880853|AIQ350|X|X||0|6||||132|83|132|83|[]|636148152266410000|14:00:26:641
21|2.1|636147909240481683|880853|50430.7890625|7.1933841641156|102.193279175199||||50430.78125|360.25|38450||||880853|AIQ350|X|X||0|6||||132|51|132|51|[]|636148152307890000|14:00:30:789
21|2.1|636147909283235958|880853|50435.046875|7.2021388943324|102.192270664611||||50435.0390625|360.25|38450||||880853|AIQ350|X|X|0|0|6||||132|51|132|51|[]|636148152350470000|14:00:35:047
21|2.1|636147909304138048|880853|50437.140625|7.2064304287524|102.19175568048||||50437.1328125|360.25|38450||||880853|AIQ350|X|X|0|0|6||||132|83|132|83|[]|636148152371410000|14:00:37:141
21|2.1|636147909323639998|880853|50439.1015625|7.2104644711072|102.191283611694||||50439.09375|360.25|38450||||880853|AIQ350|X|X||0|6||||132|51|132|51|[]|636148152391020000|14:00:39:102
21|2.1|636147909365134147|880853|50443.25|7.2189402515867|102.190253643433||||50443.234375|360.25|38450||||880853|AIQ350|X|X|0|0|6||||132|51|132|51|[]|636148152432500000|14:00:43:250
21|2.1|636147909411928826|880853|50447.9296875|7.2284889156712|102.189137844484||||50447.9140625|360.25|38450||||880853|AIQ350|X|X||0|6||||132|51|132|51|[]|636148152479300000|14:00:47:930
21|2.1|636147909441731806|880853|50450.890625|7.2345399792034|102.188451198977||||50450.8828125|360.25|38450||||880853|AIQ350|X|X|0|0|6||||132|83|132|83|[]|636148152508910000|14:00:50:891
21|2.1|636147909462483881|880853|50452.9765625|7.2388100559513|102.187979130191||||50452.96875|360.25|38450||||880853|AIQ350|X|X|0|0|6||||132|51|132|51|[]|636148152529770000|14:00:52:977
21|2.1|636147909493056938|880853|50456.03125|7.244968407844|102.187249569339||||50456.0234375|360|38425||||880853|AIQ350|X|X||0|6||||132|83|132|83|[]|636148152560310000|14:00:56:031
21|2.1|636147909502577890|880853|50456.984375|7.2469425136772|102.187013534946||||50456.984375|360|38425||||880853|AIQ350|X|X|0|0|6||||132|51|132|51|[]|636148152569840000|14:00:56:984
21|2.1|636147909560923724|880853|50462.8203125|7.2587656910043|102.185597328587||||50462.8125|360|38425||||880853|AIQ350|X|X|0|0|6||||132|51|132|51|[]|636148152628200000|14:01:02:820
21|2.1|636147909570904722|880853|50463.8046875|7.2608041698538|102.185404209539||||50463.8046875|360|38425||||880853|AIQ350|X|X||0|6||||132|83|132|83|[]|636148152638050000|14:01:03:805
21|2.1|636147909602587890|880853|50466.984375|7.2672200138117|102.184631733343||||50466.984375|360|38425||||880853|AIQ350|X|X|0|0|6||||132|51|132|51|[]|636148152669840000|14:01:06:984
21|2.1|636147909612408872|880853|50467.9609375|7.2691726619728|102.18439569895||||50467.9453125|360|38425||||880853|AIQ350|X|X|0|0|6||||132|83|132|83|[]|636148152679610000|14:01:07:961
21|2.1|636147909650632694|880853|50471.78125|7.2769617969451|102.183515934394||||50471.765625|360|38425||||880853|AIQ350|X|X|0|0|6||||132|51|132|51|[]|636148152717810000|14:01:11:781
21|2.1|636147909691336764|880853|50475.8671875|7.2852444583757|102.182550339149||||50475.859375|360|38400||||880853|AIQ350|X|X|0|0|6||||132|51|132|51|[]|636148152758670000|14:01:15:867
21|2.1|636147909701957826|880853|50476.921875|7.2873687679136|102.182292847084||||50476.9140625|360|38400||||880853|AIQ350|X|X||0|6||||132|83|132|83|[]|636148152769220000|14:01:16:922
21|2.1|636147909731590789|880853|50479.875|7.2933769161016|102.181606201577||||50479.8671875|360|38400||||880853|AIQ350|X|X|0|0|6||||132|51|132|51|[]|636148152798750000|14:01:19:875
21|2.1|636147909773084938|880853|50484.0390625|7.3018526965811|102.180662064004||||50484.03125|360|38400||||880853|AIQ350|X|X|0|0|6||||132|51|132|51|[]|636148152840390000|14:01:24:039
21|2.1|636147909784006030|880853|50485.125|7.3040413791353|102.180383114267||||50485.125|360|38400||||880853|AIQ350|X|X||0|6||||132|83|132|83|[]|636148152851250000|14:01:25:125
21|2.1|636147909815049134|880853|50488.2265625|7.3103284770606|102.179717926432||||50488.2265625|360|38400||||880853|AIQ350|X|X|0|0|6||||132|51|132|51|[]|636148152882270000|14:01:28:227
21|2.1|636147909861393768|880853|50492.8671875|7.3197698527846|102.178623585155||||50492.8671875|360|38400||||880853|AIQ350|X|X|0|0|6||||132|51|132|51|[]|636148152928670000|14:01:32:867
21|2.1|636147909882605889|880853|50494.9921875|7.3240828448767|102.178108601025||||50494.984375|360|38400||||880853|AIQ350|X|X|0|0|6||||132|83|132|83|[]|636148152949920000|14:01:34:992
21|2.1|636147909901947823|880853|50496.9296875|7.328009598871|102.177636532238||||50496.9140625|360|38400||||880853|AIQ350|X|X|0|0|6||||132|51|132|51|[]|636148152969300000|14:01:36:930
21|2.1|636147909942831911|880853|50501.015625|7.3363137179737|102.176713852338||||50501.0078125|360|38400||||880853|AIQ350|X|X|0|0|6||||132|51|132|51|[]|636148153010160000|14:01:41:016
21|2.1|636147909942971925|880853|50501.015625|7.3363137179737|102.176713852338||||50501.0078125|360|38400||||880853|AIQ350|X|X||0|6||||132|83|132|83|[]|636148153010160000|14:01:41:016
21|2.1|636147909990246652|880853|50505.75|7.3459482127466|102.175598053389||||50505.7421875|360|38400||||880853|AIQ350|X|X|0|0|6||||132|51|132|51|[]|636148153057500000|14:01:45:750
21|2.1|636147910034091036|880853|50510.140625|7.3548746043402|102.174546627456||||50510.1328125|360|38400||||880853|AIQ350|X|X|0|0|6||||132|51|132|51|[]|636148153101410000|14:01:50:141
21|2.1|636147910039541581|880853|50510.6796875|7.3559904032894|102.174460796768||||50510.671875|360|38400||||880853|AIQ350|X|X||0|6||||132|83|132|83|[]|636148153106800000|14:01:50:680
21|2.1|636147910081665793|880853|50514.890625|7.3645520144573|102.173452286179||||50514.8828125|360|38425||||880853|AIQ350|X|X|0|0|6||||132|51|132|51|[]|636148153148910000|14:01:54:891
21|2.1|636147910110058632|880853|50517.7265625|7.3703455859243|102.172808556016||||50517.7265625|360|38400||||880853|AIQ350|X|X||0|6||||132|83|132|83|[]|636148153177270000|14:01:57:727
21|2.1|636147910129560582|880853|50519.6875|7.3743367129349|102.17233648723||||50519.6796875|360|38400||||880853|AIQ350|X|X||0|6||||132|51|132|51|[]|636148153196880000|14:01:59:688
21|2.1|636147910174645090|880853|50524.1953125|7.3835635119379|102.171285061297||||50524.1875|360.25|38425||||880853|AIQ350|X|X||0|6||||132|51|132|51|[]|636148153241950000|14:02:04:195
21|2.1|636147910179485574|880853|50524.671875|7.3844861918382|102.171156315264||||50524.65625|360.25|38425||||880853|AIQ350|X|X|0|0|6||||132|83|132|83|[]|636148153246720000|14:02:04:672
21|2.1|636147910219579583|880853|50528.6875|7.3927903109409|102.17019072002||||50528.6796875|360|38400||||880853|AIQ350|X|X||0|6||||132|51|132|51|[]|636148153286880000|14:02:08:688
21|2.1|636147910219729598|880853|50528.6875|7.3927903109409|102.17019072002||||50528.6796875|360|38400||||880853|AIQ350|X|X|0|0|6||||132|83|132|83|[]|636148153286880000|14:02:08:688
21|2.1|636147910261083733|880853|50532.828125|7.4013090067646|102.169225124775||||50532.8203125|360|38400||||880853|AIQ350|X|X||0|6||||132|51|132|51|[]|636148153328280000|14:02:12:828
21|2.1|636147910261083733|880853|50532.828125|7.4013090067646|102.169225124775||||50532.8203125|360|38400||||880853|AIQ350|X|X|0|0|6||||132|83|132|83|[]|636148153328280000|14:02:12:828
21|2.1|636147910309128537|880853|50537.640625|7.4112868242911|102.168109325826||||50537.6328125|360|38400||||880853|AIQ350|X|X|0|0|6||||132|51|132|51|[]|636148153376410000|14:02:17:641
21|2.1|636147910349682592|880853|50541.6953125|7.4196767740822|102.167122272909||||50541.6875|360|38400||||880853|AIQ350|X|X||0|6||||132|51|132|51|[]|636148153416950000|14:02:21:695
21|2.1|636147910358883512|880853|50542.609375|7.4216294222433|102.16692915386||||50542.609375|360|38400||||880853|AIQ350|X|X||0|6||||132|83|132|83|[]|636148153426090000|14:02:22:609
21|2.1|636147910399607584|880853|50546.6875|7.4301052027228|102.165942100944||||50546.6796875|360|38400||||880853|AIQ350|X|X||0|6||||132|51|132|51|[]|636148153466880000|14:02:26:688
21|2.1|636147910441421765|880853|50550.875|7.4388813906117|102.164933590355||||50550.8671875|360|38400||||880853|AIQ350|X|X||0|6||||132|51|132|51|[]|636148153508750000|14:02:30:875
21|2.1|636147910452652888|880853|50551.9921875|7.4412417345427|102.164654640618||||50551.984375|360|38400||||880853|AIQ350|X|X|0|0|6||||132|83|132|83|[]|636148153519920000|14:02:31:992
21|2.1|636147910483065929|880853|50555.0390625|7.4476361208285|102.163903622094||||50555.03125|360|38400||||880853|AIQ350|X|X||0|6||||132|51|132|51|[]|636148153550390000|14:02:35:039
21|2.1|636147910514579080|880853|50558.1796875|7.4542665415074|102.163152603571||||50558.171875|360|38400||||880853|AIQ350|X|X|0|0|6||||132|83|132|83|[]|636148153581800000|14:02:38:180
21|2.1|636147910524570079|880853|50559.1875|7.4564123087174|102.16293802685||||50559.1796875|360|38400||||880853|AIQ350|X|X||0|6||||132|51|132|51|[]|636148153591880000|14:02:39:188
21|2.1|636147910567154337|880853|50563.453125|7.4654030733273|102.161865143245||||50563.4453125|360|38400||||880853|AIQ350|X|X||0|6||||132|51|132|51|[]|636148153634530000|14:02:43:453
21|2.1|636147910607718393|880853|50567.5|7.4740075998394|102.160835174984||||50567.5|360|38400||||880853|AIQ350|X|X|0|0|6||||132|51|132|51|[]|636148153675000000|14:02:47:500
21|2.1|636147910649212542|880853|50571.6484375|7.4828052454004|102.159826664395||||50571.640625|360|38400||||880853|AIQ350|X|X|0|0|6||||132|51|132|51|[]|636148153716480000|14:02:51:648
21|2.1|636147910677915412|880853|50574.5078125|7.4888563089326|102.159118561216||||50574.5|360|38400||||880853|AIQ350|X|X||0|6||||132|83|132|83|[]|636148153745080000|14:02:54:508
21|2.1|636147910696017222|880853|50576.328125|7.4927186899106|102.158689407774||||50576.3203125|360|38400||||880853|AIQ350|X|X||0|6||||132|51|132|51|[]|636148153763280000|14:02:56:328
21|2.1|636147910757483368|880853|50582.46875|7.5058078698916|102.157165913055||||50582.4609375|360|38400||||880853|AIQ350|X|X|0|0|6||||132|51|132|51|[]|636148153824690000|14:03:02:469
21|2.1|636147910766844304|880853|50583.40625|7.5077819757248|102.156929878662||||50583.40625|360|38400||||880853|AIQ350|X|X||0|6||||132|83|132|83|[]|636148153834060000|14:03:03:406
21|2.1|636147910805848204|880853|50587.3203125|7.5161504678438|102.155942825745||||50587.3125|360|38400||||880853|AIQ350|X|X|0|0|6||||132|51|132|51|[]|636148153873200000|14:03:07:320
21|2.1|636147910824570076|880853|50589.1796875|7.5200986795102|102.155492214631||||50589.1796875|360|38400||||880853|AIQ350|X|X|0|0|6||||132|83|132|83|[]|636148153891800000|14:03:09:180
21|2.1|636147910854833102|880853|50592.21875|7.5265574388123|102.15476265378||||50592.203125|360|38425||||880853|AIQ350|X|X|0|0|6||||132|51|132|51|[]|636148153922190000|14:03:12:219
21|2.1|636147910866534272|880853|50593.3828125|7.5290250711038|102.15446224637||||50593.3671875|360|38425||||880853|AIQ350|X|X|0|0|6||||132|83|132|83|[]|636148153933830000|14:03:13:383
21|2.1|636147910896177236|880853|50596.3515625|7.5353550843733|102.153775600863||||50596.3515625|360|38425||||880853|AIQ350|X|X|0|0|6||||132|51|132|51|[]|636148153963520000|14:03:16:352
21|2.1|636147910916139232|880853|50598.328125|7.5395607881049|102.153239159061||||50598.3203125|360|38425||||880853|AIQ350|X|X||0|6||||132|83|132|83|[]|636148153983280000|14:03:18:328
21|2.1|636147910954983116|880853|50602.2109375|7.5478434495355|102.152295021488||||50602.203125|360|38425||||880853|AIQ350|X|X|0|0|6||||132|51|132|51|[]|636148154022110000|14:03:22:211
21|2.1|636147910975415159|880853|50604.265625|7.5522208146439|102.151780037358||||50604.265625|360.25|38425||||880853|AIQ350|X|X|0|0|6||||132|83|132|83|[]|636148154042660000|14:03:24:266
21|2.1|636147910997107328|880853|50606.4375|7.5568342141454|102.151265053227||||50606.4296875|360.25|38425||||880853|AIQ350|X|X|0|0|6||||132|51|132|51|[]|636148154064380000|14:03:26:438
21|2.1|636147911015679185|880853|50608.28125|7.5607395104676|102.150792984441||||50608.2734375|360.25|38425||||880853|AIQ350|X|X|0|0|6||||132|83|132|83|[]|636148154082810000|14:03:28:281
21|2.1|636147911037201337|880853|50610.4453125|7.5653529099691|102.150256542639||||50610.4453125|360.25|38425||||880853|AIQ350|X|X|0|0|6||||132|51|132|51|[]|636148154104450000|14:03:30:445
21|2.1|636147911057173334|880853|50612.4375|7.5695800713728|102.149741558508||||50612.4375|360.25|38425||||880853|AIQ350|X|X|0|0|6||||132|83|132|83|[]|636148154124380000|14:03:32:438
21|2.1|636147911077445361|880853|50614.46875|7.5739574364812|102.149269489722||||50614.46875|360.25|38425||||880853|AIQ350|X|X|0|0|6||||132|51|132|51|[]|636148154144690000|14:03:34:469
21|2.1|636147911127520368|880853|50619.4765625|7.584643357187|102.147982029396||||50619.4765625|360|38400||||880853|AIQ350|X|X|0|0|6||||132|51|132|51|[]|636148154194770000|14:03:39:477
21|2.1|636147911127530369|880853|50619.4765625|7.584643357187|102.147982029396||||50619.4765625|360|38400||||880853|AIQ350|X|X|0|0|6||||132|83|132|83|[]|636148154194770000|14:03:39:477
21|2.1|636147911177295345|880853|50624.4609375|7.5952863625486|102.146758942086||||50624.453125|360|38400||||880853|AIQ350|X|X|0|0|6||||132|51|132|51|[]|636148154244610000|14:03:44:461
21|2.1|636147911186186234|880853|50625.328125|7.5971317223492|102.146544365365||||50625.3203125|360|38425||||880853|AIQ350|X|X|0|0|6||||132|83|132|83|[]|636148154253280000|14:03:45:328
21|2.1|636147911217699385|880853|50628.4921875|7.6038908890607|102.14577188917||||50628.484375|360|38400||||880853|AIQ350|X|X|0|0|6||||132|51|132|51|[]|636148154284920000|14:03:48:492
21|2.1|636147911227060321|880853|50629.421875|7.605886452566|102.145535854777||||50629.4140625|360|38400||||880853|AIQ350|X|X|0|0|6||||132|83|132|83|[]|636148154294220000|14:03:49:422
21|2.1|636147911264814096|880853|50633.2109375|7.6140189102919|102.144591717204||||50633.203125|360|38400||||880853|AIQ350|X|X|0|0|6||||132|51|132|51|[]|636148154332110000|14:03:53:211
21|2.1|636147911274325047|880853|50634.1484375|7.6160359314693|102.144334225139||||50634.140625|360|38425||||880853|AIQ350|X|X||0|6||||132|83|132|83|[]|636148154341480000|14:03:54:148
21|2.1|636147911313018916|880853|50638.03125|7.6243185928999|102.143390087567||||50638.0234375|360|38400||||880853|AIQ350|X|X|0|0|6||||132|51|132|51|[]|636148154380310000|14:03:58:031
21|2.1|636147911333921006|880853|50640.109375|7.6288032463688|102.142875103436||||50640.109375|360|38400||||880853|AIQ350|X|X|0|0|6||||132|83|132|83|[]|636148154401090000|14:04:00:109
21|2.1|636147911365744188|880853|50643.296875|7.6356267860966|102.142081169569||||50643.2890625|360|38400||||880853|AIQ350|X|X|0|0|6||||132|51|132|51|[]|636148154432970000|14:04:03:297
21|2.1|636147911374975111|880853|50644.2109375|7.6376008919298|102.14188805052||||50644.2109375|360|38425||||880853|AIQ350|X|X|0|0|6||||132|83|132|83|[]|636148154442110000|14:04:04:211
21|2.1|636147911413638977|880853|50648.0859375|7.6458835533604|102.140879539931||||50648.078125|360|38425||||880853|AIQ350|X|X||0|6||||132|51|132|51|[]|636148154480860000|14:04:08:086
21|2.1|636147911424110024|880853|50649.1328125|7.6481366089309|102.140643505538||||50649.1171875|360|38425||||880853|AIQ350|X|X|0|0|6||||132|83|132|83|[]|636148154491330000|14:04:09:133
21|2.1|636147911454043017|880853|50652.1328125|7.6545309952167|102.139892487014||||50652.125|360|38425||||880853|AIQ350|X|X|0|0|6||||132|51|132|51|[]|636148154521330000|14:04:12:133
21|2.1|636147911483375950|880853|50655.0625|7.660818093142|102.139141468491||||50655.0546875|360|38425||||880853|AIQ350|X|X||0|6||||132|83|132|83|[]|636148154550630000|14:04:15:063
21|2.1|636147911503667979|880853|50657.0859375|7.665109627562|102.138626484361||||50657.0859375|360|38425||||880853|AIQ350|X|X||0|6||||132|51|132|51|[]|636148154570860000|14:04:17:086
21|2.1|636147911524250037|880853|50659.1484375|7.6695084503425|102.138132957902||||50659.140625|360|38425||||880853|AIQ350|X|X||0|6||||132|83|132|83|[]|636148154591480000|14:04:19:148
21|2.1|636147911544992111|880853|50661.2265625|7.6739501884672|102.137617973772||||50661.2265625|360|38425||||880853|AIQ350|X|X||0|6||||132|51|132|51|[]|636148154612270000|14:04:21:227
21|2.1|636147911568554467|880853|50663.5703125|7.6789283683944|102.137060074297||||50663.5625|360|38425||||880853|AIQ350|X|X||0|6||||132|83|132|83|[]|636148154635700000|14:04:23:570
21|2.1|636147911593046916|880853|50666.0390625|7.6841425827147|102.136437801806||||50666.0390625|360|38425||||880853|AIQ350|X|X|0|0|6||||132|51|132|51|[]|636148154660390000|14:04:26:039
21|2.1|636147911615039115|880853|50668.21875|7.6887559822162|102.135922817676||||50668.2109375|360|38425||||880853|AIQ350|X|X||0|6||||132|83|132|83|[]|636148154682190000|14:04:28:219
21|2.1|636147911633770988|880853|50670.1015625|7.6927041938826|102.13545074889||||50670.0859375|360|38425||||880853|AIQ350|X|X||0|6||||132|51|132|51|[]|636148154701020000|14:04:30:102
21|2.1|636147911663873998|880853|50673.109375|7.6990771224963|102.134721188038||||50673.1015625|360|38425||||880853|AIQ350|X|X||0|6||||132|83|132|83|[]|636148154731090000|14:04:33:109
21|2.1|636147911692266837|880853|50675.9609375|7.7050852706843|102.134013084859||||50675.953125|360.25|38450||||880853|AIQ350|X|X|0|0|6||||132|51|132|51|[]|636148154759610000|14:04:35:961
21|2.1|636147911704278038|880853|50677.140625|7.7075529029758|102.133755592794||||50677.1328125|360.25|38450||||880853|AIQ350|X|X||0|6||||132|83|132|83|[]|636148154771410000|14:04:37:141
21|2.1|636147911736571267|880853|50680.390625|7.7143979003757|102.132940201254||||50680.3828125|360.25|38450||||880853|AIQ350|X|X|0|0|6||||132|51|132|51|[]|636148154803910000|14:04:40:391
21|2.1|636147911756383248|880853|50682.3515625|7.7184963157468|102.132511047812||||50682.34375|360.25|38450||||880853|AIQ350|X|X|0|0|6||||132|83|132|83|[]|636148154823520000|14:04:42:352
21|2.1|636147911776665276|880853|50684.390625|7.7227878501668|102.13197460601||||50684.3828125|360.25|38450||||880853|AIQ350|X|X|0|0|6||||132|51|132|51|[]|636148154843910000|14:04:44:391
21|2.1|636147911798667476|880853|50686.578125|7.727336876652|102.131459621879||||50686.578125|360.25|38450||||880853|AIQ350|X|X|0|0|6||||132|83|132|83|[]|636148154865780000|14:04:46:578
21|2.1|636147911820189628|880853|50688.75|7.7319073608093|102.130944637749||||50688.7421875|360.25|38450||||880853|AIQ350|X|X|0|0|6||||132|51|132|51|[]|636148154887500000|14:04:48:750
21|2.1|636147911840471656|880853|50690.7578125|7.7361130645409|102.13045111129||||50690.7578125|360.25|38450||||880853|AIQ350|X|X|0|0|6||||132|83|132|83|[]|636148154907580000|14:04:50:758
21|2.1|636147911861373746|880853|50692.859375|7.7405118873214|102.12993612716||||50692.859375|360.25|38450||||880853|AIQ350|X|X|0|0|6||||132|51|132|51|[]|636148154928590000|14:04:52:859
21|2.1|636147911883055914|880853|50695.0234375|7.7449965407903|102.12942114303||||50695.0078125|360.25|38450||||880853|AIQ350|X|X|0|0|6||||132|83|132|83|[]|636148154950230000|14:04:55:023
21|2.1|636147911901937802|880853|50696.921875|7.7489876678009|102.128949074243||||50696.90625|360.25|38450||||880853|AIQ350|X|X||0|6||||132|51|132|51|[]|636148154969220000|14:04:56:922
21|2.1|636147911933290937|880853|50700.046875|7.7555108001193|102.12819805572||||50700.0390625|360.25|38450||||880853|AIQ350|X|X|0|0|6||||132|83|132|83|[]|636148155000470000|14:05:00:047
21|2.1|636147911943431951|880853|50701.0703125|7.7576351096572|102.127919105983||||50701.0625|360|38425||||880853|AIQ350|X|X||0|6||||132|51|132|51|[]|636148155010700000|14:05:01:070
21|2.1|636147911989456553|880853|50705.671875|7.767248146758|102.126824764706||||50705.6640625|360|38425||||880853|AIQ350|X|X|0|0|6||||132|51|132|51|[]|636148155056720000|14:05:05:672
21|2.1|636147912000067614|880853|50706.7265625|7.7694368293122|102.126524357296||||50706.7265625|360|38425||||880853|AIQ350|X|X|0|0|6||||132|83|132|83|[]|636148155067270000|14:05:06:727
21|2.1|636147912030480655|880853|50709.78125|7.7758097579259|102.125773338773||||50709.7734375|360|38400||||880853|AIQ350|X|X|0|0|6||||132|51|132|51|[]|636148155097810000|14:05:09:781
21|2.1|636147912070884695|880853|50713.8046875|7.7841782500449|102.124786285856||||50713.7890625|360|38400||||880853|AIQ350|X|X||0|6||||132|51|132|51|[]|636148155138050000|14:05:13:805
21|2.1|636147912080245631|880853|50714.7421875|7.7861523558781|102.124571709135||||50714.7265625|360|38400||||880853|AIQ350|X|X|0|0|6||||132|83|132|83|[]|636148155147420000|14:05:14:742
21|2.1|636147912118159422|880853|50718.53125|7.794070236883|102.123649029235||||50718.515625|360|38400||||880853|AIQ350|X|X|0|0|6||||132|51|132|51|[]|636148155185310000|14:05:18:531
21|2.1|636147912150612667|880853|50721.78125|7.8008937766108|102.122855095367||||50721.7734375|360|38400||||880853|AIQ350|X|X|0|0|6||||132|83|132|83|[]|636148155217810000|14:05:21:781
21|2.1|636147912160743680|880853|50722.8046875|7.8030395438208|102.122619060974||||50722.7890625|360|38400||||880853|AIQ350|X|X|0|0|6||||132|51|132|51|[]|636148155228050000|14:05:22:805
21|2.1|636147912200057611|880853|50726.7265625|7.8112792899072|102.121653465729||||50726.71875|360|38400||||880853|AIQ350|X|X|0|0|6||||132|83|132|83|[]|636148155267270000|14:05:26:727
21|2.1|636147912209888594|880853|50727.7109375|7.8133177687567|102.121417431336||||50727.703125|360|38400||||880853|AIQ350|X|X|0|0|6||||132|51|132|51|[]|636148155277110000|14:05:27:711
21|2.1|636147912248732478|880853|50731.59375|7.8214716841547|102.120473293764||||50731.5859375|360|38400||||880853|AIQ350|X|X|0|0|6||||132|83|132|83|[]|636148155315940000|14:05:31:594
21|2.1|636147912259503555|880853|50732.671875|7.8237247397252|102.120194344027||||50732.6640625|360|38400||||880853|AIQ350|X|X|0|0|6||||132|51|132|51|[]|636148155326720000|14:05:32:672
21|2.1|636147912290546659|880853|50735.7734375|7.8302264143715|102.119443325503||||50735.765625|360|38400||||880853|AIQ350|X|X||0|6||||132|83|132|83|[]|636148155357730000|14:05:35:773
21|2.1|636147912299597564|880853|50736.6796875|7.8321361471884|102.119250206454||||50736.671875|360|38400||||880853|AIQ350|X|X|0|0|6||||132|51|132|51|[]|636148155366800000|14:05:36:680
21|2.1|636147912330950699|880853|50739.8203125|7.8387451101952|102.118434814914||||50739.8203125|360|38400||||880853|AIQ350|X|X||0|6||||132|83|132|83|[]|636148155398200000|14:05:39:820
21|2.1|636147912341241728|880853|50740.84375|7.8408908774052|102.118198780521||||50740.8359375|360|38400||||880853|AIQ350|X|X||0|6||||132|51|132|51|[]|636148155408440000|14:05:40:844
21|2.1|636147912373074911|880853|50744.0234375|7.8475427557562|102.117447761998||||50744.0078125|360|38400||||880853|AIQ350|X|X|0|0|6||||132|83|132|83|[]|636148155440230000|14:05:44:023
21|2.1|636147912383055909|880853|50745.0390625|7.8497314383104|102.117168812261||||50745.03125|360|38400||||880853|AIQ350|X|X|0|0|6||||132|51|132|51|[]|636148155450390000|14:05:45:039
21|2.1|636147912420659669|880853|50748.78125|7.8575634886269|102.116289047704||||50748.7734375|360|38400||||880853|AIQ350|X|X|0|0|6||||132|83|132|83|[]|636148155487810000|14:05:48:781
21|2.1|636147912429550558|880853|50749.6796875|7.8594732214438|102.116053013311||||50749.671875|360|38425||||880853|AIQ350|X|X|0|0|6||||132|51|132|51|[]|636148155496800000|14:05:49:680
21|2.1|636147912461373740|880853|50752.859375|7.866168015139|102.11532345246||||50752.8515625|360|38400||||880853|AIQ350|X|X|0|0|6||||132|83|132|83|[]|636148155528590000|14:05:52:859
21|2.1|636147912470104613|880853|50753.7265625|7.8679704595954|102.115087418067||||50753.71875|360|38400||||880853|AIQ350|X|X|0|0|6||||132|51|132|51|[]|636148155537270000|14:05:53:727
21|2.1|636147912501777780|880853|50756.890625|7.8746437956185|102.114336399543||||50756.8828125|360|38400||||880853|AIQ350|X|X|0|0|6||||132|83|132|83|[]|636148155568910000|14:05:56:891
21|2.1|636147912510978700|880853|50757.8203125|7.8765964437796|102.114078907478||||50757.8125|360|38400||||880853|AIQ350|X|X|0|0|6||||132|51|132|51|[]|636148155578200000|14:05:57:820
21|2.1|636147912548892491|880853|50761.609375|7.8845572401287|102.11317768525||||50761.609375|360|38400||||880853|AIQ350|X|X|0|0|6||||132|83|132|83|[]|636148155616090000|14:06:01:609
21|2.1|636147912558243426|880853|50762.546875|7.886552803634|102.112941650857||||50762.546875|360|38425||||880853|AIQ350|X|X|0|0|6||||132|51|132|51|[]|636148155625470000|14:06:02:547
21|2.1|636147912597257327|880853|50766.4375|7.894706719032|102.111997513284||||50766.4296875|360|38400||||880853|AIQ350|X|X|0|0|6||||132|83|132|83|[]|636148155664380000|14:06:06:438
21|2.1|636147912608328434|880853|50767.4765625|7.8968739439141|102.111718563547||||50767.4765625|360|38400||||880853|AIQ350|X|X|0|0|6||||132|51|132|51|[]|636148155674770000|14:06:07:477
21|2.1|636147912639381539|880853|50770.6640625|7.9035472799372|102.110967545024||||50770.6484375|360|38400||||880853|AIQ350|X|X|0|0|6||||132|83|132|83|[]|636148155706640000|14:06:10:664
21|2.1|636147912649692570|880853|50771.703125|7.9057359624914|102.110731510631||||50771.6875|360|38400||||880853|AIQ350|X|X|0|0|6||||132|51|132|51|[]|636148155717030000|14:06:11:703
21|2.1|636147912688836484|880853|50775.6015625|7.9139542509057|102.109765915386||||50775.59375|360|38400||||880853|AIQ350|X|X|0|0|6||||132|83|132|83|[]|636148155756020000|14:06:15:602
21|2.1|636147912697727373|880853|50776.4921875|7.9157996107063|102.109529880993||||50776.484375|360|38400||||880853|AIQ350|X|X||0|6||||132|51|132|51|[]|636148155764920000|14:06:16:492
21|2.1|636147912738121412|880853|50780.53125|7.92431830653|102.108542828076||||50780.5234375|360|38400||||880853|AIQ350|X|X|0|0|6||||132|51|132|51|[]|636148155805310000|14:06:20:531
21|2.1|636147912747482348|880853|50781.46875|7.9262709546911|102.108328251355||||50781.4609375|360|38400||||880853|AIQ350|X|X|0|0|6||||132|83|132|83|[]|636148155814690000|14:06:21:469
21|2.1|636147912782425842|880853|50784.9609375|7.9335880208772|102.107491402143||||50784.953125|360|38400||||880853|AIQ350|X|X||0|6||||132|51|132|51|[]|636148155849610000|14:06:24:961
21|2.1|636147912787736373|880853|50785.4921875|7.9347252774985|102.107362656111||||50785.484375|360|38400||||880853|AIQ350|X|X|0|0|6||||132|83|132|83|[]|636148155854920000|14:06:25:492
21|2.1|636147912829070506|880853|50789.6328125|7.9434370923711|102.10633268785||||50789.625|360|38400||||880853|AIQ350|X|X|0|0|6||||132|51|132|51|[]|636148155896330000|14:06:29:633
21|2.1|636147912829080507|880853|50789.6328125|7.9434370923711|102.10633268785||||50789.625|360|38400||||880853|AIQ350|X|X|0|0|6||||132|83|132|83|[]|636148155896330000|14:06:29:633
21|2.1|636147912877285327|880853|50794.453125|7.9535436559302|102.105131058212||||50794.4375|360|38425||||880853|AIQ350|X|X|0|0|6||||132|83|132|83|[]|636148155944530000|14:06:34:453
21|2.1|636147912877285327|880853|50794.453125|7.9535436559302|102.105131058212||||50794.4375|360|38425||||880853|AIQ350|X|X|0|0|6||||132|51|132|51|[]|636148155944530000|14:06:34:453
21|2.1|636147912917839382|880853|50798.5|7.9620623517539|102.10418692064||||50798.4921875|360|38425||||880853|AIQ350|X|X|0|0|6||||132|83|132|83|[]|636148155985000000|14:06:38:500
21|2.1|636147912922839882|880853|50799.0078125|7.9631137776868|102.104036716935||||50799|360|38400||||880853|AIQ350|X|X|0|0|6||||132|51|132|51|[]|636148155990080000|14:06:39:008
21|2.1|636147912967614359|880853|50803.4921875|7.9725551534108|102.102920917986||||50803.484375|360|38425||||880853|AIQ350|X|X|0|0|6||||132|51|132|51|[]|636148156034920000|14:06:43:492
21|2.1|636147912967764374|880853|50803.4921875|7.9725551534108|102.102920917986||||50803.484375|360|38400||||880853|AIQ350|X|X|0|0|6||||132|83|132|83|[]|636148156034920000|14:06:43:492
21|2.1|636147913009568554|880853|50807.6796875|7.9813742566439|102.101912407397||||50807.671875|360|38425||||880853|AIQ350|X|X|0|0|6||||132|51|132|51|[]|636148156076800000|14:06:47:680
21|2.1|636147913009578555|880853|50807.6796875|7.9813742566439|102.101912407397||||50807.671875|360|38400||||880853|AIQ350|X|X|0|0|6||||132|83|132|83|[]|636148156076800000|14:06:47:680
21|2.1|636147913051222719|880853|50811.84375|7.9900860715165|102.100882439137||||50811.8359375|360|38425||||880853|AIQ350|X|X|0|0|6||||132|51|132|51|[]|636148156118440000|14:06:51:844
21|2.1|636147913051232720|880853|50811.84375|7.9900860715165|102.100882439137||||50811.8359375|360|38425||||880853|AIQ350|X|X|0|0|6||||132|83|132|83|[]|636148156118440000|14:06:51:844
21|2.1|636147913092726869|880853|50816|7.9988408017333|102.099873928548||||50815.984375|360|38425||||880853|AIQ350|X|X|0|0|6||||132|51|132|51|[]|636148156160000000|14:06:56:000
21|2.1|636147913092886885|880853|50816|7.9988408017333|102.099873928548||||50815.984375|360|38425||||880853|AIQ350|X|X|0|0|6||||132|83|132|83|[]|636148156160000000|14:06:56:000
21|2.1|636147913135311127|880853|50820.2578125|8.0077671933269|102.098843960287||||50820.25|360|38425||||880853|AIQ350|X|X|0|0|6||||132|51|132|51|[]|636148156202580000|14:07:00:258
21|2.1|636147913135481144|880853|50820.2578125|8.0077671933269|102.098843960287||||50820.25|360|38425||||880853|AIQ350|X|X|0|0|6||||132|83|132|83|[]|636148156202580000|14:07:00:258
21|2.1|636147913175895185|880853|50824.3125|8.0162858891506|102.097835449698||||50824.3046875|360|38400||||880853|AIQ350|X|X|0|0|6||||132|51|132|51|[]|636148156243130000|14:07:04:313
21|2.1|636147913175915187|880853|50824.3125|8.0162858891506|102.097835449698||||50824.3046875|360|38400||||880853|AIQ350|X|X||0|6||||132|83|132|83|[]|636148156243130000|14:07:04:313
21|2.1|636147913217219317|880853|50828.453125|8.0249977040232|102.096848396782||||50828.4453125|360|38425||||880853|AIQ350|X|X|0|0|6||||132|51|132|51|[]|636148156284530000|14:07:08:453
21|2.1|636147913235621157|880853|50830.28125|8.028817169657|102.09641924334||||50830.2734375|360|38425||||880853|AIQ350|X|X||0|6||||132|83|132|83|[]|636148156302810000|14:07:10:281
21|2.1|636147913264174012|880853|50833.1328125|8.0348038601729|102.095711140161||||50833.125|360|38425||||880853|AIQ350|X|X|0|0|6||||132|51|132|51|[]|636148156331330000|14:07:13:133
21|2.1|636147913284146009|880853|50835.1328125|8.0390095639045|102.095303444391||||50835.125|360|38425||||880853|AIQ350|X|X|0|0|6||||132|83|132|83|[]|636148156351330000|14:07:15:133
21|2.1|636147913314569051|880853|50838.1796875|8.0454468655345|102.094616798883||||50838.1796875|360.25|38450||||880853|AIQ350|X|X|0|0|6||||132|51|132|51|[]|636148156381800000|14:07:18:180
21|2.1|636147913325490143|880853|50839.2734375|8.0477213787771|102.094402222162||||50839.265625|360.25|38450||||880853|AIQ350|X|X|0|0|6||||132|83|132|83|[]|636148156392730000|14:07:19:273
21|2.1|636147913374004994|880853|50844.1171875|8.0578708576804|102.093479542262||||50844.1171875|360.25|38450||||880853|AIQ350|X|X|0|0|6||||132|51|132|51|[]|636148156441170000|14:07:24:117
21|2.1|636147913392726866|880853|50845.9921875|8.0617761540026|102.093157677181||||50845.9765625|360.25|38450||||880853|AIQ350|X|X|0|0|6||||132|83|132|83|[]|636148156459920000|14:07:25:992
21|2.1|636147913417369330|880853|50848.4609375|8.0669903683229|102.092728523739||||50848.453125|360.25|38450||||880853|AIQ350|X|X|0|0|6||||132|51|132|51|[]|636148156484610000|14:07:28:461
21|2.1|636147913464334026|880853|50853.1640625|8.0768179821447|102.091891674527||||50853.15625|360.25|38450||||880853|AIQ350|X|X|0|0|6||||132|51|132|51|[]|636148156531640000|14:07:33:164
21|2.1|636147913474004993|880853|50854.109375|8.07881354565|102.091741470822||||50854.1015625|360.25|38450||||880853|AIQ350|X|X||0|6||||132|83|132|83|[]|636148156541090000|14:07:34:109
21|2.1|636147913512378830|880853|50857.96875|8.0869245457038|102.091076282987||||50857.9609375|360.25|38450||||880853|AIQ350|X|X|0|0|6||||132|51|132|51|[]|636148156579690000|14:07:37:969
21|2.1|636147913543581950|880853|50861.0703125|8.093404762678|102.090539841184||||50861.0625|360.25|38450||||880853|AIQ350|X|X||0|6||||132|83|132|83|[]|636148156610700000|14:07:41:070
21|2.1|636147913554193011|880853|50862.1171875|8.0956149029043|102.090368179808||||50862.1171875|360.25|38450||||880853|AIQ350|X|X|0|0|6||||132|51|132|51|[]|636148156621170000|14:07:42:117
21|2.1|636147913595217113|880853|50866.25|8.1042838024327|102.089638618956||||50866.25|360.25|38450||||880853|AIQ350|X|X|0|0|6||||132|51|132|51|[]|636148156662500000|14:07:46:250
21|2.1|636147913595527144|880853|50866.2578125|8.1042838024327|102.089638618956||||50866.25|360.25|38450||||880853|AIQ350|X|X|0|0|6||||132|83|132|83|[]|636148156662580000|14:07:46:258
21|2.1|636147913636091200|880853|50870.34375|8.1128454136006|102.088930515777||||50870.328125|360.25|38450||||880853|AIQ350|X|X|0|0|6||||132|51|132|51|[]|636148156703440000|14:07:50:344
21|2.1|636147913636251216|880853|50870.34375|8.1128454136006|102.088930515777||||50870.328125|360.25|38450||||880853|AIQ350|X|X||0|6||||132|83|132|83|[]|636148156703440000|14:07:50:344
21|2.1|636147913684926083|880853|50875.2109375|8.123016350176|102.088072208893||||50875.203125|360.25|38450||||880853|AIQ350|X|X|0|0|6||||132|83|132|83|[]|636148156752110000|14:07:55:211
21|2.1|636147913695687159|880853|50876.2890625|8.1252694057465|102.087900547516||||50876.28125|360|38425||||880853|AIQ350|X|X|0|0|6||||132|51|132|51|[]|636148156762890000|14:07:56:289
21|2.1|636147913734841074|880853|50880.203125|8.1334662364887|102.087235359681||||50880.1953125|360|38425||||880853|AIQ350|X|X||0|6||||132|83|132|83|[]|636148156802030000|14:08:00:203
21|2.1|636147913745452135|880853|50881.2578125|8.1356978343871|102.086999325288||||50881.2578125|360.25|38450||||880853|AIQ350|X|X|0|0|6||||132|51|132|51|[]|636148156812580000|14:08:01:258
21|2.1|636147913775415131|880853|50884.25|8.1419420169682|102.086484341158||||50884.2421875|360.25|38450||||880853|AIQ350|X|X||0|6||||132|83|132|83|[]|636148156842500000|14:08:04:250
21|2.1|636147913785706160|880853|50885.2890625|8.1441092418503|102.086312679781||||50885.2890625|360.25|38450||||880853|AIQ350|X|X|0|0|6||||132|51|132|51|[]|636148156852890000|14:08:05:289
21|2.1|636147913824700059|880853|50889.1796875|8.1522631572483|102.085604576601||||50889.1796875|360|38425||||880853|AIQ350|X|X|0|0|6||||132|83|132|83|[]|636148156891800000|14:08:09:180
21|2.1|636147913832810870|880853|50890.0078125|8.1540012286884|102.085475830569||||50890.0078125|360|38425||||880853|AIQ350|X|X|0|0|6||||132|51|132|51|[]|636148156900080000|14:08:10:008
21|2.1|636147913870894678|880853|50893.8125|8.1619620250375|102.08476772739||||50893.796875|360|38425||||880853|AIQ350|X|X||0|6||||132|83|132|83|[]|636148156938130000|14:08:13:813
21|2.1|636147913876655254|880853|50894.3828125|8.1632065700193|102.084681896701||||50894.3828125|360|38425||||880853|AIQ350|X|X|0|0|6||||132|51|132|51|[]|636148156943830000|14:08:14:383
21|2.1|636147913912538842|880853|50897.9609375|8.1707167552543|102.08405962421||||50897.953125|360|38425||||880853|AIQ350|X|X|0|0|6||||132|83|132|83|[]|636148156979610000|14:08:17:961
21|2.1|636147913923449933|880853|50899.0625|8.173012726169|102.083845047489||||50899.0546875|360|38425||||880853|AIQ350|X|X|0|0|6||||132|51|132|51|[]|636148156990630000|14:08:19:063
21|2.1|636147913952932881|880853|50902.0078125|8.179235451078|102.083308605687||||50902|360|38425||||880853|AIQ350|X|X|0|0|6||||132|83|132|83|[]|636148157020080000|14:08:22:008
21|2.1|636147913966984286|880853|50903.421875|8.1821966098278|102.083051113622||||50903.4140625|360|38425||||880853|AIQ350|X|X|0|0|6||||132|51|132|51|[]|636148157034220000|14:08:23:422
21|2.1|636147914010968684|880853|50907.8125|8.191466324175|102.082257179754||||50907.8046875|360|38425||||880853|AIQ350|X|X||0|6||||132|83|132|83|[]|636148157078130000|14:08:27:813
21|2.1|636147914010978685|880853|50907.8125|8.191466324175|102.082257179754||||50907.8046875|360|38425||||880853|AIQ350|X|X|0|0|6||||132|51|132|51|[]|636148157078130000|14:08:27:813
21|2.1|636147914051382725|880853|50911.859375|8.1999850199987|102.08150616123||||50911.859375|360|38425||||880853|AIQ350|X|X|0|0|6||||132|51|132|51|[]|636148157118590000|14:08:31:859
21|2.1|636147914061203707|880853|50912.84375|8.2020664141924|102.081334499854||||50912.8359375|360|38425||||880853|AIQ350|X|X|0|0|6||||132|83|132|83|[]|636148157128440000|14:08:32:844
21|2.1|636147914092406827|880853|50915.9609375|8.2086110041829|102.080755142707||||50915.9453125|360|38425||||880853|AIQ350|X|X|0|0|6||||132|51|132|51|[]|636148157159610000|14:08:35:961
21|2.1|636147914102077794|880853|50916.921875|8.2106280253603|102.08058348133||||50916.90625|360|38425||||880853|AIQ350|X|X||0|6||||132|83|132|83|[]|636148157169220000|14:08:36:922
21|2.1|636147914136561242|880853|50920.3828125|8.2179665492185|102.079939751167||||50920.3671875|360|38425||||880853|AIQ350|X|X|0|0|6||||132|51|132|51|[]|636148157203830000|14:08:40:383
21|2.1|636147914182885874|880853|50925.0234375|8.2277512476961|102.079102901955||||50925.015625|360|38425||||880853|AIQ350|X|X|0|0|6||||132|51|132|51|[]|636148157250230000|14:08:45:023
21|2.1|636147914231870772|880853|50929.9140625|8.2380723879762|102.078180222055||||50929.90625|360|38425||||880853|AIQ350|X|X|0|0|6||||132|51|132|51|[]|636148157299140000|14:08:49:914
21|2.1|636147914272434828|880853|50933.9375|8.2465910837999|102.077429203531||||50933.9375|360|38425||||880853|AIQ350|X|X|0|0|6||||132|51|132|51|[]|636148157339380000|14:08:53:938
21|2.1|636147914293656950|880853|50936.078125|8.2510971949409|102.077042965434||||50936.078125|360|38425||||880853|AIQ350|X|X||0|6||||132|83|132|83|[]|636148157360780000|14:08:56:078
21|2.1|636147914315189103|880853|50938.2421875|8.2557105944424|102.076678185008||||50938.234375|360|38425||||880853|AIQ350|X|X|0|0|6||||132|51|132|51|[]|636148157382420000|14:08:58:242
21|2.1|636147914344832067|880853|50941.203125|8.2619547770235|102.076120285533||||50941.1875|360|38425||||880853|AIQ350|X|X||0|6||||132|83|132|83|[]|636148157412030000|14:09:01:203
21|2.1|636147914355753159|880853|50942.2890625|8.2642292902661|102.075905708812||||50942.28125|360|38425||||880853|AIQ350|X|X|0|0|6||||132|51|132|51|[]|636148157422890000|14:09:02:289
21|2.1|636147914388506434|880853|50945.5625|8.2711386606823|102.075283436321||||50945.546875|360|38425||||880853|AIQ350|X|X||0|6||||132|83|132|83|[]|636148157455630000|14:09:05:563
21|2.1|636147914398647448|880853|50946.578125|8.2733058855644|102.075090317272||||50946.5703125|360|38425||||880853|AIQ350|X|X|0|0|6||||132|51|132|51|[]|636148157465780000|14:09:06:578
21|2.1|636147914429540537|880853|50949.671875|8.279871933227|102.074532417798||||50949.6640625|360|38425||||880853|AIQ350|X|X|0|0|6||||132|83|132|83|[]|636148157496720000|14:09:09:672
21|2.1|636147914440301613|880853|50950.75|8.2821249887975|102.074339298749||||50950.7421875|360|38425||||880853|AIQ350|X|X|0|0|6||||132|51|132|51|[]|636148157507500000|14:09:10:750
21|2.1|636147914470104593|880853|50953.71875|8.2884335443949|102.073781399274||||50953.7109375|360|38425||||880853|AIQ350|X|X|0|0|6||||132|83|132|83|[]|636148157537190000|14:09:13:719
21|2.1|636147914480245607|880853|50954.75|8.290600769277|102.073609737898||||50954.7421875|360|38425||||880853|AIQ350|X|X|0|0|6||||132|51|132|51|[]|636148157547500000|14:09:14:750
21|2.1|636147914511588741|880853|50957.875|8.2971882746117|102.072987465407||||50957.8671875|360|38425||||880853|AIQ350|X|X|0|0|6||||132|83|132|83|[]|636148157578750000|14:09:17:875
21|2.1|636147914524380020|880853|50959.1640625|8.2999348566405|102.072772888686||||50959.15625|360|38425||||880853|AIQ350|X|X|0|0|6||||132|51|132|51|[]|636148157591640000|14:09:19:164
21|2.1|636147914557613343|880853|50962.46875|8.3069300577451|102.072129158523||||50962.46875|360|38425||||880853|AIQ350|X|X||0|6||||132|83|132|83|[]|636148157624690000|14:09:22:469
21|2.1|636147914568064388|880853|50963.53125|8.3091831133156|102.071936039474||||50963.53125|360|38425||||880853|AIQ350|X|X|0|0|6||||132|51|132|51|[]|636148157635310000|14:09:23:531
21|2.1|636147914598637445|880853|50966.578125|8.3156204149456|102.071378139999||||50966.578125|360|38425||||880853|AIQ350|X|X||0|6||||132|83|132|83|[]|636148157665780000|14:09:26:578
21|2.1|636147914614569038|880853|50968.1796875|8.3189678117932|102.07107773259||||50968.171875|360|38425||||880853|AIQ350|X|X|0|0|6||||132|51|132|51|[]|636148157681800000|14:09:28:180
21|2.1|636147914638891470|880853|50970.6015625|8.3240961954251|102.070605663804||||50970.59375|360|38425||||880853|AIQ350|X|X|0|0|6||||132|83|132|83|[]|636148157706020000|14:09:30:602
21|2.1|636147914658083389|880853|50972.53125|8.3281946107962|102.070283798722||||50972.5234375|360|38425||||880853|AIQ350|X|X|0|0|6||||132|51|132|51|[]|636148157725310000|14:09:32:531
21|2.1|636147914697247305|880853|50976.4296875|8.3363914415384|102.069532780199||||50976.421875|360|38425||||880853|AIQ350|X|X|0|0|6||||132|83|132|83|[]|636148157764300000|14:09:36:430
21|2.1|636147914706908271|880853|50977.421875|8.3384942934042|102.069361118822||||50977.4140625|360|38425||||880853|AIQ350|X|X|0|0|6||||132|51|132|51|[]|636148157774220000|14:09:37:422
21|2.1|636147914748412421|880853|50981.5625|8.3472275659489|102.068567184954||||50981.5546875|360|38425||||880853|AIQ350|X|X|0|0|6||||132|51|132|51|[]|636148157815630000|14:09:41:563
21|2.1|636147914748412421|880853|50981.5625|8.3472275659489|102.068567184954||||50981.5546875|360|38425||||880853|AIQ350|X|X||0|6||||132|83|132|83|[]|636148157815630000|14:09:41:563
21|2.1|636147914796457225|880853|50986.375|8.357334129508|102.067730335742||||50986.3671875|360|38425||||880853|AIQ350|X|X|0|0|6||||132|51|132|51|[]|636148157863750000|14:09:46:375
21|2.1|636147914837951374|880853|50990.5234375|8.3660459443806|102.066914944202||||50990.515625|360.25|38450||||880853|AIQ350|X|X|0|0|6||||132|51|132|51|[]|636148157905230000|14:09:50:523
21|2.1|636147914849342513|880853|50991.640625|8.3684277459837|102.066721825153||||50991.640625|360.25|38450||||880853|AIQ350|X|X||0|6||||132|83|132|83|[]|636148157916410000|14:09:51:641
21|2.1|636147914909248503|880853|50997.6484375|8.3810019418343|102.065584568532||||50997.640625|360.25|38450||||880853|AIQ350|X|X|0|0|6||||132|51|132|51|[]|636148157976480000|14:09:57:648
21|2.1|636147914909408519|880853|50997.6484375|8.3810019418343|102.065584568532||||50997.640625|360.25|38450||||880853|AIQ350|X|X|0|0|6||||132|83|132|83|[]|636148157976480000|14:09:57:648
21|2.1|636147914959953573|880853|51002.71875|8.3916878625401|102.064661888632||||51002.7109375|360|38425||||880853|AIQ350|X|X|0|0|6||||132|51|132|51|[]|636148158027190000|14:10:02:719
21|2.1|636147914960103588|880853|51002.71875|8.3916878625401|102.064661888632||||51002.7109375|360|38425||||880853|AIQ350|X|X|0|0|6||||132|83|132|83|[]|636148158027190000|14:10:02:719
21|2.1|636147915008308408|880853|51007.5546875|8.4018373414434|102.063782124076||||51007.546875|360|38425||||880853|AIQ350|X|X|0|0|6||||132|83|132|83|[]|636148158075550000|14:10:07:555
21|2.1|636147915018919469|880853|51008.6015625|8.4040689393418|102.063610462699||||51008.59375|360|38425||||880853|AIQ350|X|X|0|0|6||||132|51|132|51|[]|636148158086020000|14:10:08:602
21|2.1|636147915059323509|880853|51012.6484375|8.4125876351655|102.062837986503||||51012.6484375|360|38425||||880853|AIQ350|X|X|0|0|6||||132|51|132|51|[]|636148158126480000|14:10:12:648
21|2.1|636147915059333510|880853|51012.6484375|8.4125876351655|102.062837986503||||51012.6484375|360|38425||||880853|AIQ350|X|X||0|6||||132|83|132|83|[]|636148158126480000|14:10:12:648
21|2.1|636147915100507627|880853|51016.765625|8.4212136193497|102.062108425652||||51016.75|360|38425||||880853|AIQ350|X|X||0|6||||132|83|132|83|[]|636148158167660000|14:10:16:766
21|2.1|636147915143271903|880853|51021.0390625|8.4301829262875|102.061314491784||||51021.03125|360|38425||||880853|AIQ350|X|X||0|6||||132|83|132|83|[]|636148158210390000|14:10:21:039
21|2.1|636147915186016177|880853|51025.3203125|8.4391522332253|102.060520557917||||51025.3125|360|38425||||880853|AIQ350|X|X|0|0|6||||132|83|132|83|[]|636148158253200000|14:10:25:320
21|2.1|636147915196457221|880853|51026.359375|8.4413194581074|102.060327438868||||51026.3515625|360|38425||||880853|AIQ350|X|X|0|0|6||||132|51|132|51|[]|636148158263590000|14:10:26:359
21|2.1|636147915265724147|880853|51033.2890625|8.4558463021191|102.059082893886||||51033.2890625|360|38425||||880853|AIQ350|X|X|0|0|6||||132|83|132|83|[]|636148158332890000|14:10:33:289
21|2.1|636147915315649139|880853|51038.2734375|8.4663176461039|102.058160213986||||51038.265625|360|38425||||880853|AIQ350|X|X||0|6||||132|83|132|83|[]|636148158382730000|14:10:38:273
21|2.1|636147915355733147|880853|51042.2890625|8.4747505112392|102.057409195462||||51042.2890625|360|38425||||880853|AIQ350|X|X|0|0|6||||132|83|132|83|[]|636148158422890000|14:10:42:289
21|2.1|636147915370714645|880853|51043.7890625|8.4779047890379|102.057108788053||||51043.78125|359.75|38400||||880853|AIQ350|X|X||0|6||||132|51|132|51|[]|636148158437890000|14:10:43:789
21|2.1|636147915406598233|880853|51047.375|8.4853720589287|102.05646505789||||51047.359375|359.75|38400||||880853|AIQ350|X|X|0|0|6||||132|83|132|83|[]|636148158473750000|14:10:47:375
21|2.1|636147915410658639|880853|51047.7890625|8.486294738829|102.056400684873||||51047.78125|359.75|||||880853|AIQ350|X|X||0|6||||132|51|132|51|[]|636148158477890000|14:10:47:789
21|2.1|636147915567124284|880853|51063.4296875|8.519124977142|102.053482441468||||51063.4296875|359.75|38400||||880853|AIQ350|X|X||0|6||||132|83|132|83|[]|636148158634300000|14:11:03:430
21|2.1|636147915608478419|880853|51067.5625|8.5277724189983|102.052752880616||||51067.546875|359.75|38400||||880853|AIQ350|X|X|0|0|6||||132|83|132|83|[]|636148158675630000|14:11:07:563
