21|2.1|636147909436591292|8832b0|50450.3984375|13.9040779943417|100.604081064129||||50450.390625|4.25|250||||8832b0|TLM726|X|X|0|0|7||||132|5|132|5|[]|636148152503980000|14:00:50:398
21|2.1|636147909479645597|8832b0|50454.7109375|13.9012241239524|100.602471738722||||50454.703125|6|400||||8832b0|TLM726|X|X|0|0|7||||132|5|132|5|[]|636148152547110000|14:00:54:711
21|2.1|636147909523329965|8832b0|50459.078125|13.8983058805468|100.600755124954||||50459.0703125|8|650||||8832b0|TLM726|X|X|0|0|7||||132|5|132|5|[]|636148152590780000|14:00:59:078
21|2.1|636147909564354067|8832b0|50463.171875|13.895559298518|100.599210172562||||50463.171875|10|850||||8832b0|TLM726|X|X|0|0|7||||132|5|132|5|[]|636148152631720000|14:01:03:172
21|2.1|636147909608038435|8832b0|50467.5390625|13.892769801145|100.597686677843||||50467.5390625|12|1025||||8832b0|TLM726|X|X||0|7||||132|5|132|5|[]|636148152675390000|14:01:07:539
21|2.1|636147909647972428|8832b0|50471.5390625|13.8901090498046|100.596270471485||||50471.5390625|13.5|1200||||8832b0|TLM726|X|X|0|0|7||||132|5|132|5|[]|636148152715390000|14:01:11:539
21|2.1|636147909688846515|8832b0|50475.6328125|13.8872766370874|100.594768434438||||50475.6171875|15.25|1400||||8832b0|TLM726|X|X|0|0|7||||132|5|132|5|[]|636148152756330000|14:01:15:633
21|2.1|636147909728940524|8832b0|50479.6328125|13.884615885747|100.593287855063||||50479.6171875|16.75|1550||||8832b0|TLM726|X|X|0|0|7||||132|5|132|5|[]|636148152796330000|14:01:19:633
21|2.1|636147909771524782|8832b0|50483.890625|13.8818693037182|100.591764360344||||50483.8828125|18.25|1725||||8832b0|TLM726|X|X|0|0|7||||132|5|132|5|[]|636148152838910000|14:01:23:891
21|2.1|636147909813959025|8832b0|50488.1328125|13.8791870947057|100.590047746576||||50488.1171875|20|1900||||8832b0|TLM726|X|X|0|0|7||||132|5|132|5|[]|636148152881330000|14:01:28:133
21|2.1|636147909857953424|8832b0|50492.53125|13.8765692587095|100.587923437038||||50492.5234375|21.5|2050||||8832b0|TLM726|X|X|0|0|7||||132|5|132|5|[]|636148152925310000|14:01:32:531
21|2.1|636147909901177746|8832b0|50496.8515625|13.8742518301227|100.585412889402||||50496.8515625|23|2225||||8832b0|TLM726|X|X|0|0|7||||132|5|132|5|[]|636148152968520000|14:01:36:852
21|2.1|636147910049372564|8832b0|50511.640625|13.8679647321974|100.575499444892||||50511.6328125|28.25|2750||||8832b0|TLM726|X|X||0|7||||132|5|132|5|[]|636148153116410000|14:01:51:641
21|2.1|636147910091646791|8832b0|50515.9140625|13.8662052030852|100.572581201486||||50515.90625|29.5|2925||||8832b0|TLM726|X|X||0|7||||132|5|132|5|[]|636148153159140000|14:01:55:914
21|2.1|636147910136271253|8832b0|50520.359375|13.8643383856125|100.56955566972||||50520.3515625|31|3075||||8832b0|TLM726|X|X||0|7||||132|5|132|5|[]|636148153203590000|14:02:00:359
21|2.1|636147910179945620|8832b0|50524.734375|13.8623642797793|100.56648722261||||50524.7265625|32.5|3250||||8832b0|TLM726|X|X|0|0|7||||132|5|132|5|[]|636148153247340000|14:02:04:734
21|2.1|636147910223780003|8832b0|50529.125|13.8603901739461|100.563440233172||||50529.1171875|33.75|3375||||8832b0|TLM726|X|X||0|7||||132|5|132|5|[]|636148153291250000|14:02:09:125
21|2.1|636147910268724497|8832b0|50533.609375|13.8582658644082|100.560178667012||||50533.6015625|35.25|3525||||8832b0|TLM726|X|X||0|7||||132|5|132|5|[]|636148153336090000|14:02:13:609
21|2.1|636147910309588583|8832b0|50537.703125|13.8564205046076|100.557324796623||||50537.703125|36|3625||||8832b0|TLM726|X|X||0|7||||132|5|132|5|[]|636148153377030000|14:02:17:703
21|2.1|636147910352642888|8832b0|50542|13.8542747373976|100.554063230464||||50541.9921875|36.75|3700||||8832b0|TLM726|X|X|0|0|7||||132|5|132|5|[]|636148153420000000|14:02:22:000
21|2.1|636147910396487272|8832b0|50546.390625|13.8520860548434|100.550737291288||||50546.3828125|37.5|3775||||8832b0|TLM726|X|X|0|0|7||||132|5|132|5|[]|636148153463910000|14:02:26:391
21|2.1|636147910436891312|8832b0|50550.421875|13.8500261183218|100.547540098146||||50550.4140625|38.25|3850||||8832b0|TLM726|X|X|0|0|7||||132|5|132|5|[]|636148153504220000|14:02:30:422
21|2.1|636147910479015524|8832b0|50554.640625|13.8478588934397|100.544128328282||||50554.6328125|39|3925||||8832b0|TLM726|X|X|0|0|7||||132|5|132|5|[]|636148153546410000|14:02:34:641
21|2.1|636147910520979720|8832b0|50558.828125|13.8456058378692|100.540609270057||||50558.8203125|39.75|4025||||8832b0|TLM726|X|X|0|0|7||||132|5|132|5|[]|636148153588280000|14:02:38:828
21|2.1|636147910561223744|8832b0|50562.859375|13.8433742399708|100.537197500193||||50562.8515625|40.5|4100||||8832b0|TLM726|X|X|0|0|7||||132|5|132|5|[]|636148153628590000|14:02:42:859
21|2.1|636147910601627784|8832b0|50566.890625|13.8411426420724|100.533678441969||||50566.8828125|41.25|4175||||8832b0|TLM726|X|X|0|0|7||||132|5|132|5|[]|636148153668910000|14:02:46:891
21|2.1|636147910662783899|8832b0|50573.015625|13.8375162954875|100.52797070119||||50573|42|4250||||8832b0|TLM726|X|X||0|7||||132|5|132|5|[]|636148153730160000|14:02:53:016
21|2.1|636147910705068127|8832b0|50577.2421875|13.8349628325076|100.524043947196||||50577.234375|43|4350||||8832b0|TLM726|X|X||0|7||||132|5|132|5|[]|636148153772420000|14:02:57:242
21|2.1|636147910747652385|8832b0|50581.5|13.8323879118556|100.519966989497||||50581.5|43.75|4450||||8832b0|TLM726|X|X||0|7||||132|5|132|5|[]|636148153815000000|14:03:01:500
21|2.1|636147910799447564|8832b0|50586.6796875|13.8290834303522|100.514774232849||||50586.6796875|44.75|4550||||8832b0|TLM726|X|X|0|0|7||||132|5|132|5|[]|636148153866800000|14:03:06:680
21|2.1|636147910840481667|8832b0|50590.7890625|13.8263368483234|100.510439783085||||50590.78125|45.5|4625||||8832b0|TLM726|X|X|0|0|7||||132|5|132|5|[]|636148153907890000|14:03:10:789
21|2.1|636147910884466065|8832b0|50595.1796875|13.8233971472457|100.505869298927||||50595.171875|46.25|4700||||8832b0|TLM726|X|X||0|7||||132|5|132|5|[]|636148153951800000|14:03:15:180
21|2.1|636147910925970215|8832b0|50599.3359375|13.8207578535774|100.501534849163||||50599.3203125|47|4775||||8832b0|TLM726|X|X|0|0|7||||132|5|132|5|[]|636148153993360000|14:03:19:336
21|2.1|636147910966214239|8832b0|50603.359375|13.8182043905975|100.497050195694||||50603.3515625|48.5|4925||||8832b0|TLM726|X|X|0|0|7||||132|5|132|5|[]|636148154033590000|14:03:23:359
21|2.1|636147911007868404|8832b0|50607.5234375|13.8156723852897|100.492179304128||||50607.5078125|50|5075||||8832b0|TLM726|X|X|0|0|7||||132|5|132|5|[]|636148154075230000|14:03:27:523
21|2.1|636147911048122429|8832b0|50611.5546875|13.8134407873913|100.487394243249||||50611.5390625|51.5|5225||||8832b0|TLM726|X|X|0|0|7||||132|5|132|5|[]|636148154115550000|14:03:31:555
21|2.1|636147911088996516|8832b0|50615.6328125|13.8111662741487|100.482351690306||||50615.625|53.25|5425||||8832b0|TLM726|X|X|0|0|7||||132|5|132|5|[]|636148154156330000|14:03:35:633
21|2.1|636147911129560572|8832b0|50619.703125|13.8089346762503|100.477545171755||||50619.6875|55|5625||||8832b0|TLM726|X|X|0|0|7||||132|5|132|5|[]|636148154197030000|14:03:39:703
21|2.1|636147911173865002|8832b0|50624.125|13.8064670439588|100.472245126747||||50624.109375|57|5825||||8832b0|TLM726|X|X|0|0|7||||132|5|132|5|[]|636148154241250000|14:03:44:125
21|2.1|636147911216449260|8832b0|50628.3828125|13.8039994116673|100.466945081738||||50628.375|59|6025||||8832b0|TLM726|X|X|0|0|7||||132|5|132|5|[]|636148154283830000|14:03:48:383
21|2.1|636147911260133628|8832b0|50632.75|13.8016176100642|100.461881071122||||50632.7421875|61|6225||||8832b0|TLM726|X|X|0|0|7||||132|5|132|5|[]|636148154327500000|14:03:52:750
21|2.1|636147911303978012|8832b0|50637.140625|13.7991499777727|100.456516653097||||50637.1328125|62.5|6425||||8832b0|TLM726|X|X|0|0|7||||132|5|132|5|[]|636148154371410000|14:03:57:141
21|2.1|636147911344382052|8832b0|50641.171875|13.7967252608254|100.451409727138||||50641.171875|63.5|6525||||8832b0|TLM726|X|X|0|0|7||||132|5|132|5|[]|636148154411720000|14:04:01:172
21|2.1|636147911385556169|8832b0|50645.3046875|13.7944078322386|100.446495920227||||50645.2890625|64.75|6650||||8832b0|TLM726|X|X|0|0|7||||132|5|132|5|[]|636148154453050000|14:04:05:305
21|2.1|636147911428150428|8832b0|50649.5546875|13.7918329115866|100.441324621251||||50649.5390625|66|6800||||8832b0|TLM726|X|X|0|0|7||||132|5|132|5|[]|636148154495550000|14:04:09:555
21|2.1|636147911471984811|8832b0|50653.9296875|13.7886142607716|100.43611040693||||50653.921875|67.25|6925||||8832b0|TLM726|X|X|0|0|7||||132|5|132|5|[]|636148154539300000|14:04:13:930
21|2.1|636147911515669179|8832b0|50658.3125|13.7847733374657|100.431282430708||||50658.3046875|68.5|7050||||8832b0|TLM726|X|X|0|0|7||||132|5|132|5|[]|636148154583130000|14:04:18:313
21|2.1|636147911556233235|8832b0|50662.359375|13.7806963797667|100.427441507402||||50662.3515625|69.5|7150||||8832b0|TLM726|X|X|0|0|7||||132|5|132|5|[]|636148154623590000|14:04:22:359
21|2.1|636147911597887400|8832b0|50666.5234375|13.7758684035442|100.423900991505||||50666.515625|70.5|7275||||8832b0|TLM726|X|X|0|0|7||||132|5|132|5|[]|636148154665230000|14:04:26:523
21|2.1|636147911641721783|8832b0|50670.9140625|13.7703323241424|100.420961290428||||50670.8984375|71.25|7350||||8832b0|TLM726|X|X|0|0|7||||132|5|132|5|[]|636148154709140000|14:04:30:914
21|2.1|636147911682745885|8832b0|50675.015625|13.7646889563801|100.418879896234||||50675|72|7425||||8832b0|TLM726|X|X|0|0|7||||132|5|132|5|[]|636148154750160000|14:04:35:016
21|2.1|636147911724090019|8832b0|50679.140625|13.7590455886178|100.417592435908||||50679.1328125|72.75|7500||||8832b0|TLM726|X|X|0|0|7||||132|5|132|5|[]|636148154791410000|14:04:39:141
21|2.1|636147911765124122|8832b0|50683.25|13.7529730674135|100.417013078761||||50683.2421875|73.5|7575||||8832b0|TLM726|X|X|0|0|7||||132|5|132|5|[]|636148154832500000|14:04:43:250
21|2.1|636147911809588568|8832b0|50687.6953125|13.7465572234556|100.416927248073||||50687.6796875|74.25|7650||||8832b0|TLM726|X|X|0|0|7||||132|5|132|5|[]|636148154876950000|14:04:47:695
21|2.1|636147911853732982|8832b0|50692.109375|13.7401199218256|100.417055994105||||50692.1015625|75|7750||||8832b0|TLM726|X|X|0|0|7||||132|5|132|5|[]|636148154921090000|14:04:52:109
21|2.1|636147911897417350|8832b0|50696.484375|13.7336611625235|100.417120367122||||50696.46875|75.75|7825||||8832b0|TLM726|X|X|0|0|7||||132|5|132|5|[]|636148154964840000|14:04:56:484
21|2.1|636147911940781686|8832b0|50700.8203125|13.7271809455493|100.417163282466||||50700.8125|76.5|7925||||8832b0|TLM726|X|X|0|0|7||||132|5|132|5|[]|636148155008200000|14:05:00:820
21|2.1|636147911985866194|8832b0|50705.328125|13.7207221862472|100.417120367122||||50705.3125|77.25|7975||||8832b0|TLM726|X|X|0|0|7||||132|5|132|5|[]|636148155053280000|14:05:05:328
21|2.1|636147912031420749|8832b0|50709.8828125|13.7138771888473|100.417077451778||||50709.875|78.25|8100||||8832b0|TLM726|X|X|0|0|7||||132|5|132|5|[]|636148155098830000|14:05:09:883
21|2.1|636147912075105117|8832b0|50714.25|13.7072682258405|100.417034536433||||50714.2421875|79|8150||||8832b0|TLM726|X|X|0|0|7||||132|5|132|5|[]|636148155142500000|14:05:14:250
21|2.1|636147912118779484|8832b0|50718.609375|13.7005519744732|100.416970163417||||50718.6015625|80|8275||||8832b0|TLM726|X|X|0|0|7||||132|5|132|5|[]|636148155186090000|14:05:18:609
21|2.1|636147912163713977|8832b0|50723.1015625|13.6938142654338|100.416884332729||||50723.09375|81.25|8400||||8832b0|TLM726|X|X|0|0|7||||132|5|132|5|[]|636148155231020000|14:05:23:102
21|2.1|636147912207728378|8832b0|50727.515625|13.686990725706|100.416841417384||||50727.5|82.5|8525||||8832b0|TLM726|X|X|0|0|7||||132|5|132|5|[]|636148155275160000|14:05:27:516
21|2.1|636147912252482853|8832b0|50731.984375|13.6798453208967|100.416734129024||||50731.96875|83.75|8675||||8832b0|TLM726|X|X|0|0|7||||132|5|132|5|[]|636148155319840000|14:05:31:984
21|2.1|636147912293977002|8832b0|50736.1328125|13.6735153076272|100.416669756008||||50736.125|85|8800||||8832b0|TLM726|X|X|0|0|7||||132|5|132|5|[]|636148155361330000|14:05:36:133
21|2.1|636147912336881292|8832b0|50740.4296875|13.6665201065226|100.416583925319||||50740.421875|86|8900||||8832b0|TLM726|X|X|0|0|7||||132|5|132|5|[]|636148155404300000|14:05:40:430
21|2.1|636147912377135317|8832b0|50744.453125|13.6601471779089|100.416541009975||||50744.4453125|87.25|9025||||8832b0|TLM726|X|X|0|0|7||||132|5|132|5|[]|636148155444530000|14:05:44:453
21|2.1|636147912422059809|8832b0|50748.9453125|13.6530661461159|100.416541009975||||50748.9296875|88.25|9150||||8832b0|TLM726|X|X|0|0|7||||132|5|132|5|[]|636148155489450000|14:05:48:945
21|2.1|636147912466824285|8832b0|50753.421875|13.6457061645856|100.41679850204||||50753.4140625|89.5|9275||||8832b0|TLM726|X|X|0|0|7||||132|5|132|5|[]|636148155534220000|14:05:53:422
21|2.1|636147912506918294|8832b0|50757.4296875|13.6393332359719|100.417227655482||||50757.421875|90.5|9375||||8832b0|TLM726|X|X|0|0|7||||132|5|132|5|[]|636148155574300000|14:05:57:430
21|2.1|636147912547332335|8832b0|50761.4609375|13.6329388496861|100.417828470301||||50761.453125|91.75|9500||||8832b0|TLM726|X|X|0|0|7||||132|5|132|5|[]|636148155614610000|14:06:01:461
21|2.1|636147912589766578|8832b0|50765.7109375|13.626265513663|100.418708234857||||50765.703125|93|9650||||8832b0|TLM726|X|X|0|0|7||||132|5|132|5|[]|636148155657110000|14:06:05:711
21|2.1|636147912632980899|8832b0|50770.03125|13.6192703125584|100.419866949151||||50770.0234375|94.5|9825||||8832b0|TLM726|X|X|0|0|7||||132|5|132|5|[]|636148155700310000|14:06:10:031
21|2.1|636147912675255126|8832b0|50774.265625|13.6125540611911|100.421154409477||||50774.25|95.75|9925||||8832b0|TLM726|X|X|0|0|7||||132|5|132|5|[]|636148155742660000|14:06:14:266
21|2.1|636147912715819182|8832b0|50778.3046875|13.6061596749053|100.422377496786||||50778.2890625|97|10075||||8832b0|TLM726|X|X|0|0|7||||132|5|132|5|[]|636148155783050000|14:06:18:305
21|2.1|636147912760123612|8832b0|50782.7421875|13.599014270096|100.423707872456||||50782.734375|98.5|10225||||8832b0|TLM726|X|X|0|0|7||||132|5|132|5|[]|636148155827420000|14:06:22:742
21|2.1|636147912802247824|8832b0|50786.9609375|13.5922336457124|100.425016790455||||50786.953125|100.25|10425||||8832b0|TLM726|X|X|0|0|7||||132|5|132|5|[]|636148155869610000|14:06:26:961
21|2.1|636147912845452144|8832b0|50791.28125|13.5851096985752|100.426304250781||||50791.2734375|102|10600||||8832b0|TLM726|X|X|0|0|7||||132|5|132|5|[]|636148155912810000|14:06:31:281
21|2.1|636147912887886387|8832b0|50795.5234375|13.5783290741916|100.427634626451||||50795.515625|104|10825||||8832b0|TLM726|X|X|0|0|7||||132|5|132|5|[]|636148155955230000|14:06:35:523
21|2.1|636147912931420740|8832b0|50799.875|13.5711836693823|100.428965002121||||50799.8671875|105.75|11025||||8832b0|TLM726|X|X|0|0|7||||132|5|132|5|[]|636148155998750000|14:06:39:875
21|2.1|636147912972134811|8832b0|50803.9453125|13.564681994736|100.430188089431||||50803.9296875|107.75|11225||||8832b0|TLM726|X|X|0|0|7||||132|5|132|5|[]|636148156039450000|14:06:43:945
21|2.1|636147913020179615|8832b0|50808.7421875|13.5568928597637|100.431668668806||||50808.734375|109.75|11425||||8832b0|TLM726|X|X|0|0|7||||132|5|132|5|[]|636148156087420000|14:06:48:742
21|2.1|636147913061833780|8832b0|50812.9140625|13.5500478623638|100.433020502148||||50812.90625|111.25|11575||||8832b0|TLM726|X|X|0|0|7||||132|5|132|5|[]|636148156129140000|14:06:52:914
21|2.1|636147913106148211|8832b0|50817.34375|13.5428809998824|100.434350877818||||50817.3359375|112.75|11750||||8832b0|TLM726|X|X|0|0|7||||132|5|132|5|[]|636148156173440000|14:06:57:344
21|2.1|636147913146392235|8832b0|50821.375|13.5359716294662|100.435681253488||||50821.3671875|114.25|11900||||8832b0|TLM726|X|X|0|0|7||||132|5|132|5|[]|636148156213750000|14:07:01:375
21|2.1|636147913191006696|8832b0|50825.8359375|13.5287403939685|100.437054544503||||50825.8203125|116|12100||||8832b0|TLM726|X|X|0|0|7||||132|5|132|5|[]|636148156258360000|14:07:05:836
21|2.1|636147913235161111|8832b0|50830.25|13.5215091584708|100.438427835517||||50830.2421875|117.75|12275||||8832b0|TLM726|X|X|0|0|7||||132|5|132|5|[]|636148156302500000|14:07:10:250
21|2.1|636147913278995494|8832b0|50834.640625|13.5142350076289|100.439908414892||||50834.6328125|119.25|12425||||8832b0|TLM726|X|X|0|0|7||||132|5|132|5|[]|636148156346410000|14:07:14:641
21|2.1|636147913322519846|8832b0|50838.9921875|13.506960856787|100.441560655644||||50838.984375|120.5|12575||||8832b0|TLM726|X|X|0|0|7||||132|5|132|5|[]|636148156389920000|14:07:18:992
21|2.1|636147913366044198|8832b0|50843.34375|13.5000514863708|100.443470388461||||50843.3359375|122|12725||||8832b0|TLM726|X|X||0|7||||132|5|132|5|[]|636148156433440000|14:07:23:344
21|2.1|636147913409418535|8832b0|50847.6796875|13.4928846238894|100.445723444031||||50847.671875|123.75|12900||||8832b0|TLM726|X|X||0|7||||132|5|132|5|[]|636148156476800000|14:07:27:680
21|2.1|636147913449982591|8832b0|50851.734375|13.4864258645873|100.448040872618||||50851.7265625|125.25|13075||||8832b0|TLM726|X|X||0|7||||132|5|132|5|[]|636148156517340000|14:07:31:734
21|2.1|636147913491786771|8832b0|50855.9140625|13.4796666978758|100.450744539302||||50855.90625|126.75|13225||||8832b0|TLM726|X|X|0|0|7||||132|5|132|5|[]|636148156559140000|14:07:35:914
21|2.1|636147913536251217|8832b0|50860.3515625|13.4727144121154|100.453812986413||||50860.34375|128.25|13375||||8832b0|TLM726|X|X||0|7||||132|5|132|5|[]|636148156603520000|14:07:40:352
21|2.1|636147913577585350|8832b0|50864.5|13.4661698221249|100.457010179556||||50864.4921875|130|13575||||8832b0|TLM726|X|X|0|0|7||||132|5|132|5|[]|636148156645000000|14:07:44:500
21|2.1|636147913620329624|8832b0|50868.765625|13.4597110628228|100.460507780108||||50868.7578125|131.75|13775||||8832b0|TLM726|X|X||0|7||||132|5|132|5|[]|636148156687660000|14:07:48:766
21|2.1|636147913660423633|8832b0|50872.7734375|13.453316676537|100.464134126693||||50872.765625|133.25|13925||||8832b0|TLM726|X|X|0|0|7||||132|5|132|5|[]|636148156727730000|14:07:52:773
21|2.1|636147913703487939|8832b0|50877.0859375|13.4469437479233|100.467846303966||||50877.0703125|135|14125||||8832b0|TLM726|X|X|0|0|7||||132|5|132|5|[]|636148156770860000|14:07:57:086
21|2.1|636147913748102400|8832b0|50881.546875|13.4402704119002|100.4716657696||||50881.53125|136.75|14325||||8832b0|TLM726|X|X|0|0|7||||132|5|132|5|[]|636148156815470000|14:08:01:547
21|2.1|636147913791626752|8832b0|50885.90625|13.4335327028608|100.475506692906||||50885.890625|138.5|14500||||8832b0|TLM726|X|X|0|0|7||||132|5|132|5|[]|636148156859060000|14:08:05:906
21|2.1|636147913831720761|8832b0|50889.90625|13.4273958086402|100.47902575113||||50889.890625|140.25|14700||||8832b0|TLM726|X|X|0|0|7||||132|5|132|5|[]|636148156899060000|14:08:09:906
21|2.1|636147913874625051|8832b0|50894.203125|13.4206795572729|100.482888132108||||50894.1953125|142|14875||||8832b0|TLM726|X|X|0|0|7||||132|5|132|5|[]|636148156942030000|14:08:14:203
21|2.1|636147913918939482|8832b0|50898.625|13.4138989328893|100.486771970758||||50898.6171875|143.5|15050||||8832b0|TLM726|X|X|0|0|7||||132|5|132|5|[]|636148156986250000|14:08:18:625
21|2.1|636147913963233911|8832b0|50903.0546875|13.4071183085057|100.490655809408||||50903.046875|145.5|15250||||8832b0|TLM726|X|X|0|0|7||||132|5|132|5|[]|636148157030550000|14:08:23:055
21|2.1|636147914003637951|8832b0|50907.1015625|13.4009384989409|100.494174867633||||50907.09375|147.25|15425||||8832b0|TLM726|X|X|0|0|7||||132|5|132|5|[]|636148157071020000|14:08:27:102
21|2.1|636147914048722459|8832b0|50911.6015625|13.3938145518037|100.498251825332||||50911.59375|149|15625||||8832b0|TLM726|X|X|0|0|7||||132|5|132|5|[]|636148157116020000|14:08:31:602
21|2.1|636147914090386625|8832b0|50915.7734375|13.3872914194853|100.502028375621||||50915.765625|150.75|15825||||8832b0|TLM726|X|X|0|0|7||||132|5|132|5|[]|636148157157730000|14:08:35:773
21|2.1|636147914134371023|8832b0|50920.171875|13.3804678797575|100.505912214272||||50920.1640625|152.75|16025||||8832b0|TLM726|X|X|0|0|7||||132|5|132|5|[]|636148157201720000|14:08:40:172
21|2.1|636147914175395125|8832b0|50924.2734375|13.3742880701927|100.509517103184||||50924.265625|154.25|16175||||8832b0|TLM726|X|X|0|0|7||||132|5|132|5|[]|636148157242730000|14:08:44:273
21|2.1|636147914216739259|8832b0|50928.4140625|13.3677649378743|100.51325073813||||50928.40625|156|16350||||8832b0|TLM726|X|X|0|0|7||||132|5|132|5|[]|636148157284140000|14:08:48:414
21|2.1|636147914259333518|8832b0|50932.6640625|13.3611988902117|100.516984373075||||50932.65625|157.75|16575||||8832b0|TLM726|X|X|0|0|7||||132|5|132|5|[]|636148157326640000|14:08:52:664
21|2.1|636147914303477932|8832b0|50937.0859375|13.3542895197955|100.520975500086||||50937.078125|159|16700||||8832b0|TLM726|X|X|0|0|7||||132|5|132|5|[]|636148157370860000|14:08:57:086
21|2.1|636147914344041988|8832b0|50941.140625|13.3480238795423|100.524580388999||||50941.1328125|160.5|16850||||8832b0|TLM726|X|X|0|0|7||||132|5|132|5|[]|636148157411410000|14:09:01:141
21|2.1|636147914388346418|8832b0|50945.5703125|13.3407926440446|100.528764635058||||50945.5625|162|17000||||8832b0|TLM726|X|X|0|0|7||||132|5|132|5|[]|636148157455700000|14:09:05:570
21|2.1|636147914432030786|8832b0|50949.9453125|13.3341622233657|100.532584100692||||50949.9375|163.75|17200||||8832b0|TLM726|X|X|0|0|7||||132|5|132|5|[]|636148157499450000|14:09:09:945
21|2.1|636147914472754858|8832b0|50954.0078125|13.3274888873426|100.536360650981||||50953.9921875|165|17325||||8832b0|TLM726|X|X|0|0|7||||132|5|132|5|[]|636148157540080000|14:09:14:008
21|2.1|636147914520489631|8832b0|50958.78125|13.3198928714192|100.540802389106||||50958.7734375|166.5|17500||||8832b0|TLM726|X|X|0|0|7||||132|5|132|5|[]|636148157587810000|14:09:18:781
21|2.1|636147914562143796|8832b0|50962.9453125|13.3135199428055|100.544471651035||||50962.9375|168|17650||||8832b0|TLM726|X|X|0|0|7||||132|5|132|5|[]|636148157629450000|14:09:22:945
21|2.1|636147914603947976|8832b0|50967.125|13.3068251491103|100.548291116669||||50967.1171875|169.5|17800||||8832b0|TLM726|X|X|0|0|7||||132|5|132|5|[]|636148157671250000|14:09:27:125
21|2.1|636147914645292110|8832b0|50971.265625|13.3000659823988|100.552174955319||||50971.2578125|171|17975||||8832b0|TLM726|X|X|0|0|7||||132|5|132|5|[]|636148157712660000|14:09:31:266
21|2.1|636147914688706451|8832b0|50975.5859375|13.29302786595|100.556230455346||||50975.578125|172.5|18125||||8832b0|TLM726|X|X|0|0|7||||132|5|132|5|[]|636148157755860000|14:09:35:586
21|2.1|636147914732660846|8832b0|50979.9921875|13.2859682918291|100.560328870717||||50979.984375|174|18300||||8832b0|TLM726|X|X|0|0|7||||132|5|132|5|[]|636148157799920000|14:09:39:992
21|2.1|636147914776805260|8832b0|50984.4140625|13.2788872600361|100.564405828416||||50984.40625|175.5|18450||||8832b0|TLM726|X|X|0|0|7||||132|5|132|5|[]|636148157844140000|14:09:44:414
21|2.1|636147914820329612|8832b0|50988.765625|13.2720851779804|100.56833258241||||50988.7578125|177|18625||||8832b0|TLM726|X|X|0|0|7||||132|5|132|5|[]|636148157887660000|14:09:48:766
21|2.1|636147914861203699|8832b0|50992.8515625|13.2652830959247|100.572216421061||||50992.84375|178.5|18800||||8832b0|TLM726|X|X|0|0|7||||132|5|132|5|[]|636148157928520000|14:09:52:852
21|2.1|636147914905348113|8832b0|50997.265625|13.2581806064596|100.576314836432||||50997.2578125|180|18950||||8832b0|TLM726|X|X|0|0|7||||132|5|132|5|[]|636148157972660000|14:09:57:266
21|2.1|636147914945912169|8832b0|51001.328125|13.2517003894854|100.580069929049||||51001.3125|181.75|19125||||8832b0|TLM726|X|X|0|0|7||||132|5|132|5|[]|636148158013280000|14:10:01:328
21|2.1|636147914990376615|8832b0|51005.7734375|13.2442545772667|100.584340005797||||51005.765625|183.5|19350||||8832b0|TLM726|X|X|0|0|7||||132|5|132|5|[]|636148158057730000|14:10:05:773
21|2.1|636147915032660843|8832b0|51009.9921875|13.2374095798668|100.588266759791||||51009.984375|185.25|19525||||8832b0|TLM726|X|X|0|0|7||||132|5|132|5|[]|636148158099920000|14:10:09:992
21|2.1|636147915073994976|8832b0|51014.1328125|13.2309293628926|100.591978937065||||51014.125|186.5|19650||||8832b0|TLM726|X|X|0|0|7||||132|5|132|5|[]|636148158141330000|14:10:14:133
21|2.1|636147915114549031|8832b0|51018.1953125|13.2241058231648|100.595927148731||||51018.1875|188|19825||||8832b0|TLM726|X|X|0|0|7||||132|5|132|5|[]|636148158181950000|14:10:18:195
21|2.1|636147915156673243|8832b0|51022.40625|13.2172608257649|100.599875360397||||51022.3984375|189.5|19975||||8832b0|TLM726|X|X|0|0|7||||132|5|132|5|[]|636148158224060000|14:10:22:406
21|2.1|636147915200197595|8832b0|51026.7578125|13.2103729130208|100.603802114392||||51026.75|190.75|20125||||8832b0|TLM726|X|X|0|0|7||||132|5|132|5|[]|636148158267580000|14:10:26:758
21|2.1|636147915241231698|8832b0|51030.8515625|13.2034635426046|100.60777178373||||51030.84375|192|20250||||8832b0|TLM726|X|X|0|0|7||||132|5|132|5|[]|636148158308520000|14:10:30:852
21|2.1|636147915283195894|8832b0|51035.03125|13.1965970875326|100.611741453069||||51035.0234375|193.25|20400||||8832b0|TLM726|X|X|0|0|7||||132|5|132|5|[]|636148158350310000|14:10:35:031
21|2.1|636147915323759950|8832b0|51039.1015625|13.1900095821979|100.61553946103||||51039.09375|194.5|20500||||8832b0|TLM726|X|X|0|0|7||||132|5|132|5|[]|636148158391020000|14:10:39:102
21|2.1|636147915365564130|8832b0|51043.28125|13.1830358387654|100.619487672697||||51043.2734375|195.75|20625||||8832b0|TLM726|X|X|0|0|7||||132|5|132|5|[]|636148158432810000|14:10:43:281
21|2.1|636147915410658639|8832b0|51047.8046875|13.1753969074978|100.623865037805||||51047.796875|197.25|20800||||8832b0|TLM726|X|X|0|0|7||||132|5|132|5|[]|636148158478050000|14:10:47:805
21|2.1|636147915454643037|8832b0|51052.203125|13.1681227566559|100.628092199209||||51052.1953125|198.75|20950||||8832b0|TLM726|X|X|0|0|7||||132|5|132|5|[]|636148158522030000|14:10:52:203
21|2.1|636147915496767249|8832b0|51056.40625|13.1611060978792|100.632104783892||||51056.3984375|200|21075||||8832b0|TLM726|X|X|0|0|7||||132|5|132|5|[]|636148158564060000|14:10:56:406
21|2.1|636147915537181290|8832b0|51060.4140625|13.1544542195282|100.635924249525||||51060.40625|201.25|21225||||8832b0|TLM726|X|X|0|0|7||||132|5|132|5|[]|636148158604140000|14:11:00:414
21|2.1|636147915581635735|8832b0|51064.90625|13.1470942379979|100.640108495585||||51064.8984375|202.75|21400||||8832b0|TLM726|X|X|0|0|7||||132|5|132|5|[]|636148158649060000|14:11:04:906
