21|2.1|636147899498577590|884347|49456.6015625|13.5602402566113|103.526101020019||||49456.5859375|94|9775||||884347|X|X|X||0|7||||132|163|132|163|[]|636148142566020000|13:44:16:602
21|2.1|636147899629160647|884347|49469.6640625|13.5665702698808|103.514428046396||||49469.65625|95.75|9975||||884347|X|X|X||0|7||||132|163|132|163|[]|636148142696640000|13:44:29:664
21|2.1|636147899680485779|884347|49474.7890625|13.5690379021723|103.509857562239||||49474.7890625|96.5|10050||||884347|BKP910|X|X||0|7||||132|163|132|163|[]|636148142747890000|13:44:34:789
21|2.1|636147899721819912|884347|49478.9296875|13.5710978386939|103.506102469621||||49478.921875|97.25|10125||||884347|BKP910|X|X||0|7||||132|163|132|163|[]|636148142789300000|13:44:38:930
21|2.1|636147899764094139|884347|49483.1640625|13.5731577752155|103.502283003988||||49483.15625|97.75|10175||||884347|BKP910|X|X||0|7||||132|163|132|163|[]|636148142831640000|13:44:43:164
21|2.1|636147900189996725|884347|49525.7421875|13.5923194764008|103.46378794024||||49525.734375|104.75|10900||||884347|BKP910|X|X||0|7||||132|163|132|163|[]|636148143257420000|13:45:25:742
21|2.1|636147900257703495|884347|49532.5078125|13.5926413414823|103.456642535431||||49532.5|106|11050||||884347|BKP910|X|X||0|7||||132|163|132|163|[]|636148143325080000|13:45:32:508
21|2.1|636147900298417566|884347|49536.578125|13.5923409340729|103.452565577732||||49536.5703125|106.75|11150||||884347|BKP910|X|X||0|7||||132|163|132|163|[]|636148143365780000|13:45:36:578
21|2.1|636147900340541778|884347|49540.7890625|13.5918474076146|103.448316958656||||49540.78125|107.5|11225||||884347|BKP910|X|X||0|7||||132|163|132|163|[]|636148143407890000|13:45:40:789
21|2.1|636147900388126536|884347|49545.5625|13.5912465927958|103.443467524762||||49545.5546875|108.25|11300||||884347|BKP910|X|X||0|7||||132|163|132|163|[]|636148143455630000|13:45:45:563
21|2.1|636147900429300653|884347|49549.671875|13.5907316086654|103.439412024735||||49549.6640625|109|11375||||884347|BKP910|X|X||0|7||||132|163|132|163|[]|636148143496720000|13:45:49:672
21|2.1|636147900469714694|884347|49553.7109375|13.5901737091908|103.435292151691||||49553.703125|109.5|11425||||884347|BKP910|X|X||0|7||||132|163|132|163|[]|636148143537110000|13:45:53:711
21|2.1|636147900517139436|884347|49558.453125|13.5895299790278|103.430442717797||||49558.4375|110|11475||||884347|BKP910|X|X||0|7||||132|163|132|163|[]|636148143584530000|13:45:58:453
21|2.1|636147900565504272|884347|49563.3046875|13.5888433335206|103.425528910886||||49563.2890625|110.5|11525||||884347|BKP910|X|X||0|7||||132|163|132|163|[]|636148143633050000|13:46:03:305
21|2.1|636147900627900511|884347|49569.53125|13.5880493996529|103.419177439944||||49569.5234375|111.25|11625||||884347|BKP910|X|X||0|7||||132|163|132|163|[]|636148143695310000|13:46:09:531
21|2.1|636147900677045425|884347|49574.453125|13.5873412964736|103.414113429329||||49574.4375|112|11700||||884347|BKP910|X|X||0|7||||132|163|132|163|[]|636148143744530000|13:46:14:453
21|2.1|636147900726340354|884347|49579.3828125|13.5866546509664|103.409092334057||||49579.375|112.5|11750||||884347|BKP910|X|X||0|7||||132|163|132|163|[]|636148143793830000|13:46:19:383
21|2.1|636147900766904410|884347|49583.4296875|13.5861611245081|103.40492954567||||49583.4296875|113|11800||||884347|BKP910|X|X||0|7||||132|163|132|163|[]|636148143834300000|13:46:23:430
21|2.1|636147900807778497|884347|49587.5234375|13.5855817673614|103.400723841938||||49587.5078125|113.5|11850||||884347|BKP910|X|X||0|7||||132|163|132|163|[]|636148143875230000|13:46:27:523
21|2.1|636147900887496468|884347|49595.5|13.5845088837564|103.392376807491||||49595.4921875|114.5|11975||||884347|BKP910|X|X||0|7||||132|163|132|163|[]|636148143955000000|13:46:35:500
21|2.1|636147900937571475|884347|49600.5|13.5838436959213|103.387269881532||||49600.4921875|115|12025||||884347|BKP910|X|X||0|7||||132|163|132|163|[]|636148144005000000|13:46:40:500
21|2.1|636147900979375655|884347|49604.6796875|13.5832643387746|103.382913974095||||49604.6796875|115.5|12075||||884347|BKP910|X|X||0|7||||132|163|132|163|[]|636148144046800000|13:46:44:680
21|2.1|636147901105428259|884347|49617.28125|13.5815691826787|103.369738963426||||49617.2734375|117|12225||||884347|BKP910|X|X||0|7||||132|163|132|163|[]|636148144172810000|13:46:57:281
21|2.1|636147901198257541|884347|49626.5703125|13.580346095369|103.360040095637||||49626.5625|118.25|||||884347|BKP910|X|X||0|7||||132|163|132|163|[]|636148144265700000|13:47:06:570
21|2.1|636147901244282143|884347|49631.171875|13.579702365206|103.35516920407||||49631.1640625|118.75|12425||||884347|BKP910|X|X||0|7||||132|163|132|163|[]|636148144311720000|13:47:11:172
21|2.1|636147901285616276|884347|49635.3125|13.5791444657314|103.350856211978||||49635.3046875|119.25|12475||||884347|BKP910|X|X||0|7||||132|163|132|163|[]|636148144353130000|13:47:15:313
21|2.1|636147901325900304|884347|49639.328125|13.5786509392731|103.346629050574||||49639.328125|119.75|12525||||884347|BKP910|X|X||0|7||||132|163|132|163|[]|636148144393280000|13:47:19:328
21|2.1|636147901406058319|884347|49647.3515625|13.5775995133402|103.338153270095||||49647.34375|120.75|12625||||884347|BKP910|X|X||0|7||||132|163|132|163|[]|636148144473520000|13:47:27:352
21|2.1|636147901465804293|884347|49653.3203125|13.5767626641283|103.331866172169||||49653.3125|121.5|12725||||884347|BKP910|X|X||0|7||||132|163|132|163|[]|636148144533200000|13:47:33:320
21|2.1|636147901515879300|884347|49658.328125|13.5761189339653|103.326566127161||||49658.3203125|122.25|12800||||884347|BKP910|X|X||0|7||||132|163|132|163|[]|636148144583280000|13:47:38:328
21|2.1|636147901556133325|884347|49662.359375|13.5755610344907|103.322317508085||||49662.3515625|122.75|12850||||884347|BKP910|X|X||0|7||||132|163|132|163|[]|636148144623590000|13:47:42:359
21|2.1|636147901597937505|884347|49666.53125|13.5750245926882|103.317897227632||||49666.5234375|123|12875||||884347|BKP910|X|X||0|7||||132|163|132|163|[]|636148144665310000|13:47:46:531
21|2.1|636147901639751686|884347|49670.71875|13.5744452355415|103.313455489508||||49670.7109375|123.5|12925||||884347|BKP910|X|X||0|7||||132|163|132|163|[]|636148144707190000|13:47:50:719
21|2.1|636147901686236334|884347|49675.375|13.5738444207227|103.308520224925||||49675.3671875|124|12975||||884347|BKP910|X|X||0|7||||132|163|132|163|[]|636148144753750000|13:47:55:375
21|2.1|636147901727110421|884347|49679.453125|13.5732865212481|103.304121402144||||49679.4375|124.5|13025||||884347|BKP910|X|X||0|7||||132|163|132|163|[]|636148144794530000|13:47:59:453
21|2.1|636147901767984508|884347|49683.5390625|13.5727286217735|103.299872783068||||49683.53125|124.75|13050||||884347|BKP910|X|X||0|7||||132|163|132|163|[]|636148144835390000|13:48:03:539
21|2.1|636147901815419251|884347|49688.2890625|13.5720634339384|103.294701484092||||49688.2890625|125.25|13125||||884347|BKP910|X|X||0|7||||132|163|132|163|[]|636148144882890000|13:48:08:289
21|2.1|636147901865174226|884347|49693.2578125|13.5714197037754|103.289422896756||||49693.2578125|125.75|13175||||884347|BKP910|X|X||0|7||||132|163|132|163|[]|636148144932580000|13:48:13:258
21|2.1|636147901911998908|884347|49697.9453125|13.5707759736124|103.284401801484||||49697.9296875|126.25|13225||||884347|BKP910|X|X||0|7||||132|163|132|163|[]|636148144979450000|13:48:17:945
21|2.1|636147901955663274|884347|49702.3125|13.5701537011215|103.279724028966||||49702.3046875|126.75|13275||||884347|BKP910|X|X||0|7||||132|163|132|163|[]|636148145023130000|13:48:22:313
21|2.1|636147901996537361|884347|49706.390625|13.5695958016469|103.275389579202||||49706.3828125|127.25|13325||||884347|BKP910|X|X||0|7||||132|163|132|163|[]|636148145063910000|13:48:26:391
21|2.1|636147902046302337|884347|49711.375|13.5689306138118|103.270025161177||||49711.3671875|127.75|13375||||884347|BKP910|X|X||0|7||||132|163|132|163|[]|636148145113750000|13:48:31:375
21|2.1|636147902088266533|884347|49715.5625|13.5683941720093|103.26556196538||||49715.5546875|128.25|13425||||884347|BKP910|X|X||0|7||||132|163|132|163|[]|636148145155630000|13:48:35:563
21|2.1|636147902136471353|884347|49720.390625|13.56768606883|103.260261920372||||49720.3828125|128.75|13475||||884347|BKP910|X|X||0|7||||132|163|132|163|[]|636148145203910000|13:48:40:391
21|2.1|636147902177195425|884347|49724.4609375|13.5671925423717|103.255927470608||||49724.453125|129|13500||||884347|BKP910|X|X||0|7||||132|163|132|163|[]|636148145244610000|13:48:44:461
21|2.1|636147902221659871|884347|49728.9140625|13.5665702698808|103.251142409729||||49728.90625|129.5|13550||||884347|BKP910|X|X||0|7||||132|163|132|163|[]|636148145289140000|13:48:48:914
21|2.1|636147902269384643|884347|49733.6796875|13.5659265397178|103.24614277213||||49733.671875|130|13625||||884347|BKP910|X|X||0|7||||132|163|132|163|[]|636148145336800000|13:48:53:680
21|2.1|636147902311198824|884347|49737.859375|13.565325724899|103.241464999612||||49737.8515625|130.25|13650||||884347|BKP910|X|X||0|7||||132|163|132|163|[]|636148145378590000|13:48:57:859
21|2.1|636147902352852989|884347|49742.0234375|13.5647249100802|103.236873057783||||49742.015625|130.5|13675||||884347|BKP910|X|X||0|7||||132|163|132|163|[]|636148145420230000|13:49:02:023
21|2.1|636147902395447248|884347|49746.2890625|13.5641670106056|103.232173827593||||49746.28125|131|13725||||884347|BKP910|X|X||0|7||||132|163|132|163|[]|636148145462890000|13:49:06:289
21|2.1|636147902436471350|884347|49750.3828125|13.563609111131|103.227732089468||||49750.3671875|131.25|13750||||884347|BKP910|X|X||0|7||||132|163|132|163|[]|636148145503830000|13:49:10:383
21|2.1|636147902477965499|884347|49754.5390625|13.5629868386401|103.223225978327||||49754.5390625|131.5|13775||||884347|BKP910|X|X||0|7||||132|163|132|163|[]|636148145545390000|13:49:14:539
21|2.1|636147902520709773|884347|49758.8125|13.5623860238213|103.218526748137||||49758.8125|132|13825||||884347|BKP910|X|X||0|7||||132|163|132|163|[]|636148145588130000|13:49:18:813
21|2.1|636147902564234125|884347|49763.171875|13.5618066666746|103.213720229587||||49763.1640625|132.25|13850||||884347|BKP910|X|X||0|7||||132|163|132|163|[]|636148145631720000|13:49:23:172
21|2.1|636147902606368338|884347|49767.3828125|13.5612058518558|103.209128287757||||49767.375|132.75|13900||||884347|BKP910|X|X||0|7||||132|163|132|163|[]|636148145673830000|13:49:27:383
21|2.1|636147902653943095|884347|49772.140625|13.5605192063486|103.203828242749||||49772.1328125|133|13950||||884347|BKP910|X|X||0|7||||132|163|132|163|[]|636148145721410000|13:49:32:141
21|2.1|636147902695907291|884347|49776.328125|13.5599183915298|103.199150470231||||49776.328125|133.25|13975||||884347|BKP910|X|X||0|7||||132|163|132|163|[]|636148145763280000|13:49:36:328
21|2.1|636147902908858584|884347|49797.6328125|13.5569357751079|103.175547030921||||49797.625|135.25|||||884347|BKP910|X|X||0|7||||132|163|132|163|[]|636148145976330000|13:49:57:633
21|2.1|636147902968134511|884347|49803.5546875|13.556098925896|103.16900244093||||49803.5390625|135.5|14200||||884347|BKP910|X|X||0|7||||132|163|132|163|[]|636148146035550000|13:50:03:555
21|2.1|636147903008848582|884347|49807.6328125|13.5554981110772|103.164517787462||||49807.625|136|14250||||884347|BKP910|X|X||0|7||||132|163|132|163|[]|636148146076330000|13:50:07:633
21|2.1|636147903049252622|884347|49811.671875|13.5549402116026|103.159925845632||||49811.6640625|136.25|14275||||884347|BKP910|X|X||0|7||||132|163|132|163|[]|636148146116720000|13:50:11:672
21|2.1|636147903092936990|884347|49816.03125|13.5542964814396|103.155076411738||||49816.03125|136.75|14350||||884347|BKP910|X|X||0|7||||132|163|132|163|[]|636148146160310000|13:50:16:031
21|2.1|636147903135061202|884347|49820.2421875|13.553738581965|103.150548842924||||49820.234375|137|14375||||884347|BKP910|X|X||0|7||||132|163|132|163|[]|636148146202420000|13:50:20:242
21|2.1|636147903176555351|884347|49824.390625|13.5531163094741|103.145763782046||||49824.3828125|137.5|14425||||884347|BKP910|X|X||0|7||||132|163|132|163|[]|636148146243910000|13:50:24:391
21|2.1|636147903217119407|884347|49828.453125|13.5525154946553|103.141150382545||||49828.4453125|137.75|14450||||884347|BKP910|X|X||0|7||||132|163|132|163|[]|636148146284530000|13:50:28:453
21|2.1|636147903256593354|884347|49832.40625|13.5519575951807|103.13670864442||||49832.40625|138|14475||||884347|X|X|X||0|7||||132|5|132|5|[]|636148146324060000|13:50:32:406
21|2.1|636147903261273822|884347|49832.859375|13.5519146798365|103.136279490978||||49832.8515625|138|14475||||884347|BKP910|X|X||0|7||||132|163|132|163|[]|636148146328590000|13:50:32:859
21|2.1|636147903306198314|884347|49837.359375|13.5512709496735|103.131172565018||||49837.359375|138.5|14525||||884347|BKP910|X|X||0|7||||132|163|132|163|[]|636148146373590000|13:50:37:359
21|2.1|636147903316339328|884347|49838.375|13.5511207459688|103.130056766069||||49838.375|138.5|14525||||884347|X|X|X||0|7||||132|5|132|5|[]|636148146383750000|13:50:38:375
21|2.1|636147903346762370|884347|49841.4140625|13.5506701348547|103.126666453877||||49841.40625|138.75|14550||||884347|BKP910|X|X||0|7||||132|163|132|163|[]|636148146414140000|13:50:41:414
21|2.1|636147903387946488|884347|49845.5390625|13.550090777708|103.122010139031||||49845.53125|139|14575||||884347|BKP910|X|X||0|7||||132|163|132|163|[]|636148146455390000|13:50:45:539
21|2.1|636147903432570950|884347|49850|13.549447047545|103.116967586088||||49849.9921875|139.5|14625||||884347|BKP910|X|X||0|7||||132|163|132|163|[]|636148146500000000|13:50:50:000
21|2.1|636147903472654958|884347|49854.015625|13.5488462327262|103.112461474947||||49854|139.75|14650||||884347|BKP910|X|X||0|7||||132|163|132|163|[]|636148146540160000|13:50:54:016
21|2.1|636147903487006393|884347|49855.4609375|13.5486531136773|103.110809234195||||49855.453125|140|14675||||884347|X|X|X||0|7||||132|5|132|5|[]|636148146554610000|13:50:55:461
21|2.1|636147903517739466|884347|49858.515625|13.5481810448911|103.107461837348||||49858.5078125|140.25|14725||||884347|BKP910|X|X||0|7||||132|163|132|163|[]|636148146585160000|13:50:58:516
21|2.1|636147903538331525|884347|49860.578125|13.5478806374817|103.105080035745||||49860.5703125|140.25|14725||||884347|X|X|X||0|7||||132|5|132|5|[]|636148146605780000|13:51:00:578
21|2.1|636147903560173709|884347|49862.75|13.5476016877444|103.102719691814||||49862.7421875|140.5|14750||||884347|BKP910|X|X||0|7||||132|163|132|163|[]|636148146627500000|13:51:02:750
21|2.1|636147903581865878|884347|49864.9375|13.5472583649908|103.100187686506||||49864.9296875|140.75|14775||||884347|X|X|X||0|7||||132|5|132|5|[]|636148146649380000|13:51:04:938
21|2.1|636147903601987890|884347|49866.9453125|13.5469794152535|103.097913173263||||49866.9375|140.75|14775||||884347|BKP910|X|X||0|7||||132|163|132|163|[]|636148146669450000|13:51:06:945
21|2.1|636147903622429934|884347|49868.9921875|13.5467004655162|103.095660117693||||49868.984375|141|14800||||884347|X|X|X||0|7||||132|5|132|5|[]|636148146689920000|13:51:08:992
21|2.1|636147903643952086|884347|49871.125|13.5464215157789|103.093235400745||||49871.109375|141.25|14825||||884347|BKP910|X|X||0|7||||132|163|132|163|[]|636148146711250000|13:51:11:125
21|2.1|636147903687006391|884347|49875.4453125|13.5457777856159|103.088364509179||||49875.4375|141.5|14850||||884347|BKP910|X|X||0|7||||132|163|132|163|[]|636148146754450000|13:51:15:445
21|2.1|636147903727890479|884347|49879.5234375|13.545155513125|103.083751109677||||49879.515625|142|14900||||884347|BKP910|X|X||0|7||||132|163|132|163|[]|636148146795230000|13:51:19:523
21|2.1|636147903769694659|884347|49883.703125|13.5445976136504|103.079073337159||||49883.6953125|142.25|14925||||884347|BKP910|X|X||0|7||||132|163|132|163|[]|636148146837030000|13:51:23:703
21|2.1|636147903812288918|884347|49887.96875|13.5439967988316|103.074288276281||||49887.96875|142.5|14950||||884347|BKP910|X|X||0|7||||132|163|132|163|[]|636148146879690000|13:51:27:969
21|2.1|636147903855803269|884347|49892.3203125|13.5433530686686|103.069353011698||||49892.3203125|143|15000||||884347|BKP910|X|X||0|7||||132|163|132|163|[]|636148146923200000|13:51:32:320
21|2.1|636147903867354424|884347|49893.4765625|13.5432028649639|103.068087009044||||49893.46875|143|15000||||884347|X|X|X||0|7||||132|5|132|5|[]|636148146934770000|13:51:33:477
21|2.1|636147903898087497|884347|49896.5390625|13.5427522538498|103.064589408492||||49896.53125|143.25|15025||||884347|BKP910|X|X||0|7||||132|163|132|163|[]|636148146965390000|13:51:36:539
21|2.1|636147903935831271|884347|49900.328125|13.5421943543752|103.0602764164||||49900.3203125|143.75|15075||||884347|X|X|X||0|7||||132|5|132|5|[]|636148147003280000|13:51:40:328
21|2.1|636147903940671755|884347|49900.8046875|13.5421299813589|103.059911635974||||49900.796875|143.75|15100||||884347|BKP910|X|X||0|7||||132|163|132|163|[]|636148147008050000|13:51:40:805
21|2.1|636147903976085296|884347|49904.359375|13.5416364549006|103.055748847587||||49904.34375|144|15125||||884347|X|X|X||0|7||||132|5|132|5|[]|636148147043590000|13:51:44:359
21|2.1|636147903981855873|884347|49904.9296875|13.5415291665401|103.055233863456||||49904.9296875|144|15125||||884347|BKP910|X|X||0|7||||132|163|132|163|[]|636148147049300000|13:51:44:930
21|2.1|636147904017739461|884347|49908.53125|13.5410141824097|103.051092532741||||49908.5234375|144.25|15150||||884347|X|X|X||0|7||||132|5|132|5|[]|636148147085310000|13:51:48:531
21|2.1|636147904022579945|884347|49908.9921875|13.5409283517213|103.050556090938||||49908.984375|144.25|15150||||884347|BKP910|X|X||0|7||||132|163|132|163|[]|636148147089920000|13:51:48:992
21|2.1|636147904066424329|884347|49913.375|13.5403275369025|103.045642284028||||49913.3671875|144.75|15200||||884347|BKP910|X|X||0|7||||132|163|132|163|[]|636148147133750000|13:51:53:375
21|2.1|636147904086536340|884347|49915.3984375|13.540005671821|103.043367770785||||49915.390625|144.75|15200||||884347|BKP910|X|X||0|7||||132|5|132|5|[]|636148147153980000|13:51:55:398
21|2.1|636147904107918478|884347|49917.5234375|13.5397267220837|103.040921596166||||49917.515625|145|15225||||884347|BKP910|X|X||0|7||||132|163|132|163|[]|636148147175230000|13:51:57:523
21|2.1|636147904149412627|884347|49921.6796875|13.5391044495928|103.036479858041||||49921.6796875|145.25|15250||||884347|BKP910|X|X||0|7||||132|163|132|163|[]|636148147216800000|13:52:01:680
21|2.1|636147904190596745|884347|49925.8046875|13.538503634774|103.031587508802||||49925.796875|145.75|15300||||884347|BKP910|X|X||0|7||||132|163|132|163|[]|636148147258050000|13:52:05:805
21|2.1|636147904221639849|884347|49928.921875|13.5380530236599|103.02808990825||||49928.9140625|146|15325||||884347|BKP910|X|X||0|7||||132|5|132|5|[]|636148147289220000|13:52:08:922
21|2.1|636147904230840769|884347|49929.8203125|13.5379457352994|103.027188686022||||49929.8125|146|15325||||884347|BKP910|X|X||0|7||||132|163|132|163|[]|636148147298200000|13:52:09:820
21|2.1|636147904268444529|884347|49933.5859375|13.5373878358248|103.022854236257||||49933.5859375|146.5|15375||||884347|BKP910|X|X||0|7||||132|5|132|5|[]|636148147335860000|13:52:13:586
21|2.1|636147904273585043|884347|49934.1015625|13.5373020051364|103.022210506094||||49934.09375|146.5|15375||||884347|BKP910|X|X||0|7||||132|163|132|163|[]|636148147341020000|13:52:14:102
21|2.1|636147904309628647|884347|49937.71875|13.5368084786781|103.018133548395||||49937.7109375|146.75|15400||||884347|BKP910|X|X||0|7||||132|5|132|5|[]|636148147377190000|13:52:17:719
21|2.1|636147904320859770|884347|49938.8203125|13.5366368173013|103.017017749446||||49938.8125|146.75|15400||||884347|BKP910|X|X||0|7||||132|163|132|163|[]|636148147388200000|13:52:18:820
21|2.1|636147904351122796|884347|49941.859375|13.5362076638593|103.01358452191||||49941.8515625|147|15425||||884347|BKP910|X|X||0|7||||132|5|132|5|[]|636148147418590000|13:52:21:859
21|2.1|636147904362983982|884347|49943.0390625|13.5360360024825|103.012189773224||||49943.0390625|147.25|15450||||884347|BKP910|X|X||0|7||||132|163|132|163|[]|636148147430390000|13:52:23:039
21|2.1|636147904415549238|884347|49948.2890625|13.5352420686148|103.006181625036||||49948.28125|147.75|15525||||884347|BKP910|X|X||0|7||||132|163|132|163|[]|636148147482890000|13:52:28:289
21|2.1|636147904469064589|884347|49953.640625|13.5345125077634|103.000152019176||||49953.6328125|148|15550||||884347|BKP910|X|X||0|7||||132|163|132|163|[]|636148147536410000|13:52:33:641
21|2.1|636147904509628645|884347|49957.703125|13.5338902352725|102.995624450362||||49957.6953125|148.25|15575||||884347|BKP910|X|X||0|7||||132|163|132|163|[]|636148147577030000|13:52:37:703
21|2.1|636147904538641546|884347|49960.609375|13.5334610818305|102.992277053515||||49960.59375|148.25|15575||||884347|BKP910|X|X||0|7||||132|5|132|5|[]|636148147606090000|13:52:40:609
21|2.1|636147904557983480|884347|49962.5390625|13.5331821320932|102.990109828633||||49962.5390625|148.5|15600||||884347|BKP910|X|X||0|7||||132|163|132|163|[]|636148147625390000|13:52:42:539
21|2.1|636147904583886070|884347|49965.140625|13.5328173516675|102.987127212211||||49965.1328125|148.5|15600||||884347|BKP910|X|X||0|7||||132|5|132|5|[]|636148147651410000|13:52:45:141
21|2.1|636147904598707552|884347|49966.6015625|13.5326027749465|102.985410598443||||49966.59375|148.75|15625||||884347|BKP910|X|X||0|7||||132|163|132|163|[]|636148147666020000|13:52:46:602
21|2.1|636147904629130594|884347|49969.65625|13.5321736215045|102.981977370907||||49969.65625|148.75|15625||||884347|BKP910|X|X||0|7||||132|5|132|5|[]|636148147696560000|13:52:49:656
21|2.1|636147904649872668|884347|49971.734375|13.531851756423|102.979595569304||||49971.7265625|149|15650||||884347|BKP910|X|X||0|7||||132|163|132|163|[]|636148147717340000|13:52:51:734
21|2.1|636147904670774758|884347|49973.8203125|13.5315298913415|102.977321056061||||49973.8125|149|15650||||884347|BKP910|X|X||0|7||||132|5|132|5|[]|636148147738200000|13:52:53:820
21|2.1|636147904713829063|884347|49978.140625|13.5309290765227|102.97229996079||||49978.1328125|149.25|15675||||884347|BKP910|X|X||0|7||||132|5|132|5|[]|636148147781410000|13:52:58:141
21|2.1|636147904719459626|884347|49978.6953125|13.5308217881622|102.971677688299||||49978.6796875|149.25|15675||||884347|BKP910|X|X||0|7||||132|163|132|163|[]|636148147786950000|13:52:58:695
21|2.1|636147904760323712|884347|49982.78125|13.5302209733434|102.967042831125||||49982.7734375|149.5|15700||||884347|BKP910|X|X||0|7||||132|5|132|5|[]|636148147827810000|13:53:02:781
21|2.1|636147904760483728|884347|49982.78125|13.5302209733434|102.967042831125||||49982.7734375|149.5|15700||||884347|BKP910|X|X||0|7||||132|163|132|163|[]|636148147827810000|13:53:02:781
21|2.1|636147904810558735|884347|49987.796875|13.5294699548199|102.961313632675||||49987.796875|149.75|15725||||884347|BKP910|X|X||0|7||||132|5|132|5|[]|636148147877970000|13:53:07:797
21|2.1|636147904810558735|884347|49987.8046875|13.5294699548199|102.961313632675||||49987.796875|149.75|15725||||884347|BKP910|X|X||0|7||||132|163|132|163|[]|636148147878050000|13:53:07:805
21|2.1|636147904852842963|884347|49992.0234375|13.5288905976732|102.956485656452||||49992.015625|150|15775||||884347|BKP910|X|X||0|7||||132|163|132|163|[]|636148147920230000|13:53:12:023
21|2.1|636147904894487127|884347|49996.1953125|13.5282683251823|102.951722053246||||49996.1796875|150.25|15800||||884347|BKP910|X|X||0|7||||132|163|132|163|[]|636148147961950000|13:53:16:195
21|2.1|636147904903848063|884347|49997.140625|13.5280966638055|102.950606254297||||49997.1328125|150.25|15800||||884347|BKP910|X|X||0|7||||132|5|132|5|[]|636148147971410000|13:53:17:141
21|2.1|636147904936301308|884347|50000.375|13.5276675103635|102.946915534695||||50000.3671875|150.5|15825||||884347|BKP910|X|X||0|7||||132|163|132|163|[]|636148148003750000|13:53:20:375
21|2.1|636147904947842462|884347|50001.5390625|13.5274743913146|102.945563701353||||50001.53125|150.5|15825||||884347|BKP910|X|X||0|7||||132|5|132|5|[]|636148148015390000|13:53:21:539
21|2.1|636147904979195597|884347|50004.6484375|13.5270452378726|102.942173389161||||50004.640625|150.75|15850||||884347|BKP910|X|X||0|7||||132|163|132|163|[]|636148148046480000|13:53:24:648
21|2.1|636147904989186596|884347|50005.65625|13.5268735764958|102.94103613254||||50005.65625|150.75|15850||||884347|BKP910|X|X||0|7||||132|5|132|5|[]|636148148056560000|13:53:25:656
21|2.1|636147905019919669|884347|50008.71875|13.5264229653817|102.937345412939||||50008.7109375|150.75|15850||||884347|BKP910|X|X||0|7||||132|163|132|163|[]|636148148087190000|13:53:28:719
21|2.1|636147905061573834|884347|50012.8984375|13.5258006928908|102.932603267405||||50012.890625|151|15875||||884347|BKP910|X|X||0|7||||132|163|132|163|[]|636148148128980000|13:53:32:898
21|2.1|636147905104008077|884347|50017.140625|13.5251355050557|102.927603629805||||50017.140625|151.25|15900||||884347|BKP910|X|X||0|7||||132|163|132|163|[]|636148148171410000|13:53:37:141
21|2.1|636147905147382414|884347|50021.484375|13.5244917748927|102.922668365222||||50021.4765625|151.5|15925||||884347|BKP910|X|X||0|7||||132|163|132|163|[]|636148148214840000|13:53:41:484
21|2.1|636147905179365612|884347|50024.6796875|13.5240411637786|102.918934730277||||50024.671875|151.75|15950||||884347|BKP910|X|X||0|7||||132|5|132|5|[]|636148148246800000|13:53:44:680
21|2.1|636147905189806656|884347|50025.7109375|13.5238909600739|102.917797473656||||50025.6953125|151.75|15950||||884347|BKP910|X|X||0|7||||132|163|132|163|[]|636148148257110000|13:53:45:711
21|2.1|636147905227870462|884347|50029.5390625|13.5233330605993|102.913377193203||||50029.53125|151.75|||||884347|BKP910|X|X||0|7||||132|5|132|5|[]|636148148295390000|13:53:49:539
21|2.1|636147905232860961|884347|50030.0234375|13.5232472299109|102.912776378384||||50030.015625|151.75|15950||||884347|BKP910|X|X||0|7||||132|163|132|163|[]|636148148300230000|13:53:50:023
21|2.1|636147905268124487|884347|50033.5625|13.5227322457805|102.908699420685||||50033.546875|152|15975||||884347|BKP910|X|X||0|7||||132|5|132|5|[]|636148148335630000|13:53:53:563
21|2.1|636147905274045079|884347|50034.140625|13.52262495742|102.907969859834||||50034.1328125|152|15975||||884347|BKP910|X|X||0|7||||132|163|132|163|[]|636148148341410000|13:53:54:141
21|2.1|636147905314299104|884347|50038.1796875|13.5220241426012|102.903356460332||||50038.171875|152.25|16000||||884347|BKP910|X|X||0|7||||132|5|132|5|[]|636148148381800000|13:53:58:180
21|2.1|636147905314459120|884347|50038.1796875|13.5220241426012|102.903356460332||||50038.171875|152.25|16000||||884347|BKP910|X|X||0|7||||132|163|132|163|[]|636148148381800000|13:53:58:180
21|2.1|636147905358133487|884347|50042.5625|13.5213804124382|102.898228076701||||50042.546875|152.5|16025||||884347|BKP910|X|X||0|7||||132|5|132|5|[]|636148148425630000|13:54:02:563
21|2.1|636147905358293503|884347|50042.5625|13.5213804124382|102.898228076701||||50042.546875|152.5|16025||||884347|BKP910|X|X||0|7||||132|163|132|163|[]|636148148425630000|13:54:02:563
21|2.1|636147905399637637|884347|50046.7109375|13.5207795976194|102.893679050215||||50046.703125|152.75|16050||||884347|BKP910|X|X||0|7||||132|5|132|5|[]|636148148467110000|13:54:06:711
21|2.1|636147905399787652|884347|50046.7109375|13.5207795976194|102.893679050215||||50046.703125|152.75|16050||||884347|BKP910|X|X||0|7||||132|163|132|163|[]|636148148467110000|13:54:06:711
21|2.1|636147905441451818|884347|50050.890625|13.5201573251285|102.888700870288||||50050.8828125|153|16100||||884347|BKP910|X|X||0|7||||132|5|132|5|[]|636148148508910000|13:54:10:891
21|2.1|636147905441451818|884347|50050.890625|13.5201573251285|102.888700870288||||50050.8828125|153|16100||||884347|BKP910|X|X||0|7||||132|163|132|163|[]|636148148508910000|13:54:10:891
21|2.1|636147905482315904|884347|50054.9765625|13.5195565103097|102.883872894066||||50054.96875|153.25|16125||||884347|BKP910|X|X||0|7||||132|5|132|5|[]|636148148549770000|13:54:14:977
21|2.1|636147905482475920|884347|50054.984375|13.5195565103097|102.883872894066||||50054.96875|153.25|16125||||884347|BKP910|X|X||0|7||||132|163|132|163|[]|636148148549840000|13:54:14:984
21|2.1|636147905526780350|884347|50059.4296875|13.5188698648025|102.878572849057||||50059.421875|153.5|16150||||884347|BKP910|X|X||0|7||||132|5|132|5|[]|636148148594300000|13:54:19:430
21|2.1|636147905526940366|884347|50059.4296875|13.5188698648025|102.878572849057||||50059.421875|153.5|16150||||884347|BKP910|X|X||0|7||||132|163|132|163|[]|636148148594300000|13:54:19:430
21|2.1|636147905570774749|884347|50063.8203125|13.5182261346395|102.873616126802||||50063.8125|153.5|16150||||884347|BKP910|X|X||0|7||||132|163|132|163|[]|636148148638200000|13:54:23:820
21|2.1|636147905570924764|884347|50063.8203125|13.5182261346395|102.873616126802||||50063.8125|153.5|16150||||884347|BKP910|X|X||0|7||||132|5|132|5|[]|636148148638200000|13:54:23:820
21|2.1|636147905611958867|884347|50067.9375|13.5176253198207|102.868723777563||||50067.9296875|153.75|16175||||884347|BKP910|X|X||0|7||||132|5|132|5|[]|636148148679380000|13:54:27:938
21|2.1|636147905612118883|884347|50067.9453125|13.5176253198207|102.868723777563||||50067.9296875|153.75|16175||||884347|BKP910|X|X||0|7||||132|163|132|163|[]|636148148679450000|13:54:27:945
21|2.1|636147905653773048|884347|50072.1328125|13.5169601319856|102.86378851298||||50072.125|154|16200||||884347|BKP910|X|X||0|7||||132|5|132|5|[]|636148148721330000|13:54:32:133
21|2.1|636147905653923063|884347|50072.1328125|13.5169601319856|102.86378851298||||50072.125|154|16200||||884347|BKP910|X|X||0|7||||132|163|132|163|[]|636148148721330000|13:54:32:133
21|2.1|636147905694177088|884347|50076.1640625|13.5163593171668|102.859067825118||||50076.15625|154.25|16225||||884347|BKP910|X|X||0|7||||132|163|132|163|[]|636148148761640000|13:54:36:164
21|2.1|636147905739571627|884347|50080.6953125|13.5156941293317|102.853767780109||||50080.6796875|154.5|16250||||884347|BKP910|X|X||0|7||||132|163|132|163|[]|636148148806950000|13:54:40:695
21|2.1|636147905786686338|884347|50085.3984375|13.5149645684803|102.848274616052||||50085.390625|154.75|16275||||884347|BKP910|X|X||0|7||||132|163|132|163|[]|636148148853980000|13:54:45:398
21|2.1|636147905865464215|884347|50093.2890625|13.5137843965148|102.838983444032||||50093.2890625|155|16300||||884347|BKP910|X|X||0|7||||132|163|132|163|[]|636148148932890000|13:54:53:289
21|2.1|636147905910558724|884347|50097.7890625|13.5130977510076|102.833726314368||||50097.78125|155.25|16325||||884347|BKP910|X|X||0|7||||132|163|132|163|[]|636148148977890000|13:54:57:789
21|2.1|636147905920849753|884347|50098.8359375|13.5129475473029|102.83241739637||||50098.828125|155.25|16325||||884347|BKP910|X|X||0|7||||132|5|132|5|[]|636148148988360000|13:54:58:836
21|2.1|636147905951742842|884347|50101.9140625|13.5124540208446|102.828812507457||||50101.8984375|155.5|16350||||884347|BKP910|X|X||0|7||||132|163|132|163|[]|636148149019140000|13:55:01:914
21|2.1|636147905962813949|884347|50103.03125|13.5123038171399|102.827546504803||||50103.0234375|155.5|16350||||884347|BKP910|X|X||0|7||||132|5|132|5|[]|636148149030310000|13:55:03:031
21|2.1|636147905996357303|884347|50106.3828125|13.5117888330095|102.823598293137||||50106.375|155.75|16375||||884347|BKP910|X|X||0|7||||132|163|132|163|[]|636148149063830000|13:55:06:383
21|2.1|636147906011178785|884347|50107.8671875|13.5115742562885|102.821860221697||||50107.859375|155.75|16375||||884347|BKP910|X|X||0|7||||132|5|132|5|[]|636148149078670000|13:55:07:867
21|2.1|636147906057363403|884347|50112.4765625|13.5108446954371|102.816367057639||||50112.46875|156|16400||||884347|BKP910|X|X||0|7||||132|5|132|5|[]|636148149124770000|13:55:12:477
21|2.1|636147906082625929|884347|50115|13.5104799150114|102.813384441217||||50115|156|16425||||884347|BKP910|X|X||0|7||||132|163|132|163|[]|636148149150000000|13:55:15:000
21|2.1|636147906111328799|884347|50117.8828125|13.5100293038973|102.810058502042||||50117.875|156.25|16450||||884347|BKP910|X|X||0|7||||132|5|132|5|[]|636148149178830000|13:55:17:883
21|2.1|636147906123340000|884347|50119.0703125|13.5098361848484|102.808599380339||||50119.0703125|156.25|16450||||884347|BKP910|X|X||0|7||||132|163|132|163|[]|636148149190700000|13:55:19:070
21|2.1|636147906156103276|884347|50122.359375|13.5093641160622|102.804801372377||||50122.359375|156.5|16475||||884347|BKP910|X|X||0|7||||132|5|132|5|[]|636148149223590000|13:55:22:359
21|2.1|636147906167024368|884347|50123.4296875|13.5091924546854|102.803470996707||||50123.4296875|156.5|16475||||884347|BKP910|X|X||0|7||||132|163|132|163|[]|636148149234300000|13:55:23:430
21|2.1|636147906207738439|884347|50127.515625|13.5085701821945|102.798685935829||||50127.5078125|156.75|16500||||884347|BKP910|X|X||0|7||||132|163|132|163|[]|636148149275160000|13:55:27:516
21|2.1|636147906251112776|884347|50131.859375|13.5079264520315|102.793579009869||||50131.8515625|157|16525||||884347|BKP910|X|X||0|7||||132|5|132|5|[]|636148149318590000|13:55:31:859
21|2.1|636147906251262791|884347|50131.859375|13.5079264520315|102.793579009869||||50131.8515625|157|16525||||884347|BKP910|X|X||0|7||||132|163|132|163|[]|636148149318590000|13:55:31:859
21|2.1|636147906293387003|884347|50136.0703125|13.5072612641964|102.788514999253||||50136.0625|157|16525||||884347|BKP910|X|X||0|7||||132|163|132|163|[]|636148149360700000|13:55:36:070
21|2.1|636147906333481012|884347|50140.0859375|13.5066175340334|102.783751396047||||50140.0703125|157.25|16550||||884347|BKP910|X|X||0|7||||132|163|132|163|[]|636148149400860000|13:55:40:086
21|2.1|636147906354703134|884347|50142.2109375|13.5063385842961|102.781240848411||||50142.203125|157.25|16550||||884347|BKP910|X|X||0|7||||132|5|132|5|[]|636148149422110000|13:55:42:211
21|2.1|636147906378105474|884347|50144.5546875|13.5059523461983|102.77847280871||||50144.546875|157.5|16575||||884347|BKP910|X|X||0|7||||132|163|132|163|[]|636148149445550000|13:55:44:555
21|2.1|636147906411478811|884347|50147.8984375|13.5054373620679|102.774546054716||||50147.890625|157.75|16600||||884347|BKP910|X|X||0|7||||132|5|132|5|[]|636148149478980000|13:55:47:898
21|2.1|636147906422409904|884347|50148.96875|13.5052657006911|102.773194221374||||50148.96875|157.75|16600||||884347|BKP910|X|X||0|7||||132|163|132|163|[]|636148149489690000|13:55:48:969
21|2.1|636147906453453008|884347|50152.0859375|13.504815089577|102.769567874789||||50152.078125|157.75|16600||||884347|BKP910|X|X||0|7||||132|5|132|5|[]|636148149520860000|13:55:52:086
21|2.1|636147906464534116|884347|50153.1953125|13.5046219705281|102.768194583775||||50153.1796875|158|16625||||884347|BKP910|X|X||0|7||||132|163|132|163|[]|636148149531950000|13:55:53:195
21|2.1|636147906493697032|884347|50156.109375|13.5042142747582|102.764739898566||||50156.1015625|158|16625||||884347|BKP910|X|X||0|7||||132|5|132|5|[]|636148149561090000|13:55:56:109
21|2.1|636147906537071369|884347|50160.453125|13.503527629251|102.759525684246||||50160.4453125|158.25|16650||||884347|BKP910|X|X||0|7||||132|5|132|5|[]|636148149604530000|13:56:00:453
21|2.1|636147906562183880|884347|50162.953125|13.5031199334811|102.756564525496||||50162.9453125|158.5|16675||||884347|BKP910|X|X||0|7||||132|163|132|163|[]|636148149629530000|13:56:02:953
21|2.1|636147906578565518|884347|50164.609375|13.502883899088|102.754654792679||||50164.6015625|158.5|16675||||884347|BKP910|X|X||0|7||||132|5|132|5|[]|636148149646090000|13:56:04:609
21|2.1|636147906603998061|884347|50167.140625|13.5025191186623|102.751672176258||||50167.1328125|158.75|16700||||884347|BKP910|X|X||0|7||||132|163|132|163|[]|636148149671410000|13:56:07:141
21|2.1|636147906618969558|884347|50168.6484375|13.5022830842692|102.749869731801||||50168.640625|158.75|16700||||884347|BKP910|X|X||0|7||||132|5|132|5|[]|636148149686480000|13:56:08:648
21|2.1|636147906663123973|884347|50173.046875|13.501596438762|102.744762805841||||50173.0390625|159|16725||||884347|BKP910|X|X||0|7||||132|5|132|5|[]|636148149730470000|13:56:13:047
21|2.1|636147906663123973|884347|50173.0546875|13.501596438762|102.744762805841||||50173.0390625|159|16725||||884347|BKP910|X|X||0|7||||132|163|132|163|[]|636148149730550000|13:56:13:055
21|2.1|636147906705708231|884347|50177.3203125|13.5009097932548|102.739591506865||||50177.3125|159.25|16750||||884347|BKP910|X|X||0|7||||132|5|132|5|[]|636148149773200000|13:56:17:320
21|2.1|636147906705868247|884347|50177.3203125|13.5009097932548|102.739591506865||||50177.3125|159.25|16750||||884347|BKP910|X|X||0|7||||132|163|132|163|[]|636148149773200000|13:56:17:320
21|2.1|636147906746422302|884347|50181.3828125|13.5003304361081|102.734806445987||||50181.3671875|159.5|16775||||884347|BKP910|X|X||0|7||||132|5|132|5|[]|636148149813830000|13:56:21:383
21|2.1|636147906746432303|884347|50181.375|13.5003304361081|102.734806445987||||50181.3671875|159.5|16775||||884347|BKP910|X|X||0|7||||132|163|132|163|[]|636148149813750000|13:56:21:375
21|2.1|636147906786836343|884347|50185.421875|13.4997296212893|102.730021385109||||50185.4140625|159.5|16800||||884347|BKP910|X|X||0|7||||132|163|132|163|[]|636148149854220000|13:56:25:422
21|2.1|636147906792606920|884347|50186.0078125|13.4996437906009|102.729356197274||||50186|159.75|16825||||884347|BKP910|X|X||0|7||||132|5|132|5|[]|636148149860080000|13:56:26:008
21|2.1|636147906846272286|884347|50191.3828125|13.498806941389|102.72298326866||||50191.3671875|159.75|16825||||884347|BKP910|X|X||0|7||||132|5|132|5|[]|636148149913830000|13:56:31:383
21|2.1|636147906846432302|884347|50191.375|13.498806941389|102.72298326866||||50191.3671875|159.75|16825||||884347|BKP910|X|X||0|7||||132|163|132|163|[]|636148149913750000|13:56:31:375
21|2.1|636147906887466405|884347|50195.4921875|13.498163211226|102.718048004077||||50195.484375|159.75|16825||||884347|BKP910|X|X||0|7||||132|5|132|5|[]|636148149954920000|13:56:35:492
21|2.1|636147906887616420|884347|50195.4921875|13.498163211226|102.718048004077||||50195.484375|159.75|16825||||884347|BKP910|X|X||0|7||||132|163|132|163|[]|636148149954920000|13:56:35:492
21|2.1|636147906928490507|884347|50199.5859375|13.4975409387351|102.713198570182||||50199.578125|159.75|16825||||884347|BKP910|X|X||0|7||||132|163|132|163|[]|636148149995860000|13:56:39:586
21|2.1|636147906932850943|884347|50200.03125|13.4974336503746|102.712597755363||||50200.0234375|159.75|16825||||884347|BKP910|X|X||0|7||||132|5|132|5|[]|636148150000310000|13:56:40:031
21|2.1|636147906975915249|884347|50204.34375|13.4967899202116|102.707469371732||||50204.328125|159.75|16800||||884347|BKP910|X|X||0|7||||132|5|132|5|[]|636148150043440000|13:56:44:344
21|2.1|636147906976065264|884347|50204.34375|13.4967899202116|102.707469371732||||50204.3359375|159.75|16800||||884347|BKP910|X|X||0|7||||132|163|132|163|[]|636148150043440000|13:56:44:344
21|2.1|636147907020219679|884347|50208.7578125|13.4961032747044|102.702126411379||||50208.75|159.75|16800||||884347|BKP910|X|X||0|7||||132|5|132|5|[]|636148150087580000|13:56:48:758
21|2.1|636147907024740131|884347|50209.2109375|13.496017444016|102.701482681216||||50209.2109375|159.75|16800||||884347|BKP910|X|X||0|7||||132|163|132|163|[]|636148150092110000|13:56:49:211
21|2.1|636147907061403797|884347|50212.8828125|13.4954380868693|102.697105316107||||50212.8671875|159.75|16800||||884347|BKP910|X|X||0|7||||132|5|132|5|[]|636148150128830000|13:56:52:883
21|2.1|636147907067334390|884347|50213.4609375|13.4953307985088|102.696354297584||||50213.453125|159.75|16800||||884347|BKP910|X|X||0|7||||132|163|132|163|[]|636148150134610000|13:56:53:461
21|2.1|636147907106488305|884347|50217.3984375|13.49472998369|102.691526321361||||50217.3984375|159.75|16800||||884347|BKP910|X|X||0|7||||132|5|132|5|[]|636148150173980000|13:56:57:398
21|2.1|636147907117249381|884347|50218.4609375|13.4945583223132|102.690324691724||||50218.453125|159.75|16825||||884347|BKP910|X|X||0|7||||132|163|132|163|[]|636148150184610000|13:56:58:461
21|2.1|636147907150322688|884347|50221.78125|13.4940433381828|102.686312107041||||50221.7734375|159.75|16800||||884347|BKP910|X|X||0|7||||132|5|132|5|[]|636148150217810000|13:57:01:781
21|2.1|636147907166864342|884347|50223.421875|13.4937643884455|102.684338001208||||50223.4140625|159.75|16800||||884347|BKP910|X|X||0|7||||132|163|132|163|[]|636148150234220000|13:57:03:422
21|2.1|636147907190886744|884347|50225.84375|13.4933996080198|102.68129101177||||50225.8359375|159.75|16800||||884347|BKP910|X|X||0|7||||132|5|132|5|[]|636148150258440000|13:57:05:844
21|2.1|636147907216939349|884347|50228.421875|13.4929704545778|102.678136733971||||50228.421875|159.75|16800||||884347|BKP910|X|X||0|7||||132|163|132|163|[]|636148150284220000|13:57:08:422
21|2.1|636147907231920847|884347|50229.9375|13.4927129625126|102.67629137417||||50229.9375|159.75|16800||||884347|BKP910|X|X||0|7||||132|5|132|5|[]|636148150299380000|13:57:09:938
21|2.1|636147907272324887|884347|50233.9609375|13.4921336053659|102.671356109587||||50233.953125|159.75|16800||||884347|BKP910|X|X||0|7||||132|5|132|5|[]|636148150339610000|13:57:13:961
21|2.1|636147907312578912|884347|50238|13.4914898752029|102.666420845004||||50238|159.75|16800||||884347|BKP910|X|X||0|7||||132|5|132|5|[]|636148150380000000|13:57:18:000
21|2.1|636147907353132967|884347|50242.0625|13.4908032296957|102.661464122749||||50242.0546875|159.75|16800||||884347|BKP910|X|X||0|7||||132|5|132|5|[]|636148150420630000|13:57:22:063
21|2.1|636147907402587912|884347|50247.0078125|13.4900522111722|102.655434516889||||50247|159.75|16800||||884347|BKP910|X|X||0|7||||132|5|132|5|[]|636148150470080000|13:57:27:008
21|2.1|636147907445802233|884347|50251.3203125|13.4893441079929|102.650048641192||||50251.3125|159.75|16800||||884347|BKP910|X|X||0|7||||132|5|132|5|[]|636148150513200000|13:57:31:320
21|2.1|636147907471544807|884347|50253.890625|13.4889149545509|102.646829990377||||50253.8828125|159.75|16800||||884347|BKP910|X|X||0|7||||132|163|132|163|[]|636148150538910000|13:57:33:891
21|2.1|636147907491976850|884347|50255.9375|13.4885930894694|102.644362358085||||50255.9375|159.75|16800||||884347|BKP910|X|X||0|7||||132|5|132|5|[]|636148150559380000|13:57:35:938
21|2.1|636147907535661218|884347|50260.3125|13.4879064439622|102.638912109372||||50260.3046875|159.75|16800||||884347|BKP910|X|X||0|7||||132|5|132|5|[]|636148150603130000|13:57:40:313
21|2.1|636147907577315383|884347|50264.46875|13.4871983407829|102.633848098756||||50264.46875|159.75|16800||||884347|BKP910|X|X||0|7||||132|5|132|5|[]|636148150644690000|13:57:44:469
21|2.1|636147907618339485|884347|50268.578125|13.4865975259641|102.628827003485||||50268.5703125|159.75|16800||||884347|BKP910|X|X||0|7||||132|5|132|5|[]|636148150685780000|13:57:48:578
21|2.1|636147907664364087|884347|50273.1796875|13.4858035920964|102.623097805034||||50273.171875|159.75|16825||||884347|BKP910|X|X||0|7||||132|5|132|5|[]|636148150731800000|13:57:53:180
21|2.1|636147907678715522|884347|50274.609375|13.4856319307196|102.621402648938||||50274.609375|159.75|16800||||884347|BKP910|X|X||0|7||||132|163|132|163|[]|636148150746090000|13:57:54:609
21|2.1|636147907706488299|884347|50277.390625|13.4851598619334|102.61794796373||||50277.3828125|159.75|16825||||884347|BKP910|X|X||0|7||||132|5|132|5|[]|636148150773910000|13:57:57:391
21|2.1|636147907727080358|884347|50279.4296875|13.4848379968519|102.615437416095||||50279.421875|159.75|16825||||884347|BKP910|X|X||0|7||||132|163|132|163|[]|636148150794300000|13:57:59:430
21|2.1|636147907747982448|884347|50281.5390625|13.4845161317704|102.612841037771||||50281.5390625|159.75|16825||||884347|BKP910|X|X||0|7||||132|5|132|5|[]|636148150815390000|13:58:01:539
21|2.1|636147907768574507|884347|50283.59375|13.4841728090168|102.610373405479||||50283.578125|159.75|16825||||884347|BKP910|X|X||0|7||||132|163|132|163|[]|636148150835940000|13:58:03:594
21|2.1|636147907788396489|884347|50285.578125|13.4838509439353|102.607862857843||||50285.578125|159.75|16825||||884347|BKP910|X|X||0|7||||132|5|132|5|[]|636148150855780000|13:58:05:578
21|2.1|636147907831760825|884347|50289.921875|13.4831642984281|102.602541355163||||50289.921875|159.75|16825||||884347|BKP910|X|X||0|7||||132|5|132|5|[]|636148150899220000|13:58:09:922
21|2.1|636147907884176066|884347|50295.1640625|13.4823274492162|102.596018222844||||50295.15625|159.75|16825||||884347|BKP910|X|X||0|7||||132|5|132|5|[]|636148150951640000|13:58:15:164
21|2.1|636147907924430091|884347|50299.1875|13.481640803709|102.591040042917||||50299.1796875|159.75|16825||||884347|BKP910|X|X||0|7||||132|5|132|5|[]|636148150991880000|13:58:19:188
21|2.1|636147907967334381|884347|50303.484375|13.4809756158739|102.58576145558||||50303.4765625|159.75|16825||||884347|BKP910|X|X||0|7||||132|5|132|5|[]|636148151034840000|13:58:23:484
21|2.1|636147908009608608|884347|50307.7109375|13.4802675126946|102.580482868244||||50307.703125|159.75|16825||||884347|BKP910|X|X||0|7||||132|5|132|5|[]|636148151077110000|13:58:27:711
21|2.1|636147908050482695|884347|50311.7890625|13.4796237825316|102.575504688317||||50311.7890625|159.75|16825||||884347|BKP910|X|X||0|7||||132|5|132|5|[]|636148151117890000|13:58:31:789
21|2.1|636147908072164863|884347|50313.953125|13.4793019174501|102.572801021632||||50313.9375|159.75|16825||||884347|BKP910|X|X||0|7||||132|163|132|163|[]|636148151139530000|13:58:33:953
21|2.1|636147908098537500|884347|50316.6015625|13.478851306336|102.569539455473||||50316.59375|159.75|16825||||884347|BKP910|X|X||0|7||||132|5|132|5|[]|636148151166020000|13:58:36:602
21|2.1|636147908160613707|884347|50322.796875|13.4778427957473|102.561857608861||||50322.796875|159.75|16825||||884347|BKP910|X|X||0|7||||132|5|132|5|[]|636148151227970000|13:58:42:797
21|2.1|636147908201807826|884347|50326.921875|13.4771990655843|102.556643394541||||50326.9140625|159.75|16825||||884347|BKP910|X|X||0|7||||132|5|132|5|[]|636148151269220000|13:58:46:922
21|2.1|636147908243922037|884347|50331.1328125|13.4765124200771|102.551364807204||||50331.125|159.75|16825||||884347|BKP910|X|X||0|7||||132|5|132|5|[]|636148151311330000|13:58:51:133
21|2.1|636147908339711615|884347|50340.71875|13.4749674676859|102.539455799189||||50340.7109375|159.75|16825||||884347|BKP910|X|X||0|7||||132|5|132|5|[]|636148151407190000|13:59:00:719
21|2.1|636147908381045748|884347|50344.8515625|13.4742593645066|102.534284500212||||50344.84375|159.75|16825||||884347|BKP910|X|X||0|7||||132|5|132|5|[]|636148151448520000|13:59:04:852
21|2.1|636147908499927635|884347|50356.734375|13.4723496316897|102.519478706463||||50356.7265625|159.75|16825||||884347|BKP910|X|X||0|7||||132|5|132|5|[]|636148151567340000|13:59:16:734
21|2.1|636147908531440786|884347|50359.875|13.4718561052314|102.515551952469||||50359.8671875|159.75|16825||||884347|BKP910|X|X||0|7||||132|163|132|163|[]|636148151598750000|13:59:19:875
21|2.1|636147908546422284|884347|50361.390625|13.4715771554941|102.513663677324||||50361.3828125|159.75|16825||||884347|BKP910|X|X||0|7||||132|5|132|5|[]|636148151613910000|13:59:21:391
21|2.1|636147908594937135|884347|50366.234375|13.4708261369706|102.507741359825||||50366.2265625|159.75|16825||||884347|BKP910|X|X||0|7||||132|5|132|5|[]|636148151662340000|13:59:26:234
21|2.1|636147908610848726|884347|50367.8125|13.4705686449054|102.505659965631||||50367.8125|159.75|16825||||884347|BKP910|X|X||0|7||||132|163|132|163|[]|636148151678130000|13:59:27:813
21|2.1|636147908635811222|884347|50370.328125|13.4701180337913|102.502441314816||||50370.328125|159.75|16825||||884347|BKP910|X|X||0|7||||132|5|132|5|[]|636148151703280000|13:59:30:328
21|2.1|636147908671684809|884347|50373.90625|13.4695601343167|102.497935203675||||50373.8984375|159.75|16825||||884347|BKP910|X|X||0|7||||132|163|132|163|[]|636148151739060000|13:59:33:906
21|2.1|636147908680585699|884347|50374.8046875|13.4694313882841|102.496948150758||||50374.7890625|159.75|16825||||884347|BKP910|X|X||0|7||||132|5|132|5|[]|636148151748050000|13:59:34:805
21|2.1|636147908723329973|884347|50379.0703125|13.4686803697606|102.491454986701||||50379.0625|159.75|16825||||884347|BKP910|X|X||0|7||||132|5|132|5|[]|636148151790700000|13:59:39:070
21|2.1|636147908764664106|884347|50383.2109375|13.4680580972697|102.486283687725||||50383.203125|159.75|16825||||884347|BKP910|X|X||0|7||||132|5|132|5|[]|636148151832110000|13:59:43:211
21|2.1|636147908807568396|884347|50387.5|13.4673714517625|102.480983642716||||50387.4921875|159.75|16825||||884347|BKP910|X|X||0|7||||132|5|132|5|[]|636148151875000000|13:59:47:500
21|2.1|636147908849382577|884347|50391.6796875|13.4666418909111|102.475705055379||||50391.6796875|159.75|16825||||884347|BKP910|X|X||0|7||||132|5|132|5|[]|636148151916800000|13:59:51:680
21|2.1|636147908891966835|884347|50395.9375|13.4659337877318|102.470340637354||||50395.9375|159.75|16825||||884347|BKP910|X|X||0|7||||132|5|132|5|[]|636148151959380000|13:59:55:938
21|2.1|636147908937211359|884347|50400.4609375|13.4651827692083|102.464654354248||||50400.453125|159.75|16825||||884347|BKP910|X|X||0|7||||132|5|132|5|[]|636148152004610000|14:00:00:461
21|2.1|636147908984636101|884347|50405.2109375|13.4644317506848|102.458732036748||||50405.203125|159.75|16825||||884347|BKP910|X|X||0|7||||132|5|132|5|[]|636148152052110000|14:00:05:211
21|2.1|636147909028170454|884347|50409.5625|13.4637021898334|102.453238872691||||50409.5546875|159.75|16825||||884347|BKP910|X|X||0|7||||132|5|132|5|[]|636148152095630000|14:00:09:563
21|2.1|636147909070604697|884347|50413.8046875|13.4630155443262|102.447938827682||||50413.7890625|159.75|16825||||884347|BKP910|X|X||0|7||||132|5|132|5|[]|636148152138050000|14:00:13:805
21|2.1|636147909113659002|884347|50418.1015625|13.462328898819|102.442574409657||||50418.09375|159.75|16825||||884347|BKP910|X|X||0|7||||132|5|132|5|[]|636148152181020000|14:00:18:102
21|2.1|636147909155153151|884347|50422.25|13.4616422533118|102.437338737665||||50422.25|159.75|16825||||884347|BKP910|X|X||0|7||||132|5|132|5|[]|636148152222500000|14:00:22:250
21|2.1|636147909195557191|884347|50426.3046875|13.4609556078046|102.432145981016||||50426.2890625|159.75|16825||||884347|BKP910|X|X||0|7||||132|5|132|5|[]|636148152263050000|14:00:26:305
21|2.1|636147909239241559|884347|50430.6640625|13.4602689622974|102.426760105319||||50430.6484375|159.75|16825||||884347|BKP910|X|X||0|7||||132|5|132|5|[]|636148152306640000|14:00:30:664
21|2.1|636147909280885723|884347|50434.828125|13.4596037744623|102.421438602639||||50434.828125|159.75|16825||||884347|BKP910|X|X||0|7||||132|5|132|5|[]|636148152348280000|14:00:34:828
21|2.1|636147909322229857|884347|50438.9609375|13.458895671283|102.416288761335||||50438.953125|159.75|16825||||884347|BKP910|X|X||0|7||||132|5|132|5|[]|636148152389610000|14:00:38:961
21|2.1|636147909367164350|884347|50443.453125|13.4581661104316|102.410581020556||||50443.4453125|159.75|16825||||884347|BKP910|X|X||0|7||||132|5|132|5|[]|636148152434530000|14:00:43:453
21|2.1|636147909407418375|884347|50447.484375|13.4575223802686|102.405559925285||||50447.4765625|159.75|16825||||884347|BKP910|X|X||0|7||||132|5|132|5|[]|636148152474840000|14:00:47:484
21|2.1|636147909451562789|884347|50451.890625|13.4567928194172|102.399959472866||||50451.8828125|159.75|16825||||884347|BKP910|X|X||0|7||||132|5|132|5|[]|636148152518910000|14:00:51:891
21|2.1|636147909492436876|884347|50455.984375|13.4561490892542|102.394938377595||||50455.96875|159.75|16825||||884347|BKP910|X|X||0|7||||132|5|132|5|[]|636148152559840000|14:00:55:984
21|2.1|636147909534561088|884347|50460.1875|13.4554195284028|102.389595417242||||50460.1796875|159.75|16825||||884347|BKP910|X|X||0|7||||132|5|132|5|[]|636148152601880000|14:01:00:188
21|2.1|636147909578555487|884347|50464.6015625|13.4547328828956|102.38405933784||||50464.59375|159.75|16825||||884347|BKP910|X|X||0|7||||132|5|132|5|[]|636148152646020000|14:01:04:602
21|2.1|636147909619419573|884347|50468.6875|13.4540462373884|102.378888038864||||50468.6796875|159.75|16825||||884347|BKP910|X|X||0|7||||132|5|132|5|[]|636148152686880000|14:01:08:688
21|2.1|636147909661863817|884347|50472.921875|13.453316676537|102.373587993856||||50472.9140625|159.75|16825||||884347|BKP910|X|X||0|7||||132|5|132|5|[]|636148152729220000|14:01:12:922
21|2.1|636147909710058636|884347|50477.75|13.4525227426693|102.367536930323||||50477.7421875|159.75|16825||||884347|BKP910|X|X||0|7||||132|5|132|5|[]|636148152777500000|14:01:17:750
21|2.1|636147909750782708|884347|50481.8203125|13.4518790125063|102.362515835052||||50481.8203125|159.75|16825||||884347|BKP910|X|X||0|7||||132|5|132|5|[]|636148152818200000|14:01:21:820
21|2.1|636147909795867216|884347|50486.328125|13.4511279939828|102.356722263585||||50486.3125|159.75|16825||||884347|BKP910|X|X||0|7||||132|5|132|5|[]|636148152863280000|14:01:26:328
21|2.1|636147909836891318|884347|50490.4296875|13.4504413484756|102.351572422281||||50490.4296875|159.75|16825||||884347|BKP910|X|X||0|7||||132|5|132|5|[]|636148152904300000|14:01:30:430
21|2.1|636147909881045733|884347|50494.84375|13.4497332452963|102.346079258223||||50494.8359375|159.75|16825||||884347|BKP910|X|X||0|7||||132|5|132|5|[]|636148152948440000|14:01:34:844
21|2.1|636147909922549883|884347|50499|13.449025142117|102.340865043903||||50498.9921875|159.75|16825||||884347|BKP910|X|X||0|7||||132|5|132|5|[]|636148152990000000|14:01:39:000
21|2.1|636147909966694297|884347|50503.3984375|13.4483599542819|102.33541479519||||50503.390625|159.75|16825||||884347|BKP910|X|X||0|7||||132|5|132|5|[]|636148153033980000|14:01:43:398
21|2.1|636147910018649492|884347|50508.6015625|13.4475016473979|102.328934578215||||50508.59375|159.75|16825||||884347|BKP910|X|X||0|7||||132|5|132|5|[]|636148153086020000|14:01:48:602
21|2.1|636147910060143641|884347|50512.75|13.4467935442186|102.323720363895||||50512.7421875|159.75|16825||||884347|BKP910|X|X||0|7||||132|5|132|5|[]|636148153127500000|14:01:52:750
21|2.1|636147910102257852|884347|50516.9609375|13.4461498140556|102.318506149575||||50516.953125|159.75|16825||||884347|BKP910|X|X||0|7||||132|5|132|5|[]|636148153169610000|14:01:56:961
21|2.1|636147910145472173|884347|50521.2890625|13.4454417108763|102.313077358534||||50521.28125|159.75|16825||||884347|BKP910|X|X||0|7||||132|5|132|5|[]|636148153212890000|14:02:01:289
21|2.1|636147910187436369|884347|50525.484375|13.4447550653691|102.307820228869||||50525.4765625|159.75|16825||||884347|BKP910|X|X||0|7||||132|5|132|5|[]|636148153254840000|14:02:05:484
21|2.1|636147910232990924|884347|50530.0390625|13.4440255045177|102.302176861107||||50530.0390625|159.75|16825||||884347|BKP910|X|X||0|7||||132|5|132|5|[]|636148153300390000|14:02:10:039
21|2.1|636147910275585183|884347|50534.3046875|13.4432530283221|102.29679098541||||50534.296875|159.75|16825||||884347|BKP910|X|X||0|7||||132|5|132|5|[]|636148153343050000|14:02:14:305
21|2.1|636147910319569581|884347|50538.6953125|13.442587840487|102.29138365204||||50538.6875|159.75|16825||||884347|BKP910|X|X||0|7||||132|5|132|5|[]|636148153386950000|14:02:18:695
21|2.1|636147910361553779|884347|50542.8984375|13.4418582796356|102.286126522376||||50542.8984375|159.75|16825||||884347|BKP910|X|X||0|7||||132|5|132|5|[]|636148153428980000|14:02:22:898
21|2.1|636147910404438067|884347|50547.1953125|13.4411716341284|102.280676273663||||50547.1875|159.75|16825||||884347|BKP910|X|X||0|7||||132|5|132|5|[]|636148153471950000|14:02:27:195
21|2.1|636147910445782201|884347|50551.3125|13.4404849886212|102.275526432359||||50551.296875|159.75|16825||||884347|BKP910|X|X||0|7||||132|5|132|5|[]|636148153513130000|14:02:31:313
21|2.1|636147910486346257|884347|50555.375|13.4398412584582|102.270505337087||||50555.3671875|159.75|16825||||884347|BKP910|X|X||0|7||||132|5|132|5|[]|636148153553750000|14:02:35:375
21|2.1|636147910535491171|884347|50560.28125|13.4390258669184|102.264346985194||||50560.2734375|159.75|16825||||884347|BKP910|X|X||0|7||||132|5|132|5|[]|636148153602810000|14:02:40:281
21|2.1|636147910577605382|884347|50564.5|13.4383392214112|102.259046940186||||50564.4921875|159.75|16825||||884347|BKP910|X|X||0|7||||132|5|132|5|[]|636148153645000000|14:02:44:500
21|2.1|636147910618949516|884347|50568.6328125|13.437652575904|102.25387564121||||50568.6171875|159.75|16825||||884347|BKP910|X|X||0|7||||132|5|132|5|[]|636148153686330000|14:02:48:633
21|2.1|636147910663874008|884347|50573.1328125|13.4369230150526|102.248189358103||||50573.125|159.75|16825||||884347|BKP910|X|X||0|7||||132|5|132|5|[]|636148153731330000|14:02:53:133
21|2.1|636147910708958516|884347|50577.6328125|13.4361934542012|102.242674736373||||50577.625|159.75|16825||||884347|BKP910|X|X||0|7||||132|5|132|5|[]|636148153776330000|14:02:57:633
21|2.1|636147910758893509|884347|50582.6328125|13.4353566049893|102.236344723104||||50582.6171875|159.75|16825||||884347|BKP910|X|X||0|7||||132|5|132|5|[]|636148153826330000|14:03:02:633
21|2.1|636147910799917611|884347|50586.734375|13.43464850181|102.2311948818||||50586.71875|159.75|16825||||884347|BKP910|X|X||0|7||||132|5|132|5|[]|636148153867340000|14:03:06:734
21|2.1|636147910840011620|884347|50590.7421875|13.4340262293191|102.22649565161||||50590.734375|159.75|16825||||884347|BKP910|X|X||0|7||||132|5|132|5|[]|636148153907420000|14:03:10:742
21|2.1|636147910884936112|884347|50595.234375|13.4332537531235|102.220594791783||||50595.2265625|159.75|16825||||884347|BKP910|X|X||0|7||||132|5|132|5|[]|636148153952340000|14:03:15:234
21|2.1|636147910932360854|884347|50599.984375|13.4324812769279|102.214715389627||||50599.9765625|159.75|16825||||884347|BKP910|X|X||0|7||||132|5|132|5|[]|636148153999840000|14:03:19:984
21|2.1|636147910973084926|884347|50604.0390625|13.4318375467649|102.209608463667||||50604.0390625|159.75|16825||||884347|BKP910|X|X||0|7||||132|5|132|5|[]|636148154040390000|14:03:24:039
21|2.1|636147911021449762|884347|50608.8828125|13.4310221552251|102.203535942463||||50608.875|159.75|16825||||884347|BKP910|X|X||0|7||||132|5|132|5|[]|636148154088830000|14:03:28:883
21|2.1|636147911062163833|884347|50612.9609375|13.43035696739|102.19849338952||||50612.953125|159.75|16825||||884347|BKP910|X|X||0|7||||132|5|132|5|[]|636148154129610000|14:03:32:961
21|2.1|636147911102717888|884347|50617.015625|13.429713237227|102.193472294248||||50617|159.75|16825||||884347|BKP910|X|X||0|7||||132|5|132|5|[]|636148154170160000|14:03:37:016
21|2.1|636147911143451961|884347|50621.09375|13.4290265917198|102.188365368288||||50621.0859375|159.75|16825||||884347|BKP910|X|X||0|7||||132|5|132|5|[]|636148154210940000|14:03:41:094
21|2.1|636147911188056421|884347|50625.5546875|13.4282755731963|102.182722000526||||50625.546875|159.75|16825||||884347|BKP910|X|X||0|7||||132|5|132|5|[]|636148154255550000|14:03:45:555
21|2.1|636147911232520867|884347|50629.9921875|13.4275889276891|102.177207378796||||50629.984375|159.75|16825||||884347|BKP910|X|X||0|7||||132|5|132|5|[]|636148154299920000|14:03:49:992
21|2.1|636147911273554970|884347|50634.09375|13.4269022821819|102.172186283525||||50634.078125|159.75|16825||||884347|BKP910|X|X||0|7||||132|5|132|5|[]|636148154340940000|14:03:54:094
21|2.1|636147911315509165|884347|50638.2890625|13.4261727213305|102.166886238516||||50638.28125|159.75|16825||||884347|BKP910|X|X||0|7||||132|5|132|5|[]|636148154382890000|14:03:58:289
21|2.1|636147911357483362|884347|50642.4921875|13.4255289911675|102.161629108852||||50642.484375|159.75|16825||||884347|BKP910|X|X||0|7||||132|5|132|5|[]|636148154424920000|14:04:02:492
21|2.1|636147911399597573|884347|50646.703125|13.4248423456603|102.156414894531||||50646.6953125|159.75|16825||||884347|BKP910|X|X||0|7||||132|5|132|5|[]|636148154467030000|14:04:06:703
21|2.1|636147911442501863|884347|50650.9921875|13.424134242481|102.151071934179||||50650.984375|159.75|16825||||884347|BKP910|X|X||0|7||||132|5|132|5|[]|636148154509920000|14:04:10:992
21|2.1|636147911483065919|884347|50655.0546875|13.4234261393017|102.145900635202||||50655.046875|159.75|16825||||884347|BKP910|X|X||0|7||||132|5|132|5|[]|636148154550550000|14:04:15:055
21|2.1|636147911524870099|884347|50659.21875|13.4227824091387|102.140750793898||||50659.21875|159.75|16825||||884347|BKP910|X|X||0|7||||132|5|132|5|[]|636148154592190000|14:04:19:219
21|2.1|636147911567624374|884347|50663.4921875|13.4220528482873|102.135493664234||||50663.484375|159.75|16825||||884347|BKP910|X|X||0|7||||132|5|132|5|[]|636148154634920000|14:04:23:492
21|2.1|636147911616599271|884347|50668.40625|13.4212374567475|102.129378227685||||50668.3984375|159.75|16825||||884347|BKP910|X|X||0|7||||132|5|132|5|[]|636148154684060000|14:04:28:406
21|2.1|636147911657163327|884347|50672.453125|13.4205937265845|102.124335674742||||50672.4453125|159.75|16825||||884347|BKP910|X|X||0|7||||132|5|132|5|[]|636148154724530000|14:04:32:453
21|2.1|636147911700687679|884347|50676.8046875|13.4198856234052|102.118971256717||||50676.796875|159.75|16825||||884347|BKP910|X|X||0|7||||132|5|132|5|[]|636148154768050000|14:04:36:805
21|2.1|636147911787586368|884347|50685.4921875|13.4184479593745|102.108135132306||||50685.484375|159.75|16825||||884347|BKP910|X|X||0|7||||132|5|132|5|[]|636148154854920000|14:04:45:492
21|2.1|636147911847172326|884347|50691.453125|13.4174609064579|102.100732235432||||50691.4453125|159.75|16825||||884347|BKP910|X|X||0|7||||132|5|132|5|[]|636148154914530000|14:04:51:453
21|2.1|636147911888366445|884347|50695.5859375|13.4168171762949|102.0956038518||||50695.578125|159.75|16825||||884347|BKP910|X|X||0|7||||132|5|132|5|[]|636148154955860000|14:04:55:586
21|2.1|636147911929080516|884347|50699.640625|13.4161305307877|102.090604214201||||50699.6328125|159.75|16825||||884347|BKP910|X|X||0|7||||132|5|132|5|[]|636148154996410000|14:04:59:641
21|2.1|636147911971984806|884347|50703.9296875|13.4154438852805|102.085196880832||||50703.921875|159.75|16825||||884347|BKP910|X|X||0|7||||132|5|132|5|[]|636148155039300000|14:05:03:930
21|2.1|636147912014419049|884347|50708.1796875|13.4147357821012|102.079896835823||||50708.1796875|159.75|16825||||884347|BKP910|X|X||0|7||||132|5|132|5|[]|636148155081800000|14:05:08:180
21|2.1|636147912055603167|884347|50712.3046875|13.4140276789219|102.074746994519||||50712.2890625|159.75|16825||||884347|BKP910|X|X||0|7||||132|5|132|5|[]|636148155123050000|14:05:12:305
21|2.1|636147912096477254|884347|50716.3828125|13.4133839487589|102.069725899247||||50716.375|159.75|16825||||884347|BKP910|X|X||0|7||||132|5|132|5|[]|636148155163830000|14:05:16:383
21|2.1|636147912139691575|884347|50720.7109375|13.4126543879075|102.064361481222||||50720.703125|159.75|16825||||884347|BKP910|X|X||0|7||||132|5|132|5|[]|636148155207110000|14:05:20:711
21|2.1|636147912181655771|884347|50724.90625|13.4119892000724|102.05912580923||||50724.8984375|159.75|16825||||884347|BKP910|X|X||0|7||||132|5|132|5|[]|636148155249060000|14:05:24:906
21|2.1|636147912223309936|884347|50729.0703125|13.4112810968931|102.053847221893||||50729.0703125|159.75|16825||||884347|BKP910|X|X||0|7||||132|5|132|5|[]|636148155290700000|14:05:29:070
21|2.1|636147912264024007|884347|50733.1328125|13.4106373667301|102.048869041966||||50733.1328125|159.75|16825||||884347|BKP910|X|X||0|7||||132|5|132|5|[]|636148155331330000|14:05:33:133
21|2.1|636147912308178422|884347|50737.5625|13.4098863482066|102.043332962564||||50737.5546875|159.75|16825||||884347|BKP910|X|X||0|7||||132|5|132|5|[]|636148155375630000|14:05:37:563
21|2.1|636147912363553959|884347|50743.0859375|13.4090065836505|102.036423592148||||50743.0703125|159.75|16825||||884347|BKP910|X|X||0|7||||132|5|132|5|[]|636148155430860000|14:05:43:086
21|2.1|636147912404898093|884347|50747.2265625|13.4083199381433|102.031209377828||||50747.21875|159.75|16825||||884347|BKP910|X|X||0|7||||132|5|132|5|[]|636148155472270000|14:05:47:227
21|2.1|636147912449202523|884347|50751.6640625|13.407611834964|102.025737671442||||50751.65625|159.75|16825||||884347|BKP910|X|X||0|7||||132|5|132|5|[]|636148155516640000|14:05:51:664
21|2.1|636147912489926595|884347|50755.734375|13.4068822741126|102.020652203155||||50755.7265625|159.75|16825||||884347|BKP910|X|X||0|7||||132|5|132|5|[]|636148155557340000|14:05:55:734
21|2.1|636147912533920994|884347|50760.125|13.4062170862775|102.015244869786||||50760.1171875|159.75|16825||||884347|BKP910|X|X||0|7||||132|5|132|5|[]|636148155601250000|14:06:00:125
21|2.1|636147912578995501|884347|50764.640625|13.4054231524098|102.009515671335||||50764.6328125|159.75|16825||||884347|BKP910|X|X||0|7||||132|5|132|5|[]|636148155646410000|14:06:04:641
21|2.1|636147912622839885|884347|50769.0234375|13.4047150492305|102.00415125331||||50769.0234375|159.75|16825||||884347|BKP910|X|X||0|7||||132|5|132|5|[]|636148155690230000|14:06:09:023
21|2.1|636147912668854486|884347|50773.625|13.403964030707|101.998314766499||||50773.6171875|159.75|16825||||884347|BKP910|X|X||0|7||||132|5|132|5|[]|636148155736250000|14:06:13:625
21|2.1|636147912712228823|884347|50777.953125|13.4032344698556|101.992907433129||||50777.9453125|159.75|16825||||884347|BKP910|X|X||0|7||||132|5|132|5|[]|636148155779530000|14:06:17:953
21|2.1|636147912759493549|884347|50782.6953125|13.4024405359879|101.98698511563||||50782.6796875|159.75|16825||||884347|BKP910|X|X||0|7||||132|5|132|5|[]|636148155826950000|14:06:22:695
21|2.1|636147912800217621|884347|50786.75|13.4017753481528|101.981899647342||||50786.75|159.75|16825||||884347|BKP910|X|X||0|7||||132|5|132|5|[]|636148155867500000|14:06:26:750
21|2.1|636147912844672066|884347|50791.203125|13.4010243296293|101.976277737252||||50791.203125|159.75|16825||||884347|BKP910|X|X||0|7||||132|5|132|5|[]|636148155912030000|14:06:31:203
21|2.1|636147912887416340|884347|50795.484375|13.4003376841221|101.970934776899||||50795.46875|159.75|16825||||884347|BKP910|X|X||0|7||||132|5|132|5|[]|636148155954840000|14:06:35:484
21|2.1|636147912929700568|884347|50799.7109375|13.3996081232707|101.96563473189||||50799.703125|159.75|16825||||884347|BKP910|X|X||0|7||||132|5|132|5|[]|636148155997110000|14:06:39:711
21|2.1|636147912977905388|884347|50804.5234375|13.3988571047472|101.959669499047||||50804.515625|159.75|16825||||884347|BKP910|X|X||0|7||||132|5|132|5|[]|636148156045230000|14:06:44:523
21|2.1|636147913028290426|884347|50809.5625|13.3980202555353|101.953318028105||||50809.5546875|159.75|16825||||884347|BKP910|X|X||0|7||||132|5|132|5|[]|636148156095630000|14:06:49:563
21|2.1|636147913068864483|884347|50813.625|13.397312152356|101.948254017489||||50813.6171875|159.75|16825||||884347|BKP910|X|X||0|7||||132|5|132|5|[]|636148156136250000|14:06:53:625
21|2.1|636147913112998896|884347|50818.03125|13.3965825915046|101.942610649727||||50818.0234375|159.75|16825||||884347|BKP910|X|X||0|7||||132|5|132|5|[]|636148156180310000|14:06:58:031
21|2.1|636147913154503046|884347|50822.1875|13.3959174036695|101.937460808423||||50822.1796875|159.75|16825||||884347|BKP910|X|X||0|7||||132|5|132|5|[]|636148156221880000|14:07:02:188
21|2.1|636147913195997195|884347|50826.3359375|13.3952307581623|101.932353882463||||50826.328125|159.75|16825||||884347|BKP910|X|X||0|7||||132|5|132|5|[]|636148156263360000|14:07:06:336
21|2.1|636147913237501345|884347|50830.484375|13.394522654983|101.927096752799||||50830.4765625|159.75|16825||||884347|BKP910|X|X||0|7||||132|5|132|5|[]|636148156304840000|14:07:10:484
21|2.1|636147913282115806|884347|50834.9453125|13.3937716364595|101.921517758053||||50834.9375|159.75|16825||||884347|BKP910|X|X||0|7||||132|5|132|5|[]|636148156349450000|14:07:14:945
21|2.1|636147913325640158|884347|50839.3046875|13.3931064486244|101.916325001405||||50839.296875|159.75|16825||||884347|BKP910|X|X||0|7||||132|5|132|5|[]|636148156393050000|14:07:19:305
21|2.1|636147913366824276|884347|50843.421875|13.392376887773|101.910939125707||||50843.4140625|159.75|16825||||884347|BKP910|X|X||0|7||||132|5|132|5|[]|636148156434220000|14:07:23:422
21|2.1|636147913408798473|884347|50847.609375|13.3916902422658|101.905617623027||||50847.609375|159.75|16825||||884347|BKP910|X|X||0|7||||132|5|132|5|[]|636148156476090000|14:07:27:609
21|2.1|636147913448892482|884347|50851.6328125|13.3910250544307|101.900596527755||||50851.625|159.75|16825||||884347|BKP910|X|X||0|7||||132|5|132|5|[]|636148156516330000|14:07:31:633
21|2.1|636147913494127005|884347|50856.140625|13.3902954935793|101.894910244649||||50856.1328125|159.75|16825||||884347|BKP910|X|X||0|7||||132|5|132|5|[]|636148156561410000|14:07:36:141
21|2.1|636147913536871279|884347|50860.421875|13.3895444750558|101.889567284296||||50860.4140625|159.75|16825||||884347|BKP910|X|X||0|7||||132|5|132|5|[]|636148156604220000|14:07:40:422
21|2.1|636147913580395631|884347|50864.78125|13.3888363718765|101.884181408599||||50864.7734375|159.75|16825||||884347|BKP910|X|X||0|7||||132|5|132|5|[]|636148156647810000|14:07:44:781
21|2.1|636147913625480139|884347|50869.2734375|13.3881282686972|101.878731159885||||50869.265625|159.75|16825||||884347|BKP910|X|X||0|7||||132|5|132|5|[]|636148156692730000|14:07:49:273
21|2.1|636147913669634554|884347|50873.703125|13.3873557925016|101.873044876779||||50873.6953125|159.75|16825||||884347|BKP910|X|X||0|7||||132|5|132|5|[]|636148156737030000|14:07:53:703
21|2.1|636147913710658656|884347|50877.8046875|13.3866476893223|101.867895035475||||50877.7890625|159.75|16825||||884347|BKP910|X|X||0|7||||132|5|132|5|[]|636148156778050000|14:07:57:805
21|2.1|636147913754813071|884347|50882.2265625|13.3859181284709|101.862294583057||||50882.21875|159.75|16825||||884347|BKP910|X|X||0|7||||132|5|132|5|[]|636148156822270000|14:08:02:227
21|2.1|636147913796927282|884347|50886.421875|13.3852529406358|101.857080368736||||50886.421875|159.75|16825||||884347|BKP910|X|X||0|7||||132|5|132|5|[]|636148156864220000|14:08:06:422
21|2.1|636147913840611650|884347|50890.8046875|13.3845233797844|101.851587204679||||50890.796875|159.75|16825||||884347|BKP910|X|X||0|7||||132|5|132|5|[]|636148156908050000|14:08:10:805
21|2.1|636147913888036392|884347|50895.53125|13.3837294459167|101.845621971835||||50895.53125|159.75|16825||||884347|BKP910|X|X||0|7||||132|5|132|5|[]|636148156955310000|14:08:15:531
21|2.1|636147913929540542|884347|50899.6953125|13.3830642580816|101.84066524958||||50899.6953125|159.75|16825||||884347|BKP910|X|X||0|7||||132|5|132|5|[]|636148156996950000|14:08:19:695
21|2.1|636147913977125300|884347|50904.4453125|13.3822274088697|101.834442524671||||50904.4375|159.75|16825||||884347|BKP910|X|X||0|7||||132|5|132|5|[]|636148157044450000|14:08:24:445
21|2.1|636147914020489636|884347|50908.78125|13.3814978480183|101.829056648974||||50908.7734375|159.75|16825||||884347|BKP910|X|X||0|7||||132|5|132|5|[]|636148157087810000|14:08:28:781
21|2.1|636147914062613848|884347|50912.9921875|13.380789744839|101.823692230949||||50912.9921875|159.75|16825||||884347|BKP910|X|X||0|7||||132|5|132|5|[]|636148157129920000|14:08:32:992
21|2.1|636147914103167903|884347|50917.0546875|13.380146014676|101.818628220333||||50917.0546875|159.75|16825||||884347|BKP910|X|X||0|7||||132|5|132|5|[]|636148157170550000|14:08:37:055
21|2.1|636147914145602146|884347|50921.296875|13.3794164538246|101.813564209718||||50921.28125|159.75|16825||||884347|BKP910|X|X||0|7||||132|5|132|5|[]|636148157212970000|14:08:41:297
21|2.1|636147914189126498|884347|50925.640625|13.3786868929732|101.807835011267||||50925.640625|159.75|16825||||884347|BKP910|X|X||0|7||||132|5|132|5|[]|636148157256410000|14:08:45:641
21|2.1|636147914231410726|884347|50929.875|13.378000247466|101.802685169963||||50929.8671875|159.75|16825||||884347|BKP910|X|X||0|7||||132|5|132|5|[]|636148157298750000|14:08:49:875
21|2.1|636147914274935078|884347|50934.2265625|13.3772492289425|101.797041802201||||50934.2109375|159.75|16825||||884347|BKP910|X|X||0|7||||132|5|132|5|[]|636148157342270000|14:08:54:227
21|2.1|636147914331090693|884347|50939.84375|13.3763050913701|101.79008951644||||50939.8359375|159.75|16825||||884347|BKP910|X|X||0|7||||132|5|132|5|[]|636148157398440000|14:08:59:844
21|2.1|636147914376025186|884347|50944.34375|13.3755755305187|101.784381775662||||50944.3359375|159.75|16825||||884347|BKP910|X|X||0|7||||132|5|132|5|[]|636148157443440000|14:09:04:344
21|2.1|636147914420019585|884347|50948.734375|13.3748245119952|101.778888611604||||50948.7265625|159.75|16825||||884347|BKP910|X|X||0|7||||132|5|132|5|[]|636148157487340000|14:09:08:734
21|2.1|636147914467134296|884347|50953.4453125|13.3740305781275|101.773030667121||||50953.4375|159.75|16825||||884347|BKP910|X|X||0|7||||132|5|132|5|[]|636148157534450000|14:09:13:445
21|2.1|636147914507998382|884347|50957.53125|13.3733439326203|101.767859368145||||50957.5234375|159.75|16825||||884347|BKP910|X|X||0|7||||132|5|132|5|[]|636148157575310000|14:09:17:531
21|2.1|636147914555593141|884347|50962.296875|13.3725499987526|101.761872677629||||50962.2890625|159.75|16825||||884347|BKP910|X|X||0|7||||132|5|132|5|[]|636148157622970000|14:09:22:297
21|2.1|636147914603167898|884347|50967.046875|13.3717560648849|101.755907444785||||50967.0390625|159.75|16825||||884347|BKP910|X|X||0|7||||132|5|132|5|[]|636148157670470000|14:09:27:047
21|2.1|636147914644041985|884347|50971.140625|13.3710908770498|101.750779061153||||50971.140625|159.75|16825||||884347|BKP910|X|X||0|7||||132|5|132|5|[]|636148157711410000|14:09:31:141
21|2.1|636147914684766057|884347|50975.2109375|13.3703613161984|101.745564846833||||50975.203125|159.75|16825||||884347|BKP910|X|X||0|7||||132|5|132|5|[]|636148157752110000|14:09:35:211
21|2.1|636147914727820362|884347|50979.515625|13.3696746706912|101.740264801824||||50979.5078125|159.75|16825||||884347|BKP910|X|X||0|7||||132|5|132|5|[]|636148157795160000|14:09:39:516
21|2.1|636147914771494729|884347|50983.8828125|13.3689451098398|101.734728722422||||50983.8828125|159.75|16825||||884347|BKP910|X|X||0|7||||132|5|132|5|[]|636148157838830000|14:09:43:883
21|2.1|636147914812688848|884347|50988.0078125|13.3682584643326|101.729514508102||||50988|159.75|16825||||884347|BKP910|X|X||0|7||||132|5|132|5|[]|636148157880080000|14:09:48:008
21|2.1|636147914852932872|884347|50992.03125|13.3675718188254|101.724407582142||||50992.03125|159.75|16825||||884347|BKP910|X|X||0|7||||132|5|132|5|[]|636148157920310000|14:09:52:031
21|2.1|636147914901607739|884347|50996.890625|13.3667349696135|101.718313603266||||50996.8828125|159.75|16825||||884347|BKP910|X|X||0|7||||132|5|132|5|[]|636148157968910000|14:09:56:891
21|2.1|636147914942161794|884347|51000.9453125|13.3660268664342|101.713163761962||||51000.9375|159.75|16825||||884347|BKP910|X|X||0|7||||132|5|132|5|[]|636148158009450000|14:10:00:945
21|2.1|636147914982415819|884347|51004.9765625|13.3653831362712|101.708099751346||||51004.9609375|159.75|16825||||884347|BKP910|X|X||0|7||||132|5|132|5|[]|636148158049770000|14:10:04:977
21|2.1|636147915022359813|884347|51008.9765625|13.3647179484361|101.703035740731||||51008.9609375|159.75|16825||||884347|BKP910|X|X||0|7||||132|5|132|5|[]|636148158089770000|14:10:08:977
21|2.1|636147915062603837|884347|51012.9921875|13.3640313029289|101.698036103131||||51012.984375|159.75|16825||||884347|BKP910|X|X||0|7||||132|5|132|5|[]|636148158129920000|14:10:12:992
21|2.1|636147915102537830|884347|51016.9921875|13.3633231997496|101.692972092516||||51016.984375|159.75|16825||||884347|BKP910|X|X||0|7||||132|5|132|5|[]|636148158169920000|14:10:16:992
21|2.1|636147915147472323|884347|51021.4765625|13.3625721812261|101.687264351737||||51021.4609375|159.75|16825||||884347|BKP910|X|X||0|7||||132|5|132|5|[]|636148158214770000|14:10:21:477
21|2.1|636147915189276503|884347|51025.6640625|13.3618855357189|101.6819857644||||51025.65625|159.75|16825||||884347|BKP910|X|X||0|7||||132|5|132|5|[]|636148158256640000|14:10:25:664
21|2.1|636147915230930668|884347|51029.8203125|13.3611988902117|101.676814465424||||51029.8203125|159.75|16825||||884347|BKP910|X|X||0|7||||132|5|132|5|[]|636148158298200000|14:10:29:820
21|2.1|636147915272754850|884347|51034.0078125|13.3604693293603|101.671450047399||||51034|159.75|16825||||884347|BKP910|X|X||0|7||||132|5|132|5|[]|636148158340080000|14:10:34:008
21|2.1|636147915315799154|884347|51038.3125|13.3597397685089|101.66593542567||||51038.3046875|159.75|16825||||884347|BKP910|X|X||0|7||||132|5|132|5|[]|636148158383130000|14:10:38:313
21|2.1|636147915356513225|884347|51042.3828125|13.3590531230017|101.660871415054||||51042.3828125|159.75|16825||||884347|BKP910|X|X||0|7||||132|5|132|5|[]|636148158423830000|14:10:42:383
21|2.1|636147915398637437|884347|51046.59375|13.3583235621503|101.655592827717||||51046.59375|159.75|16825||||884347|BKP910|X|X||0|7||||132|5|132|5|[]|636148158465940000|14:10:46:594
21|2.1|636147915441071680|884347|51050.84375|13.357615458971|101.650185494348||||51050.8359375|159.75|16825||||884347|BKP910|X|X||0|7||||132|5|132|5|[]|636148158508440000|14:10:50:844
21|2.1|636147915484756048|884347|51055.203125|13.3569073557917|101.644692330291||||51055.1953125|159.75|16825||||884347|BKP910|X|X||0|7||||132|5|132|5|[]|636148158552030000|14:10:55:203
21|2.1|636147915527030275|884347|51059.4375|13.3561777949403|101.639392285282||||51059.421875|159.75|16825||||884347|BKP910|X|X||0|7||||132|5|132|5|[]|636148158594380000|14:10:59:438
21|2.1|636147915570094581|884347|51063.7421875|13.3554482340889|101.633963494241||||51063.734375|159.75|16825||||884347|BKP910|X|X||0|7||||132|5|132|5|[]|636148158637420000|14:11:03:742
21|2.1|636147915611118683|884347|51067.84375|13.3547615885817|101.628792195265||||51067.8359375|159.75|16825||||884347|BKP910|X|X||0|7||||132|5|132|5|[]|636148158678440000|14:11:07:844
