21|2.1|636147909575585190|88808f|50464.2890625|13.2879638553344|104.042544272121||||50464.2890625|112.75|11750||||88808f|HVN834|X|X|0|0|7||||132|163|132|163|[]|636148152642890000|14:01:04:289
21|2.1|636147909631750806|88808f|50469.9140625|13.2927060008685|104.050977137257||||50469.8984375|114|11850||||88808f|HVN834|X|X||0|7||||132|163|132|163|[]|636148152699140000|14:01:09:914
21|2.1|636147909730180648|88808f|50479.75|13.3012246966922|104.065911677038||||50479.7421875|117.5|12200||||88808f|HVN834|X|X|0|0|7||||132|163|132|163|[]|636148152797500000|14:01:19:750
21|2.1|636147909770434673|88808f|50483.7734375|13.3041214824257|104.070975687654||||50483.765625|119.25|12450||||88808f|HVN834|X|X|0|0|7||||132|163|132|163|[]|636148152837730000|14:01:23:773
21|2.1|636147909830340663|88808f|50489.7734375|13.3090138316645|104.079451468133||||50489.765625|122.5|12725||||88808f|HVN834|X|X|0|0|7||||132|163|132|163|[]|636148152897730000|14:01:29:773
21|2.1|636147909962793907|88808f|50503|13.3204722285659|104.099621679907||||50503|129.5|13525||||88808f|HVN834|X|X||0|7||||132|163|132|163|[]|636148153030000000|14:01:43:000
21|2.1|636147910218169442|88808f|50528.5546875|13.3414578318797|104.136507418247||||50528.546875|140|14600||||88808f|HVN834|X|X||0|7||||132|163|132|163|[]|636148153285550000|14:02:08:555
21|2.1|636147910303978022|88808f|50537.1328125|13.347959506526|104.148030188165||||50537.125|143|14950||||88808f|HVN834|X|X|0|0|7||||132|163|132|163|[]|636148153371330000|14:02:17:133
21|2.1|636147910351712795|88808f|50541.90625|13.3522081256018|104.1555403734||||50541.8984375|144.75|15125||||88808f|HVN834|X|X|0|0|7||||132|163|132|163|[]|636148153419060000|14:02:21:906
21|2.1|636147910513959018|88808f|50558.1328125|13.3655118823038|104.17862882858||||50558.125|151.25|15775||||88808f|HVN834|X|X||0|7||||132|163|132|163|[]|636148153581330000|14:02:38:133
21|2.1|636147910554363058|88808f|50562.1640625|13.3690094828561|104.184937384177||||50562.15625|152.75|15950||||88808f|HVN834|X|X||0|7||||132|163|132|163|[]|636148153621640000|14:02:42:164
21|2.1|636147910770584678|88808f|50583.796875|13.3873343348295|104.21725263836||||50583.78125|160.75|16750||||88808f|HVN834|X|X||0|7||||132|163|132|163|[]|636148153837970000|14:03:03:797
21|2.1|636147910830960715|88808f|50589.8203125|13.3925700068219|104.22635069133||||50589.8203125|163.25|17100||||88808f|HVN834|X|X|0|0|7||||132|163|132|163|[]|636148153898200000|14:03:09:820
21|2.1|636147910871054724|88808f|50593.8359375|13.3960032343579|104.232551958567||||50593.828125|165|17275||||88808f|HVN834|X|X|0|0|7||||132|163|132|163|[]|636148153938360000|14:03:13:836
21|2.1|636147910911298748|88808f|50597.859375|13.3995652079265|104.238753225804||||50597.859375|166.75|17525||||88808f|HVN834|X|X||0|7||||132|163|132|163|[]|636148153978590000|14:03:17:859
21|2.1|636147910960913709|88808f|50602.8203125|13.403964030707|104.24647798776||||50602.8125|169|17750||||88808f|HVN834|X|X|0|0|7||||132|163|132|163|[]|636148154028200000|14:03:22:820
21|2.1|636147911019419559|88808f|50608.6640625|13.4081697344386|104.253945257651||||50608.65625|171|17950||||88808f|HVN834|X|X|0|0|7||||132|163|132|163|[]|636148154086640000|14:03:28:664
21|2.1|636147911203988014|88808f|50627.1328125|13.4246492266114|104.282998945674||||50627.125|174.5|18350||||88808f|HVN834|X|X||0|7||||132|163|132|163|[]|636148154271330000|14:03:47:133
21|2.1|636147911244382053|88808f|50631.1640625|13.4276747583775|104.288256075339||||50631.15625|175|18400||||88808f|HVN834|X|X|0|0|7||||132|163|132|163|[]|636148154311640000|14:03:51:164
21|2.1|636147911291176732|88808f|50635.84375|13.4318375467649|104.29553022618||||50635.8359375|175.75|18500||||88808f|HVN834|X|X|0|0|7||||132|163|132|163|[]|636148154358440000|14:03:55:844
21|2.1|636147911341251739|88808f|50640.859375|13.4364724039385|104.303684141578||||50640.859375|176.25|18550||||88808f|HVN834|X|X|0|0|7||||132|163|132|163|[]|636148154408590000|14:04:00:859
21|2.1|636147911382125826|88808f|50644.9453125|13.4403347849165|104.310421850618||||50644.9375|176.75|18625||||88808f|HVN834|X|X|0|0|7||||132|163|132|163|[]|636148154449450000|14:04:04:945
21|2.1|636147911454363049|88808f|50652.171875|13.4461498140556|104.320957567619||||50652.1640625|177.5|18700||||88808f|HVN834|X|X|0|0|7||||132|163|132|163|[]|636148154521720000|14:04:12:172
21|2.1|636147911500847697|88808f|50656.8125|13.4505700945082|104.328725244919||||50656.8125|178.25|18775||||88808f|HVN834|X|X|0|0|7||||132|163|132|163|[]|636148154568130000|14:04:16:813
21|2.1|636147911558563468|88808f|50662.546875|13.45610617391|104.338467028053||||50662.53125|179.25|18875||||88808f|HVN834|X|X|0|0|7||||132|163|132|163|[]|636148154625470000|14:04:22:547
21|2.1|636147911685716182|88808f|50675.3046875|13.4684872507117|104.360439684283||||50675.296875|182.5|19200||||88808f|HVN834|X|X|0|0|7||||132|163|132|163|[]|636148154753050000|14:04:35:305
21|2.1|636147911734701080|88808f|50680.203125|13.4723496316897|104.367327597027||||50680.1953125|183.75|19325||||88808f|HVN834|X|X|0|0|7||||132|163|132|163|[]|636148154802030000|14:04:40:203
21|2.1|636147911785086118|88808f|50685.234375|13.4772848962727|104.375932123539||||50685.2265625|184.75|19475||||88808f|HVN834|X|X|0|0|7||||132|163|132|163|[]|636148154852340000|14:04:45:234
21|2.1|636147911827380347|88808f|50689.4765625|13.4814691423322|104.383141901365||||50689.46875|185.75|19575||||88808f|HVN834|X|X|0|0|7||||132|163|132|163|[]|636148154894770000|14:04:49:477
21|2.1|636147912064494056|88808f|50713.171875|13.5042357324303|104.422688391045||||50713.171875|193|20300||||88808f|HVN834|X|X||0|7||||132|163|132|163|[]|636148155131720000|14:05:13:172
21|2.1|636147912107078314|88808f|50717.4453125|13.5086130975387|104.430155660936||||50717.4375|194|20450||||88808f|HVN834|X|X|0|0|7||||132|163|132|163|[]|636148155174450000|14:05:17:445
21|2.1|636147912148122418|88808f|50721.546875|13.512754428254|104.437236692729||||50721.5390625|195.25|20575||||88808f|HVN834|X|X|0|0|7||||132|163|132|163|[]|636148155215470000|14:05:21:547
21|2.1|636147912227670372|88808f|50729.5|13.5197496293586|104.449574854186||||50729.4921875|197.75|20825||||88808f|HVN834|X|X||0|7||||132|163|132|163|[]|636148155295000000|14:05:29:500
21|2.1|636147912358403444|88808f|50742.5625|13.532924640028|104.472470190317||||50742.5546875|201.75|21250||||88808f|HVN834|X|X||0|7||||132|163|132|163|[]|636148155425630000|14:05:42:563
21|2.1|636147912426270230|88808f|50749.3515625|13.5384178040856|104.481911566041||||50749.34375|203.75|21475||||88808f|HVN834|X|X||0|7||||132|163|132|163|[]|636148155493520000|14:05:49:352
21|2.1|636147912468854488|88808f|50753.6171875|13.5431599496197|104.490151312127||||50753.6015625|205|21625||||88808f|HVN834|X|X|0|0|7||||132|163|132|163|[]|636148155536170000|14:05:53:617
21|2.1|636147912517849387|88808f|50758.515625|13.5481810448911|104.498927500016||||50758.5078125|206.5|21800||||88808f|HVN834|X|X||0|7||||132|163|132|163|[]|636148155585160000|14:05:58:516
21|2.1|636147912558093411|88808f|50762.53125|13.552236544918|104.506008531809||||50762.53125|208|21950||||88808f|HVN834|X|X|0|0|7||||132|163|132|163|[]|636148155625310000|14:06:02:531
21|2.1|636147912607548356|88808f|50767.484375|13.5573220132057|104.514870550387||||50767.4765625|209.5|22125||||88808f|HVN834|X|X|0|0|7||||132|163|132|163|[]|636148155674840000|14:06:07:484
21|2.1|636147912648102411|88808f|50771.53125|13.5608625291022|104.521028902279||||50771.5234375|210.75|22275||||88808f|HVN834|X|X|0|0|7||||132|163|132|163|[]|636148155715310000|14:06:11:531
21|2.1|636147912688836484|88808f|50775.6015625|13.564681994736|104.527659322958||||50775.6015625|212|22375||||88808f|HVN834|X|X|0|0|7||||132|163|132|163|[]|636148155756020000|14:06:15:602
21|2.1|636147912738751475|88808f|50780.6015625|13.5695743439748|104.536199476454||||50780.59375|213.5|22550||||88808f|HVN834|X|X|0|0|7||||132|163|132|163|[]|636148155806020000|14:06:20:602
21|2.1|636147912783515951|88808f|50785.0703125|13.5740589974437|104.543967153754||||50785.0703125|214.75|22700||||88808f|HVN834|X|X|0|0|7||||132|163|132|163|[]|636148155850700000|14:06:25:070
21|2.1|636147912862793878|88808f|50793|13.5822129128417|104.55802192898||||50793|217|22925||||88808f|HVN834|X|X||0|7||||132|163|132|163|[]|636148155930000000|14:06:33:000
21|2.1|636147912909418540|88808f|50797.671875|13.5856890557219|104.563944246479||||50797.671875|218.25|23075||||88808f|HVN834|X|X|0|0|7||||132|163|132|163|[]|636148155976720000|14:06:37:672
21|2.1|636147912952472845|88808f|50801.9765625|13.5901307938466|104.572012331189||||50801.96875|219|23150||||88808f|HVN834|X|X|0|0|7||||132|163|132|163|[]|636148156019770000|14:06:41:977
21|2.1|636147912996787276|88808f|50806.390625|13.5948085663644|104.580080415899||||50806.3828125|220|23275||||88808f|HVN834|X|X|0|0|7||||132|163|132|163|[]|636148156063910000|14:06:46:391
21|2.1|636147913045462143|88808f|50811.2734375|13.5997009156032|104.588663484739||||50811.265625|221|23375||||88808f|HVN834|X|X|0|0|7||||132|163|132|163|[]|636148156112730000|14:06:51:273
21|2.1|636147913085706167|88808f|50815.296875|13.6038637039906|104.596002008597||||50815.2890625|221.75|23450||||88808f|HVN834|X|X|0|0|7||||132|163|132|163|[]|636148156152970000|14:06:55:297
21|2.1|636147913126580254|88808f|50819.3828125|13.608026492378|104.603254701767||||50819.3828125|222.75|23575||||88808f|HVN834|X|X|0|0|7||||132|163|132|163|[]|636148156193830000|14:06:59:383
21|2.1|636147913167144310|88808f|50823.4453125|13.6113738892256|104.609026815561||||50823.4375|223.5|23650||||88808f|HVN834|X|X||0|7||||132|163|132|163|[]|636148156234450000|14:07:03:445
21|2.1|636147913213628958|88808f|50828.09375|13.6161160347597|104.617223646304||||50828.0859375|224.25|23725||||88808f|HVN834|X|X|0|0|7||||132|163|132|163|[]|636148156280940000|14:07:08:094
21|2.1|636147913263393934|88808f|50833.0625|13.621115672359|104.62597837652||||50833.0625|225.25|23850||||88808f|HVN834|X|X|0|0|7||||132|163|132|163|[]|636148156330630000|14:07:13:063
21|2.1|636147913307078302|88808f|50837.4375|13.6257076141884|104.633874799853||||50837.4296875|226|23925||||88808f|HVN834|X|X|0|0|7||||132|163|132|163|[]|636148156374380000|14:07:17:438
21|2.1|636147913351222716|88808f|50841.84375|13.6302780983457|104.641835596202||||50841.8359375|226.5|23975||||88808f|HVN834|X|X|0|0|7||||132|163|132|163|[]|636148156418440000|14:07:21:844
21|2.1|636147913394127006|88808f|50846.140625|13.6337113258817|104.647672083014||||50846.140625|227.25|24050||||88808f|HVN834|X|X|0|0|7||||132|163|132|163|[]|636148156461410000|14:07:26:141
21|2.1|636147913434691062|88808f|50850.1953125|13.638067233318|104.655375387297||||50850.1875|228|24150||||88808f|HVN834|X|X|0|0|7||||132|163|132|163|[]|636148156501950000|14:07:30:195
21|2.1|636147913474935086|88808f|50854.2109375|13.6422300217054|104.662821199516||||50854.2109375|228.75|24225||||88808f|HVN834|X|X|0|0|7||||132|163|132|163|[]|636148156542110000|14:07:34:211
21|2.1|636147913520809673|88808f|50858.8046875|13.6470365402558|104.671296979996||||50858.796875|229.75|24325||||88808f|HVN834|X|X||0|7||||132|163|132|163|[]|636148156588050000|14:07:38:805
21|2.1|636147913563713963|88808f|50863.09375|13.6514997360526|104.679129030312||||50863.09375|230.75|24425||||88808f|HVN834|X|X|0|0|7||||132|163|132|163|[]|636148156630940000|14:07:43:094
21|2.1|636147913640161607|88808f|50870.7421875|13.658666598534|104.691510107114||||50870.734375|232.5|24625||||88808f|HVN834|X|X||0|7||||132|163|132|163|[]|636148156707420000|14:07:50:742
21|2.1|636147913687726363|88808f|50875.4921875|13.6636447784612|104.700179006642||||50875.484375|233.5|24725||||88808f|HVN834|X|X||0|7||||132|163|132|163|[]|636148156754920000|14:07:55:492
21|2.1|636147913736561246|88808f|50880.3828125|13.6687731620931|104.709169771252||||50880.375|234.75|24875||||88808f|HVN834|X|X||0|7||||132|163|132|163|[]|636148156803830000|14:08:00:383
21|2.1|636147913784916081|88808f|50885.2265625|13.6738586303808|104.718031789829||||50885.21875|235.75|24975||||88808f|HVN834|X|X|0|0|7||||132|163|132|163|[]|636148156852270000|14:08:05:227
21|2.1|636147913827510340|88808f|50889.484375|13.6784505722102|104.725863840146||||50889.4765625|236.5|25075||||88808f|HVN834|X|X|0|0|7||||132|163|132|163|[]|636148156894840000|14:08:09:484
21|2.1|636147913873534942|88808f|50894.0859375|13.6822056648277|104.732429887809||||50894.078125|237.25|25150||||88808f|HVN834|X|X|0|0|7||||132|163|132|163|[]|636148156940860000|14:08:14:086
21|2.1|636147913915029091|88808f|50898.234375|13.6866259452803|104.740283395797||||50898.2265625|237.75|25200||||88808f|HVN834|X|X|0|0|7||||132|163|132|163|[]|636148156982340000|14:08:18:234
21|2.1|636147913957773365|88808f|50902.5078125|13.6911964294376|104.748415853523||||50902.4921875|238.5|25300||||88808f|HVN834|X|X|0|0|7||||132|163|132|163|[]|636148157025080000|14:08:22:508
21|2.1|636147913998807468|88808f|50906.6015625|13.6955952522181|104.756097700135||||50906.6015625|239.25|25375||||88808f|HVN834|X|X|0|0|7||||132|163|132|163|[]|636148157066020000|14:08:26:602
21|2.1|636147914043261913|88808f|50911.0546875|13.7003159400801|104.764337446221||||50911.046875|240|25450||||88808f|HVN834|X|X||0|7||||132|163|132|163|[]|636148157110550000|14:08:31:055
21|2.1|636147914088816468|88808f|50915.6015625|13.7046289321722|104.771740343096||||50915.59375|241|25550||||88808f|HVN834|X|X|0|0|7||||132|163|132|163|[]|636148157156020000|14:08:35:602
21|2.1|636147914130310617|88808f|50919.75|13.7088346359038|104.779078866954||||50919.75|241.75|25625||||88808f|HVN834|X|X|0|0|7||||132|163|132|163|[]|636148157197500000|14:08:39:750
21|2.1|636147914179925578|88808f|50924.7109375|13.7140488502241|104.788176919924||||50924.703125|243|25750||||88808f|HVN834|X|X|0|0|7||||132|163|132|163|[]|636148157247110000|14:08:44:711
21|2.1|636147914229530538|88808f|50929.671875|13.7193059798886|104.797403718927||||50929.6640625|244|25875||||88808f|HVN834|X|X|0|0|7||||132|163|132|163|[]|636148157296720000|14:08:49:672
21|2.1|636147914287726357|88808f|50935.4921875|13.7257432815186|104.808604623764||||50935.484375|245|26000||||88808f|HVN834|X|X|0|0|7||||132|163|132|163|[]|636148157354920000|14:08:55:492
21|2.1|636147914337181302|88808f|50940.4453125|13.7295627471524|104.815256502115||||50940.4375|246|26100||||88808f|HVN834|X|X|0|0|7||||132|163|132|163|[]|636148157404450000|14:09:00:445
21|2.1|636147914385696153|88808f|50945.3046875|13.7352275725868|104.825127031281||||50945.296875|247|26200||||88808f|HVN834|X|X|0|0|7||||132|163|132|163|[]|636148157453050000|14:09:05:305
21|2.1|636147914433440927|88808f|50950.0703125|13.740420329235|104.834246541923||||50950.0703125|247.75|26275||||88808f|HVN834|X|X|0|0|7||||132|163|132|163|[]|636148157500700000|14:09:10:070
21|2.1|636147914474305013|88808f|50954.15625|13.7448191520155|104.841992761551||||50954.1484375|248.75|26400||||88808f|HVN834|X|X|0|0|7||||132|163|132|163|[]|636148157541560000|14:09:14:156
21|2.1|636147914516739256|88808f|50958.390625|13.749432551517|104.850103761605||||50958.3828125|249.75|26500||||88808f|HVN834|X|X|0|0|7||||132|163|132|163|[]|636148157583910000|14:09:18:391
21|2.1|636147914566824264|88808f|50963.40625|13.7548398848862|104.859630968017||||50963.3984375|250.75|26625||||88808f|HVN834|X|X|0|0|7||||132|163|132|163|[]|636148157634060000|14:09:23:406
21|2.1|636147914613928974|88808f|50968.125|13.7589383002573|104.866905118859||||50968.1171875|251.75|26700||||88808f|HVN834|X|X|0|0|7||||132|163|132|163|[]|636148157681250000|14:09:28:125
21|2.1|636147914661523733|88808f|50972.8828125|13.7640452262171|104.875874425797||||50972.875|252.75|26825||||88808f|HVN834|X|X|0|0|7||||132|163|132|163|[]|636148157728830000|14:09:32:883
21|2.1|636147914703017882|88808f|50977.0234375|13.7685727950302|104.883685018441||||50977.015625|253.5|26900||||88808f|HVN834|X|X|0|0|7||||132|163|132|163|[]|636148157770230000|14:09:37:023
21|2.1|636147914750132593|88808f|50981.7421875|13.77367972099|104.892632867707||||50981.734375|254.25|27000||||88808f|HVN834|X|X|0|0|7||||132|163|132|163|[]|636148157817420000|14:09:41:742
21|2.1|636147914798487428|88808f|50986.5703125|13.7788939353103|104.901795293694||||50986.5625|255|27100||||88808f|HVN834|X|X|0|0|7||||132|163|132|163|[]|636148157865700000|14:09:46:570
21|2.1|636147914847942373|88808f|50991.53125|13.7834215041234|104.909841920731||||50991.515625|255.75|27175||||88808f|HVN834|X|X|0|0|7||||132|163|132|163|[]|636148157915310000|14:09:51:531
21|2.1|636147914890836662|88808f|50995.796875|13.7880778189691|104.917781259408||||50995.7890625|256.5|27250||||88808f|HVN834|X|X|0|0|7||||132|163|132|163|[]|636148157957970000|14:09:55:797
21|2.1|636147914933120890|88808f|51000.03125|13.7926912184706|104.925784971102||||51000.0234375|257.25|27325||||88808f|HVN834|X|X|0|0|7||||132|163|132|163|[]|636148158000310000|14:10:00:031
21|2.1|636147914986006178|88808f|51005.3203125|13.7983989592492|104.935955907677||||51005.3125|258|27400||||88808f|HVN834|X|X||0|7||||132|163|132|163|[]|636148158053200000|14:10:05:320
21|2.1|636147915033580935|88808f|51010.0859375|13.8037633772742|104.945204164352||||51010.078125|258.75|27500||||88808f|HVN834|X|X||0|7||||132|163|132|163|[]|636148158100860000|14:10:10:086
21|2.1|636147915081785755|88808f|51014.90625|13.8081836577268|104.952971841652||||51014.8984375|259.5|27550||||88808f|HVN834|X|X||0|7||||132|163|132|163|[]|636148158149060000|14:10:14:906
21|2.1|636147915125630139|88808f|51019.28125|13.8128828879167|104.961211587739||||51019.28125|260.5|27675||||88808f|HVN834|X|X||0|7||||132|163|132|163|[]|636148158192810000|14:10:19:281
21|2.1|636147915170404616|88808f|51023.765625|13.8177752371555|104.96960153753||||51023.7578125|261.25|27750||||88808f|HVN834|X|X|0|0|7||||132|163|132|163|[]|636148158237660000|14:10:23:766
21|2.1|636147915221569732|88808f|51028.8828125|13.8235473509504|104.979772474105||||51028.8828125|262.25|27850||||88808f|HVN834|X|X|0|0|7||||132|163|132|163|[]|636148158288830000|14:10:28:883
21|2.1|636147915270714646|88808f|51033.796875|13.8289117689754|104.989192392157||||51033.7890625|263.25|28000||||88808f|HVN834|X|X|0|0|7||||132|163|132|163|[]|636148158337970000|14:10:33:797
21|2.1|636147915310648639|88808f|51037.796875|13.8321518774625|104.994578267854||||51037.7890625|264|28050||||88808f|HVN834|X|X|0|0|7||||132|163|132|163|[]|636148158377970000|14:10:37:797
21|2.1|636147915350752649|88808f|51041.8046875|13.8366794462756|105.002775098596||||51041.796875|264.5|28125||||88808f|HVN834|X|X|0|0|7||||132|163|132|163|[]|636148158418050000|14:10:41:805
21|2.1|636147915390846658|88808f|51045.8125|13.8412070150887|105.010735894946||||51045.8046875|265.25|28200||||88808f|HVN834|X|X|0|0|7||||132|163|132|163|[]|636148158458130000|14:10:45:813
21|2.1|636147915439201493|88808f|51050.640625|13.8465714331137|105.020112897653||||51050.6328125|265.75|28250||||88808f|HVN834|X|X|0|0|7||||132|163|132|163|[]|636148158506410000|14:10:50:641
21|2.1|636147915486166189|88808f|51055.3359375|13.8517641897619|105.029103662263||||51055.328125|266.5|28350||||88808f|HVN834|X|X||0|7||||132|163|132|163|[]|636148158553360000|14:10:55:336
21|2.1|636147915527500322|88808f|51059.4765625|13.8562273855587|105.037214662317||||51059.46875|267.25|28425||||88808f|HVN834|X|X|0|0|7||||132|163|132|163|[]|636148158594770000|14:10:59:477
21|2.1|636147915570864658|88808f|51063.8125|13.8602614279135|105.044317151782||||51063.8046875|268|28475||||88808f|HVN834|X|X|0|0|7||||132|163|132|163|[]|636148158638130000|14:11:03:813
21|2.1|636147915612058777|88808f|51067.921875|13.8647889967266|105.052084829082||||51067.921875|269|28600||||88808f|HVN834|X|X|0|0|7||||132|163|132|163|[]|636148158679220000|14:11:07:922
