21|2.1|636147897423400093|888129|49249.09375|13.1979274632028|107.762424849705||||49249.0859375|373.75|39900||||888129|HVN270|5775|X||0|8||||132|163|132|163|[]|636148140490940000|13:40:49:094
21|2.1|636147897463494102|888129|49253.09375|13.2073044659105|107.763368987278||||49253.0859375|374.5|39975||||888129|HVN270|5775|X|0|0|8||||132|163|132|163|[]|636148140530940000|13:40:53:094
21|2.1|636147897504208173|888129|49257.171875|13.2169175030113|107.764356040194||||49257.1640625|375.25|40050||||888129|HVN270|5775|X|0|0|8||||132|163|132|163|[]|636148140571720000|13:40:57:172
21|2.1|636147897545232275|888129|49261.2734375|13.2265305401121|107.765364550783||||49261.265625|376|40125||||888129|HVN270|5775|X|0|0|8||||132|163|132|163|[]|636148140612730000|13:41:01:273
21|2.1|636147897588296581|888129|49265.578125|13.2366156459991|107.766394519044||||49265.578125|376.75|40200||||888129|HVN270|5775|X|0|0|8||||132|163|132|163|[]|636148140655780000|13:41:05:578
21|2.1|636147897633531104|888129|49270.1015625|13.2471299053281|107.767445944977||||49270.09375|377.75|40300||||888129|HVN270|5775|X|0|0|8||||132|163|132|163|[]|636148140701020000|13:41:10:102
21|2.1|636147897678465597|888129|49274.59375|13.2577085376734|107.768561743926||||49274.5859375|378.5|40375||||888129|HVN270|5775|X|0|0|8||||132|163|132|163|[]|636148140745940000|13:41:14:594
21|2.1|636147897723080058|888129|49279.046875|13.2682442546745|107.769634627531||||49279.046875|379.5|40500||||888129|HVN270|5775|X|0|0|8||||132|163|132|163|[]|636148140790470000|13:41:19:047
21|2.1|636147897765374287|888129|49283.2890625|13.2780718684963|107.770621680448||||49283.2890625|380.25|40550||||888129|HVN270|5775|X|0|0|8||||132|163|132|163|[]|636148140832890000|13:41:23:289
21|2.1|636147897809048654|888129|49287.6484375|13.2883715511043|107.77167310638||||49287.6484375|381|40650||||888129|HVN270|5775|X|0|0|8||||132|163|132|163|[]|636148140876480000|13:41:27:648
21|2.1|636147897856153364|888129|49292.359375|13.2993793368916|107.77278890533||||49292.359375|382|40750||||888129|HVN270|5775|X|0|0|8||||132|163|132|163|[]|636148140923590000|13:41:32:359
21|2.1|636147897899837732|888129|49296.734375|13.3094429851065|107.773797415918||||49296.7265625|382.75|40825||||888129|HVN270|5775|X|0|0|8||||132|163|132|163|[]|636148140967340000|13:41:36:734
21|2.1|636147897943212069|888129|49301.0703125|13.3197426677145|107.774827384179||||49301.0703125|383.75|40925||||888129|HVN270|5775|X|0|0|8||||132|163|132|163|[]|636148141010700000|13:41:41:070
21|2.1|636147897983916139|888129|49305.140625|13.3293127894711|107.775835894768||||49305.140625|384.5|41000||||888129|HVN270|5775|X|0|0|8||||132|163|132|163|[]|636148141051410000|13:41:45:141
21|2.1|636147898025570304|888129|49309.3046875|13.3389043688998|107.776822947684||||49309.296875|385.25|41075||||888129|HVN270|5775|X|0|0|8||||132|163|132|163|[]|636148141093050000|13:41:49:305
21|2.1|636147898069104657|888129|49313.6640625|13.3491611361636|107.777874373617||||49313.65625|386|41150||||888129|HVN270|5775|X|0|0|8||||132|163|132|163|[]|636148141136640000|13:41:53:664
21|2.1|636147898110288775|888129|49317.78125|13.3587741732644|107.77881851119||||49317.7734375|386.75|41250||||888129|HVN270|5775|X|0|0|8||||132|163|132|163|[]|636148141177810000|13:41:57:781
21|2.1|636147898150382784|888129|49321.78125|13.3681297183|107.779784106434||||49321.7734375|387.25|41275||||888129|HVN270|5775|X|0|0|8||||132|163|132|163|[]|636148141217810000|13:42:01:781
21|2.1|636147898199827728|888129|49326.734375|13.3795666575293|107.780942820728||||49326.7265625|388.25|41375||||888129|HVN270|5775|X|0|0|8||||132|163|132|163|[]|636148141267340000|13:42:06:734
21|2.1|636147898247412486|888129|49331.484375|13.3907675623655|107.782037162005||||49331.4765625|389|41475||||888129|HVN270|5775|X|0|0|8||||132|163|132|163|[]|636148141314840000|13:42:11:484
21|2.1|636147898291726917|888129|49335.921875|13.4010243296293|107.783067130266||||49335.9140625|389.75|41525||||888129|HVN270|5775|X|0|0|8||||132|163|132|163|[]|636148141359220000|13:42:15:922
21|2.1|636147898334161160|888129|49340.1640625|13.4110879778442|107.784075640854||||49340.15625|390|41550||||888129|HVN270|5775|X|0|0|8||||132|163|132|163|[]|636148141401640000|13:42:20:164
21|2.1|636147898383606104|888129|49345.109375|13.4225463747456|107.785212897476||||49345.109375|390.25|41575||||888129|HVN270|5775|X|0|0|8||||132|163|132|163|[]|636148141451090000|13:42:25:109
21|2.1|636147898441801923|888129|49350.9296875|13.4360861658407|107.78658618849||||49350.9296875|390|41550||||888129|HVN270|5775|X|0|0|8||||132|163|132|163|[]|636148141509300000|13:42:30:930
21|2.1|636147898490166759|888129|49355.7578125|13.4475445627421|107.787723445111||||49355.7578125|389.75|41525||||888129|HVN270|5775|X|0|0|8||||132|163|132|163|[]|636148141557580000|13:42:35:758
21|2.1|636147898534621204|888129|49360.2109375|13.4577798723338|107.788796328716||||49360.2109375|389.75|41525||||888129|HVN270|5775|X|0|0|8||||132|163|132|163|[]|636148141602110000|13:42:40:211
21|2.1|636147898581265868|888129|49364.8671875|13.4687876581211|107.789890669993||||49364.8671875|389.75|41525||||888129|HVN270|5775|X|0|0|8||||132|163|132|163|[]|636148141648670000|13:42:44:867
21|2.1|636147898631190860|888129|49369.859375|13.4804606317435|107.791027926615||||49369.859375|389.75|41525||||888129|HVN270|5775|X||0|8||||132|163|132|163|[]|636148141698590000|13:42:49:859
21|2.1|636147898738061546|888129|49380.5546875|13.5053729890516|107.793559931922||||49380.546875|389.75|41525||||888129|HVN270|5775|X||0|8||||132|163|132|163|[]|636148141805550000|13:43:00:555
21|2.1|636147898781895929|888129|49384.9375|13.5156082986433|107.794632815527||||49384.9375|389.75|41525||||888129|HVN270|5775|X||0|8||||132|163|132|163|[]|636148141849380000|13:43:04:938
21|2.1|636147898822760015|888129|49389.0234375|13.5249638436789|107.7955769531||||49389.015625|389.75|41525||||888129|HVN270|5775|X||0|8||||132|163|132|163|[]|636148141890230000|13:43:09:023
21|2.1|636147898863644103|888129|49393.1015625|13.5344695924192|107.796521090672||||49393.09375|389.75|41525||||888129|HVN270|5775|X||0|8||||132|163|132|163|[]|636148141931020000|13:43:13:102
21|2.1|636147898903888127|888129|49397.140625|13.5440397141758|107.797508143589||||49397.140625|390|41550||||888129|HVN270|5775|X||0|8||||132|163|132|163|[]|636148141971410000|13:43:17:141
21|2.1|636147898948032541|888129|49401.5390625|13.5542964814396|107.798516654178||||49401.5390625|389.75|41525||||888129|HVN270|5775|X||0|8||||132|163|132|163|[]|636148142015390000|13:43:21:539
21|2.1|636147898988746612|888129|49405.6171875|13.563609111131|107.799439334078||||49405.6171875|389.75|41525||||888129|HVN270|5775|X||0|8||||132|163|132|163|[]|636148142056170000|13:43:25:617
21|2.1|636147899031810918|888129|49409.921875|13.5736083863296|107.800447844667||||49409.90625|390|41550||||888129|HVN270|5775|X||0|8||||132|163|132|163|[]|636148142099220000|13:43:29:922
21|2.1|636147899073925129|888129|49414.140625|13.5834145424793|107.801456355255||||49414.125|389.75|41525||||888129|HVN270|5775|X||0|8||||132|163|132|163|[]|636148142141410000|13:43:34:141
21|2.1|636147899114029139|888129|49418.140625|13.5927057144986|107.802400492828||||49418.125|389.75|41525||||888129|HVN270|5775|X||0|8||||132|163|132|163|[]|636148142181410000|13:43:38:141
21|2.1|636147899157863522|888129|49422.53125|13.6029410240903|107.803494834105||||49422.515625|389.75|41525||||888129|HVN270|5775|X|0|0|8||||132|163|132|163|[]|636148142225310000|13:43:42:531
21|2.1|636147899198577593|888129|49426.6015625|13.612532603519|107.804460429349||||49426.59375|390|41550||||888129|HVN270|5775|X||0|8||||132|163|132|163|[]|636148142266020000|13:43:46:602
21|2.1|636147899240541789|888129|49430.8046875|13.6222958443245|107.805468939938||||49430.796875|389.75|41525||||888129|HVN270|5775|X||0|8||||132|163|132|163|[]|636148142308050000|13:43:50:805
21|2.1|636147899280945829|888129|49434.84375|13.631844508409|107.806477450527||||49434.8359375|389.75|41525||||888129|HVN270|5775|X|0|0|8||||132|163|132|163|[]|636148142348440000|13:43:54:844
21|2.1|636147899325410275|888129|49439.28125|13.6420798180007|107.807507418787||||49439.28125|390|41550||||888129|HVN270|5775|X|0|0|8||||132|163|132|163|[]|636148142392810000|13:43:59:281
21|2.1|636147899368624596|888129|49443.609375|13.6521434662156|107.808494471704||||49443.609375|389.75|41525||||888129|HVN270|5775|X|0|0|8||||132|163|132|163|[]|636148142436090000|13:44:03:609
21|2.1|636147899411678901|888129|49447.921875|13.6621427414142|107.809502982293||||49447.90625|390|41550||||888129|HVN270|5775|X|0|0|8||||132|163|132|163|[]|636148142479220000|13:44:07:922
21|2.1|636147899457553488|888129|49452.5|13.6728930351363|107.81059732357||||49452.5|389.75|41525||||888129|HVN270|5775|X|0|0|8||||132|163|132|163|[]|636148142525000000|13:44:12:500
21|2.1|636147899501397872|888129|49456.8671875|13.6831498024001|107.811627291831||||49456.8671875|390|41550||||888129|HVN270|5775|X|0|0|8||||132|163|132|163|[]|636148142568670000|13:44:16:867
21|2.1|636147899545072239|888129|49461.25|13.6934065696639|107.812678717764||||49461.25|390|41550||||888129|HVN270|5775|X|0|0|8||||132|163|132|163|[]|636148142612500000|13:44:21:250
21|2.1|636147899588286560|888129|49465.5703125|13.7034487602067|107.81366577068||||49465.5546875|390|41550||||888129|HVN270|5775|X|0|0|8||||132|163|132|163|[]|636148142655700000|13:44:25:570
21|2.1|636147899632901021|888129|49470.0390625|13.7139201041915|107.814717196613||||49470.0390625|390|41550||||888129|HVN270|5775|X|0|0|8||||132|163|132|163|[]|636148142700390000|13:44:30:039
21|2.1|636147899686406371|888129|49475.390625|13.7263011809932|107.815961741595||||49475.375|389.75|41525||||888129|HVN270|5775|X|0|0|8||||132|163|132|163|[]|636148142753910000|13:44:35:391
21|2.1|636147899729150645|888129|49479.6640625|13.736343371536|107.816991709856||||49479.65625|389.75|41525||||888129|HVN270|5775|X|0|0|8||||132|163|132|163|[]|636148142796640000|13:44:39:664
21|2.1|636147899771584888|888129|49483.8984375|13.7461495276857|107.818021678116||||49483.8984375|389.75|41525||||888129|HVN270|5775|X|0|0|8||||132|163|132|163|[]|636148142838980000|13:44:43:898
21|2.1|636147899814959225|888129|49488.2421875|13.7561917182285|107.819051646377||||49488.2265625|389.75|41550||||888129|HVN270|5775|X|0|0|8||||132|163|132|163|[]|636148142882420000|13:44:48:242
21|2.1|636147899854893218|888129|49492.234375|13.7655472632641|107.820017241622||||49492.2265625|389.75|41525||||888129|HVN270|5775|X||0|8||||132|163|132|163|[]|636148142922340000|13:44:52:234
21|2.1|636147899899047633|888129|49496.6484375|13.7760829802652|107.821111582899||||49496.6484375|389.75|41525||||888129|HVN270|5775|X||0|8||||132|163|132|163|[]|636148142966480000|13:44:56:648
21|2.1|636147899940231751|888129|49500.7578125|13.7856531020218|107.822034262799||||49500.7578125|390|41550||||888129|HVN270|5775|X||0|8||||132|163|132|163|[]|636148143007580000|13:45:00:758
21|2.1|636147899983286056|888129|49505.078125|13.7957167502367|107.823085688732||||49505.078125|390|41550||||888129|HVN270|5775|X||0|8||||132|163|132|163|[]|636148143050780000|13:45:05:078
21|2.1|636147900025100237|888129|49509.25|13.8055658217306|107.824094199321||||49509.234375|390|41550||||888129|HVN270|5775|X||0|8||||132|163|132|163|[]|636148143092500000|13:45:09:250
21|2.1|636147900065344261|888129|49513.28125|13.8148999090941|107.825038336893||||49513.28125|390|41550||||888129|HVN270|5775|X||0|8||||132|163|132|163|[]|636148143132810000|13:45:13:281
21|2.1|636147900108398566|888129|49517.578125|13.8249420996369|107.826046847482||||49517.5703125|390|41550||||888129|HVN270|5775|X||0|8||||132|163|132|163|[]|636148143175780000|13:45:17:578
21|2.1|636147900150212747|888129|49521.7578125|13.8347697134587|107.827012442726||||49521.75|389.75|41525||||888129|HVN270|5775|X|0|0|8||||132|163|132|163|[]|636148143217580000|13:45:21:758
21|2.1|636147900192336959|888129|49525.984375|13.8445973272805|107.828020953315||||49525.9765625|389.75|41525||||888129|HVN270|5775|X|0|0|8||||132|163|132|163|[]|636148143259840000|13:45:25:984
21|2.1|636147900234771202|888129|49530.21875|13.8544678564465|107.82898654856||||49530.21875|389.75|41525||||888129|HVN270|5775|X|0|0|8||||132|163|132|163|[]|636148143302190000|13:45:30:219
21|2.1|636147900282345959|888129|49534.984375|13.8656687612827|107.830080889837||||49534.96875|390|41550||||888129|HVN270|5775|X|0|0|8||||132|163|132|163|[]|636148143349840000|13:45:34:984
21|2.1|636147900331490873|888129|49539.8828125|13.8771486158562|107.83123960413||||49539.875|389.75|41525||||888129|HVN270|5775|X|0|0|8||||132|163|132|163|[]|636148143398830000|13:45:39:883
21|2.1|636147900376895413|888129|49544.4296875|13.8877057905294|107.832312487735||||49544.4296875|389.75|41525||||888129|HVN270|5775|X|0|0|8||||132|163|132|163|[]|636148143444300000|13:45:44:430
21|2.1|636147900444912214|888129|49551.2421875|13.9038419599486|107.833986186159||||49551.234375|389.75|41525||||888129|HVN270|5775|X|0|0|8||||132|163|132|163|[]|636148143512420000|13:45:51:242
21|2.1|636147900485776300|888129|49555.3203125|13.9132189626563|107.834930323731||||49555.3203125|390|41550||||888129|HVN270|5775|X|0|0|8||||132|163|132|163|[]|636148143553200000|13:45:55:320
21|2.1|636147900544902212|888129|49561.234375|13.9270377034887|107.83634653009||||49561.2265625|390|41550||||888129|HVN270|5775|X||0|8||||132|163|132|163|[]|636148143612340000|13:46:01:234
21|2.1|636147900587816503|888129|49565.53125|13.9371228093757|107.837355040679||||49565.53125|389.75|41525||||888129|HVN270|5775|X|0|0|8||||132|163|132|163|[]|636148143655310000|13:46:05:531
21|2.1|636147900629930714|888129|49569.7421875|13.9470147962138|107.838342093595||||49569.7265625|390|41550||||888129|HVN270|5775|X|0|0|8||||132|163|132|163|[]|636148143697420000|13:46:09:742
21|2.1|636147900677045425|888129|49574.4375|13.9582586163942|107.839372061856||||49574.4375|390|41550||||888129|HVN270|5775|X|0|0|8||||132|163|132|163|[]|636148143744380000|13:46:14:438
21|2.1|636147900725710291|888129|49579.3203125|13.9695668095909|107.840273284084||||49579.3046875|390|41550||||888129|HVN270|5775|X|0|0|8||||132|163|132|163|[]|636148143793200000|13:46:19:320
21|2.1|636147900775175237|888129|49584.2578125|13.9813470715738|107.841131590968||||49584.2578125|389.75|41525||||888129|HVN270|5775|X|0|0|8||||132|163|132|163|[]|636148143842580000|13:46:24:258
21|2.1|636147900825090228|888129|49589.2578125|13.9931487912288|107.841839694147||||49589.25|389.75|41525||||888129|HVN270|5775|X|0|0|8||||132|163|132|163|[]|636148143892580000|13:46:29:258
21|2.1|636147900866744393|888129|49593.4140625|14.0028262013459|107.842333220606||||49593.40625|389.75|41525||||888129|HVN270|5775|X|0|0|8||||132|163|132|163|[]|636148143934140000|13:46:33:414
21|2.1|636147900913079026|888129|49598.0546875|14.0138769024774|107.84278383172||||49598.0390625|390|41550||||888129|HVN270|5775|X||0|8||||132|163|132|163|[]|636148143980550000|13:46:38:055
21|2.1|636147900962063924|888129|49602.953125|14.0254425877393|107.843148612146||||49602.9453125|390|41550||||888129|HVN270|5775|X|0|0|8||||132|163|132|163|[]|636148144029530000|13:46:42:953
21|2.1|636147901002948012|888129|49607.03125|14.0348839634633|107.843384646539||||49607.03125|389.75|41525||||888129|HVN270|5775|X|0|0|8||||132|163|132|163|[]|636148144070310000|13:46:47:031
21|2.1|636147901047242441|888129|49611.4609375|14.0455269688249|107.843556307915||||49611.4609375|389.75|41525||||888129|HVN270|5775|X|0|0|8||||132|163|132|163|[]|636148144114610000|13:46:51:461
21|2.1|636147901090456762|888129|49615.78125|14.0556549900561|107.843620680932||||49615.78125|389.75|41525||||888129|HVN270|5775|X|0|0|8||||132|163|132|163|[]|636148144157810000|13:46:55:781
21|2.1|636147901138351551|888129|49620.5703125|14.067006098597|107.843620680932||||49620.5703125|389.75|41525||||888129|HVN270|5775|X|0|0|8||||132|163|132|163|[]|636148144205700000|13:47:00:570
21|2.1|636147901178285544|888129|49624.5703125|14.0764260166489|107.843577765588||||49624.5703125|390|41550||||888129|HVN270|5775|X|0|0|8||||132|163|132|163|[]|636148144245700000|13:47:04:570
21|2.1|636147901226180333|888129|49629.359375|14.0877771251898|107.843534850243||||49629.359375|390|41550||||888129|HVN270|5775|X|0|0|8||||132|163|132|163|[]|636148144293590000|13:47:09:359
21|2.1|636147901275325247|888129|49634.2734375|14.0993428104517|107.843491934899||||49634.265625|390|41550||||888129|HVN270|5775|X|0|0|8||||132|163|132|163|[]|636148144342730000|13:47:14:273
21|2.1|636147901315739288|888129|49638.3125|14.1087841861757|107.843491934899||||49638.3046875|389.75|41525||||888129|HVN270|5775|X||0|8||||132|163|132|163|[]|636148144383130000|13:47:18:313
21|2.1|636147901364094123|888129|49643.1484375|14.1203284137655|107.843534850243||||49643.140625|390|41550||||888129|HVN270|5775|X|0|0|8||||132|163|132|163|[]|636148144431480000|13:47:23:148
21|2.1|636147901407618475|888129|49647.5078125|14.1304778926688|107.843556307915||||49647.5078125|389.75|41525||||888129|HVN270|5775|X|0|0|8||||132|163|132|163|[]|636148144475080000|13:47:27:508
21|2.1|636147901451612874|888129|49651.8984375|14.1408634059652|107.843556307915||||49651.890625|390|41550||||888129|HVN270|5775|X||0|8||||132|163|132|163|[]|636148144518980000|13:47:31:898
21|2.1|636147901495917304|888129|49656.328125|14.1512703769337|107.843556307915||||49656.3203125|390|41550||||888129|HVN270|5775|X|0|0|8||||132|163|132|163|[]|636148144563280000|13:47:36:328
21|2.1|636147901539911703|888129|49660.734375|14.1616558902301|107.843556307915||||49660.71875|389.75|41525||||888129|HVN270|5775|X|0|0|8||||132|163|132|163|[]|636148144607340000|13:47:40:734
21|2.1|636147901582815993|888129|49665.0078125|14.1718053691334|107.843534850243||||49665.0078125|389.75|41525||||888129|HVN270|5775|X|0|0|8||||132|163|132|163|[]|636148144650080000|13:47:45:008
21|2.1|636147901627890500|888129|49669.5234375|14.1824269168229|107.843556307915||||49669.5078125|390|41550||||888129|HVN270|5775|X||0|8||||132|163|132|163|[]|636148144695230000|13:47:49:523
21|2.1|636147901672364947|888129|49673.984375|14.1930270068403|107.843577765588||||49673.9765625|390|41550||||888129|HVN270|5775|X||0|8||||132|163|132|163|[]|636148144739840000|13:47:53:984
21|2.1|636147901714009111|888129|49678.140625|14.2029404513505|107.843577765588||||49678.140625|390|41550||||888129|HVN270|5775|X||0|8||||132|163|132|163|[]|636148144781410000|13:47:58:141
21|2.1|636147901758153525|888129|49682.5546875|14.2133259646469|107.843577765588||||49682.5390625|390|41550||||888129|HVN270|5775|X|0|0|8||||132|163|132|163|[]|636148144825550000|13:48:02:555
21|2.1|636147901801367846|888129|49686.8828125|14.2234539858781|107.843556307915||||49686.8671875|389.75|41525||||888129|HVN270|5775|X|0|0|8||||132|163|132|163|[]|636148144868830000|13:48:06:883
21|2.1|636147901846612370|888129|49691.4140625|14.2340969912397|107.843577765588||||49691.40625|389.75|41525||||888129|HVN270|5775|X|0|0|8||||132|163|132|163|[]|636148144914140000|13:48:11:414
21|2.1|636147901887496458|888129|49695.4921875|14.2437314860126|107.84359922326||||49695.4921875|389.75|41525||||888129|HVN270|5775|X|0|0|8||||132|163|132|163|[]|636148144954920000|13:48:15:492
21|2.1|636147901929920700|888129|49699.734375|14.2536234728507|107.84359922326||||49699.71875|389.75|41525||||888129|HVN270|5775|X|0|0|8||||132|163|132|163|[]|636148144997340000|13:48:19:734
21|2.1|636147901973445052|888129|49704.078125|14.2640089861471|107.84359922326||||49704.078125|389.75|41525||||888129|HVN270|5775|X|0|0|8||||132|163|132|163|[]|636148145040780000|13:48:24:078
21|2.1|636147902018379545|888129|49708.578125|14.2745876184924|107.843620680932||||49708.5703125|389.75|41525||||888129|HVN270|5775|X|0|0|8||||132|163|132|163|[]|636148145085780000|13:48:28:578
21|2.1|636147902058633570|888129|49712.609375|14.2839860788722|107.843620680932||||49712.609375|389.75|41525||||888129|HVN270|5775|X|0|0|8||||132|163|132|163|[]|636148145126090000|13:48:32:609
21|2.1|636147902099657672|888129|49716.703125|14.2936634889893|107.843642138604||||49716.6875|389.75|41525||||888129|HVN270|5775|X|0|0|8||||132|163|132|163|[]|636148145167030000|13:48:36:703
21|2.1|636147902140061712|888129|49720.7421875|14.3030619493691|107.843642138604||||49720.7265625|389.75|41525||||888129|HVN270|5775|X|0|0|8||||132|163|132|163|[]|636148145207420000|13:48:40:742
21|2.1|636147902181255831|888129|49724.859375|14.3129324785351|107.843642138604||||49724.8515625|390|41550||||888129|HVN270|5775|X|0|0|8||||132|163|132|163|[]|636148145248590000|13:48:44:859
21|2.1|636147902230850790|888129|49729.828125|14.324498163797|107.843685053948||||49729.8203125|390|41550||||888129|HVN270|5775|X|0|0|8||||132|163|132|163|[]|636148145298280000|13:48:49:828
21|2.1|636147902273135018|888129|49734.0625|14.3346476427003|107.843642138604||||49734.0625|390|41550||||888129|HVN270|5775|X|0|0|8||||132|163|132|163|[]|636148145340630000|13:48:54:063
21|2.1|636147902313229027|888129|49738.0625|14.3440675607522|107.843642138604||||49738.0625|390|41550||||888129|HVN270|5775|X||0|8||||132|163|132|163|[]|636148145380630000|13:48:58:063
21|2.1|636147902360343738|888129|49742.7734375|14.3551182618837|107.843685053948||||49742.765625|390|41550||||888129|HVN270|5775|X|0|0|8||||132|163|132|163|[]|636148145427730000|13:49:02:773
21|2.1|636147902409798683|888129|49747.71875|14.3667268624898|107.843685053948||||49747.71875|390|41550||||888129|HVN270|5775|X|0|0|8||||132|163|132|163|[]|636148145477190000|13:49:07:719
21|2.1|636147902485766279|888129|49755.3203125|14.3846654763654|107.843685053948||||49755.3203125|389.75|41525||||888129|HVN270|5775|X|0|0|8||||132|163|132|163|[]|636148145553200000|13:49:15:320
21|2.1|636147902544432145|888129|49761.1796875|14.3986129632304|107.843685053948||||49761.1796875|390|41550||||888129|HVN270|5775|X|0|0|8||||132|163|132|163|[]|636148145611800000|13:49:21:180
21|2.1|636147902594037105|888129|49766.140625|14.4101786484923|107.843685053948||||49766.1328125|390|41550||||888129|HVN270|5775|X|0|0|8||||132|163|132|163|[]|636148145661410000|13:49:26:141
21|2.1|636147902642241925|888129|49770.96875|14.4217443337542|107.843685053948||||49770.9609375|390|41550||||888129|HVN270|5775|X|0|0|8||||132|163|132|163|[]|636148145709690000|13:49:30:969
21|2.1|636147902716659366|888129|49778.4140625|14.439296709532|107.843685053948||||49778.3984375|390|41550||||888129|HVN270|5775|X||0|8||||132|163|132|163|[]|636148145784140000|13:49:38:414
21|2.1|636147902866264325|888129|49793.375|14.4748091568575|107.843685053948||||49793.3671875|390|41550||||888129|HVN270|5775|X||0|8||||132|163|132|163|[]|636148145933750000|13:49:53:375
21|2.1|636147902911818880|888129|49797.921875|14.4854736198912|107.843685053948||||49797.921875|390|41550||||888129|HVN270|5775|X||0|8||||132|163|132|163|[]|636148145979220000|13:49:57:922
21|2.1|636147902952222920|888129|49801.96875|14.4951510300083|107.843685053948||||49801.9609375|389.75|41525||||888129|HVN270|5775|X||0|8||||132|163|132|163|[]|636148146019690000|13:50:01:969
21|2.1|636147902996847382|888129|49806.421875|14.5055794586489|107.843685053948||||49806.40625|389.75|41525||||888129|HVN270|5775|X|0|0|8||||132|163|132|163|[]|636148146064220000|13:50:06:422
21|2.1|636147903038651562|888129|49810.6015625|14.5155358185033|107.843685053948||||49810.5859375|390|41550||||888129|HVN270|5775|X|0|0|8||||132|163|132|163|[]|636148146106020000|13:50:10:602
21|2.1|636147903082345931|888129|49814.984375|14.5259642471439|107.843685053948||||49814.9765625|389.75|41525||||888129|HVN270|5775|X|0|0|8||||132|163|132|163|[]|636148146149840000|13:50:14:984
21|2.1|636147903128200516|888129|49819.5546875|14.5368647445707|107.843685053948||||49819.5390625|390|41550||||888129|HVN270|5775|X|0|0|8||||132|163|132|163|[]|636148146195550000|13:50:19:555
21|2.1|636147903168444540|888129|49823.578125|14.546370493311|107.843620680932||||49823.578125|390|41550||||888129|HVN270|5775|X||0|8||||132|163|132|163|[]|636148146235780000|13:50:23:578
21|2.1|636147903210108706|888129|49827.75|14.5562839378212|107.843620680932||||49827.7421875|390|41550||||888129|HVN270|5775|X|0|0|8||||132|163|132|163|[]|636148146277500000|13:50:27:750
21|2.1|636147903253313026|888129|49832.0703125|14.5664977897408|107.843642138604||||49832.0625|389.75|41525||||888129|HVN270|5775|X|0|0|8||||132|163|132|163|[]|636148146320700000|13:50:32:070
21|2.1|636147903297457440|888129|49836.484375|14.5768833030372|107.843642138604||||49836.46875|389.75|41525||||888129|HVN270|5775|X|0|0|8||||132|163|132|163|[]|636148146364840000|13:50:36:484
21|2.1|636147903338961590|888129|49840.640625|14.5866250861706|107.843620680932||||49840.6328125|389.75|41525||||888129|HVN270|5775|X|0|0|8||||132|163|132|163|[]|636148146406410000|13:50:40:641
21|2.1|636147903381085802|888129|49844.8515625|14.596796022746|107.843642138604||||49844.8515625|390|41550||||888129|HVN270|5775|X|0|0|8||||132|163|132|163|[]|636148146448520000|13:50:44:852
21|2.1|636147903421489842|888129|49848.890625|14.6063232291584|107.843642138604||||49848.890625|390|41550||||888129|HVN270|5775|X|0|0|8||||132|163|132|163|[]|636148146488910000|13:50:48:891
21|2.1|636147903463924085|888129|49853.1328125|14.6162581313407|107.843642138604||||49853.1328125|390|41550||||888129|HVN270|5775|X|0|0|8||||132|163|132|163|[]|636148146531330000|13:50:53:133
21|2.1|636147903506978390|888129|49857.4453125|14.6267294753255|107.843642138604||||49857.4375|390|41550||||888129|HVN270|5775|X|0|0|8||||132|163|132|163|[]|636148146574450000|13:50:57:445
21|2.1|636147903550352727|888129|49861.7734375|14.6369004119009|107.843620680932||||49861.7578125|390|41550||||888129|HVN270|5775|X|0|0|8||||132|163|132|163|[]|636148146617730000|13:51:01:773
21|2.1|636147903592156907|888129|49865.9609375|14.6469211447716|107.843620680932||||49865.9609375|389.75|41525||||888129|HVN270|5775|X|0|0|8||||132|163|132|163|[]|636148146659610000|13:51:05:961
21|2.1|636147903633341025|888129|49870.078125|14.6566414702329|107.843642138604||||49870.078125|390|41550||||888129|HVN270|5775|X|0|0|8||||132|163|132|163|[]|636148146700780000|13:51:10:078
21|2.1|636147903674535144|888129|49874.203125|14.6663832533663|107.843685053948||||49874.203125|390|41550||||888129|HVN270|5775|X|0|0|8||||132|163|132|163|[]|636148146742030000|13:51:14:203
21|2.1|636147903717579448|888129|49878.5|14.6765971052859|107.843642138604||||49878.4921875|390|41550||||888129|HVN270|5775|X|0|0|8||||132|163|132|163|[]|636148146785000000|13:51:18:500
21|2.1|636147903762513941|888129|49882.9921875|14.6872830259917|107.843685053948||||49882.9921875|390|41550||||888129|HVN270|5775|X|0|0|8||||132|163|132|163|[]|636148146829920000|13:51:22:992
21|2.1|636147903804168106|888129|49887.1640625|14.6972823011903|107.843620680932||||49887.1484375|390|41550||||888129|HVN270|5775|X|0|0|8||||132|163|132|163|[]|636148146871640000|13:51:27:164
21|2.1|636147903849252614|888129|49891.671875|14.707946764224|107.843642138604||||49891.65625|389.75|41525||||888129|HVN270|5775|X|0|0|8||||132|163|132|163|[]|636148146916720000|13:51:31:672
21|2.1|636147903889656654|888129|49895.7109375|14.7174739706364|107.843642138604||||49895.703125|389.75|41525||||888129|HVN270|5775|X|0|0|8||||132|163|132|163|[]|636148146957110000|13:51:35:711
21|2.1|636147903932100898|888129|49899.9453125|14.7276449072118|107.843620680932||||49899.9375|389.75|41525||||888129|HVN270|5775|X|0|0|8||||132|163|132|163|[]|636148146999450000|13:51:39:945
21|2.1|636147903974995187|888129|49904.234375|14.7376012670662|107.843620680932||||49904.21875|389.75|41525||||888129|HVN270|5775|X|0|0|8||||132|163|132|163|[]|636148147042340000|13:51:44:234
21|2.1|636147904018209508|888129|49908.5625|14.748072611051|107.843620680932||||49908.546875|389.75|41525||||888129|HVN270|5775|X|0|0|8||||132|163|132|163|[]|636148147085630000|13:51:48:563
21|2.1|636147904063144001|888129|49913.0546875|14.7587156164126|107.84359922326||||49913.046875|389.75|41525||||888129|HVN270|5775|X|0|0|8||||132|163|132|163|[]|636148147130550000|13:51:53:055
21|2.1|636147904108688555|888129|49917.6015625|14.7694015371184|107.843620680932||||49917.6015625|389.75|41525||||888129|HVN270|5775|X|0|0|8||||132|163|132|163|[]|636148147176020000|13:51:57:602
21|2.1|636147904152692955|888129|49922|14.779829965759|107.843620680932||||49922|390|41550||||888129|HVN270|5775|X|0|0|8||||132|163|132|163|[]|636148147220000000|13:52:02:000
21|2.1|636147904192626948|888129|49926|14.789271341483|107.843620680932||||49926|390|41550||||888129|HVN270|5775|X|0|0|8||||132|163|132|163|[]|636148147260000000|13:52:06:000
21|2.1|636147904232560941|888129|49930|14.7987770902233|107.843620680932||||49930|389.75|41525||||888129|HVN270|5775|X|0|0|8||||132|163|132|163|[]|636148147300000000|13:52:10:000
21|2.1|636147904276405325|888129|49934.3828125|14.8092055188639|107.843620680932||||49934.3671875|389.75|41525||||888129|HVN270|5775|X|0|0|8||||132|163|132|163|[]|636148147343830000|13:52:14:383
21|2.1|636147904317119396|888129|49938.453125|14.8189043866531|107.84359922326||||49938.453125|389.75|41525||||888129|HVN270|5775|X|0|0|8||||132|163|132|163|[]|636148147384530000|13:52:18:453
21|2.1|636147904359863670|888129|49942.71875|14.8288392888354|107.843620680932||||49942.7109375|389.75|41525||||888129|HVN270|5775|X|0|0|8||||132|163|132|163|[]|636148147427190000|13:52:22:719
21|2.1|636147904409778661|888129|49947.7109375|14.8406624661625|107.843620680932||||49947.703125|389.75|41525||||888129|HVN270|5775|X|0|0|8||||132|163|132|163|[]|636148147477110000|13:52:27:711
21|2.1|636147904452682951|888129|49952|14.85085486041|107.843663596276||||49951.9921875|389.75|41525||||888129|HVN270|5775|X|0|0|8||||132|163|132|163|[]|636148147520000000|13:52:32:000
21|2.1|636147904496837366|888129|49956.421875|14.8612832890506|107.843749426964||||49956.40625|390|41525||||888129|HVN270|5775|X|0|0|8||||132|163|132|163|[]|636148147564220000|13:52:36:422
21|2.1|636147904537231405|888129|49960.4609375|14.8710036145119|107.843813799981||||49960.453125|390|41550||||888129|HVN270|5775|X|0|0|8||||132|163|132|163|[]|636148147604610000|13:52:40:461
21|2.1|636147904581385820|888129|49964.8828125|14.8813891278083|107.843964003685||||49964.8828125|390|41550||||888129|HVN270|5775|X|0|0|8||||132|163|132|163|[]|636148147648830000|13:52:44:883
21|2.1|636147904627250406|888129|49969.453125|14.8922896252351|107.84411420739||||49969.4375|390|41550||||888129|HVN270|5775|X|0|0|8||||132|163|132|163|[]|636148147694530000|13:52:49:453
21|2.1|636147904672494930|888129|49973.984375|14.9029540882688|107.844242953423||||49973.96875|390|41550||||888129|HVN270|5775|X|0|0|8||||132|163|132|163|[]|636148147739840000|13:52:53:984
21|2.1|636147904716639344|888129|49978.3984375|14.9133396015652|107.844543360832||||49978.390625|390|41550||||888129|HVN270|5775|X|0|0|8||||132|163|132|163|[]|636148147783980000|13:52:58:398
21|2.1|636147904757203400|888129|49982.4609375|14.9230599270265|107.844822310569||||49982.4609375|389.75|41525||||888129|HVN270|5775|X|0|0|8||||132|163|132|163|[]|636148147824610000|13:53:02:461
21|2.1|636147904802137893|888129|49986.953125|14.933681474716|107.845187090995||||49986.9375|389.75|41525||||888129|HVN270|5775|X|0|0|8||||132|163|132|163|[]|636148147869530000|13:53:06:953
21|2.1|636147904845352214|888129|49991.28125|14.9438309536193|107.845551871421||||49991.2734375|389.75|41500||||888129|HVN270|5775|X|0|0|8||||132|163|132|163|[]|636148147912810000|13:53:11:281
21|2.1|636147904887316410|888129|49995.4609375|14.9537658558016|107.845938109519||||49995.453125|390|41550||||888129|HVN270|5775|X|0|0|8||||132|163|132|163|[]|636148147954610000|13:53:15:461
21|2.1|636147904928500528|888129|49999.5859375|14.9634647235908|107.846302889944||||49999.5703125|389.75|41525||||888129|HVN270|5775|X|0|0|8||||132|163|132|163|[]|636148147995860000|13:53:19:586
21|2.1|636147904968744552|888129|50003.609375|14.9728846416427|107.846710585714||||50003.609375|390|41550||||888129|HVN270|5775|X|0|0|8||||132|163|132|163|[]|636148148036090000|13:53:23:609
21|2.1|636147905018359513|888129|50008.5703125|14.9847078189698|107.8471826545||||50008.5625|389.75|41525||||888129|HVN270|5775|X|0|0|8||||132|163|132|163|[]|636148148085700000|13:53:28:570
21|2.1|636147905059083585|888129|50012.6484375|14.9943637714148|107.847633265614||||50012.640625|389.75|41525||||888129|HVN270|5775|X|0|0|8||||132|163|132|163|[]|636148148126480000|13:53:32:648
21|2.1|636147905102447921|888129|50016.984375|15.0045347079902|107.848019503712||||50016.96875|389.75|41525||||888129|HVN270|5775|X|0|0|8||||132|163|132|163|[]|636148148169840000|13:53:36:984
21|2.1|636147905144102086|888129|50021.140625|15.0141906604352|107.848448657154||||50021.1328125|390|41550||||888129|HVN270|5775|X|0|0|8||||132|163|132|163|[]|636148148211410000|13:53:41:141
21|2.1|636147905184816157|888129|50025.21875|15.0238895282244|107.848856352924||||50025.2109375|390|41575||||888129|HVN270|5775|X|0|0|8||||132|163|132|163|[]|636148148252190000|13:53:45:219
21|2.1|636147905229120587|888129|50029.640625|15.0342750415208|107.849242591022||||50029.6328125|389.75|41525||||888129|HVN270|5775|X|0|0|8||||132|163|132|163|[]|636148148296410000|13:53:49:641
21|2.1|636147905272484923|888129|50033.9921875|15.0446605548172|107.849693202136||||50033.984375|390|41550||||888129|HVN270|5775|X|0|0|8||||132|163|132|163|[]|636148148339920000|13:53:53:992
21|2.1|636147905317419416|888129|50038.46875|15.0553035601788|107.850186728594||||50038.4609375|389.75|41525||||888129|HVN270|5775|X|0|0|8||||132|163|132|163|[]|636148148384690000|13:53:58:469
21|2.1|636147905358603534|888129|50042.59375|15.0649595126238|107.850572966692||||50042.578125|389.75|41525||||888129|HVN270|5775|X|0|0|8||||132|163|132|163|[]|636148148425940000|13:54:02:594
21|2.1|636147905401197793|888129|50046.859375|15.0751089915271|107.851002120134||||50046.859375|389.75|41525||||888129|HVN270|5775|X|0|0|8||||132|163|132|163|[]|636148148468590000|13:54:06:859
21|2.1|636147905450042677|888129|50051.7421875|15.0864815577401|107.85147418892||||50051.734375|389.75|41525||||888129|HVN270|5775|X|0|0|8||||132|163|132|163|[]|636148148517420000|13:54:11:742
21|2.1|636147905491986871|888129|50055.9296875|15.0963520869061|107.851860427018||||50055.9296875|390|41550||||888129|HVN270|5775|X|0|0|8||||132|163|132|163|[]|636148148559300000|13:54:15:930
21|2.1|636147905536761348|888129|50060.4140625|15.1069950922677|107.852332495804||||50060.3984375|390|41550||||888129|HVN270|5775|X|0|0|8||||132|163|132|163|[]|636148148604140000|13:54:20:414
21|2.1|636147905578725544|888129|50064.609375|15.1169085367779|107.852740191574||||50064.6015625|390|41550||||888129|HVN270|5775|X|0|0|8||||132|163|132|163|[]|636148148646090000|13:54:24:609
21|2.1|636147905623189990|888129|50069.0546875|15.1274871691232|107.853169345016||||50069.0390625|390|41550||||888129|HVN270|5775|X|0|0|8||||132|163|132|163|[]|636148148690550000|13:54:29:055
21|2.1|636147905663904061|888129|50073.1328125|15.1369070871751|107.85351266777||||50073.1171875|390|41525||||888129|HVN270|5775|X|0|0|8||||132|163|132|163|[]|636148148731330000|13:54:33:133
21|2.1|636147905705088179|888129|50077.2421875|15.146756158669|107.853941821212||||50077.2421875|390|41525||||888129|HVN270|5775|X|0|0|8||||132|163|132|163|[]|636148148772420000|13:54:37:242
21|2.1|636147905745042174|888129|50081.2421875|15.1561331613767|107.854285143965||||50081.2421875|389.75|41500||||888129|HVN270|5775|X|0|0|8||||132|163|132|163|[]|636148148812420000|13:54:41:242
21|2.1|636147905792926962|888129|50086.03125|15.1670980318198|107.854692839735||||50086.03125|389.75|41500||||888129|HVN270|5775|X||0|8||||132|163|132|163|[]|636148148860310000|13:54:46:031
21|2.1|636147905843001969|888129|50091.03125|15.178728090098|107.855186366194||||50091.0234375|389.75|41500||||888129|HVN270|5775|X|0|0|8||||132|163|132|163|[]|636148148910310000|13:54:51:031
21|2.1|636147905883406009|888129|50095.0703125|15.1882767541825|107.855529688947||||50095.0625|389.75|41500||||888129|HVN270|5775|X|0|0|8||||132|163|132|163|[]|636148148950700000|13:54:55:070
21|2.1|636147905923340002|888129|50099.0625|15.1975250108576|107.855873011701||||50099.0625|389.75|41500||||888129|HVN270|5775|X|0|0|8||||132|163|132|163|[]|636148148990630000|13:54:59:063
21|2.1|636147905964994167|888129|50103.234375|15.2070307595979|107.856259249799||||50103.21875|389.75|41500||||888129|HVN270|5775|X|0|0|8||||132|163|132|163|[]|636148149032340000|13:55:03:234
21|2.1|636147906040191686|888129|50110.75|15.2245831353757|107.856902979962||||50110.7421875|389.75|41500||||888129|HVN270|5775|X|0|0|8||||132|163|132|163|[]|636148149107500000|13:55:10:750
21|2.1|636147906087616428|888129|50115.5|15.2354192597862|107.857310675732||||50115.4921875|389.75|41525||||888129|HVN270|5775|X|0|0|8||||132|163|132|163|[]|636148149155000000|13:55:15:500
21|2.1|636147906131610827|888129|50119.890625|15.2455472810174|107.857696913829||||50119.8828125|389.75|41525||||888129|HVN270|5775|X|0|0|8||||132|163|132|163|[]|636148149198910000|13:55:19:891
21|2.1|636147906174355101|888129|50124.171875|15.2554392678555|107.858083151927||||50124.1640625|390|41550||||888129|HVN270|5775|X|0|0|8||||132|163|132|163|[]|636148149241720000|13:55:24:172
21|2.1|636147906223500015|888129|50129.0859375|15.2666830880359|107.858512305369||||50129.0703125|390|41550||||888129|HVN270|5775|X||0|8||||132|163|132|163|[]|636148149290860000|13:55:29:086
21|2.1|636147906265474212|888129|50133.28125|15.276360498153|107.858898543467||||50133.2734375|389.75|41525||||888129|HVN270|5775|X||0|8||||132|163|132|163|[]|636148149332810000|13:55:33:281
21|2.1|636147906308518516|888129|50137.5859375|15.2862739426632|107.859263323893||||50137.578125|390|41550||||888129|HVN270|5775|X||0|8||||132|163|132|163|[]|636148149375860000|13:55:37:586
21|2.1|636147906349392603|888129|50141.671875|15.295672403043|107.859628104318||||50141.6640625|390|41550||||888129|HVN270|5775|X||0|8||||132|163|132|163|[]|636148149416720000|13:55:41:672
21|2.1|636147906389326596|888129|50145.671875|15.3048777443739|107.859971427072||||50145.6640625|390|41550||||888129|HVN270|5775|X||0|8||||132|163|132|163|[]|636148149456720000|13:55:45:672
21|2.1|636147906429430606|888129|50149.671875|15.3140616280327|107.860293292153||||50149.6640625|390|41550||||888129|HVN270|5775|X||0|8||||132|163|132|163|[]|636148149496720000|13:55:49:672
21|2.1|636147906469364599|888129|50153.671875|15.3232669693636|107.860636614907||||50153.6640625|390|41550||||888129|HVN270|5775|X|0|0|8||||132|163|132|163|[]|636148149536720000|13:55:53:672
21|2.1|636147906513819044|888129|50158.125|15.3333949905948|107.861022853005||||50158.109375|390|41550||||888129|HVN270|5775|X|0|0|8||||132|163|132|163|[]|636148149581250000|13:55:58:125
21|2.1|636147906558763538|888129|50162.609375|15.3437161308749|107.861409091103||||50162.609375|390|41550||||888129|HVN270|5775|X|0|0|8||||132|163|132|163|[]|636148149626090000|13:56:02:609
21|2.1|636147906599317593|888129|50166.6640625|15.3531575065989|107.861752413856||||50166.6484375|390|41550||||888129|HVN270|5775|X|0|0|8||||132|163|132|163|[]|636148149666640000|13:56:06:664
21|2.1|636147906641911852|888129|50170.9296875|15.3628134590439|107.862138651954||||50170.921875|389.75|41525||||888129|HVN270|5775|X|0|0|8||||132|163|132|163|[]|636148149709300000|13:56:10:930
21|2.1|636147906681995860|888129|50174.9296875|15.3720188003748|107.862460517036||||50174.921875|390|41550||||888129|HVN270|5775|X|0|0|8||||132|163|132|163|[]|636148149749300000|13:56:14:930
21|2.1|636147906725520212|888129|50179.2890625|15.382146821606|107.862846755133||||50179.28125|390|41550||||888129|HVN270|5775|X|0|0|8||||132|163|132|163|[]|636148149792890000|13:56:19:289
21|2.1|636147906768894549|888129|50183.625|15.3919958930999|107.863232993231||||50183.609375|390|41550||||888129|HVN270|5775|X|0|0|8||||132|163|132|163|[]|636148149836250000|13:56:23:625
21|2.1|636147906810078667|888129|50187.7421875|15.4014158111518|107.863576315985||||50187.734375|389.75|41525||||888129|HVN270|5775|X|0|0|8||||132|163|132|163|[]|636148149877420000|13:56:27:742
21|2.1|636147906850012660|888129|50191.7421875|15.4106211524827|107.863919638738||||50191.734375|390|41550||||888129|HVN270|5775|X|0|0|8||||132|163|132|163|[]|636148149917420000|13:56:31:742
21|2.1|636147906893547013|888129|50196.0859375|15.4206848006976|107.864305876836||||50196.0703125|389.75|41525||||888129|HVN270|5775|X|0|0|8||||132|163|132|163|[]|636148149960860000|13:56:36:086
21|2.1|636147906937691427|888129|50200.5|15.4307913642567|107.864627741918||||50200.5|390|41550||||888129|HVN270|5775|X|0|0|8||||132|163|132|163|[]|636148150005000000|13:56:40:500
21|2.1|636147906980125670|888129|50204.7421875|15.4406404357506|107.864992522343||||50204.7421875|390|41550||||888129|HVN270|5775|X|0|0|8||||132|163|132|163|[]|636148150047420000|13:56:44:742
21|2.1|636147907023339991|888129|50209.0703125|15.4505324225887|107.865357302769||||50209.0625|390|41550||||888129|HVN270|5775|X|0|0|8||||132|163|132|163|[]|636148150090700000|13:56:49:070
21|2.1|636147907063434000|888129|50213.0703125|15.4596948485754|107.865743540867||||50213.0625|390|41550||||888129|HVN270|5775|X|0|0|8||||132|163|132|163|[]|636148150130700000|13:56:53:070
21|2.1|636147907107118368|888129|50217.4453125|15.4695439200693|107.866129778965||||50217.4296875|390|41550||||888129|HVN270|5775|X|0|0|8||||132|163|132|163|[]|636148150174450000|13:56:57:445
21|2.1|636147907150492705|888129|50221.78125|15.4796504836284|107.866473101718||||50221.7734375|390|41550||||888129|HVN270|5775|X|0|0|8||||132|163|132|163|[]|636148150217810000|13:57:01:781
21|2.1|636147907193226978|888129|50226.0546875|15.4895424704665|107.866859339816||||50226.0390625|389.75|41525||||888129|HVN270|5775|X|0|0|8||||132|163|132|163|[]|636148150260550000|13:57:06:055
21|2.1|636147907233951050|888129|50230.1328125|15.4986834387811|107.867181204898||||50230.125|389.75|41525||||888129|HVN270|5775|X|0|0|8||||132|163|132|163|[]|636148150301330000|13:57:10:133
21|2.1|636147907277155370|888129|50234.453125|15.5088114600123|107.867567442995||||50234.4453125|389.75|41525||||888129|HVN270|5775|X|0|0|8||||132|163|132|163|[]|636148150344530000|13:57:14:453
21|2.1|636147907318029457|888129|50238.53125|15.5179953436711|107.867910765749||||50238.5234375|390|41550||||888129|HVN270|5775|X|0|0|8||||132|163|132|163|[]|636148150385310000|13:57:18:531
21|2.1|636147907359223576|888129|50242.6640625|15.5276727537882|107.868297003847||||50242.6484375|390|41550||||888129|HVN270|5775|X|0|0|8||||132|163|132|163|[]|636148150426640000|13:57:22:664
21|2.1|636147907402277881|888129|50246.9609375|15.53750036761|107.868683241945||||50246.953125|390|41550||||888129|HVN270|5775|X|0|0|8||||132|163|132|163|[]|636148150469610000|13:57:26:961
21|2.1|636147907446582311|888129|50251.390625|15.5476069311691|107.869069480042||||50251.3828125|390|41550||||888129|HVN270|5775|X|0|0|8||||132|163|132|163|[]|636148150513910000|13:57:31:391
21|2.1|636147907486986351|888129|50255.421875|15.5568337301721|107.869412802796||||50255.421875|390|41550||||888129|HVN270|5775|X|0|0|8||||132|163|132|163|[]|636148150554220000|13:57:35:422
21|2.1|636147907530510703|888129|50259.78125|15.5669188360591|107.869799040894||||50259.78125|389.75|41525||||888129|HVN270|5775|X|0|0|8||||132|163|132|163|[]|636148150597810000|13:57:39:781
21|2.1|636147907574195071|888129|50264.15625|15.576982484274|107.870142363647||||50264.1484375|390|41550||||888129|HVN270|5775|X|0|0|8||||132|163|132|163|[]|636148150641560000|13:57:44:156
21|2.1|636147907614759127|888129|50268.203125|15.5861449102607|107.870485686401||||50268.1953125|389.75|41525||||888129|HVN270|5775|X|0|0|8||||132|163|132|163|[]|636148150682030000|13:57:48:203
21|2.1|636147907656713322|888129|50272.40625|15.5958008627057|107.870871924499||||50272.390625|389.75|41525||||888129|HVN270|5775|X|0|0|8||||132|163|132|163|[]|636148150724060000|13:57:52:406
21|2.1|636147907696817332|888129|50276.421875|15.6049632886924|107.871215247252||||50276.4140625|389.75|41525||||888129|HVN270|5775|X|0|0|8||||132|163|132|163|[]|636148150764220000|13:57:56:422
21|2.1|636147907736901340|888129|50280.421875|15.6141257146791|107.871558570006||||50280.4140625|389.75|41525||||888129|HVN270|5775|X|0|0|8||||132|163|132|163|[]|636148150804220000|13:58:00:422
21|2.1|636147907786366286|888129|50285.375|15.6255841115805|107.87200918112||||50285.359375|389.75|41525||||888129|HVN270|5775|X|0|0|8||||132|163|132|163|[]|636148150853750000|13:58:05:375
21|2.1|636147907827230372|888129|50289.453125|15.6349611142882|107.872395419218||||50289.4453125|390|41550||||888129|HVN270|5775|X||0|8||||132|163|132|163|[]|636148150894530000|13:58:09:453
21|2.1|636147907869824631|888129|50293.703125|15.644574151389|107.872738741971||||50293.6953125|390|41550||||888129|HVN270|5775|X||0|8||||132|163|132|163|[]|636148150937030000|13:58:13:703
21|2.1|636147907912718920|888129|50298|15.654444680555|107.873146437741||||50297.9921875|390|41550||||888129|HVN270|5775|X|0|0|8||||132|163|132|163|[]|636148150980000000|13:58:18:000
21|2.1|636147907960613709|888129|50302.7890625|15.6654310086702|107.873575591183||||50302.78125|390|41550||||888129|HVN270|5775|X|0|0|8||||132|163|132|163|[]|636148151027890000|13:58:22:789
21|2.1|636147908005388186|888129|50307.28125|15.6757521489503|107.873940371609||||50307.2734375|390|41550||||888129|HVN270|5775|X|0|0|8||||132|163|132|163|[]|636148151072810000|13:58:27:281
21|2.1|636147908045482195|888129|50311.28125|15.684914574937|107.874326609707||||50311.2734375|390|41550||||888129|HVN270|5775|X|0|0|8||||132|163|132|163|[]|636148151112810000|13:58:31:281
21|2.1|636147908087296376|888129|50315.4609375|15.6944632390215|107.87466993246||||50315.453125|390|41550||||888129|HVN270|5775|X|0|0|8||||132|163|132|163|[]|636148151154610000|13:58:35:461
21|2.1|636147908137531399|888129|50320.4921875|15.7059216359229|107.875099085902||||50320.484375|389.75|41525||||888129|HVN270|5775|X|0|0|8||||132|163|132|163|[]|636148151204920000|13:58:40:492
21|2.1|636147908178405486|888129|50324.5703125|15.7153415539748|107.875442408656||||50324.5625|390|41550||||888129|HVN270|5775|X|0|0|8||||132|163|132|163|[]|636148151245700000|13:58:44:570
21|2.1|636147908239711616|888129|50330.7109375|15.7292675831677|107.875957392786||||50330.703125|389.75|41525||||888129|HVN270|5775|X|0|0|8||||132|163|132|163|[]|636148151307110000|13:58:50:711
21|2.1|636147908307888433|888129|50337.5234375|15.7448243954402|107.876579665277||||50337.515625|390|41550||||888129|HVN270|5775|X|0|0|8||||132|163|132|163|[]|636148151375230000|13:58:57:523
21|2.1|636147908348292473|888129|50341.5625|15.7542013981479|107.876922988031||||50341.5546875|390|41550||||888129|HVN270|5775|X|0|0|8||||132|163|132|163|[]|636148151415630000|13:59:01:563
21|2.1|636147908388696513|888129|50345.6015625|15.7633852818067|107.877266310785||||50345.59375|390|41550||||888129|HVN270|5775|X|0|0|8||||132|163|132|163|[]|636148151456020000|13:59:05:602
21|2.1|636147908429100553|888129|50349.640625|15.7725477077934|107.877609633538||||50349.6328125|390|41550||||888129|HVN270|5775|X|0|0|8||||132|163|132|163|[]|636148151496410000|13:59:09:641
21|2.1|636147908470284671|888129|50353.75|15.7821822025663|107.877952956292||||50353.7421875|390|41550||||888129|HVN270|5775|X|0|0|8||||132|163|132|163|[]|636148151537500000|13:59:13:750
21|2.1|636147908514129055|888129|50358.15625|15.7922887661254|107.87833919439||||50358.140625|389.75|41525||||888129|HVN270|5775|X|0|0|8||||132|163|132|163|[]|636148151581560000|13:59:18:156
21|2.1|636147908554993141|888129|50362.234375|15.8014511921121|107.878725432487||||50362.21875|390|41550||||888129|HVN270|5775|X|0|0|8||||132|163|132|163|[]|636148151622340000|13:59:22:234
21|2.1|636147908598677509|888129|50366.6015625|15.8115577556712|107.879111670585||||50366.59375|389.75|41525||||888129|HVN270|5775|X|0|0|8||||132|163|132|163|[]|636148151666020000|13:59:26:602
21|2.1|636147908642051846|888129|50370.9453125|15.8214068271651|107.879476451011||||50370.9296875|390|41550||||888129|HVN270|5775|X|0|0|8||||132|163|132|163|[]|636148151709450000|13:59:30:945
21|2.1|636147908683235964|888129|50375.0546875|15.8310198642659|107.879862689109||||50375.0390625|389.75|41525||||888129|HVN270|5775|X|0|0|8||||132|163|132|163|[]|636148151750550000|13:59:35:055
21|2.1|636147908727540394|888129|50379.4921875|15.8411478854971|107.880248927206||||50379.484375|390|41550||||888129|HVN270|5775|X|0|0|8||||132|163|132|163|[]|636148151794920000|13:59:39:492
21|2.1|636147908771694809|888129|50383.90625|15.8512544490562|107.880635165304||||50383.890625|389.75|41525||||888129|HVN270|5775|X|0|0|8||||132|163|132|163|[]|636148151839060000|13:59:43:906
21|2.1|636147908814439083|888129|50388.1796875|15.8611464358943|107.881042861074||||50388.171875|390|41550||||888129|HVN270|5775|X|0|0|8||||132|163|132|163|[]|636148151881800000|13:59:48:180
21|2.1|636147908859053544|888129|50392.640625|15.8712315417813|107.881429099172||||50392.6328125|390|41550||||888129|HVN270|5775|X|0|0|8||||132|163|132|163|[]|636148151926410000|13:59:52:641
21|2.1|636147908899457584|888129|50396.6796875|15.8806514598332|107.881750964253||||50396.671875|390|41550||||888129|HVN270|5775|X|0|0|8||||132|163|132|163|[]|636148151966800000|13:59:56:680
21|2.1|636147908943451983|888129|50401.0703125|15.8907580233923|107.882137202351||||50401.0625|390|41550||||888129|HVN270|5775|X|0|0|8||||132|163|132|163|[]|636148152010700000|14:00:01:070
21|2.1|636147908984946132|888129|50405.234375|15.9001993991163|107.882501982777||||50405.21875|389.75|41525||||888129|HVN270|5775|X|0|0|8||||132|163|132|163|[]|636148152052340000|14:00:05:234
21|2.1|636147909028160453|888129|50409.5546875|15.9103059626754|107.882845305531||||50409.5390625|390|41550||||888129|HVN270|5775|X|0|0|8||||132|163|132|163|[]|636148152095550000|14:00:09:555
21|2.1|636147909069814618|888129|50413.7109375|15.9196829653831|107.882952593891||||50413.703125|390|41550||||888129|HVN270|5775|X|0|0|8||||132|163|132|163|[]|636148152137110000|14:00:13:711
21|2.1|636147909114279064|888129|50418.1640625|15.9300255633353|107.882609271137||||50418.1484375|390|41550||||888129|HVN270|5775|X|0|0|8||||132|163|132|163|[]|636148152181640000|14:00:18:164
21|2.1|636147909158433479|888129|50422.5859375|15.9401321268944|107.881729506581||||50422.5703125|389.75|41500||||888129|HVN270|5775|X|0|0|8||||132|163|132|163|[]|636148152225860000|14:00:22:586
21|2.1|636147909206788314|888129|50427.4140625|15.9510755396654|107.880248927206||||50427.40625|389.75|41525||||888129|HVN270|5775|X|0|0|8||||132|163|132|163|[]|636148152274140000|14:00:27:414
21|2.1|636147909254683103|888129|50432.203125|15.961933121748|107.878296279045||||50432.1953125|389.75|41525||||888129|HVN270|5775|X|0|0|8||||132|163|132|163|[]|636148152322030000|14:00:32:203
21|2.1|636147909297427377|888129|50436.4765625|15.9715676165209|107.876064681147||||50436.4609375|390|41550||||888129|HVN270|5775|X|0|0|8||||132|163|132|163|[]|636148152364770000|14:00:36:477
21|2.1|636147909341731807|888129|50440.9140625|15.9813523149985|107.873403929807||||50440.90625|389.75|41525||||888129|HVN270|5775|X|0|0|8||||132|163|132|163|[]|636148152409140000|14:00:40:914
21|2.1|636147909383856019|888129|50445.125|15.9905576563294|107.870464228729||||50445.109375|389.75|41525||||888129|HVN270|5775|X|0|0|8||||132|163|132|163|[]|636148152451250000|14:00:45:125
21|2.1|636147909428470480|888129|50449.5859375|16.0002779817907|107.866859339816||||50449.5703125|390|41550||||888129|HVN270|5775|X|0|0|8||||132|163|132|163|[]|636148152495860000|14:00:49:586
21|2.1|636147909475275160|888129|50454.25|16.0103201723335|107.862718009101||||50454.2421875|390|41550||||888129|HVN270|5775|X||0|8||||132|163|132|163|[]|636148152542500000|14:00:54:250
21|2.1|636147909520359668|888129|50458.7734375|16.0197400903854|107.85831918632||||50458.765625|389.75|41525||||888129|HVN270|5775|X||0|8||||132|163|132|163|[]|636148152587730000|14:00:58:773
21|2.1|636147909563724004|888129|50463.1015625|16.0286450243069|107.853834532851||||50463.09375|389.75|41525||||888129|HVN270|5775|X||0|8||||132|163|132|163|[]|636148152631020000|14:01:03:102
21|2.1|636147909604448076|888129|50467.1796875|16.0370993471143|107.849585913776||||50467.171875|389.75|41525||||888129|HVN270|5775|X|0|0|8||||132|163|132|163|[]|636148152671800000|14:01:07:180
21|2.1|636147909648752506|888129|50471.6015625|16.0462403154289|107.845079802635||||50471.59375|389.75|41525||||888129|HVN270|5775|X|0|0|8||||132|163|132|163|[]|636148152716020000|14:01:11:602
21|2.1|636147909690556686|888129|50475.6796875|16.0547804689247|107.840874098903||||50475.671875|389.75|41525||||888129|HVN270|5775|X|0|0|8||||132|163|132|163|[]|636148152756800000|14:01:15:680
21|2.1|636147909733460976|888129|50480.0703125|16.0639428949114|107.83634653009||||50480.0625|389.75|41525||||888129|HVN270|5775|X|0|0|8||||132|163|132|163|[]|636148152800700000|14:01:20:070
21|2.1|636147909774965126|888129|50484.234375|16.0724830484072|107.832183741702||||50484.21875|389.75|41525||||888129|HVN270|5775|X|0|0|8||||132|163|132|163|[]|636148152842340000|14:01:24:234
21|2.1|636147909815369166|888129|50488.2734375|16.0811090325914|107.827978037971||||50488.265625|390|41550||||888129|HVN270|5775|X|0|0|8||||132|163|132|163|[]|636148152882730000|14:01:28:273
21|2.1|636147909858573486|888129|50492.59375|16.0900783395292|107.823557757518||||50492.5859375|390|41575||||888129|HVN270|5775|X|0|0|8||||132|163|132|163|[]|636148152925940000|14:01:32:594
21|2.1|636147909904288057|888129|50497.1640625|16.0997128343021|107.818837069656||||50497.15625|390|41575||||888129|HVN270|5775|X|0|0|8||||132|163|132|163|[]|636148152971640000|14:01:37:164
21|2.1|636147909946252253|888129|50501.359375|16.1085533952073|107.81448116222||||50501.3515625|390|41550||||888129|HVN270|5775|X|0|0|8||||132|163|132|163|[]|636148153013590000|14:01:41:359
21|2.1|636147909990096637|888129|50505.7421875|16.1175870751614|107.810039424095||||50505.734375|390|41550||||888129|HVN270|5775|X|0|0|8||||132|163|132|163|[]|636148153057420000|14:01:45:742
21|2.1|636147910035181145|888129|50510.25|16.1272859429506|107.805275820889||||50510.2421875|389.75|41525||||888129|HVN270|5775|X|0|0|8||||132|163|132|163|[]|636148153102500000|14:01:50:250
21|2.1|636147910078855512|888129|50514.609375|16.1363196229047|107.800834082764||||50514.6015625|390|41550||||888129|HVN270|5775|X|0|0|8||||132|163|132|163|[]|636148153146090000|14:01:54:609
21|2.1|636147910120359662|888129|50518.7734375|16.1452030991541|107.796478175328||||50518.765625|389.75|41525||||888129|HVN270|5775|X|0|0|8||||132|163|132|163|[]|636148153187730000|14:01:58:773
21|2.1|636147910160453671|888129|50522.7734375|16.1536359642894|107.792315386941||||50522.765625|390|41550||||888129|HVN270|5775|X|0|0|8||||132|163|132|163|[]|636148153227730000|14:02:02:773
21|2.1|636147910202577883|888129|50526.984375|16.1625194405388|107.787938021832||||50526.9765625|389.75|41525||||888129|HVN270|5775|X|0|0|8||||132|163|132|163|[]|636148153269840000|14:02:06:984
21|2.1|636147910245472172|888129|50531.28125|16.1715960358371|107.783496283708||||50531.2734375|390|41550||||888129|HVN270|5775|X|0|0|8||||132|163|132|163|[]|636148153312810000|14:02:11:281
21|2.1|636147910286346259|888129|50535.359375|16.1803078507097|107.779204749288||||50535.3515625|389.75|41525||||888129|HVN270|5775|X|0|0|8||||132|163|132|163|[]|636148153353590000|14:02:15:359
21|2.1|636147910335491173|888129|50540.2734375|16.1906933640061|107.774097823328||||50540.265625|389.75|41525||||888129|HVN270|5775|X|0|0|8||||132|163|132|163|[]|636148153402730000|14:02:20:273
21|2.1|636147910393676991|888129|50546.09375|16.2030100677915|107.768025302123||||50546.0859375|390|41550||||888129|HVN270|5775|X|0|0|8||||132|163|132|163|[]|636148153460940000|14:02:26:094
21|2.1|636147910433931016|888129|50550.1328125|16.2115073059431|107.763841056064||||50550.125|390|41550||||888129|HVN270|5775|X|0|0|8||||132|163|132|163|[]|636148153501330000|14:02:30:133
21|2.1|636147910481045727|888129|50554.84375|16.2216353271743|107.75920619889||||50554.8359375|390|41550||||888129|HVN270|5775|X|0|0|8||||132|163|132|163|[]|636148153548440000|14:02:34:844
21|2.1|636147910530180640|888129|50559.75|16.2325787399453|107.754592799389||||50559.7421875|390|41550||||888129|HVN270|5775|X|0|0|8||||132|163|132|163|[]|636148153597500000|14:02:39:750
21|2.1|636147910576515273|888129|50564.3828125|16.2427711341928|107.750666045395||||50564.375|390|41550||||888129|HVN270|5775|X|0|0|8||||132|163|132|163|[]|636148153643830000|14:02:44:383
21|2.1|636147910618179439|888129|50568.546875|16.2519335601795|107.747404479235||||50568.53125|390|41550||||888129|HVN270|5775|X|0|0|8||||132|163|132|163|[]|636148153685470000|14:02:48:547
21|2.1|636147910695237144|888129|50576.265625|16.2696575973341|107.741911315178||||50576.25|389.75|41500||||888129|HVN270|5775|X||0|8||||132|163|132|163|[]|636148153762660000|14:02:56:266
21|2.1|636147910753582978|888129|50582.0859375|16.2829828117082|107.738392256953||||50582.0703125|389.75|41500||||888129|HVN270|5775|X|0|0|8||||132|163|132|163|[]|636148153820860000|14:03:02:086
21|2.1|636147910816139233|888129|50588.34375|16.2973379943431|107.735259436827||||50588.3359375|389.75|41525||||888129|HVN270|5775|X|0|0|8||||132|163|132|163|[]|636148153883440000|14:03:08:344
21|2.1|636147910877155334|888129|50594.4453125|16.3116288039617|107.732770346863||||50594.4296875|389.75|41500||||888129|HVN270|5775|X|0|0|8||||132|163|132|163|[]|636148153944450000|14:03:14:445
21|2.1|636147910924560074|888129|50599.1953125|16.3228940818142|107.731246852144||||50599.1796875|389.75|41525||||888129|HVN270|5775|X|0|0|8||||132|163|132|163|[]|636148153991950000|14:03:19:195
21|2.1|636147911031890806|888129|50609.921875|16.3482141348922|107.729101084934||||50609.9140625|389.75|41525||||888129|HVN270|5775|X|0|0|8||||132|163|132|163|[]|636148154099220000|14:03:29:922
21|2.1|636147911074325049|888129|50614.1640625|16.3583636137955|107.728500270115||||50614.15625|389.75|41525||||888129|HVN270|5775|X|0|0|8||||132|163|132|163|[]|636148154141640000|14:03:34:164
21|2.1|636147911130960712|888129|50619.8203125|16.3716244551533|107.727620505559||||50619.8125|390|41550||||888129|HVN270|5775|X|0|0|8||||132|163|132|163|[]|636148154198200000|14:03:39:820
21|2.1|636147911208178433|888129|50627.546875|16.3898205610941|107.726440333594||||50627.53125|390|41525||||888129|HVN270|5775|X|0|0|8||||132|163|132|163|[]|636148154275470000|14:03:47:547
21|2.1|636147911256853300|888129|50632.4140625|16.4014291617002|107.725646399726||||50632.40625|390|41525||||888129|HVN270|5775|X|0|0|8||||132|163|132|163|[]|636148154324140000|14:03:52:414
21|2.1|636147911305998214|888129|50637.3203125|16.4130163046342|107.724852465858||||50637.3125|390|41525||||888129|HVN270|5775|X|0|0|8||||132|163|132|163|[]|636148154373200000|14:03:57:320
21|2.1|636147911375105124|888129|50644.25|16.4295601698233|107.723736666909||||50644.2421875|389.75|41525||||888129|HVN270|5775|X|0|0|8||||132|163|132|163|[]|636148154442500000|14:04:04:250
21|2.1|636147911415669180|888129|50648.296875|16.4390230032194|107.723114394418||||50648.28125|389.75|41525||||888129|HVN270|5775|X|0|0|8||||132|163|132|163|[]|636148154482970000|14:04:08:297
21|2.1|636147911457783391|888129|50652.5|16.4489579054017|107.722492121927||||50652.4921875|389.75|41525||||888129|HVN270|5775|X|0|0|8||||132|163|132|163|[]|636148154525000000|14:04:12:500
21|2.1|636147911501947807|888129|50656.921875|16.4593434186981|107.72180547642||||50656.9140625|389.75|41525||||888129|HVN270|5775|X|0|0|8||||132|163|132|163|[]|636148154569220000|14:04:16:922
21|2.1|636147911552962908|888129|50662.03125|16.4714026304183|107.72099008488||||50662.0234375|390|41550||||888129|HVN270|5775|X|0|0|8||||132|163|132|163|[]|636148154620310000|14:04:22:031
21|2.1|636147911602567868|888129|50666.984375|16.4832258077454|107.720217608685||||50666.9765625|390|41550||||888129|HVN270|5775|X|0|0|8||||132|163|132|163|[]|636148154669840000|14:04:26:984
21|2.1|636147911647332344|888129|50671.453125|16.4938258977628|107.71955242085||||50671.4453125|390|41550||||888129|HVN270|5775|X|0|0|8||||132|163|132|163|[]|636148154714530000|14:04:31:453
21|2.1|636147911690866697|888129|50675.8125|16.5039753766661|107.718887233014||||50675.8046875|389.75|41525||||888129|HVN270|5775|X|0|0|8||||132|163|132|163|[]|636148154758130000|14:04:35:813
21|2.1|636147911731260736|888129|50679.8515625|16.5136957021274|107.718243502851||||50679.84375|390|41550||||888129|HVN270|5775|X|0|0|8||||132|163|132|163|[]|636148154798520000|14:04:39:852
21|2.1|636147911775415151|888129|50684.265625|16.524124130768|107.717535399672||||50684.25|390|41550||||888129|HVN270|5775|X|0|0|8||||132|163|132|163|[]|636148154842660000|14:04:44:266
21|2.1|636147911819099519|888129|50688.640625|16.5342736096713|107.716870211837||||50688.6328125|390|41525||||888129|HVN270|5775|X|0|0|8||||132|163|132|163|[]|636148154886410000|14:04:48:641
21|2.1|636147911861843793|888129|50692.9140625|16.5444445462467|107.716226481674||||50692.90625|390|41550||||888129|HVN270|5775|X|0|0|8||||132|163|132|163|[]|636148154929140000|14:04:52:914
21|2.1|636147911902717880|888129|50696.9921875|16.554164871708|107.715561293839||||50696.984375|389.75|41525||||888129|HVN270|5775|X|0|0|8||||132|163|132|163|[]|636148154969920000|14:04:56:992
21|2.1|636147911942661874|888129|50700.9921875|16.5636491627762|107.71496047902||||50700.984375|390|41550||||888129|HVN270|5775|X|0|0|8||||132|163|132|163|[]|636148155009920000|14:05:00:992
21|2.1|636147911982595867|888129|50704.9921875|16.5731119961723|107.714381121873||||50704.984375|389.75|41525||||888129|HVN270|5775|X|0|0|8||||132|163|132|163|[]|636148155049920000|14:05:04:992
21|2.1|636147912026270234|888129|50709.3515625|16.5835833401571|107.713694476366||||50709.34375|389.75|41525||||888129|HVN270|5775|X|0|0|8||||132|163|132|163|[]|636148155093520000|14:05:09:352
21|2.1|636147912069494556|888129|50713.6796875|16.5937542767325|107.712986373187||||50713.671875|389.75|41525||||888129|HVN270|5775|X|0|0|8||||132|163|132|163|[]|636148155136800000|14:05:13:680
21|2.1|636147912112538860|888129|50717.984375|16.6039252133079|107.712321185352||||50717.9765625|390|41525||||888129|HVN270|5775|X|0|0|8||||132|163|132|163|[]|636148155179840000|14:05:17:984
21|2.1|636147912154503056|888129|50722.1796875|16.6138815731623|107.711677455189||||50722.171875|390|41525||||888129|HVN270|5775|X|0|0|8||||132|163|132|163|[]|636148155221800000|14:05:22:180
21|2.1|636147912197257331|888129|50726.453125|16.6240954250819|107.711012267354||||50726.4453125|390|41525||||888129|HVN270|5775|X|0|0|8||||132|163|132|163|[]|636148155264530000|14:05:26:453
21|2.1|636147912239231528|888129|50730.65625|16.6340303272642|107.710389994863||||50730.640625|390|41525||||888129|HVN270|5775|X|0|0|8||||132|163|132|163|[]|636148155306560000|14:05:30:656
21|2.1|636147912281345739|888129|50734.8671875|16.6440081447907|107.709724807028||||50734.8515625|390|41525||||888129|HVN270|5775|X|0|0|8||||132|163|132|163|[]|636148155348670000|14:05:34:867
21|2.1|636147912321279732|888129|50738.8671875|16.6534924358589|107.709102534537||||50738.8515625|389.75|41500||||888129|HVN270|5775|X|0|0|8||||132|163|132|163|[]|636148155388670000|14:05:38:867
21|2.1|636147912361373741|888129|50742.8671875|16.662955269255|107.708458804374||||50742.8515625|389.75|41525||||888129|HVN270|5775|X|0|0|8||||132|163|132|163|[]|636148155428670000|14:05:42:867
21|2.1|636147912404748078|888129|50747.203125|16.6731476635025|107.707793616539||||50747.1953125|389.75|41525||||888129|HVN270|5775|X|0|0|8||||132|163|132|163|[]|636148155472030000|14:05:47:203
21|2.1|636147912449042507|888129|50751.6328125|16.6835760921431|107.707106971032||||50751.625|389.75|41525||||888129|HVN270|5775|X|0|0|8||||132|163|132|163|[]|636148155516330000|14:05:51:633
21|2.1|636147912493816984|888129|50756.1171875|16.6942190975047|107.706398867852||||50756.1015625|389.75|41500||||888129|HVN270|5775|X|0|0|8||||132|163|132|163|[]|636148155561170000|14:05:56:117
21|2.1|636147912533910993|888129|50760.1171875|16.7037033885729|107.705776595361||||50760.1015625|389.75|41500||||888129|HVN270|5775|X|0|0|8||||132|163|132|163|[]|636148155601170000|14:06:00:117
21|2.1|636147912573844986|888129|50764.1171875|16.7131876796411|107.705132865198||||50764.1015625|390|41550||||888129|HVN270|5775|X|0|0|8||||132|163|132|163|[]|636148155641170000|14:06:04:117
21|2.1|636147912615039105|888129|50768.234375|16.7229080051024|107.704510592707||||50768.2265625|390|41525||||888129|HVN270|5775|X|0|0|8||||132|163|132|163|[]|636148155682340000|14:06:08:234
21|2.1|636147912657163317|888129|50772.4453125|16.7328858226289|107.703888320217||||50772.4375|389.75|41500||||888129|HVN270|5775|X|0|0|8||||132|163|132|163|[]|636148155724450000|14:06:12:445
21|2.1|636147912697097310|888129|50776.4453125|16.7423701136971|107.703244590054||||50776.4375|390|41525||||888129|HVN270|5775|X|0|0|8||||132|163|132|163|[]|636148155764450000|14:06:16:445
21|2.1|636147912738901490|888129|50780.625|16.7523264735515|107.702600859891||||50780.6171875|389.75|41500||||888129|HVN270|5775|X|0|0|8||||132|163|132|163|[]|636148155806250000|14:06:20:625
21|2.1|636147912780085608|888129|50784.7421875|16.7620253413407|107.702000045072||||50784.734375|389.75|41500||||888129|HVN270|5775|X|0|0|8||||132|163|132|163|[]|636148155847420000|14:06:24:742
21|2.1|636147912824090008|888129|50789.1328125|16.7724537699813|107.701291941892||||50789.125|390|41525||||888129|HVN270|5775|X||0|8||||132|163|132|163|[]|636148155891330000|14:06:29:133
21|2.1|636147912874635062|888129|50794.1796875|16.7845558970457|107.700498008025||||50794.171875|390|41525||||888129|HVN270|5775|X|0|0|8||||132|163|132|163|[]|636148155941800000|14:06:34:180
21|2.1|636147912915349133|888129|50798.265625|16.7942976801791|107.699897193206||||50798.2578125|389.75|41500||||888129|HVN270|5775|X|0|0|8||||132|163|132|163|[]|636148155982660000|14:06:38:266
21|2.1|636147912959183516|888129|50802.640625|16.8044686167545|107.699210547699||||50802.6328125|390|41525||||888129|HVN270|5775|X|0|0|8||||132|163|132|163|[]|636148156026410000|14:06:42:641
21|2.1|636147913000367634|888129|50806.765625|16.8144249766089|107.698523902192||||50806.7578125|389.75|41500||||888129|HVN270|5775|X|0|0|8||||132|163|132|163|[]|636148156067660000|14:06:46:766
21|2.1|636147913045452142|888129|50811.2734375|16.8251108973147|107.697858714356||||50811.265625|390|41525||||888129|HVN270|5775|X|0|0|8||||132|163|132|163|[]|636148156112730000|14:06:51:273
21|2.1|636147913086336230|888129|50815.3515625|16.834831222776|107.697214984193||||50815.34375|390|41525||||888129|HVN270|5775|X|0|0|8||||132|163|132|163|[]|636148156153520000|14:06:55:352
21|2.1|636147913139211517|888129|50820.640625|16.8471693842335|107.696421050326||||50820.6328125|390|41525||||888129|HVN270|5775|X|0|0|8||||132|163|132|163|[]|636148156206410000|14:07:00:641
21|2.1|636147913184146010|888129|50825.140625|16.857790931923|107.695691489474||||50825.1328125|389.75|41500||||888129|HVN270|5775|X|0|0|8||||132|163|132|163|[]|636148156251410000|14:07:05:141
21|2.1|636147913226120207|888129|50829.34375|16.8677687494495|107.695069216983||||50829.3359375|389.75|41500||||888129|HVN270|5775|X|0|0|8||||132|163|132|163|[]|636148156293440000|14:07:09:344
21|2.1|636147913362773871|888129|50843|16.9001912919926|107.692944907446||||50842.9921875|390|||||888129|HVN270|5775|X||0|8||||132|163|132|163|[]|636148156430000000|14:07:23:000
21|2.1|636147913411918785|888129|50847.9140625|16.9117998925987|107.69217243125||||50847.90625|390|41525||||888129|HVN270|5775|X||0|8||||132|163|132|163|[]|636148156479140000|14:07:27:914
21|2.1|636147913453092902|888129|50852.03125|16.9214987603879|107.691528701087||||50852.0234375|389.75|41500||||888129|HVN270|5775|X|0|0|8||||132|163|132|163|[]|636148156520310000|14:07:32:031
21|2.1|636147913497567349|888129|50856.484375|16.9321846810937|107.690820597908||||50856.4765625|390|41525||||888129|HVN270|5775|X|0|0|8||||132|163|132|163|[]|636148156564840000|14:07:36:484
21|2.1|636147913537501342|888129|50860.484375|16.9416475144898|107.690198325417||||50860.4765625|389.75|41500||||888129|HVN270|5775|X|0|0|8||||132|163|132|163|[]|636148156604840000|14:07:40:484
21|2.1|636147913581805772|888129|50864.90625|16.9520330277862|107.689533137582||||50864.890625|390|41525||||888129|HVN270|5775|X|0|0|8||||132|163|132|163|[]|636148156649060000|14:07:44:906
21|2.1|636147913622689860|888129|50868.984375|16.9617318955754|107.688910865091||||50868.9765625|390|41525||||888129|HVN270|5775|X|0|0|8||||132|163|132|163|[]|636148156689840000|14:07:48:984
21|2.1|636147913663403931|888129|50873.0625|16.9714522210367|107.688267134928||||50873.0546875|390|41525||||888129|HVN270|5775|X|0|0|8||||132|163|132|163|[]|636148156730630000|14:07:53:063
21|2.1|636147913705678158|888129|50877.296875|16.981387123219|107.687601947093||||50877.28125|390|41525||||888129|HVN270|5775|X|0|0|8||||132|163|132|163|[]|636148156772970000|14:07:57:297
21|2.1|636147913748102400|888129|50881.53125|16.9913220254013|107.686936759258||||50881.5234375|389.75|41500||||888129|HVN270|5775|X|0|0|8||||132|163|132|163|[]|636148156815310000|14:08:01:531
21|2.1|636147913788036393|888129|50885.53125|17.0007848587974|107.686293029095||||50885.5234375|389.75|41500||||888129|HVN270|5775|X|0|0|8||||132|163|132|163|[]|636148156855310000|14:08:05:531
21|2.1|636147913830000589|888129|50889.734375|17.0106768456355|107.685627841259||||50889.7265625|390|41525||||888129|HVN270|5775|X|0|0|8||||132|163|132|163|[]|636148156897340000|14:08:09:734
21|2.1|636147913870884677|888129|50893.8125|17.0203757134247|107.685005568769||||50893.8046875|389.75|41500||||888129|HVN270|5775|X|0|0|8||||132|163|132|163|[]|636148156938130000|14:08:13:813
21|2.1|636147913914088997|888129|50898.1328125|17.0305466500001|107.684318923261||||50898.125|389.75|41500||||888129|HVN270|5775|X|0|0|8||||132|163|132|163|[]|636148156981330000|14:08:18:133
21|2.1|636147913957463334|888129|50902.4609375|17.0409321632965|107.683653735426||||50902.453125|390|41525||||888129|HVN270|5775|X|0|0|8||||132|163|132|163|[]|636148157024610000|14:08:22:461
21|2.1|636147914001607748|888129|50906.8828125|17.051339134265|107.682967089919||||50906.875|390|41525||||888129|HVN270|5775|X|0|0|8||||132|163|132|163|[]|636148157068830000|14:08:26:883
21|2.1|636147914042801867|888129|50911|17.0609736290379|107.682344817428||||50910.9921875|389.75|41500||||888129|HVN270|5775|X|0|0|8||||132|163|132|163|[]|636148157110000000|14:08:31:000
21|2.1|636147914085536140|888129|50915.2734375|17.0711445656133|107.681636714249||||50915.265625|390|41525||||888129|HVN270|5775|X|0|0|8||||132|163|132|163|[]|636148157152730000|14:08:35:273
21|2.1|636147914130630649|888129|50919.796875|17.0817446556307|107.680735492021||||50919.78125|390|41525||||888129|HVN270|5775|X||0|8||||132|163|132|163|[]|636148157197970000|14:08:39:797
21|2.1|636147914234211006|888129|50930.140625|17.1057987060548|107.677280806813||||50930.1328125|389.75|41500||||888129|HVN270|5775|X|0|0|8||||132|163|132|163|[]|636148157301410000|14:08:50:141
21|2.1|636147914278365421|888129|50934.5625|17.1162271346954|107.675177954947||||50934.5546875|389.75|41500||||888129|HVN270|5775|X||0|8||||132|163|132|163|[]|636148157345630000|14:08:54:563
21|2.1|636147914321899774|888129|50938.9140625|17.1261191215335|107.67286052636||||50938.90625|389.75|41500||||888129|HVN270|5775|X|0|0|8||||132|163|132|163|[]|636148157389140000|14:08:58:914
21|2.1|636147914371184702|888129|50943.84375|17.1373200263697|107.669834994594||||50943.8359375|389.75|41500||||888129|HVN270|5775|X||0|8||||132|163|132|163|[]|636148157438440000|14:09:03:844
21|2.1|636147914411748758|888129|50947.90625|17.1465897407169|107.667024039549||||50947.8984375|389.75|41500||||888129|HVN270|5775|X|0|0|8||||132|163|132|163|[]|636148157479060000|14:09:07:906
21|2.1|636147914528750457|888129|50959.6015625|17.1725106086137|107.657539748481||||50959.59375|390|41525||||888129|HVN270|5775|X||0|8||||132|163|132|163|[]|636148157596020000|14:09:19:602
21|2.1|636147914573064888|888129|50964.0234375|17.1820592726982|107.653419875437||||50964.015625|390|41525||||888129|HVN270|5775|X||0|8||||132|163|132|163|[]|636148157640230000|14:09:24:023
21|2.1|636147914615659147|888129|50968.296875|17.1913075293733|107.649106883345||||50968.28125|390|41525||||888129|HVN270|5775|X||0|8||||132|163|132|163|[]|636148157682970000|14:09:28:297
21|2.1|636147914671964777|888129|50973.921875|17.2032165373888|107.643313311878||||50973.9140625|390|41525||||888129|HVN270|5775|X|0|0|8||||132|163|132|163|[]|636148157739220000|14:09:33:922
21|2.1|636147914713148895|888129|50978.046875|17.2119498099335|107.639129065819||||50978.03125|390|41525||||888129|HVN270|5775|X|0|0|8||||132|163|132|163|[]|636148157780470000|14:09:38:047
21|2.1|636147914785246104|888129|50985.2578125|17.2275280798781|107.631747626616||||50985.2421875|389.75|41500||||888129|HVN270|5775|X||0|8||||132|163|132|163|[]|636148157852580000|14:09:45:258
21|2.1|636147914829380517|888129|50989.6640625|17.23694799793|107.627327346164||||50989.65625|389.75|41500||||888129|HVN270|5775|X|0|0|8||||132|163|132|163|[]|636148157896640000|14:09:49:664
21|2.1|636147914871494728|888129|50993.8828125|17.2459173048678|107.623121642432||||50993.875|389.75|41500||||888129|HVN270|5775|X||0|8||||132|163|132|163|[]|636148157938830000|14:09:53:883
21|2.1|636147914912838862|888129|50998.0078125|17.2546720350846|107.619023227061||||50997.9921875|390|41525||||888129|HVN270|5775|X|0|0|8||||132|163|132|163|[]|636148157980080000|14:09:58:008
21|2.1|636147914960263604|888129|51002.7578125|17.2649717176926|107.614216708511||||51002.7421875|390|41525||||888129|HVN270|5775|X|0|0|8||||132|163|132|163|[]|636148158027580000|14:10:02:758
21|2.1|636147915000357613|888129|51006.7578125|17.2734904135163|107.610204123828||||51006.7421875|390|41525||||888129|HVN270|5775|X|0|0|8||||132|163|132|163|[]|636148158067580000|14:10:06:758
21|2.1|636147915047322309|888129|51011.4609375|17.2835540617312|107.605440520622||||51011.453125|390|41525||||888129|HVN270|5775|X|0|0|8||||132|163|132|163|[]|636148158114610000|14:10:11:461
21|2.1|636147915106748251|888129|51017.40625|17.2962140882702|107.599518203122||||51017.3984375|390|41525||||888129|HVN270|5775|X|0|0|8||||132|163|132|163|[]|636148158174060000|14:10:17:406
21|2.1|636147915148092385|888129|51021.53125|17.304968818487|107.595419787751||||51021.515625|390|41525||||888129|HVN270|5775|X|0|0|8||||132|163|132|163|[]|636148158215310000|14:10:21:531
21|2.1|636147915188816457|888129|51025.6015625|17.3137450063759|107.59132137238||||51025.59375|390|41525||||888129|HVN270|5775|X||0|8||||132|163|132|163|[]|636148158256020000|14:10:25:602
21|2.1|636147915236241199|888129|51030.3515625|17.3240446889839|107.58651485383||||51030.34375|389.75|41500||||888129|HVN270|5775|X|0|0|8||||132|163|132|163|[]|636148158303520000|14:10:30:352
21|2.1|636147915280385613|888129|51034.765625|17.3334431493637|107.582051658033||||51034.7578125|390|41550||||888129|HVN270|5775|X|0|0|8||||132|163|132|163|[]|636148158347660000|14:10:34:766
21|2.1|636147915324540028|888129|51039.1875|17.3429059827598|107.57763137758||||51039.171875|389.75|41525||||888129|HVN270|5775|X|0|0|8||||132|163|132|163|[]|636148158391880000|14:10:39:188
21|2.1|636147915373684942|888129|51044.09375|17.3533558690725|107.572674655325||||51044.0859375|390|41525||||888129|HVN270|5775|X|0|0|8||||132|163|132|163|[]|636148158440940000|14:10:44:094
21|2.1|636147915416579231|888129|51048.3828125|17.3625826680755|107.568361663233||||51048.375|390|41550||||888129|HVN270|5775|X|0|0|8||||132|163|132|163|[]|636148158483830000|14:10:48:383
21|2.1|636147915460263599|888129|51052.7421875|17.3718094670785|107.564005755797||||51052.734375|390|41525||||888129|HVN270|5775|X|0|0|8||||132|163|132|163|[]|636148158527420000|14:10:52:742
21|2.1|636147915503637936|888129|51057.0859375|17.3812937581467|107.559564017672||||51057.078125|390|41525||||888129|HVN270|5775|X|0|0|8||||132|163|132|163|[]|636148158570860000|14:10:57:086
21|2.1|636147915549032475|888129|51061.6328125|17.3909282529196|107.554972075843||||51061.625|390|41525||||888129|HVN270|5775|X|0|0|8||||132|163|132|163|[]|636148158616330000|14:11:01:633
21|2.1|636147915593186890|888129|51066.03125|17.4003910863157|107.550508880046||||51066.0234375|390|41525||||888129|HVN270|5775|X|0|0|8||||132|163|132|163|[]|636148158660310000|14:11:06:031
