21|2.1|636147897431510904|a14c29|49249.90625|13.9027476186715|100.832948594748||||49249.8984375|34|3325||||a14c29|DAL283|3633|X||0|8||||132|5|132|5|[]|636148140499060000|13:40:49:906
21|2.1|636147897474255178|a14c29|49254.1875|13.899850832938|100.830051809014||||49254.171875|33.5|3275||||a14c29|DAL283|3633|X||0|7||||132|5|132|5|[]|636148140541880000|13:40:54:188
21|2.1|636147897548822634|a14c29|49261.6484375|13.8948082799945|100.824944883054||||49261.6328125|32.5|3175||||a14c29|DAL283|3633|X||0|8||||132|5|132|5|[]|636148140616480000|13:41:01:648
21|2.1|636147897592196971|a14c29|49265.9765625|13.8919758672773|100.822005181977||||49265.9609375|32|3125||||a14c29|DAL283|3633|X||0|8||||132|5|132|5|[]|636148140659770000|13:41:05:977
21|2.1|636147897666454396|a14c29|49273.40625|13.8870835180385|100.816941171361||||49273.3984375|31|3025||||a14c29|DAL283|3633|X||0|8||||132|5|132|5|[]|636148140734060000|13:41:13:406
21|2.1|636147897751632913|a14c29|49281.9140625|13.8815045232925|100.81110468455||||49281.90625|30|2900||||a14c29|DAL283|3633|X||0|8||||132|5|132|5|[]|636148140819140000|13:41:21:914
21|2.1|636147897792346984|a14c29|49285.984375|13.8789081449684|100.808336644849||||49285.9765625|29.75|2875||||a14c29|DAL283|3633|X||0|8||||132|5|132|5|[]|636148140859840000|13:41:25:984
21|2.1|636147897836181367|a14c29|49290.375|13.8760542745791|100.805332570755||||49290.3671875|29.5|2850||||a14c29|DAL283|3633|X||0|8||||132|5|132|5|[]|636148140903750000|13:41:30:375
21|2.1|636147897881275876|a14c29|49294.8828125|13.8731360311735|100.802307038989||||49294.875|29|2800||||a14c29|DAL283|3633|X||0|8||||132|5|132|5|[]|636148140948830000|13:41:34:883
21|2.1|636147897924950243|a14c29|49299.2578125|13.8702821607842|100.799324422567||||49299.2421875|28.5|2750||||a14c29|DAL283|3633|X||0|8||||132|5|132|5|[]|636148140992580000|13:41:39:258
21|2.1|636147897970664814|a14c29|49303.8125|13.8673639173786|100.796255975457||||49303.8046875|28.25|2700||||a14c29|DAL283|3633|X||0|8||||132|5|132|5|[]|636148141038130000|13:41:43:813
21|2.1|636147898013409088|a14c29|49308.109375|13.8645529623335|100.793251901363||||49308.09375|28|2675||||a14c29|DAL283|3633|X||0|8||||132|5|132|5|[]|636148141081090000|13:41:48:109
21|2.1|636147898055223269|a14c29|49312.2734375|13.8618492956489|100.79046240399||||49312.265625|27.5|2625||||a14c29|DAL283|3633|X||0|8||||132|5|132|5|[]|636148141122730000|13:41:52:273
21|2.1|636147898095157262|a14c29|49316.2734375|13.8590168829317|100.788037687042||||49316.265625|27.25|2600||||a14c29|DAL283|3633|X||0|8||||132|5|132|5|[]|636148141162730000|13:41:56:273
21|2.1|636147898139301676|a14c29|49320.6875|13.8556265707399|100.785741716128||||49320.671875|26.75|2550||||a14c29|DAL283|3633|X||0|8||||132|5|132|5|[]|636148141206880000|13:42:00:688
21|2.1|636147898182996045|a14c29|49325.0546875|13.8520860548434|100.783660321934||||49325.046875|26.5|2525||||a14c29|DAL283|3633|X||0|8||||132|5|132|5|[]|636148141250550000|13:42:05:055
21|2.1|636147898229320677|a14c29|49329.6953125|13.8482665892096|100.781750589117||||49329.6875|26.25|2500||||a14c29|DAL283|3633|X||0|8||||132|5|132|5|[]|636148141296950000|13:42:09:695
21|2.1|636147898272845029|a14c29|49334.046875|13.8445329542642|100.780334382758||||49334.03125|25.75|2450||||a14c29|DAL283|3633|X||0|8||||132|5|132|5|[]|636148141340470000|13:42:14:047
21|2.1|636147898316069351|a14c29|49338.3671875|13.8408636923351|100.77932587217||||49338.3671875|25.5|2425||||a14c29|DAL283|3633|X||0|8||||132|5|132|5|[]|636148141383670000|13:42:18:367
21|2.1|636147898359113655|a14c29|49342.6640625|13.8371300573897|100.778403192269||||49342.65625|25|2375||||a14c29|DAL283|3633|X||0|8||||132|5|132|5|[]|636148141426640000|13:42:22:664
21|2.1|636147898411238867|a14c29|49347.8828125|13.8327741499534|100.777394681681||||49347.875|24.75|2350||||a14c29|DAL283|3633|X||0|8||||132|5|132|5|[]|636148141478830000|13:42:27:883
21|2.1|636147898452713014|a14c29|49352.0390625|13.8293194647453|100.776600747813||||49352.0234375|24.5|2325||||a14c29|DAL283|3633|X||0|8||||132|5|132|5|[]|636148141520390000|13:42:32:039
21|2.1|636147898494057148|a14c29|49356.1640625|13.8259291525535|100.775699525585||||49356.15625|24|2275||||a14c29|DAL283|3633|X||0|8||||132|5|132|5|[]|636148141561640000|13:42:36:164
21|2.1|636147898534941236|a14c29|49360.2421875|13.8226675863943|100.774798303357||||49360.234375|23.75|2225||||a14c29|DAL283|3633|X||0|8||||132|5|132|5|[]|636148141602420000|13:42:40:242
21|2.1|636147898579235665|a14c29|49364.6875|13.8192558165304|100.773789792768||||49364.671875|23.5|2200||||a14c29|DAL283|3633|X||0|8||||132|5|132|5|[]|636148141646880000|13:42:44:688
21|2.1|636147898623080049|a14c29|49369.0546875|13.8159084196828|100.772759824507||||49369.046875|23.25|2175||||a14c29|DAL283|3633|X||0|8||||132|5|132|5|[]|636148141690550000|13:42:49:055
21|2.1|636147898663634104|a14c29|49373.125|13.8129258032609|100.771901517623||||49373.1171875|23|2150||||a14c29|DAL283|3633|X||0|8||||132|5|132|5|[]|636148141731250000|13:42:53:125
21|2.1|636147898705448285|a14c29|49377.296875|13.8099002714948|100.771043210739||||49377.28125|22.25|2075||||a14c29|DAL283|3633|X||0|8||||132|5|132|5|[]|636148141772970000|13:42:57:297
21|2.1|636147898749442684|a14c29|49381.703125|13.8066601630077|100.770249276871||||49381.6953125|21.75|2025||||a14c29|DAL283|3633|X||0|8||||132|5|132|5|[]|636148141817030000|13:43:01:703
21|2.1|636147898790316771|a14c29|49385.7890625|13.80372046193|100.769498258348||||49385.7734375|21.25|1975||||a14c29|DAL283|3633|X||0|8||||132|5|132|5|[]|636148141857890000|13:43:05:789
21|2.1|636147898832440983|a14c29|49389.9921875|13.8006949301639|100.768725782152||||49389.984375|20.75|1925||||a14c29|DAL283|3633|X||0|8||||132|5|132|5|[]|636148141899920000|13:43:09:992
21|2.1|636147898875655304|a14c29|49394.328125|13.7976908560699|100.767974763629||||49394.3125|20.25|1875||||a14c29|DAL283|3633|X||0|8||||132|5|132|5|[]|636148141943280000|13:43:14:328
21|2.1|636147898920729811|a14c29|49398.828125|13.7945151205991|100.767159372089||||49398.8125|19.5|1775||||a14c29|DAL283|3633|X||0|8||||132|5|132|5|[]|636148141988280000|13:43:18:828
21|2.1|636147898965034241|a14c29|49403.2578125|13.7914252158167|100.766322522877||||49403.2421875|19|1725||||a14c29|DAL283|3633|X||0|8||||132|5|132|5|[]|636148142032580000|13:43:23:258
21|2.1|636147899005908328|a14c29|49407.34375|13.7885928030995|100.765550046682||||49407.3359375|18.5|1675||||a14c29|DAL283|3633|X||0|8||||132|5|132|5|[]|636148142073440000|13:43:27:344
21|2.1|636147899049902727|a14c29|49411.75|13.7855672713334|100.76471319747||||49411.734375|17.75|1600||||a14c29|DAL283|3633|X||0|8||||132|5|132|5|[]|636148142117500000|13:43:31:750
21|2.1|636147899105448281|a14c29|49417.296875|13.7817478056996|100.763769059897||||49417.28125|17|1525||||a14c29|DAL283|3633|X||0|8||||132|5|132|5|[]|636148142172970000|13:43:37:297
21|2.1|636147899181575893|a14c29|49424.9140625|13.7766194220677|100.762395768883||||49424.90625|16|1425||||a14c29|DAL283|3633|X||0|8||||132|5|132|5|[]|636148142249140000|13:43:44:914
21|2.1|636147899227750510|a14c29|49429.5390625|13.7735938903016|100.761644750359||||49429.53125|15.5|1350||||a14c29|DAL283|3633|X||0|8||||132|5|132|5|[]|636148142295390000|13:43:49:539
21|2.1|636147899275175252|a14c29|49434.2734375|13.7705683585355|100.76082935882||||49434.265625|15|1325||||a14c29|DAL283|3633|X||0|8||||132|5|132|5|[]|636148142342730000|13:43:54:273
21|2.1|636147899317769511|a14c29|49438.5390625|13.7679290648672|100.76012125564||||49438.5234375|14.5|1275||||a14c29|DAL283|3633|X||0|8||||132|5|132|5|[]|636148142385390000|13:43:58:539
21|2.1|636147899358333567|a14c29|49442.5859375|13.7653970595594|100.759413152461||||49442.578125|14|1225||||a14c29|DAL283|3633|X||0|8||||132|5|132|5|[]|636148142425860000|13:44:02:586
21|2.1|636147899399667700|a14c29|49446.7265625|13.7628435965795|100.758747964626||||49446.71875|13.5|1150||||a14c29|DAL283|3633|X||0|8||||132|5|132|5|[]|636148142467270000|13:44:06:727
21|2.1|636147899442101943|a14c29|49450.96875|13.7601828452391|100.758018403774||||49450.953125|13|1100||||a14c29|DAL283|3633|X||0|8||||132|5|132|5|[]|636148142509690000|13:44:10:969
21|2.1|636147899485476280|a14c29|49455.3046875|13.7575435515708|100.757310300595||||49455.296875|12.5|1050||||a14c29|DAL283|3633|X||0|8||||132|5|132|5|[]|636148142553050000|13:44:15:305
21|2.1|636147899527440476|a14c29|49459.5078125|13.7549257155746|100.756602197416||||49459.4921875|12|1000||||a14c29|DAL283|3633|X||0|8||||132|5|132|5|[]|636148142595080000|13:44:19:508
21|2.1|636147899570034735|a14c29|49463.7578125|13.7522864219063|100.755894094237||||49463.7578125|11.5|950||||a14c29|DAL283|3633|X||0|8||||132|5|132|5|[]|636148142637580000|13:44:23:758
21|2.1|636147899611058837|a14c29|49467.8671875|13.7497115012543|100.755228906401||||49467.8515625|11|900||||a14c29|DAL283|3633|X||0|8||||132|5|132|5|[]|636148142678670000|13:44:27:867
21|2.1|636147899651172848|a14c29|49471.875|13.7472438689628|100.754563718566||||49471.875|10.5|825||||a14c29|DAL283|3633|X||0|8||||132|5|132|5|[]|636148142718750000|13:44:31:875
21|2.1|636147899694837214|a14c29|49476.234375|13.7445831176224|100.753855615387||||49476.2265625|10|800||||a14c29|DAL283|3633|X||0|8||||132|5|132|5|[]|636148142762340000|13:44:36:234
21|2.1|636147899736331363|a14c29|49480.3828125|13.7420296546425|100.753211885224||||49480.375|9.5|725||||a14c29|DAL283|3633|X||0|8||||132|5|132|5|[]|636148142803830000|13:44:40:383
21|2.1|636147899777675497|a14c29|49484.515625|13.7394547339905|100.752546697389||||49484.5078125|9|675||||a14c29|DAL283|3633|X||0|8||||132|5|132|5|[]|636148142845160000|13:44:44:516
21|2.1|636147899818389568|a14c29|49488.59375|13.7369441863548|100.751924424898||||49488.5859375|8.5|625||||a14c29|DAL283|3633|X||0|8||||132|5|132|5|[]|636148142885940000|13:44:48:594
21|2.1|636147899862854014|a14c29|49493.0390625|13.7342405196702|100.751216321719||||49493.0234375|8|575||||a14c29|DAL283|3633|X||0|8||||132|5|132|5|[]|636148142930390000|13:44:53:039
21|2.1|636147899906538382|a14c29|49497.40625|13.7315368529856|100.750508218539||||49497.3984375|7.5|525||||a14c29|DAL283|3633|X||0|8||||132|5|132|5|[]|636148142974060000|13:44:57:406
21|2.1|636147899947252453|a14c29|49501.4765625|13.729047763022|100.749778657688||||49501.46875|7|475||||a14c29|DAL283|3633|X||0|8||||132|5|132|5|[]|636148143014770000|13:45:01:477
21|2.1|636147900006838411|a14c29|49507.4375|13.7252712127324|100.748791604771||||49507.421875|6.25|400||||a14c29|DAL283|3633|X||0|8||||132|5|132|5|[]|636148143074380000|13:45:07:438
21|2.1|636147900047092436|a14c29|49511.46875|13.7227177497525|100.748147874608||||49511.46875|6|375||||a14c29|DAL283|3633|X||0|8||||132|5|132|5|[]|636148143114690000|13:45:11:469
21|2.1|636147900089216648|a14c29|49515.6796875|13.7200569984121|100.747461229101||||49515.6640625|5.5|300||||a14c29|DAL283|3633|X||0|8||||132|5|132|5|[]|636148143156800000|13:45:15:680
21|2.1|636147900129460672|a14c29|49519.6953125|13.7175249931043|100.746817498938||||49519.6875|5|250||||a14c29|DAL283|3633|X||0|8||||132|5|132|5|[]|636148143196950000|13:45:19:695
21|2.1|636147900169714697|a14c29|49523.7265625|13.7149715301244|100.746195226447||||49523.71875|4.5|200||||a14c29|DAL283|3633|X||0|8||||132|5|132|5|[]|636148143237270000|13:45:23:727
21|2.1|636147900228530578|a14c29|49529.609375|13.7112593528511|100.745186715859||||49529.59375|3.75|125||||a14c29|DAL283|3633|X||0|8||||132|5|132|5|[]|636148143296090000|13:45:29:609
21|2.1|636147900274555180|a14c29|49534.203125|13.7083196517734|100.744435697335||||49534.1953125|3.25|75||||a14c29|DAL283|3633|X||0|8||||132|5|132|5|[]|636148143342030000|13:45:34:203
21|2.1|636147900337891513|a14c29|49540.546875|13.7043285247628|100.743319898386||||49540.5390625|2.5|0||||a14c29|DAL283|3633|X||0|8||||132|5|132|5|[]|636148143405470000|13:45:40:547
21|2.1|636147900454263149|a14c29|49552.1875|13.6971616622814|100.741453080913||||49552.171875|1.75|-75||||a14c29|DAL283|3633|X||0|7||||132|5|132|5|[]|636148143521880000|13:45:52:188
