21|2.1|636147911585866198|424782|50665.3203125|13.7291550513825|108.630344770806||||50665.3203125|430|45475||||424782|VPCCW|5166|X||0|8||||132|163|132|163|[]|636148154653200000|14:04:25:320
21|2.1|636147911636881299|424782|50670.40625|13.7185764190372|108.625302217863||||50670.390625|430|45500||||424782|VPCCW|5166|X||0|8||||132|163|132|163|[]|636148154704060000|14:04:30:406
21|2.1|636147911677915402|424782|50674.5|13.7099718925251|108.621117971803||||50674.4921875|430|45500||||424782|VPCCW|5166|X||0|8||||132|163|132|163|[]|636148154745000000|14:04:34:500
21|2.1|636147911722839894|424782|50679|13.70072363585|108.616719149023||||50678.9921875|430|45500||||424782|VPCCW|5166|X||0|8||||132|163|132|163|[]|636148154790000000|14:04:39:000
21|2.1|636147911767144324|424782|50683.4453125|13.6917543289122|108.612406156931||||50683.4375|430|45500||||424782|VPCCW|5166|X||0|8||||132|163|132|163|[]|636148154834450000|14:04:43:445
21|2.1|636147911925180126|424782|50699.25|13.6590742943039|108.596677683281||||50699.25|430|45500||||424782|VPCCW|5166|X||0|8||||132|163|132|163|[]|636148154992500000|14:04:59:250
21|2.1|636147911969174525|424782|50703.640625|13.6505555984802|108.59257926791||||50703.6328125|430|45475||||424782|VPCCW|5166|X||0|8||||132|163|132|163|[]|636148155036410000|14:05:03:641
21|2.1|636147912013478955|424782|50708.0859375|13.6412644264609|108.588158987458||||50708.078125|430|45500||||424782|VPCCW|5166|X||0|8||||132|163|132|163|[]|636148155080860000|14:05:08:086
21|2.1|636147912316439248|424782|50738.375|13.5802602646806|108.558933638057||||50738.359375|430|45475||||424782|VPCCW|5166|X||0|8||||132|163|132|163|[]|636148155383750000|14:05:38:375
21|2.1|636147912356703274|424782|50742.40625|13.5720205185942|108.555049799407||||50742.3984375|430|45475||||424782|VPCCW|5166|X||0|8||||132|163|132|163|[]|636148155424060000|14:05:42:406
21|2.1|636147912400527656|424782|50746.78125|13.5630941270006|108.550758264987||||50746.7734375|430|45475||||424782|VPCCW|5166|X||0|8||||132|163|132|163|[]|636148155467810000|14:05:46:781
21|2.1|636147912443581961|424782|50751.0859375|13.5541891930791|108.546509645911||||50751.078125|430|45475||||424782|VPCCW|5166|X||0|8||||132|163|132|163|[]|636148155510860000|14:05:51:086
21|2.1|636147912485706173|424782|50755.296875|13.5456490395833|108.54241123054||||50755.2890625|430|45475||||424782|VPCCW|5166|X||0|8||||132|163|132|163|[]|636148155552970000|14:05:55:297
21|2.1|636147912526110213|424782|50759.34375|13.5374951241853|108.538484476546||||50759.3359375|430|45475||||424782|VPCCW|5166|X||0|8||||132|163|132|163|[]|636148155593440000|14:05:59:344
21|2.1|636147912566674269|424782|50763.390625|13.5292124627547|108.534557722552||||50763.3828125|429.75|45450||||424782|VPCCW|5166|X||0|8||||132|163|132|163|[]|636148155633910000|14:06:03:391
21|2.1|636147913669474538|424782|50873.671875|13.3089494586482|108.429179094869||||50873.6640625|430|45475||||424782|VPCCW|5166|X||0|8||||132|163|132|163|[]|636148156736720000|14:07:53:672
21|2.1|636147913713158906|424782|50878.046875|13.2999801517104|108.424887560449||||50878.03125|430|45475||||424782|VPCCW|5166|X||0|8||||132|163|132|163|[]|636148156780470000|14:07:58:047
21|2.1|636147913755913181|424782|50882.3125|13.2912254214936|108.420703314389||||50882.3046875|430|45475||||424782|VPCCW|5166|X||0|8||||132|163|132|163|[]|636148156823130000|14:08:02:313
21|2.1|636147913800517641|424782|50886.78125|13.2822775722279|108.416411779969||||50886.78125|430|45475||||424782|VPCCW|5166|X||0|8||||132|163|132|163|[]|636148156867810000|14:08:06:781
21|2.1|636147913840611650|424782|50890.796875|13.274145114502|108.412549398991||||50890.7890625|430|45475||||424782|VPCCW|5166|X||0|8||||132|163|132|163|[]|636148156907970000|14:08:10:797
21|2.1|636147913883985987|424782|50895.125|13.2651972652363|108.408257864571||||50895.1171875|430|45500||||424782|VPCCW|5166|X||0|8||||132|163|132|163|[]|636148156951250000|14:08:15:125
21|2.1|636147913926100198|424782|50899.3359375|13.2566141963963|108.404180906872||||50899.3203125|430|45475||||424782|VPCCW|5166|X||0|8||||132|163|132|163|[]|636148156993360000|14:08:19:336
21|2.1|636147913974155003|424782|50904.140625|13.2467222095582|108.399438761338||||50904.140625|430|45475||||424782|VPCCW|5166|X||0|8||||132|163|132|163|[]|636148157041410000|14:08:24:141
21|2.1|636147914038741461|424782|50910.6015625|13.2334828258725|108.393151663413||||50910.6015625|430|45475||||424782|VPCCW|5166|X||0|8||||132|163|132|163|[]|636148157106020000|14:08:30:602
21|2.1|636147914082425829|424782|50914.9765625|13.2243847729021|108.388795755976||||50914.9609375|430|45475||||424782|VPCCW|5166|X||0|8||||132|163|132|163|[]|636148157149770000|14:08:34:977
21|2.1|636147914122829869|424782|50919.015625|13.2160591961273|108.384804628966||||50919|430|45475||||424782|VPCCW|5166|X||0|8||||132|163|132|163|[]|636148157190160000|14:08:39:016
21|2.1|636147914164474033|424782|50923.171875|13.2072830082384|108.380663298251||||50923.171875|430|45475||||424782|VPCCW|5166|X||0|8||||132|163|132|163|[]|636148157231720000|14:08:43:172
21|2.1|636147914207698355|424782|50927.4921875|13.1980776669075|108.37626447547||||50927.484375|430|45500||||424782|VPCCW|5166|X||0|8||||132|163|132|163|[]|636148157274920000|14:08:47:492
21|2.1|636147914249342519|424782|50931.6640625|13.1896448017722|108.372230433115||||50931.6640625|430|45500||||424782|VPCCW|5166|X||0|8||||132|163|132|163|[]|636148157316640000|14:08:51:664
21|2.1|636147914293506935|424782|50936.0703125|13.180375087425|108.367788694991||||50936.0625|430|45500||||424782|VPCCW|5166|X||0|8||||132|163|132|163|[]|636148157360700000|14:08:56:070
21|2.1|636147914336401224|424782|50940.3671875|13.1711268307499|108.363368414538||||50940.359375|430|45500||||424782|VPCCW|5166|X||0|8||||132|163|132|163|[]|636148157403670000|14:09:00:367
21|2.1|636147914377275311|424782|50944.4453125|13.1626510502704|108.359312914511||||50944.4375|430|45500||||424782|VPCCW|5166|X||0|8||||132|163|132|163|[]|636148157444450000|14:09:04:445
21|2.1|636147914418139397|424782|50948.53125|13.1537890316931|108.355085753107||||50948.53125|430|45500||||424782|VPCCW|5166|X||0|8||||132|163|132|163|[]|636148157485310000|14:09:08:531
21|2.1|636147914458553438|424782|50952.5703125|13.1453347088857|108.351008795408||||50952.5625|430|45500||||424782|VPCCW|5166|X||0|8||||132|163|132|163|[]|636148157525700000|14:09:12:570
21|2.1|636147914502707853|424782|50956.9765625|13.1360220791943|108.346545599612||||50956.9609375|430.25|45525||||424782|VPCCW|5166|X||0|8||||132|163|132|163|[]|636148157569770000|14:09:16:977
21|2.1|636147914544822064|424782|50961.203125|13.1271171452728|108.342296980536||||50961.1953125|430|45500||||424782|VPCCW|5166|X||0|8||||132|163|132|163|[]|636148157612030000|14:09:21:203
21|2.1|636147914586316213|424782|50965.3515625|13.1182765843676|108.338069819132||||50965.34375|430|45500||||424782|VPCCW|5166|X||0|8||||132|163|132|163|[]|636148157653520000|14:09:25:352
21|2.1|636147914628760457|424782|50969.59375|13.1093931081182|108.333821200056||||50969.578125|430|45500||||424782|VPCCW|5166|X||0|8||||132|163|132|163|[]|636148157695940000|14:09:29:594
21|2.1|636147914673214902|424782|50974.046875|13.1000375630826|108.329379461932||||50974.0390625|430|45500||||424782|VPCCW|5166|X||0|8||||132|163|132|163|[]|636148157740470000|14:09:34:047
21|2.1|636147914714869067|424782|50978.203125|13.0911755445053|108.325152300528||||50978.203125|430|45500||||424782|VPCCW|5166|X||0|8||||132|163|132|163|[]|636148157782030000|14:09:38:203
21|2.1|636147914756363216|424782|50982.3671875|13.0822920682559|108.320903681452||||50982.359375|430|45500||||424782|VPCCW|5166|X||0|8||||132|163|132|163|[]|636148157823670000|14:09:42:367
21|2.1|636147914798957475|424782|50986.625|13.0734085920065|108.316676520048||||50986.6171875|430.25|45550||||424782|VPCCW|5166|X||0|8||||132|163|132|163|[]|636148157866250000|14:09:46:625
21|2.1|636147914843411920|424782|50991.0625|13.0641174199872|108.312213324252||||50991.0546875|430|45500||||424782|VPCCW|5166|X||0|8||||132|163|132|163|[]|636148157910630000|14:09:51:063
21|2.1|636147914888346413|424782|50995.5625|13.054418552198|108.307557009406||||50995.5546875|430|45500||||424782|VPCCW|5166|X||0|8||||132|163|132|163|[]|636148157955630000|14:09:55:563
21|2.1|636147914937171295|424782|51000.4453125|13.0442690732947|108.302750490855||||51000.4375|430|45500||||424782|VPCCW|5166|X||0|8||||132|163|132|163|[]|636148158004450000|14:10:00:445
21|2.1|636147915078985475|424782|51014.625|13.0142712476989|108.288502596581||||51014.6171875|430|45475||||424782|VPCCW|5166|X||0|8||||132|163|132|163|[]|636148158146250000|14:10:14:625
21|2.1|636147915390836657|424782|51045.8046875|12.9483103636635|108.257045649282||||51045.796875|430|||||424782|VPCCW|5166|X||0|8||||132|163|132|163|[]|636148158458050000|14:10:45:805
21|2.1|636147915433430916|424782|51050.0625|12.9393839720699|108.252818487879||||51050.0546875|430|45500||||424782|VPCCW|5166|X||0|8||||132|163|132|163|[]|636148158500630000|14:10:50:063
21|2.1|636147915477735346|424782|51054.5078125|12.9296207312644|108.248140715361||||51054.4921875|430|45500||||424782|VPCCW|5166|X||0|8||||132|163|132|163|[]|636148158545080000|14:10:54:508
21|2.1|636147915519229495|424782|51058.640625|12.9211020354407|108.244128130678||||51058.640625|430|45500||||424782|VPCCW|5166|X||0|8||||132|163|132|163|[]|636148158586410000|14:10:58:641
21|2.1|636147915560103582|424782|51062.734375|12.9122400168634|108.23985805393||||51062.734375|430|45500||||424782|VPCCW|5166|X||0|8||||132|163|132|163|[]|636148158627340000|14:11:02:734
21|2.1|636147915601757747|424782|51066.890625|12.9033136252698|108.235609434855||||51066.890625|430|45500||||424782|VPCCW|5166|X||0|8||||132|163|132|163|[]|636148158668910000|14:11:06:891
