21|2.1|636147911612548866|750076|50667.9765625|6.1932206098625|99.7821020189943||||50667.9765625|55.75|5825||||750076|X|X|X|0|0|6||||132|51|132|51|[]|636148154679770000|14:04:27:977
21|2.1|636147911654043015|750076|50672.140625|6.1887788717378|99.7857069079071||||50672.1328125|56.75|5925||||750076|X|X|X|0|0|6||||132|51|132|51|[]|636148154721410000|14:04:32:141
21|2.1|636147911696167227|750076|50676.3359375|6.1842942182689|99.7893761698362||||50676.328125|57.75|6050||||750076|X|X|X|0|0|6||||132|51|132|51|[]|636148154763360000|14:04:36:336
21|2.1|636147911738291439|750076|50680.546875|6.1796164457511|99.7931527201258||||50680.5390625|58.5|6150||||750076|AXM6317|X|X|0|0|6||||132|51|132|51|[]|636148154805470000|14:04:40:547
21|2.1|636147911778845494|750076|50684.609375|6.1750459615938|99.7968648973991||||50684.6015625|59.5|6250||||750076|AXM6317|X|X|0|0|6||||132|51|132|51|[]|636148154846090000|14:04:44:609
21|2.1|636147911819099519|750076|50688.640625|6.1704325620923|99.8005985323445||||50688.6328125|60.25|6325||||750076|AXM6317|X|X|0|0|6||||132|51|132|51|[]|636148154886410000|14:04:48:641
21|2.1|636147911861843793|750076|50692.90625|6.165432924493|99.8046969477156||||50692.90625|61|6400||||750076|AXM6317|X|X|0|0|6||||132|51|132|51|[]|636148154929060000|14:04:52:906
21|2.1|636147911905688177|750076|50697.2890625|6.1602187101727|99.8089026514472||||50697.2734375|62|6500||||750076|AXM6317|X|X|0|0|6||||132|51|132|51|[]|636148154972890000|14:04:57:289
21|2.1|636147911946402248|750076|50701.3671875|6.1552834455897|99.8129152361299||||50701.3671875|63|6625||||750076|AXM6317|X|X|0|0|6||||132|51|132|51|[]|636148155013670000|14:05:01:367
21|2.1|636147911991176725|750076|50705.8359375|6.1497902815321|99.8173784319267||||50705.828125|64.5|6775||||750076|AXM6317|X|X|0|0|6||||132|51|132|51|[]|636148155058360000|14:05:05:836
21|2.1|636147912034701077|750076|50710.203125|6.1443829481629|99.8217772547072||||50710.1875|66.25|6975||||750076|AXM6317|X|X|0|0|6||||132|51|132|51|[]|636148155102030000|14:05:10:203
21|2.1|636147912075255132|750076|50714.25|6.1393403952194|99.8258756700783||||50714.2421875|68|7125||||750076|AXM6317|X|X|0|0|6||||132|51|132|51|[]|636148155142500000|14:05:14:250
21|2.1|636147912115669173|750076|50718.2890625|6.1342978422759|99.8300170007936||||50718.2734375|70|7375||||750076|AXM6317|X|X|0|0|6||||132|51|132|51|[]|636148155182890000|14:05:18:289
21|2.1|636147912155603166|750076|50722.2890625|6.1292767470045|99.8341154161647||||50722.2734375|72|7575||||750076|AXM6317|X|X|0|0|6||||132|51|132|51|[]|636148155222890000|14:05:22:289
21|2.1|636147912195847190|750076|50726.3125|6.124234194061|99.8382138315358||||50726.296875|74.25|7825||||750076|AXM6317|X|X|0|0|6||||132|51|132|51|[]|636148155263130000|14:05:26:313
21|2.1|636147912235791184|750076|50730.3125|6.1191916411175|99.8423122469069||||50730.296875|76.25|8025||||750076|AXM6317|X|X|0|0|6||||132|51|132|51|[]|636148155303130000|14:05:30:313
21|2.1|636147912280565661|750076|50734.7890625|6.1135697310273|99.8469256464084||||50734.78125|78.75|8275||||750076|AXM6317|X|X|0|0|6||||132|51|132|51|[]|636148155347890000|14:05:34:789
21|2.1|636147912322529857|750076|50738.9765625|6.1082482283465|99.8512386385005||||50738.9765625|80.75|8500||||750076|AXM6317|X|X|0|0|6||||132|51|132|51|[]|636148155389770000|14:05:38:977
21|2.1|636147912364174021|750076|50743.140625|6.102991098682|99.8555301729205||||50743.1328125|82.5|8675||||750076|AXM6317|X|X|0|0|6||||132|51|132|51|[]|636148155431410000|14:05:43:141
21|2.1|636147912405678171|750076|50747.2890625|6.0976910536733|99.8598431650126||||50747.2890625|84.25|8850||||750076|AXM6317|X|X|0|0|6||||132|51|132|51|[]|636148155472890000|14:05:47:289
21|2.1|636147912448432446|750076|50751.5625|6.0921978896157|99.8643063608094||||50751.546875|86|9075||||750076|AXM6317|X|X|0|0|6||||132|51|132|51|[]|636148155515630000|14:05:51:563
21|2.1|636147912488846487|750076|50755.609375|6.0869407599512|99.868512064541||||50755.6015625|87.75|9250||||750076|AXM6317|X|X|0|0|6||||132|51|132|51|[]|636148155556090000|14:05:55:609
21|2.1|636147912530330635|750076|50759.75|6.0815763419262|99.8728679719773||||50759.7421875|89.75|9450||||750076|AXM6317|X|X|0|0|6||||132|51|132|51|[]|636148155597500000|14:05:59:750
21|2.1|636147912572604862|750076|50763.9921875|6.0760402625244|99.8773740831183||||50763.984375|91.5|9650||||750076|AXM6317|X|X|0|0|6||||132|51|132|51|[]|636148155639920000|14:06:03:992
21|2.1|636147912615969198|750076|50768.328125|6.0703968947621|99.8819660249477||||50768.328125|93.5|9875||||750076|AXM6317|X|X|0|0|6||||132|51|132|51|[]|636148155683280000|14:06:08:328
21|2.1|636147912658093410|750076|50772.53125|6.0648608153603|99.8864292207445||||50772.5234375|95.5|10075||||750076|AXM6317|X|X|0|0|6||||132|51|132|51|[]|636148155725310000|14:06:12:531
21|2.1|636147912700847685|750076|50776.8125|6.0592818206143|99.8909997049018||||50776.7890625|97.5|10275||||750076|AXM6317|X|X|0|0|6||||132|51|132|51|[]|636148155768130000|14:06:16:813
21|2.1|636147912741711771|750076|50780.8984375|6.0538744872451|99.8953770700102||||50780.890625|99.5|10475||||750076|AXM6317|X|X|0|0|6||||132|51|132|51|[]|636148155808980000|14:06:20:898
21|2.1|636147912781965796|750076|50784.921875|6.0486173575806|99.8996686044302||||50784.9140625|101.5|10700||||750076|AXM6317|X|X|0|0|6||||132|51|132|51|[]|636148155849220000|14:06:24:922
21|2.1|636147912825490148|750076|50789.2734375|6.0428452437857|99.9043249192759||||50789.265625|103.5|10900||||750076|AXM6317|X|X|0|0|6||||132|51|132|51|[]|636148155892730000|14:06:29:273
21|2.1|636147912867144313|750076|50793.421875|6.0373520797281|99.9088095727448||||50793.4140625|105.5|11150||||750076|AXM6317|X|X|0|0|6||||132|51|132|51|[]|636148155934220000|14:06:33:422
21|2.1|636147912908328431|750076|50797.546875|6.0318589156705|99.9132727685416||||50797.546875|107.25|11325||||750076|AXM6317|X|X|0|0|6||||132|51|132|51|[]|636148155975470000|14:06:37:547
21|2.1|636147912949042502|750076|50801.6328125|6.0264301246292|99.9176715913221||||50801.625|109|11525||||750076|AXM6317|X|X|0|0|6||||132|51|132|51|[]|636148156016330000|14:06:41:633
21|2.1|636147912993506948|750076|50806.078125|6.0204648917854|99.9224566522004||||50806.0703125|111|11700||||750076|AXM6317|X|X|0|0|6||||132|51|132|51|[]|636148156060780000|14:06:46:078
21|2.1|636147913037341331|750076|50810.453125|6.0146069473021|99.9272202554066||||50810.4453125|113.25|11975||||750076|AXM6317|X|X|0|0|6||||132|51|132|51|[]|636148156104530000|14:06:50:453
21|2.1|636147913077905387|750076|50814.5234375|6.0091566985887|99.9316405358592||||50814.515625|115.25|12175||||750076|AXM6317|X|X|0|0|6||||132|51|132|51|[]|636148156145230000|14:06:54:523
21|2.1|636147913119719568|750076|50818.6875|6.0035777038427|99.9362110200165||||50818.6875|117.25|12400||||750076|AXM6317|X|X|0|0|6||||132|51|132|51|[]|636148156186880000|14:06:58:688
21|2.1|636147913163713967|750076|50823.1015625|5.9976553863431|99.9409960808948||||50823.1015625|119.25|12575||||750076|AXM6317|X|X|0|0|6||||132|51|132|51|[]|636148156231020000|14:07:03:102
21|2.1|636147913209738569|750076|50827.6875|5.9914541191062|99.9459957184941||||50827.6796875|121.5|12850||||750076|AXM6317|X|X|0|0|6||||132|51|132|51|[]|636148156276880000|14:07:07:688
21|2.1|636147913251072702|750076|50831.84375|5.9858751243602|99.9505447449793||||50831.828125|123.25|13025||||750076|AXM6317|X|X|0|0|6||||132|51|132|51|[]|636148156318440000|14:07:11:844
21|2.1|636147913294747069|750076|50836.1875|5.9799957222048|99.9553298058576||||50836.1796875|125|13200||||750076|AXM6317|X|X|0|0|6||||132|51|132|51|[]|636148156361880000|14:07:16:188
21|2.1|636147913335001094|750076|50840.2265625|5.9745240158193|99.9597715439823||||50840.2265625|127|13425||||750076|AXM6317|X|X|0|0|6||||132|51|132|51|[]|636148156402270000|14:07:20:227
21|2.1|636147913379305524|750076|50844.6640625|5.9685158676313|99.964642435549||||50844.65625|128.75|13625||||750076|AXM6317|X|X|0|0|6||||132|51|132|51|[]|636148156446640000|14:07:24:664
21|2.1|636147913420499643|750076|50848.7578125|5.9629154152132|99.9691700043621||||50848.75|130.25|13775||||750076|AXM6317|X|X|0|0|6||||132|51|132|51|[]|636148156487580000|14:07:28:758
21|2.1|636147913464334026|750076|50853.1484375|5.9568858093531|99.9740408959288||||50853.1484375|132|13950||||750076|AXM6317|X|X|0|0|6||||132|51|132|51|[]|636148156531480000|14:07:33:148
21|2.1|636147913505518144|750076|50857.28125|5.9512424415908|99.9786542954303||||50857.2734375|133.5|14150||||750076|AXM6317|X|X|0|0|6||||132|51|132|51|[]|636148156572810000|14:07:37:281
21|2.1|636147913549042496|750076|50861.6328125|5.9451913780586|99.9835466446691||||50861.625|135|14300||||750076|AXM6317|X|X|0|0|6||||132|51|132|51|[]|636148156616330000|14:07:41:633
21|2.1|636147913590376629|750076|50865.7578125|5.9394621796079|99.9881815018427||||50865.7578125|136.5|14450||||750076|AXM6317|X|X|0|0|6||||132|51|132|51|[]|636148156657580000|14:07:45:758
21|2.1|636147913632190810|750076|50869.953125|5.9336471504688|99.9928807320326||||50869.9453125|138|14575||||750076|AXM6317|X|X|0|0|6||||132|51|132|51|[]|636148156699530000|14:07:49:953
21|2.1|636147913673844975|750076|50874.1015625|5.9278535790018|99.9975585045504||||50874.0859375|140|14800||||750076|AXM6317|X|X|0|0|6||||132|51|132|51|[]|636148156741020000|14:07:54:102
21|2.1|636147913716429233|750076|50878.3671875|5.9219527191743|100.002343565429||||50878.359375|142.25|15025||||750076|AXM6317|X|X||0|6||||132|51|132|51|[]|636148156783670000|14:07:58:367
21|2.1|636147913759023492|750076|50882.5703125|5.9161376900352|100.007107168635||||50882.5625|144.25|15275||||750076|AXM6317|X|X|0|0|6||||132|51|132|51|[]|636148156825700000|14:08:02:570
21|2.1|636147913798967486|750076|50886.609375|5.9105586952892|100.01165619512||||50886.6015625|146.5|15475||||750076|AXM6317|X|X|0|0|6||||132|51|132|51|[]|636148156866090000|14:08:06:609
21|2.1|636147913842951884|750076|50891.0078125|5.904507631757|100.016591459703||||50891.0078125|148.5|15700||||750076|AXM6317|X|X||0|6||||132|51|132|51|[]|636148156910080000|14:08:11:008
21|2.1|636147913890696658|750076|50895.7890625|5.8978986687502|100.021955877728||||50895.7890625|150.75|15950||||750076|AXM6317|X|X|0|0|6||||132|51|132|51|[]|636148156957890000|14:08:15:789
21|2.1|636147913936871275|750076|50900.4140625|5.8915471978086|100.027127176704||||50900.3984375|152.75|16200||||750076|AXM6317|X|X|0|0|6||||132|51|132|51|[]|636148157004140000|14:08:20:414
21|2.1|636147913980095597|750076|50904.734375|5.8855605072927|100.031955152927||||50904.71875|154.25|16350||||750076|AXM6317|X|X||0|6||||132|51|132|51|[]|636148157047340000|14:08:24:734
21|2.1|636147914025790166|750076|50909.3046875|5.8792304940232|100.037147909575||||50909.2890625|155.75|16500||||750076|AXM6317|X|X||0|6||||132|51|132|51|[]|636148157093050000|14:08:29:305
21|2.1|636147914066044191|750076|50913.3203125|5.8735871262609|100.04169693606||||50913.3125|156.75|16600||||750076|AXM6317|X|X||0|6||||132|51|132|51|[]|636148157133200000|14:08:33:320
21|2.1|636147914109408527|750076|50917.671875|5.8674502320403|100.046675115987||||50917.6640625|157.75|16725||||750076|AXM6317|X|X||0|6||||132|51|132|51|[]|636148157176720000|14:08:37:672
21|2.1|636147914150912677|750076|50921.8203125|5.8615708298849|100.051395803849||||50921.8203125|158.5|16825||||750076|AXM6317|X|X||0|6||||132|51|132|51|[]|636148157218200000|14:08:41:820
21|2.1|636147914192406826|750076|50925.9609375|5.8556699700574|100.056180864728||||50925.953125|159.5|16925||||750076|AXM6317|X|X||0|6||||132|51|132|51|[]|636148157259610000|14:08:45:961
21|2.1|636147914233120897|750076|50930.0390625|5.849790567902|100.060923010262||||50930.03125|160.5|17025||||750076|AXM6317|X|X||0|6||||132|51|132|51|[]|636148157300390000|14:08:50:039
21|2.1|636147914277585343|750076|50934.484375|5.8433961816162|100.066072851566||||50934.4765625|162|17200||||750076|AXM6317|X|X|0|0|6||||132|51|132|51|[]|636148157344840000|14:08:54:484
21|2.1|636147914321259710|750076|50938.8515625|5.8370876260188|100.071201235198||||50938.84375|163.5|17350||||750076|AXM6317|X|X|0|0|6||||132|51|132|51|[]|636148157388520000|14:08:58:852
21|2.1|636147914361983782|750076|50942.921875|5.8312296815355|100.075943380732||||50942.9140625|165|17500||||750076|AXM6317|X|X|0|0|6||||132|51|132|51|[]|636148157429220000|14:09:02:922
21|2.1|636147914403637947|750076|50947.09375|5.8251786180033|100.080878645315||||50947.0859375|166.25|17625||||750076|AXM6317|X|X|0|0|6||||132|51|132|51|[]|636148157470940000|14:09:07:094
21|2.1|636147914447942377|750076|50951.5078125|5.8188056893896|100.086071401963||||50951.5|168|17850||||750076|AXM6317|X|X|0|0|6||||132|51|132|51|[]|636148157515080000|14:09:11:508
21|2.1|636147914488656448|750076|50955.59375|5.81288337189|100.090899378185||||50955.578125|169.5|18000||||750076|AXM6317|X|X|0|0|6||||132|51|132|51|[]|636148157555940000|14:09:15:594
21|2.1|636147914530930675|750076|50959.8125|5.8067893930136|100.095813185096||||50959.796875|171.25|18175||||750076|AXM6317|X|X|0|0|6||||132|51|132|51|[]|636148157598130000|14:09:19:813
21|2.1|636147914573994981|750076|50964.1328125|5.8005022950883|100.100941568728||||50964.125|173|18350||||750076|AXM6317|X|X|0|0|6||||132|51|132|51|[]|636148157641330000|14:09:24:133
21|2.1|636147914619079489|750076|50968.6328125|5.794000620442|100.106220156065||||50968.625|174.5|18525||||750076|AXM6317|X|X|0|0|6||||132|51|132|51|[]|636148157686330000|14:09:28:633
21|2.1|636147914663383919|750076|50973.0625|5.7875418611399|100.111434370385||||50973.0625|176|18675||||750076|AXM6317|X|X|0|0|6||||132|51|132|51|[]|636148157730630000|14:09:33:063
21|2.1|636147914704418022|750076|50977.1640625|5.7815980859682|100.116262346608||||50977.1484375|177.5|18850||||750076|AXM6317|X|X|0|0|6||||132|51|132|51|[]|636148157771640000|14:09:37:164
21|2.1|636147914748412421|750076|50981.5625|5.7751822420103|100.121476560928||||50981.5546875|178.75|18975||||750076|AXM6317|X|X|0|0|6||||132|51|132|51|[]|636148157815630000|14:09:41:563
21|2.1|636147914789596539|750076|50985.6796875|5.7691740938223|100.126368910167||||50985.671875|180.25|19150||||750076|AXM6317|X|X|0|0|6||||132|51|132|51|[]|636148157856800000|14:09:45:680
21|2.1|636147914833130892|750076|50990.03125|5.7628011652086|100.131518751471||||50990.0234375|182|19325||||750076|AXM6317|X|X|0|0|6||||132|51|132|51|[]|636148157900310000|14:09:50:031
21|2.1|636147914869314510|750076|50993.6484375|5.7575440355441|100.135788828219||||50993.640625|183.5|19500||||750076|AXM6317|X|X|0|0|6||||132|83|132|83|[]|636148157936480000|14:09:53:648
21|2.1|636147914874305009|750076|50994.1640625|5.7567930170206|100.13641110071||||50994.15625|183.75|19500||||750076|AXM6317|X|X|0|0|6||||132|51|132|51|[]|636148157941640000|14:09:54:164
21|2.1|636147914916269205|750076|50998.3515625|5.7506990381442|100.141367822965||||50998.3515625|185.5|19675||||750076|AXM6317|X|X|0|0|6||||132|51|132|51|[]|636148157983520000|14:09:58:352
21|2.1|636147914916429221|750076|50998.359375|5.7506990381442|100.141367822965||||50998.3515625|185.5|19725||||750076|AXM6317|X|X|0|0|6||||132|83|132|83|[]|636148157983590000|14:09:58:359
21|2.1|636147914957763354|750076|51002.5|5.7446694322841|100.146238714531||||51002.4921875|187.25|19875||||750076|AXM6317|X|X||0|6||||132|51|132|51|[]|636148158025000000|14:10:02:500
21|2.1|636147915000517629|750076|51006.7734375|5.7384896227193|100.151281267475||||51006.765625|188.75|20075||||750076|AXM6317|X|X||0|6||||132|51|132|51|[]|636148158067730000|14:10:06:773
21|2.1|636147915042481825|750076|51010.96875|5.7323527284987|100.156259447402||||51010.9609375|190|20200||||750076|AXM6317|X|X|0|0|6||||132|51|132|51|[]|636148158109690000|14:10:10:969
21|2.1|636147915082885865|750076|51015.0078125|5.7264304109991|100.16104450828||||51015.0078125|191.25|20325||||750076|AXM6317|X|X||0|6||||132|51|132|51|[]|636148158150080000|14:10:15:008
21|2.1|636147915126890265|750076|51019.4140625|5.7200145670412|100.166280180273||||51019.40625|192.5|20475||||750076|AXM6317|X|X|0|0|6||||132|51|132|51|[]|636148158194140000|14:10:19:414
21|2.1|636147915169624538|750076|51023.6796875|5.7137274691159|100.171344190888||||51023.6796875|193.75|20600||||750076|AXM6317|X|X|0|0|6||||132|51|132|51|[]|636148158236800000|14:10:23:680
21|2.1|636147915211588734|750076|51027.8828125|5.7075905748953|100.17636528616||||51027.875|194.75|20725||||750076|AXM6317|X|X|0|0|6||||132|51|132|51|[]|636148158278830000|14:10:27:883
21|2.1|636147915255113086|750076|51032.234375|5.7011532732653|100.18157950048||||51032.2265625|196.25|20850||||750076|AXM6317|X|X|0|0|6||||132|51|132|51|[]|636148158322340000|14:10:32:234
21|2.1|636147915298327407|750076|51036.5625|5.6947588869795|100.186750799456||||51036.5546875|197.5|21025||||750076|AXM6317|X|X|0|0|6||||132|51|132|51|[]|636148158365630000|14:10:36:563
21|2.1|636147915341231697|750076|51040.8515625|5.6884074160379|100.191922098432||||51040.84375|198.5|21125||||750076|AXM6317|X|X|0|0|6||||132|51|132|51|[]|636148158408520000|14:10:40:852
21|2.1|636147915383665940|750076|51045.078125|5.6820774027684|100.196986109048||||51045.078125|199.5|21225||||750076|AXM6317|X|X|0|0|6||||132|51|132|51|[]|636148158450780000|14:10:45:078
21|2.1|636147915429680541|750076|51049.6796875|5.6752324053685|100.202565103794||||51049.671875|200.5|21350||||750076|AXM6317|X|X|0|0|6||||132|51|132|51|[]|636148158496800000|14:10:49:680
21|2.1|636147915470564629|750076|51053.78125|5.6690955111479|100.207586199065||||51053.7734375|201.25|21425||||750076|AXM6317|X|X|0|0|6||||132|51|132|51|[]|636148158537810000|14:10:53:781
21|2.1|636147915512058778|750076|51057.921875|5.6628513285668|100.212650209681||||51057.9140625|202.25|21525||||750076|AXM6317|X|X|0|0|6||||132|51|132|51|[]|636148158579220000|14:10:57:922
21|2.1|636147915552792851|750076|51062|5.6566500613299|100.217671304952||||51061.9921875|203|21600||||750076|AXM6317|X|X||0|6||||132|51|132|51|[]|636148158620000000|14:11:02:000
21|2.1|636147915594587030|750076|51066.1796875|5.6503200480604|100.222778230912||||51066.1796875|203.75|21700||||750076|AXM6317|X|X|0|0|6||||132|51|132|51|[]|636148158661800000|14:11:06:180
