21|2.1|636147897437591512|750146|49250.5078125|5.9117388672547|99.611449152783||||49250.5078125|380.25|40575||||750146|AXM822|X|X|0|0|6||||132|51|132|51|[]|636148140505080000|13:40:50:508
21|2.1|636147897478465599|750146|49254.59375|5.9192919678339|99.6073507374119||||49254.5859375|380.25|40575||||750146|AXM822|X|X|0|0|6||||132|51|132|51|[]|636148140545940000|13:40:54:594
21|2.1|636147897520589811|750146|49258.8125|5.9271240181504|99.6031664913524||||49258.796875|380.25|40575||||750146|AXM822|X|X|0|0|6||||132|51|132|51|[]|636148140588130000|13:40:58:813
21|2.1|636147897549132665|750146|49261.6484375|5.9323811478149|99.600291163291||||49261.640625|380.25|40575||||750146|AXM822|X|X||0|6||||132|83|132|83|[]|636148140616480000|13:41:01:648
21|2.1|636147897563964148|750146|49263.140625|5.9351706451879|99.5988320415882||||49263.1328125|380.25|40575||||750146|AXM822|X|X|0|0|6||||132|51|132|51|[]|636148140631410000|13:41:03:141
21|2.1|636147897608888640|750146|49267.640625|5.9435176796348|99.5943259304472||||49267.6328125|380|40550||||750146|AXM822|X|X|0|0|6||||132|51|132|51|[]|636148140676410000|13:41:07:641
21|2.1|636147897653193070|750146|49272.0703125|5.951714510377|99.5899056499946||||49272.0625|380|40550||||750146|AXM822|X|X|0|0|6||||132|51|132|51|[]|636148140720700000|13:41:12:070
21|2.1|636147897694217172|750146|49276.1640625|5.9593319839725|99.5858072346235||||49276.15625|380|40550||||750146|AXM822|X|X|0|0|6||||132|51|132|51|[]|636148140761640000|13:41:16:164
21|2.1|636147897738061556|750146|49280.5625|5.9674429840263|99.5813869541709||||49280.5625|380|40550||||750146|AXM822|X|X|0|0|6||||132|51|132|51|[]|636148140805630000|13:41:20:563
21|2.1|636147897779555705|750146|49284.6875|5.975103372966|99.5772456234556||||49284.6796875|380|40550||||750146|AXM822|X|X|0|0|6||||132|51|132|51|[]|636148140846880000|13:41:24:688
21|2.1|636147897822930042|750146|49289.0390625|5.9831500000035|99.5729111736914||||49289.03125|380|40550||||750146|AXM822|X|X|0|0|6||||132|51|132|51|[]|636148140890390000|13:41:29:039
21|2.1|636147897864264175|750146|49293.171875|5.9908533042874|99.5687698429761||||49293.1640625|380|40550||||750146|AXM822|X|X|0|0|6||||132|51|132|51|[]|636148140931720000|13:41:33:172
21|2.1|636147897906078356|750146|49297.359375|5.9985780662434|99.5645426815724||||49297.359375|380|40550||||750146|AXM822|X|X|0|0|6||||132|51|132|51|[]|636148140973590000|13:41:37:359
21|2.1|636147897947572505|750146|49301.5|6.0062599128552|99.560379893185||||49301.5|380|40550||||750146|AXM822|X|X|0|0|6||||132|51|132|51|[]|636148141015000000|13:41:41:500
21|2.1|636147897990626810|750146|49305.78125|6.0141777938601|99.5561098164371||||49305.7734375|380|40550||||750146|AXM822|X|X|0|0|6||||132|51|132|51|[]|636148141057810000|13:41:45:781
21|2.1|636147898032440991|750146|49309.984375|6.0219454711603|99.5519041127055||||49309.96875|379.75|40525||||750146|AXM822|X|X|0|0|6||||132|51|132|51|[]|636148141099840000|13:41:49:984
21|2.1|636147898072685015|750146|49314.0234375|6.0294556563953|99.5478271550065||||49314.015625|379.75|40525||||750146|AXM822|X|X|0|0|6||||132|51|132|51|[]|636148141140230000|13:41:54:023
21|2.1|636147898116839430|750146|49318.421875|6.0375881141212|99.5433854168818||||49318.4140625|379.75|40525||||750146|AXM822|X|X|0|0|6||||132|51|132|51|[]|636148141184220000|13:41:58:422
21|2.1|636147898159433689|750146|49322.6875|6.0455059951261|99.5391153401339||||49322.6875|380|40550||||750146|AXM822|X|X|0|0|6||||132|51|132|51|[]|636148141226880000|13:42:02:688
21|2.1|636147898201397885|750146|49326.8828125|6.0532736724263|99.5349310940744||||49326.875|379.75|40525||||750146|AXM822|X|X|0|0|6||||132|51|132|51|[]|636148141268830000|13:42:06:883
21|2.1|636147898244922237|750146|49331.2421875|6.0613846724801|99.530553728966||||49331.234375|379.75|40525||||750146|AXM822|X|X|0|0|6||||132|51|132|51|[]|636148141312420000|13:42:11:242
21|2.1|636147898245072252|750146|49331.2421875|6.0613846724801|99.530553728966||||49331.234375|379.75|40525||||750146|AXM822|X|X||0|6||||132|83|132|83|[]|636148141312420000|13:42:11:242
21|2.1|636147898293907135|750146|49336.1328125|6.0704612677784|99.525618464383||||49336.125|379.75|40525||||750146|AXM822|X|X|0|0|6||||132|51|132|51|[]|636148141361330000|13:42:16:133
21|2.1|636147898335251269|750146|49340.2734375|6.0781860297344|99.5214771336677||||49340.265625|379.75|40525||||750146|AXM822|X|X|0|0|6||||132|51|132|51|[]|636148141402730000|13:42:20:273
21|2.1|636147898378305574|750146|49344.5703125|6.0861468260835|99.5171426839035||||49344.5625|379.75|40525||||750146|AXM822|X|X|0|0|6||||132|51|132|51|[]|636148141445700000|13:42:24:570
21|2.1|636147898419329676|750146|49348.6796875|6.0937857573511|99.5130013531882||||49348.6796875|379.75|40525||||750146|AXM822|X|X|0|0|6||||132|51|132|51|[]|636148141486800000|13:42:28:680
21|2.1|636147898460363779|750146|49352.78125|6.1014461462908|99.5089029378171||||49352.78125|379.75|40525||||750146|AXM822|X|X|0|0|6||||132|51|132|51|[]|636148141527810000|13:42:32:781
21|2.1|636147898501857928|750146|49356.9296875|6.1091279929026|99.5047186917576||||49356.921875|379.75|40525||||750146|AXM822|X|X|0|0|6||||132|51|132|51|[]|636148141569300000|13:42:36:930
21|2.1|636147898507168459|750146|49357.453125|6.1101150458192|99.5042251652993||||49357.4453125|379.75|40525||||750146|AXM822|X|X||0|6||||132|83|132|83|[]|636148141574530000|13:42:37:453
21|2.1|636147898542732015|750146|49361.0078125|6.116724008826|99.5006202763865||||49361|379.75|40525||||750146|AXM822|X|X|0|0|6||||132|51|132|51|[]|636148141610080000|13:42:41:008
21|2.1|636147898584386180|750146|49365.1953125|6.1245560591425|99.4963931149828||||49365.1875|379.75|40525||||750146|AXM822|X|X|0|0|6||||132|51|132|51|[]|636148141651950000|13:42:45:195
21|2.1|636147898584546196|750146|49365.1953125|6.1245560591425|99.4963931149828||||49365.1875|379.75|40525||||750146|AXM822|X|X||0|6||||132|83|132|83|[]|636148141651950000|13:42:45:195
21|2.1|636147898625110252|750146|49369.25|6.1320877020496|99.4923376149559||||49369.234375|379.75|40525||||750146|AXM822|X|X|0|0|6||||132|51|132|51|[]|636148141692500000|13:42:49:250
21|2.1|636147898665824323|750146|49373.328125|6.1397266333172|99.4882177419127||||49373.328125|380|40550||||750146|AXM822|X|X|0|0|6||||132|51|132|51|[]|636148141733280000|13:42:53:328
21|2.1|636147898708408581|750146|49377.59375|6.1476874296663|99.4839476651648||||49377.5859375|379.75|40525||||750146|AXM822|X|X|0|0|6||||132|51|132|51|[]|636148141775940000|13:42:57:594
21|2.1|636147898752092949|750146|49381.953125|6.1557984297201|99.4795488423843||||49381.9375|380|40550||||750146|AXM822|X|X|0|0|6||||132|51|132|51|[]|636148141819530000|13:43:01:953
21|2.1|636147898794217161|750146|49386.171875|6.1636519377087|99.4752787656364||||49386.1640625|380|40550||||750146|AXM822|X|X|0|0|6||||132|51|132|51|[]|636148141861720000|13:43:06:172
21|2.1|636147898837891528|750146|49390.53125|6.1718058531067|99.4708584851838||||49390.5234375|380|40550||||750146|AXM822|X|X|0|0|6||||132|51|132|51|[]|636148141905310000|13:43:10:531
21|2.1|636147898881735912|750146|49394.921875|6.1800026838489|99.4664382047312||||49394.9140625|380|40550||||750146|AXM822|X|X|0|0|6||||132|51|132|51|[]|636148141949220000|13:43:14:922
21|2.1|636147898922289967|750146|49398.96875|6.1875557844281|99.4623397893601||||49398.96875|380|40550||||750146|AXM822|X|X|0|0|6||||132|51|132|51|[]|636148141989690000|13:43:18:969
21|2.1|636147898963324070|750146|49403.0625|6.1951947156957|99.4581984586448||||49403.0625|380|40550||||750146|AXM822|X|X|0|0|6||||132|51|132|51|[]|636148142030630000|13:43:23:063
21|2.1|636147899007468484|750146|49407.4921875|6.2034559194542|99.453735262848||||49407.484375|380|40550||||750146|AXM822|X|X|0|0|6||||132|51|132|51|[]|636148142074920000|13:43:27:492
21|2.1|636147899048192556|750146|49411.5625|6.2110519353776|99.4496153898048||||49411.5546875|380|40550||||750146|AXM822|X|X|0|0|6||||132|51|132|51|[]|636148142115630000|13:43:31:563
21|2.1|636147899082045941|750146|49414.9296875|6.2173390333029|99.4462036199409||||49414.921875|380|40550||||750146|AXM822|X|X||0|6||||132|83|132|83|[]|636148142149300000|13:43:34:930
21|2.1|636147899092026939|750146|49415.953125|6.2192487661198|99.4451736516801||||49415.9453125|380|40550||||750146|AXM822|X|X|0|0|6||||132|51|132|51|[]|636148142159530000|13:43:35:953
21|2.1|636147899143042040|750146|49421.0546875|6.2287974302043|99.440002352704||||49421.046875|380|40550||||750146|AXM822|X|X|0|0|6||||132|51|132|51|[]|636148142210550000|13:43:41:055
21|2.1|636147899186106346|750146|49425.3515625|6.2368440572418|99.4356464452677||||49425.3515625|380|40550||||750146|AXM822|X|X||0|6||||132|51|132|51|[]|636148142253520000|13:43:45:352
21|2.1|636147899186256361|750146|49425.3515625|6.2368440572418|99.4356464452677||||49425.3515625|380|40550||||750146|AXM822|X|X||0|6||||132|83|132|83|[]|636148142253520000|13:43:45:352
21|2.1|636147899226660401|750146|49429.3984375|6.2443757001489|99.4315694875687||||49429.390625|380|40550||||750146|AXM822|X|X|0|0|6||||132|51|132|51|[]|636148142293980000|13:43:49:398
21|2.1|636147899253503085|750146|49432.0859375|6.2493967954203|99.4288658208841||||49432.0703125|380.25|40575||||750146|AXM822|X|X||0|6||||132|83|132|83|[]|636148142320860000|13:43:52:086
21|2.1|636147899269564691|750146|49433.6953125|6.2523794118422|99.4272135801324||||49433.6796875|380.25|40575||||750146|AXM822|X|X|0|0|6||||132|51|132|51|[]|636148142336950000|13:43:53:695
21|2.1|636147899311218856|750146|49437.859375|6.2602114621587|99.4230078764008||||49437.8515625|380.25|40575||||750146|AXM822|X|X||0|6||||132|51|132|51|[]|636148142378590000|13:43:57:859
21|2.1|636147899346472381|750146|49441.3828125|6.2667775098213|99.4194459028322||||49441.375|380.25|40575||||750146|AXM822|X|X|0|0|6||||132|83|132|83|[]|636148142413830000|13:44:01:383
21|2.1|636147899351152849|750146|49441.859375|6.2676572743774|99.4189309187018||||49441.859375|380.25|40575||||750146|AXM822|X|X|0|0|6||||132|51|132|51|[]|636148142418590000|13:44:01:859
21|2.1|636147899395307264|750146|49446.2734375|6.2758970204638|99.4144891805771||||49446.265625|380.25|40575||||750146|AXM822|X|X||0|6||||132|51|132|51|[]|636148142462730000|13:44:06:273
21|2.1|636147899423850118|750146|49449.125|6.2812399808167|99.4116138525157||||49449.1171875|380.25|40575||||750146|AXM822|X|X|0|0|6||||132|83|132|83|[]|636148142491250000|13:44:09:125
21|2.1|636147899439141647|750146|49450.6484375|6.284093851206|99.4100689001245||||49450.640625|380.25|40575||||750146|AXM822|X|X||0|6||||132|51|132|51|[]|636148142506480000|13:44:10:648
21|2.1|636147899469724705|750146|49453.703125|6.2897586766404|99.40695753767||||49453.6953125|380.25|40575||||750146|AXM822|X|X|0|0|6||||132|83|132|83|[]|636148142537030000|13:44:13:703
21|2.1|636147899480645797|750146|49454.8046875|6.291818613162|99.4058417387208||||49454.78125|380.25|40575||||750146|AXM822|X|X||0|6||||132|51|132|51|[]|636148142548050000|13:44:14:805
21|2.1|636147899519169649|750146|49458.6484375|6.2990069333155|99.4019149847265||||49458.640625|380.25|40575||||750146|AXM822|X|X||0|6||||132|83|132|83|[]|636148142586480000|13:44:18:648
21|2.1|636147899524480180|750146|49459.1953125|6.3000154439042|99.4014000005961||||49459.1796875|380.25|40575||||750146|AXM822|X|X||0|6||||132|51|132|51|[]|636148142591950000|13:44:19:195
21|2.1|636147899562694001|750146|49463.015625|6.3071608487135|99.3974947042739||||49463.0078125|380.25|40575||||750146|AXM822|X|X|0|0|6||||132|83|132|83|[]|636148142630160000|13:44:23:016
21|2.1|636147899568004532|750146|49463.5390625|6.3081479016301|99.3969582624714||||49463.53125|380.25|40575||||750146|AXM822|X|X||0|6||||132|51|132|51|[]|636148142635390000|13:44:23:539
21|2.1|636147899604818213|750146|49467.2109375|6.31499289903|99.3932675428702||||49467.2109375|380.25|40575||||750146|AXM822|X|X||0|6||||132|83|132|83|[]|636148142672110000|13:44:27:211
21|2.1|636147899609658697|750146|49467.7109375|6.3159370366024|99.3927525587398||||49467.703125|380.25|40575||||750146|AXM822|X|X||0|6||||132|51|132|51|[]|636148142677110000|13:44:27:711
21|2.1|636147899644752206|750146|49471.2109375|6.3224816265929|99.3892335005154||||49471.2109375|380.25|40575||||750146|AXM822|X|X|0|0|6||||132|83|132|83|[]|636148142712110000|13:44:31:211
21|2.1|636147899653183049|750146|49472.0625|6.3240694943283|99.3883322782872||||49472.0546875|380.25|40575||||750146|AXM822|X|X|0|0|6||||132|51|132|51|[]|636148142720630000|13:44:32:063
21|2.1|636147899693427073|750146|49476.0859375|6.331515306547|99.3843196936045||||49476.0703125|380.25|40575||||750146|AXM822|X|X|0|0|6||||132|51|132|51|[]|636148142760860000|13:44:36:086
21|2.1|636147899703418072|750146|49477.0859375|6.3334250393639|99.3833111830158||||49477.078125|380.25|40575||||750146|AXM822|X|X|0|0|6||||132|83|132|83|[]|636148142770860000|13:44:37:086
21|2.1|636147899734611191|750146|49480.203125|6.339240068503|99.380135447545||||49480.1953125|380.25|40575||||750146|AXM822|X|X|0|0|6||||132|51|132|51|[]|636148142802030000|13:44:40:203
21|2.1|636147899750372767|750146|49481.7734375|6.3421368542365|99.3785261221375||||49481.765625|380.25|40575||||750146|AXM822|X|X||0|6||||132|83|132|83|[]|636148142817730000|13:44:41:773
21|2.1|636147899774715201|750146|49484.21875|6.3467073383938|99.3760799475181||||49484.2109375|380.25|40575||||750146|AXM822|X|X|0|0|6||||132|51|132|51|[]|636148142842190000|13:44:44:219
21|2.1|636147899795297259|750146|49486.265625|6.3505053463555|99.3740414686686||||49486.2578125|380.25|40575||||750146|AXM822|X|X||0|6||||132|83|132|83|[]|636148142862660000|13:44:46:266
21|2.1|636147899817299459|750146|49488.46875|6.3546252193987|99.3718098707702||||49488.46875|380.25|40575||||750146|AXM822|X|X|0|0|6||||132|51|132|51|[]|636148142884690000|13:44:48:469
21|2.1|636147899835561285|750146|49490.2890625|6.3580584469347|99.3699430532975||||49490.2890625|380.25|40575||||750146|AXM822|X|X|0|0|6||||132|83|132|83|[]|636148142902890000|13:44:50:289
21|2.1|636147899859583687|750146|49492.6953125|6.3625001850594|99.3675183363502||||49492.6875|380.25|40575||||750146|AXM822|X|X|0|0|6||||132|51|132|51|[]|636148142926950000|13:44:52:695
21|2.1|636147899879235652|750146|49494.6640625|6.3661694469885|99.3655656881891||||49494.65625|380.25|40575||||750146|AXM822|X|X|0|0|6||||132|83|132|83|[]|636148142946640000|13:44:54:664
21|2.1|636147899900297758|750146|49496.7734375|6.3700962009828|99.3634199209791||||49496.765625|380.25|40575||||750146|AXM822|X|X|0|0|6||||132|51|132|51|[]|636148142967730000|13:44:56:773
21|2.1|636147899919949723|750146|49498.734375|6.3737654629119|99.361467272818||||49498.7265625|380.25|40575||||750146|AXM822|X|X|0|0|6||||132|83|132|83|[]|636148142987340000|13:44:58:734
21|2.1|636147899940701798|750146|49500.8125|6.3776063862178|99.3593644209522||||49500.796875|380.25|40575||||750146|AXM822|X|X|0|0|6||||132|51|132|51|[]|636148143008130000|13:45:00:813
21|2.1|636147899975485276|750146|49504.28125|6.3840651455199|99.355888278072||||49504.2734375|380.25|40575||||750146|AXM822|X|X|0|0|6||||132|83|132|83|[]|636148143042810000|13:45:04:281
21|2.1|636147899983906118|750146|49505.1328125|6.3856744709274|99.3550085135159||||49505.125|380.25|40575||||750146|AXM822|X|X|0|0|6||||132|51|132|51|[]|636148143051330000|13:45:05:133
21|2.1|636147900025720299|750146|49509.3203125|6.3934850635718|99.3507813521122||||49509.3125|380.25|40575||||750146|AXM822|X|X|0|0|6||||132|51|132|51|[]|636148143093200000|13:45:09:320
21|2.1|636147900051612888|750146|49511.90625|6.3982701244501|99.3481849737881||||49511.8984375|380.25|40575||||750146|AXM822|X|X||0|6||||132|83|132|83|[]|636148143119060000|13:45:11:906
21|2.1|636147900067374464|750146|49513.46875|6.4012098255278|99.3466185637248||||49513.46875|380.25|40575||||750146|AXM822|X|X|0|0|6||||132|51|132|51|[]|636148143134690000|13:45:13:469
21|2.1|636147900093277054|750146|49516.0546875|6.4060163440782|99.3440221854007||||49516.046875|380.25|40575||||750146|AXM822|X|X||0|6||||132|83|132|83|[]|636148143160550000|13:45:16:055
21|2.1|636147900107778504|750146|49517.5234375|6.4086985530907|99.3425416060258||||49517.515625|380.25|40575||||750146|AXM822|X|X|0|0|6||||132|51|132|51|[]|636148143175230000|13:45:17:523
21|2.1|636147900147092435|750146|49521.4453125|6.4160156192768|99.3386148520315||||49521.4375|380.25|40575||||750146|AXM822|X|X|0|0|6||||132|83|132|83|[]|636148143214450000|13:45:21:445
21|2.1|636147900151462872|750146|49521.890625|6.4168524684887|99.3381427832453||||49521.890625|380.25|40575||||750146|AXM822|X|X|0|0|6||||132|51|132|51|[]|636148143218910000|13:45:21:891
21|2.1|636147900196237349|750146|49526.375|6.4251780452635|99.3336795874485||||49526.359375|380.25|40575||||750146|AXM822|X|X|0|0|6||||132|51|132|51|[]|636148143263750000|13:45:26:375
21|2.1|636147900196387364|750146|49526.375|6.4251780452635|99.3336795874485||||49526.359375|380.25|40575||||750146|AXM822|X|X|0|0|6||||132|83|132|83|[]|636148143263750000|13:45:26:375
21|2.1|636147900241631888|750146|49530.90625|6.4335894527267|99.3291091032912||||49530.890625|380.25|40575||||750146|AXM822|X|X|0|0|6||||132|51|132|51|[]|636148143309060000|13:45:30:906
21|2.1|636147900281585883|750146|49534.90625|6.4410138072733|99.3251179762806||||49534.890625|380|40550||||750146|AXM822|X|X|0|0|6||||132|51|132|51|[]|636148143349060000|13:45:34:906
21|2.1|636147900321819906|750146|49538.921875|6.4484810771641|99.3210624762537||||49538.9140625|380|40550||||750146|AXM822|X|X|0|0|6||||132|51|132|51|[]|636148143389220000|13:45:38:922
21|2.1|636147900321819906|750146|49538.921875|6.4484810771641|99.3210624762537||||49538.9140625|380|40550||||750146|AXM822|X|X||0|6||||132|83|132|83|[]|636148143389220000|13:45:38:922
21|2.1|636147900361753899|750146|49542.921875|6.4559268893828|99.317049891571||||49542.9140625|380|40550||||750146|AXM822|X|X|0|0|6||||132|51|132|51|[]|636148143429220000|13:45:42:922
21|2.1|636147900371744898|750146|49543.9140625|6.4577722491834|99.3160199233102||||49543.90625|380|40550||||750146|AXM822|X|X||0|6||||132|83|132|83|[]|636148143439140000|13:45:43:914
21|2.1|636147900406528376|750146|49547.40625|6.4642524661576|99.3125223227579||||49547.3984375|379.75|40550||||750146|AXM822|X|X|0|0|6||||132|51|132|51|[]|636148143474060000|13:45:47:406
21|2.1|636147900448492572|750146|49551.59375|6.4720201434578|99.3083166190263||||49551.59375|379.25|40500||||750146|AXM822|X|X|0|0|6||||132|51|132|51|[]|636148143515940000|13:45:51:594
21|2.1|636147900484536176|750146|49555.1796875|6.4786720218088|99.3047117301135||||49555.171875|378.75|40450||||750146|AXM822|X|X||0|6||||132|83|132|83|[]|636148143551800000|13:45:55:180
21|2.1|636147900490146737|750146|49555.765625|6.4797449054138|99.3041323729668||||49555.75|378.75|40450||||750146|AXM822|X|X|0|0|6||||132|51|132|51|[]|636148143557660000|13:45:55:766
21|2.1|636147900526030325|750146|49559.34375|6.4863538684206|99.3005489417261||||49559.3359375|378|40375||||750146|AXM822|X|X|0|0|6||||132|83|132|83|[]|636148143593440000|13:45:59:344
21|2.1|636147900531640886|750146|49559.9140625|6.4874267520256|99.2999695845794||||49559.90625|378|40375||||750146|AXM822|X|X|0|0|6||||132|51|132|51|[]|636148143599140000|13:45:59:914
21|2.1|636147900574235145|750146|49564.171875|6.4953446330305|99.2956565924873||||49564.1640625|377.5|40325||||750146|AXM822|X|X|0|0|6||||132|51|132|51|[]|636148143641720000|13:46:04:172
21|2.1|636147900574385160|750146|49564.171875|6.4953446330305|99.2956565924873||||49564.1640625|377.5|40325||||750146|AXM822|X|X|0|0|6||||132|83|132|83|[]|636148143641720000|13:46:04:172
21|2.1|636147900614799201|750146|49568.2265625|6.5028119029213|99.2916010924604||||49568.21875|376.5|40225||||750146|AXM822|X|X|0|0|6||||132|51|132|51|[]|636148143682270000|13:46:08:227
21|2.1|636147900620729794|750146|49568.8046875|6.5038633288542|99.2910431929858||||49568.7890625|376.5|40225||||750146|AXM822|X|X|0|0|6||||132|83|132|83|[]|636148143688050000|13:46:08:805
21|2.1|636147900656133334|750146|49572.359375|6.5104508341889|99.2874597617451||||49572.359375|375.5|40150||||750146|AXM822|X|X|0|0|6||||132|51|132|51|[]|636148143723590000|13:46:12:359
21|2.1|636147900660663787|750146|49572.8046875|6.5112662257287|99.2869876929589||||49572.8046875|375.25|40125||||750146|AXM822|X|X|0|0|6||||132|83|132|83|[]|636148143728050000|13:46:12:805
21|2.1|636147900698727593|750146|49576.609375|6.5182828845054|99.2831682273251||||49576.6015625|374|40000||||750146|AXM822|X|X|0|0|6||||132|51|132|51|[]|636148143766090000|13:46:16:609
21|2.1|636147900703248045|750146|49577.0546875|6.5190982760452|99.2827390738831||||49577.0390625|374|40000||||750146|AXM822|X|X|0|0|6||||132|83|132|83|[]|636148143770550000|13:46:17:055
21|2.1|636147900742091929|750146|49580.953125|6.5263080538708|99.2788123198888||||49580.9453125|372.5|39850||||750146|AXM822|X|X|0|0|6||||132|51|132|51|[]|636148143809530000|13:46:20:953
21|2.1|636147900747872507|750146|49581.5234375|6.5273594798037|99.2782329627421||||49581.515625|372.25|39825||||750146|AXM822|X|X|0|0|6||||132|83|132|83|[]|636148143815230000|13:46:21:523
21|2.1|636147900784066126|750146|49585.15625|6.534075731171|99.2746066161572||||49585.1484375|370.75|39675||||750146|AXM822|X|X|0|0|6||||132|51|132|51|[]|636148143851560000|13:46:25:156
21|2.1|636147900788276547|750146|49585.5625|6.5348267496945|99.2742203780594||||49585.5546875|370.5|39650||||750146|AXM822|X|X|0|0|6||||132|83|132|83|[]|636148143855630000|13:46:25:563
21|2.1|636147900826650384|750146|49589.4140625|6.5419292391596|99.2703365394093||||49589.40625|369|39500||||750146|AXM822|X|X|0|0|6||||132|51|132|51|[]|636148143894140000|13:46:29:414
21|2.1|636147900831800899|750146|49589.90625|6.542873376732|99.2698644706231||||49589.8984375|368.75|39500||||750146|AXM822|X|X|0|0|6||||132|83|132|83|[]|636148143899060000|13:46:29:906
21|2.1|636147900867684487|750146|49593.515625|6.549525255083|99.2662595817103||||49593.5078125|367|39300||||750146|AXM822|X|X|0|0|6||||132|51|132|51|[]|636148143935160000|13:46:33:516
21|2.1|636147900878135532|750146|49594.5546875|6.5514135302278|99.2652081557774||||49594.546875|366.5|39225||||750146|AXM822|X|X||0|6||||132|83|132|83|[]|636148143945550000|13:46:34:555
21|2.1|636147900907938512|750146|49597.53125|6.5569281519575|99.2622255393555||||49597.53125|365.25|39100||||750146|AXM822|X|X|0|0|6||||132|51|132|51|[]|636148143975310000|13:46:37:531
21|2.1|636147900918229541|750146|49598.5625|6.5588378847744|99.2611955710947||||49598.5625|364.5|39050||||750146|AXM822|X|X|0|0|6||||132|83|132|83|[]|636148143985630000|13:46:38:563
21|2.1|636147900951452863|750146|49601.890625|6.5649318636508|99.2578696319192||||49601.8828125|363|38900||||750146|AXM822|X|X|0|0|6||||132|51|132|51|[]|636148144018910000|13:46:41:891
21|2.1|636147900967054423|750146|49603.4453125|6.5678286493843|99.2563032218559||||49603.4296875|362.25|38800||||750146|AXM822|X|X|0|0|6||||132|83|132|83|[]|636148144034450000|13:46:43:445
21|2.1|636147900993117029|750146|49606.046875|6.5726137102626|99.2537068435318||||49606.03125|360.75|38650||||750146|AXM822|X|X|0|0|6||||132|51|132|51|[]|636148144060470000|13:46:46:047
21|2.1|636147901009648682|750146|49607.6953125|6.5756821573729|99.2520546027801||||49607.6875|360|38575||||750146|AXM822|X|X|0|0|6||||132|83|132|83|[]|636148144076950000|13:46:47:695
21|2.1|636147901034291146|750146|49610.171875|6.5802526415302|99.2495655128165||||49610.1640625|358.5|38450||||750146|AXM822|X|X|0|0|6||||132|51|132|51|[]|636148144101720000|13:46:50:172
21|2.1|636147901058943611|750146|49612.625|6.5848016680154|99.247097880525||||49612.6171875|357.25|38300||||750146|AXM822|X|X||0|6||||132|83|132|83|[]|636148144126250000|13:46:52:625
21|2.1|636147901075165233|750146|49614.25|6.5878057421094|99.2454241821012||||49614.25|356.5|38225||||750146|AXM822|X|X|0|0|6||||132|51|132|51|[]|636148144142500000|13:46:54:250
21|2.1|636147901101377854|750146|49616.875|6.5926766336761|99.242806346105||||49616.8671875|355|38050||||750146|AXM822|X|X|0|0|6||||132|83|132|83|[]|636148144168750000|13:46:56:875
21|2.1|636147901119469663|750146|49618.6953125|6.5960454881958|99.2409395286323||||49618.6875|354|37925||||750146|AXM822|X|X|0|0|6||||132|51|132|51|[]|636148144186950000|13:46:58:695
21|2.1|636147901148332549|750146|49621.5703125|6.6013884485487|99.238085658243||||49621.5625|352.5|37775||||750146|AXM822|X|X|0|0|6||||132|83|132|83|[]|636148144215700000|13:47:01:570
21|2.1|636147901163154031|750146|49623.0625|6.6041779459217|99.2365621635239||||49623.0625|351.5|37700||||750146|AXM822|X|X|0|0|6||||132|51|132|51|[]|636148144230630000|13:47:03:063
21|2.1|636147901189046620|750146|49625.6328125|6.6089844644721|99.2339657851998||||49625.625|350|37500||||750146|AXM822|X|X|0|0|6||||132|83|132|83|[]|636148144256330000|13:47:05:633
21|2.1|636147901204028118|750146|49627.140625|6.6117954195172|99.2324637481528||||49627.1328125|349.25|37450||||750146|AXM822|X|X|0|0|6||||132|51|132|51|[]|636148144271410000|13:47:07:141
21|2.1|636147901229300645|750146|49629.6640625|6.616473192035|99.2298888275008||||49629.65625|348|37300||||750146|AXM822|X|X|0|0|6||||132|83|132|83|[]|636148144296640000|13:47:09:664
21|2.1|636147901245682283|750146|49631.3125|6.6195416391453|99.2282365867491||||49631.3046875|347|37225||||750146|AXM822|X|X|0|0|6||||132|51|132|51|[]|636148144313130000|13:47:11:313
21|2.1|636147901272044919|750146|49633.9296875|6.6244339883841|99.2255758354087||||49633.9296875|345.5|37050||||750146|AXM822|X|X|0|0|6||||132|83|132|83|[]|636148144339300000|13:47:13:930
21|2.1|636147901289826697|750146|49635.7265625|6.6277813852317|99.2237733909523||||49635.71875|344.5|36925||||750146|AXM822|X|X|0|0|6||||132|51|132|51|[]|636148144357270000|13:47:15:727
21|2.1|636147901315739288|750146|49638.3046875|6.6326308191263|99.2211555549561||||49638.296875|343.25|36775||||750146|AXM822|X|X|0|0|6||||132|83|132|83|[]|636148144383050000|13:47:18:305
21|2.1|636147901330570771|750146|49639.8046875|6.6354203164993|99.2196535179091||||49639.796875|342.25|36725||||750146|AXM822|X|X|0|0|6||||132|51|132|51|[]|636148144398050000|13:47:19:805
21|2.1|636147901356603374|750146|49642.390625|6.6402697503939|99.2170142242408||||49642.390625|340.75|36525||||750146|AXM822|X|X|0|0|6||||132|83|132|83|[]|636148144423910000|13:47:22:391
21|2.1|636147901372664980|750146|49644.015625|6.6433381975042|99.215340525817||||49644.0078125|340|36475||||750146|AXM822|X|X|0|0|6||||132|51|132|51|[]|636148144440160000|13:47:24:016
21|2.1|636147901401217835|750146|49646.8515625|6.648659700185|99.2125081130998||||49646.8515625|338.5|36275||||750146|AXM822|X|X|0|0|6||||132|83|132|83|[]|636148144468520000|13:47:26:852
21|2.1|636147901416039317|750146|49648.34375|6.651449197558|99.2109631607086||||49648.34375|337.5|36150||||750146|AXM822|X|X|0|0|6||||132|51|132|51|[]|636148144483440000|13:47:28:344
21|2.1|636147901444902203|750146|49651.2265625|6.6568350732551|99.2080663749751||||49651.2109375|336|36000||||750146|AXM822|X|X|0|0|6||||132|83|132|83|[]|636148144512270000|13:47:31:227
21|2.1|636147901461123825|750146|49652.8515625|6.6599035203654|99.2063926765513||||49652.84375|335|35925||||750146|AXM822|X|X||0|6||||132|51|132|51|[]|636148144528520000|13:47:32:852
21|2.1|636147901485456258|750146|49655.2734375|6.6644740045227|99.2039465019319||||49655.265625|333.75|35800||||750146|AXM822|X|X|0|0|6||||132|83|132|83|[]|636148144552730000|13:47:35:273
21|2.1|636147901505428255|750146|49657.28125|6.6682290971402|99.2018651077382||||49657.2734375|332.5|35675||||750146|AXM822|X|X||0|6||||132|51|132|51|[]|636148144572810000|13:47:37:281
21|2.1|636147901525710283|750146|49659.3046875|6.672048562774|99.1998266288887||||49659.296875|331.5|35525||||750146|AXM822|X|X|0|0|6||||132|83|132|83|[]|636148144593050000|13:47:39:305
21|2.1|636147901546462358|750146|49661.375|6.675910943752|99.1976808616787||||49661.3671875|330.25|35400||||750146|AXM822|X|X||0|6||||132|51|132|51|[]|636148144613750000|13:47:41:375
21|2.1|636147901565644276|750146|49663.3046875|6.6795372903369|99.1957496711897||||49663.296875|329.25|35275||||750146|AXM822|X|X|0|0|6||||132|83|132|83|[]|636148144633050000|13:47:43:305
21|2.1|636147901590296741|750146|49665.7734375|6.6841936051826|99.1931962082098||||49665.765625|327.75|35125||||750146|AXM822|X|X||0|6||||132|51|132|51|[]|636148144657730000|13:47:45:773
21|2.1|636147901610578769|750146|49667.78125|6.6880130708164|99.1911577293603||||49667.78125|326.75|35025||||750146|AXM822|X|X|0|0|6||||132|83|132|83|[]|636148144677810000|13:47:47:781
21|2.1|636147901631480859|750146|49669.890625|6.6919827401549|99.1889690468061||||49669.890625|325.5|34925||||750146|AXM822|X|X|0|0|6||||132|51|132|51|[]|636148144698910000|13:47:49:891
21|2.1|636147901665184229|750146|49673.25|6.6983127534244|99.185514361598||||49673.2421875|323.75|34700||||750146|AXM822|X|X|0|0|6||||132|83|132|83|[]|636148144732500000|13:47:53:250
21|2.1|636147901675005211|750146|49674.2421875|6.7002010285692|99.1845273086814||||49674.2421875|323.25|34625||||750146|AXM822|X|X|0|0|6||||132|51|132|51|[]|636148144742420000|13:47:54:242
21|2.1|636147901705428253|750146|49677.2734375|6.705951684692|99.1813944885548||||49677.265625|321.5|34450||||750146|AXM822|X|X||0|6||||132|83|132|83|[]|636148144772730000|13:47:57:273
21|2.1|636147901716349345|750146|49678.3828125|6.7080330788857|99.1802357742614||||49678.375|321|34450||||750146|AXM822|X|X||0|6||||132|51|132|51|[]|636148144783830000|13:47:58:383
21|2.1|636147901749112621|750146|49681.640625|6.7141914307784|99.1768883774138||||49681.6328125|319.25|34225||||750146|AXM822|X|X|0|0|6||||132|83|132|83|[]|636148144816410000|13:48:01:641
21|2.1|636147901758313541|750146|49682.5703125|6.7159509598906|99.1759656975135||||49682.5625|318.75|34175||||750146|AXM822|X|X|0|0|6||||132|51|132|51|[]|636148144825700000|13:48:02:570
21|2.1|636147901799817691|750146|49686.7109375|6.7238259255513|99.1717170784377||||49686.7109375|316.5|33925||||750146|AXM822|X|X||0|6||||132|83|132|83|[]|636148144867110000|13:48:06:711
21|2.1|636147901799967706|750146|49686.7109375|6.7238259255513|99.1717170784377||||49686.703125|316.5|33925||||750146|AXM822|X|X||0|6||||132|51|132|51|[]|636148144867110000|13:48:06:711
21|2.1|636147901842401949|750146|49690.984375|6.7318725525888|99.1673397133293||||49690.9765625|314.25|33700||||750146|AXM822|X|X||0|6||||132|51|132|51|[]|636148144909840000|13:48:10:984
21|2.1|636147901847552464|750146|49691.484375|6.7328596055054|99.1668032715268||||49691.4765625|314|33675||||750146|AXM822|X|X||0|6||||132|83|132|83|[]|636148144914840000|13:48:11:484
21|2.1|636147901884366145|750146|49695.1875|6.7398762642821|99.1630267212372||||49695.1796875|312|33425||||750146|AXM822|X|X|0|0|6||||132|51|132|51|[]|636148144951880000|13:48:15:188
21|2.1|636147901889986707|750146|49695.734375|6.7409062325429|99.1624473640905||||49695.734375|311.75|33425||||750146|AXM822|X|X|0|0|6||||132|83|132|83|[]|636148144957340000|13:48:15:734
21|2.1|636147901924780186|750146|49699.2265625|6.7475151955497|99.1588639328498||||49699.21875|309.75|33225||||750146|AXM822|X|X||0|6||||132|51|132|51|[]|636148144992270000|13:48:19:227
21|2.1|636147901935381246|750146|49700.265625|6.7494893013829|99.1578125069169||||49700.25|309.25|33175||||750146|AXM822|X|X|0|0|6||||132|83|132|83|[]|636148145002660000|13:48:20:266
21|2.1|636147901968924600|750146|49703.6328125|6.7558407723245|99.1543578217088||||49703.625|307.5|32975||||750146|AXM822|X|X|0|0|6||||132|51|132|51|[]|636148145036330000|13:48:23:633
21|2.1|636147901977655473|750146|49704.4921875|6.7575144707483|99.1534780571527||||49704.484375|307|32900||||750146|AXM822|X|X|0|0|6||||132|83|132|83|[]|636148145044920000|13:48:24:492
21|2.1|636147902011668874|750146|49707.90625|6.7639946877225|99.1499589989283||||49707.8984375|305|32700||||750146|AXM822|X|X|0|0|6||||132|51|132|51|[]|636148145079060000|13:48:27:906
21|2.1|636147902021179825|750146|49708.84375|6.7657542168347|99.1490148613559||||49708.8359375|304.5|32650||||750146|AXM822|X|X|0|0|6||||132|83|132|83|[]|636148145088440000|13:48:28:844
21|2.1|636147902053483055|750146|49712.09375|6.7719554840716|99.1456460068362||||49712.0859375|303|32500||||750146|AXM822|X|X|0|0|6||||132|51|132|51|[]|636148145120940000|13:48:32:094
21|2.1|636147902062994006|750146|49713.0234375|6.7737150131838|99.1446804115917||||49713.015625|302.5|32450||||750146|AXM822|X|X|0|0|6||||132|83|132|83|[]|636148145130230000|13:48:33:023
21|2.1|636147902096997406|750146|49716.4453125|6.7801737724859|99.1411828110394||||49716.4375|301|32250||||750146|AXM822|X|X|0|0|6||||132|51|132|51|[]|636148145164450000|13:48:36:445
21|2.1|636147902106048311|750146|49717.34375|6.781911843926|99.140238673467||||49717.34375|300.5|32200||||750146|AXM822|X|X|0|0|6||||132|83|132|83|[]|636148145173440000|13:48:37:344
21|2.1|636147902140371743|750146|49720.7734375|6.7884135185723|99.1367196152426||||49720.7734375|299|32025||||750146|AXM822|X|X||0|6||||132|51|132|51|[]|636148145207730000|13:48:40:773
21|2.1|636147902162213927|750146|49722.953125|6.7925333916155|99.1344236443279||||49722.953125|298.25|31950||||750146|AXM822|X|X|0|0|6||||132|83|132|83|[]|636148145229530000|13:48:42:953
21|2.1|636147902183436049|750146|49725.0703125|6.796503060954|99.13229933479||||49725.0625|297.25|31850||||750146|AXM822|X|X||0|6||||132|51|132|51|[]|636148145250700000|13:48:45:070
21|2.1|636147902202457951|750146|49726.9765625|6.8000864921947|99.1303466866289||||49726.9609375|296.5|31775||||750146|AXM822|X|X|0|0|6||||132|83|132|83|[]|636148145269770000|13:48:46:977
21|2.1|636147902225710276|750146|49729.3046875|6.8044853149752|99.1279434273537||||49729.296875|295.5|31650||||750146|AXM822|X|X|0|0|6||||132|51|132|51|[]|636148145293050000|13:48:49:305
21|2.1|636147902245992304|750146|49731.3359375|6.808304780609|99.1257976601437||||49731.328125|294.5|31550||||750146|AXM822|X|X|0|0|6||||132|83|132|83|[]|636148145313360000|13:48:51:336
21|2.1|636147902266584363|750146|49733.390625|6.8122315346033|99.12371626595||||49733.3828125|293.75|31450||||750146|AXM822|X|X||0|6||||132|51|132|51|[]|636148145333910000|13:48:53:391
21|2.1|636147902288266531|750146|49735.5625|6.8162655769581|99.1214846680516||||49735.5546875|292.75|31375||||750146|AXM822|X|X|0|0|6||||132|83|132|83|[]|636148145355630000|13:48:55:563
21|2.1|636147902306678372|750146|49737.40625|6.8197631775104|99.1195963929068||||49737.3984375|292|31275||||750146|AXM822|X|X||0|6||||132|51|132|51|[]|636148145374060000|13:48:57:406
21|2.1|636147902328360540|750146|49739.5703125|6.8238186775373|99.1173647950084||||49739.5703125|291|31200||||750146|AXM822|X|X|0|0|6||||132|83|132|83|[]|636148145395700000|13:48:59:570
21|2.1|636147902348172521|750146|49741.5625|6.8275737701548|99.115347773831||||49741.5625|290.25|31100||||750146|AXM822|X|X||0|6||||132|51|132|51|[]|636148145415630000|13:49:01:563
21|2.1|636147902368614565|750146|49743.59375|6.8313932357886|99.1132449219652||||49743.59375|289.5|31000||||750146|AXM822|X|X|0|0|6||||132|83|132|83|[]|636148145435940000|13:49:03:594
21|2.1|636147902390146718|750146|49745.7578125|6.8354487358155|99.1110776970831||||49745.75|288.5|30900||||750146|AXM822|X|X|0|0|6||||132|51|132|51|[]|636148145457580000|13:49:05:758
21|2.1|636147902413539057|750146|49748.0859375|6.8398261009239|99.1087173531521||||49748.0703125|287.5|30775||||750146|AXM822|X|X|0|0|6||||132|83|132|83|[]|636148145480860000|13:49:08:086
21|2.1|636147902432420945|750146|49749.9765625|6.8433666168204|99.106764704991||||49749.9609375|286.5|30700||||750146|AXM822|X|X||0|6||||132|51|132|51|[]|636148145499770000|13:49:09:977
21|2.1|636147902457993502|750146|49752.5234375|6.8481516776987|99.1041683266669||||49752.515625|285.5|30550||||750146|AXM822|X|X|0|0|6||||132|83|132|83|[]|636148145525230000|13:49:12:523
21|2.1|636147902472975000|750146|49754.03125|6.8509626327438|99.1026448319478||||49754.0234375|284.75|30500||||750146|AXM822|X|X|0|0|6||||132|51|132|51|[]|636148145540310000|13:49:14:031
21|2.1|636147902503708073|750146|49757.1015625|6.8567347465387|99.0995120118212||||49757.09375|283.5|30375||||750146|AXM822|X|X|0|0|6||||132|83|132|83|[]|636148145571020000|13:49:17:102
21|2.1|636147902513229025|750146|49758.0625|6.8585371909951|99.0985893319209||||49758.0546875|283|30325||||750146|AXM822|X|X|0|0|6||||132|51|132|51|[]|636148145580630000|13:49:18:063
21|2.1|636147902547702472|750146|49761.5078125|6.8649744926251|99.0950702736965||||49761.5|281.5|30125||||750146|AXM822|X|X|0|0|6||||132|83|132|83|[]|636148145615080000|13:49:21:508
21|2.1|636147902555973299|750146|49762.3359375|6.8664979873442|99.0942119668125||||49762.328125|281.25|30100||||750146|AXM822|X|X|0|0|6||||132|51|132|51|[]|636148145623360000|13:49:22:336
21|2.1|636147902588106512|750146|49765.546875|6.8725061355322|99.0909933159975||||49765.5390625|279.75|29950||||750146|AXM822|X|X|0|0|6||||132|83|132|83|[]|636148145655470000|13:49:25:547
21|2.1|636147902599647666|750146|49766.703125|6.8746948180864|99.0897916863599||||49766.703125|279.25|29900||||750146|AXM822|X|X|0|0|6||||132|51|132|51|[]|636148145667030000|13:49:26:703
21|2.1|636147902630230724|750146|49769.7578125|6.8803811011929|99.0867446969217||||49769.7421875|278|29750||||750146|AXM822|X|X|0|0|6||||132|83|132|83|[]|636148145697580000|13:49:29:758
21|2.1|636147902640831784|750146|49770.8046875|6.8822908340098|99.0856503556446||||49770.7890625|277.5|29700||||750146|AXM822|X|X|0|0|6||||132|51|132|51|[]|636148145708050000|13:49:30:805
21|2.1|636147902670324733|750146|49773.765625|6.8878269134116|99.0826677392227||||49773.75|276.25|29600||||750146|AXM822|X|X|0|0|6||||132|83|132|83|[]|636148145737660000|13:49:33:766
21|2.1|636147902685296230|750146|49775.265625|6.8906164107846|99.0811442445036||||49775.25|275.5|29525||||750146|AXM822|X|X|0|0|6||||132|51|132|51|[]|636148145752660000|13:49:35:266
21|2.1|636147902710738774|750146|49777.8046875|6.8953156409745|99.0785907815237||||49777.78125|274.5|29400||||750146|AXM822|X|X|0|0|6||||132|83|132|83|[]|636148145778050000|13:49:37:805
21|2.1|636147902728830583|750146|49779.625|6.8987059531663|99.0767454217231||||49779.6171875|273.75|29325||||750146|AXM822|X|X||0|6||||132|51|132|51|[]|636148145796250000|13:49:39:625
21|2.1|636147902754573157|750146|49782.1953125|6.9034910140446|99.074149043399||||49782.1875|272.5|29150||||750146|AXM822|X|X|0|0|6||||132|83|132|83|[]|636148145821950000|13:49:42:195
21|2.1|636147902769384638|750146|49783.671875|6.9062161384013|99.0726684640241||||49783.6640625|272|29100||||750146|AXM822|X|X|0|0|6||||132|51|132|51|[]|636148145836720000|13:49:43:672
21|2.1|636147902794817181|750146|49786.2109375|6.9108939109191|99.0700935433721||||49786.2109375|270.75|29000||||750146|AXM822|X|X|0|0|6||||132|83|132|83|[]|636148145862110000|13:49:46:211
21|2.1|636147902809638663|750146|49787.703125|6.91366195062|99.0685915063251||||49787.6953125|270.25|28925||||750146|AXM822|X|X|0|0|6||||132|51|132|51|[]|636148145877030000|13:49:47:703
21|2.1|636147902836311330|750146|49790.3515625|6.918597215203|99.0659522126568||||49790.3515625|269|28825||||750146|AXM822|X|X|0|0|6||||132|83|132|83|[]|636148145903520000|13:49:50:352
21|2.1|636147902849582657|750146|49791.703125|6.9210648474945|99.0645789216424||||49791.703125|268.5|28750||||750146|AXM822|X|X|0|0|6||||132|51|132|51|[]|636148145917030000|13:49:51:703
21|2.1|636147902878895588|750146|49794.6171875|6.9264292655195|99.0616821359089||||49794.609375|267.25|28625||||750146|AXM822|X|X|0|0|6||||132|83|132|83|[]|636148145946170000|13:49:54:617
21|2.1|636147902889816680|750146|49795.7265625|6.928467744369|99.0605448792876||||49795.71875|266.75|28550||||750146|AXM822|X|X|0|0|6||||132|51|132|51|[]|636148145957270000|13:49:55:727
21|2.1|636147902919779676|750146|49798.703125|6.9339394507545|99.0575837205378||||49798.6953125|265.5|28400||||750146|AXM822|X|X|0|0|6||||132|83|132|83|[]|636148145987030000|13:49:58:703
21|2.1|636147902929910689|750146|49799.7265625|6.9358706412435|99.0565322946049||||49799.7265625|265|28375||||750146|AXM822|X|X|0|0|6||||132|51|132|51|[]|636148145997270000|13:49:59:727
21|2.1|636147902963764074|750146|49803.1171875|6.9420719084804|99.0531634400852||||49803.109375|263.5|28225||||750146|AXM822|X|X|0|0|6||||132|83|132|83|[]|636148146031170000|13:50:03:117
21|2.1|636147902974695167|750146|49804.2109375|6.9440889296578|99.0520261834639||||49804.203125|263|28175||||750146|AXM822|X|X|0|0|6||||132|51|132|51|[]|636148146042110000|13:50:04:211
21|2.1|636147903006208318|750146|49807.3515625|6.9498395857806|99.0488933633373||||49807.34375|261.5|28000||||750146|AXM822|X|X|0|0|6||||132|83|132|83|[]|636148146073520000|13:50:07:352
21|2.1|636147903016649362|750146|49808.40625|6.9517922339417|99.0478419374044||||49808.3984375|261.25|27975||||750146|AXM822|X|X|0|0|6||||132|51|132|51|[]|636148146084060000|13:50:08:406
21|2.1|636147903047392436|750146|49811.4765625|6.9574141440319|99.0447734902941||||49811.46875|259.75|27825||||750146|AXM822|X|X|0|0|6||||132|83|132|83|[]|636148146114770000|13:50:11:477
21|2.1|636147903058313528|750146|49812.5625|6.9594311652093|99.0437006066891||||49812.5625|259.25|27750||||750146|AXM822|X|X|0|0|6||||132|51|132|51|[]|636148146125630000|13:50:12:563
21|2.1|636147903089816678|750146|49815.703125|6.9651818213321|99.0406107019067||||49815.703125|258|27600||||750146|AXM822|X|X|0|0|6||||132|83|132|83|[]|636148146157030000|13:50:15:703
21|2.1|636147903099807677|750146|49816.7109375|6.9670271811327|99.039602191318||||49816.7109375|257.5|27550||||750146|AXM822|X|X|0|0|6||||132|51|132|51|[]|636148146167110000|13:50:16:711
21|2.1|636147903131480844|750146|49819.8828125|6.9728207525997|99.0364479135193||||49819.8828125|256.25|27425||||750146|AXM822|X|X|0|0|6||||132|83|132|83|[]|636148146198830000|13:50:19:883
21|2.1|636147903142401936|750146|49820.9765625|6.974816316105|99.0353750299143||||49820.96875|255.75|27375||||750146|AXM822|X|X|0|0|6||||132|51|132|51|[]|636148146209770000|13:50:20:977
21|2.1|636147903174215117|750146|49824.1484375|6.9806313452441|99.0322422097877||||49824.1328125|254.5|27250||||750146|AXM822|X|X|0|0|6||||132|83|132|83|[]|636148146241480000|13:50:24:148
21|2.1|636147903182955991|750146|49825.03125|6.9822406706516|99.0313195298874||||49825.0234375|254|27200||||750146|AXM822|X|X|0|0|6||||132|51|132|51|[]|636148146250310000|13:50:25:031
21|2.1|636147903219309626|750146|49828.6640625|6.9888710913305|99.0277790139909||||49828.65625|252.5|27000||||750146|AXM822|X|X|0|0|6||||132|83|132|83|[]|636148146286640000|13:50:28:664
21|2.1|636147903224300125|750146|49829.171875|6.9897723135587|99.0272640298605||||49829.1640625|252.25|27000||||750146|AXM822|X|X|0|0|6||||132|51|132|51|[]|636148146291720000|13:50:29:172
21|2.1|636147903261583853|750146|49832.8984375|6.9965529379423|99.0235947679314||||49832.890625|250.75|26825||||750146|AXM822|X|X|0|0|6||||132|83|132|83|[]|636148146328980000|13:50:32:898
21|2.1|636147903266734368|750146|49833.4140625|6.9974970755147|99.023079783801||||49833.40625|250.5|26775||||750146|AXM822|X|X|0|0|6||||132|51|132|51|[]|636148146334140000|13:50:33:414
21|2.1|636147903305108205|750146|49837.2421875|7.0044922766193|99.0193032335114||||49837.2421875|249|26650||||750146|AXM822|X|X|0|0|6||||132|83|132|83|[]|636148146372420000|13:50:37:242
21|2.1|636147903310098704|750146|49837.7578125|7.0053720411754|99.0188311647252||||49837.75|248.75|26600||||750146|AXM822|X|X|0|0|6||||132|51|132|51|[]|636148146377580000|13:50:37:758
21|2.1|636147903346912385|750146|49841.421875|7.0120239195264|99.0151833604682||||49841.421875|247.25|26425||||750146|AXM822|X|X|0|0|6||||132|83|132|83|[]|636148146414220000|13:50:41:422
21|2.1|636147903352222916|750146|49841.953125|7.013010972443|99.0146683763378||||49841.953125|247|26425||||750146|AXM822|X|X|0|0|6||||132|51|132|51|[]|636148146419530000|13:50:41:953
21|2.1|636147903390286722|750146|49845.7578125|7.0198345121708|99.0109776567366||||49845.7421875|245.25|26225||||750146|AXM822|X|X|0|0|6||||132|83|132|83|[]|636148146457580000|13:50:45:758
21|2.1|636147903394817175|750146|49846.2109375|7.0207142767269|99.0105055879504||||49846.2109375|245|26175||||750146|AXM822|X|X|0|0|6||||132|51|132|51|[]|636148146462110000|13:50:46:211
21|2.1|636147903435841277|750146|49850.328125|7.0281386312735|99.0064715455956||||49850.3125|243.25|26025||||750146|AXM822|X|X|0|0|6||||132|51|132|51|[]|636148146503280000|13:50:50:328
21|2.1|636147903435991292|750146|49850.328125|7.0281386312735|99.0064715455956||||49850.3125|243.25|26025||||750146|AXM822|X|X|0|0|6||||132|83|132|83|[]|636148146503280000|13:50:50:328
21|2.1|636147903476085301|750146|49854.34375|7.0353698667712|99.0025447916013||||49854.3359375|241.5|25800||||750146|AXM822|X|X|0|0|6||||132|51|132|51|[]|636148146543440000|13:50:54:344
21|2.1|636147903476095302|750146|49854.34375|7.0353698667712|99.0025447916013||||49854.3359375|241.5|25800||||750146|AXM822|X|X|0|0|6||||132|83|132|83|[]|636148146543440000|13:50:54:344
21|2.1|636147903519619654|750146|49858.6953125|7.0432019170877|98.9982747148534||||49858.6875|239.75|25625||||750146|AXM822|X|X|0|0|6||||132|51|132|51|[]|636148146586950000|13:50:58:695
21|2.1|636147903519629655|750146|49858.6953125|7.0432019170877|98.9982747148534||||49858.6875|239.75|25625||||750146|AXM822|X|X|0|0|6||||132|83|132|83|[]|636148146586950000|13:50:58:695
21|2.1|636147903561113803|750146|49862.84375|7.0506691869785|98.9942192148265||||49862.8359375|238|25450||||750146|AXM822|X|X|0|0|6||||132|51|132|51|[]|636148146628440000|13:51:02:844
21|2.1|636147903561113803|750146|49862.84375|7.0506691869785|98.9942192148265||||49862.84375|238|25450||||750146|AXM822|X|X|0|0|6||||132|83|132|83|[]|636148146628440000|13:51:02:844
21|2.1|636147903602457937|750146|49866.984375|7.058072083853|98.9901637147996||||49866.96875|236.25|25275||||750146|AXM822|X|X|0|0|6||||132|51|132|51|[]|636148146669840000|13:51:06:984
21|2.1|636147903602607952|750146|49866.984375|7.058072083853|98.9901637147996||||49866.96875|236.25|25275||||750146|AXM822|X|X|0|0|6||||132|83|132|83|[]|636148146669840000|13:51:06:984
21|2.1|636147903643322023|750146|49871.0625|7.0653891500391|98.986172587789||||49871.0546875|234.5|25050||||750146|AXM822|X|X|0|0|6||||132|51|132|51|[]|636148146710630000|13:51:11:063
21|2.1|636147903643332024|750146|49871.0625|7.0653891500391|98.986172587789||||49871.0546875|234.5|25075||||750146|AXM822|X|X|0|0|6||||132|83|132|83|[]|636148146710630000|13:51:11:063
21|2.1|636147903687786469|750146|49875.5078125|7.0733284887161|98.9818381380248||||49875.4921875|232.75|24900||||750146|AXM822|X|X|0|0|6||||132|51|132|51|[]|636148146755080000|13:51:15:508
21|2.1|636147903687786469|750146|49875.5078125|7.0733284887161|98.9818381380248||||49875.4921875|232.75|24850||||750146|AXM822|X|X|0|0|6||||132|83|132|83|[]|636148146755080000|13:51:15:508
21|2.1|636147903731470837|750146|49879.875|7.0811176236884|98.977589518949||||49879.8671875|231|24675||||750146|AXM822|X|X|0|0|6||||132|51|132|51|[]|636148146798750000|13:51:19:875
21|2.1|636147903731470837|750146|49879.875|7.0811176236884|98.977589518949||||49879.8671875|231|24675||||750146|AXM822|X|X|0|0|6||||132|83|132|83|[]|636148146798750000|13:51:19:875
21|2.1|636147903772184908|750146|49883.9453125|7.0883703168582|98.9736413072826||||49883.9375|229.25|24500||||750146|AXM822|X|X|0|0|6||||132|83|132|83|[]|636148146839450000|13:51:23:945
21|2.1|636147903777645454|750146|49884.5078125|7.0893788274469|98.9731263231522||||49884.5|229|24450||||750146|AXM822|X|X|0|0|6||||132|51|132|51|[]|636148146845080000|13:51:24:508
21|2.1|636147903813849074|750146|49888.1171875|7.0957732137327|98.9696287225999||||49888.109375|227.5|24325||||750146|AXM822|X|X|0|0|6||||132|83|132|83|[]|636148146881170000|13:51:28:117
21|2.1|636147903818529542|750146|49888.59375|7.0966100629446|98.9691781114858||||49888.59375|227.25|24275||||750146|AXM822|X|X|0|0|6||||132|51|132|51|[]|636148146885940000|13:51:28:594
21|2.1|636147903857993488|750146|49892.5234375|7.1036267217213|98.965358645852||||49892.5234375|225.5|24075||||750146|AXM822|X|X|0|0|6||||132|83|132|83|[]|636148146925230000|13:51:32:523
21|2.1|636147903862203909|750146|49892.953125|7.1043562825727|98.96492949241||||49892.953125|225.5|24075||||750146|AXM822|X|X|0|0|6||||132|51|132|51|[]|636148146929530000|13:51:32:953
21|2.1|636147903898867575|750146|49896.6171875|7.110857957219|98.9614533495298||||49896.6015625|224|23925||||750146|AXM822|X|X|0|0|6||||132|83|132|83|[]|636148146966170000|13:51:36:617
21|2.1|636147903903708059|750146|49897.1015625|7.111716264103|98.9609812807436||||49897.1015625|223.75|23900||||750146|AXM822|X|X|0|0|6||||132|51|132|51|[]|636148146971020000|13:51:37:102
21|2.1|636147903940981786|750146|49900.828125|7.1183252271098|98.9573978495029||||49900.8125|222.25|23750||||750146|AXM822|X|X|0|0|6||||132|83|132|83|[]|636148147008280000|13:51:40:828
21|2.1|636147903945202208|750146|49901.265625|7.1190977033054|98.956990153733||||49901.2578125|222|23700||||750146|AXM822|X|X|0|0|6||||132|51|132|51|[]|636148147012660000|13:51:41:266
21|2.1|636147903984196107|750146|49905.15625|7.1259427007053|98.9532994341318||||49905.1484375|220.5|23550||||750146|AXM822|X|X|0|0|6||||132|83|132|83|[]|636148147051560000|13:51:45:156
21|2.1|636147904029290616|750146|49909.65625|7.1338605817102|98.9489864420397||||49909.6484375|218.75|23350||||750146|AXM822|X|X|0|0|6||||132|83|132|83|[]|636148147096560000|13:51:49:656
21|2.1|636147904033811068|750146|49910.125|7.1346974309221|98.9485143732535||||49910.1171875|218.5|23325||||750146|AXM822|X|X||0|6||||132|51|132|51|[]|636148147101250000|13:51:50:125
21|2.1|636147904073585045|750146|49914.0859375|7.1416282590104|98.9447163652918||||49914.078125|217|23175||||750146|AXM822|X|X|0|0|6||||132|83|132|83|[]|636148147140860000|13:51:54:086
21|2.1|636147904083416028|750146|49915.0859375|7.1434092457947|98.9437936853915||||49915.078125|216.5|23125||||750146|AXM822|X|X||0|6||||132|51|132|51|[]|636148147150860000|13:51:55:086
21|2.1|636147904114619148|750146|49918.1875|7.1487951214918|98.9408754419859||||49918.171875|215.5|23025||||750146|AXM822|X|X|0|0|6||||132|83|132|83|[]|636148147181880000|13:51:58:188
21|2.1|636147904158613547|750146|49922.5859375|7.1566271718083|98.9369057726474||||49922.578125|213.5|22775||||750146|AXM822|X|X|0|0|6||||132|83|132|83|[]|636148147225860000|13:52:02:586
21|2.1|636147904199797665|750146|49926.703125|7.1640086110107|98.9333652567509||||49926.6953125|211|22550||||750146|AXM822|X|X|0|0|6||||132|83|132|83|[]|636148147267030000|13:52:06:703
21|2.1|636147904243332018|750146|49931.0546875|7.1719694073598|98.9298461985265||||49931.046875|208.25|22275||||750146|AXM822|X|X|0|0|6||||132|83|132|83|[]|636148147310550000|13:52:11:055
21|2.1|636147904284506135|750146|49935.1875|7.1796083386274|98.9267133783999||||49935.1796875|206|22025||||750146|AXM822|X|X|0|0|6||||132|83|132|83|[]|636148147351880000|13:52:15:188
21|2.1|636147904326480332|750146|49939.375|7.1874403889439|98.9236878466338||||49939.375|204|21775||||750146|AXM822|X|X|0|0|6||||132|83|132|83|[]|636148147393750000|13:52:19:375
21|2.1|636147904367814465|750146|49943.515625|7.1951651508999|98.9207052302119||||49943.515625|202|21550||||750146|AXM822|X|X|0|0|6||||132|83|132|83|[]|636148147435160000|13:52:23:516
21|2.1|636147904410718755|750146|49947.8046875|7.203125947249|98.9176367831016||||49947.7890625|200.25|21375||||750146|AXM822|X|X||0|6||||132|83|132|83|[]|636148147478050000|13:52:27:805
21|2.1|636147904452682951|750146|49951.9921875|7.2109365398934|98.9145897936634||||49951.984375|198.5|21200||||750146|AXM822|X|X|0|0|6||||132|83|132|83|[]|636148147519920000|13:52:31:992
21|2.1|636147904498077490|750146|49956.5390625|7.2193908627008|98.9113926005205||||49956.53125|196.75|20975||||750146|AXM822|X|X|0|0|6||||132|83|132|83|[]|636148147565390000|13:52:36:539
21|2.1|636147904541601842|750146|49960.8828125|7.2273945743941|98.908281238066||||49960.8828125|195|20800||||750146|AXM822|X|X|0|0|6||||132|83|132|83|[]|636148147608830000|13:52:40:883
21|2.1|636147904589186600|750146|49965.6484375|7.236170762283|98.9049338412184||||49965.640625|193.25|20600||||750146|AXM822|X|X|0|0|6||||132|83|132|83|[]|636148147656480000|13:52:45:648
21|2.1|636147904640511732|750146|49970.7734375|7.2455263073186|98.9013074946335||||49970.765625|191.5|20425||||750146|AXM822|X|X|0|0|6||||132|83|132|83|[]|636148147707730000|13:52:50:773
21|2.1|636147904699017582|750146|49976.625|7.2561907703523|98.8972090792624||||49976.6171875|189.25|20175||||750146|AXM822|X|X||0|6||||132|83|132|83|[]|636148147766250000|13:52:56:625
21|2.1|636147904740981778|750146|49980.828125|7.2637867862757|98.8942693781847||||49980.8203125|187.75|20025||||750146|AXM822|X|X|0|0|6||||132|83|132|83|[]|636148147808280000|13:53:00:828
21|2.1|636147904780915771|750146|49984.828125|7.2710180217734|98.8914798808117||||49984.8203125|186.25|19850||||750146|AXM822|X|X|0|0|6||||132|83|132|83|[]|636148147848280000|13:53:04:828
21|2.1|636147904823820061|750146|49989.1171875|7.2787213260573|98.8884972643898||||49989.109375|184.75|19675||||750146|AXM822|X|X|0|0|6||||132|83|132|83|[]|636148147891170000|13:53:09:117
21|2.1|636147904865624241|750146|49993.296875|7.2862100536202|98.8856219363284||||49993.296875|183.25|19525||||750146|AXM822|X|X|0|0|6||||132|83|132|83|[]|636148147932970000|13:53:13:297
21|2.1|636147904906348313|750146|49997.359375|7.2934842044621|98.8828324389554||||49997.34375|181.75|19350||||750146|AXM822|X|X|0|0|6||||132|83|132|83|[]|636148147973590000|13:53:17:359
21|2.1|636147904953613039|750146|50002.0859375|7.3018956119253|98.8795494151241||||50002.078125|180|19175||||750146|AXM822|X|X|0|0|6||||132|83|132|83|[]|636148148020860000|13:53:22:086
21|2.1|636147904995737251|750146|50006.3046875|7.3093843394882|98.8766740870627||||50006.296875|178.75|19025||||750146|AXM822|X|X|0|0|6||||132|83|132|83|[]|636148148063050000|13:53:26:305
21|2.1|636147905036611338|750146|50010.3828125|7.3166155749859|98.8739275050339||||50010.3828125|177.25|18875||||750146|AXM822|X|X|0|0|6||||132|83|132|83|[]|636148148103830000|13:53:30:383
21|2.1|636147905076865363|750146|50014.4140625|7.323718064451|98.8711809230051||||50014.4140625|175.75|18700||||750146|AXM822|X|X|0|0|6||||132|83|132|83|[]|636148148144140000|13:53:34:414
21|2.1|636147905120229699|750146|50018.7421875|7.3313140803744|98.8682841372716||||50018.734375|174.25|18575||||750146|AXM822|X|X|0|0|6||||132|83|132|83|[]|636148148187420000|13:53:38:742
21|2.1|636147905162033879|750146|50022.9375|7.3386311465605|98.8654517245544||||50022.9296875|173|18425||||750146|AXM822|X|X|0|0|6||||132|83|132|83|[]|636148148229380000|13:53:42:938
21|2.1|636147905203558031|750146|50027.0859375|7.3459052974024|98.8627051425256||||50027.078125|171.5|18250||||750146|AXM822|X|X|0|0|6||||132|83|132|83|[]|636148148270860000|13:53:47:086
21|2.1|636147905244102085|750146|50031.1328125|7.3529219561791|98.8599585604968||||50031.1328125|170|18075||||750146|AXM822|X|X||0|6||||132|83|132|83|[]|636148148311330000|13:53:51:133
21|2.1|636147905287786453|750146|50035.5078125|7.3604750567583|98.8570617747633||||50035.5|168.5|17925||||750146|AXM822|X|X||0|6||||132|83|132|83|[]|636148148355080000|13:53:55:508
21|2.1|636147905332550929|750146|50039.9765625|7.3681569033701|98.8541006160135||||50039.9765625|167|17775||||750146|AXM822|X|X|0|0|6||||132|83|132|83|[]|636148148399770000|13:53:59:977
21|2.1|636147905372954969|750146|50044.015625|7.3750877314584|98.851418407001||||50044.0078125|165.5|17625||||750146|AXM822|X|X|0|0|6||||132|83|132|83|[]|636148148440160000|13:54:04:016
21|2.1|636147905413679041|750146|50048.09375|7.3821043902351|98.8487361979885||||50048.0859375|164|17475||||750146|AXM822|X|X|0|0|6||||132|83|132|83|[]|636148148480940000|13:54:08:094
21|2.1|636147905458133486|750146|50052.5390625|7.3896789484864|98.8458179545829||||50052.53125|162.75|17300||||750146|AXM822|X|X||0|6||||132|83|132|83|[]|636148148525390000|13:54:12:539
21|2.1|636147905498077480|750146|50056.5390625|7.3965024882142|98.8431572032425||||50056.53125|161.25|17150||||750146|AXM822|X|X|0|0|6||||132|83|132|83|[]|636148148565390000|13:54:16:539
21|2.1|636147905568584530|750146|50063.5859375|7.4085616999344|98.8385008883968||||50063.5859375|158.75|16900||||750146|AXM822|X|X|0|0|6||||132|83|132|83|[]|636148148635860000|13:54:23:586
21|2.1|636147905905868255|750146|50097.3046875|7.4658536844414|98.8163351131175||||50097.296875|147.25|15750||||750146|AXM822|X|X||0|6||||132|83|132|83|[]|636148148973050000|13:54:57:305
21|2.1|636147905949252593|750146|50101.65625|7.4732136659717|98.8135027004003||||50101.6484375|145.75|15500||||750146|AXM822|X|X|0|0|6||||132|83|132|83|[]|636148149016560000|13:55:01:656
21|2.1|636147905992606928|750146|50105.984375|7.4805307321578|98.810648830011||||50105.9765625|144.25|15350||||750146|AXM822|X|X|0|0|6||||132|83|132|83|[]|636148149059840000|13:55:05:984
21|2.1|636147906035521219|750146|50110.2734375|7.4877834253276|98.807859332638||||50110.2734375|142.75|15175||||750146|AXM822|X|X|0|0|6||||132|83|132|83|[]|636148149102730000|13:55:10:273
21|2.1|636147906365464210|750146|50143.2734375|7.543230050034|98.7865518642427||||50143.265625|131.5|13950||||750146|AXM822|X|X|0|0|6||||132|83|132|83|[]|636148149432730000|13:55:43:273
21|2.1|636147910217549380|750146|50528.4765625|8.0804872440738|98.7107204510413||||50528.4765625|50|5250||||750146|X|X|X|0|0|6||||132|83|132|83|[]|636148153284770000|14:02:08:477
21|2.1|636147910519729595|750146|50558.6875|8.1181240009372|98.7113641812043||||50558.6875|42|4400||||750146|AXM822|X|X|0|0|6||||132|83|132|83|[]|636148153586880000|14:02:38:688
21|2.1|636147910569644586|750146|50563.6875|8.1238317417158|98.7094115330432||||50563.6796875|40.75|4275||||750146|AXM822|X|X||0|6||||132|83|132|83|[]|636148153636880000|14:02:43:688
21|2.1|636147910610368658|750146|50567.7578125|8.1279730724311|98.7070511891122||||50567.75|39.75|4175||||750146|AXM822|X|X||0|6||||132|83|132|83|[]|636148153677580000|14:02:47:758
21|2.1|636147910653582979|750146|50572.0703125|8.1317925380649|98.7038754536414||||50572.0625|38.75|4075||||750146|AXM822|X|X||0|6||||132|83|132|83|[]|636148153720700000|14:02:52:070
21|2.1|636147910693676988|750146|50576.0859375|8.1347322391426|98.7004207684333||||50576.0859375|37.75|3975||||750146|AXM822|X|X|0|0|6||||132|83|132|83|[]|636148153760860000|14:02:56:086
21|2.1|636147910737351355|750146|50580.4609375|8.1371569560899|98.6962365223738||||50580.453125|36.75|3850||||750146|AXM822|X|X||0|6||||132|83|132|83|[]|636148153804610000|14:03:00:461
21|2.1|636147910820509670|750146|50588.78125|8.1401395725118|98.6878036572385||||50588.765625|35|3675||||750146|AXM822|X|X||0|6||||132|83|132|83|[]|636148153887810000|14:03:08:781
21|2.1|636147910862313850|750146|50592.953125|8.1415128635262|98.6835979535069||||50592.9375|34.25|3600||||750146|AXM822|X|X||0|6||||132|83|132|83|[]|636148153929530000|14:03:12:953
21|2.1|636147910907718390|750146|50597.4921875|8.1427359508359|98.6789630963333||||50597.484375|33.25|3475||||750146|AXM822|X|X|0|0|6||||132|83|132|83|[]|636148153974920000|14:03:17:492
21|2.1|636147910957323350|750146|50602.453125|8.1430578159174|98.6737917973572||||50602.4453125|32.25|3375||||750146|AXM822|X|X||0|6||||132|83|132|83|[]|636148154024530000|14:03:22:453
21|2.1|636147911009428560|750146|50607.65625|8.1421780513613|98.6685346676927||||50607.65625|31.5|3275||||750146|AXM822|X|X||0|6||||132|83|132|83|[]|636148154076560000|14:03:27:656
21|2.1|636147911161223738|750146|50622.8359375|8.1388091968416|98.6533211781738||||50622.8359375|30.75|3200||||750146|AXM822|X|X||0|6||||132|83|132|83|[]|636148154228360000|14:03:42:836
