21|2.1|636147905131620838|750286|50019.90625|14.2553615442908|97.6971029363815||||50019.8984375|350|37325||||750286|X|X|X|0|0|6||||132|5|132|5|[]|636148148199060000|13:53:39:906
21|2.1|636147905182325908|750286|50024.9765625|14.2463707796809|97.7033900343068||||50024.96875|350|37325||||750286|X|X|X|0|0|6||||132|5|132|5|[]|636148148249770000|13:53:44:977
21|2.1|636147905241131788|750286|50030.859375|14.2359638087124|97.7106641851487||||50030.8515625|350|37325||||750286|AXM503|X|X|0|0|6||||132|5|132|5|[]|636148148308590000|13:53:50:859
21|2.1|636147905281535828|750286|50034.90625|14.2287325732147|97.7156852804201||||50034.90625|350|37325||||750286|AXM503|X|X|0|0|6||||132|5|132|5|[]|636148148349060000|13:53:54:906
21|2.1|636147905322729947|750286|50039.015625|14.2214798800449|97.7207278333636||||50039.0078125|350|37350||||750286|AXM503|X|X|0|0|6||||132|5|132|5|[]|636148148390160000|13:53:59:016
21|2.1|636147905365784252|750286|50043.296875|14.2138838641215|97.7260493360444||||50043.2890625|350.25|37350||||750286|AXM503|X|X|0|0|6||||132|5|132|5|[]|636148148432970000|13:54:03:297
21|2.1|636147905440191692|750286|50050.7578125|14.2006230227637|97.7352975927195||||50050.75|350.25|37375||||750286|AXM503|X|X||0|6||||132|5|132|5|[]|636148148507580000|13:54:10:758
21|2.1|636147905507288401|750286|50057.4765625|14.1886925570761|97.7435802541501||||50057.4765625|350.25|37375||||750286|AXM503|X|X||0|6||||132|5|132|5|[]|636148148574770000|13:54:17:477
21|2.1|636147905552672939|750286|50062.015625|14.1806459300386|97.7492021642403||||50062.0078125|350.25|37375||||750286|AXM503|X|X|0|0|6||||132|5|132|5|[]|636148148620160000|13:54:22:016
21|2.1|636147905628810552|750286|50069.6328125|14.1671490542877|97.7586220822922||||50069.625|350.25|37375||||750286|AXM503|X|X||0|6||||132|5|132|5|[]|636148148696330000|13:54:29:633
21|2.1|636147905747072377|750286|50081.453125|14.1460990779576|97.7732562146644||||50081.4453125|350.25|37375||||750286|AXM503|X|X||0|6||||132|5|132|5|[]|636148148814530000|13:54:41:453
21|2.1|636147905789496619|750286|50085.703125|14.1385674350505|97.7785133443289||||50085.6875|350.25|37375||||750286|AXM503|X|X|0|0|6||||132|5|132|5|[]|636148148857030000|13:54:45:703
21|2.1|636147905830680737|750286|50089.8203125|14.1312503688644|97.7835773549445||||50089.8125|350.25|37375||||750286|AXM503|X|X|0|0|6||||132|5|132|5|[]|636148148898200000|13:54:49:820
21|2.1|636147905966244292|750286|50103.3671875|14.1071963184403|97.8003787121988||||50103.3671875|350.25|37375||||750286|AXM503|X|X|0|0|6||||132|5|132|5|[]|636148149033670000|13:55:03:367
21|2.1|636147906254703135|750286|50132.21875|14.0559124821213|97.8360842785732||||50132.21875|350.25|37375||||750286|AXM503|X|X||0|6||||132|5|132|5|[]|636148149322190000|13:55:32:219
21|2.1|636147906302907955|750286|50137.0390625|14.0473723286255|97.8420709690891||||50137.03125|350.25|37375||||750286|AXM503|X|X||0|6||||132|5|132|5|[]|636148149370390000|13:55:37:039
21|2.1|636147906344402104|750286|50141.1875|14.0400123470952|97.8471778950489||||50141.1796875|350.25|37375||||750286|AXM503|X|X||0|6||||132|5|132|5|[]|636148149411880000|13:55:41:188
21|2.1|636147906385746238|750286|50145.3203125|14.0326523655649|97.8522848210087||||50145.3125|350.25|37375||||750286|AXM503|X|X||0|6||||132|5|132|5|[]|636148149453200000|13:55:45:320
21|2.1|636147906426620325|750286|50149.3984375|14.0254425877393|97.8573488316243||||50149.3984375|350.25|37375||||750286|AXM503|X|X||0|6||||132|5|132|5|[]|636148149493980000|13:55:49:398
21|2.1|636147906475295192|750286|50154.2734375|14.0167736882109|97.8633784374844||||50154.265625|350.25|37375||||750286|AXM503|X|X|0|0|6||||132|5|132|5|[]|636148149542730000|13:55:54:273
21|2.1|636147906724270087|750286|50179.171875|13.9726996297175|97.8940199932432||||50179.15625|350.25|37375||||750286|AXM503|X|X||0|6||||132|5|132|5|[]|636148149791720000|13:56:19:172
21|2.1|636147906782625922|750286|50185|13.9623570317653|97.9011868557246||||50184.9921875|350.25|37375||||750286|AXM503|X|X||0|6||||132|5|132|5|[]|636148149850000000|13:56:25:000
21|2.1|636147906831770836|750286|50189.921875|13.9536452168927|97.9072593769289||||50189.9140625|350.25|37375||||750286|AXM503|X|X|0|0|6||||132|5|132|5|[]|636148149899220000|13:56:29:922
21|2.1|636147906882785937|750286|50195.0234375|13.9446329946107|97.9135250171821||||50195.015625|350.25|37375||||750286|AXM503|X|X|0|0|6||||132|5|132|5|[]|636148149950230000|13:56:35:023
21|2.1|636147906932700928|750286|50200.0078125|13.9357924337055|97.9196833690748||||50200.0078125|350.25|37375||||750286|AXM503|X|X|0|0|6||||132|5|132|5|[]|636148150000080000|13:56:40:008
21|2.1|636147906973414999|750286|50204.09375|13.928604113552|97.9246400913299||||50204.078125|350.25|37375||||750286|AXM503|X|X|0|0|6||||132|5|132|5|[]|636148150040940000|13:56:44:094
21|2.1|636147907026610318|750286|50209.3984375|13.9192056531722|97.9312061389925||||50209.390625|350|37350||||750286|AXM503|X|X|0|0|6||||132|5|132|5|[]|636148150093980000|13:56:49:398
21|2.1|636147907073575014|750286|50214.1015625|13.9109444494137|97.9369567951153||||50214.09375|350|37350||||750286|AXM503|X|X|0|0|6||||132|5|132|5|[]|636148150141020000|13:56:54:102
21|2.1|636147907114759132|750286|50218.21875|13.9036059255555|97.9420208057309||||50218.2109375|350|37350||||750286|AXM503|X|X|0|0|6||||132|5|132|5|[]|636148150182190000|13:56:58:219
21|2.1|636147907157033359|750286|50222.453125|13.8961386556647|97.9472350200512||||50222.4453125|350|37350||||750286|AXM503|X|X|0|0|6||||132|5|132|5|[]|636148150224530000|13:57:02:453
21|2.1|636147907198997555|750286|50226.640625|13.8887572164623|97.9523634036831||||50226.625|350|37350||||750286|AXM503|X|X||0|6||||132|5|132|5|[]|636148150266410000|13:57:06:641
21|2.1|636147907241441799|750286|50230.890625|13.8812684888994|97.9575776180034||||50230.8828125|350|37350||||750286|AXM503|X|X|0|0|6||||132|5|132|5|[]|636148150308910000|13:57:10:891
21|2.1|636147907301957850|750286|50236.9375|13.8705611105215|97.96500197255||||50236.9296875|350|37350||||750286|AXM503|X|X||0|6||||132|5|132|5|[]|636148150369380000|13:57:16:938
21|2.1|636147907389016555|750286|50245.6484375|13.8551974172979|97.9756878932558||||50245.6484375|350|37350||||750286|AXM503|X|X||0|6||||132|5|132|5|[]|636148150456480000|13:57:25:648
21|2.1|636147907966234271|750286|50303.359375|13.7534451361997|98.0462407191206||||50303.3515625|349.75|37325||||750286|AXM503|X|X||0|6||||132|5|132|5|[]|636148151033590000|13:58:23:359
21|2.1|636147908017409388|750286|50308.4921875|13.7441325065083|98.052120121276||||50308.484375|350|37350||||750286|AXM503|X|X|0|0|6||||132|5|132|5|[]|636148151084920000|13:58:28:492
21|2.1|636147908075435190|750286|50314.2890625|13.7333178397699|98.0581926424803||||50314.28125|350|37350||||750286|AXM503|X|X||0|6||||132|5|132|5|[]|636148151142890000|13:58:34:289
21|2.1|636147908115839230|750286|50318.328125|13.7255930778139|98.0620764811304||||50318.3203125|350|37350||||750286|AXM503|X|X|0|0|6||||132|5|132|5|[]|636148151183280000|13:58:38:328
21|2.1|636147908156093255|750286|50322.359375|13.7177610274974|98.0656599123711||||50322.3515625|350|37350||||750286|AXM503|X|X|0|0|6||||132|5|132|5|[]|636148151223590000|13:58:42:359
21|2.1|636147908196967342|750286|50326.4375|13.7097573158041|98.069071682235||||50326.4296875|350|37350||||750286|AXM503|X|X|0|0|6||||132|5|132|5|[]|636148151264380000|13:58:46:438
21|2.1|636147908241421787|750286|50330.8828125|13.700938212571|98.0726336558036||||50330.875|350|37350||||750286|AXM503|X|X|0|0|6||||132|5|132|5|[]|636148151308830000|13:58:50:883
21|2.1|636147908285426187|750286|50335.2890625|13.69214056701|98.0761097986838||||50335.28125|350|37350||||750286|AXM503|X|X|0|0|6||||132|5|132|5|[]|636148151352890000|13:58:55:289
21|2.1|636147908334871131|750286|50340.234375|13.6823344108603|98.0799292643176||||50340.2265625|350|37350||||750286|AXM503|X|X|0|0|6||||132|5|132|5|[]|636148151402340000|13:59:00:234
21|2.1|636147908379175561|750286|50344.6640625|13.6734938499551|98.0833839495257||||50344.65625|350|37350||||750286|AXM503|X|X|0|0|6||||132|5|132|5|[]|636148151446640000|13:59:04:664
21|2.1|636147908419279571|750286|50348.671875|13.6655115959339|98.0864738543081||||50348.65625|350|37350||||750286|AXM503|X|X|0|0|6||||132|5|132|5|[]|636148151486720000|13:59:08:672
21|2.1|636147908462953938|750286|50353.03125|13.6567997810613|98.0898427088278||||50353.0234375|350|37350||||750286|AXM503|X|X|0|0|6||||132|5|132|5|[]|636148151530310000|13:59:13:031
21|2.1|636147908509448587|750286|50357.6796875|13.6475300667141|98.0934475977406||||50357.671875|350|37350||||750286|AXM503|X|X|0|0|6||||132|5|132|5|[]|636148151576800000|13:59:17:680
21|2.1|636147908550012643|750286|50361.7421875|13.6394405243324|98.0966447908835||||50361.734375|350|37350||||750286|AXM503|X|X|0|0|6||||132|5|132|5|[]|636148151617420000|13:59:21:742
21|2.1|636147908590106652|750286|50365.75|13.6314797279833|98.099756153338||||50365.75|350|37350||||750286|AXM503|X|X||0|6||||132|5|132|5|[]|636148151657500000|13:59:25:750
21|2.1|636147908631910832|750286|50369.9375|13.6231326935364|98.1030820925135||||50369.9375|350|37350||||750286|AXM503|X|X|0|0|6||||132|5|132|5|[]|636148151699380000|13:59:29:938
21|2.1|636147908673254966|750286|50374.0625|13.6150002358105|98.1063007433285||||50374.046875|350|37350||||750286|AXM503|X|X|0|0|6||||132|5|132|5|[]|636148151740630000|13:59:34:063
21|2.1|636147908713338974|750286|50378.0703125|13.6070179817893|98.1094335634551||||50378.0625|350|37350||||750286|AXM503|X|X|0|0|6||||132|5|132|5|[]|636148151780700000|13:59:38:070
21|2.1|636147908760613701|750286|50382.8046875|13.5975980637374|98.1131242830563||||50382.796875|350|37350||||750286|AXM503|X|X||0|6||||132|5|132|5|[]|636148151828050000|13:59:42:805
21|2.1|636147908803207960|750286|50387.0703125|13.5891008255858|98.116493137576||||50387.0625|350|37350||||750286|AXM503|X|X||0|6||||132|5|132|5|[]|636148151870700000|13:59:47:070
21|2.1|636147908973564994|750286|50404.1015625|13.5553049920283|98.1299256403106||||50404.09375|350|37350||||750286|AXM503|X|X||0|6||||132|5|132|5|[]|636148152041020000|14:00:04:102
21|2.1|636147909015529190|750286|50408.2890625|13.5469579575814|98.1332515794861||||50408.28125|350|37350||||750286|AXM503|X|X|0|0|6||||132|5|132|5|[]|636148152082890000|14:00:08:289
21|2.1|636147909153592995|750286|50422.1015625|13.5193204759166|98.1436585504546||||50422.09375|350.5|37375||||750286|AXM503|X|X||0|6||||132|5|132|5|[]|636148152221020000|14:00:22:102
21|2.1|636147909200857721|750286|50426.828125|13.5096001504553|98.1465124208439||||50426.8203125|350.75|37400||||750286|AXM503|X|X||0|6||||132|5|132|5|[]|636148152268280000|14:00:26:828
21|2.1|636147909260453680|750286|50432.7890625|13.4971547006373|98.1493877489053||||50432.78125|351.5|37475||||750286|AXM503|X|X||0|6||||132|5|132|5|[]|636148152327890000|14:00:32:789
21|2.1|636147909331280762|750286|50439.875|13.4821557878394|98.1518124658526||||50439.8671875|352.5|37575||||750286|AXM503|X|X||0|6||||132|5|132|5|[]|636148152398750000|14:00:39:875
21|2.1|636147909380735707|750286|50444.8125|13.4716629861825|98.1531642991949||||50444.796875|353|37625||||750286|AXM503|X|X||0|6||||132|5|132|5|[]|636148152448130000|14:00:44:813
21|2.1|636147909430340667|750286|50449.7734375|13.4611487268535|98.1544088441767||||50449.765625|353.75|37700||||750286|AXM503|X|X||0|6||||132|5|132|5|[]|636148152497730000|14:00:49:773
21|2.1|636147909551092741|750286|50461.8515625|13.4353566049893|98.157262714566||||50461.84375|355.25|37875||||750286|AXM503|X|X||0|6||||132|5|132|5|[]|636148152618520000|14:01:01:852
21|2.1|636147909618959527|750286|50468.6328125|13.4208512186497|98.1588720399735||||50468.6328125|356|37950||||750286|AXM503|X|X|0|0|6||||132|5|132|5|[]|636148152686330000|14:01:08:633
21|2.1|636147909673865017|750286|50474.125|13.4090924143389|98.1601380426274||||50474.109375|356.5|38000||||750286|AXM503|X|X||0|6||||132|5|132|5|[]|636148152741250000|14:01:14:125
21|2.1|636147909714279058|750286|50478.1640625|13.4003805994663|98.1610821801998||||50478.15625|357.25|38075||||750286|AXM503|X|X|0|0|6||||132|5|132|5|[]|636148152781640000|14:01:18:164
21|2.1|636147909757023332|750286|50482.453125|13.3911967158075|98.1620906907885||||50482.4453125|357.75|38125||||750286|AXM503|X|X|0|0|6||||132|5|132|5|[]|636148152824530000|14:01:22:453
21|2.1|636147909798827512|750286|50486.625|13.3822703242139|98.1630777437051||||50486.6171875|358.5|38200||||750286|AXM503|X|X|0|0|6||||132|5|132|5|[]|636148152866250000|14:01:26:625
21|2.1|636147909838921521|750286|50490.6328125|13.3736657977018|98.1640218812775||||50490.6171875|359.5|38300||||750286|AXM503|X|X|0|0|6||||132|5|132|5|[]|636148152906330000|14:01:30:633
21|2.1|636147909888536482|750286|50495.59375|13.3630442500123|98.165202053243||||50495.578125|360.5|38400||||750286|AXM503|X|X|0|0|6||||132|5|132|5|[]|636148152955940000|14:01:35:594
21|2.1|636147909936271255|750286|50500.375|13.3528303980927|98.1663393098643||||50500.3671875|361.75|38550||||750286|AXM503|X|X|0|0|6||||132|5|132|5|[]|636148153003750000|14:01:40:375
21|2.1|636147909977465374|750286|50504.4921875|13.3440327525317|98.1672834474367||||50504.484375|362.5|38625||||750286|AXM503|X|X|0|0|6||||132|5|132|5|[]|636148153044920000|14:01:44:492
21|2.1|636147910025660193|750286|50509.3046875|13.3338189006121|98.168420704058||||50509.296875|363.5|38725||||750286|AXM503|X|X|0|0|6||||132|5|132|5|[]|636148153093050000|14:01:49:305
21|2.1|636147910081665793|750286|50514.9140625|13.3219098925966|98.1697725374003||||50514.90625|364.75|38875||||750286|AXM503|X|X||0|6||||132|5|132|5|[]|636148153149140000|14:01:54:914
21|2.1|636147910126760302|750286|50519.4140625|13.3123612285121|98.1708454210053||||50519.3984375|365.75|38975||||750286|AXM503|X|X||0|6||||132|5|132|5|[]|636148153194140000|14:01:59:414
21|2.1|636147910175265152|750286|50524.2734375|13.3020615459041|98.1719826776266||||50524.265625|366.5|39050||||750286|AXM503|X|X|0|0|6||||132|5|132|5|[]|636148153242730000|14:02:04:273
21|2.1|636147910217239349|750286|50528.453125|13.2931780696547|98.1729697305432||||50528.4453125|367.5|39150||||750286|AXM503|X|X||0|6||||132|5|132|5|[]|636148153284530000|14:02:08:453
21|2.1|636147910226440269|750286|50529.3671875|13.2912683368378|98.1731628495921||||50529.359375|367.5|39150||||750286|X|X|X|0|0|6||||132|83|132|83|[]|636148153293670000|14:02:09:367
21|2.1|636147910257643389|750286|50532.5|13.2846164584868|98.1739138681156||||50532.5|368|39225||||750286|AXM503|X|X|0|0|6||||132|5|132|5|[]|636148153325000000|14:02:12:500
21|2.1|636147910299607585|750286|50536.703125|13.2757758975816|98.1748794633601||||50536.6875|368.75|39300||||750286|AXM503|X|X|0|0|6||||132|5|132|5|[]|636148153367030000|14:02:16:703
21|2.1|636147910347192343|750286|50541.4609375|13.2656693340225|98.1759952623093||||50541.453125|369.25|39350||||750286|AXM503|X|X|0|0|6||||132|5|132|5|[]|636148153414610000|14:02:21:461
21|2.1|636147910388056429|750286|50545.5390625|13.2570433498383|98.1769179422096||||50545.53125|369.5|39400||||750286|AXM503|X|X|0|0|6||||132|5|132|5|[]|636148153455390000|14:02:25:539
21|2.1|636147910428310454|750286|50549.5703125|13.2484817386704|98.1778835374541||||50549.5625|369.75|39425||||750286|AXM503|X|X|0|0|6||||132|5|132|5|[]|636148153495700000|14:02:29:570
21|2.1|636147910475425165|750286|50554.2890625|13.2384824634718|98.178934963387||||50554.2890625|370|39450||||750286|AXM503|X|X|0|0|6||||132|5|132|5|[]|636148153542890000|14:02:34:289
21|2.1|636147910519259548|750286|50558.6640625|13.2291912914525|98.1799863893199||||50558.65625|370|39475||||750286|AXM503|X|X|0|0|6||||132|5|132|5|[]|636148153586640000|14:02:38:664
21|2.1|636147910555143136|750286|50562.2421875|13.2215952755291|98.1807803231876||||50562.2265625|370|39475||||750286|AXM503|X|X||0|6||||132|83|132|83|[]|636148153622420000|14:02:42:242
21|2.1|636147910560293651|750286|50562.765625|13.2204794765799|98.1809305268923||||50562.75|370|39475||||750286|AXM503|X|X|0|0|6||||132|5|132|5|[]|636148153627660000|14:02:42:766
21|2.1|636147910604748096|750286|50567.21875|13.2110166431838|98.1819819528252||||50567.2109375|370|39475||||750286|AXM503|X|X|0|0|6||||132|5|132|5|[]|636148153672190000|14:02:47:219
21|2.1|636147910615519173|750286|50568.28125|13.2087635876133|98.1822179872183||||50568.2734375|370|39475||||750286|AXM503|X|X|0|0|6||||132|83|132|83|[]|636148153682810000|14:02:48:281
21|2.1|636147910648432464|750286|50571.578125|13.2017469288366|98.1829260903976||||50571.578125|370|39475||||750286|AXM503|X|X|0|0|6||||132|5|132|5|[]|636148153715780000|14:02:51:578
21|2.1|636147910664964117|750286|50573.2109375|13.1983137013006|98.1833123284954||||50573.203125|370|39475||||750286|AXM503|X|X|0|0|6||||132|83|132|83|[]|636148153732110000|14:02:53:211
21|2.1|636147910688836504|750286|50575.6328125|13.1931853176687|98.1838487702979||||50575.625|370|39475||||750286|AXM503|X|X|0|0|6||||132|5|132|5|[]|636148153756330000|14:02:55:633
21|2.1|636147910729240544|750286|50579.6640625|13.1846237065008|98.1846212464935||||50579.65625|370|39475||||750286|AXM503|X|X|0|0|6||||132|5|132|5|[]|636148153796640000|14:02:59:664
21|2.1|636147910769184538|750286|50583.6640625|13.1761479260213|98.1852864343286||||50583.65625|370|39475||||750286|AXM503|X|X|0|0|6||||132|5|132|5|[]|636148153836640000|14:03:03:664
21|2.1|636147910785096129|750286|50585.2265625|13.1728434445179|98.1855439263938||||50585.21875|370|39475||||750286|AXM503|X|X||0|6||||132|83|132|83|[]|636148153852270000|14:03:05:227
21|2.1|636147910809428562|750286|50587.6796875|13.1676292301976|98.1858228761311||||50587.6796875|370|39475||||750286|AXM503|X|X|0|0|6||||132|5|132|5|[]|636148153876800000|14:03:07:680
21|2.1|636147910825810200|750286|50589.296875|13.1641745449895|98.18601599518||||50589.2890625|370|39475||||750286|AXM503|X|X|0|0|6||||132|83|132|83|[]|636148153892970000|14:03:09:297
21|2.1|636147910853592978|750286|50592.1015625|13.1582307698178|98.1862734872452||||50592.09375|370|39475||||750286|AXM503|X|X|0|0|6||||132|5|132|5|[]|636148153921020000|14:03:12:102
21|2.1|636147910883535972|750286|50595.0703125|13.1519436718925|98.1865095216383||||50595.0625|370|39475||||750286|AXM503|X|X|0|0|6||||132|83|132|83|[]|636148153950700000|14:03:15:070
21|2.1|636147910894307049|750286|50596.171875|13.1496262433057|98.1865095216383||||50596.1640625|370|39475||||750286|AXM503|X|X|0|0|6||||132|5|132|5|[]|636148153961720000|14:03:16:172
21|2.1|636147910925970215|750286|50599.3125|13.1429529072826|98.1866382676709||||50599.3046875|370|39475||||750286|AXM503|X|X|0|0|6||||132|83|132|83|[]|636148153993130000|14:03:19:313
21|2.1|636147910936261244|750286|50600.375|13.1407427670563|98.186659725343||||50600.359375|370.25|39500||||750286|AXM503|X|X|0|0|6||||132|5|132|5|[]|636148154003750000|14:03:20:375
21|2.1|636147910977765394|750286|50604.5234375|13.1319022061511|98.1867455560314||||50604.515625|370.25|39500||||750286|AXM503|X|X|0|0|6||||132|5|132|5|[]|636148154045230000|14:03:24:523
21|2.1|636147911009438561|750286|50607.671875|13.1252074124559|98.1867884713756||||50607.65625|370|39475||||750286|AXM503|X|X||0|6||||132|83|132|83|[]|636148154076720000|14:03:27:672
21|2.1|636147911019419559|750286|50608.6796875|13.123083102918|98.1868099290477||||50608.671875|370|39475||||750286|AXM503|X|X|0|0|6||||132|5|132|5|[]|636148154086800000|14:03:28:680
21|2.1|636147911062003817|750286|50612.9453125|13.1140065076197|98.1868957597361||||50612.9296875|370|39475||||750286|AXM503|X|X|0|0|6||||132|5|132|5|[]|636148154129450000|14:03:32:945
21|2.1|636147911102567873|750286|50616.9921875|13.1053805234355|98.1869386750803||||50616.984375|370|39475||||750286|AXM503|X|X|0|0|6||||132|5|132|5|[]|636148154169920000|14:03:36:992
21|2.1|636147911143902006|750286|50621.1328125|13.0965828778745|98.1870245057687||||50621.125|370|39475||||750286|AXM503|X|X|0|0|6||||132|5|132|5|[]|636148154211330000|14:03:41:133
21|2.1|636147911172764892|750286|50623.9921875|13.0905318143423|98.187088878785||||50623.984375|370|39475||||750286|AXM503|X|X||0|6||||132|83|132|83|[]|636148154239920000|14:03:43:992
21|2.1|636147911190706686|750286|50625.8125|13.0866694333643|98.1871317941292||||50625.8046875|370|39475||||750286|AXM503|X|X|0|0|6||||132|5|132|5|[]|636148154258130000|14:03:45:813
21|2.1|636147911220659681|750286|50628.78125|13.0803608777669|98.1871747094734||||50628.765625|370|39475||||750286|AXM503|X|X||0|6||||132|83|132|83|[]|636148154287810000|14:03:48:781
21|2.1|636147911261693784|750286|50632.8984375|13.0716276052222|98.1872819978339||||50632.890625|370|39475||||750286|AXM503|X|X||0|6||||132|5|132|5|[]|636148154328980000|14:03:52:898
21|2.1|636147911309758590|750286|50637.7109375|13.0613922956305|98.1873678285223||||50637.703125|370|39475||||750286|AXM503|X|X|0|0|6||||132|5|132|5|[]|636148154377110000|14:03:57:711
21|2.1|636147911309898604|750286|50637.7109375|13.0613922956305|98.1873678285223||||50637.703125|370|39475||||750286|AXM503|X|X|0|0|6||||132|83|132|83|[]|636148154377110000|14:03:57:711
21|2.1|636147911355453159|750286|50642.28125|13.0517148855134|98.187518032227||||50642.2734375|370|39475||||750286|AXM503|X|X|0|0|6||||132|5|132|5|[]|636148154422810000|14:04:02:281
21|2.1|636147911395707184|750286|50646.3046875|13.0431532743455|98.1876038629154||||50646.296875|370|39475||||750286|AXM503|X|X|0|0|6||||132|5|132|5|[]|636148154463050000|14:04:06:305
21|2.1|636147911420659679|750286|50648.7890625|13.037896144681|98.1876467782596||||50648.7890625|370|39475||||750286|AXM503|X|X|0|0|6||||132|83|132|83|[]|636148154487890000|14:04:08:789
21|2.1|636147911439071520|750286|50650.6484375|13.0339479330146|98.1877111512759||||50650.6484375|370|39475||||750286|AXM503|X|X|0|0|6||||132|5|132|5|[]|636148154506480000|14:04:10:648
21|2.1|636147911480565669|750286|50654.8046875|13.0251073721094|98.1877969819643||||50654.796875|370|39475||||750286|AXM503|X|X|0|0|6||||132|5|132|5|[]|636148154548050000|14:04:14:805
21|2.1|636147911522059818|750286|50658.9453125|13.0163740995647|98.1879042703248||||50658.9296875|370|39475||||750286|AXM503|X|X|0|0|6||||132|5|132|5|[]|636148154589450000|14:04:18:945
21|2.1|636147911552172829|750286|50661.9296875|13.010001170951|98.1879901010132||||50661.921875|370|39475||||750286|AXM503|X|X||0|6||||132|83|132|83|[]|636148154619300000|14:04:21:930
21|2.1|636147911562793891|750286|50663.0234375|13.0077266577084|98.1879901010132||||50663.015625|370|39475||||750286|AXM503|X|X|0|0|6||||132|5|132|5|[]|636148154630230000|14:04:23:023
21|2.1|636147911594137025|750286|50666.1171875|13.0011391523737|98.1880759317016||||50666.1171875|370|39475||||750286|AXM503|X|X|0|0|6||||132|83|132|83|[]|636148154661170000|14:04:26:117
21|2.1|636147911607238335|750286|50667.4609375|12.9983067396565|98.1881403047179||||50667.453125|370|39475||||750286|AXM503|X|X||0|6||||132|5|132|5|[]|636148154674610000|14:04:27:461
21|2.1|636147911650922703|750286|50671.8359375|12.9890799406535|98.1882261354063||||50671.828125|370|39475||||750286|AXM503|X|X||0|6||||132|5|132|5|[]|636148154718360000|14:04:31:836
21|2.1|636147911681035714|750286|50674.8203125|12.9827713850561|98.1882905084226||||50674.8046875|370|39475||||750286|AXM503|X|X||0|6||||132|83|132|83|[]|636148154748200000|14:04:34:820
21|2.1|636147911691646775|750286|50675.90625|12.9804754141414|98.1883119660947||||50675.8984375|370|39475||||750286|AXM503|X|X|0|0|6||||132|5|132|5|[]|636148154759060000|14:04:35:906
21|2.1|636147911721909801|750286|50678.90625|12.9741454008719|98.1884192544552||||50678.8984375|370|39475||||750286|AXM503|X|X|0|0|6||||132|83|132|83|[]|636148154789060000|14:04:38:906
21|2.1|636147911733300940|750286|50680.0703125|12.9716992262525|98.1884621697994||||50680.0703125|370|39475||||750286|AXM503|X|X|0|0|6||||132|5|132|5|[]|636148154800700000|14:04:40:070
21|2.1|636147911777595369|750286|50684.4921875|12.962365138889|98.1885480004878||||50684.484375|370|39475||||750286|AXM503|X|X|0|0|6||||132|5|132|5|[]|636148154844920000|14:04:44:492
21|2.1|636147911818329442|750286|50688.5703125|12.9537606123769|98.1886552888483||||50688.5625|370|39475||||750286|AXM503|X|X|0|0|6||||132|5|132|5|[]|636148154885700000|14:04:48:570
21|2.1|636147911828770486|750286|50689.6015625|12.9515719298227|98.1887196618646||||50689.59375|370|39475||||750286|AXM503|X|X||0|6||||132|83|132|83|[]|636148154896020000|14:04:49:602
21|2.1|636147911860443653|750286|50692.78125|12.9448771361275|98.1889771539298||||50692.7734375|370|39475||||750286|AXM503|X|X|0|0|6||||132|5|132|5|[]|636148154927810000|14:04:52:781
21|2.1|636147911869804589|750286|50693.703125|12.9429244879664|98.1891058999624||||50693.6953125|370|39475||||750286|AXM503|X|X|0|0|6||||132|83|132|83|[]|636148154937030000|14:04:53:703
21|2.1|636147911903807989|750286|50697.109375|12.935757625485|98.1896852571091||||50697.109375|370|39475||||750286|AXM503|X|X|0|0|6||||132|5|132|5|[]|636148154971090000|14:04:57:109
21|2.1|636147911927840392|750286|50699.5078125|12.9307150725415|98.1902646142558||||50699.5|370|39475||||750286|AXM503|X|X||0|6||||132|83|132|83|[]|636148154995080000|14:04:59:508
21|2.1|636147911962473855|750286|50702.984375|12.9234194640275|98.1912731248445||||50702.9765625|370|39475||||750286|AXM503|X|X|0|0|6||||132|5|132|5|[]|636148155029840000|14:05:02:984
21|2.1|636147911968234431|750286|50703.5390625|12.9223036650783|98.1914662438934||||50703.53125|370|39475||||750286|AXM503|X|X||0|6||||132|83|132|83|[]|636148155035390000|14:05:03:539
21|2.1|636147912003187926|750286|50707.0546875|12.9149865988922|98.1928609925799||||50707.0390625|370|39475||||750286|AXM503|X|X|0|0|6||||132|5|132|5|[]|636148155070550000|14:05:07:055
21|2.1|636147912028770484|750286|50709.6015625|12.9097294692277|98.1940197068733||||50709.59375|370|39475||||750286|AXM503|X|X|0|0|6||||132|83|132|83|[]|636148155096020000|14:05:09:602
21|2.1|636147912057633370|750286|50712.5|12.9037642363839|98.1955646592645||||50712.4921875|370|39475||||750286|AXM503|X|X|0|0|6||||132|5|132|5|[]|636148155125000000|14:05:12:500
21|2.1|636147912069174524|750286|50713.6328125|12.9014682654692|98.1962298470996||||50713.625|370|39475||||750286|AXM503|X|X|0|0|6||||132|83|132|83|[]|636148155136330000|14:05:13:633
21|2.1|636147912098187425|750286|50716.5546875|12.8955244902975|98.1980752069002||||50716.546875|370|39475||||750286|AXM503|X|X|0|0|6||||132|5|132|5|[]|636148155165550000|14:05:16:555
21|2.1|636147912109898596|750286|50717.703125|12.8932499770549|98.19889059844||||50717.6953125|370|39475||||750286|AXM503|X|X|0|0|6||||132|83|132|83|[]|636148155177030000|14:05:17:703
21|2.1|636147912152792885|750286|50722.015625|12.8846669082149|98.202109249255||||50722.0078125|370|39475||||750286|AXM503|X|X|0|0|6||||132|5|132|5|[]|636148155220160000|14:05:22:016
21|2.1|636147912158723478|750286|50722.59375|12.8835296515936|98.2025813180412||||50722.5859375|370|39475||||750286|AXM503|X|X|0|0|6||||132|83|132|83|[]|636148155225940000|14:05:22:594
21|2.1|636147912192886894|750286|50726.03125|12.8768563155705|98.2055639344631||||50726.03125|370|39475||||750286|AXM503|X|X|0|0|6||||132|5|132|5|[]|636148155260310000|14:05:26:031
21|2.1|636147912236721277|750286|50730.4140625|12.8685092811236|98.2097696381947||||50730.3984375|370|39475||||750286|AXM503|X|X|0|0|6||||132|5|132|5|[]|636148155304140000|14:05:30:414
21|2.1|636147912262153820|750286|50732.9296875|12.8638315086058|98.2123660165188||||50732.921875|370|39475||||750286|AXM503|X|X||0|6||||132|83|132|83|[]|636148155329300000|14:05:32:930
21|2.1|636147912282275832|750286|50734.9765625|12.8600549583162|98.2146405297614||||50734.9609375|370|39475||||750286|AXM503|X|X|0|0|6||||132|5|132|5|[]|636148155349770000|14:05:34:977
21|2.1|636147912325180122|750286|50739.265625|12.8523731117044|98.2196616250328||||50739.2578125|370|39475||||750286|AXM503|X|X|0|0|6||||132|5|132|5|[]|636148155392660000|14:05:39:266
21|2.1|636147912325490153|750286|50739.2578125|12.8523731117044|98.2196616250328||||50739.2578125|370|39475||||750286|AXM503|X|X||0|6||||132|83|132|83|[]|636148155392580000|14:05:39:258
21|2.1|636147912366984302|750286|50743.4296875|12.8451633338788|98.224854381681||||50743.4296875|370|39475||||750286|AXM503|X|X|0|0|6||||132|5|132|5|[]|636148155434300000|14:05:43:430
21|2.1|636147912406928296|750286|50747.4296875|12.8384470825115|98.2302617150502||||50747.4296875|370.25|39500||||750286|AXM503|X|X|0|0|6||||132|5|132|5|[]|636148155474300000|14:05:47:430
21|2.1|636147912417849388|750286|50748.5|12.8367519264156|98.2317422944251||||50748.4921875|370.25|39500||||750286|AXM503|X|X||0|6||||132|83|132|83|[]|636148155485000000|14:05:48:500
21|2.1|636147912456533256|750286|50752.390625|12.8305292015066|98.2374285775316||||50752.390625|370.25|39500||||750286|AXM503|X|X||0|6||||132|5|132|5|[]|636148155523910000|14:05:52:391
21|2.1|636147912465424145|750286|50753.2578125|12.8291988258364|98.2386945801855||||50753.25|370.25|39500||||750286|AXM503|X|X|0|0|6||||132|83|132|83|[]|636148155532580000|14:05:53:258
21|2.1|636147912508948497|750286|50757.609375|12.8226327781738|98.2453893738807||||50757.6015625|370.25|39500||||750286|AXM503|X|X|0|0|6||||132|83|132|83|[]|636148155576090000|14:05:57:609
21|2.1|636147912513788981|750286|50758.125|12.821817386634|98.2461403924042||||50758.109375|370.25|39500||||750286|AXM503|X|X|0|0|6||||132|5|132|5|[]|636148155581250000|14:05:58:125
21|2.1|636147912555913193|750286|50762.328125|12.815594661725|98.2526635247226||||50762.3125|370.25|39500||||750286|AXM503|X|X|0|0|6||||132|5|132|5|[]|636148155623280000|14:06:02:328
21|2.1|636147912584926094|750286|50765.2109375|12.8113245849771|98.2572340088799||||50765.203125|370.25|39500||||750286|AXM503|X|X|0|0|6||||132|83|132|83|[]|636148155652110000|14:06:05:211
21|2.1|636147912603337935|750286|50767.0703125|12.8085780029483|98.2601307946134||||50767.0703125|370.25|39500||||750286|AXM503|X|X|0|0|6||||132|5|132|5|[]|636148155670700000|14:06:07:070
21|2.1|636147912645302131|750286|50771.265625|12.8023767357114|98.2667397576202||||50771.2578125|370.25|39500||||750286|AXM503|X|X|0|0|6||||132|5|132|5|[]|636148155712660000|14:06:11:266
21|2.1|636147912690226623|750286|50775.7421875|12.7957677727046|98.2737564163969||||50775.734375|370.25|39500||||750286|AXM503|X|X|0|0|6||||132|83|132|83|[]|636148155757420000|14:06:15:742
21|2.1|636147912694767077|750286|50776.2109375|12.7950382118532|98.2745074349204||||50776.2109375|370.25|39500||||750286|AXM503|X|X|0|0|6||||132|5|132|5|[]|636148155762110000|14:06:16:211
21|2.1|636147912738751475|750286|50780.609375|12.788557994879|98.2814168053366||||50780.6015625|370.25|39500||||750286|AXM503|X|X|0|0|6||||132|5|132|5|[]|636148155806090000|14:06:20:609
21|2.1|636147912781335733|750286|50784.859375|12.7822708969537|98.2880686836876||||50784.8515625|370.25|39500||||750286|AXM503|X|X|0|0|6||||132|5|132|5|[]|636148155848590000|14:06:24:859
21|2.1|636147912800367636|750286|50786.7578125|12.7794813995807|98.2910727577816||||50786.7578125|370.25|39500||||750286|AXM503|X|X|0|0|6||||132|83|132|83|[]|636148155867580000|14:06:26:758
21|2.1|636147912825800179|750286|50789.3125|12.7757048492911|98.2950638847922||||50789.3046875|370.25|39500||||750286|AXM503|X|X|0|0|6||||132|5|132|5|[]|636148155893130000|14:06:29:313
21|2.1|636147912867604359|750286|50793.5|12.7695035820542|98.3016084747827||||50793.5|370.25|39500||||750286|AXM503|X|X||0|6||||132|5|132|5|[]|636148155935000000|14:06:33:500
21|2.1|636147912915349133|750286|50798.2734375|12.7624440079333|98.3090757446735||||50798.2578125|370.25|39500||||750286|AXM503|X|X|0|0|6||||132|5|132|5|[]|636148155982730000|14:06:38:273
21|2.1|636147912956223220|750286|50802.3515625|12.7564573174174|98.3154701309593||||50802.34375|370.25|39500||||750286|AXM503|X|X||0|6||||132|5|132|5|[]|636148156023520000|14:06:42:352
21|2.1|636147912996467244|750286|50806.3828125|12.7505135422457|98.3218216019009||||50806.375|370.25|39500||||750286|AXM503|X|X|0|0|6||||132|5|132|5|[]|636148156063830000|14:06:46:383
21|2.1|636147913001157713|750286|50806.828125|12.7498268967385|98.322486789736||||50806.8203125|370|39475||||750286|AXM503|X|X||0|6||||132|83|132|83|[]|636148156068280000|14:06:46:828
21|2.1|636147913043741971|750286|50811.1015625|12.743496883469|98.3291815834312||||50811.09375|370|39475||||750286|AXM503|X|X|0|0|6||||132|5|132|5|[]|636148156111020000|14:06:51:102
21|2.1|636147913043891986|750286|50811.1015625|12.743496883469|98.3291815834312||||50811.09375|370|39475||||750286|AXM503|X|X|0|0|6||||132|83|132|83|[]|636148156111020000|14:06:51:102
21|2.1|636147913107698366|750286|50817.484375|12.7340769654171|98.3391594009577||||50817.46875|370|39475||||750286|AXM503|X|X|0|0|6||||132|83|132|83|[]|636148156174840000|14:06:57:484
21|2.1|636147913112698866|750286|50818|12.7333474045657|98.3399962501696||||50818|370|39475||||750286|AXM503|X|X||0|6||||132|5|132|5|[]|636148156180000000|14:06:58:000
21|2.1|636147913153722968|750286|50822.1015625|12.7272534256893|98.3463906364554||||50822.1015625|370|39475||||750286|AXM503|X|X|0|0|6||||132|5|132|5|[]|636148156221020000|14:07:02:102
21|2.1|636147913202857881|750286|50827.0234375|12.7200221901916|98.3540939407393||||50827.015625|370|39475||||750286|AXM503|X|X||0|6||||132|5|132|5|[]|636148156270230000|14:07:07:023
21|2.1|636147913227510346|750286|50829.4609375|12.7163958436067|98.357891948701||||50829.453125|370|39475||||750286|AXM503|X|X||0|6||||132|83|132|83|[]|636148156294610000|14:07:09:461
21|2.1|636147913252002795|750286|50831.9453125|12.7127480393497|98.3617757873511||||50831.9375|370|39475||||750286|AXM503|X|X|0|0|6||||132|5|132|5|[]|636148156319450000|14:07:11:945
21|2.1|636147913292416836|750286|50835.9765625|12.7067828065059|98.3680843429485||||50835.96875|370|39475||||750286|AXM503|X|X|0|0|6||||132|5|132|5|[]|636148156359770000|14:07:15:977
21|2.1|636147913303177912|750286|50837.0390625|12.7052163964426|98.3697580413723||||50837.0390625|370|39475||||750286|AXM503|X|X|0|0|6||||132|83|132|83|[]|636148156370390000|14:07:17:039
21|2.1|636147913333130907|750286|50840.0546875|12.7007532006458|98.3744787292343||||50840.046875|370|39475||||750286|AXM503|X|X|0|0|6||||132|5|132|5|[]|636148156400550000|14:07:20:055
21|2.1|636147913377585352|750286|50844.4921875|12.6942086106553|98.3813880996505||||50844.4921875|370|39475||||750286|AXM503|X|X|0|0|6||||132|5|132|5|[]|636148156444920000|14:07:24:492
21|2.1|636147913388196413|750286|50845.5390625|12.6926636582641|98.382997425058||||50845.53125|370|39475||||750286|AXM503|X|X|0|0|6||||132|83|132|83|[]|636148156455390000|14:07:25:539
21|2.1|636147913417529346|750286|50848.4921875|12.6882862931557|98.3876322822316||||50848.4921875|370|39475||||750286|AXM503|X|X||0|6||||132|5|132|5|[]|636148156484920000|14:07:28:492
21|2.1|636147913462453838|750286|50852.984375|12.6817202454931|98.3946703986804||||50852.9765625|370|39475||||750286|AXM503|X|X||0|6||||132|5|132|5|[]|636148156529840000|14:07:32:984
21|2.1|636147913477275320|750286|50854.4375|12.679553020611|98.3969663695951||||50854.4375|370|39475||||750286|AXM503|X|X||0|6||||132|83|132|83|[]|636148156544380000|14:07:34:438
21|2.1|636147913504428035|750286|50857.171875|12.6755189782562|98.4012149886709||||50857.1640625|370|39475||||750286|AXM503|X|X|0|0|6||||132|5|132|5|[]|636148156571720000|14:07:37:172
21|2.1|636147913550442636|750286|50861.78125|12.6686954385284|98.4084247664965||||50861.7734375|370|39475||||750286|AXM503|X|X|0|0|6||||132|5|132|5|[]|636148156617810000|14:07:41:781
21|2.1|636147913582115803|750286|50864.921875|12.6640605813548|98.4133171157353||||50864.90625|370|39475||||750286|AXM503|X|X||0|6||||132|83|132|83|[]|636148156649220000|14:07:44:922
21|2.1|636147913593196911|750286|50866.0546875|12.6624297982752|98.4150981025196||||50866.046875|370|39475||||750286|AXM503|X|X|0|0|6||||132|5|132|5|[]|636148156660550000|14:07:46:055
21|2.1|636147913640461637|750286|50870.75|12.6554775125148|98.4224366263778||||50870.75|370|39475||||750286|AXM503|X|X||0|6||||132|5|132|5|[]|636148156707500000|14:07:50:750
21|2.1|636147913651222713|750286|50871.84375|12.6538681871073|98.4241532401458||||50871.828125|370|39475||||750286|AXM503|X|X|0|0|6||||132|83|132|83|[]|636148156718440000|14:07:51:844
21|2.1|636147913680715662|750286|50874.8125|12.6494908219989|98.4287880973194||||50874.8046875|370|39475||||750286|AXM503|X|X|0|0|6||||132|5|132|5|[]|636148156748130000|14:07:54:813
21|2.1|636147913691316722|750286|50875.84375|12.6479673272798|98.4303974227269||||50875.8359375|370|39475||||750286|AXM503|X|X|0|0|6||||132|83|132|83|[]|636148156758440000|14:07:55:844
21|2.1|636147913722209811|750286|50878.9609375|12.6433539277783|98.4352897719657||||50878.953125|370|39475||||750286|AXM503|X|X|0|0|6||||132|5|132|5|[]|636148156789610000|14:07:58:961
21|2.1|636147913740931683|750286|50880.8125|12.6406502610937|98.4381651000271||||50880.796875|370|39475||||750286|AXM503|X|X|0|0|6||||132|83|132|83|[]|636148156808130000|14:08:00:813
21|2.1|636147913768224412|750286|50883.5625|12.6365947610668|98.4424566344471||||50883.5546875|370|39475||||750286|AXM503|X|X|0|0|6||||132|5|132|5|[]|636148156835630000|14:08:03:563
21|2.1|636147913809408530|750286|50887.671875|12.6305222398625|98.448872478405||||50887.671875|370|39475||||750286|AXM503|X|X|0|0|6||||132|5|132|5|[]|636148156876720000|14:08:07:672
21|2.1|636147913814719061|750286|50888.1875|12.6297926790111|98.4496664122727||||50888.1875|370|39475||||750286|AXM503|X|X|0|0|6||||132|83|132|83|[]|636148156881880000|14:08:08:188
21|2.1|636147913849502539|750286|50891.6796875|12.6246428377071|98.4551381186582||||50891.6796875|370|39475||||750286|AXM503|X|X|0|0|6||||132|5|132|5|[]|636148156916800000|14:08:11:680
21|2.1|636147913896777266|750286|50896.4140625|12.6176690942746|98.4625410155327||||50896.4140625|370|39475||||750286|AXM503|X|X|0|0|6||||132|5|132|5|[]|636148156964140000|14:08:16:414
21|2.1|636147913917999388|750286|50898.5078125|12.6146006471643|98.465824039364||||50898.5|370|39475||||750286|AXM503|X|X|0|0|6||||132|83|132|83|[]|636148156985080000|14:08:18:508
21|2.1|636147913939521540|750286|50900.6953125|12.6113390810051|98.4692358092279||||50900.6796875|370|39475||||750286|AXM503|X|X|0|0|6||||132|5|132|5|[]|636148157006950000|14:08:20:695
21|2.1|636147913984606048|750286|50905.1953125|12.6047086603262|98.4762310103325||||50905.1875|370|39475||||750286|AXM503|X|X|0|0|6||||132|5|132|5|[]|636148157051950000|14:08:25:195
21|2.1|636147913984766064|750286|50905.1875|12.6047086603262|98.4762310103325||||50905.1875|370|39475||||750286|AXM503|X|X||0|6||||132|83|132|83|[]|636148157051880000|14:08:25:188
21|2.1|636147914027510338|750286|50909.484375|12.5983786470567|98.4829472616998||||50909.4765625|370|39475||||750286|AXM503|X|X|0|0|6||||132|5|132|5|[]|636148157094840000|14:08:29:484
21|2.1|636147914060113598|750286|50912.734375|12.5936365015226|98.4880327299875||||50912.7265625|370|39475||||750286|AXM503|X|X|0|0|6||||132|83|132|83|[]|636148157127340000|14:08:32:734
21|2.1|636147914069314518|750286|50913.6640625|12.5922417528361|98.4894918516903||||50913.65625|370|39475||||750286|AXM503|X|X|0|0|6||||132|5|132|5|[]|636148157136640000|14:08:33:664
21|2.1|636147914100377624|750286|50916.75|12.5877356416951|98.4942554548965||||50916.7421875|370|39475||||750286|AXM503|X|X|0|0|6||||132|83|132|83|[]|636148157167500000|14:08:36:750
21|2.1|636147914109878574|750286|50917.7265625|12.5862765199923|98.4958004072877||||50917.7109375|370|39475||||750286|AXM503|X|X|0|0|6||||132|5|132|5|[]|636148157177270000|14:08:37:727
21|2.1|636147914140621648|750286|50920.7734375|12.5817704088513|98.500585468166||||50920.765625|370|39475||||750286|AXM503|X|X|0|0|6||||132|83|132|83|[]|636148157207730000|14:08:40:773
21|2.1|636147914151692755|750286|50921.90625|12.5800752527554|98.5023235396061||||50921.90625|370|39475||||750286|AXM503|X|X|0|0|6||||132|5|132|5|[]|636148157219060000|14:08:41:906
21|2.1|636147914219089494|750286|50928.640625|12.5701832659173|98.5128592566072||||50928.6328125|370|39475||||750286|AXM503|X|X||0|6||||132|5|132|5|[]|636148157286410000|14:08:48:641
21|2.1|636147914244982083|750286|50931.2109375|12.5664067156277|98.5168718412899||||50931.1953125|370|39475||||750286|AXM503|X|X|0|0|6||||132|83|132|83|[]|636148157312110000|14:08:51:211
21|2.1|636147914259803565|750286|50932.7109375|12.5641536600572|98.5191892698767||||50932.7109375|370|39475||||750286|AXM503|X|X||0|6||||132|5|132|5|[]|636148157327110000|14:08:52:711
21|2.1|636147914301447729|750286|50936.8828125|12.5580167658366|98.5257338598672||||50936.875|370|39475||||750286|AXM503|X|X|0|0|6||||132|5|132|5|[]|636148157368830000|14:08:56:883
21|2.1|636147914306448229|750286|50937.359375|12.5573301203294|98.5264419630465||||50937.359375|370|39475||||750286|AXM503|X|X|0|0|6||||132|83|132|83|[]|636148157373590000|14:08:57:359
21|2.1|636147914345602144|750286|50941.296875|12.5515150911903|98.5326217726113||||50941.2890625|370|39475||||750286|AXM503|X|X||0|6||||132|5|132|5|[]|636148157412970000|14:09:01:297
21|2.1|636147914391466730|750286|50945.8828125|12.5447344668067|98.5397457197485||||50945.875|370|39475||||750286|AXM503|X|X||0|6||||132|5|132|5|[]|636148157458830000|14:09:05:883
21|2.1|636147914402077791|750286|50946.921875|12.5432109720876|98.5413979605002||||50946.9140625|370|39475||||750286|AXM503|X|X|0|0|6||||132|83|132|83|[]|636148157469220000|14:09:06:922
21|2.1|636147914432980881|750286|50950.03125|12.5386404879303|98.5462259367227||||50950.0234375|370|39475||||750286|AXM503|X|X||0|6||||132|5|132|5|[]|636148157500310000|14:09:10:031
21|2.1|636147914461983781|750286|50952.9140625|12.5343704111824|98.5506891325195||||50952.90625|370|39475||||750286|AXM503|X|X|0|0|6||||132|83|132|83|[]|636148157529140000|14:09:12:914
21|2.1|636147914476495232|750286|50954.3828125|12.5322461016445|98.5530065611063||||50954.375|370|39475||||750286|AXM503|X|X||0|6||||132|5|132|5|[]|636148157543830000|14:09:14:383
21|2.1|636147914516899272|750286|50958.421875|12.5262808688007|98.5592936590316||||50958.4140625|370|39475||||750286|AXM503|X|X||0|6||||132|5|132|5|[]|636148157584220000|14:09:18:422
21|2.1|636147914530780660|750286|50959.7890625|12.5242209322791|98.5614394262416||||50959.7890625|370|39475||||750286|AXM503|X|X||0|6||||132|83|132|83|[]|636148157597890000|14:09:19:789
21|2.1|636147914561203702|750286|50962.8515625|12.5197148211381|98.5662030294478||||50962.8515625|370|39475||||750286|AXM503|X|X||0|6||||132|5|132|5|[]|636148157628520000|14:09:22:852
21|2.1|636147914602077789|750286|50966.9453125|12.5137066729501|98.5726188734057||||50966.9453125|370|39475||||750286|AXM503|X|X||0|6||||132|5|132|5|[]|636148157669450000|14:09:26:945
21|2.1|636147914646232204|750286|50971.3515625|12.5072264559759|98.5794638708056||||50971.34375|370|39475||||750286|AXM503|X|X||0|6||||132|5|132|5|[]|636148157713520000|14:09:31:352
21|2.1|636147914687406321|750286|50975.4765625|12.5011324770995|98.5859011724356||||50975.46875|370|39475||||750286|AXM503|X|X||0|6||||132|5|132|5|[]|636148157754770000|14:09:35:477
21|2.1|636147914687566337|750286|50975.46875|12.5011324770995|98.5859011724356||||50975.46875|370|39475||||750286|AXM503|X|X||0|6||||132|83|132|83|[]|636148157754690000|14:09:35:469
21|2.1|636147914730930673|750286|50979.8203125|12.4947166331416|98.5927032544913||||50979.8203125|370|39475||||750286|AXM503|X|X||0|6||||132|5|132|5|[]|636148157798200000|14:09:39:820
21|2.1|636147914772124792|750286|50983.953125|12.4886655696094|98.5991190984492||||50983.9453125|370|39475||||750286|AXM503|X|X||0|6||||132|5|132|5|[]|636148157839530000|14:09:43:953
21|2.1|636147914814088988|750286|50988.140625|12.4824857600446|98.6057066037839||||50988.140625|370|39475||||750286|AXM503|X|X|0|0|6||||132|5|132|5|[]|636148157881410000|14:09:48:141
21|2.1|636147914855583137|750286|50992.296875|12.4763917811682|98.6121439054139||||50992.28125|370|39475||||750286|AXM503|X|X||0|6||||132|5|132|5|[]|636148157922970000|14:09:52:297
21|2.1|636147914893656944|750286|50996.0703125|12.4708127864222|98.6180662229135||||50996.0625|370|39475||||750286|AXM503|X|X||0|6||||132|83|132|83|[]|636148157960700000|14:09:56:070
21|2.1|636147914898327411|750286|50996.5625|12.470126140915|98.618817241437||||50996.5546875|370|39475||||750286|AXM503|X|X||0|6||||132|5|132|5|[]|636148157965630000|14:09:56:563
21|2.1|636147914935301108|750286|51000.2421875|12.4646758922016|98.6245893552319||||51000.234375|370|39475||||750286|AXM503|X|X|0|0|6||||132|83|132|83|[]|636148158002420000|14:10:00:242
21|2.1|636147914940291607|750286|51000.765625|12.463903416006|98.6254047467717||||51000.7578125|370|39475||||750286|AXM503|X|X||0|6||||132|5|132|5|[]|636148158007660000|14:10:00:766
21|2.1|636147914985696147|750286|51005.3046875|12.4572300799829|98.6324643208926||||51005.296875|370|39475||||750286|AXM503|X|X||0|6||||132|5|132|5|[]|636148158053050000|14:10:05:305
21|2.1|636147914991166694|750286|51005.828125|12.4564361461152|98.6333226277766||||51005.828125|370|39475||||750286|AXM503|X|X||0|6||||132|83|132|83|[]|636148158058280000|14:10:05:828
21|2.1|636147915033270904|750286|51010.0625|12.4502134212062|98.6398886754392||||51010.0625|370|39475||||750286|AXM503|X|X|0|0|6||||132|5|132|5|[]|636148158100630000|14:10:10:063
21|2.1|636147915076805257|750286|51014.4140625|12.4437975772483|98.646712215167||||51014.4140625|370|39475||||750286|AXM503|X|X||0|6||||132|5|132|5|[]|636148158144140000|14:10:14:414
21|2.1|636147915118769453|750286|51018.6015625|12.4376177676835|98.6532568051575||||51018.59375|370|39475||||750286|AXM503|X|X|0|0|6||||132|5|132|5|[]|636148158186020000|14:10:18:602
21|2.1|636147915143261902|750286|51021.03125|12.4340128787707|98.6570333554471||||51021.0234375|370|||||750286|AXM503|X|X||0|6||||132|83|132|83|[]|636148158210310000|14:10:21:031
21|2.1|636147915161833759|750286|51022.921875|12.4312662967419|98.6599730565248||||51022.9140625|370|39475||||750286|AXM503|X|X|0|0|6||||132|5|132|5|[]|636148158229220000|14:10:22:922
21|2.1|636147915192086784|750286|51025.921875|12.4268245586172|98.6646508290426||||51025.9140625|370|39475||||750286|AXM503|X|X||0|6||||132|83|132|83|[]|636148158259220000|14:10:25:922
21|2.1|636147915213458921|750286|51028.0703125|12.4236059078022|98.6680196835623||||51028.0703125|370|39475||||750286|AXM503|X|X|0|0|6||||132|5|132|5|[]|636148158280700000|14:10:28:070
21|2.1|636147915272754850|750286|51034.0078125|12.4148726352575|98.6773108555816||||51034|370|39475||||750286|AXM503|X|X||0|6||||132|5|132|5|[]|636148158340080000|14:10:34:008
21|2.1|636147915286326207|750286|51035.3515625|12.4128770717522|98.6794351651195||||51035.3515625|370|39475||||750286|AXM503|X|X|0|0|6||||132|83|132|83|[]|636148158353520000|14:10:35:352
21|2.1|636147915322369811|750286|51038.9609375|12.4075770267435|98.6850785328818||||51038.9609375|370|39475||||750286|AXM503|X|X|0|0|6||||132|5|132|5|[]|636148158389610000|14:10:38:961
21|2.1|636147915362453819|750286|51042.984375|12.4016117938997|98.691344173135||||51042.9765625|370|39475||||750286|AXM503|X|X||0|6||||132|5|132|5|[]|636148158429840000|14:10:42:984
21|2.1|636147915379605534|750286|51044.671875|12.3991227039361|98.6940263821475||||51044.6640625|370|39475||||750286|AXM503|X|X|0|0|6||||132|83|132|83|[]|636148158446720000|14:10:44:672
21|2.1|636147915415019075|750286|51048.234375|12.3938655742716|98.6995624615493||||51048.2265625|370|39475||||750286|AXM503|X|X|0|0|6||||132|5|132|5|[]|636148158482340000|14:10:48:234
21|2.1|636147915424530026|750286|51049.171875|12.3924279102409|98.7010215832521||||51049.1640625|370|39475||||750286|AXM503|X|X|0|0|6||||132|83|132|83|[]|636148158491720000|14:10:49:172
21|2.1|636147915463693942|750286|51053.1015625|12.3866128811018|98.7072013928169||||51053.1015625|370|39475||||750286|AXM503|X|X|0|0|6||||132|5|132|5|[]|636148158531020000|14:10:53:102
21|2.1|636147915474615034|750286|51054.1796875|12.3850250133664|98.7088965489128||||51054.1796875|370|39475||||750286|AXM503|X|X|0|0|6||||132|83|132|83|[]|636148158541800000|14:10:54:180
21|2.1|636147915513618934|750286|51058.09375|12.3792528995715|98.7149905277892||||51058.0859375|370|39475||||750286|AXM503|X|X|0|0|6||||132|5|132|5|[]|636148158580940000|14:10:58:094
21|2.1|636147915518779450|750286|51058.59375|12.3785233387201|98.7157630039848||||51058.578125|370|39475||||750286|AXM503|X|X|0|0|6||||132|83|132|83|[]|636148158585940000|14:10:58:594
21|2.1|636147915554182990|750286|51062.15625|12.3732662090556|98.7213419987308||||51062.140625|370|39475||||750286|AXM503|X|X|0|0|6||||132|5|132|5|[]|636148158621560000|14:11:02:156
21|2.1|636147915595207092|750286|51066.2578125|12.3671722301792|98.7277363850166||||51066.2421875|370|39475||||750286|AXM503|X|X|0|0|6||||132|5|132|5|[]|636148158662580000|14:11:06:258
