21|2.1|636147897419339687|7503ac|49248.671875|10.7742833995078|96.8252562612864||||49248.65625|340|36150||||7503ac|MAS114|X|X|0|0|7||||132|83|132|83|[]|636148140486720000|13:40:48:672
21|2.1|636147897467854538|7503ac|49253.5234375|10.7826518916268|96.8187545866401||||49253.5078125|340|36150||||7503ac|MAS114|X|X||0|7||||132|83|132|83|[]|636148140535230000|13:40:53:523
21|2.1|636147897513879140|7503ac|49258.1171875|10.7903122805665|96.8127464384521||||49258.109375|340|36150||||7503ac|MAS114|X|X||0|7||||132|83|132|83|[]|636148140581170000|13:40:58:117
21|2.1|636147897572384990|7503ac|49263.984375|10.8000326060278|96.8051718802008||||49263.96875|340|36150||||7503ac|MAS114|X|X||0|7||||132|83|132|83|[]|636148140639840000|13:41:03:984
21|2.1|636147897630260777|7503ac|49269.7578125|10.8096671008007|96.7975544066053||||49269.75|340|36150||||7503ac|MAS114|X|X|0|0|7||||132|83|132|83|[]|636148140697580000|13:41:09:758
21|2.1|636147897680335784|7503ac|49274.7734375|10.8179926775755|96.791052731959||||49274.7734375|340|36150||||7503ac|MAS114|X|X|0|0|7||||132|83|132|83|[]|636148140747730000|13:41:14:773
21|2.1|636147897726510401|7503ac|49279.3828125|10.825610151171|96.7850016684268||||49279.3828125|340|36150||||7503ac|MAS114|X|X|0|0|7||||132|83|132|83|[]|636148140793830000|13:41:19:383
21|2.1|636147897774095159|7503ac|49284.1484375|10.8336138628643|96.7787145705015||||49284.140625|340|36150||||7503ac|MAS114|X|X|0|0|7||||132|83|132|83|[]|636148140841480000|13:41:24:148
21|2.1|636147897822620011|7503ac|49289|10.8416390322297|96.7724489302483||||49288.9921875|340|36150||||7503ac|MAS114|X|X|0|0|7||||132|83|132|83|[]|636148140890000000|13:41:29:000
21|2.1|636147898124020148|7503ac|49319.1328125|10.8896827600616|96.730327519916||||49319.1171875|340|36150||||7503ac|MAS114|X|X||0|7||||132|83|132|83|[]|636148141191330000|13:41:59:133
21|2.1|636147898192817027|7503ac|49326.0078125|10.9001541040464|96.7203497023895||||49326|340|36150||||7503ac|MAS114|X|X|0|0|7||||132|83|132|83|[]|636148141260080000|13:42:06:008
21|2.1|636147898319799724|7503ac|49338.71875|10.9195303819527|96.7019819350719||||49338.7109375|340|36150||||7503ac|MAS114|X|X|0|0|7||||132|83|132|83|[]|636148141387190000|13:42:18:719
21|2.1|636147898367534497|7503ac|49343.484375|10.9269118211551|96.6949867339673||||49343.4765625|340|36150||||7503ac|MAS114|X|X|0|0|7||||132|83|132|83|[]|636148141434840000|13:42:23:484
21|2.1|636147898414499193|7503ac|49348.1796875|10.9342718026854|96.6879700751906||||49348.1796875|340|36150||||7503ac|MAS114|X|X|0|0|7||||132|83|132|83|[]|636148141481800000|13:42:28:180
21|2.1|636147898455223265|7503ac|49352.2578125|10.9404516122502|96.6821550460515||||49352.25|340|36150||||7503ac|MAS114|X|X|0|0|7||||132|83|132|83|[]|636148141522580000|13:42:32:258
21|2.1|636147898516839426|7503ac|49358.421875|10.9500217340068|96.6731428237695||||49358.40625|340|36150||||7503ac|MAS114|X|X||0|7||||132|83|132|83|[]|636148141584220000|13:42:38:422
21|2.1|636147899005758313|7503ac|49407.3125|11.0258746048803|96.602225217479||||49407.296875|340|36150||||7503ac|MAS114|X|X||0|7||||132|83|132|83|[]|636148142073130000|13:43:27:313
21|2.1|636147899241321867|7503ac|49430.859375|11.0620307823688|96.568322095561||||49430.859375|340|||||7503ac|MAS114|X|X||0|7||||132|83|132|83|[]|636148142308590000|13:43:50:859
21|2.1|636147899338201554|7503ac|49440.5625|11.0772442718877|96.5540956589587||||49440.546875|340|36125||||7503ac|MAS114|X|X|0|0|7||||132|83|132|83|[]|636148142405630000|13:44:00:563
21|2.1|636147899444292162|7503ac|49451.1640625|11.0936808487163|96.5387534234072||||49451.1484375|340|36125||||7503ac|MAS114|X|X|0|0|7||||132|83|132|83|[]|636148142511640000|13:44:11:164
21|2.1|636147899485496282|7503ac|49455.2421875|11.0999250312974|96.532916936596||||49455.2265625|340|36125||||7503ac|X|X|X|0|0|7||||132|83|132|83|[]|636148142552420000|13:44:15:242
21|2.1|636147899525420274|7503ac|49459.2734375|11.1061048408622|96.5270804497848||||49459.2734375|340|36125||||7503ac|X|X|X|0|0|7||||132|83|132|83|[]|636148142592730000|13:44:19:273
21|2.1|636147899632590990|7503ac|49469.9921875|11.1228632827723|96.5113734338076||||49469.9765625|340|36125||||7503ac|X|X|X|0|0|7||||132|83|132|83|[]|636148142699920000|13:44:29:992
21|2.1|636147899722760006|7503ac|49479|11.1368322273094|96.4983271691708||||49479|340|36125||||7503ac|X|X|X|0|0|7||||132|83|132|83|[]|636148142790000000|13:44:39:000
21|2.1|636147899766594389|7503ac|49483.390625|11.1438488860861|96.4921688172781||||49483.3828125|340|36125||||7503ac|X|X|X|0|0|7||||132|83|132|83|[]|636148142833910000|13:44:43:391
21|2.1|636147899814019131|7503ac|49488.140625|11.1516809364026|96.4856242272876||||49488.1328125|340|36125||||7503ac|MAS114|X|X||0|7||||132|83|132|83|[]|636148142881410000|13:44:48:141
21|2.1|636147899862854014|7503ac|49493.0234375|11.1597704787843|96.4794229600507||||49493.0234375|340|36125||||7503ac|MAS114|X|X|0|0|7||||132|83|132|83|[]|636148142930230000|13:44:53:023
21|2.1|636147899938821610|7503ac|49500.625|11.1729669471258|96.4702819917361||||49500.6171875|340|36125||||7503ac|MAS114|X|X||0|7||||132|83|132|83|[]|636148143006250000|13:45:00:625
21|2.1|636147899980635791|7503ac|49504.8046875|11.1804985900329|96.465539846202||||49504.78125|340|36125||||7503ac|MAS114|X|X|0|0|7||||132|83|132|83|[]|636148143048050000|13:45:04:805
21|2.1|636147900059103637|7503ac|49512.640625|11.1948323149957|96.4574932191645||||49512.640625|340|36125||||7503ac|MAS114|X|X||0|7||||132|83|132|83|[]|636148143126410000|13:45:12:641
21|2.1|636147900108248551|7503ac|49517.5625|11.2041878600313|96.4526867006141||||49517.5625|340|36125||||7503ac|MAS114|X|X|0|0|7||||132|83|132|83|[]|636148143175630000|13:45:17:563
21|2.1|636147900334141138|7503ac|49540.15625|11.2469744581987|96.4317440126445||||49540.1484375|340|36125||||7503ac|MAS114|X|X||0|7||||132|83|132|83|[]|636148143401560000|13:45:40:156
21|2.1|636147900385006224|7503ac|49545.234375|11.256480206939|96.4271520708151||||49545.2265625|340|36125||||7503ac|MAS114|X|X||0|7||||132|83|132|83|[]|636148143452340000|13:45:45:234
21|2.1|636147900432740997|7503ac|49550.015625|11.2655568022373|96.4227103326904||||49550|340|36125||||7503ac|MAS114|X|X|0|0|7||||132|83|132|83|[]|636148143500160000|13:45:50:016
21|2.1|636147900475015224|7503ac|49554.234375|11.2735390562585|96.4188050363682||||49554.21875|340|36125||||7503ac|MAS114|X|X|0|0|7||||132|83|132|83|[]|636148143542340000|13:45:54:234
21|2.1|636147900517449467|7503ac|49558.4765625|11.2815213102797|96.4149641130623||||49558.46875|340|36125||||7503ac|MAS114|X|X|0|0|7||||132|83|132|83|[]|636148143584770000|13:45:58:477
21|2.1|636147901045992316|7503ac|49611.3359375|11.3825654881986|96.3667272661815||||49611.328125|340|36125||||7503ac|MAS114|X|X||0|7||||132|83|132|83|[]|636148144113360000|13:46:51:336
21|2.1|636147901479375650|7503ac|49654.6640625|11.4673018353215|96.3327597712472||||49654.65625|340|36125||||7503ac|MAS114|X|X|0|0|7||||132|83|132|83|[]|636148144546640000|13:47:34:664
