21|2.1|636147897423550108|75033b|49249.1015625|4.6077561337377|102.243897823683||||49249.09375|360.25|38475||||75033b|AXM137|5332|X|0|0|8||||132|51|132|51|[]|636148140491020000|13:40:49:102
21|2.1|636147897468484601|75033b|49253.59375|4.5986580807673|102.240486053819||||49253.578125|360.25|38475||||75033b|AXM137|5332|X|0|0|8||||132|51|132|51|[]|636148140535940000|13:40:53:594
21|2.1|636147897512008953|75033b|49257.953125|4.5897746045179|102.237181572316||||49257.9453125|360.25|38475||||75033b|AXM137|5332|X|0|0|8||||132|51|132|51|[]|636148140579530000|13:40:57:953
21|2.1|636147897556933445|75033b|49262.4296875|4.5806550938754|102.233791260124||||49262.421875|360.25|38475||||75033b|AXM137|5332|X|0|0|8||||132|51|132|51|[]|636148140624300000|13:41:02:430
21|2.1|636147897597497501|75033b|49266.5|4.572415347789|102.230722813014||||49266.4921875|360.25|38475||||75033b|AXM137|5332|X|0|0|8||||132|51|132|51|[]|636148140665000000|13:41:06:500
21|2.1|636147897637901541|75033b|49270.53125|4.564261432391|102.227697281248||||49270.5234375|360.5|38475||||75033b|AXM137|5332|X|0|0|8||||132|51|132|51|[]|636148140705310000|13:41:10:531
21|2.1|636147897678615612|75033b|49274.609375|4.5559787709604|102.224607376465||||49274.609375|360.5|38500||||75033b|AXM137|5332|X|0|0|8||||132|51|132|51|[]|636148140746090000|13:41:14:609
21|2.1|636147897721829933|75033b|49278.921875|4.5472669560878|102.221345810306||||49278.9140625|360.25|38475||||75033b|AXM137|5332|X|0|0|8||||132|51|132|51|[]|636148140789220000|13:41:18:922
21|2.1|636147897762083958|75033b|49282.953125|4.5391130406898|102.21832027854||||49282.9375|360.25|38475||||75033b|AXM137|5332|X|0|0|8||||132|51|132|51|[]|636148140829530000|13:41:22:953
21|2.1|636147897805758325|75033b|49287.3203125|4.5302510221125|102.215037254709||||49287.3125|360.25|38475||||75033b|AXM137|5332|X|0|0|8||||132|51|132|51|[]|636148140873200000|13:41:27:320
21|2.1|636147897856463395|75033b|49292.390625|4.5199942548487|102.211217789075||||49292.3828125|360.25|38475||||75033b|AXM137|5332|X||0|8||||132|51|132|51|[]|636148140923910000|13:41:32:391
21|2.1|636147897899217670|75033b|49296.6640625|4.5113682706645|102.20799913826||||49296.65625|360.25|38475||||75033b|AXM137|5332|X|0|0|8||||132|51|132|51|[]|636148140966640000|13:41:36:664
21|2.1|636147897941171865|75033b|49300.875|4.5028495748408|102.204866318133||||49300.8671875|360|38450||||75033b|AXM137|5332|X|0|0|8||||132|51|132|51|[]|636148141008750000|13:41:40:875
21|2.1|636147897981895937|75033b|49304.9296875|4.4947171171149|102.201776413351||||49304.921875|360.25|38450||||75033b|AXM137|5332|X|0|0|8||||132|51|132|51|[]|636148141049300000|13:41:44:930
21|2.1|636147898025900337|75033b|49309.328125|4.4858121831934|102.19849338952||||49309.3203125|360.25|38450||||75033b|AXM137|5332|X|0|0|8||||132|51|132|51|[]|636148141093280000|13:41:49:328
21|2.1|636147898068484595|75033b|49313.6015625|4.4772076566813|102.195339111721||||49313.59375|360|38450||||75033b|AXM137|5332|X|0|0|8||||132|51|132|51|[]|636148141136020000|13:41:53:602
21|2.1|636147898110598806|75033b|49317.796875|4.4687318762018|102.19216337625||||49317.78125|360|38425||||75033b|AXM137|5332|X|0|0|8||||132|51|132|51|[]|636148141177970000|13:41:57:797
21|2.1|636147898158333579|75033b|49322.5703125|4.4590973814289|102.188579945009||||49322.5625|360|38425||||75033b|AXM137|5332|X|0|0|8||||132|51|132|51|[]|636148141225700000|13:42:02:570
21|2.1|636147898208728618|75033b|49327.609375|4.4489049871814|102.184824852392||||49327.609375|360|38425||||75033b|AXM137|5332|X|0|0|8||||132|51|132|51|[]|636148141276090000|13:42:07:609
21|2.1|636147898259113656|75033b|49332.6640625|4.4387555082781|102.181048302102||||49332.65625|359.75|38400||||75033b|AXM137|5332|X|0|0|8||||132|51|132|51|[]|636148141326640000|13:42:12:664
21|2.1|636147898308098554|75033b|49337.5546875|4.4289064367842|102.177421955517||||49337.5390625|359.75|38400||||75033b|AXM137|5332|X||0|8||||132|51|132|51|[]|636148141375550000|13:42:17:555
21|2.1|636147898350532797|75033b|49341.8046875|4.4203448256163|102.174246220047||||49341.7890625|359.75|38400||||75033b|AXM137|5332|X|0|0|8||||132|51|132|51|[]|636148141418050000|13:42:21:805
21|2.1|636147898399827726|75033b|49346.734375|4.4104528387782|102.170534042773||||49346.7265625|359.75|38400||||75033b|AXM137|5332|X||0|8||||132|51|132|51|[]|636148141467340000|13:42:26:734
21|2.1|636147898442421985|75033b|49350.984375|4.4018912276103|102.167358307302||||49350.9765625|359.75|38400||||75033b|AXM137|5332|X||0|8||||132|51|132|51|[]|636148141509840000|13:42:30:984
21|2.1|636147898489226665|75033b|49355.671875|4.3924283942142|102.163817791406||||49355.671875|359.75|38400||||75033b|AXM137|5332|X|0|0|8||||132|51|132|51|[]|636148141556720000|13:42:35:672
21|2.1|636147898529940736|75033b|49359.734375|4.3842744788162|102.16079225964||||49359.7265625|359.75|38400||||75033b|AXM137|5332|X|0|0|8||||132|51|132|51|[]|636148141597340000|13:42:39:734
21|2.1|636147898600617803|75033b|49366.796875|4.3700909575581|102.155513672303||||49366.78125|359.5|38375||||75033b|AXM137|5332|X||0|8||||132|51|132|51|[]|636148141667970000|13:42:46:797
21|2.1|636147898645072248|75033b|49371.25|4.3611216506203|102.152187733128||||49371.2421875|359.5|38375||||75033b|AXM137|5332|X|0|0|8||||132|51|132|51|[]|636148141712500000|13:42:51:250
21|2.1|636147898697487489|75033b|49376.5|4.350543018275|102.148282436806||||49376.5|359.5|38375||||75033b|AXM137|5332|X||0|8||||132|51|132|51|[]|636148141765000000|13:42:56:500
21|2.1|636147898757083448|75033b|49382.4609375|4.3385696372432|102.143776325665||||49382.453125|359.5|38375||||75033b|AXM137|5332|X||0|8||||132|51|132|51|[]|636148141824610000|13:43:02:461
21|2.1|636147898806848424|75033b|49387.4296875|4.3285274467004|102.140085606063||||49387.421875|359.5|38375||||75033b|AXM137|5332|X||0|8||||132|51|132|51|[]|636148141874300000|13:43:07:430
21|2.1|636147899079085645|75033b|49414.6484375|4.2736387214686|102.11961498688||||49414.640625|359.5|38375||||75033b|AXM137|5332|X||0|8||||132|51|132|51|[]|636148142146480000|13:43:34:648
21|2.1|636147899893737102|75033b|49496.109375|4.1082429849218|102.05820312933||||49496.109375|337.25|36100||||75033b|X|X|X||0|8||||132|51|132|51|[]|636148142961090000|13:44:56:109
21|2.1|636147899941321860|75033b|49500.8828125|4.0984582864442|102.054598240417||||49500.875|334.75|35850||||75033b|AXM137|X|X|0|0|8||||132|51|132|51|[]|636148143008830000|13:45:00:883
21|2.1|636147899982505978|75033b|49504.9921875|4.0900897943252|102.051529793307||||49504.9765625|332.75|35625||||75033b|AXM137|X|X||0|8||||132|51|132|51|[]|636148143049920000|13:45:04:992
