21|2.1|636147913550452637|76ce68|50861.78125|13.6731719848736|100.756173043974||||50861.78125|3|25||||76ce68|SIA981|X|X|0|0|7||||132|5|132|5|[]|636148156617810000|14:07:41:781
21|2.1|636147913593026894|76ce68|50866.03125|13.6702108261238|100.755379110106||||50866.03125|4.5|175||||76ce68|SIA981|X|X|0|0|7||||132|5|132|5|[]|636148156660310000|14:07:46:031
21|2.1|636147913636401231|76ce68|50870.3828125|13.6671423790135|100.754606633911||||50870.375|6|350||||76ce68|SIA981|X|X|0|0|7||||132|5|132|5|[]|636148156703830000|14:07:50:383
21|2.1|636147913680395630|76ce68|50874.78125|13.6640953895753|100.753791242371||||50874.78125|7.75|525||||76ce68|SIA981|X|X|0|0|7||||132|5|132|5|[]|636148156747810000|14:07:54:781
21|2.1|636147913720799670|76ce68|50878.8125|13.661456095907|100.753061681519||||50878.8046875|9.25|675||||76ce68|SIA981|X|X|0|0|7||||132|5|132|5|[]|636148156788130000|14:07:58:813
21|2.1|636147913761673757|76ce68|50882.90625|13.6593532440412|100.752482324373||||50882.8984375|10.75|850||||76ce68|SIA981|X|X|0|0|7||||132|5|132|5|[]|636148156829060000|14:08:02:906
21|2.1|636147913809568546|76ce68|50887.6953125|13.6561560508983|100.751559644472||||50887.6875|12.5|1000||||76ce68|SIA981|X|X|0|0|7||||132|5|132|5|[]|636148156876950000|14:08:07:695
21|2.1|636147913854343023|76ce68|50892.171875|13.6530232307717|100.750679879916||||50892.171875|14.25|1200||||76ce68|SIA981|X|X||0|7||||132|5|132|5|[]|636148156921720000|14:08:12:172
21|2.1|636147913898027391|76ce68|50896.53125|13.6500620720219|100.749843030704||||50896.53125|15.75|1375||||76ce68|SIA981|X|X||0|7||||132|5|132|5|[]|636148156965310000|14:08:16:531
21|2.1|636147913942481836|76ce68|50900.984375|13.6470365402558|100.749027639165||||50900.9765625|17.25|1525||||76ce68|SIA981|X|X|0|0|7||||132|5|132|5|[]|636148157009840000|14:08:20:984
21|2.1|636147913989606548|76ce68|50905.6953125|13.6439466354734|100.748147874608||||50905.6875|18.75|1725||||76ce68|SIA981|X|X|0|0|7||||132|5|132|5|[]|636148157056950000|14:08:25:695
21|2.1|636147914030630650|76ce68|50909.796875|13.6417794105913|100.747568517462||||50909.7890625|20.25|1850||||76ce68|SIA981|X|X|0|0|7||||132|5|132|5|[]|636148157097970000|14:08:29:797
21|2.1|636147914080395626|76ce68|50914.7734375|13.6384105560716|100.746645837561||||50914.765625|21.5|2000||||76ce68|SIA981|X|X|0|0|7||||132|5|132|5|[]|636148157147730000|14:08:34:773
21|2.1|636147914123769963|76ce68|50919.1171875|13.6355352280102|100.74591627671||||50919.109375|22.75|2125||||76ce68|SIA981|X|X|0|0|7||||132|5|132|5|[]|636148157191170000|14:08:39:117
21|2.1|636147914164644050|76ce68|50923.203125|13.6326813576209|100.745208173531||||50923.1953125|23.75|2250||||76ce68|SIA981|X|X|0|0|7||||132|5|132|5|[]|636148157232030000|14:08:43:203
21|2.1|636147914208328418|76ce68|50927.5625|13.6296558258548|100.744392781991||||50927.5546875|24.75|2350||||76ce68|SIA981|X|X|0|0|7||||132|5|132|5|[]|636148157275630000|14:08:47:563
21|2.1|636147914248732458|76ce68|50931.6171875|13.6276602623495|100.743899255533||||50931.609375|25.5|2400||||76ce68|SIA981|X|X|0|0|7||||132|5|132|5|[]|636148157316170000|14:08:51:617
21|2.1|636147914296307215|76ce68|50936.3671875|13.6243128655019|100.742998033304||||50936.359375|26.5|2525||||76ce68|SIA981|X|X|0|0|7||||132|5|132|5|[]|636148157363670000|14:08:56:367
21|2.1|636147914338121396|76ce68|50940.5546875|13.6213517067521|100.742204099437||||50940.546875|27.5|2650||||76ce68|SIA981|X|X|0|0|7||||132|5|132|5|[]|636148157405550000|14:09:00:555
21|2.1|636147914381635747|76ce68|50944.90625|13.6183476326581|100.741453080913||||50944.8984375|28.25|2700||||76ce68|SIA981|X|X|0|0|7||||132|5|132|5|[]|636148157449060000|14:09:04:906
21|2.1|636147914422359819|76ce68|50948.9765625|13.6152577278757|100.740659147046||||50948.96875|29.25|2825||||76ce68|SIA981|X|X|0|0|7||||132|5|132|5|[]|636148157489770000|14:09:08:977
21|2.1|636147914463223905|76ce68|50953.0546875|13.6123394844701|100.739843755506||||50953.046875|30.25|2950||||76ce68|SIA981|X|X|0|0|7||||132|5|132|5|[]|636148157530550000|14:09:13:055
21|2.1|636147914503317914|76ce68|50957.0625|13.6100864288996|100.739285856031||||50957.0546875|31.25|3025||||76ce68|SIA981|X|X|0|0|7||||132|5|132|5|[]|636148157570630000|14:09:17:063
21|2.1|636147914546392221|76ce68|50961.375|13.6068463204125|100.738427549147||||50961.3671875|32.25|3150||||76ce68|SIA981|X|X|0|0|7||||132|5|132|5|[]|636148157613750000|14:09:21:375
21|2.1|636147914591316713|76ce68|50965.8671875|13.6036920426138|100.737612157607||||50965.859375|33.5|3275||||76ce68|SIA981|X|X|0|0|7||||132|5|132|5|[]|636148157658670000|14:09:25:867
21|2.1|636147914632660847|76ce68|50970|13.600516307143|100.73681822374||||50970|34.25|3350||||76ce68|SIA981|X|X|0|0|7||||132|5|132|5|[]|636148157700000000|14:09:30:000
21|2.1|636147914676955276|76ce68|50974.4375|13.5971689102954|100.735959916856||||50974.4296875|34.75|3425||||76ce68|SIA981|X|X|0|0|7||||132|5|132|5|[]|636148157744380000|14:09:34:438
21|2.1|636147914720009581|76ce68|50978.7421875|13.5944223282666|100.735230356004||||50978.734375|35.25|3475||||76ce68|SIA981|X|X|0|0|7||||132|5|132|5|[]|636148157787420000|14:09:38:742
21|2.1|636147914766034183|76ce68|50983.34375|13.5906886933212|100.734307676104||||50983.3359375|35.75|3525||||76ce68|SIA981|X|X|0|0|7||||132|5|132|5|[]|636148157833440000|14:09:43:344
21|2.1|636147914810198599|76ce68|50987.7578125|13.5869765160479|100.733363538532||||50987.75|36.25|3575||||76ce68|SIA981|X|X|0|0|7||||132|5|132|5|[]|636148157877580000|14:09:47:758
21|2.1|636147914853712950|76ce68|50992.1015625|13.5832857964467|100.732440858631||||50992.09375|37|3650||||76ce68|SIA981|X|X|0|0|7||||132|5|132|5|[]|636148157921020000|14:09:52:102
21|2.1|636147914895677146|76ce68|50996.3046875|13.5795521615013|100.731453805715||||50996.296875|37.5|3725||||76ce68|SIA981|X|X|0|0|7||||132|5|132|5|[]|636148157963050000|14:09:56:305
21|2.1|636147914935931171|76ce68|51000.3359375|13.5757112381954|100.730466752798||||51000.328125|38|3775||||76ce68|SIA981|X|X|0|0|7||||132|5|132|5|[]|636148158003360000|14:10:00:336
21|2.1|636147914986476225|76ce68|51005.3828125|13.5718703148895|100.729436784537||||51005.3671875|38.75|3850||||76ce68|SIA981|X|X|0|0|7||||132|5|132|5|[]|636148158053830000|14:10:05:383
21|2.1|636147915032660843|76ce68|51010.0078125|13.5673642037485|100.7282351549||||51010|39.25|3900||||76ce68|SIA981|X|X||0|7||||132|5|132|5|[]|636148158100080000|14:10:10:008
21|2.1|636147915085066083|76ce68|51015.234375|13.562107074084|100.726840406213||||51015.2265625|40.25|4000||||76ce68|SIA981|X|X||0|7||||132|5|132|5|[]|636148158152340000|14:10:15:234
21|2.1|636147915126570233|76ce68|51019.3828125|13.5577297089756|100.725638776576||||51019.375|41|4075||||76ce68|SIA981|X|X|0|0|7||||132|5|132|5|[]|636148158193830000|14:10:19:383
21|2.1|636147915166964272|76ce68|51023.4375|13.5536527512766|100.724501519954||||51023.4296875|42|4175||||76ce68|SIA981|X|X|0|0|7||||132|5|132|5|[]|636148158234380000|14:10:23:438
21|2.1|636147915210178593|76ce68|51027.7578125|13.5498976586591|100.723471551693||||51027.75|43|4250||||76ce68|SIA981|X|X|0|0|7||||132|5|132|5|[]|636148158277580000|14:10:27:758
21|2.1|636147915254963071|76ce68|51032.2265625|13.5450053094203|100.722098260679||||51032.21875|43.75|4350||||76ce68|SIA981|X|X|0|0|7||||132|5|132|5|[]|636148158322270000|14:10:32:227
21|2.1|636147915296767251|76ce68|51036.4140625|13.5401773331978|100.720724969665||||51036.40625|44.5|4425||||76ce68|SIA981|X|X|0|0|7||||132|5|132|5|[]|636148158364140000|14:10:36:414
21|2.1|636147915340931667|76ce68|51040.8359375|13.5350060342217|100.71924439029||||51040.828125|45.5|4525||||76ce68|SIA981|X|X|0|0|7||||132|5|132|5|[]|636148158408360000|14:10:40:836
21|2.1|636147915383815955|76ce68|51045.1015625|13.5299420236061|100.717785268587||||51045.09375|46.5|4650||||76ce68|SIA981|X|X|0|0|7||||132|5|132|5|[]|636148158451020000|14:10:45:102
21|2.1|636147915424069980|76ce68|51049.1328125|13.5248136399742|100.716240316196||||51049.1328125|47.5|4775||||76ce68|SIA981|X|X|0|0|7||||132|5|132|5|[]|636148158491330000|14:10:49:133
21|2.1|636147915468534426|76ce68|51053.5859375|13.5205435632263|100.714995771214||||51053.578125|48.75|4875||||76ce68|SIA981|X|X|0|0|7||||132|5|132|5|[]|636148158535860000|14:10:53:586
21|2.1|636147915511438716|76ce68|51057.8828125|13.5152435182176|100.713429361151||||51057.875|50.5|5050||||76ce68|SIA981|X|X|0|0|7||||132|5|132|5|[]|636148158578830000|14:10:57:883
21|2.1|636147915555583130|76ce68|51062.28125|13.5096645234716|100.711755662727||||51062.28125|52.25|5250||||76ce68|SIA981|X|X|0|0|7||||132|5|132|5|[]|636148158622810000|14:11:02:281
21|2.1|636147915595987170|76ce68|51066.328125|13.504815089577|100.710339456368||||51066.3203125|54|5400||||76ce68|SIA981|X|X|0|0|7||||132|5|132|5|[]|636148158663280000|14:11:06:328
