21|2.1|636147897411228876|780251|49247.859375|16.8154549448697|101.294524579291||||49247.8515625|330|35175||||780251|LKE9526|X|X|0|0|7||||132|147|132|147|[]|636148140478590000|13:40:47:859
21|2.1|636147897454913244|780251|49252.234375|16.8250036089542|101.296799092533||||49252.21875|330|35175||||780251|LKE9526|X|X|0|0|7||||132|147|132|147|[]|636148140522340000|13:40:52:234
21|2.1|636147897500317784|780251|49256.78125|16.8345308153666|101.29900923276||||49256.7734375|330|35175||||780251|LKE9526|X|X|0|0|7||||132|147|132|147|[]|636148140567810000|13:40:56:781
21|2.1|636147897546012353|780251|49261.3515625|16.8445515482373|101.301391034363||||49261.34375|330|35175||||780251|LKE9526|X|X||0|7||||132|147|132|147|[]|636148140613520000|13:41:01:352
21|2.1|636147897588606612|780251|49265.609375|16.8535852281914|101.303579716917||||49265.6015625|330|35175||||780251|LKE9526|X|X|0|0|7||||132|147|132|147|[]|636148140656090000|13:41:05:609
21|2.1|636147897629480699|780251|49269.703125|16.8617606012615|101.30555382275||||49269.6953125|330|35175||||780251|LKE9526|X|X||0|7||||132|147|132|147|[]|636148140697030000|13:41:09:703
21|2.1|636147897670824833|780251|49273.8359375|16.8687128870219|101.307227521174||||49273.8203125|330|35175||||780251|LKE9526|X|X||0|7||||132|147|132|147|[]|636148140738360000|13:41:13:836
21|2.1|636147897711228873|780251|49277.875|16.879463180744|101.309780984154||||49277.8671875|330|35175||||780251|LKE9526|X|X||0|7||||132|147|132|147|[]|636148140778750000|13:41:17:875
21|2.1|636147897752102960|780251|49281.953125|16.8881320802724|101.311862378348||||49281.9453125|330|35175||||780251|LKE9526|X|X|0|0|7||||132|147|132|147|[]|636148140819530000|13:41:21:953
21|2.1|636147897797497499|780251|49286.4921875|16.897702202029|101.314093976246||||49286.484375|330|35175||||780251|LKE9526|X|X||0|7||||132|147|132|147|[]|636148140864920000|13:41:26:492
21|2.1|636147897841331882|780251|49290.875|16.9072294084414|101.316347031816||||49290.8671875|330|35175||||780251|LKE9526|X|X||0|7||||132|147|132|147|[]|636148140908750000|13:41:30:875
21|2.1|636147897882676016|780251|49295.015625|16.9158768502977|101.318364052994||||49295.0078125|330|35175||||780251|LKE9526|X|X||0|7||||132|147|132|147|[]|636148140950160000|13:41:35:016
21|2.1|636147897922770025|780251|49299.03125|16.9244813768098|101.320381074171||||49299.0234375|330|35175||||780251|LKE9526|X|X||0|7||||132|147|132|147|[]|636148140990310000|13:41:39:031
21|2.1|636147897963174065|780251|49303.0625|16.9331502763382|101.322441010693||||49303.0546875|329.75|35150||||780251|LKE9526|X|X|0|0|7||||132|147|132|147|[]|636148141030630000|13:41:43:063
21|2.1|636147898008728620|780251|49307.609375|16.9426989404227|101.324694066263||||49307.6015625|329.75|35150||||780251|LKE9526|X|X||0|7||||132|147|132|147|[]|636148141076090000|13:41:47:609
21|2.1|636147898050222769|780251|49311.7734375|16.9517540780489|101.326861291145||||49311.765625|329.75|35150||||780251|LKE9526|X|X||0|7||||132|147|132|147|[]|636148141117730000|13:41:51:773
21|2.1|636147898093907137|780251|49316.1328125|16.9608735886914|101.329028516028||||49316.125|329.75|35150||||780251|LKE9526|X|X||0|7||||132|147|132|147|[]|636148141161330000|13:41:56:133
21|2.1|636147898138831629|780251|49320.625|16.9704222527759|101.331260113926||||49320.6171875|329.75|35150||||780251|LKE9526|X|X||0|7||||132|147|132|147|[]|636148141206250000|13:42:00:625
21|2.1|636147898182365982|780251|49324.96875|16.9799709168604|101.333577542513||||49324.96875|329.75|35150||||780251|LKE9526|X|X||0|7||||132|147|132|147|[]|636148141249690000|13:42:04:969
21|2.1|636147898225740319|780251|49329.3203125|16.989111885175|101.335766225067||||49329.3125|330|35175||||780251|LKE9526|X|X||0|7||||132|147|132|147|[]|636148141293200000|13:42:09:320
21|2.1|636147898267854530|780251|49333.5234375|16.9977164116871|101.337783246244||||49333.515625|330|35175||||780251|LKE9526|X|X||0|7||||132|147|132|147|[]|636148141335230000|13:42:13:523
21|2.1|636147898308098554|780251|49337.5546875|17.0068359223296|101.339971928799||||49337.546875|330|35175||||780251|LKE9526|X|X|0|0|7||||132|147|132|147|[]|636148141375550000|13:42:17:555
21|2.1|636147898353183062|780251|49342.0625|17.0164060440862|101.342267899713||||49342.0546875|330|35175||||780251|LKE9526|X|X|0|0|7||||132|147|132|147|[]|636148141420630000|13:42:22:063
21|2.1|636147898397337477|780251|49346.4765625|17.0254182663682|101.344435124595||||49346.46875|330|35175||||780251|LKE9526|X|X||0|7||||132|147|132|147|[]|636148141464770000|13:42:26:477
21|2.1|636147898442271970|780251|49350.9765625|17.0355033722552|101.346859841543||||49350.96875|330|35175||||780251|LKE9526|X|X|0|0|7||||132|147|132|147|[]|636148141509770000|13:42:30:977
21|2.1|636147898447882531|780251|49351.5390625|17.0368552055975|101.347181706624||||49351.53125|330|35175||||780251|X|X|X||0|7||||132|163|132|163|[]|636148141515390000|13:42:31:539
21|2.1|636147898482515994|780251|49354.9921875|17.0441293564394|101.348919778064||||49354.984375|330|35175||||780251|LKE9526|X|X||0|7||||132|147|132|147|[]|636148141549920000|13:42:34:992
21|2.1|636147898526820424|780251|49359.4296875|17.0532488670819|101.351087002946||||49359.4296875|330|35175||||780251|LKE9526|X|X||0|7||||132|147|132|147|[]|636148141594300000|13:42:39:430
21|2.1|636147898568474589|780251|49363.59375|17.0623254623802|101.353211312484||||49363.5859375|330|35175||||780251|LKE9526|X|X|0|0|7||||132|147|132|147|[]|636148141635940000|13:42:43:594
21|2.1|636147898609978739|780251|49367.7421875|17.0710587349249|101.355292706678||||49367.734375|330|35175||||780251|LKE9526|X|X|0|0|7||||132|147|132|147|[]|636148141677420000|13:42:47:742
21|2.1|636147898615279269|780251|49368.2734375|17.0723247375788|101.355550198743||||49368.265625|330|||||780251|X|X|X||0|7||||132|163|132|163|[]|636148141682730000|13:42:48:273
21|2.1|636147898655213262|780251|49372.265625|17.0806288566815|101.357502846904||||49372.2578125|330|35175||||780251|LKE9526|X|X||0|7||||132|147|132|147|[]|636148141722660000|13:42:52:266
21|2.1|636147898676275368|780251|49374.3671875|17.0855641212645|101.358661561198||||49374.359375|330|35175||||780251|LKE9526|X|X|0|0|7||||132|163|132|163|[]|636148141743670000|13:42:54:367
21|2.1|636147898697177458|780251|49376.4609375|17.0896839943077|101.359627156442||||49376.4609375|330|35175||||780251|LKE9526|X|X||0|7||||132|147|132|147|[]|636148141764610000|13:42:56:461
21|2.1|636147898727140454|780251|49379.4609375|17.0960783805935|101.361129193489||||49379.453125|330|35175||||780251|LKE9526|X|X||0|7||||132|163|132|163|[]|636148141794610000|13:42:59:461
21|2.1|636147898739921732|780251|49380.734375|17.0988249626223|101.361772923652||||49380.7265625|330|35175||||780251|LKE9526|X|X||0|7||||132|147|132|147|[]|636148141807340000|13:43:00:734
21|2.1|636147898773775117|780251|49384.1328125|17.1060776557921|101.363532452764||||49384.1171875|330|35175||||780251|LKE9526|X|X||0|7||||132|163|132|163|[]|636148141841330000|13:43:04:133
21|2.1|636147898782515991|780251|49384.9921875|17.1079444732648|101.363983063878||||49384.984375|330|35175||||780251|LKE9526|X|X||0|7||||132|147|132|147|[]|636148141849920000|13:43:04:992
21|2.1|636147898823700109|780251|49389.125|17.1166133727932|101.366000085056||||49389.1171875|330|35175||||780251|LKE9526|X|X||0|7||||132|147|132|147|[]|636148141891250000|13:43:09:125
21|2.1|636147898834771216|780251|49390.21875|17.1192955818057|101.366622357547||||49390.21875|330|35175||||780251|LKE9526|X|X|0|0|7||||132|163|132|163|[]|636148141902190000|13:43:10:219
21|2.1|636147898864414180|780251|49393.1796875|17.1257114257636|101.368145852266||||49393.1796875|330|35200||||780251|LKE9526|X|X||0|7||||132|147|132|147|[]|636148141931800000|13:43:13:180
21|2.1|636147898908718610|780251|49397.625|17.1347880210619|101.370313077148||||49397.6171875|330|35200||||780251|LKE9526|X|X||0|7||||132|147|132|147|[]|636148141976250000|13:43:17:625
21|2.1|636147898953333071|780251|49402.0859375|17.1443581428185|101.372587590391||||49402.078125|330|35175||||780251|LKE9526|X|X|0|0|7||||132|147|132|147|[]|636148142020860000|13:43:22:086
21|2.1|636147898993117049|780251|49406.0546875|17.1530914153632|101.374647526912||||49406.0390625|330|35175||||780251|LKE9526|X|X||0|7||||132|163|132|163|[]|636148142060550000|13:43:26:055
21|2.1|636147898997647502|780251|49406.515625|17.153906806903|101.374905018977||||49406.5078125|330|35200||||780251|LKE9526|X|X|0|0|7||||132|147|132|147|[]|636148142065160000|13:43:26:516
21|2.1|636147899042571994|780251|49411|17.1634769286596|101.377136616876||||49411|330|35200||||780251|LKE9526|X|X|0|0|7||||132|147|132|147|[]|636148142110000000|13:43:31:000
21|2.1|636147899042571994|780251|49411.0078125|17.1634769286596|101.377136616876||||49411|330|35200||||780251|LKE9526|X|X||0|7||||132|163|132|163|[]|636148142110080000|13:43:31:008
21|2.1|636147899084536190|780251|49415.203125|17.1726393546463|101.37932529943||||49415.203125|330|35200||||780251|LKE9526|X|X|0|0|7||||132|147|132|147|[]|636148142152030000|13:43:35:203
21|2.1|636147899090306767|780251|49415.7734375|17.1740126456607|101.379625706839||||49415.7578125|330.25|35225||||780251|LKE9526|X|X|0|0|7||||132|163|132|163|[]|636148142157730000|13:43:35:773
21|2.1|636147899129780714|780251|49419.7265625|17.181801780633|101.381492524312||||49419.71875|330.25|35225||||780251|LKE9526|X|X|0|0|7||||132|147|132|147|[]|636148142197270000|13:43:39:727
21|2.1|636147899172224958|780251|49423.9765625|17.1913504447175|101.383767037555||||49423.96875|330.25|35225||||780251|LKE9526|X|X|0|0|7||||132|147|132|147|[]|636148142239770000|13:43:43:977
21|2.1|636147899188906626|780251|49425.640625|17.1949338759582|101.384582429094||||49425.6328125|330.25|35225||||780251|LKE9526|X|X||0|7||||132|163|132|163|[]|636148142256410000|13:43:45:641
21|2.1|636147899213409076|780251|49428.0859375|17.2000193442459|101.385784058732||||49428.078125|330.25|35225||||780251|LKE9526|X|X|0|0|7||||132|147|132|147|[]|636148142280860000|13:43:48:086
21|2.1|636147899235861321|780251|49430.328125|17.2045039977148|101.386878400009||||49430.3203125|330.25|35225||||780251|LKE9526|X|X|0|0|7||||132|163|132|163|[]|636148142303280000|13:43:50:328
21|2.1|636147899257393474|780251|49432.4921875|17.2091173972163|101.387994198958||||49432.4921875|330|35200||||780251|LKE9526|X|X|0|0|7||||132|147|132|147|[]|636148142324920000|13:43:52:492
21|2.1|636147899299977732|780251|49436.7421875|17.2186875189729|101.390268712201||||49436.7421875|330.25|35225||||780251|LKE9526|X|X|0|0|7||||132|147|132|147|[]|636148142367420000|13:43:56:742
21|2.1|636147899342722006|780251|49441.015625|17.227721198927|101.392478852427||||49441|330.25|35225||||780251|LKE9526|X|X|0|0|7||||132|147|132|147|[]|636148142410160000|13:44:01:016
21|2.1|636147899385006234|780251|49445.25|17.2364115561275|101.394560246621||||49445.25|330.25|35225||||780251|LKE9526|X|X|0|0|7||||132|147|132|147|[]|636148142452500000|13:44:05:250
21|2.1|636147899425260259|780251|49449.265625|17.2450160826396|101.396620183143||||49449.25|330.25|35225||||780251|LKE9526|X|X|0|0|7||||132|147|132|147|[]|636148142492660000|13:44:09:266
21|2.1|636147899466284361|780251|49453.375|17.25411413561|101.398765950353||||49453.375|330.25|35225||||780251|LKE9526|X|X|0|0|7||||132|147|132|147|[]|636148142533750000|13:44:13:375
21|2.1|636147899510898822|780251|49457.8359375|17.2635769690061|101.401019005923||||49457.8203125|330.25|35225||||780251|LKE9526|X|X|0|0|7||||132|147|132|147|[]|636148142578360000|13:44:17:836
21|2.1|636147899552552987|780251|49462|17.2722458685345|101.4030360271||||49461.9921875|330.25|35225||||780251|LKE9526|X|X|0|0|7||||132|147|132|147|[]|636148142620000000|13:44:22:000
21|2.1|636147899596237355|780251|49466.3671875|17.2817730749469|101.405310540343||||49466.3515625|330.25|35225||||780251|LKE9526|X|X|0|0|7||||132|147|132|147|[]|636148142663670000|13:44:26:367
21|2.1|636147899636491380|780251|49470.390625|17.2903346861148|101.40732756152||||49470.3828125|330.25|35225||||780251|LKE9526|X|X|0|0|7||||132|147|132|147|[]|636148142703910000|13:44:30:391
21|2.1|636147899676575388|780251|49474.40625|17.298531516857|101.409258752009||||49474.390625|330.25|35225||||780251|LKE9526|X|X|0|0|7||||132|147|132|147|[]|636148142744060000|13:44:34:406
21|2.1|636147899718859616|780251|49478.6328125|17.3075651968111|101.411468892236||||49478.625|330.25|35225||||780251|LKE9526|X|X|0|0|7||||132|147|132|147|[]|636148142786330000|13:44:38:633
21|2.1|636147899762854015|780251|49483.03125|17.3171138608956|101.413721947806||||49483.0234375|330.25|35225||||780251|LKE9526|X|X|0|0|7||||132|147|132|147|[]|636148142830310000|13:44:43:031
21|2.1|636147899804038133|780251|49487.15625|17.3252034032773|101.415674595967||||49487.140625|330.25|35225||||780251|LKE9526|X|X|0|0|7||||132|147|132|147|[]|636148142871560000|13:44:47:156
21|2.1|636147899846312360|780251|49491.3828125|17.3347520673618|101.417927651538||||49491.375|330.25|35225||||780251|LKE9526|X|X|0|0|7||||132|147|132|147|[]|636148142913830000|13:44:51:383
21|2.1|636147899890306759|780251|49495.7734375|17.34423635843|101.420245080125||||49495.765625|330|35200||||780251|LKE9526|X|X|0|0|7||||132|147|132|147|[]|636148142957730000|13:44:55:773
21|2.1|636147899932310959|780251|49499.9609375|17.35281942727|101.422262101302||||49499.953125|330|35200||||780251|LKE9526|X|X|0|0|7||||132|147|132|147|[]|636148142999610000|13:44:59:961
21|2.1|636147899972214949|780251|49503.9609375|17.3614668691263|101.424343495496||||49503.953125|330|35200||||780251|LKE9526|X|X|0|0|7||||132|147|132|147|[]|636148143039610000|13:45:03:961
21|2.1|636147900014019129|780251|49508.15625|17.3700284802942|101.426360516673||||49508.140625|330|35200||||780251|LKE9526|X|X|0|0|7||||132|147|132|147|[]|636148143081560000|13:45:08:156
21|2.1|636147900054273154|780251|49512.1640625|17.3790192449041|101.428484826211||||49512.15625|330|35200||||780251|LKE9526|X|X|0|0|7||||132|147|132|147|[]|636148143121640000|13:45:12:164
21|2.1|636147900094987225|780251|49516.2421875|17.3872589909905|101.430437474372||||49516.234375|330|35200||||780251|LKE9526|X|X|0|0|7||||132|147|132|147|[]|636148143162420000|13:45:16:242
21|2.1|636147900136331359|780251|49520.375|17.3962497556004|101.432583241582||||49520.3671875|330|35200||||780251|LKE9526|X|X|0|0|7||||132|147|132|147|[]|636148143203750000|13:45:20:375
21|2.1|636147900180325758|780251|49524.7734375|17.4057340466686|101.434793381808||||49524.765625|330|35200||||780251|LKE9526|X|X|0|0|7||||132|147|132|147|[]|636148143247730000|13:45:24:773
21|2.1|636147900223230048|780251|49529.0625|17.4143600308528|101.436874776002||||49529.0546875|330|35200||||780251|LKE9526|X|X|0|0|7||||132|147|132|147|[]|636148143290630000|13:45:29:063
21|2.1|636147900265654290|780251|49533.2109375|17.4233507954627|101.438977627868||||49533.203125|330|35200||||780251|LKE9526|X|X|0|0|7||||132|147|132|147|[]|636148143332110000|13:45:33:211
21|2.1|636147900309648689|780251|49537.7109375|17.4328350865309|101.441252141111||||49537.703125|330|35200||||780251|LKE9526|X|X|0|0|7||||132|147|132|147|[]|636148143377110000|13:45:37:711
21|2.1|636147900352863010|780251|49542.03125|17.4418902241571|101.443376450648||||49542.0234375|330|35200||||780251|LKE9526|X|X|0|0|7||||132|147|132|147|[]|636148143420310000|13:45:42:031
21|2.1|636147900395137237|780251|49546.25|17.4509453617833|101.445543675531||||49546.2421875|330|35200||||780251|LKE9526|X|X|0|0|7||||132|147|132|147|[]|636148143462500000|13:45:46:250
21|2.1|636147900436951418|780251|49550.4453125|17.4599361263932|101.447710900413||||49550.4375|330|35200||||780251|LKE9526|X|X|0|0|7||||132|147|132|147|[]|636148143504450000|13:45:50:445
21|2.1|636147900482655988|780251|49555|17.4693775021172|101.450006871327||||49554.9921875|329.75|35175||||780251|LKE9526|X|X|0|0|7||||132|147|132|147|[]|636148143550000000|13:45:55:000
21|2.1|636147900523850107|780251|49559.1328125|17.4780464016456|101.452066807849||||49559.125|329.75|35175||||780251|LKE9526|X|X|0|0|7||||132|147|132|147|[]|636148143591330000|13:45:59:133
21|2.1|636147900564714193|780251|49563.2265625|17.4869942509113|101.454255490403||||49563.21875|329.75|35175||||780251|LKE9526|X|X|0|0|7||||132|147|132|147|[]|636148143632270000|13:46:03:227
21|2.1|636147900607148436|780251|49567.4609375|17.4956416927676|101.456336884597||||49567.453125|329.75|35175||||780251|LKE9526|X|X|0|0|7||||132|147|132|147|[]|636148143674610000|13:46:07:461
21|2.1|636147900650672788|780251|49571.8125|17.5051259838358|101.458632855512||||49571.8046875|329.75|35175||||780251|LKE9526|X|X|0|0|7||||132|147|132|147|[]|636148143718130000|13:46:11:813
21|2.1|636147900690926813|780251|49575.8203125|17.5136875950037|101.460649876689||||49575.8203125|329.75|35175||||780251|LKE9526|X|X|0|0|7||||132|147|132|147|[]|636148143758200000|13:46:15:820
21|2.1|636147900733671087|780251|49580.1015625|17.5222706638437|101.462731270883||||49580.09375|329.75|35175||||780251|LKE9526|X|X|0|0|7||||132|147|132|147|[]|636148143801020000|13:46:20:102
21|2.1|636147900778755595|780251|49584.6171875|17.5322699390423|101.465113072486||||49584.609375|329.75|35175||||780251|LKE9526|X|X|0|0|7||||132|147|132|147|[]|636148143846170000|13:46:24:617
21|2.1|636147900820569776|780251|49588.796875|17.5412392459801|101.467258839696||||49588.7890625|329.75|35175||||780251|LKE9526|X|X|0|0|7||||132|147|132|147|[]|636148143887970000|13:46:28:797
21|2.1|636147900865184237|780251|49593.2578125|17.5503372989505|101.46944752225||||49593.25|329.75|35175||||780251|LKE9526|X|X|0|0|7||||132|147|132|147|[]|636148143932580000|13:46:33:258
21|2.1|636147900909958714|780251|49597.734375|17.5598215900187|101.47170057782||||49597.7265625|329.75|35175||||780251|LKE9526|X|X|0|0|7||||132|147|132|147|[]|636148143977340000|13:46:37:734
21|2.1|636147900954573175|780251|49602.1953125|17.569327338759|101.473996548735||||49602.1875|329.75|35175||||780251|LKE9526|X|X||0|7||||132|147|132|147|[]|636148144021950000|13:46:42:195
21|2.1|636147900996537371|780251|49606.40625|17.5784039340573|101.476142315945||||49606.3984375|329.75|35175||||780251|LKE9526|X|X|0|0|7||||132|147|132|147|[]|636148144064060000|13:46:46:406
21|2.1|636147901041621879|780251|49610.90625|17.5879311404697|101.478395371516||||49610.8984375|329.75|35175||||780251|LKE9526|X|X||0|7||||132|147|132|147|[]|636148144109060000|13:46:50:906
21|2.1|636147901086556372|780251|49615.40625|17.59743688921|101.480669884758||||49615.3984375|329.75|35175||||780251|LKE9526|X|X||0|7||||132|147|132|147|[]|636148144154060000|13:46:55:406
21|2.1|636147901126960412|780251|49619.4375|17.60601995805|101.482665448264||||49619.4296875|329.75|35175||||780251|LKE9526|X|X|0|0|7||||132|147|132|147|[]|636148144194380000|13:46:59:438
21|2.1|636147901170954811|780251|49623.84375|17.6155471644624|101.484939961506||||49623.8359375|329.75|35175||||780251|LKE9526|X|X||0|7||||132|147|132|147|[]|636148144238440000|13:47:03:844
21|2.1|636147901212758991|780251|49628.015625|17.6241302333024|101.486978440356||||49628.0078125|329.75|35175||||780251|LKE9526|X|X||0|7||||132|147|132|147|[]|636148144280160000|13:47:08:016
21|2.1|636147901253013016|780251|49632.046875|17.6327776751587|101.489038376877||||49632.0390625|329.75|35175||||780251|LKE9526|X|X||0|7||||132|147|132|147|[]|636148144320470000|13:47:12:047
21|2.1|636147901293737088|780251|49636.1171875|17.6413392863266|101.491119771071||||49636.109375|329.75|35175||||780251|LKE9526|X|X|0|0|7||||132|147|132|147|[]|636148144361170000|13:47:16:117
21|2.1|636147901338501564|780251|49640.5859375|17.6508879504111|101.493372826641||||49640.578125|329.75|35175||||780251|LKE9526|X|X||0|7||||132|147|132|147|[]|636148144405860000|13:47:20:586
21|2.1|636147901381875901|780251|49644.9375|17.6599645457094|101.495561509196||||49644.9296875|330|35200||||780251|LKE9526|X|X|0|0|7||||132|147|132|147|[]|636148144449380000|13:47:24:938
21|2.1|636147901426030316|780251|49649.3515625|17.6698779902196|101.497921853127||||49649.3515625|330|35200||||780251|LKE9526|X|X||0|7||||132|147|132|147|[]|636148144493520000|13:47:29:352
21|2.1|636147901466274340|780251|49653.375|17.6780319056176|101.49989595896||||49653.3671875|330|35200||||780251|LKE9526|X|X||0|7||||132|147|132|147|[]|636148144533750000|13:47:33:375
21|2.1|636147901508558568|780251|49657.59375|17.6871085009159|101.502063183842||||49657.59375|330|35200||||780251|LKE9526|X|X||0|7||||132|147|132|147|[]|636148144575940000|13:47:37:594
21|2.1|636147901549272639|780251|49661.6640625|17.6957344851001|101.504037289675||||49661.65625|330|35200||||780251|LKE9526|X|X|0|0|7||||132|147|132|147|[]|636148144616640000|13:47:41:664
21|2.1|636147901594677179|780251|49666.1953125|17.7053046068567|101.506075768525||||49666.1875|330|35200||||780251|LKE9526|X|X||0|7||||132|147|132|147|[]|636148144661950000|13:47:46:195
21|2.1|636147901636791390|780251|49670.4140625|17.7144884905155|101.507835297637||||49670.4140625|330|35200||||780251|LKE9526|X|X|0|0|7||||132|147|132|147|[]|636148144704140000|13:47:50:414
21|2.1|636147901680315742|780251|49674.765625|17.7241444429605|101.509573369077||||49674.7578125|330|35200||||780251|LKE9526|X|X||0|7||||132|147|132|147|[]|636148144747660000|13:47:54:766
21|2.1|636147901722739984|780251|49679.015625|17.7329206308494|101.510925202419||||49679.0078125|330|35200||||780251|LKE9526|X|X||0|7||||132|147|132|147|[]|636148144790160000|13:47:59:016
21|2.1|636147901763304040|780251|49683.078125|17.7416539033941|101.512191205073||||49683.0703125|330|35200||||780251|LKE9526|X|X|0|0|7||||132|147|132|147|[]|636148144830780000|13:48:03:078
21|2.1|636147901804338143|780251|49687.1875|17.7509236177413|101.513328461694||||49687.1796875|330|35200||||780251|LKE9526|X|X|0|0|7||||132|147|132|147|[]|636148144871880000|13:48:07:188
21|2.1|636147901845052214|780251|49691.2421875|17.7597212633023|101.514294056939||||49691.2421875|330|35200||||780251|LKE9526|X|X|0|0|7||||132|147|132|147|[]|636148144912420000|13:48:11:242
21|2.1|636147901888266535|780251|49695.578125|17.7690553506658|101.515109448479||||49695.5703125|330|35200||||780251|LKE9526|X|X|0|0|7||||132|147|132|147|[]|636148144955780000|13:48:15:578
21|2.1|636147901931950903|780251|49699.9453125|17.7784323533735|101.515774636314||||49699.9296875|330|35200||||780251|LKE9526|X|X|0|0|7||||132|147|132|147|[]|636148144999450000|13:48:19:945
21|2.1|636147901976565364|780251|49704.3984375|17.7882385095232|101.516332535788||||49704.390625|330|35200||||780251|LKE9526|X|X|0|0|7||||132|147|132|147|[]|636148145043980000|13:48:24:398
21|2.1|636147902019939701|780251|49708.734375|17.7975296815425|101.51665440087||||49708.734375|330|35200||||780251|LKE9526|X|X|0|0|7||||132|147|132|147|[]|636148145087340000|13:48:28:734
21|2.1|636147902062683975|780251|49713.0078125|17.8052115281543|101.516911892935||||49713|330|35200||||780251|LKE9526|X|X|0|0|7||||132|147|132|147|[]|636148145130080000|13:48:33:008
21|2.1|636147902107448451|780251|49717.484375|17.8167557557441|101.517212300345||||49717.4765625|330|35200||||780251|LKE9526|X|X|0|0|7||||132|147|132|147|[]|636148145174840000|13:48:37:484
21|2.1|636147902148332539|780251|49721.578125|17.8261971314681|101.51746979241||||49721.5703125|330|35200||||780251|LKE9526|X|X|0|0|7||||132|147|132|147|[]|636148145215780000|13:48:41:578
21|2.1|636147902193567062|780251|49726.09375|17.8359818299457|101.517727284475||||49726.09375|330|35200||||780251|LKE9526|X|X|0|0|7||||132|147|132|147|[]|636148145260940000|13:48:46:094
21|2.1|636147902236161321|780251|49730.3671875|17.845273001965|101.518006234212||||49730.3671875|330|35200||||780251|LKE9526|X|X|0|0|7||||132|147|132|147|[]|636148145303670000|13:48:50:367
21|2.1|636147902278745579|780251|49734.6171875|17.8546929200169|101.51828518395||||49734.6015625|330|35200||||780251|LKE9526|X|X|0|0|7||||132|147|132|147|[]|636148145346170000|13:48:54:617
21|2.1|636147902323830087|780251|49739.125|17.8645205338387|101.518628506703||||49739.1171875|330|35200||||780251|LKE9526|X|X||0|7||||132|147|132|147|[]|636148145391250000|13:48:59:125
21|2.1|636147902369084612|780251|49743.6484375|17.8743481476605|101.518971829457||||49743.6328125|330|35200||||780251|LKE9526|X|X||0|7||||132|147|132|147|[]|636148145436480000|13:49:03:648
21|2.1|636147902414169120|780251|49748.15625|17.8841328461381|101.51931515221||||49748.140625|330|35200||||780251|LKE9526|X|X|0|0|7||||132|147|132|147|[]|636148145481560000|13:49:08:156
21|2.1|636147902456753378|780251|49752.4140625|17.8935742218621|101.519594101948||||49752.40625|330|35200||||780251|LKE9526|X|X|0|0|7||||132|147|132|147|[]|636148145524140000|13:49:12:414
21|2.1|636147902499187621|780251|49756.65625|17.9028224785372|101.519894509357||||49756.640625|330|35200||||780251|LKE9526|X|X|0|0|7||||132|147|132|147|[]|636148145566560000|13:49:16:656
21|2.1|636147902544432145|780251|49761.1875|17.9132079918336|101.520216374439||||49761.171875|330|35200||||780251|LKE9526|X|X|0|0|7||||132|147|132|147|[]|636148145611880000|13:49:21:188
21|2.1|636147902587796481|780251|49765.5234375|17.922520621525|101.520495324176||||49765.515625|330|35200||||780251|LKE9526|X|X|0|0|7||||132|147|132|147|[]|636148145655230000|13:49:25:523
21|2.1|636147902629600661|780251|49769.6953125|17.9314255554465|101.520752816241||||49769.6875|330|35200||||780251|LKE9526|X|X|0|0|7||||132|147|132|147|[]|636148145696950000|13:49:29:695
21|2.1|636147902672974998|780251|49774.03125|17.9412746269404|101.521096138995||||49774.0234375|330|35200||||780251|LKE9526|X|X|0|0|7||||132|147|132|147|[]|636148145740310000|13:49:34:031
21|2.1|636147902714469147|780251|49778.1875|17.9501151878456|101.521375088732||||49778.1796875|330|35200||||780251|LKE9526|X|X|0|0|7||||132|147|132|147|[]|636148145781880000|13:49:38:188
21|2.1|636147902758313531|780251|49782.578125|17.9599428016674|101.521675496141||||49782.5625|330|35200||||780251|LKE9526|X|X|0|0|7||||132|147|132|147|[]|636148145825780000|13:49:42:578
21|2.1|636147902800117711|780251|49786.7578125|17.9693198043751|101.521954445879||||49786.7421875|330|35200||||780251|LKE9526|X|X|0|0|7||||132|147|132|147|[]|636148145867580000|13:49:46:758
21|2.1|636147902841621861|780251|49790.90625|17.9777526695104|101.522254853288||||49790.8984375|330|35200||||780251|LKE9526|X|X|0|0|7||||132|147|132|147|[]|636148145909060000|13:49:50:906
21|2.1|636147902883426041|780251|49795.0859375|17.9870438415297|101.522490887681||||49795.078125|330|35200||||780251|LKE9526|X|X|0|0|7||||132|147|132|147|[]|636148145950860000|13:49:55:086
21|2.1|636147902926790377|780251|49799.421875|17.9968714553515|101.522791295091||||49799.4140625|330|35200||||780251|LKE9526|X|X|0|0|7||||132|147|132|147|[]|636148145994220000|13:49:59:422
21|2.1|636147902967984496|780251|49803.546875|18.0057120162567|101.5230917025||||49803.5390625|330|35200||||780251|LKE9526|X|X|0|0|7||||132|147|132|147|[]|636148146035470000|13:50:03:547
21|2.1|636147903011198817|780251|49807.8515625|18.0151104766365|101.523392109909||||49807.84375|330|35200||||780251|LKE9526|X|X|0|0|7||||132|147|132|147|[]|636148146078520000|13:50:07:852
21|2.1|636147903053163013|780251|49812.046875|18.0244874793442|101.523692517319||||49812.0390625|330|35200||||780251|LKE9526|X|X|0|0|7||||132|147|132|147|[]|636148146120470000|13:50:12:047
21|2.1|636147903094037100|780251|49816.1484375|18.0333280402494|101.523992924728||||49816.140625|330|35200||||780251|LKE9526|X|X|0|0|7||||132|147|132|147|[]|636148146161480000|13:50:16:148
21|2.1|636147903137871483|780251|49820.5234375|18.0427050429571|101.524271874465||||49820.515625|330.25|35225||||780251|LKE9526|X|X|0|0|7||||132|147|132|147|[]|636148146205230000|13:50:20:523
21|2.1|636147903181235819|780251|49824.8671875|18.0525111991068|101.524572281875||||49824.859375|330.25|35225||||780251|LKE9526|X|X|0|0|7||||132|147|132|147|[]|636148146248670000|13:50:24:867
21|2.1|636147903226950390|780251|49829.421875|18.0627250510264|101.524851231612||||49829.421875|330.25|35225||||780251|LKE9526|X|X|0|0|7||||132|147|132|147|[]|636148146294220000|13:50:29:422
21|2.1|636147903268134508|780251|49833.546875|18.0711579161617|101.525108723677||||49833.5390625|330.25|35225||||780251|LKE9526|X|X|0|0|7||||132|147|132|147|[]|636148146335470000|13:50:33:547
21|2.1|636147903311038798|780251|49837.84375|18.0809855299835|101.525387673415||||49837.8359375|330.25|35225||||780251|LKE9526|X|X|0|0|7||||132|147|132|147|[]|636148146378440000|13:50:37:844
21|2.1|636147903355503244|780251|49842.296875|18.0903410750191|101.525688080824||||49842.2890625|330.25|35225||||780251|LKE9526|X|X|0|0|7||||132|147|132|147|[]|636148146422970000|13:50:42:297
21|2.1|636147903400897783|780251|49846.8125|18.100619299955|101.525967030561||||49846.8046875|330.25|35225||||780251|LKE9526|X|X|0|0|7||||132|147|132|147|[]|636148146468130000|13:50:46:813
21|2.1|636147903442081901|780251|49850.9453125|18.1095456915486|101.526245980299||||49850.9375|330|35200||||780251|LKE9526|X|X|0|0|7||||132|147|132|147|[]|636148146509450000|13:50:50:945
21|2.1|636147903482335926|780251|49854.9765625|18.1184077101259|101.526524930036||||49854.96875|330|35200||||780251|LKE9526|X|X|0|0|7||||132|147|132|147|[]|636148146549770000|13:50:54:977
21|2.1|636147903523360028|780251|49859.0625|18.1272482710311|101.526760964429||||49859.0625|330|35200||||780251|LKE9526|X|X|0|0|7||||132|147|132|147|[]|636148146590630000|13:50:59:063
21|2.1|636147903567354427|780251|49863.4765625|18.1370329695087|101.527104287183||||49863.46875|330|35200||||780251|LKE9526|X|X|0|0|7||||132|147|132|147|[]|636148146634770000|13:51:03:477
21|2.1|636147903607448436|780251|49867.484375|18.1458735304139|101.527361779248||||49867.4765625|330|35200||||780251|LKE9526|X|X|0|0|7||||132|147|132|147|[]|636148146674840000|13:51:07:484
21|2.1|636147903647542445|780251|49871.4921875|18.1543922262376|101.527640728985||||49871.4921875|330|35200||||780251|LKE9526|X|X|0|0|7||||132|147|132|147|[]|636148146714920000|13:51:11:492
21|2.1|636147903692776968|780251|49876.015625|18.1646060781572|101.527941136395||||49876.0078125|330|35200||||780251|LKE9526|X|X|0|0|7||||132|147|132|147|[]|636148146760160000|13:51:16:016
21|2.1|636147903733361026|780251|49880.0625|18.1734466390624|101.528220086132||||49880.0625|330|35200||||780251|LKE9526|X|X|0|0|7||||132|147|132|147|[]|636148146800630000|13:51:20:063
21|2.1|636147903773435033|780251|49884.078125|18.1818795041977|101.528520493541||||49884.0703125|330|35200||||780251|LKE9526|X|X||0|7||||132|147|132|147|[]|636148146840780000|13:51:24:078
21|2.1|636147903815249214|780251|49888.2421875|18.1912135915612|101.528756527934||||49888.2421875|330|35200||||780251|LKE9526|X|X||0|7||||132|147|132|147|[]|636148146882420000|13:51:28:242
21|2.1|636147903856273316|780251|49892.3671875|18.2005905942689|101.529078393016||||49892.359375|330|35200||||780251|LKE9526|X|X||0|7||||132|147|132|147|[]|636148146923670000|13:51:32:367
21|2.1|636147903900117700|780251|49896.7421875|18.2098817662882|101.529357342753||||49896.7421875|330|35200||||780251|LKE9526|X|X|0|0|7||||132|147|132|147|[]|636148146967420000|13:51:36:742
21|2.1|636147903941931881|780251|49900.921875|18.2188081578818|101.529614834818||||49900.921875|330|35200||||780251|LKE9526|X|X|0|0|7||||132|147|132|147|[]|636148147009220000|13:51:40:922
21|2.1|636147903984976185|780251|49905.2265625|18.2286143140315|101.529915242228||||49905.21875|330|35200||||780251|LKE9526|X|X|0|0|7||||132|147|132|147|[]|636148147052270000|13:51:45:227
21|2.1|636147904025230210|780251|49909.265625|18.2374334172646|101.530194191965||||49909.2578125|330|35200||||780251|LKE9526|X|X|0|0|7||||132|147|132|147|[]|636148147092660000|13:51:49:266
21|2.1|636147904068284515|780251|49913.5625|18.2467889623002|101.530494599374||||49913.5625|330|35200||||780251|LKE9526|X|X|0|0|7||||132|147|132|147|[]|636148147135630000|13:51:53:563
21|2.1|636147904111808867|780251|49917.90625|18.2560586766474|101.530795006784||||49917.8984375|330|35200||||780251|LKE9526|X|X|0|0|7||||132|147|132|147|[]|636148147179060000|13:51:57:906
21|2.1|636147904154093095|780251|49922.1484375|18.265414221683|101.531138329537||||49922.140625|330|35200||||780251|LKE9526|X|X|0|0|7||||132|147|132|147|[]|636148147221480000|13:52:02:148
21|2.1|636147904197147400|780251|49926.453125|18.2747483090465|101.531417279275||||49926.453125|330|35200||||780251|LKE9526|X|X|0|0|7||||132|147|132|147|[]|636148147264530000|13:52:06:453
21|2.1|636147904242231908|780251|49930.953125|18.2845544651962|101.531717686684||||49930.953125|330|35200||||780251|LKE9526|X|X|0|0|7||||132|147|132|147|[]|636148147309530000|13:52:10:953
21|2.1|636147904285606245|780251|49935.296875|18.2942533329854|101.532018094094||||49935.2890625|330|35200||||780251|LKE9526|X|X|0|0|7||||132|147|132|147|[]|636148147352970000|13:52:15:297
21|2.1|636147904329600644|780251|49939.6953125|18.3035874203489|101.532318501503||||49939.6953125|330|35200||||780251|LKE9526|X|X|0|0|7||||132|147|132|147|[]|636148147396950000|13:52:19:695
21|2.1|636147904373114995|780251|49944.0546875|18.3133935764986|101.532661824257||||49944.046875|330|35200||||780251|LKE9526|X|X|0|0|7||||132|147|132|147|[]|636148147440550000|13:52:24:055
21|2.1|636147904413209004|780251|49948.0625|18.3222126797317|101.532940773994||||49948.0625|330|35200||||780251|LKE9526|X|X|0|0|7||||132|147|132|147|[]|636148147480630000|13:52:28:063
21|2.1|636147904457053388|780251|49952.4453125|18.3315682247673|101.533198266059||||49952.4375|330|35225||||780251|LKE9526|X|X|0|0|7||||132|147|132|147|[]|636148147524450000|13:52:32:445
21|2.1|636147904497627445|780251|49956.484375|18.3404946163609|101.533477215796||||49956.484375|330|35200||||780251|LKE9526|X|X|0|0|7||||132|147|132|147|[]|636148147564840000|13:52:36:484
21|2.1|636147904539111593|780251|49960.6484375|18.3497214153639|101.533756165534||||49960.6328125|330.25|35250||||780251|LKE9526|X|X|0|0|7||||132|147|132|147|[]|636148147606480000|13:52:40:648
21|2.1|636147904579675649|780251|49964.6953125|18.358111365155|101.533992199927||||49964.6875|330.25|35225||||780251|LKE9526|X|X|0|0|7||||132|147|132|147|[]|636148147646950000|13:52:44:695
21|2.1|636147904622569938|780251|49968.984375|18.3678746059605|101.53433552268||||49968.9765625|330.25|35250||||780251|LKE9526|X|X|0|0|7||||132|147|132|147|[]|636148147689840000|13:52:48:984
21|2.1|636147904663294010|780251|49973.0546875|18.3768224552262|101.534593014746||||49973.0546875|330.25|35225||||780251|LKE9526|X|X|0|0|7||||132|147|132|147|[]|636148147730550000|13:52:53:055
21|2.1|636147904707278408|780251|49977.46875|18.3860492542292|101.534893422155||||49977.453125|330.25|35225||||780251|LKE9526|X|X|0|0|7||||132|147|132|147|[]|636148147774690000|13:52:57:469
21|2.1|636147904751122792|780251|49981.84375|18.3958124950347|101.535236744909||||49981.8359375|330.25|35250||||780251|LKE9526|X|X|0|0|7||||132|147|132|147|[]|636148147818440000|13:53:01:844
21|2.1|636147904793247004|780251|49986.0625|18.4051680400703|101.535537152318||||49986.0625|330.25|35250||||780251|LKE9526|X|X|0|0|7||||132|147|132|147|[]|636148147860630000|13:53:06:063
21|2.1|636147904837701449|780251|49990.5078125|18.4145021274338|101.535837559727||||49990.4921875|330.25|35250||||780251|LKE9526|X|X|0|0|7||||132|147|132|147|[]|636148147905080000|13:53:10:508
21|2.1|636147904878895568|780251|49994.6328125|18.4237503841089|101.536095051793||||49994.625|330.25|35250||||780251|LKE9526|X|X|0|0|7||||132|147|132|147|[]|636148147946330000|13:53:14:633
21|2.1|636147904921789857|780251|49998.9296875|18.4330844714724|101.53637400153||||49998.9140625|330.25|35250||||780251|LKE9526|X|X|0|0|7||||132|147|132|147|[]|636148147989300000|13:53:18:930
21|2.1|636147904962983976|780251|50003.0234375|18.4418606593613|101.536652951267||||50003.015625|330|35225||||780251|LKE9526|X|X|0|0|7||||132|147|132|147|[]|636148148030230000|13:53:23:023
21|2.1|636147905003688046|780251|50007.109375|18.4507870509549|101.53688898566||||50007.09375|330|35225||||780251|LKE9526|X|X|0|0|7||||132|147|132|147|[]|636148148071090000|13:53:27:109
21|2.1|636147905045502227|780251|50011.296875|18.4600138499579|101.537125020053||||50011.2890625|330|35225||||780251|LKE9526|X|X|0|0|7||||132|147|132|147|[]|636148148112970000|13:53:31:297
21|2.1|636147905088876564|780251|50015.625|18.4693479373214|101.537403969791||||50015.6171875|330|35225||||780251|LKE9526|X|X|0|0|7||||132|147|132|147|[]|636148148156250000|13:53:35:625
21|2.1|636147905130520728|780251|50019.796875|18.4786391093407|101.537640004184||||50019.7890625|330|35225||||780251|LKE9526|X|X|0|0|7||||132|147|132|147|[]|636148148197970000|13:53:39:797
21|2.1|636147905171554831|780251|50023.8828125|18.4874367549017|101.537897496249||||50023.875|330|35225||||780251|LKE9526|X|X|0|0|7||||132|147|132|147|[]|636148148238830000|13:53:43:883
21|2.1|636147905214149090|780251|50028.1484375|18.4966635539047|101.538197903658||||50028.140625|330|35225||||780251|LKE9526|X|X|0|0|7||||132|147|132|147|[]|636148148281480000|13:53:48:148
21|2.1|636147905257203395|780251|50032.453125|18.5059761835961|101.538498311068||||50032.4453125|330|35225||||780251|LKE9526|X|X|0|0|7||||132|147|132|147|[]|636148148324530000|13:53:52:453
21|2.1|636147905297607435|780251|50036.5|18.5148382021734|101.538734345461||||50036.484375|330|35225||||780251|LKE9526|X|X|0|0|7||||132|147|132|147|[]|636148148365000000|13:53:56:500
21|2.1|636147905345812255|780251|50041.3203125|18.5250091387488|101.539077668214||||50041.3046875|330|35225||||780251|LKE9526|X|X|0|0|7||||132|147|132|147|[]|636148148413200000|13:54:01:320
21|2.1|636147905392776951|780251|50046.015625|18.5356736017825|101.539420990968||||50046.0078125|330|35225||||780251|LKE9526|X|X|0|0|7||||132|147|132|147|[]|636148148460160000|13:54:06:016
21|2.1|636147905439731646|780251|50050.71875|18.545436842588|101.53974285605||||50050.7109375|330|35200||||780251|LKE9526|X|X|0|0|7||||132|147|132|147|[]|636148148507190000|13:54:10:719
21|2.1|636147905483886061|780251|50055.1171875|18.5551571680493|101.540043263459||||50055.109375|330|35200||||780251|LKE9526|X|X|0|0|7||||132|147|132|147|[]|636148148551170000|13:54:15:117
21|2.1|636147905527410413|780251|50059.4765625|18.5648989511827|101.540386586213||||50059.46875|329.75|35200||||780251|LKE9526|X|X|0|0|7||||132|147|132|147|[]|636148148594770000|13:54:19:477
21|2.1|636147905569834655|780251|50063.7265625|18.5736751390716|101.540644078278||||50063.71875|329.75|35175||||780251|LKE9526|X|X|0|0|7||||132|147|132|147|[]|636148148637270000|13:54:23:727
21|2.1|636147905611328804|780251|50067.8671875|18.5829448534188|101.540944485687||||50067.859375|329.75|35200||||780251|LKE9526|X|X|0|0|7||||132|147|132|147|[]|636148148678670000|13:54:27:867
21|2.1|636147905651432814|780251|50071.875|18.5917639566519|101.54118052008||||50071.8671875|329.75|35200||||780251|LKE9526|X|X|0|0|7||||132|147|132|147|[]|636148148718750000|13:54:31:875
21|2.1|636147905696217292|780251|50076.359375|18.6010551286712|101.54148092749||||50076.3515625|329.75|35200||||780251|LKE9526|X|X|0|0|7||||132|147|132|147|[]|636148148763590000|13:54:36:359
21|2.1|636147905737541424|780251|50080.484375|18.61023901233|101.541781334899||||50080.4765625|329.75|35200||||780251|LKE9526|X|X|0|0|7||||132|147|132|147|[]|636148148804840000|13:54:40:484
21|2.1|636147905779045574|780251|50084.6484375|18.6195516420214|101.542038826964||||50084.640625|329.75|35200||||780251|LKE9526|X|X|0|0|7||||132|147|132|147|[]|636148148846480000|13:54:44:648
21|2.1|636147905828030472|780251|50089.5390625|18.6297440362689|101.542339234374||||50089.53125|329.75|35200||||780251|LKE9526|X|X|0|0|7||||132|147|132|147|[]|636148148895390000|13:54:49:539
21|2.1|636147905877785447|780251|50094.5078125|18.6408591104167|101.542704014799||||50094.5|329.75|35200||||780251|LKE9526|X|X|0|0|7||||132|147|132|147|[]|636148148945080000|13:54:54:508
21|2.1|636147905924750143|780251|50099.203125|18.6511158776805|101.543047337553||||50099.203125|329.75|35200||||780251|LKE9526|X|X|0|0|7||||132|147|132|147|[]|636148148992030000|13:54:59:203
21|2.1|636147905967494417|780251|50103.484375|18.6603212190114|101.54332628729||||50103.4765625|329.75|35200||||780251|LKE9526|X|X|0|0|7||||132|147|132|147|[]|636148149034840000|13:55:03:484
21|2.1|636147906007748442|780251|50107.515625|18.6691617799166|101.543583779355||||50107.5078125|329.75|35200||||780251|LKE9526|X|X|0|0|7||||132|147|132|147|[]|636148149075160000|13:55:07:516
21|2.1|636147906049872654|780251|50111.71875|18.6779379678055|101.543884186765||||50111.7109375|329.75|35200||||780251|LKE9526|X|X|0|0|7||||132|147|132|147|[]|636148149117190000|13:55:11:719
21|2.1|636147906092776944|780251|50116.015625|18.687701208611|101.544120221158||||50116.0078125|329.75|35200||||780251|LKE9526|X|X|0|0|7||||132|147|132|147|[]|636148149160160000|13:55:16:016
21|2.1|636147906134441110|780251|50120.1875|18.6970138383024|101.544442086239||||50120.1796875|329.75|35200||||780251|LKE9526|X|X|0|0|7||||132|147|132|147|[]|636148149201880000|13:55:20:188
21|2.1|636147906178255491|780251|50124.5546875|18.7057900261913|101.544678120633||||50124.5546875|329.75|35200||||780251|LKE9526|X|X|0|0|7||||132|147|132|147|[]|636148149245550000|13:55:24:555
21|2.1|636147906218669532|780251|50128.59375|18.7150597405385|101.544935612698||||50128.59375|330|35225||||780251|LKE9526|X|X|0|0|7||||132|147|132|147|[]|636148149285940000|13:55:28:594
21|2.1|636147906263283993|780251|50133.0546875|18.7248015236719|101.545193104763||||50133.0546875|330|35225||||780251|LKE9526|X|X|0|0|7||||132|147|132|147|[]|636148149330550000|13:55:33:055
21|2.1|636147906303368001|780251|50137.0703125|18.7331271004467|101.545429139156||||50137.0625|330|35225||||780251|LKE9526|X|X|0|0|7||||132|147|132|147|[]|636148149370700000|13:55:37:070
21|2.1|636147906347682432|780251|50141.5|18.7428688835801|101.545729546565||||50141.4921875|330|35225||||780251|LKE9526|X|X|0|0|7||||132|147|132|147|[]|636148149415000000|13:55:41:500
21|2.1|636147906391676831|780251|50145.90625|18.7526321243856|101.546029953975||||50145.8984375|329.75|35200||||780251|LKE9526|X|X|0|0|7||||132|147|132|147|[]|636148149459060000|13:55:45:906
21|2.1|636147906432390902|780251|50149.9765625|18.7609791588325|101.54628744604||||50149.96875|329.75|35200||||780251|LKE9526|X|X|0|0|7||||132|147|132|147|[]|636148149499770000|13:55:49:977
21|2.1|636147906473425005|780251|50154.078125|18.7701845001634|101.546587853449||||50154.0703125|329.75|35200||||780251|LKE9526|X|X|0|0|7||||132|147|132|147|[]|636148149540780000|13:55:54:078
21|2.1|636147906522249887|780251|50158.9609375|18.7808489631971|101.546931176203||||50158.953125|330|35225||||780251|LKE9526|X|X|0|0|7||||132|147|132|147|[]|636148149589610000|13:55:58:961
21|2.1|636147906565464208|780251|50163.2734375|18.7901830505606|101.54721012594||||50163.2734375|329.75|35200||||780251|LKE9526|X|X|0|0|7||||132|147|132|147|[]|636148149632730000|13:56:03:273
21|2.1|636147906608368498|780251|50167.5703125|18.7999462913661|101.54751053335||||50167.5625|330|35225||||780251|LKE9526|X|X|0|0|7||||132|147|132|147|[]|636148149675700000|13:56:07:570
21|2.1|636147906652982959|780251|50172.0390625|18.8096022438111|101.547810940759||||50172.03125|330|35225||||780251|LKE9526|X|X|0|0|7||||132|147|132|147|[]|636148149720390000|13:56:12:039
21|2.1|636147906694327093|780251|50176.1796875|18.8180136512743|101.548111348169||||50176.171875|330|35225||||780251|LKE9526|X|X|0|0|7||||132|147|132|147|[]|636148149761800000|13:56:16:180
21|2.1|636147906734881148|780251|50180.21875|18.8272619079494|101.548368840234||||50180.2109375|329.75|35200||||780251|LKE9526|X|X|0|0|7||||132|147|132|147|[]|636148149802190000|13:56:20:219
21|2.1|636147906778095469|780251|50184.546875|18.836617452985|101.548690705315||||50184.546875|329.75|35200||||780251|LKE9526|X|X|0|0|7||||132|147|132|147|[]|636148149845470000|13:56:24:547
21|2.1|636147906820849744|780251|50188.8203125|18.8459515403485|101.548991112725||||50188.8125|329.75|35200||||780251|LKE9526|X|X|0|0|7||||132|147|132|147|[]|636148149888200000|13:56:28:820
21|2.1|636147906864374096|780251|50193.1640625|18.8530111144694|101.549184231774||||50193.15625|329.75|35200||||780251|LKE9526|X|X|0|0|7||||132|147|132|147|[]|636148149931640000|13:56:33:164
21|2.1|636147906906798338|780251|50197.4140625|18.8649630378291|101.549570469871||||50197.4140625|329.75|35200||||780251|LKE9526|X|X|0|0|7||||132|147|132|147|[]|636148149974140000|13:56:37:414
21|2.1|636147906947362394|780251|50201.46875|18.8733529876202|101.549827961937||||50201.4609375|329.75|35200||||780251|LKE9526|X|X|0|0|7||||132|147|132|147|[]|636148150014690000|13:56:41:469
21|2.1|636147906991666824|780251|50205.90625|18.883180601442|101.550128369346||||50205.90625|329.75|35200||||780251|LKE9526|X|X|0|0|7||||132|147|132|147|[]|636148150059060000|13:56:45:906
21|2.1|636147907034571114|780251|50210.1953125|18.8929438422475|101.550428776755||||50210.1953125|329.75|35200||||780251|LKE9526|X|X|0|0|7||||132|147|132|147|[]|636148150101950000|13:56:50:195
21|2.1|636147907084176074|780251|50215.1484375|18.9032864401997|101.550772099509||||50215.1484375|329.75|35200||||780251|LKE9526|X|X|0|0|7||||132|147|132|147|[]|636148150151480000|13:56:55:148
21|2.1|636147907125210177|780251|50219.2578125|18.9125561545469|101.551051049246||||50219.2421875|329.75|35200||||780251|LKE9526|X|X|0|0|7||||132|147|132|147|[]|636148150192580000|13:56:59:258
21|2.1|636147907167334389|780251|50223.46875|18.9215254614847|101.551329998984||||50223.453125|330|35225||||780251|LKE9526|X|X|0|0|7||||132|147|132|147|[]|636148150234690000|13:57:03:469
21|2.1|636147907208988554|780251|50227.640625|18.930816633504|101.551630406393||||50227.625|330|35225||||780251|LKE9526|X|X|0|0|7||||132|147|132|147|[]|636148150276410000|13:57:07:641
21|2.1|636147907249702625|780251|50231.7109375|18.9397859404418|101.551887898458||||50231.6953125|330|35225||||780251|LKE9526|X|X||0|7||||132|147|132|147|[]|636148150317110000|13:57:11:711
21|2.1|636147907293697024|780251|50236.09375|18.949484808231|101.552166848195||||50236.0859375|330|35225||||780251|LKE9526|X|X||0|7||||132|147|132|147|[]|636148150360940000|13:57:16:094
21|2.1|636147907335971251|780251|50240.328125|18.958497030513|101.552467255605||||50240.3203125|330|35225||||780251|LKE9526|X|X||0|7||||132|147|132|147|[]|636148150403280000|13:57:20:328
21|2.1|636147907379345588|780251|50244.6640625|18.9683246443348|101.552767663014||||50244.65625|330|35225||||780251|LKE9526|X|X||0|7||||132|147|132|147|[]|636148150446640000|13:57:24:664
21|2.1|636147907424270080|780251|50249.15625|18.9777231047146|101.553025155079||||50249.1484375|330|35225||||780251|LKE9526|X|X|0|0|7||||132|147|132|147|[]|636148150491560000|13:57:29:156
21|2.1|636147907467954448|780251|50253.53125|18.9875936338806|101.553368477833||||50253.515625|330|35225||||780251|LKE9526|X|X|0|0|7||||132|147|132|147|[]|636148150535310000|13:57:33:531
21|2.1|636147907511788831|780251|50257.90625|18.9973997900303|101.553668885242||||50257.8984375|330|35225||||780251|LKE9526|X|X|0|0|7||||132|147|132|147|[]|636148150579060000|13:57:37:906
21|2.1|636147907554853137|780251|50262.2265625|19.006776792738|101.554012207996||||50262.21875|330|35225||||780251|LKE9526|X|X|0|0|7||||132|147|132|147|[]|636148150622270000|13:57:42:227
21|2.1|636147907594937145|780251|50266.234375|19.0157460996758|101.554312615405||||50266.2265625|330|35225||||780251|LKE9526|X|X|0|0|7||||132|147|132|147|[]|636148150662340000|13:57:46:234
21|2.1|636147907639251576|780251|50270.6640625|19.0256166288418|101.554613022815||||50270.65625|330.25|35250||||780251|LKE9526|X|X|0|0|7||||132|147|132|147|[]|636148150706640000|13:57:50:664
21|2.1|636147907682305881|780251|50274.96875|19.0345001050912|101.554913430224||||50274.9609375|330.25|35250||||780251|LKE9526|X|X|0|0|7||||132|147|132|147|[]|636148150749690000|13:57:54:969
21|2.1|636147907725830233|780251|50279.3046875|19.0443491765851|101.555213837634||||50279.296875|330.25|35250||||780251|LKE9526|X|X|0|0|7||||132|147|132|147|[]|636148150793050000|13:57:59:305
21|2.1|636147907775905240|780251|50284.328125|19.0551853009956|101.555514245043||||50284.3203125|330.25|35250||||780251|LKE9526|X|X|0|0|7||||132|147|132|147|[]|636148150843280000|13:58:04:328
21|2.1|636147907824430092|780251|50289.1796875|19.0659355947177|101.555879025469||||50289.171875|330.25|35250||||780251|LKE9526|X|X|0|0|7||||132|147|132|147|[]|636148150891800000|13:58:09:180
21|2.1|636147907866854334|780251|50293.4140625|19.0758061238837|101.556179432878||||50293.40625|330.25|35250||||780251|LKE9526|X|X|0|0|7||||132|147|132|147|[]|636148150934140000|13:58:13:414
21|2.1|636147907909288577|780251|50297.6640625|19.0848183461657|101.556436924943||||50297.65625|330.25|35250||||780251|LKE9526|X|X|0|0|7||||132|147|132|147|[]|636148150976640000|13:58:17:664
21|2.1|636147907951102758|780251|50301.8515625|19.0941524335292|101.556758790025||||50301.8359375|330.25|35250||||780251|LKE9526|X|X|0|0|7||||132|147|132|147|[]|636148151018520000|13:58:21:852
21|2.1|636147907992446892|780251|50305.984375|19.103121740467|101.55701628209||||50305.9765625|330.25|35250||||780251|LKE9526|X|X|0|0|7||||132|147|132|147|[]|636148151059840000|13:58:25:984
21|2.1|636147908036121259|780251|50310.3515625|19.1124772855026|101.557316689499||||50310.3359375|330.25|35250||||780251|LKE9526|X|X|0|0|7||||132|147|132|147|[]|636148151103520000|13:58:30:352
21|2.1|636147908080895736|780251|50314.828125|19.1228842564711|101.557660012253||||50314.8203125|330.25|35250||||780251|LKE9526|X|X|0|0|7||||132|147|132|147|[]|636148151148280000|13:58:34:828
21|2.1|636147908121299776|780251|50318.8671875|19.1317677327205|101.557960419662||||50318.859375|330.25|35250||||780251|LKE9526|X|X|0|0|7||||132|147|132|147|[]|636148151188670000|13:58:38:867
21|2.1|636147908166384284|780251|50323.3671875|19.1412091084445|101.558196454056||||50323.359375|330.25|35250||||780251|LKE9526|X|X|0|0|7||||132|147|132|147|[]|636148151233670000|13:58:43:367
21|2.1|636147908210228668|780251|50327.75|19.1511010952826|101.558496861465||||50327.7421875|330.5|35275||||780251|LKE9526|X|X|0|0|7||||132|147|132|147|[]|636148151277500000|13:58:47:750
21|2.1|636147908252032848|780251|50331.9296875|19.1603922673019|101.558818726546||||50331.921875|330.25|35250||||780251|LKE9526|X|X|0|0|7||||132|147|132|147|[]|636148151319300000|13:58:51:930
21|2.1|636147908294467091|780251|50336.1875|19.1698336430259|101.559119133956||||50336.1796875|330.25|35250||||780251|LKE9526|X|X|0|0|7||||132|147|132|147|[]|636148151361880000|13:58:56:188
21|2.1|636147908338001444|780251|50340.515625|19.179296476422|101.559376626021||||50340.5078125|330.25|35250||||780251|LKE9526|X|X|0|0|7||||132|147|132|147|[]|636148151405160000|13:59:00:516
21|2.1|636147908382295873|780251|50344.9609375|19.1890382595554|101.559719948775||||50344.953125|330.25|35250||||780251|LKE9526|X|X|0|0|7||||132|147|132|147|[]|636148151449610000|13:59:04:961
21|2.1|636147908425210164|780251|50349.25|19.1984796352794|101.560020356184||||50349.2421875|330.25|35250||||780251|LKE9526|X|X|0|0|7||||132|147|132|147|[]|636148151492500000|13:59:09:250
21|2.1|636147908468254468|780251|50353.5546875|19.2079210110034|101.560320763593||||50353.5546875|330|35225||||780251|LKE9526|X|X|0|0|7||||132|147|132|147|[]|636148151535550000|13:59:13:555
21|2.1|636147908512878930|780251|50358.03125|19.2177915401694|101.560599713331||||50358.0234375|330|35225||||780251|LKE9526|X|X|0|0|7||||132|147|132|147|[]|636148151580310000|13:59:18:031
21|2.1|636147908553903032|780251|50362.1171875|19.2266750164188|101.560857205396||||50362.109375|330|35225||||780251|LKE9526|X|X|0|0|7||||132|147|132|147|[]|636148151621170000|13:59:22:117
21|2.1|636147908597117353|780251|50366.4453125|19.2365670032569|101.561157612805||||50366.4453125|330.25|35250||||780251|LKE9526|X|X|0|0|7||||132|147|132|147|[]|636148151664450000|13:59:26:445
21|2.1|636147908641121753|780251|50370.8515625|19.2459869213088|101.561436562543||||50370.84375|330|35225||||780251|LKE9526|X|X|0|0|7||||132|147|132|147|[]|636148151708520000|13:59:30:852
21|2.1|636147908684486089|780251|50375.1796875|19.2554068393607|101.56171551228||||50375.171875|330|35225||||780251|LKE9526|X|X|0|0|7||||132|147|132|147|[]|636148151751800000|13:59:35:180
21|2.1|636147908727380378|780251|50379.46875|19.2652773685267|101.562015919689||||50379.4609375|330|35225||||780251|LKE9526|X|X|0|0|7||||132|147|132|147|[]|636148151794690000|13:59:39:469
21|2.1|636147908771534793|780251|50383.890625|19.2746329135623|101.562316327099||||50383.8828125|330|35225||||780251|LKE9526|X|X|0|0|7||||132|147|132|147|[]|636148151838910000|13:59:43:891
21|2.1|636147908811628802|780251|50387.8984375|19.2836022205001|101.562616734508||||50387.890625|330|35225||||780251|LKE9526|X|X|0|0|7||||132|147|132|147|[]|636148151878980000|13:59:47:898
21|2.1|636147908855313170|780251|50392.2578125|19.2934727496661|101.562917141918||||50392.25|330|35225||||780251|LKE9526|X|X|0|0|7||||132|147|132|147|[]|636148151922580000|13:59:52:258
21|2.1|636147908895557194|780251|50396.2890625|19.3019485301456|101.563153176311||||50396.28125|330.25|35250||||780251|LKE9526|X|X|0|0|7||||132|147|132|147|[]|636148151962890000|13:59:56:289
21|2.1|636147908936281266|780251|50400.3515625|19.3107890910508|101.56345358372||||50400.34375|330.25|35250||||780251|LKE9526|X|X|0|0|7||||132|147|132|147|[]|636148152003520000|14:00:00:352
21|2.1|636147908978085446|780251|50404.5390625|19.3148445910777|101.532554535896||||50404.53125|330.25|35250||||780251|LKE9526|X|X||0|7||||132|147|132|147|[]|636148152045390000|14:00:04:539
21|2.1|636147909021299767|780251|50408.8671875|19.3299937075803|101.564032940867||||50408.8671875|330.25|35250||||780251|LKE9526|X|X|0|0|7||||132|147|132|147|[]|636148152088670000|14:00:08:867
21|2.1|636147909063884025|780251|50413.125|19.3389630145181|101.564311890604||||50413.125|330.25|35250||||780251|LKE9526|X|X||0|7||||132|147|132|147|[]|636148152131250000|14:00:13:125
21|2.1|636147909108968533|780251|50417.625|19.3492626971261|101.564633755686||||50417.625|330.25|35250||||780251|LKE9526|X|X|0|0|7||||132|147|132|147|[]|636148152176250000|14:00:17:625
21|2.1|636147909153903026|780251|50422.125|19.358682615178|101.564934163095||||50422.125|330.25|35250||||780251|LKE9526|X|X|0|0|7||||132|147|132|147|[]|636148152221250000|14:00:22:125
21|2.1|636147909194317067|780251|50426.15625|19.3675231760832|101.565170197488||||50426.15625|330.25|35250||||780251|LKE9526|X|X|0|0|7||||132|147|132|147|[]|636148152261560000|14:00:26:156
21|2.1|636147909236591294|780251|50430.390625|19.3774151629213|101.565470604897||||50430.3828125|330.25|35250||||780251|LKE9526|X|X|0|0|7||||132|147|132|147|[]|636148152303910000|14:00:30:391
21|2.1|636147909276995334|780251|50434.4296875|19.3862986391707|101.565749554635||||50434.421875|330|35225||||780251|LKE9526|X|X|0|0|7||||132|147|132|147|[]|636148152344300000|14:00:34:430
21|2.1|636147909318489483|780251|50438.578125|19.3947958773223|101.566049962044||||50438.578125|330|35225||||780251|LKE9526|X|X|0|0|7||||132|147|132|147|[]|636148152385780000|14:00:38:578
21|2.1|636147909358733507|780251|50442.609375|19.4040870493416|101.566350369454||||50442.59375|330.25|35250||||780251|LKE9526|X|X|0|0|7||||132|147|132|147|[]|636148152426090000|14:00:42:609
21|2.1|636147909399917625|780251|50446.71875|19.4130778139515|101.566650776863||||50446.71875|330|35225||||780251|LKE9526|X|X|0|0|7||||132|147|132|147|[]|636148152467190000|14:00:46:719
21|2.1|636147909443912024|780251|50451.125|19.4223904436429|101.566951184272||||50451.125|330.25|35250||||780251|LKE9526|X|X|0|0|7||||132|147|132|147|[]|636148152511250000|14:00:51:125
21|2.1|636147909485726205|780251|50455.3125|19.4317459886785|101.567273049354||||50455.296875|330.25|35250||||780251|LKE9526|X|X|0|0|7||||132|147|132|147|[]|636148152553130000|14:00:55:313
21|2.1|636147909526130245|780251|50459.3515625|19.4406294649279|101.567530541419||||50459.34375|330|35225||||780251|LKE9526|X|X|0|0|7||||132|147|132|147|[]|636148152593520000|14:00:59:352
21|2.1|636147909568874519|780251|50463.6171875|19.4500064676356|101.567809491156||||50463.6171875|330|35225||||780251|LKE9526|X|X|0|0|7||||132|147|132|147|[]|636148152636170000|14:01:03:617
21|2.1|636147909612088840|780251|50467.9453125|19.4593834703433|101.568109898566||||50467.9453125|330|35225||||780251|LKE9526|X|X|0|0|7||||132|147|132|147|[]|636148152679450000|14:01:07:945
21|2.1|636147909655613192|780251|50472.28125|19.4691681688209|101.568410305975||||50472.265625|330|35225||||780251|LKE9526|X|X|0|0|7||||132|147|132|147|[]|636148152722810000|14:01:12:281
21|2.1|636147909698207451|780251|50476.5625|19.4780301873982|101.568710713385||||50476.5546875|330|35225||||780251|LKE9526|X|X|0|0|7||||132|147|132|147|[]|636148152765630000|14:01:16:563
21|2.1|636147909742511881|780251|50480.9765625|19.4878148858758|101.568989663122||||50480.9765625|330|35225||||780251|LKE9526|X|X|0|0|7||||132|147|132|147|[]|636148152809770000|14:01:20:977
21|2.1|636147909844532082|780251|50491.1875|19.5102381532203|101.569697766301||||50491.1796875|330|35225||||780251|LKE9526|X|X|0|0|7||||132|147|132|147|[]|636148152911880000|14:01:31:188
21|2.1|636147909887606389|780251|50495.4921875|19.5195936982559|101.569998173711||||50495.4765625|330|35225||||780251|LKE9526|X|X|0|0|7||||132|147|132|147|[]|636148152954920000|14:01:35:492
21|2.1|636147909931120740|780251|50499.8359375|19.5293998544056|101.57029858112||||50499.828125|330|35225||||780251|LKE9526|X|X||0|7||||132|147|132|147|[]|636148152998360000|14:01:39:836
21|2.1|636147909971054733|780251|50503.8359375|19.5381974999666|101.570556073185||||50503.828125|330|35225||||780251|LKE9526|X|X|0|0|7||||132|147|132|147|[]|636148153038360000|14:01:43:836
21|2.1|636147910012398867|780251|50507.96875|19.5470595185439|101.570856480595||||50507.9609375|330|35225||||780251|LKE9526|X|X|0|0|7||||132|147|132|147|[]|636148153079690000|14:01:47:969
21|2.1|636147910054833110|780251|50512.2109375|19.5564150635795|101.571156888004||||50512.1953125|330|35225||||780251|LKE9526|X|X|0|0|7||||132|147|132|147|[]|636148153122110000|14:01:52:211
21|2.1|636147910096957322|780251|50516.421875|19.5657276932709|101.571392922397||||50516.40625|330|35225||||780251|LKE9526|X|X|0|0|7||||132|147|132|147|[]|636148153164220000|14:01:56:422
21|2.1|636147910139701596|780251|50520.7109375|19.574975949946|101.571693329806||||50520.6953125|330|35225||||780251|LKE9526|X|X|0|0|7||||132|147|132|147|[]|636148153207110000|14:02:00:711
21|2.1|636147910183695995|780251|50525.1015625|19.5843314949816|101.571993737216||||50525.0859375|330|35225||||780251|LKE9526|X|X|0|0|7||||132|147|132|147|[]|636148153251020000|14:02:05:102
21|2.1|636147910225820207|780251|50529.3125|19.5937084976893|101.572337059969||||50529.296875|330|35225||||780251|LKE9526|X|X|0|0|7||||132|147|132|147|[]|636148153293130000|14:02:09:313
21|2.1|636147910266844309|780251|50533.40625|19.6029567543644|101.572594552035||||50533.3984375|330|35225||||780251|LKE9526|X|X|0|0|7||||132|147|132|147|[]|636148153334060000|14:02:13:406
21|2.1|636147910309748599|780251|50537.6953125|19.611883145958|101.572916417116||||50537.6796875|329.75|35200||||780251|LKE9526|X|X|0|0|7||||132|147|132|147|[]|636148153376950000|14:02:17:695
21|2.1|636147910354213045|780251|50542.1484375|19.6216678444356|101.573216824526||||50542.140625|329.75|35200||||780251|LKE9526|X|X|0|0|7||||132|147|132|147|[]|636148153421480000|14:02:22:148
21|2.1|636147910396017225|780251|50546.3359375|19.6309375587828|101.573495774263||||50546.328125|329.75|35200||||780251|LKE9526|X|X|0|0|7||||132|147|132|147|[]|636148153463360000|14:02:26:336
21|2.1|636147910436581281|780251|50550.390625|19.6398424927043|101.573796181672||||50550.3828125|330|35225||||780251|LKE9526|X|X|0|0|7||||132|147|132|147|[]|636148153503910000|14:02:30:391
21|2.1|636147910480575680|780251|50554.78125|19.6490907493794|101.574096589082||||50554.7734375|330|35225||||780251|LKE9526|X|X||0|7||||132|147|132|147|[]|636148153547810000|14:02:34:781
21|2.1|636147910525350157|780251|50559.2578125|19.659304601299|101.574396996491||||50559.25|330|35225||||780251|LKE9526|X|X||0|7||||132|147|132|147|[]|636148153592580000|14:02:39:258
21|2.1|636147910569184540|780251|50563.6484375|19.6686816040067|101.574740319245||||50563.640625|329.75|35200||||780251|LKE9526|X|X|0|0|7||||132|147|132|147|[]|636148153636480000|14:02:43:648
21|2.1|636147910610838705|780251|50567.8203125|19.6779942336981|101.575040726654||||50567.8125|330|35225||||780251|LKE9526|X|X||0|7||||132|147|132|147|[]|636148153678200000|14:02:47:820
21|2.1|636147910651242745|780251|50571.8515625|19.6868562522754|101.575341134063||||50571.84375|330|35225||||780251|LKE9526|X|X|0|0|7||||132|147|132|147|[]|636148153718520000|14:02:51:852
21|2.1|636147910694457066|780251|50576.1796875|19.6957397285248|101.575620083801||||50576.171875|330|35225||||780251|LKE9526|X|X||0|7||||132|147|132|147|[]|636148153761800000|14:02:56:180
21|2.1|636147910738911511|780251|50580.6328125|19.7059321227723|101.575941948882||||50580.625|330|35225||||780251|LKE9526|X|X|0|0|7||||132|147|132|147|[]|636148153806330000|14:03:00:633
21|2.1|636147910779635583|780251|50584.703125|19.7147726836775|101.576199440947||||50584.6953125|330|35225||||780251|LKE9526|X|X||0|7||||132|147|132|147|[]|636148153847030000|14:03:04:703
21|2.1|636147910820659685|780251|50588.796875|19.7236561599269|101.576499848357||||50588.7890625|330|35225||||780251|LKE9526|X|X|0|0|7||||132|147|132|147|[]|636148153887970000|14:03:08:797
21|2.1|636147910861383757|780251|50592.859375|19.7324538054879|101.576800255766||||50592.8515625|330|35225||||780251|LKE9526|X|X|0|0|7||||132|147|132|147|[]|636148153928590000|14:03:12:859
21|2.1|636147910903197938|780251|50597.046875|19.7418308081956|101.577100663176||||50597.0390625|330|35225||||780251|LKE9526|X|X|0|0|7||||132|147|132|147|[]|636148153970470000|14:03:17:047
21|2.1|636147910946092227|780251|50601.3359375|19.7506284537566|101.577379612913||||50601.3359375|330|35225||||780251|LKE9526|X|X|0|0|7||||132|147|132|147|[]|636148154013360000|14:03:21:336
21|2.1|636147910987286346|780251|50605.453125|19.759941083448|101.577701477994||||50605.4453125|330|35225||||780251|LKE9526|X|X|0|0|7||||132|147|132|147|[]|636148154054530000|14:03:25:453
21|2.1|636147911028780495|780251|50609.609375|19.769167882451|101.577980427732||||50609.6015625|330|35225||||780251|LKE9526|X|X||0|7||||132|147|132|147|[]|636148154096090000|14:03:29:609
21|2.1|636147911072464863|780251|50613.96875|19.7780513587004|101.578237919797||||50613.9609375|330|35225||||780251|LKE9526|X|X||0|7||||132|147|132|147|[]|636148154139690000|14:03:33:969
21|2.1|636147911114889105|780251|50618.21875|19.7878145995059|101.578538327206||||50618.2109375|330|35225||||780251|LKE9526|X|X|0|0|7||||132|147|132|147|[]|636148154182190000|14:03:38:219
21|2.1|636147911156853301|780251|50622.40625|19.7969984831647|101.578795819272||||50622.40625|330|35225||||780251|LKE9526|X|X|0|0|7||||132|147|132|147|[]|636148154224060000|14:03:42:406
21|2.1|636147911199287544|780251|50626.65625|19.8058819594141|101.579031853665||||50626.65625|330|35225||||780251|LKE9526|X|X|0|0|7||||132|147|132|147|[]|636148154266560000|14:03:46:656
21|2.1|636147911243912006|780251|50631.1171875|19.8156666578917|101.579332261074||||50631.1171875|330|35225||||780251|LKE9526|X|X|0|0|7||||132|147|132|147|[]|636148154311170000|14:03:51:117
21|2.1|636147911288686483|780251|50635.6015625|19.8258375944671|101.579632668483||||50635.59375|330|35225||||780251|LKE9526|X|X|0|0|7||||132|147|132|147|[]|636148154356020000|14:03:55:602
21|2.1|636147911332050819|780251|50639.9296875|19.8346566977002|101.579890160549||||50639.921875|329.75|35200||||780251|LKE9526|X|X|0|0|7||||132|147|132|147|[]|636148154399300000|14:03:59:930
21|2.1|636147911376665280|780251|50644.3984375|19.8449349226361|101.580233483302||||50644.390625|329.75|35200||||780251|LKE9526|X|X|0|0|7||||132|147|132|147|[]|636148154443980000|14:04:04:398
21|2.1|636147911418479461|780251|50648.5703125|19.853711110525|101.58051243304||||50648.5625|329.75|35200||||780251|LKE9526|X|X|0|0|7||||132|147|132|147|[]|636148154485700000|14:04:08:570
21|2.1|636147911460133626|780251|50652.7421875|19.8629593672001|101.580791382777||||50652.734375|329.75|35200||||780251|LKE9526|X|X|0|0|7||||132|147|132|147|[]|636148154527420000|14:04:12:742
21|2.1|636147911503347947|780251|50657.0703125|19.8723149122357|101.58113470553||||50657.0625|329.75|35200||||780251|LKE9526|X|X|0|0|7||||132|147|132|147|[]|636148154570700000|14:04:17:070
21|2.1|636147911545462158|780251|50661.28125|19.8816275419271|101.581413655268||||50661.2734375|329.75|35200||||780251|LKE9526|X|X||0|7||||132|147|132|147|[]|636148154612810000|14:04:21:281
21|2.1|636147911586336245|780251|50665.359375|19.8900174917182|101.581692605005||||50665.3515625|329.75|35200||||780251|LKE9526|X|X||0|7||||132|147|132|147|[]|636148154653590000|14:04:25:359
21|2.1|636147911630800691|780251|50669.8125|19.9001884282936|101.581993012414||||50669.8046875|329.75|35200||||780251|LKE9526|X|X||0|7||||132|147|132|147|[]|636148154698130000|14:04:29:813
21|2.1|636147911670734684|780251|50673.8125|19.9091362775593|101.582293419824||||50673.8046875|329.75|35200||||780251|LKE9526|X|X|0|0|7||||132|147|132|147|[]|636148154738130000|14:04:33:813
21|2.1|636147911711298740|780251|50677.8515625|19.9175047696783|101.582529454217||||50677.84375|329.75|35200||||780251|LKE9526|X|X|0|0|7||||132|147|132|147|[]|636148154778520000|14:04:37:852
21|2.1|636147911754823092|780251|50682.2109375|19.9272894681559|101.582829861626||||50682.203125|329.75|35200||||780251|LKE9526|X|X|0|0|7||||132|147|132|147|[]|636148154822110000|14:04:42:211
21|2.1|636147911799287538|780251|50686.65625|19.9370741666335|101.583130269036||||50686.65625|329.75|35200||||780251|LKE9526|X|X|0|0|7||||132|147|132|147|[]|636148154866560000|14:04:46:656
21|2.1|636147911839691578|780251|50690.6953125|19.9454426587525|101.583430676445||||50690.6875|329.75|35200||||780251|LKE9526|X|X|0|0|7||||132|147|132|147|[]|636148154906950000|14:04:50:695
21|2.1|636147911881345743|780251|50694.8671875|19.9546909154276|101.583709626182||||50694.8671875|329.75|35200||||780251|LKE9526|X|X|0|0|7||||132|147|132|147|[]|636148154948670000|14:04:54:867
21|2.1|636147911925020110|780251|50699.2265625|19.9644970715773|101.584010033592||||50699.2265625|329.75|35200||||780251|LKE9526|X|X|0|0|7||||132|147|132|147|[]|636148154992270000|14:04:59:227
21|2.1|636147911965274135|780251|50703.25|19.9734234631709|101.584288983329||||50703.25|329.75|35200||||780251|LKE9526|X|X|0|0|7||||132|147|132|147|[]|636148155032500000|14:05:03:250
21|2.1|636147912010668674|780251|50707.7890625|19.9832081616485|101.584632306083||||50707.7890625|329.75|35200||||780251|LKE9526|X|X|0|0|7||||132|147|132|147|[]|636148155077890000|14:05:07:789
21|2.1|636147912054823089|780251|50712.2109375|19.992971402454|101.584975628836||||50712.1953125|329.75|35200||||780251|LKE9526|X|X|0|0|7||||132|147|132|147|[]|636148155122110000|14:05:12:211
21|2.1|636147912098497456|780251|50716.578125|20.0022625744733|101.585276036246||||50716.578125|329.75|35200||||780251|LKE9526|X|X|0|0|7||||132|147|132|147|[]|636148155165780000|14:05:16:578
21|2.1|636147912142341840|780251|50720.953125|20.0115966618368|101.585619358999||||50720.9453125|329.75|35200||||780251|LKE9526|X|X|0|0|7||||132|147|132|147|[]|636148155209530000|14:05:20:953
21|2.1|636147912182435849|780251|50724.96875|20.020437222742|101.585876851065||||50724.96875|329.75|35200||||780251|LKE9526|X|X|0|0|7||||132|147|132|147|[]|636148155249690000|14:05:24:969
21|2.1|636147912224560061|780251|50729.1875|20.0297927677776|101.586177258474||||50729.1875|329.75|35200||||780251|LKE9526|X|X|0|0|7||||132|147|132|147|[]|636148155291880000|14:05:29:188
21|2.1|636147912274945099|780251|50734.21875|20.0410151302859|101.586520581228||||50734.2109375|329.75|35200||||780251|LKE9526|X|X|0|0|7||||132|147|132|147|[]|636148155342190000|14:05:34:219
21|2.1|636147912318939498|780251|50738.6171875|20.0508427441077|101.586820988637||||50738.609375|330|35225||||780251|LKE9526|X|X||0|7||||132|147|132|147|[]|636148155386170000|14:05:38:617
21|2.1|636147912360593663|780251|50742.78125|20.059275609243|101.587121396046||||50742.765625|330|35225||||780251|LKE9526|X|X||0|7||||132|147|132|147|[]|636148155427810000|14:05:42:781
21|2.1|636147912403027906|780251|50747.03125|20.0690817653927|101.587421803456||||50747.015625|330|35225||||780251|LKE9526|X|X|0|0|7||||132|147|132|147|[]|636148155470310000|14:05:47:031
21|2.1|636147912443121915|780251|50751.0390625|20.07794378397|101.587679295521||||50751.03125|330|35225||||780251|LKE9526|X|X|0|0|7||||132|147|132|147|[]|636148155510390000|14:05:51:039
21|2.1|636147912485866189|780251|50755.3125|20.0868487178915|101.58797970293||||50755.296875|330|35225||||780251|LKE9526|X|X|0|0|7||||132|147|132|147|[]|636148155553130000|14:05:55:313
21|2.1|636147912527980400|780251|50759.53125|20.0961398899108|101.588237194996||||50759.5234375|330|35225||||780251|LKE9526|X|X|0|0|7||||132|147|132|147|[]|636148155595310000|14:05:59:531
21|2.1|636147912571824784|780251|50763.9140625|20.1059675037326|101.588537602405||||50763.8984375|330|35225||||780251|LKE9526|X|X|0|0|7||||132|147|132|147|[]|636148155639140000|14:06:03:914
21|2.1|636147912611758777|780251|50767.9140625|20.114850979982|101.588773636798||||50767.8984375|330|35225||||780251|LKE9526|X|X|0|0|7||||132|147|132|147|[]|636148155679140000|14:06:07:914
21|2.1|636147912654813082|780251|50772.2109375|20.1242065250176|101.589074044207||||50772.203125|330.25|35250||||780251|LKE9526|X|X|0|0|7||||132|147|132|147|[]|636148155722110000|14:06:12:211
21|2.1|636147912698187419|780251|50776.5390625|20.1335835277253|101.589395909289||||50776.53125|330|35225||||780251|LKE9526|X|X|0|0|7||||132|147|132|147|[]|636148155765390000|14:06:16:539
21|2.1|636147912739991599|780251|50780.734375|20.1429176150888|101.589674859026||||50780.71875|330.25|35250||||780251|LKE9526|X|X|0|0|7||||132|147|132|147|[]|636148155807340000|14:06:20:734
21|2.1|636147912783835983|780251|50785.1015625|20.1522731601244|101.589975266436||||50785.09375|330.25|35250||||780251|LKE9526|X|X|0|0|7||||132|147|132|147|[]|636148155851020000|14:06:25:102
21|2.1|636147912825650164|780251|50789.28125|20.1616501628321|101.590275673845||||50789.2734375|330.25|35250||||780251|LKE9526|X|X|0|0|7||||132|147|132|147|[]|636148155892810000|14:06:29:281
21|2.1|636147912869944593|780251|50793.71875|20.1710271655398|101.590576081254||||50793.7109375|330.25|35250||||780251|LKE9526|X|X|0|0|7||||132|147|132|147|[]|636148155937190000|14:06:33:719
21|2.1|636147912914879086|780251|50798.2109375|20.1808762370337|101.590919404008||||50798.203125|330.25|35250||||780251|LKE9526|X|X|0|0|7||||132|147|132|147|[]|636148155982110000|14:06:38:211
21|2.1|636147912957003298|780251|50802.4296875|20.1906823931834|101.591219811417||||50802.421875|330.25|35250||||780251|LKE9526|X|X|0|0|7||||132|147|132|147|[]|636148156024300000|14:06:42:430
21|2.1|636147912999117509|780251|50806.640625|20.1995229540886|101.591520218827||||50806.6328125|330.25|35250||||780251|LKE9526|X|X|0|0|7||||132|147|132|147|[]|636148156066410000|14:06:46:641
21|2.1|636147913043111908|780251|50811.0390625|20.2093505679104|101.591884999253||||50811.03125|330.25|35250||||780251|LKE9526|X|X|0|0|7||||132|147|132|147|[]|636148156110390000|14:06:51:039
21|2.1|636147913084146011|780251|50815.1328125|20.2181911288156|101.592121033646||||50815.125|330.25|35250||||780251|LKE9526|X|X|0|0|7||||132|147|132|147|[]|636148156151330000|14:06:55:133
21|2.1|636147913126260222|780251|50819.3515625|20.2271604357534|101.592442898727||||50819.34375|330.25|35250||||780251|LKE9526|X|X|0|0|7||||132|147|132|147|[]|636148156193520000|14:06:59:352
21|2.1|636147913172754871|780251|50824.0078125|20.237374287673|101.592764763809||||50824|330.25|35250||||780251|LKE9526|X|X|0|0|7||||132|147|132|147|[]|636148156240080000|14:07:04:008
21|2.1|636147913221119707|780251|50828.84375|20.2481674967393|101.59308662889||||50828.8359375|330.25|35250||||780251|LKE9526|X|X|0|0|7||||132|147|132|147|[]|636148156288440000|14:07:08:844
21|2.1|636147913269634558|780251|50833.6796875|20.258831959773|101.593429951644||||50833.6640625|330.25|35250||||780251|LKE9526|X|X||0|7||||132|147|132|147|[]|636148156336800000|14:07:13:680
21|2.1|636147913319709565|780251|50838.703125|20.2695822534951|101.593730359053||||50838.6953125|330.25|35250||||780251|LKE9526|X|X||0|7||||132|147|132|147|[]|636148156387030000|14:07:18:703
21|2.1|636147913361683762|780251|50842.890625|20.2789807138749|101.59400930879||||50842.8828125|330.25|35250||||780251|LKE9526|X|X|0|0|7||||132|147|132|147|[]|636148156428910000|14:07:22:891
21|2.1|636147913405208114|780251|50847.25|20.2887654123525|101.594352631544||||50847.2421875|330.25|35250||||780251|LKE9526|X|X|0|0|7||||132|147|132|147|[]|636148156472500000|14:07:27:250
21|2.1|636147913445762169|780251|50851.3046875|20.2971553621436|101.594588665937||||50851.296875|330.25|35250||||780251|LKE9526|X|X|0|0|7||||132|147|132|147|[]|636148156513050000|14:07:31:305
21|2.1|636147913486796272|780251|50855.3984375|20.3059744653767|101.594846158002||||50855.390625|330.25|35250||||780251|LKE9526|X|X|0|0|7||||132|147|132|147|[]|636148156553980000|14:07:35:398
21|2.1|636147913530950687|780251|50859.8125|20.3162312326405|101.595168023084||||50859.8046875|330.25|35250||||780251|LKE9526|X|X|0|0|7||||132|147|132|147|[]|636148156598130000|14:07:39:813
21|2.1|636147913575725164|780251|50864.3046875|20.3255867776761|101.595511345837||||50864.296875|330.25|35250||||780251|LKE9526|X|X|0|0|7||||132|147|132|147|[]|636148156643050000|14:07:44:305
21|2.1|636147913616279219|780251|50868.3515625|20.3343844232371|101.595768837903||||50868.34375|330.25|35250||||780251|LKE9526|X|X|0|0|7||||132|147|132|147|[]|636148156683520000|14:07:48:352
21|2.1|636147913664644055|780251|50873.1875|20.3451347169592|101.596112160656||||50873.1875|330.25|35250||||780251|LKE9526|X|X|0|0|7||||132|147|132|147|[]|636148156731880000|14:07:53:188
21|2.1|636147913707228313|780251|50877.453125|20.3544902619948|101.596412568066||||50877.4453125|330.25|35250||||780251|LKE9526|X|X|0|0|7||||132|147|132|147|[]|636148156774530000|14:07:57:453
21|2.1|636147913749042494|780251|50881.6328125|20.363759976342|101.596712975475||||50881.625|330.25|35250||||780251|LKE9526|X|X|0|0|7||||132|147|132|147|[]|636148156816330000|14:08:01:633
21|2.1|636147913791166706|780251|50885.84375|20.3730726060334|101.59697046754||||50885.8359375|330.25|35250||||780251|LKE9526|X|X|0|0|7||||132|147|132|147|[]|636148156858440000|14:08:05:844
21|2.1|636147913833910980|780251|50890.109375|20.3818917092665|101.597249417278||||50890.1015625|330.25|35250||||780251|LKE9526|X|X|0|0|7||||132|147|132|147|[]|636148156901090000|14:08:10:109
21|2.1|636147913874315020|780251|50894.1640625|20.3908181008601|101.597549824687||||50894.15625|330.25|35250||||780251|LKE9526|X|X|0|0|7||||132|147|132|147|[]|636148156941640000|14:08:14:164
21|2.1|636147913915499138|780251|50898.28125|20.4000663575352|101.597807316752||||50898.2734375|330|35225||||780251|LKE9526|X|X|0|0|7||||132|147|132|147|[]|636148156982810000|14:08:18:281
21|2.1|636147913955903178|780251|50902.3203125|20.4088640030962|101.598107724162||||50902.3125|330|35225||||780251|LKE9526|X|X|0|0|7||||132|147|132|147|[]|636148157023200000|14:08:22:320
21|2.1|636147913999747562|780251|50906.703125|20.4182410058039|101.598408131571||||50906.6875|330|35225||||780251|LKE9526|X|X|0|0|7||||132|147|132|147|[]|636148157067030000|14:08:26:703
21|2.1|636147914042341821|780251|50910.9609375|20.4275750931674|101.59870853898||||50910.953125|330|35225||||780251|LKE9526|X|X|0|0|7||||132|147|132|147|[]|636148157109610000|14:08:30:961
21|2.1|636147914085386125|780251|50915.2578125|20.4368662651867|101.59900894639||||50915.2578125|330|35225||||780251|LKE9526|X|X||0|7||||132|147|132|147|[]|636148157152580000|14:08:35:258
21|2.1|636147914126260212|780251|50919.3515625|20.4456853684198|101.599309353799||||50919.34375|330|35225||||780251|LKE9526|X|X|0|0|7||||132|147|132|147|[]|636148157193520000|14:08:39:352
21|2.1|636147914171504736|780251|50923.8828125|20.4558992203394|101.599674134225||||50923.875|330|35225||||780251|LKE9526|X|X|0|0|7||||132|147|132|147|[]|636148157238830000|14:08:43:883
21|2.1|636147914213308916|780251|50928.0625|20.4647397812446|101.599953083962||||50928.0546875|330|35225||||780251|LKE9526|X|X|0|0|7||||132|147|132|147|[]|636148157280630000|14:08:48:063
21|2.1|636147914260893674|780251|50932.8125|20.4749321754921|101.600253491372||||50932.8046875|330|35225||||780251|LKE9526|X|X||0|7||||132|147|132|147|[]|636148157328130000|14:08:52:813
21|2.1|636147914338741458|780251|50940.59375|20.4921197708442|101.600832848518||||50940.578125|330|35225||||780251|LKE9526|X|X||0|7||||132|147|132|147|[]|636148157405940000|14:09:00:594
21|2.1|636147914385696153|780251|50945.3046875|20.5023550804359|101.601111798256||||50945.296875|330|35225||||780251|LKE9526|X|X|0|0|7||||132|147|132|147|[]|636148157453050000|14:09:05:305
21|2.1|636147914426880271|780251|50949.4140625|20.5111527259969|101.601412205665||||50949.3984375|330|35225||||780251|LKE9526|X|X|0|0|7||||132|147|132|147|[]|636148157494140000|14:09:09:414
21|2.1|636147914477115294|780251|50954.4453125|20.522332173161|101.601755528419||||50954.4375|330|35225||||780251|LKE9526|X|X||0|7||||132|147|132|147|[]|636148157544450000|14:09:14:445
21|2.1|636147914524700052|780251|50959.203125|20.5325245674085|101.602120308844||||50959.1953125|330|35225||||780251|LKE9526|X|X||0|7||||132|147|132|147|[]|636148157592030000|14:09:19:203
21|2.1|636147914565574139|780251|50963.2890625|20.5413651283137|101.602399258582||||50963.2890625|330|35225||||780251|LKE9526|X|X||0|7||||132|147|132|147|[]|636148157632890000|14:09:23:289
21|2.1|636147914614249006|780251|50968.1484375|20.5519866760032|101.602742581335||||50968.1484375|330|35225||||780251|LKE9526|X|X|0|0|7||||132|147|132|147|[]|636148157681480000|14:09:28:148
21|2.1|636147914658083389|780251|50972.53125|20.5617284591366|101.603042988745||||50972.5234375|330|35225||||780251|LKE9526|X|X|0|0|7||||132|147|132|147|[]|636148157725310000|14:09:32:531
21|2.1|636147914698017382|780251|50976.53125|20.5701184089277|101.603321938482||||50976.53125|329.75|35200||||780251|LKE9526|X|X|0|0|7||||132|147|132|147|[]|636148157765310000|14:09:36:531
21|2.1|636147914743261906|780251|50981.0546875|20.5803751761915|101.603665261235||||50981.0390625|329.75|35200||||780251|LKE9526|X|X|0|0|7||||132|147|132|147|[]|636148157810550000|14:09:41:055
21|2.1|636147914785386118|780251|50985.2734375|20.5896234328666|101.603965668645||||50985.2578125|329.75|35200||||780251|LKE9526|X|X|0|0|7||||132|147|132|147|[]|636148157852730000|14:09:45:273
21|2.1|636147914825940173|780251|50989.3203125|20.5979919249856|101.604266076054||||50989.3125|329.75|35200||||780251|LKE9526|X|X|0|0|7||||132|147|132|147|[]|636148157893200000|14:09:49:320
21|2.1|636147914868224401|780251|50993.5390625|20.6072830970049|101.604502110447||||50993.53125|329.75|35200||||780251|LKE9526|X|X|0|0|7||||132|147|132|147|[]|636148157935390000|14:09:53:539
21|2.1|636147914912528831|780251|50997.96875|20.6170463378104|101.604802517857||||50997.9609375|329.75|35200||||780251|LKE9526|X|X|0|0|7||||132|147|132|147|[]|636148157979690000|14:09:57:969
21|2.1|636147914954172995|780251|51002.1328125|20.6258654410435|101.605102925266||||51002.1171875|329.75|35200||||780251|LKE9526|X|X|0|0|7||||132|147|132|147|[]|636148158021330000|14:10:02:133
21|2.1|636147914999267504|780251|51006.6484375|20.6361436659794|101.605403332676||||51006.640625|329.75|35200||||780251|LKE9526|X|X|0|0|7||||132|147|132|147|[]|636148158066480000|14:10:06:648
21|2.1|636147915041701747|780251|51010.8984375|20.6453704649824|101.605682282413||||51010.890625|329.75|35200||||780251|LKE9526|X|X|0|0|7||||132|147|132|147|[]|636148158108980000|14:10:10:898
21|2.1|636147915085536130|780251|51015.2734375|20.6547045523459|101.605982689822||||51015.2578125|329.75|35200||||780251|LKE9526|X|X|0|0|7||||132|147|132|147|[]|636148158152730000|14:10:15:273
21|2.1|636147915125940170|780251|51019.3125|20.6635021979069|101.60626163956||||51019.3046875|329.75|35200||||780251|LKE9526|X|X|0|0|7||||132|147|132|147|[]|636148158193130000|14:10:19:313
21|2.1|636147915166814257|780251|51023.4140625|20.6723856741563|101.606519131625||||51023.3984375|329.75|35200||||780251|LKE9526|X|X|0|0|7||||132|147|132|147|[]|636148158234140000|14:10:23:414
21|2.1|636147915207698345|780251|51027.4921875|20.6812047773894|101.606798081362||||51027.484375|330|35225||||780251|LKE9526|X|X|0|0|7||||132|147|132|147|[]|636148158274920000|14:10:27:492
21|2.1|636147915253242899|780251|51032.0390625|20.6913757139648|101.607098488771||||51032.03125|330|35225||||780251|LKE9526|X|X|0|0|7||||132|147|132|147|[]|636148158320390000|14:10:32:039
21|2.1|636147915295057080|780251|51036.21875|20.7003021055584|101.607355980837||||51036.2109375|330|35225||||780251|LKE9526|X|X|0|0|7||||132|147|132|147|[]|636148158362190000|14:10:36:219
21|2.1|636147915412998873|780251|51048.03125|20.7263088041436|101.608192830049||||51048.0234375|330|35225||||780251|LKE9526|X|X||0|7||||132|147|132|147|[]|636148158480310000|14:10:48:031
21|2.1|636147915458383411|780251|51052.5546875|20.736050587277|101.608536152802||||51052.5390625|330|35225||||780251|LKE9526|X|X|0|0|7||||132|147|132|147|[]|636148158525550000|14:10:52:555
21|2.1|636147915500357608|780251|51056.765625|20.7449340635264|101.608793644867||||51056.75|330|35225||||780251|LKE9526|X|X|0|0|7||||132|147|132|147|[]|636148158567660000|14:10:56:766
21|2.1|636147915544812053|780251|51061.2109375|20.754718762004|101.609158425293||||51061.203125|330|35225||||780251|LKE9526|X|X|0|0|7||||132|147|132|147|[]|636148158612110000|14:11:01:211
21|2.1|636147915593486920|780251|51066.0625|20.7653403096935|101.609501748047||||51066.0546875|330|35225||||780251|LKE9526|X|X||0|7||||132|147|132|147|[]|636148158660630000|14:11:06:063
