21|2.1|636147897448512604|7802ba|49251.6015625|19.4819998567367|103.653216269539||||49251.59375|330|35275||||7802ba|CQH8746|X|X|0|0|7||||132|147|132|147|[]|636148140516020000|13:40:51:602
21|2.1|636147897493437096|7802ba|49256.09375|19.4886302774156|103.658344653171||||49256.078125|330|35275||||7802ba|CQH8746|X|X|0|0|7||||132|147|132|147|[]|636148140560940000|13:40:56:094
21|2.1|636147897534161168|7802ba|49260.1640625|19.4959473436017|103.66405239395||||49260.15625|330|35275||||7802ba|CQH8746|X|X|0|0|7||||132|147|132|147|[]|636148140601640000|13:41:00:164
21|2.1|636147897578155567|7802ba|49264.5625|19.5039939706392|103.670296576531||||49264.546875|330|35275||||7802ba|CQH8746|X|X|0|0|7||||132|147|132|147|[]|636148140645630000|13:41:04:563
21|2.1|636147897620589810|7802ba|49268.8046875|19.5116329019068|103.676261809374||||49268.796875|330|35275||||7802ba|CQH8746|X|X|0|0|7||||132|147|132|147|[]|636148140688050000|13:41:08:805
21|2.1|636147897665364287|7802ba|49273.28125|19.5196795289443|103.682463076611||||49273.28125|330|35275||||7802ba|CQH8746|X|X|0|0|7||||132|147|132|147|[]|636148140732810000|13:41:13:281
21|2.1|636147897708268577|7802ba|49277.5703125|19.5273184602119|103.688428309455||||49277.5703125|330|35275||||7802ba|CQH8746|X|X|0|0|7||||132|147|132|147|[]|636148140775700000|13:41:17:570
21|2.1|636147897751002850|7802ba|49281.8515625|19.5332622353836|103.693063166629||||49281.8515625|330|35275||||7802ba|CQH8746|X|X|0|0|7||||132|147|132|147|[]|636148140818520000|13:41:21:852
21|2.1|636147897792967046|7802ba|49286.0390625|19.5409226243233|103.698964026456||||49286.0390625|330|35275||||7802ba|CQH8746|X|X|0|0|7||||132|147|132|147|[]|636148140860390000|13:41:26:039
21|2.1|636147897834781227|7802ba|49290.21875|19.548583013263|103.704950716972||||49290.21875|330|35275||||7802ba|CQH8746|X|X|0|0|7||||132|147|132|147|[]|636148140902190000|13:41:30:219
21|2.1|636147897877375486|7802ba|49294.484375|19.5566510979726|103.711130526537||||49294.46875|330|35275||||7802ba|CQH8746|X|X||0|7||||132|147|132|147|[]|636148140944840000|13:41:34:484
21|2.1|636147897918089557|7802ba|49298.5625|19.5639467064866|103.716838267316||||49298.5625|330|35275||||7802ba|CQH8746|X|X||0|7||||132|147|132|147|[]|636148140985630000|13:41:38:563
21|2.1|636147897959583706|7802ba|49302.7109375|19.5712637726727|103.72250309275||||49302.703125|330|35275||||7802ba|CQH8746|X|X||0|7||||132|147|132|147|[]|636148141027110000|13:41:42:711
21|2.1|636147898002017949|7802ba|49306.953125|19.5772075478444|103.727073576907||||49306.953125|330|35275||||7802ba|CQH8746|X|X||0|7||||132|147|132|147|[]|636148141069530000|13:41:46:953
21|2.1|636147898042582005|7802ba|49311|19.5845675293747|103.732759860014||||49310.9921875|330|35275||||7802ba|CQH8746|X|X||0|7||||132|147|132|147|[]|636148141110000000|13:41:51:000
21|2.1|636147898087666513|7802ba|49315.5|19.5929360214937|103.739240076988||||49315.5|330|35275||||7802ba|CQH8746|X|X||0|7||||132|147|132|147|[]|636148141155000000|13:41:55:500
21|2.1|636147898130100756|7802ba|49319.75|19.6006393257776|103.745205309832||||49319.75|330|35275||||7802ba|CQH8746|X|X|0|0|7||||132|147|132|147|[]|636148141197500000|13:41:59:750
21|2.1|636147898172374983|7802ba|49323.984375|19.6082997147173|103.751106169659||||49323.96875|330|35275||||7802ba|CQH8746|X|X|0|0|7||||132|147|132|147|[]|636148141239840000|13:42:03:984
21|2.1|636147898217299475|7802ba|49328.46875|19.6149301353962|103.756277468635||||49328.4609375|330|35275||||7802ba|CQH8746|X|X||0|7||||132|147|132|147|[]|636148141284690000|13:42:08:469
21|2.1|636147898259423687|7802ba|49332.6875|19.6226334396801|103.762242701479||||49332.671875|330|35275||||7802ba|CQH8746|X|X||0|7||||132|147|132|147|[]|636148141326880000|13:42:12:688
21|2.1|636147898302177962|7802ba|49336.9609375|19.6302938286198|103.768165018979||||49336.953125|330|35275||||7802ba|CQH8746|X|X||0|7||||132|147|132|147|[]|636148141369610000|13:42:16:961
21|2.1|636147898344292173|7802ba|49341.171875|19.6379756752316|103.77410879415||||49341.1640625|330|35275||||7802ba|CQH8746|X|X||0|7||||132|147|132|147|[]|636148141411720000|13:42:21:172
21|2.1|636147898385636307|7802ba|49345.3125|19.6453141990898|103.779795077257||||49345.296875|330|35275||||7802ba|CQH8746|X|X||0|7||||132|147|132|147|[]|636148141453130000|13:42:25:313
21|2.1|636147898427130456|7802ba|49349.4609375|19.6530389610458|103.785781767773||||49349.453125|330|35275||||7802ba|CQH8746|X|X||0|7||||132|147|132|147|[]|636148141494610000|13:42:29:461
21|2.1|636147898471284871|7802ba|49353.8828125|19.659304601299|103.790631201667||||49353.8828125|330|35275||||7802ba|CQH8746|X|X|0|0|7||||132|147|132|147|[]|636148141538830000|13:42:33:883
21|2.1|636147898512779020|7802ba|49358.0234375|19.6666216674851|103.796317484774||||49358.0234375|330|35275||||7802ba|CQH8746|X|X|0|0|7||||132|147|132|147|[]|636148141580230000|13:42:38:023
21|2.1|636147898557713513|7802ba|49362.5234375|19.6750330749483|103.802883532437||||49362.5078125|330|35275||||7802ba|CQH8746|X|X|0|0|7||||132|147|132|147|[]|636148141625230000|13:42:42:523
21|2.1|636147898601387880|7802ba|49366.875|19.6830367866416|103.809106257346||||49366.8671875|330|35275||||7802ba|CQH8746|X|X|0|0|7||||132|147|132|147|[]|636148141668750000|13:42:46:875
21|2.1|636147898645852326|7802ba|49371.3203125|19.6910834136791|103.815350439927||||49371.3125|330|35275||||7802ba|CQH8746|X|X|0|0|7||||132|147|132|147|[]|636148141713200000|13:42:51:320
21|2.1|636147898690016742|7802ba|49375.75|19.6973705116044|103.820242789165||||49375.7421875|330|35275||||7802ba|CQH8746|X|X|0|0|7||||132|147|132|147|[]|636148141757500000|13:42:55:750
21|2.1|636147898733691109|7802ba|49380.125|19.7054171386419|103.826486971747||||49380.1171875|330|35275||||7802ba|CQH8746|X|X|0|0|7||||132|147|132|147|[]|636148141801250000|13:43:00:125
21|2.1|636147898778765616|7802ba|49384.625|19.7134852233515|103.832731154328||||49384.6171875|330|35275||||7802ba|CQH8746|X|X|0|0|7||||132|147|132|147|[]|636148141846250000|13:43:04:625
21|2.1|636147898822760015|7802ba|49389|19.7214889350448|103.838975336909||||49389|330|35250||||7802ba|CQH8746|X|X|0|0|7||||132|147|132|147|[]|636148141890000000|13:43:09:000
21|2.1|636147898863674106|7802ba|49393.109375|19.728827458903|103.844683077687||||49393.1015625|330|35275||||7802ba|CQH8746|X|X|0|0|7||||132|147|132|147|[]|636148141931090000|13:43:13:109
21|2.1|636147898904348173|7802ba|49397.1796875|19.7362088981054|103.85043373381||||49397.1796875|330|35275||||7802ba|CQH8746|X|X|0|0|7||||132|147|132|147|[]|636148141971800000|13:43:17:180
21|2.1|636147898961763914|7802ba|49402.9140625|19.7449421706501|103.857257273538||||49402.9140625|330|35275||||7802ba|CQH8746|X|X||0|7||||132|147|132|147|[]|636148142029140000|13:43:22:914
21|2.1|636147899005608298|7802ba|49407.3046875|19.7529887976876|103.863501456119||||49407.2890625|330|35275||||7802ba|CQH8746|X|X|0|0|7||||132|147|132|147|[]|636148142073050000|13:43:27:305
21|2.1|636147899046312368|7802ba|49411.3828125|19.7603487792179|103.86923065457||||49411.375|330|35275||||7802ba|CQH8746|X|X|0|0|7||||132|147|132|147|[]|636148142113830000|13:43:31:383
21|2.1|636147899090796816|7802ba|49415.8359375|19.7684168639275|103.875539210167||||49415.828125|330|35275||||7802ba|CQH8746|X|X|0|0|7||||132|147|132|147|[]|636148142158360000|13:43:35:836
21|2.1|636147899135241260|7802ba|49420.2734375|19.7768068137186|103.882062342486||||49420.2578125|330|35250||||7802ba|CQH8746|X|X|0|0|7||||132|147|132|147|[]|636148142202730000|13:43:40:273
21|2.1|636147899178155551|7802ba|49424.546875|19.7827935042345|103.886718657331||||49424.53125|330|35275||||7802ba|CQH8746|X|X|0|0|7||||132|147|132|147|[]|636148142245470000|13:43:44:547
21|2.1|636147899218709606|7802ba|49428.625|19.7901534857648|103.892404940438||||49428.609375|330|35275||||7802ba|CQH8746|X|X|0|0|7||||132|147|132|147|[]|636148142286250000|13:43:48:625
21|2.1|636147899260673802|7802ba|49432.8203125|19.7978567900487|103.898434546298||||49432.8125|330|35275||||7802ba|CQH8746|X|X|0|0|7||||132|147|132|147|[]|636148142328200000|13:43:52:820
21|2.1|636147899301077842|7802ba|49436.859375|19.8056030096768|103.904399779142||||49436.859375|330|35275||||7802ba|CQH8746|X|X|0|0|7||||132|147|132|147|[]|636148142368590000|13:43:56:859
21|2.1|636147899345072241|7802ba|49441.25|19.8129629912071|103.910171892937||||49441.25|330|35275||||7802ba|CQH8746|X|X|0|0|7||||132|147|132|147|[]|636148142412500000|13:44:01:250
21|2.1|636147899386256359|7802ba|49445.375|19.8206877531631|103.91613712578||||49445.375|330|35275||||7802ba|CQH8746|X|X||0|7||||132|147|132|147|[]|636148142453750000|13:44:05:375
21|2.1|636147899430090742|7802ba|49449.765625|19.8270177664326|103.921072390363||||49449.75|330|35275||||7802ba|CQH8746|X|X||0|7||||132|147|132|147|[]|636148142497660000|13:44:09:766
21|2.1|636147899472214954|7802ba|49453.9765625|19.8347210707165|103.927037623207||||49453.9609375|330.25|35300||||7802ba|CQH8746|X|X||0|7||||132|147|132|147|[]|636148142539770000|13:44:13:977
21|2.1|636147899517449477|7802ba|49458.4921875|19.8431324781797|103.93360367087||||49458.484375|330.25|35300||||7802ba|CQH8746|X|X||0|7||||132|147|132|147|[]|636148142584920000|13:44:18:492
21|2.1|636147899557543486|7802ba|49462.4921875|19.8504710020379|103.939311411648||||49462.4921875|330.25|35300||||7802ba|CQH8746|X|X||0|7||||132|147|132|147|[]|636148142624920000|13:44:22:492
21|2.1|636147899599987730|7802ba|49466.7421875|19.8581957639939|103.945319559836||||49466.7421875|330.25|35300||||7802ba|CQH8746|X|X||0|7||||132|147|132|147|[]|636148142667420000|13:44:26:742
21|2.1|636147899643512082|7802ba|49471.1015625|19.8662638487035|103.951606657762||||49471.1015625|330.25|35300||||7802ba|CQH8746|X|X|0|0|7||||132|147|132|147|[]|636148142711020000|13:44:31:102
21|2.1|636147899683916122|7802ba|49475.125|19.8718857587937|103.955962565198||||49475.109375|330.25|35300||||7802ba|CQH8746|X|X|0|0|7||||132|147|132|147|[]|636148142751250000|13:44:35:125
21|2.1|636147899726190349|7802ba|49479.375|19.8792028249798|103.961670305977||||49479.375|330|35275||||7802ba|CQH8746|X|X|0|0|7||||132|147|132|147|[]|636148142793750000|13:44:39:375
21|2.1|636147899777515481|7802ba|49484.4921875|19.8887085737201|103.969073202851||||49484.4921875|330.25|35300||||7802ba|CQH8746|X|X|0|0|7||||132|147|132|147|[]|636148142844920000|13:44:44:492
21|2.1|636147899824470176|7802ba|49489.1953125|19.8971199811833|103.975596335169||||49489.1796875|330|35275||||7802ba|CQH8746|X|X|0|0|7||||132|147|132|147|[]|636148142891950000|13:44:49:195
21|2.1|636147899873305059|7802ba|49494.0703125|19.9061965764816|103.982698824635||||49494.0625|330|35275||||7802ba|CQH8746|X|X|0|0|7||||132|147|132|147|[]|636148142940700000|13:44:54:070
21|2.1|636147899913709099|7802ba|49498.1171875|19.9117970288997|103.987097647415||||49498.1015625|330|35275||||7802ba|CQH8746|X|X|0|0|7||||132|147|132|147|[]|636148142981170000|13:44:58:117
21|2.1|636147899954893217|7802ba|49502.234375|19.9191999257742|103.992826845866||||49502.234375|330|35275||||7802ba|CQH8746|X|X|0|0|7||||132|147|132|147|[]|636148143022340000|13:45:02:234
21|2.1|636147899999037631|7802ba|49506.640625|19.9272465528117|103.999071028447||||49506.6328125|330|35275||||7802ba|CQH8746|X|X|0|0|7||||132|147|132|147|[]|636148143066410000|13:45:06:641
21|2.1|636147900043042031|7802ba|49511.046875|19.9352931798492|104.005379584044||||49511.03125|330|35275||||7802ba|CQH8746|X|X|0|0|7||||132|147|132|147|[]|636148143110470000|13:45:11:047
21|2.1|636147900087496476|7802ba|49515.5|19.9437045873124|104.011924174035||||49515.4921875|330|35250||||7802ba|CQH8746|X|X||0|7||||132|147|132|147|[]|636148143155000000|13:45:15:500
21|2.1|636147900133051031|7802ba|49520.0546875|19.9499916852377|104.016837980946||||49520.0546875|330|35275||||7802ba|CQH8746|X|X|0|0|7||||132|147|132|147|[]|636148143200550000|13:45:20:055
21|2.1|636147900175335259|7802ba|49524.265625|19.9577379048658|104.022846129134||||49524.25|330|35250||||7802ba|CQH8746|X|X||0|7||||132|147|132|147|[]|636148143242660000|13:45:24:266
21|2.1|636147900219319657|7802ba|49528.671875|19.9660849393127|104.029390719124||||49528.671875|330|35250||||7802ba|CQH8746|X|X||0|7||||132|147|132|147|[]|636148143286720000|13:45:28:672
21|2.1|636147900265654290|7802ba|49533.203125|19.9741530240223|104.035677817049||||49533.1953125|330|35250||||7802ba|CQH8746|X|X|0|0|7||||132|147|132|147|[]|636148143332030000|13:45:33:203
21|2.1|636147900305288253|7802ba|49537.2734375|19.9815344632247|104.041428473172||||49537.2734375|330|35250||||7802ba|CQH8746|X|X|0|0|7||||132|147|132|147|[]|636148143372730000|13:45:37:273
21|2.1|636147900348022526|7802ba|49541.546875|19.9892592251807|104.04743662136||||49541.53125|330|35275||||7802ba|CQH8746|X|X||0|7||||132|147|132|147|[]|636148143415470000|13:45:41:547
21|2.1|636147900390926816|7802ba|49545.84375|19.9951600850082|104.052114393878||||49545.828125|330|35275||||7802ba|CQH8746|X|X||0|7||||132|147|132|147|[]|636148143458440000|13:45:45:844
21|2.1|636147900431330856|7802ba|49549.875|20.0029063046363|104.058143999738||||49549.859375|330|35250||||7802ba|CQH8746|X|X||0|7||||132|147|132|147|[]|636148143498750000|13:45:49:875
21|2.1|636147900479855708|7802ba|49554.7265625|20.011639577181|104.064946081794||||49554.7109375|330|35275||||7802ba|CQH8746|X|X|0|0|7||||132|147|132|147|[]|636148143547270000|13:45:54:727
21|2.1|636147900520419764|7802ba|49558.78125|20.0189566433671|104.070696737917||||49558.7734375|330|35275||||7802ba|CQH8746|X|X|0|0|7||||132|147|132|147|[]|636148143587810000|13:45:58:781
21|2.1|636147900563314053|7802ba|49563.0859375|20.0270247280767|104.077026751186||||49563.0703125|330|35275||||7802ba|CQH8746|X|X|0|0|7||||132|147|132|147|[]|636148143630860000|13:46:03:086
21|2.1|636147900606528374|7802ba|49567.390625|20.0329685032484|104.081618693016||||49567.3828125|330|35250||||7802ba|CQH8746|X|X|0|0|7||||132|147|132|147|[]|636148143673910000|13:46:07:391
21|2.1|636147900648962617|7802ba|49571.640625|20.0406718075323|104.087669756548||||49571.640625|330|35250||||7802ba|CQH8746|X|X|0|0|7||||132|147|132|147|[]|636148143716410000|13:46:11:641
21|2.1|636147900691086829|7802ba|49575.8515625|20.0487184345698|104.093935396801||||49575.8515625|330|35250||||7802ba|CQH8746|X|X|0|0|7||||132|147|132|147|[]|636148143758520000|13:46:15:852
21|2.1|636147900732310951|7802ba|49579.9765625|20.0557350933465|104.099428560859||||49579.9609375|330|35250||||7802ba|CQH8746|X|X|0|0|7||||132|147|132|147|[]|636148143799770000|13:46:19:977
21|2.1|636147900776265346|7802ba|49584.3671875|20.063781720384|104.105715658784||||49584.3515625|330|35250||||7802ba|CQH8746|X|X|0|0|7||||132|147|132|147|[]|636148143843670000|13:46:24:367
21|2.1|636147900816209340|7802ba|49588.3671875|20.0710987865701|104.111487772579||||49588.359375|330|35250||||7802ba|CQH8746|X|X||0|7||||132|147|132|147|[]|636148143883670000|13:46:28:367
21|2.1|636147900856913410|7802ba|49592.4375|20.0767421543324|104.115865137687||||49592.4296875|330|35275||||7802ba|CQH8746|X|X||0|7||||132|147|132|147|[]|636148143924380000|13:46:32:438
21|2.1|636147900897327451|7802ba|49596.4609375|20.0844454586163|104.121873285875||||49596.4609375|330|35250||||7802ba|CQH8746|X|X|0|0|7||||132|147|132|147|[]|636148143964610000|13:46:36:461
21|2.1|636147900939141632|7802ba|49600.65625|20.0917625248024|104.127623941998||||49600.640625|330|35250||||7802ba|CQH8746|X|X|0|0|7||||132|147|132|147|[]|636148144006560000|13:46:40:656
21|2.1|636147900980935811|7802ba|49604.8203125|20.0994872867584|104.13367500553||||49604.8125|330|35250||||7802ba|CQH8746|X|X|0|0|7||||132|147|132|147|[]|636148144048200000|13:46:44:820
21|2.1|636147901022289946|7802ba|49608.9765625|20.1068472682887|104.139404203981||||49608.9609375|330|35250||||7802ba|CQH8746|X|X|0|0|7||||132|147|132|147|[]|636148144089770000|13:46:48:977
21|2.1|636147901062533970|7802ba|49613.0078125|20.114207249819|104.145154860104||||49612.9921875|330|35250||||7802ba|CQH8746|X|X|0|0|7||||132|147|132|147|[]|636148144130080000|13:46:53:008
21|2.1|636147901105118228|7802ba|49617.2578125|20.1204728900722|104.150090124687||||49617.2421875|330|35250||||7802ba|CQH8746|X|X|0|0|7||||132|147|132|147|[]|636148144172580000|13:46:57:258
21|2.1|636147901145682284|7802ba|49621.3125|20.1278328716025|104.155840780809||||49621.3046875|330|35250||||7802ba|CQH8746|X|X|0|0|7||||132|147|132|147|[]|636148144213130000|13:47:01:313
21|2.1|636147901185626278|7802ba|49625.3125|20.1351928531328|104.16156997926||||49625.3046875|330|35250||||7802ba|CQH8746|X|X|0|0|7||||132|147|132|147|[]|636148144253130000|13:47:05:313
21|2.1|636147901226030318|7802ba|49629.34375|20.1425528346631|104.167320635383||||49629.3359375|330|35275||||7802ba|CQH8746|X|X|0|0|7||||132|147|132|147|[]|636148144293440000|13:47:09:344
21|2.1|636147901268304545|7802ba|49633.578125|20.150256138947|104.173393156587||||49633.5625|330|35250||||7802ba|CQH8746|X|X|0|0|7||||132|147|132|147|[]|636148144335780000|13:47:13:578
21|2.1|636147901308708585|7802ba|49637.6171875|20.1572513400516|104.178843405301||||49637.609375|330|35250||||7802ba|CQH8746|X|X|0|0|7||||132|147|132|147|[]|636148144376170000|13:47:17:617
21|2.1|636147901353323046|7802ba|49642.078125|20.1639246760747|104.184057619621||||49642.0625|330|35250||||7802ba|CQH8746|X|X|0|0|7||||132|147|132|147|[]|636148144420780000|13:47:22:078
21|2.1|636147901393417055|7802ba|49646.0859375|20.1712631999329|104.189851191088||||49646.0859375|330|35250||||7802ba|CQH8746|X|X|0|0|7||||132|147|132|147|[]|636148144460860000|13:47:26:086
21|2.1|636147901436481361|7802ba|49650.3828125|20.1789450465447|104.195859339276||||49650.375|330|35250||||7802ba|CQH8746|X|X|0|0|7||||132|147|132|147|[]|636148144503830000|13:47:30:383
21|2.1|636147901478445557|7802ba|49654.5859375|20.1866698085007|104.201867487464||||49654.5703125|330|35250||||7802ba|CQH8746|X|X|0|0|7||||132|147|132|147|[]|636148144545860000|13:47:34:586
21|2.1|636147901520719784|7802ba|49658.8125|20.1943731127846|104.207918550996||||49658.8046875|330|35250||||7802ba|CQH8746|X|X|0|0|7||||132|147|132|147|[]|636148144588130000|13:47:38:813
21|2.1|636147901565494261|7802ba|49663.296875|20.2010679064798|104.213154222989||||49663.2890625|330|35250||||7802ba|CQH8746|X|X|0|0|7||||132|147|132|147|[]|636148144632970000|13:47:43:297
21|2.1|636147901607298441|7802ba|49667.4765625|20.2087497530916|104.219205286521||||49667.4609375|330|35275||||7802ba|CQH8746|X|X|0|0|7||||132|147|132|147|[]|636148144674770000|13:47:47:477
21|2.1|636147901650672778|7802ba|49671.8125|20.2161526499661|104.224955942644||||49671.8125|330|35250||||7802ba|CQH8746|X|X|0|0|7||||132|147|132|147|[]|636148144718130000|13:47:51:813
21|2.1|636147901694197130|7802ba|49676.1640625|20.2241992770036|104.231243040569||||49676.15625|330|35250||||7802ba|CQH8746|X|X|0|0|7||||132|147|132|147|[]|636148144761640000|13:47:56:164
21|2.1|636147901735071217|7802ba|49680.2421875|20.2315592585339|104.237036612036||||49680.2421875|330|35250||||7802ba|CQH8746|X|X|0|0|7||||132|147|132|147|[]|636148144802420000|13:48:00:242
21|2.1|636147901778435553|7802ba|49684.59375|20.2396488009156|104.243323709961||||49684.59375|330|35250||||7802ba|CQH8746|X|X|0|0|7||||132|147|132|147|[]|636148144845940000|13:48:04:594
21|2.1|636147901818699579|7802ba|49688.6171875|20.2452921686779|104.247722532742||||49688.6015625|330|35250||||7802ba|CQH8746|X|X|0|0|7||||132|147|132|147|[]|636148144886170000|13:48:08:617
21|2.1|636147901863004009|7802ba|49693.03125|20.2533387957154|104.254052546011||||49693.03125|330|35250||||7802ba|CQH8746|X|X|0|0|7||||132|147|132|147|[]|636148144930310000|13:48:13:031
21|2.1|636147901906988407|7802ba|49697.4453125|20.2613854227529|104.260361101609||||49697.4296875|330|35250||||7802ba|CQH8746|X|X|0|0|7||||132|147|132|147|[]|636148144974450000|13:48:17:445
21|2.1|636147901948952603|7802ba|49701.6328125|20.269131642381|104.266433622813||||49701.625|330|35250||||7802ba|CQH8746|X|X|0|0|7||||132|147|132|147|[]|636148145016330000|13:48:21:633
21|2.1|636147901993107018|7802ba|49706.0546875|20.2772426424348|104.272763636082||||49706.0390625|330|35250||||7802ba|CQH8746|X|X|0|0|7||||132|147|132|147|[]|636148145060550000|13:48:26:055
21|2.1|636147902038191526|7802ba|49710.546875|20.285654049898|104.279372599089||||49710.53125|330|35250||||7802ba|CQH8746|X|X|0|0|7||||132|147|132|147|[]|636148145105470000|13:48:30:547
21|2.1|636147902078745581|7802ba|49714.6015625|20.2909111795625|104.283535387477||||49714.59375|330|35250||||7802ba|CQH8746|X|X|0|0|7||||132|147|132|147|[]|636148145146020000|13:48:34:602
21|2.1|636147902118529559|7802ba|49718.6015625|20.298314076437|104.289307501271||||49718.6015625|330|35250||||7802ba|CQH8746|X|X||0|7||||132|147|132|147|[]|636148145186020000|13:48:38:602
21|2.1|636147902167054411|7802ba|49723.453125|20.3070688066538|104.296216871688||||49723.4453125|330|35250||||7802ba|CQH8746|X|X|0|0|7||||132|147|132|147|[]|636148145234530000|13:48:43:453
21|2.1|636147902216499355|7802ba|49728.3984375|20.3161883172963|104.303362276497||||49728.390625|330|35250||||7802ba|CQH8746|X|X|0|0|7||||132|147|132|147|[]|636148145283980000|13:48:48:398
21|2.1|636147902265644269|7802ba|49733.3046875|20.325350743283|104.31055059665||||49733.296875|330|35250||||7802ba|CQH8746|X|X|0|0|7||||132|147|132|147|[]|636148145333050000|13:48:53:305
21|2.1|636147902309948699|7802ba|49737.734375|20.3316807565525|104.315485861233||||49737.7265625|330|35250||||7802ba|CQH8746|X|X|0|0|7||||132|147|132|147|[]|636148145377340000|13:48:57:734
21|2.1|636147902356283332|7802ba|49742.3671875|20.3401350793599|104.32209482424||||49742.3515625|330|35250||||7802ba|CQH8746|X|X|0|0|7||||132|147|132|147|[]|636148145423670000|13:49:02:367
21|2.1|636147902396687372|7802ba|49746.40625|20.3474950608902|104.327931311051||||49746.390625|330|35250||||7802ba|CQH8746|X|X|0|0|7||||132|147|132|147|[]|636148145464060000|13:49:06:406
21|2.1|636147902443952098|7802ba|49751.1328125|20.3562927064512|104.334797766123||||49751.125|330|35250||||7802ba|CQH8746|X|X|0|0|7||||132|147|132|147|[]|636148145511330000|13:49:11:133
21|2.1|636147902484836186|7802ba|49755.2265625|20.3637170609978|104.340634252935||||49755.2265625|330|35250||||7802ba|CQH8746|X|X|0|0|7||||132|147|132|147|[]|636148145552270000|13:49:15:227
21|2.1|636147902533351037|7802ba|49760.078125|20.3710770425281|104.346449282074||||49760.0625|330|35250||||7802ba|CQH8746|X|X|0|0|7||||132|147|132|147|[]|636148145600780000|13:49:20:078
21|2.1|636147902579675669|7802ba|49764.703125|20.3795099076634|104.353058245081||||49764.6953125|330|35250||||7802ba|CQH8746|X|X|0|0|7||||132|147|132|147|[]|636148145647030000|13:49:24:703
21|2.1|636147902619619663|7802ba|49768.703125|20.3868698891937|104.358894731892||||49768.6953125|330.25|35275||||7802ba|CQH8746|X|X|0|0|7||||132|147|132|147|[]|636148145687030000|13:49:28:703
21|2.1|636147902707768477|7802ba|49777.515625|20.4023408707778|104.372563269019||||49777.5|330|35250||||7802ba|CQH8746|X|X||0|7||||132|147|132|147|[]|636148145775160000|13:49:37:516
21|2.1|636147902751292829|7802ba|49781.875|20.4092931565382|104.37962284314||||49781.875|330|35250||||7802ba|CQH8746|X|X|0|0|7||||132|147|132|147|[]|636148145818750000|13:49:41:875
21|2.1|636147902792786978|7802ba|49786.015625|20.4141640481049|104.384987261165||||49786|330.25|35275||||7802ba|CQH8746|X|X|0|0|7||||132|147|132|147|[]|636148145860160000|13:49:46:016
21|2.1|636147902842241923|7802ba|49790.96875|20.4216313179957|104.394085314136||||49790.9609375|330.25|35275||||7802ba|CQH8746|X|X||0|7||||132|147|132|147|[]|636148145909690000|13:49:50:969
21|2.1|636147902886706369|7802ba|49795.40625|20.4278755005768|104.402475263927||||49795.390625|330.25|35275||||7802ba|CQH8746|X|X|0|0|7||||132|147|132|147|[]|636148145954060000|13:49:55:406
21|2.1|636147902933191017|7802ba|49800.0546875|20.4342913445347|104.411315824832||||49800.046875|330.25|35275||||7802ba|CQH8746|X|X||0|7||||132|147|132|147|[]|636148146000550000|13:50:00:055
21|2.1|636147902975785276|7802ba|49804.3125|20.4403853234111|104.419791605312||||49804.3046875|330.25|35275||||7802ba|CQH8746|X|X||0|7||||132|147|132|147|[]|636148146043130000|13:50:04:313
21|2.1|636147903024140111|7802ba|49809.1484375|20.4456853684198|104.427215959858||||49809.140625|330.25|35275||||7802ba|CQH8746|X|X||0|7||||132|147|132|147|[]|636148146091480000|13:50:09:148
21|2.1|636147903067194416|7802ba|49813.46875|20.4516076859194|104.435284044568||||49813.453125|330.25|35275||||7802ba|CQH8746|X|X|0|0|7||||132|147|132|147|[]|636148146134690000|13:50:13:469
21|2.1|636147903112748971|7802ba|49818.015625|20.4580449875494|104.444081690129||||49818|330.25|35275||||7802ba|CQH8746|X|X|0|0|7||||132|147|132|147|[]|636148146180160000|13:50:18:016
21|2.1|636147903155503246|7802ba|49822.2890625|20.4642891701305|104.45247163992||||49822.2734375|330.25|35275||||7802ba|CQH8746|X|X|0|0|7||||132|147|132|147|[]|636148146222890000|13:50:22:289
21|2.1|636147903198247520|7802ba|49826.5546875|20.4702758606464|104.460496809285||||49826.546875|330.25|35275||||7802ba|CQH8746|X|X|0|0|7||||132|147|132|147|[]|636148146265550000|13:50:26:555
21|2.1|636147903246452340|7802ba|49831.3828125|20.4757261093598|104.467749502455||||49831.375|330.25|35275||||7802ba|CQH8746|X|X|0|0|7||||132|147|132|147|[]|636148146313830000|13:50:31:383
21|2.1|636147903294187113|7802ba|49836.15625|20.4825711067597|104.476826097753||||49836.140625|330.25|35275||||7802ba|CQH8746|X|X|0|0|7||||132|147|132|147|[]|636148146361560000|13:50:36:156
21|2.1|636147903336151309|7802ba|49840.3515625|20.4885792549477|104.484786894102||||49840.34375|330.25|35275||||7802ba|CQH8746|X|X|0|0|7||||132|147|132|147|[]|636148146403520000|13:50:40:352
21|2.1|636147903498867579|7802ba|49856.6328125|20.5102729614408|104.513389971012||||49856.625|330|35250||||7802ba|CQH8746|X|X||0|7||||132|147|132|147|[]|636148146566330000|13:50:56:633
21|2.1|636147903543011993|7802ba|49861.0390625|20.516538601694|104.521737005459||||49861.03125|330|35250||||7802ba|CQH8746|X|X|0|0|7||||132|147|132|147|[]|636148146610390000|13:51:01:039
21|2.1|636147903583266018|7802ba|49865.0625|20.5223107154889|104.52931156371||||49865.0546875|330|35250||||7802ba|CQH8746|X|X||0|7||||132|147|132|147|[]|636148146650630000|13:51:05:063
21|2.1|636147903623510042|7802ba|49869.09375|20.5283188636769|104.537315275403||||49869.09375|330|35250||||7802ba|CQH8746|X|X||0|7||||132|147|132|147|[]|636148146690940000|13:51:09:094
21|2.1|636147903666104301|7802ba|49873.359375|20.5340909774718|104.544889833655||||49873.34375|330|35250||||7802ba|CQH8746|X|X|0|0|7||||132|147|132|147|[]|636148146733590000|13:51:13:359
21|2.1|636147903707448435|7802ba|49877.484375|20.5400776679877|104.552872087676||||49877.4765625|330|35250||||7802ba|CQH8746|X|X|0|0|7||||132|147|132|147|[]|636148146774840000|13:51:17:484
21|2.1|636147903748322522|7802ba|49881.578125|20.5444764907682|104.558644201471||||49881.5625|330|35250||||7802ba|CQH8746|X|X|0|0|7||||132|147|132|147|[]|636148146815780000|13:51:21:578
21|2.1|636147903789346624|7802ba|49885.671875|20.5504846389562|104.566626455492||||49885.6640625|330|35250||||7802ba|CQH8746|X|X|0|0|7||||132|147|132|147|[]|636148146856720000|13:51:25:672
21|2.1|636147903836621351|7802ba|49890.3984375|20.5570292289467|104.575316812692||||49890.3828125|330|35250||||7802ba|CQH8746|X|X|0|0|7||||132|147|132|147|[]|636148146903980000|13:51:30:398
21|2.1|636147903884826171|7802ba|49895.21875|20.5638527686745|104.584393407991||||49895.203125|330|35250||||7802ba|CQH8746|X|X||0|7||||132|147|132|147|[]|636148146952190000|13:51:35:219
21|2.1|636147903926010289|7802ba|49899.34375|20.5698609168625|104.592397119684||||49899.34375|330|35250||||7802ba|CQH8746|X|X|0|0|7||||132|147|132|147|[]|636148146993440000|13:51:39:344
21|2.1|636147903970324720|7802ba|49903.7734375|20.5747318084292|104.598877336658||||49903.7734375|330|35250||||7802ba|CQH8746|X|X|0|0|7||||132|147|132|147|[]|636148147037730000|13:51:43:773
21|2.1|636147904013219009|7802ba|49908.0546875|20.5810189063545|104.607224371105||||49908.0546875|330|35250||||7802ba|CQH8746|X|X|0|0|7||||132|147|132|147|[]|636148147080550000|13:51:48:055
21|2.1|636147904386536337|7802ba|49945.3828125|20.6320452506083|104.675545599071||||49945.3828125|330|35250||||7802ba|CQH8746|X|X||0|7||||132|147|132|147|[]|636148147453830000|13:52:25:383
21|2.1|636147904497297412|7802ba|49956.4765625|20.6466579253084|104.695114996027||||49956.4609375|330|35250||||7802ba|CQH8746|X|X|0|0|7||||132|147|132|147|[]|636148147564770000|13:52:36:477
21|2.1|636147904547382420|7802ba|49961.4765625|20.6536960417572|104.704556371751||||49961.4609375|330|35250||||7802ba|CQH8746|X|X|0|0|7||||132|147|132|147|[]|636148147614770000|13:52:41:477
21|2.1|636147904596367318|7802ba|49966.375|20.6604766661408|104.713632967049||||49966.3671875|330|35250||||7802ba|CQH8746|X|X||0|7||||132|147|132|147|[]|636148147663750000|13:52:46:375
21|2.1|636147904645972278|7802ba|49971.3359375|20.6675147825896|104.723074342773||||49971.328125|330|35250||||7802ba|CQH8746|X|X|0|0|7||||132|147|132|147|[]|636148147713360000|13:52:51:336
21|2.1|636147904693707051|7802ba|49976.1171875|20.6729221159588|104.730327035943||||49976.1171875|330|35250||||7802ba|CQH8746|X|X|0|0|7||||132|147|132|147|[]|636148147761170000|13:52:56:117
