21|2.1|636147897437431496|78095c|49250.4921875|15.5025029044149|108.662638567317||||49250.484375|360|38450||||78095c|LKE9677|X|X|0|0|7||||132|163|132|163|[]|636148140504920000|13:40:50:492
21|2.1|636147897496877440|78095c|49256.4296875|15.4908728461367|108.668024443014||||49256.4140625|360|38450||||78095c|LKE9677|X|X|0|0|7||||132|163|132|163|[]|636148140564300000|13:40:56:430
21|2.1|636147897537591511|78095c|49260.5|15.4848646979487|108.670813940387||||49260.5|360|38450||||78095c|LKE9677|X|X|0|0|7||||132|163|132|163|[]|636148140605000000|13:41:00:500
21|2.1|636147897594377189|78095c|49266.1875|15.473556504752|108.676028154707||||49266.1875|360|38425||||78095c|LKE9677|X|X||0|7||||132|163|132|163|[]|636148140661880000|13:41:06:188
21|2.1|636147897637591510|78095c|49270.5078125|15.4652953009935|108.679890535685||||49270.5078125|360|38450||||78095c|LKE9677|X|X|0|0|7||||132|163|132|163|[]|636148140705080000|13:41:10:508
21|2.1|636147897683306081|78095c|49275.078125|15.4562616210394|108.683988951056||||49275.0703125|360|38425||||78095c|LKE9677|X|X|0|0|7||||132|163|132|163|[]|636148140750780000|13:41:15:078
21|2.1|636147897723710121|78095c|49279.1171875|15.4482793670182|108.687508009281||||49279.1171875|360|38425||||78095c|LKE9677|X|X||0|7||||132|163|132|163|[]|636148140791170000|13:41:19:117
21|2.1|636147909121139750|78095c|50418.8515625|13.282942760063|108.419973753538||||50418.84375|340|36450||||78095c|LKE9677|X|X|0|0|7||||132|163|132|163|[]|636148152188520000|14:00:18:852
21|2.1|636147909164044040|78095c|50423.140625|13.2739519954531|108.419287108031||||50423.140625|337.75|36225||||78095c|LKE9677|X|X|0|0|7||||132|163|132|163|[]|636148152231410000|14:00:23:141
21|2.1|636147909212868922|78095c|50428.015625|13.2633304477636|108.418965242949||||50428|335|35900||||78095c|LKE9677|X|X|0|0|7||||132|163|132|163|[]|636148152280160000|14:00:28:016
21|2.1|636147909301637798|78095c|50436.890625|13.2464861751651|108.4187721239||||50436.890625|330.25|35450||||78095c|LKE9677|X|X||0|7||||132|163|132|163|[]|636148152368910000|14:00:36:891
