21|2.1|636147897422159969|780fbc|49248.9609375|17.0605015602517|105.652427579096||||49248.953125|330|35125||||780fbc|CSH856|X|X|0|0|7||||132|163|132|163|[]|636148140489610000|13:40:48:961
21|2.1|636147897427290482|780fbc|49249.484375|17.0610594597263|105.653157139947||||49249.4765625|330|35125||||780fbc|CSH856|X|X|0|0|7||||132|147|132|147|[]|636148140494840000|13:40:49:484
21|2.1|636147897463954148|780fbc|49253.140625|17.0658874359488|105.659959222003||||49253.1328125|330|35125||||780fbc|CSH856|X|X|0|0|7||||132|163|132|163|[]|636148140531410000|13:40:53:141
21|2.1|636147897469414694|780fbc|49253.6953125|17.0664453354234|105.660667325182||||49253.6796875|330|35125||||780fbc|CSH856|X|X|0|0|7||||132|147|132|147|[]|636148140536950000|13:40:53:695
21|2.1|636147897507948547|780fbc|49257.5390625|17.071509346039|105.667855645336||||49257.53125|330|35125||||780fbc|CSH856|X|X|0|0|7||||132|163|132|163|[]|636148140575390000|13:40:57:539
21|2.1|636147897513409093|780fbc|49258.0703125|17.0720243301694|105.668585206187||||49258.0625|330|35125||||780fbc|CSH856|X|X|0|0|7||||132|147|132|147|[]|636148140580700000|13:40:58:070
21|2.1|636147897550222774|780fbc|49261.7734375|17.0768952217361|105.675387288243||||49261.765625|330|35125||||780fbc|CSH856|X|X|0|0|7||||132|163|132|163|[]|636148140617730000|13:41:01:773
21|2.1|636147897556003352|780fbc|49262.34375|17.0776462402596|105.676438714176||||49262.3359375|330|35125||||780fbc|CSH856|X|X|0|0|7||||132|147|132|147|[]|636148140623440000|13:41:02:344
21|2.1|636147897592356987|780fbc|49265.984375|17.0822810974332|105.682897473478||||49265.96875|330|35125||||780fbc|CSH856|X|X|0|0|7||||132|163|132|163|[]|636148140659840000|13:41:05:984
21|2.1|636147897596877439|780fbc|49266.4296875|17.0827746238915|105.683605576657||||49266.421875|330|35125||||780fbc|CSH856|X|X|0|0|7||||132|147|132|147|[]|636148140664300000|13:41:06:430
21|2.1|636147897637751526|780fbc|49270.53125|17.0879030075234|105.690750981467||||49270.5234375|330|35125||||780fbc|CSH856|X|X|0|0|7||||132|147|132|147|[]|636148140705310000|13:41:10:531
21|2.1|636147897637901541|780fbc|49270.53125|17.0879030075234|105.690750981467||||49270.5234375|330|35125||||780fbc|CSH856|X|X|0|0|7||||132|163|132|163|[]|636148140705310000|13:41:10:531
21|2.1|636147897679245675|780fbc|49274.671875|17.0932459678763|105.698282624374||||49274.6640625|330|35125||||780fbc|CSH856|X|X|0|0|7||||132|147|132|147|[]|636148140746720000|13:41:14:672
21|2.1|636147897688756626|780fbc|49275.6171875|17.0945334282023|105.700042153486||||49275.609375|330|35125||||780fbc|CSH856|X|X|0|0|7||||132|163|132|163|[]|636148140756170000|13:41:15:617
21|2.1|636147897719339684|780fbc|49278.671875|17.0983528938361|105.705449486855||||49278.6640625|330|35125||||780fbc|CSH856|X|X|0|0|7||||132|147|132|147|[]|636148140786720000|13:41:18:672
21|2.1|636147897730100760|780fbc|49279.75|17.0998978462273|105.707552338721||||49279.7421875|330|35125||||780fbc|CSH856|X|X|0|0|7||||132|163|132|163|[]|636148140797500000|13:41:19:750
21|2.1|636147897760213771|780fbc|49282.75|17.103695854189|105.71295967209||||49282.7421875|330|35125||||780fbc|CSH856|X|X|0|0|7||||132|147|132|147|[]|636148140827500000|13:41:22:750
21|2.1|636147897773785128|780fbc|49284.1171875|17.1052622642523|105.715083981628||||49284.109375|330|35125||||780fbc|CSH856|X|X|0|0|7||||132|163|132|163|[]|636148140841170000|13:41:24:117
21|2.1|636147897803888138|780fbc|49287.140625|17.1093392219513|105.720813180079||||49287.1328125|330|35125||||780fbc|CSH856|X|X|0|0|7||||132|147|132|147|[]|636148140871410000|13:41:27:141
21|2.1|636147897817149464|780fbc|49288.4609375|17.1108412589983|105.722980404961||||49288.453125|330|35125||||780fbc|CSH856|X|X|0|0|7||||132|163|132|163|[]|636148140884610000|13:41:28:461
21|2.1|636147897848512600|780fbc|49291.59375|17.1149182166973|105.728709603412||||49291.5859375|330|35125||||780fbc|CSH856|X|X|0|0|7||||132|147|132|147|[]|636148140915940000|13:41:31:594
21|2.1|636147897857713520|780fbc|49292.5234375|17.1159696426302|105.730147267442||||49292.515625|330|35125||||780fbc|CSH856|X|X|0|0|7||||132|163|132|163|[]|636148140925230000|13:41:32:523
21|2.1|636147897893757124|780fbc|49296.125|17.1205401267875|105.736606026744||||49296.109375|330|35125||||780fbc|CSH856|X|X|0|0|7||||132|147|132|147|[]|636148140961250000|13:41:36:125
21|2.1|636147897899217670|780fbc|49296.671875|17.1213126029831|105.737678910349||||49296.6640625|330|35125||||780fbc|CSH856|X|X|0|0|7||||132|163|132|163|[]|636148140966720000|13:41:36:672
21|2.1|636147897935721320|780fbc|49300.3203125|17.1258616294683|105.744094754307||||49300.3125|330|35125||||780fbc|CSH856|X|X|0|0|7||||132|147|132|147|[]|636148141003200000|13:41:40:320
21|2.1|636147897939771725|780fbc|49300.734375|17.1263766135987|105.744824315159||||49300.7265625|330|35125||||780fbc|CSH856|X|X|0|0|7||||132|163|132|163|[]|636148141007340000|13:41:40:734
21|2.1|636147897981895937|780fbc|49304.9296875|17.1317624892958|105.752377415738||||49304.921875|330|35125||||780fbc|CSH856|X|X|0|0|7||||132|163|132|163|[]|636148141049300000|13:41:44:930
21|2.1|636147897981895937|780fbc|49304.9296875|17.1317624892958|105.752377415738||||49304.921875|330|35125||||780fbc|CSH856|X|X|0|0|7||||132|147|132|147|[]|636148141049300000|13:41:44:930
21|2.1|636147898025420289|780fbc|49309.2890625|17.1373414840418|105.760230923726||||49309.28125|330|35125||||780fbc|CSH856|X|X|0|0|7||||132|163|132|163|[]|636148141092890000|13:41:49:289
21|2.1|636147898030100757|780fbc|49309.75|17.1381139602374|105.761303807331||||49309.7421875|330|35125||||780fbc|CSH856|X|X|0|0|7||||132|147|132|147|[]|636148141097500000|13:41:49:750
21|2.1|636147898066304377|780fbc|49313.3671875|17.1427273597389|105.767784024306||||49313.359375|330|35125||||780fbc|CSH856|X|X|0|0|7||||132|163|132|163|[]|636148141133670000|13:41:53:367
21|2.1|636147898070504797|780fbc|49313.7890625|17.1432423438693|105.768470669813||||49313.78125|330|35125||||780fbc|CSH856|X|X|0|0|7||||132|147|132|147|[]|636148141137890000|13:41:53:789
21|2.1|636147898112939040|780fbc|49318.0390625|17.1486067618943|105.775980855048||||49318.03125|330|35125||||780fbc|CSH856|X|X|0|0|7||||132|163|132|163|[]|636148141180390000|13:41:58:039
21|2.1|636147898112939040|780fbc|49318.0390625|17.1486067618943|105.775980855048||||49318.03125|330|35125||||780fbc|CSH856|X|X|0|0|7||||132|147|132|147|[]|636148141180390000|13:41:58:039
21|2.1|636147898155683314|780fbc|49322.3125|17.1539497222472|105.783533955627||||49322.3046875|330|35125||||780fbc|CSH856|X|X|0|0|7||||132|163|132|163|[]|636148141223130000|13:42:02:313
21|2.1|636147898160673813|780fbc|49322.8125|17.1547436561149|105.784606839232||||49322.8046875|330|35125||||780fbc|CSH856|X|X|0|0|7||||132|147|132|147|[]|636148141228130000|13:42:02:813
21|2.1|636147898199207666|780fbc|49326.671875|17.1595716323374|105.791366005944||||49326.6640625|330|35125||||780fbc|CSH856|X|X|0|0|7||||132|163|132|163|[]|636148141266720000|13:42:06:672
21|2.1|636147898205138259|780fbc|49327.25|17.1603655662051|105.792460347221||||49327.2421875|330|35125||||780fbc|CSH856|X|X|0|0|7||||132|147|132|147|[]|636148141272500000|13:42:07:250
21|2.1|636147898239771722|780fbc|49330.71875|17.1647000159693|105.798532868425||||49330.7109375|330|35125||||780fbc|CSH856|X|X||0|7||||132|163|132|163|[]|636148141307190000|13:42:10:719
21|2.1|636147898249602705|780fbc|49331.7109375|17.1659445609511|105.800356770553||||49331.703125|330|35125||||780fbc|CSH856|X|X|0|0|7||||132|147|132|147|[]|636148141317110000|13:42:11:711
21|2.1|636147898291096854|780fbc|49335.8515625|17.1713518943203|105.807845498116||||49335.84375|330|35125||||780fbc|CSH856|X|X|0|0|7||||132|163|132|163|[]|636148141358520000|13:42:15:852
21|2.1|636147898291096854|780fbc|49335.8515625|17.1713518943203|105.807845498116||||49335.84375|330|35125||||780fbc|CSH856|X|X|0|0|7||||132|147|132|147|[]|636148141358520000|13:42:15:852
21|2.1|636147898335091253|780fbc|49340.25|17.1769308890663|105.815741921449||||49340.2421875|330|35125||||780fbc|CSH856|X|X|0|0|7||||132|147|132|147|[]|636148141402500000|13:42:20:250
21|2.1|636147898340081752|780fbc|49340.75|17.177724822934|105.816836262726||||49340.7421875|330|35125||||780fbc|CSH856|X|X|0|0|7||||132|163|132|163|[]|636148141407500000|13:42:20:750
21|2.1|636147898379395683|780fbc|49344.6953125|17.1825742568286|105.823638344782||||49344.6796875|330|35125||||780fbc|CSH856|X|X|0|0|7||||132|147|132|147|[]|636148141446950000|13:42:24:695
21|2.1|636147898389226666|780fbc|49345.671875|17.1838617171546|105.825419331566||||49345.6640625|330|35125||||780fbc|CSH856|X|X|0|0|7||||132|163|132|163|[]|636148141456720000|13:42:25:672
21|2.1|636147898419959739|780fbc|49348.7421875|17.1879172171815|105.831148530017||||49348.734375|330|35125||||780fbc|CSH856|X|X|0|0|7||||132|147|132|147|[]|636148141487420000|13:42:28:742
21|2.1|636147898438521595|780fbc|49350.6015625|17.1902561034404|105.834388638504||||49350.59375|330|35125||||780fbc|CSH856|X|X|0|0|7||||132|163|132|163|[]|636148141506020000|13:42:30:602
21|2.1|636147898461923935|780fbc|49352.9453125|17.1933245505507|105.838701630596||||49352.9296875|330|35125||||780fbc|CSH856|X|X|0|0|7||||132|147|132|147|[]|636148141529450000|13:42:32:945
21|2.1|636147898487046447|780fbc|49355.453125|17.196392997661|105.843014622688||||49355.4453125|330|35125||||780fbc|CSH856|X|X|0|0|7||||132|163|132|163|[]|636148141554530000|13:42:35:453
21|2.1|636147898502177960|780fbc|49356.9609375|17.1983885611663|105.845868493078||||49356.953125|330|35125||||780fbc|CSH856|X|X|0|0|7||||132|147|132|147|[]|636148141569610000|13:42:36:961
21|2.1|636147898527910533|780fbc|49359.53125|17.2014784659487|105.85018148517||||49359.5234375|330|35125||||780fbc|CSH856|X|X|0|0|7||||132|163|132|163|[]|636148141595310000|13:42:39:531
21|2.1|636147898542742016|780fbc|49361.0234375|17.2035169447982|105.853078270903||||49361.015625|330|35125||||780fbc|CSH856|X|X|0|0|7||||132|147|132|147|[]|636148141610230000|13:42:41:023
21|2.1|636147898576585400|780fbc|49364.4140625|17.2078943099066|105.859150792107||||49364.40625|330|35125||||780fbc|CSH856|X|X|0|0|7||||132|163|132|163|[]|636148141644140000|13:42:44:414
21|2.1|636147898585796321|780fbc|49365.3203125|17.2089028204953|105.860588456138||||49365.3125|330|35125||||780fbc|CSH856|X|X|0|0|7||||132|147|132|147|[]|636148141653200000|13:42:45:320
21|2.1|636147898627600501|780fbc|49369.515625|17.2142243231761|105.868141556717||||49369.5|330|35125||||780fbc|CSH856|X|X|0|0|7||||132|147|132|147|[]|636148141695160000|13:42:49:516
21|2.1|636147898631820923|780fbc|49369.921875|17.2147393073065|105.868871117569||||49369.9140625|330|35125||||780fbc|CSH856|X|X|0|0|7||||132|163|132|163|[]|636148141699220000|13:42:49:922
21|2.1|636147898673775118|780fbc|49374.125|17.2201037253315|105.876402760476||||49374.1171875|330|35125||||780fbc|CSH856|X|X|0|0|7||||132|147|132|147|[]|636148141741250000|13:42:54:125
21|2.1|636147898677835524|780fbc|49374.53125|17.2206187094619|105.877132321327||||49374.5234375|330|35125||||780fbc|CSH856|X|X|0|0|7||||132|163|132|163|[]|636148141745310000|13:42:54:531
21|2.1|636147898718859626|780fbc|49378.6328125|17.2259616698148|105.884663964234||||49378.625|330|35125||||780fbc|CSH856|X|X|0|0|7||||132|163|132|163|[]|636148141786330000|13:42:58:633
21|2.1|636147898718869627|780fbc|49378.6328125|17.2259616698148|105.884663964234||||49378.625|330|35125||||780fbc|CSH856|X|X|0|0|7||||132|147|132|147|[]|636148141786330000|13:42:58:633
21|2.1|636147898762854025|780fbc|49383.03125|17.2315406645608|105.892560387567||||49383.0234375|330|35125||||780fbc|CSH856|X|X|0|0|7||||132|147|132|147|[]|636148141830310000|13:43:03:031
21|2.1|636147898768164556|780fbc|49383.5625|17.2322916830843|105.893654728844||||49383.5546875|330|35125||||780fbc|CSH856|X|X|0|0|7||||132|163|132|163|[]|636148141835630000|13:43:03:563
21|2.1|636147898803578097|780fbc|49387.109375|17.2366261328485|105.899727250049||||49387.1015625|330|35125||||780fbc|CSH856|X|X|0|0|7||||132|147|132|147|[]|636148141871090000|13:43:07:109
21|2.1|636147898808248564|780fbc|49387.5703125|17.2373556936999|105.900821591326||||49387.5625|330|35125||||780fbc|CSH856|X|X|0|0|7||||132|163|132|163|[]|636148141875700000|13:43:07:570
21|2.1|636147898846002339|780fbc|49391.34375|17.2422051275945|105.907623673381||||49391.3359375|330|35125||||780fbc|CSH856|X|X|0|0|7||||132|147|132|147|[]|636148141913440000|13:43:11:344
21|2.1|636147898856923431|780fbc|49392.4375|17.2434925879205|105.909404660166||||49392.4296875|330|35125||||780fbc|CSH856|X|X|0|0|7||||132|163|132|163|[]|636148141924380000|13:43:12:438
21|2.1|636147898887506489|780fbc|49395.4921875|17.2472691382101|105.914833451207||||49395.484375|330|35125||||780fbc|CSH856|X|X|0|0|7||||132|147|132|147|[]|636148141954920000|13:43:15:492
21|2.1|636147898897177456|780fbc|49396.4609375|17.2485780562082|105.916592980319||||49396.453125|330|35125||||780fbc|CSH856|X|X|0|0|7||||132|163|132|163|[]|636148141964610000|13:43:16:461
21|2.1|636147898931960934|780fbc|49399.9375|17.2528695906282|105.92272987454||||49399.921875|330|35125||||780fbc|CSH856|X|X|0|0|7||||132|147|132|147|[]|636148141999380000|13:43:19:938
21|2.1|636147898937581496|780fbc|49400.5078125|17.2536635244959|105.923759842801||||49400.5|330|35125||||780fbc|CSH856|X|X||0|7||||132|163|132|163|[]|636148142005080000|13:43:20:508
21|2.1|636147898972054943|780fbc|49403.953125|17.2582340086532|105.930261517447||||49403.9453125|330|35125||||780fbc|CSH856|X|X|0|0|7||||132|147|132|147|[]|636148142039530000|13:43:23:953
21|2.1|636147898985006238|780fbc|49405.25|17.2597575033723|105.932385826985||||49405.2421875|330|35125||||780fbc|CSH856|X|X||0|7||||132|163|132|163|[]|636148142052500000|13:43:25:250
21|2.1|636147899020579795|780fbc|49408.8046875|17.2643279875296|105.938844586287||||49408.796875|330|35125||||780fbc|CSH856|X|X|0|0|7||||132|147|132|147|[]|636148142088050000|13:43:28:805
21|2.1|636147899026190356|780fbc|49409.359375|17.2651004637252|105.939938927564||||49409.3515625|330|35125||||780fbc|CSH856|X|X||0|7||||132|163|132|163|[]|636148142093590000|13:43:29:359
21|2.1|636147899074715208|780fbc|49414.2109375|17.2712159002737|105.948564911748||||49414.203125|330|35125||||780fbc|CSH856|X|X|0|0|7||||132|163|132|163|[]|636148142142110000|13:43:34:211
21|2.1|636147899132120948|780fbc|49419.953125|17.2785544241319|105.958993340389||||49419.9453125|330|35125||||780fbc|CSH856|X|X|0|0|7||||132|163|132|163|[]|636148142199530000|13:43:39:953
21|2.1|636147899174085144|780fbc|49424.1640625|17.2839188421569|105.966524983296||||49424.15625|330|35125||||780fbc|CSH856|X|X|0|0|7||||132|163|132|163|[]|636148142241640000|13:43:44:164
21|2.1|636147899222599995|780fbc|49429|17.2900128210333|105.97515096748||||49428.9921875|330|35125||||780fbc|CSH856|X|X||0|7||||132|163|132|163|[]|636148142290000000|13:43:49:000
21|2.1|636147899272064941|780fbc|49433.953125|17.2964072073191|105.98414173209||||49433.9453125|330|35125||||780fbc|CSH856|X|X|0|0|7||||132|163|132|163|[]|636148142339530000|13:43:53:953
21|2.1|636147899318389573|780fbc|49438.59375|17.3022651518024|105.992360020504||||49438.5859375|330|35125||||780fbc|CSH856|X|X|0|0|7||||132|163|132|163|[]|636148142385940000|13:43:58:594
21|2.1|636147899375805314|780fbc|49444.3203125|17.3093890989396|106.002466584063||||49444.3125|330|35150||||780fbc|CSH856|X|X|0|0|7||||132|163|132|163|[]|636148142443200000|13:44:04:320
21|2.1|636147899415739307|780fbc|49448.3203125|17.3144531095552|106.009633446545||||49448.3125|330|35125||||780fbc|CSH856|X|X||0|7||||132|163|132|163|[]|636148142483200000|13:44:08:320
21|2.1|636147899456303363|780fbc|49452.3828125|17.3198175275802|106.017208004796||||49452.375|330|35125||||780fbc|CSH856|X|X|0|0|7||||132|163|132|163|[]|636148142523830000|13:44:12:383
21|2.1|636147899505128245|780fbc|49457.2578125|17.3258900487845|106.02583398898||||49457.25|330|35125||||780fbc|CSH856|X|X|0|0|7||||132|163|132|163|[]|636148142572580000|13:44:17:258
21|2.1|636147899545842316|780fbc|49461.328125|17.3312115514653|106.033365631887||||49461.3203125|330|35150||||780fbc|CSH856|X|X|0|0|7||||132|163|132|163|[]|636148142613280000|13:44:21:328
21|2.1|636147899586406372|780fbc|49465.3828125|17.3363399350972|106.040575409713||||49465.375|330|35150||||780fbc|CSH856|X|X||0|7||||132|163|132|163|[]|636148142653830000|13:44:25:383
21|2.1|636147899631800911|780fbc|49469.921875|17.3419189298432|106.048471833046||||49469.9140625|330|35125||||780fbc|CSH856|X|X|0|0|7||||132|163|132|163|[]|636148142699220000|13:44:29:922
21|2.1|636147899681575888|780fbc|49474.8984375|17.3482918584569|106.057441139984||||49474.890625|330|35125||||780fbc|CSH856|X|X|0|0|7||||132|163|132|163|[]|636148142748980000|13:44:34:898
21|2.1|636147899731180848|780fbc|49479.859375|17.3546218717264|106.066431904593||||49479.8515625|330|35150||||780fbc|CSH856|X|X|0|0|7||||132|163|132|163|[]|636148142798590000|13:44:39:859
21|2.1|636147899779225652|780fbc|49484.6640625|17.3606729352586|106.075014973433||||49484.65625|330|35150||||780fbc|CSH856|X|X|0|0|7||||132|163|132|163|[]|636148142846640000|13:44:44:664
21|2.1|636147899828680597|780fbc|49489.625|17.3668742024955|106.084134484076||||49489.6171875|330|35150||||780fbc|CSH856|X|X|0|0|7||||132|163|132|163|[]|636148142896250000|13:44:49:625
21|2.1|636147899888126541|780fbc|49495.5625|17.3739123189443|106.095249558224||||49495.5546875|330|35125||||780fbc|CSH856|X|X||0|7||||132|163|132|163|[]|636148142955630000|13:44:55:563
21|2.1|636147899928840612|780fbc|49499.6328125|17.3785471761179|106.102781201131||||49499.625|330|35125||||780fbc|CSH856|X|X||0|7||||132|163|132|163|[]|636148142996330000|13:44:59:633
21|2.1|636147899975955323|780fbc|49504.34375|17.3840403401755|106.111793423413||||49504.3359375|330|35125||||780fbc|CSH856|X|X||0|7||||132|163|132|163|[]|636148143043440000|13:45:04:344
21|2.1|636147900024790206|780fbc|49509.21875|17.3895764195773|106.120805645695||||49509.2109375|330|35125||||780fbc|CSH856|X|X||0|7||||132|163|132|163|[]|636148143092190000|13:45:09:219
21|2.1|636147900071894916|780fbc|49513.921875|17.3948979222581|106.129410172207||||49513.90625|330|35125||||780fbc|CSH856|X|X|0|0|7||||132|163|132|163|[]|636148143139220000|13:45:13:922
21|2.1|636147900121039830|780fbc|49518.8515625|17.4006914937251|106.138765717243||||49518.84375|330|35125||||780fbc|CSH856|X|X|0|0|7||||132|163|132|163|[]|636148143188520000|13:45:18:852
21|2.1|636147900170644790|780fbc|49523.7890625|17.4064850651921|106.14814271995||||49523.78125|330|35125||||780fbc|CSH856|X|X|0|0|7||||132|163|132|163|[]|636148143237890000|13:45:23:789
21|2.1|636147900218539579|780fbc|49528.6015625|17.4120211445939|106.157112026888||||49528.59375|330|35125||||780fbc|CSH856|X|X|0|0|7||||132|163|132|163|[]|636148143286020000|13:45:28:602
21|2.1|636147900259573682|780fbc|49532.703125|17.4166345440954|106.164622212123||||49532.6953125|330|35125||||780fbc|CSH856|X|X|0|0|7||||132|163|132|163|[]|636148143327030000|13:45:32:703
21|2.1|636147900300757800|780fbc|49536.8203125|17.42148397799|106.17245426244||||49536.8125|330|35125||||780fbc|CSH856|X|X|0|0|7||||132|163|132|163|[]|636148143368200000|13:45:36:820
21|2.1|636147900349432667|780fbc|49541.6875|17.427062972736|106.181423569377||||49541.6875|330|35125||||780fbc|CSH856|X|X|0|0|7||||132|163|132|163|[]|636148143416880000|13:45:41:688
21|2.1|636147900398887612|780fbc|49546.6328125|17.4328350865309|106.190800572085||||49546.625|330|35125||||780fbc|CSH856|X|X|0|0|7||||132|163|132|163|[]|636148143466330000|13:45:46:633
21|2.1|636147900445372260|780fbc|49551.28125|17.4381351315396|106.199383640925||||49551.2734375|330|35125||||780fbc|CSH856|X|X|0|0|7||||132|163|132|163|[]|636148143512810000|13:45:51:281
21|2.1|636147900486096332|780fbc|49555.3515625|17.4430274807784|106.207237148914||||49555.34375|330|35125||||780fbc|CSH856|X|X|0|0|7||||132|163|132|163|[]|636148143553520000|13:45:55:352
21|2.1|636147900526500372|780fbc|49559.390625|17.4476408802799|106.214747334149||||49559.3828125|330|35125||||780fbc|CSH856|X|X|0|0|7||||132|163|132|163|[]|636148143593910000|13:45:59:391
21|2.1|636147900573785100|780fbc|49564.125|17.4529623829607|106.223330402989||||49564.1171875|330|35150||||780fbc|CSH856|X|X|0|0|7||||132|163|132|163|[]|636148143641250000|13:46:04:125
21|2.1|636147900623380059|780fbc|49569.078125|17.4587130390835|106.232685948024||||49569.0703125|330|35150||||780fbc|CSH856|X|X|0|0|7||||132|163|132|163|[]|636148143690780000|13:46:09:078
21|2.1|636147900669874708|780fbc|49573.734375|17.4640559994364|106.241311932208||||49573.7265625|330|35150||||780fbc|CSH856|X|X|0|0|7||||132|163|132|163|[]|636148143737340000|13:46:13:734
21|2.1|636147900718229543|780fbc|49578.5625|17.4698066555592|106.250688934916||||49578.5546875|330|35125||||780fbc|CSH856|X|X|0|0|7||||132|163|132|163|[]|636148143785630000|13:46:18:563
21|2.1|636147900768614581|780fbc|49583.609375|17.4755787693541|106.260108852968||||49583.6015625|330|35150||||780fbc|CSH856|X|X|0|0|7||||132|163|132|163|[]|636148143836090000|13:46:23:609
21|2.1|636147900817919511|780fbc|49588.5390625|17.481350883149|106.269485855676||||49588.53125|330|35150||||780fbc|CSH856|X|X|0|0|7||||132|163|132|163|[]|636148143885390000|13:46:28:539
21|2.1|636147900867534472|780fbc|49593.4921875|17.486929877895|106.278498077958||||49593.484375|330|35150||||780fbc|CSH856|X|X|0|0|7||||132|163|132|163|[]|636148143934920000|13:46:33:492
21|2.1|636147900915729291|780fbc|49598.3125|17.4924659572968|106.287467384896||||49598.3046875|330|35150||||780fbc|CSH856|X|X||0|7||||132|163|132|163|[]|636148143983130000|13:46:38:313
21|2.1|636147900957073425|780fbc|49602.453125|17.4973368488635|106.2953852659||||49602.4453125|330|35125||||780fbc|CSH856|X|X|0|0|7||||132|163|132|163|[]|636148144024530000|13:46:42:453
21|2.1|636147901005438261|780fbc|49607.28125|17.5028729282653|106.30437603051||||49607.2734375|330|35150||||780fbc|CSH856|X|X|0|0|7||||132|163|132|163|[]|636148144072810000|13:46:47:281
21|2.1|636147901063624079|780fbc|49613.109375|17.5096106373047|106.315276527937||||49613.1015625|330|35150||||780fbc|CSH856|X|X||0|7||||132|163|132|163|[]|636148144131090000|13:46:53:109
21|2.1|636147901111518868|780fbc|49617.8984375|17.5151467167065|106.324310207891||||49617.8984375|330|35150||||780fbc|CSH856|X|X||0|7||||132|163|132|163|[]|636148144178980000|13:46:57:898
21|2.1|636147901197787494|780fbc|49626.5234375|17.525124534233|106.340532207999||||49626.515625|330|35150||||780fbc|CSH856|X|X||0|7||||132|163|132|163|[]|636148144265230000|13:47:06:523
21|2.1|636147901267834498|780fbc|49633.5234375|17.5331926189426|106.353685760996||||49633.515625|330|35125||||780fbc|CSH856|X|X||0|7||||132|163|132|163|[]|636148144335230000|13:47:13:523
21|2.1|636147901317449459|780fbc|49638.4921875|17.5389432750654|106.363084221376||||49638.484375|330|35150||||780fbc|CSH856|X|X|0|0|7||||132|163|132|163|[]|636148144384920000|13:47:18:492
21|2.1|636147901367054419|780fbc|49643.4375|17.5447368465324|106.372482681756||||49643.4375|330|35150||||780fbc|CSH856|X|X|0|0|7||||132|163|132|163|[]|636148144434380000|13:47:23:438
21|2.1|636147901407298443|780fbc|49647.46875|17.5493502460339|106.380035782335||||49647.4609375|330|35150||||780fbc|CSH856|X|X|0|0|7||||132|163|132|163|[]|636148144474690000|13:47:27:469
21|2.1|636147901456913404|780fbc|49652.4296875|17.5551009021567|106.389434242715||||49652.421875|330|35150||||780fbc|CSH856|X|X|0|0|7||||132|163|132|163|[]|636148144524300000|13:47:32:430
21|2.1|636147901801837893|780fbc|49686.921875|17.5948405108859|106.454150581768||||49686.9140625|330|35150||||780fbc|CSH856|X|X||0|7||||132|163|132|163|[]|636148144869220000|13:48:06:922
21|2.1|636147901892636972|780fbc|49696|17.6054620585754|106.471488380825||||49695.9921875|330|35150||||780fbc|CSH856|X|X|0|0|7||||132|163|132|163|[]|636148144960000000|13:48:16:000
21|2.1|636147901933361044|780fbc|49700.0703125|17.6100325427327|106.479062939076||||49700.0625|330|35125||||780fbc|CSH856|X|X|0|0|7||||132|163|132|163|[]|636148145000700000|13:48:20:070
21|2.1|636147902144742180|780fbc|49721.2109375|17.6345157465988|106.519060039871||||49721.203125|330|35150||||780fbc|CSH856|X|X|0|0|7||||132|163|132|163|[]|636148145212110000|13:48:41:211
21|2.1|636147902192636969|780fbc|49726.0078125|17.6401161990169|106.528115177497||||49726.0078125|330|35150||||780fbc|CSH856|X|X|0|0|7||||132|163|132|163|[]|636148145260080000|13:48:46:008
21|2.1|636147902241461851|780fbc|49730.8828125|17.6456522784187|106.537170315123||||49730.875|330|35125||||780fbc|CSH856|X|X|0|0|7||||132|163|132|163|[]|636148145308830000|13:48:50:883
21|2.1|636147902271104815|780fbc|49733.8515625|17.6491069636268|106.542813682886||||49733.84375|330|35125||||780fbc|X|X|X|0|0|7||||132|147|132|147|[]|636148145338520000|13:48:53:852
21|2.1|636147902291226827|780fbc|49735.859375|17.6514458498857|106.546590233175||||49735.8515625|330|35125||||780fbc|CSH856|X|X|0|0|7||||132|163|132|163|[]|636148145358590000|13:48:55:859
21|2.1|636147902318069511|780fbc|49738.5546875|17.6547074160449|106.551890278184||||49738.546875|330|35125||||780fbc|CSH856|X|X|0|0|7||||132|147|132|147|[]|636148145385550000|13:48:58:555
21|2.1|636147902337091413|780fbc|49740.453125|17.6567673525665|106.555280590376||||49740.4453125|330|35125||||780fbc|CSH856|X|X|0|0|7||||132|163|132|163|[]|636148145404530000|13:49:00:453
21|2.1|636147902363144018|780fbc|49743.0546875|17.6597714266605|106.560172939614||||49743.046875|330|35150||||780fbc|CSH856|X|X|0|0|7||||132|147|132|147|[]|636148145430550000|13:49:03:055
21|2.1|636147902382495953|780fbc|49744.9921875|17.6621103129194|106.563949489904||||49744.984375|330|35125||||780fbc|CSH856|X|X|0|0|7||||132|163|132|163|[]|636148145449920000|13:49:04:992
21|2.1|636147902412598963|780fbc|49748.0078125|17.6656079134717|106.569592857666||||49747.9921875|330|35150||||780fbc|CSH856|X|X|0|0|7||||132|147|132|147|[]|636148145480080000|13:49:08:008
21|2.1|636147902460033706|780fbc|49752.7421875|17.6709508738246|106.578326130211||||49752.734375|330|35150||||780fbc|CSH856|X|X|0|0|7||||132|147|132|147|[]|636148145527420000|13:49:12:742
21|2.1|636147902510098712|780fbc|49757.7421875|17.6767229876195|106.587724590591||||49757.734375|330|35150||||780fbc|CSH856|X|X|0|0|7||||132|147|132|147|[]|636148145577420000|13:49:17:742
21|2.1|636147902664704171|780fbc|49773.203125|17.694854720544|106.6172503474||||49773.1953125|330|35125||||780fbc|CSH856|X|X||0|7||||132|147|132|147|[]|636148145732030000|13:49:33:203
21|2.1|636147902705428243|780fbc|49777.2734375|17.6994681200455|106.624824905652||||49777.265625|330|35125||||780fbc|CSH856|X|X|0|0|7||||132|147|132|147|[]|636148145772730000|13:49:37:273
21|2.1|636147902744272127|780fbc|49781.1640625|17.7041029772191|106.632378006231||||49781.15625|330|35150||||780fbc|CSH856|X|X||0|7||||132|163|132|163|[]|636148145811640000|13:49:41:164
21|2.1|636147902754093109|780fbc|49782.15625|17.7052616915125|106.634287739048||||49782.1484375|330|35150||||780fbc|CSH856|X|X|0|0|7||||132|147|132|147|[]|636148145821560000|13:49:42:156
21|2.1|636147902794037103|780fbc|49786.1484375|17.709875091014|106.641840839627||||49786.1484375|330|35125||||780fbc|CSH856|X|X|0|0|7||||132|163|132|163|[]|636148145861480000|13:49:46:148
21|2.1|636147902837251424|780fbc|49790.4609375|17.7147674402528|106.649823093648||||49790.453125|330|35150||||780fbc|CSH856|X|X|0|0|7||||132|163|132|163|[]|636148145904610000|13:49:50:461
21|2.1|636147902896067305|780fbc|49796.3515625|17.7217197260132|106.661195659861||||49796.34375|330|35150||||780fbc|CSH856|X|X|0|0|7||||132|163|132|163|[]|636148145963520000|13:49:56:352
21|2.1|636147903478425535|780fbc|49854.5859375|17.7891397317514|106.771809959537||||49854.578125|330|35150||||780fbc|CSH856|X|X||0|7||||132|163|132|163|[]|636148146545860000|13:50:54:586
21|2.1|636147903519149607|780fbc|49858.6640625|17.7937960465971|106.77940597546||||49858.65625|330|35150||||780fbc|CSH856|X|X|0|0|7||||132|163|132|163|[]|636148146586640000|13:50:58:664
21|2.1|636147903568284520|780fbc|49863.5703125|17.7995896180641|106.788933181873||||49863.5625|330|35150||||780fbc|CSH856|X|X|0|0|7||||132|163|132|163|[]|636148146635700000|13:51:03:570
21|2.1|636147904237081393|780fbc|49930.453125|17.8768586952962|106.91662778854||||49930.4453125|330|35150||||780fbc|CSH856|X|X||0|7||||132|163|132|163|[]|636148147304530000|13:52:10:453
21|2.1|636147904277795464|780fbc|49934.5234375|17.881536467814|106.924288177479||||49934.515625|330|35150||||780fbc|CSH856|X|X|0|0|7||||132|163|132|163|[]|636148147345230000|13:52:14:523
21|2.1|636147904318049489|780fbc|49938.5390625|17.8863859017086|106.932334804517||||49938.5390625|330|35150||||780fbc|CSH856|X|X|0|0|7||||132|163|132|163|[]|636148147385390000|13:52:18:539
21|2.1|636147904360953779|780fbc|49942.828125|17.8912782509474|106.94033851621||||49942.828125|330|35150||||780fbc|CSH856|X|X|0|0|7||||132|163|132|163|[]|636148147428280000|13:52:22:828
21|2.1|636147904405888272|780fbc|49947.328125|17.8966426689724|106.949157619443||||49947.328125|330|35150||||780fbc|CSH856|X|X|0|0|7||||132|163|132|163|[]|636148147473280000|13:52:27:328
21|2.1|636147904447852468|780fbc|49951.5234375|17.9012989838181|106.956818008383||||49951.515625|330|35150||||780fbc|CSH856|X|X|0|0|7||||132|163|132|163|[]|636148147515230000|13:52:31:523
21|2.1|636147904494957178|780fbc|49956.234375|17.9069208939083|106.966023349714||||49956.2265625|330|35150||||780fbc|CSH856|X|X||0|7||||132|163|132|163|[]|636148147562340000|13:52:36:234
21|2.1|636147904535681250|780fbc|49960.3125|17.911577208754|106.973683738654||||49960.3046875|330|35150||||780fbc|CSH856|X|X|0|0|7||||132|163|132|163|[]|636148147603130000|13:52:40:313
21|2.1|636147904579825664|780fbc|49964.71875|17.9167485077301|106.982073688445||||49964.71875|330|35150||||780fbc|CSH856|X|X||0|7||||132|163|132|163|[]|636148147647190000|13:52:44:719
21|2.1|636147904622099891|780fbc|49968.953125|17.9219198067062|106.99050655358||||49968.9453125|330|35150||||780fbc|CSH856|X|X||0|7||||132|163|132|163|[]|636148147689530000|13:52:48:953
21|2.1|636147904663764057|780fbc|49973.125|17.9266190368961|106.998145484848||||49973.1171875|330|35150||||780fbc|CSH856|X|X||0|7||||132|163|132|163|[]|636148147731250000|13:52:53:125
21|2.1|636147904712898970|780fbc|49978.0234375|17.9324769813794|107.007694148932||||49978.015625|330|35150||||780fbc|CSH856|X|X|0|0|7||||132|163|132|163|[]|636148147780230000|13:52:58:023
21|2.1|636147904758453525|780fbc|49982.578125|17.9378843147486|107.016491794493||||49982.578125|330|35150||||780fbc|CSH856|X|X|0|0|7||||132|163|132|163|[]|636148147825780000|13:53:02:578
21|2.1|636147905192616937|780fbc|50026|17.9887819129698|107.099640273881||||50026|330|35150||||780fbc|CSH856|X|X||0|7||||132|163|132|163|[]|636148148260000000|13:53:46:000
21|2.1|636147905621009772|780fbc|50068.84375|18.0389499503396|107.181844615696||||50068.8359375|330|35150||||780fbc|CSH856|X|X||0|7||||132|163|132|163|[]|636148148688440000|13:54:28:844
