21|2.1|636147897439771730|800666|49250.71875|4.8997521356745|99.1386293480595||||49250.7109375|340|36200||||800666|JAI11|X|X|0|0|7||||132|51|132|51|[]|636148140507190000|13:40:50:719
21|2.1|636147897482055958|800666|49254.953125|4.905867572223|99.1312908242013||||49254.9453125|340|36200||||800666|JAI11|X|X|0|0|7||||132|51|132|51|[]|636148140549530000|13:40:54:953
21|2.1|636147897524800232|800666|49259.234375|4.9120688394599|99.1237806389663||||49259.2265625|340|36200||||800666|JAI11|X|X|0|0|7||||132|51|132|51|[]|636148140592340000|13:40:59:234
21|2.1|636147897569574709|800666|49263.7109375|4.9186134294504|99.1159056733056||||49263.703125|340|36200||||800666|JAI11|X|X|0|0|7||||132|51|132|51|[]|636148140637110000|13:41:03:711
21|2.1|636147897614659217|800666|49268.203125|4.9251151040967|99.1080307076449||||49268.1953125|339.75|36175||||800666|JAI11|X|X|0|0|7||||132|51|132|51|[]|636148140682030000|13:41:08:203
21|2.1|636147897655063257|800666|49272.25|4.9309301332358|99.1010569642124||||49272.2421875|339.75|36175||||800666|JAI11|X|X|0|0|7||||132|51|132|51|[]|636148140722500000|13:41:12:250
21|2.1|636147897695777328|800666|49276.3203125|4.9369168237517|99.093890101731||||49276.3046875|339.75|36175||||800666|JAI11|X|X|0|0|7||||132|51|132|51|[]|636148140763200000|13:41:16:320
21|2.1|636147897736501400|800666|49280.3984375|4.9428820565955|99.0867661545938||||49280.390625|339.75|36175||||800666|JAI11|X|X|0|0|7||||132|51|132|51|[]|636148140803980000|13:41:20:398
21|2.1|636147897776905440|800666|49284.4296875|4.9486541703904|99.0797709534892||||49284.4296875|339.75|36175||||800666|JAI11|X|X|0|0|7||||132|51|132|51|[]|636148140844300000|13:41:24:430
21|2.1|636147897819339683|800666|49288.6796875|4.9549198106436|99.0722393105821||||49288.671875|340|36200||||800666|JAI11|X|X|0|0|7||||132|51|132|51|[]|636148140886800000|13:41:28:680
21|2.1|636147897860373786|800666|49292.78125|4.9608206704711|99.0650724481007||||49292.7734375|339.75|36175||||800666|JAI11|X|X|0|0|7||||132|51|132|51|[]|636148140927810000|13:41:32:781
21|2.1|636147897901237872|800666|49296.875|4.9666356996102|99.0580772469961||||49296.859375|339.75|36175||||800666|JAI11|X|X|0|0|7||||132|51|132|51|[]|636148140968750000|13:41:36:875
21|2.1|636147897944452193|800666|49301.1875|4.9730086282239|99.0504168580564||||49301.1796875|340|36200||||800666|JAI11|X|X|0|0|7||||132|51|132|51|[]|636148141011880000|13:41:41:188
21|2.1|636147897988916639|800666|49305.640625|4.9793600991655|99.0427350114446||||49305.640625|340|36200||||800666|JAI11|X|X|0|0|7||||132|51|132|51|[]|636148141056410000|13:41:45:641
21|2.1|636147898035401287|800666|49310.28125|4.9861621812212|99.0344952653582||||49310.2734375|340|36200||||800666|JAI11|X|X|0|0|7||||132|51|132|51|[]|636148141102810000|13:41:50:281
21|2.1|636147898078625609|800666|49314.6015625|4.9924063638023|99.0269850801232||||49314.6015625|339.75|36175||||800666|JAI11|X|X|0|0|7||||132|51|132|51|[]|636148141146020000|13:41:54:602
21|2.1|636147898122770023|800666|49319.0234375|4.998779292416|99.0192603181672||||49319.015625|339.75|36175||||800666|JAI11|X|X|0|0|7||||132|51|132|51|[]|636148141190230000|13:41:59:023
21|2.1|636147898163174063|800666|49323.0625|5.0045514062109|99.0122865747347||||49323.0546875|339.75|36175||||800666|JAI11|X|X|0|0|7||||132|51|132|51|[]|636148141230630000|13:42:03:063
21|2.1|636147898204358181|800666|49327.1796875|5.0106453850873|99.0049265932044||||49327.1796875|340|36200||||800666|JAI11|X|X|0|0|7||||132|51|132|51|[]|636148141271800000|13:42:07:180
21|2.1|636147898246162361|800666|49331.359375|5.0165677025869|98.997759730723||||49331.3515625|340|36200||||800666|JAI11|X|X|0|0|7||||132|51|132|51|[]|636148141313590000|13:42:11:359
21|2.1|636147898290166761|800666|49335.75|5.0229406312006|98.990034968767||||49335.75|340|36200||||800666|JAI11|X|X|0|0|7||||132|51|132|51|[]|636148141357500000|13:42:15:750
21|2.1|636147898332280972|800666|49339.96875|5.0291848137817|98.9824818681878||||49339.9609375|339.75|36175||||800666|JAI11|X|X|0|0|7||||132|51|132|51|[]|636148141399690000|13:42:19:969
21|2.1|636147898373475091|800666|49344.09375|5.0351285889534|98.9753150057064||||49344.0859375|340|36200||||800666|JAI11|X|X|0|0|7||||132|51|132|51|[]|636148141440940000|13:42:24:094
21|2.1|636147898418239567|800666|49348.5703125|5.0415229752392|98.9676331590946||||49348.5625|340|36200||||800666|JAI11|X|X|0|0|7||||132|51|132|51|[]|636148141485700000|13:42:28:570
21|2.1|636147898463484091|800666|49353.1015625|5.0481748535902|98.9595436167129||||49353.09375|340|36200||||800666|JAI11|X|X|0|0|7||||132|51|132|51|[]|636148141531020000|13:42:33:102
21|2.1|636147898505608303|800666|49357.3125|5.0542688324666|98.9522050928547||||49357.3125|339.75|36175||||800666|JAI11|X|X|0|0|7||||132|51|132|51|[]|636148141573130000|13:42:37:313
21|2.1|636147898550382780|800666|49361.78125|5.0608134224571|98.9443086695219||||49361.7734375|339.75|36175||||800666|JAI11|X|X|0|0|7||||132|51|132|51|[]|636148141617810000|13:42:41:781
21|2.1|636147898594377179|800666|49366.1796875|5.0672078087429|98.9366268229101||||49366.171875|339.75|36175||||800666|JAI11|X|X|0|0|7||||132|51|132|51|[]|636148141661800000|13:42:46:180
21|2.1|636147898635401281|800666|49370.28125|5.073022837882|98.9296530794776||||49370.2734375|340|36200||||800666|JAI11|X|X|0|0|7||||132|51|132|51|[]|636148141702810000|13:42:50:281
21|2.1|636147898676435384|800666|49374.390625|5.0791597321026|98.9222930979473||||49374.3828125|339.75|36175||||800666|JAI11|X|X|0|0|7||||132|51|132|51|[]|636148141743910000|13:42:54:391
21|2.1|636147898719489689|800666|49378.6953125|5.0854039146837|98.9147829127123||||49378.6875|339.75|36175||||800666|JAI11|X|X|0|0|7||||132|51|132|51|[]|636148141786950000|13:42:58:695
21|2.1|636147898762854025|800666|49383.03125|5.0916695549369|98.9072512698052||||49383.0234375|339.75|36175||||800666|JAI11|X|X|0|0|7||||132|51|132|51|[]|636148141830310000|13:43:03:031
21|2.1|636147898807318471|800666|49387.484375|5.0981712295832|98.8993548464724||||49387.4765625|339.75|36175||||800666|JAI11|X|X|0|0|7||||132|51|132|51|[]|636148141874840000|13:43:07:484
21|2.1|636147898847722511|800666|49391.5234375|5.1039433433781|98.8923381876957||||49391.515625|339.75|36175||||800666|JAI11|X|X|0|0|7||||132|51|132|51|[]|636148141915230000|13:43:11:523
21|2.1|636147898888436582|800666|49395.578125|5.1098871185498|98.8851927828864||||49395.5703125|339.75|36175||||800666|JAI11|X|X|0|0|7||||132|51|132|51|[]|636148141955780000|13:43:15:578
21|2.1|636147898929620700|800666|49399.703125|5.1158094360494|98.8780044627329||||49399.703125|339.75|36175||||800666|JAI11|X|X|0|0|7||||132|51|132|51|[]|636148141997030000|13:43:19:703
21|2.1|636147898969724710|800666|49403.7109375|5.1215815498443|98.8710307193004||||49403.703125|340|36200||||800666|JAI11|X|X|0|0|7||||132|51|132|51|[]|636148142037110000|13:43:23:711
21|2.1|636147899014029140|800666|49408.1484375|5.127954478458|98.8633059573444||||49408.140625|340|36200||||800666|JAI11|X|X|0|0|7||||132|51|132|51|[]|636148142081480000|13:43:28:148
21|2.1|636147899057393476|800666|49412.484375|5.1342844917275|98.8556455684047||||49412.4765625|340|36200||||800666|JAI11|X|X|0|0|7||||132|51|132|51|[]|636148142124840000|13:43:32:484
21|2.1|636147899100767813|800666|49416.8203125|5.1405072166365|98.8481353831697||||49416.8125|339.75|36175||||800666|JAI11|X|X|0|0|7||||132|51|132|51|[]|636148142168200000|13:43:36:820
21|2.1|636147899145222258|800666|49421.265625|5.1468586875781|98.8404106212137||||49421.2578125|340|36200||||800666|JAI11|X|X|0|0|7||||132|51|132|51|[]|636148142212660000|13:43:41:266
21|2.1|636147899186256361|800666|49425.359375|5.1527810050777|98.8332437587323||||49425.359375|339.75|36175||||800666|JAI11|X|X|0|0|7||||132|51|132|51|[]|636148142253590000|13:43:45:359
21|2.1|636147899227130448|800666|49429.453125|5.1587247802494|98.8261198115951||||49429.4453125|339.75|36175||||800666|JAI11|X|X|0|0|7||||132|51|132|51|[]|636148142294530000|13:43:49:453
21|2.1|636147899271594894|800666|49433.9140625|5.1652049972236|98.8182233882623||||49433.8984375|340|36200||||800666|JAI11|X|X|0|0|7||||132|51|132|51|[]|636148142339140000|13:43:53:914
21|2.1|636147899312789013|800666|49438.0234375|5.1711273147232|98.811077983453||||49438.015625|340|36200||||800666|JAI11|X|X|0|0|7||||132|51|132|51|[]|636148142380230000|13:43:58:023
21|2.1|636147899355673301|800666|49442.3125|5.1773500396322|98.8035463405459||||49442.3046875|339.75|36175||||800666|JAI11|X|X|0|0|7||||132|51|132|51|[]|636148142423130000|13:44:02:313
21|2.1|636147899395927326|800666|49446.34375|5.1831221534271|98.7965511394413||||49446.328125|340|36200||||800666|JAI11|X|X|0|0|7||||132|51|132|51|[]|636148142463440000|13:44:06:344
21|2.1|636147899438051538|800666|49450.5546875|5.1892161323035|98.7892126155831||||49450.546875|340|36200||||800666|JAI11|X|X|0|0|7||||132|51|132|51|[]|636148142505550000|13:44:10:555
21|2.1|636147899480645797|800666|49454.78125|5.1954388572125|98.7816595150039||||49454.7734375|339.75|36175||||800666|JAI11|X|X|0|0|7||||132|51|132|51|[]|636148142547810000|13:44:14:781
21|2.1|636147899520739806|800666|49458.8203125|5.2012538863516|98.7746857715714||||49458.8125|339.75|36175||||800666|JAI11|X|X|0|0|7||||132|51|132|51|[]|636148142588200000|13:44:18:820
21|2.1|636147899561293861|800666|49462.875|5.2071976615233|98.7674759937458||||49462.8671875|340|36200||||800666|JAI11|X|X|0|0|7||||132|51|132|51|[]|636148142628750000|13:44:22:875
21|2.1|636147899606058337|800666|49467.3515625|5.213570590137|98.759794147134||||49467.34375|340|36200||||800666|JAI11|X|X|0|0|7||||132|51|132|51|[]|636148142673520000|13:44:27:352
21|2.1|636147899650212752|800666|49471.765625|5.2199435187507|98.752069385178||||49471.75|340|36200||||800666|JAI11|X|X|0|0|7||||132|51|132|51|[]|636148142717660000|13:44:31:766
21|2.1|636147899691716902|800666|49475.890625|5.2260374976271|98.7447308613198||||49475.8828125|339.75|36175||||800666|JAI11|X|X|0|0|7||||132|51|132|51|[]|636148142758910000|13:44:35:891
21|2.1|636147899735401270|800666|49480.28125|5.2324318839129|98.7370275570359||||49480.2734375|339.75|36175||||800666|JAI11|X|X|0|0|7||||132|51|132|51|[]|636148142802810000|13:44:40:281
21|2.1|636147899776425372|800666|49484.390625|5.2383756590846|98.7298392368824||||49484.3828125|339.75|36175||||800666|JAI11|X|X|0|0|7||||132|51|132|51|[]|636148142843910000|13:44:44:391
21|2.1|636147899819949724|800666|49488.7421875|5.2446198416657|98.7223290516474||||49488.734375|339.75|36175||||800666|JAI11|X|X|0|0|7||||132|51|132|51|[]|636148142887420000|13:44:48:742
21|2.1|636147899863314060|800666|49493.0703125|5.2508211089026|98.7148188664124||||49493.0625|340|36200||||800666|JAI11|X|X|0|0|7||||132|51|132|51|[]|636148142930700000|13:44:53:070
21|2.1|636147899904348163|800666|49497.171875|5.256915087779|98.7074588848821||||49497.1640625|339.75|36175||||800666|JAI11|X|X|0|0|7||||132|51|132|51|[]|636148142971720000|13:44:57:172
21|2.1|636147899949122640|800666|49501.65625|5.2632665587206|98.6997770382703||||49501.640625|339.75|36175||||800666|JAI11|X|X|0|0|7||||132|51|132|51|[]|636148143016560000|13:45:01:656
21|2.1|636147899992336961|800666|49505.984375|5.2696394873343|98.6920951916585||||49505.96875|340|36200||||800666|JAI11|X|X|0|0|7||||132|51|132|51|[]|636148143059840000|13:45:05:984
21|2.1|636147900036951422|800666|49510.4296875|5.2759909582759|98.6844133450467||||49510.4296875|340|36200||||800666|JAI11|X|X|0|0|7||||132|51|132|51|[]|636148143104300000|13:45:10:430
21|2.1|636147900084536180|800666|49515.1953125|5.2829217863642|98.6759804799114||||49515.1796875|340|36200||||800666|JAI11|X|X||0|7||||132|51|132|51|[]|636148143151950000|13:45:15:195
21|2.1|636147900127900516|800666|49519.53125|5.2891230536011|98.6684917523485||||49519.5234375|340|36200||||800666|JAI11|X|X||0|7||||132|51|132|51|[]|636148143195310000|13:45:19:531
21|2.1|636147900173765102|800666|49524.125|5.2957749319521|98.6604880406552||||49524.109375|340|36200||||800666|JAI11|X|X|0|0|7||||132|51|132|51|[]|636148143241250000|13:45:24:125
21|2.1|636147900214959221|800666|49528.234375|5.3016757917796|98.6533211781738||||49528.2265625|340|36200||||800666|JAI11|X|X|0|0|7||||132|51|132|51|[]|636148143282340000|13:45:28:234
21|2.1|636147900259573682|800666|49532.6953125|5.3082203817701|98.6454891278573||||49532.6875|340|36200||||800666|JAI11|X|X||0|7||||132|51|132|51|[]|636148143326950000|13:45:32:695
21|2.1|636147900302788003|800666|49537.015625|5.3143572759907|98.6380004002944||||49537.0078125|339.75|36175||||800666|JAI11|X|X||0|7||||132|51|132|51|[]|636148143370160000|13:45:37:016
21|2.1|636147900345842308|800666|49541.3203125|5.3205585432276|98.6305116727315||||49541.3125|339.75|36150||||800666|JAI11|X|X|0|0|7||||132|51|132|51|[]|636148143413200000|13:45:41:320
21|2.1|636147900389216645|800666|49545.6640625|5.3267168951203|98.6230658605128||||49545.65625|339.75|36175||||800666|JAI11|X|X|0|0|7||||132|51|132|51|[]|636148143456640000|13:45:45:664
21|2.1|636147900430090732|800666|49549.75|5.3325962972757|98.6159419133756||||49549.7421875|340|36200||||800666|JAI11|X|X|0|0|7||||132|51|132|51|[]|636148143497500000|13:45:49:750
21|2.1|636147900473925115|800666|49554.140625|5.338883395201|98.608302982108||||49554.140625|339.75|36175||||800666|JAI11|X|X|0|0|7||||132|51|132|51|[]|636148143541410000|13:45:54:141
21|2.1|636147900516049327|800666|49558.34375|5.344891543389|98.6010717466103||||49558.3359375|340|36200||||800666|JAI11|X|X|0|0|7||||132|51|132|51|[]|636148143583440000|13:45:58:344
21|2.1|636147900559573679|800666|49562.6953125|5.3511786413143|98.5934328153427||||49562.6875|340|36200||||800666|JAI11|X|X|0|0|7||||132|51|132|51|[]|636148143626950000|13:46:02:695
21|2.1|636147900600127734|800666|49566.75|5.3568649244208|98.5865234449265||||49566.7421875|340|36200||||800666|JAI11|X|X|0|0|7||||132|51|132|51|[]|636148143667500000|13:46:06:750
21|2.1|636147900643662087|800666|49571.109375|5.3631520223461|98.578905971331||||49571.109375|340|36200||||800666|JAI11|X|X|0|0|7||||132|51|132|51|[]|636148143711090000|13:46:11:109
21|2.1|636147900688586579|800666|49575.6015625|5.3695249509598|98.5711597517029||||49575.6015625|340|36200||||800666|JAI11|X|X|0|0|7||||132|51|132|51|[]|636148143756020000|13:46:15:602
21|2.1|636147900731950915|800666|49579.9140625|5.3756618451804|98.5636924818121||||49579.90625|340|36200||||800666|JAI11|X|X|0|0|7||||132|51|132|51|[]|636148143799140000|13:46:19:914
21|2.1|636147900775635283|800666|49584.3046875|5.3819060277615|98.5561179235608||||49584.296875|340|36200||||800666|JAI11|X|X|0|0|7||||132|51|132|51|[]|636148143843050000|13:46:24:305
21|2.1|636147900819319651|800666|49588.671875|5.3881931256868|98.5485004499653||||49588.671875|340|36200||||800666|JAI11|X|X|0|0|7||||132|51|132|51|[]|636148143886720000|13:46:28:672
21|2.1|636147900861133832|800666|49592.859375|5.3940510701701|98.5414408758444||||49592.8515625|339.75|36175||||800666|JAI11|X|X|0|0|7||||132|51|132|51|[]|636148143928590000|13:46:32:859
21|2.1|636147900905588277|800666|49597.296875|5.4004883718001|98.5336731985442||||49597.28125|340|36175||||800666|JAI11|X|X|0|0|7||||132|51|132|51|[]|636148143972970000|13:46:37:297
21|2.1|636147900947862504|800666|49601.5234375|5.406475062316|98.5264419630465||||49601.515625|339.75|36175||||800666|JAI11|X|X|0|0|7||||132|51|132|51|[]|636148144015230000|13:46:41:523
21|2.1|636147900991246842|800666|49605.859375|5.4125904988645|98.5190176084999||||49605.859375|339.75|36175||||800666|JAI11|X|X|0|0|7||||132|51|132|51|[]|636148144058590000|13:46:45:859
21|2.1|636147901035381255|800666|49610.2734375|5.418920512134|98.5114215925765||||49610.265625|339.75|36175||||800666|JAI11|X|X|0|0|7||||132|51|132|51|[]|636148144102730000|13:46:50:273
21|2.1|636147901078445561|800666|49614.5859375|5.4251861523872|98.5038470343252||||49614.5703125|339.75|36175||||800666|JAI11|X|X|0|0|7||||132|51|132|51|[]|636148144145860000|13:46:54:586
21|2.1|636147901119009617|800666|49618.640625|5.4309153508379|98.4968947485648||||49618.6328125|339.75|36175||||800666|JAI11|X|X|0|0|7||||132|51|132|51|[]|636148144186410000|13:46:58:641
21|2.1|636147901163474063|800666|49623.0859375|5.4373526524679|98.4891270712646||||49623.0703125|340|36200||||800666|JAI11|X|X|0|0|7||||132|51|132|51|[]|636148144230860000|13:47:03:086
21|2.1|636147901207308446|800666|49627.4765625|5.4434895466885|98.4816812590459||||49627.4609375|340|36200||||800666|JAI11|X|X|0|0|7||||132|51|132|51|[]|636148144274770000|13:47:07:477
21|2.1|636147901250672782|800666|49631.8046875|5.4497766446138|98.4740852431225||||49631.796875|340|36200||||800666|JAI11|X|X|0|0|7||||132|51|132|51|[]|636148144318050000|13:47:11:805
21|2.1|636147901294667181|800666|49636.203125|5.456042284867|98.4665106848712||||49636.1953125|339.75|36175||||800666|JAI11|X|X|0|0|7||||132|51|132|51|[]|636148144362030000|13:47:16:203
21|2.1|636147901338661580|800666|49640.6171875|5.4623079251202|98.4588717536036||||49640.6015625|339.75|36175||||800666|JAI11|X|X|0|0|7||||132|51|132|51|[]|636148144406170000|13:47:20:617
21|2.1|636147901378755589|800666|49644.6171875|5.4679942082267|98.4519838408595||||49644.609375|340|36200||||800666|JAI11|X|X|0|0|7||||132|51|132|51|[]|636148144446170000|13:47:24:617
21|2.1|636147901420409754|800666|49648.78125|5.4739808987426|98.4447096900176||||49648.7734375|340|36200||||800666|JAI11|X|X|0|0|7||||132|51|132|51|[]|636148144487810000|13:47:28:781
21|2.1|636147901462523965|800666|49652.9921875|5.4799890469306|98.4374569968478||||49652.984375|340|36200||||800666|JAI11|X|X|0|0|7||||132|51|132|51|[]|636148144529920000|13:47:32:992
21|2.1|636147901503558068|800666|49657.09375|5.4858469914139|98.4303545073827||||49657.0859375|340|36200||||800666|JAI11|X|X|0|0|7||||132|51|132|51|[]|636148144570940000|13:47:37:094
21|2.1|636147901543652077|800666|49661.1015625|5.4916191052088|98.4234880523107||||49661.09375|340|36175||||800666|JAI11|X|X|0|0|7||||132|51|132|51|[]|636148144611020000|13:47:41:102
21|2.1|636147901587956507|800666|49665.53125|5.498099322183|98.4160851554362||||49665.53125|339.75|36175||||800666|JAI11|X|X|0|0|7||||132|51|132|51|[]|636148144655310000|13:47:45:531
21|2.1|636147901630080719|800666|49669.7421875|5.5046224545014|98.4092830733805||||49669.7421875|339.75|36175||||800666|JAI11|X|X|0|0|7||||132|51|132|51|[]|636148144697420000|13:47:49:742
21|2.1|636147901673765087|800666|49674.125|5.5116820286223|98.4023522452922||||49674.1171875|339.75|36175||||800666|JAI11|X|X|0|0|7||||132|51|132|51|[]|636148144741250000|13:47:54:125
21|2.1|636147901714169127|800666|49678.15625|5.5183982799896|98.3963440971042||||49678.1484375|340|36200||||800666|JAI11|X|X|0|0|7||||132|51|132|51|[]|636148144781560000|13:47:58:156
21|2.1|636147901757693479|800666|49682.515625|5.5259728382409|98.3900569991789||||49682.5078125|340|36175||||800666|JAI11|X|X|0|0|7||||132|51|132|51|[]|636148144825160000|13:48:02:516
21|2.1|636147901799497659|800666|49686.6875|5.5334830234759|98.3842634277119||||49686.671875|340|36175||||800666|JAI11|X|X|0|0|7||||132|51|132|51|[]|636148144866880000|13:48:06:688
21|2.1|636147901842871996|800666|49691.03125|5.5413150737924|98.3785556869333||||49691.03125|339.75|36175||||800666|JAI11|X|X|0|0|7||||132|51|132|51|[]|636148144910310000|13:48:11:031
21|2.1|636147901887016410|800666|49695.4453125|5.5494689891904|98.3728479461547||||49695.4375|340|36175||||800666|JAI11|X|X|0|0|7||||132|51|132|51|[]|636148144954450000|13:48:15:445
21|2.1|636147901927580466|800666|49699.4921875|5.5570864627859|98.3676122741623||||49699.4921875|339.75|36175||||800666|JAI11|X|X|0|0|7||||132|51|132|51|[]|636148144994920000|13:48:19:492
21|2.1|636147901971584866|800666|49703.890625|5.5653262088723|98.3620118217442||||49703.8828125|340|36200||||800666|JAI11|X|X|0|0|7||||132|51|132|51|[]|636148145038910000|13:48:23:891
21|2.1|636147902013699077|800666|49708.1171875|5.5731797168609|98.3567117767355||||49708.1015625|339.75|36175||||800666|JAI11|X|X|0|0|7||||132|51|132|51|[]|636148145081170000|13:48:28:117
21|2.1|636147902054253132|800666|49712.1640625|5.5806899020959|98.3516477661199||||49712.1640625|340|36200||||800666|JAI11|X|X|0|0|7||||132|51|132|51|[]|636148145121640000|13:48:32:164
21|2.1|636147902097317438|800666|49716.4609375|5.5887365291334|98.3462189750786||||49716.453125|340|36175||||800666|JAI11|X|X|0|0|7||||132|51|132|51|[]|636148145164610000|13:48:36:461
21|2.1|636147902140371743|800666|49720.78125|5.5968904445314|98.340725811021||||49720.7734375|339.75|36175||||800666|JAI11|X|X|0|0|7||||132|51|132|51|[]|636148145207810000|13:48:40:781
21|2.1|636147902183586064|800666|49725.1015625|5.6049370715689|98.3352111892913||||49725.09375|339.75|36175||||800666|JAI11|X|X|0|0|7||||132|51|132|51|[]|636148145251020000|13:48:45:102
21|2.1|636147902224610166|800666|49729.203125|5.612683291197|98.3299111442826||||49729.203125|340|36200||||800666|JAI11|X|X|0|0|7||||132|51|132|51|[]|636148145292030000|13:48:49:203
21|2.1|636147902268294534|800666|49733.5703125|5.6205797145298|98.3244608955692||||49733.5625|340|36200||||800666|JAI11|X|X|0|0|7||||132|51|132|51|[]|636148145335700000|13:48:53:570
21|2.1|636147902312758980|800666|49738.015625|5.628991121993|98.3186887817743||||49738.0078125|340|36200||||800666|JAI11|X|X|0|0|7||||132|51|132|51|[]|636148145380160000|13:48:58:016
21|2.1|636147902353633067|800666|49742.1015625|5.6365442225722|98.3134316521098||||49742.09375|340|36200||||800666|JAI11|X|X|0|0|7||||132|51|132|51|[]|636148145421020000|13:49:02:102
21|2.1|636147902398407544|800666|49746.5859375|5.6447195956423|98.3076166229707||||49746.578125|340|36200||||800666|JAI11|X|X|0|0|7||||132|51|132|51|[]|636148145465860000|13:49:06:586
21|2.1|636147902440991802|800666|49750.8359375|5.6525516459588|98.3020376282247||||49750.828125|340|36200||||800666|JAI11|X|X|0|0|7||||132|51|132|51|[]|636148145508360000|13:49:10:836
21|2.1|636147902481085811|800666|49754.8515625|5.6598257968007|98.2966732101997||||49754.84375|339.75|36175||||800666|JAI11|X|X|0|0|7||||132|51|132|51|[]|636148145548520000|13:49:14:852
21|2.1|636147902522579960|800666|49758.9921875|5.6672930666915|98.2905363159791||||49758.984375|340|36200||||800666|JAI11|X|X|0|0|7||||132|51|132|51|[]|636148145589920000|13:49:18:992
21|2.1|636147902562994001|800666|49763.046875|5.6737518259936|98.2847642021842||||49763.0390625|340|36200||||800666|JAI11|X|X|0|0|7||||132|51|132|51|[]|636148145630470000|13:49:23:047
21|2.1|636147902604328134|800666|49767.171875|5.6806826540819|98.27828398521||||49767.1640625|340|36200||||800666|JAI11|X|X|0|0|7||||132|51|132|51|[]|636148145671720000|13:49:27:172
21|2.1|636147902645982299|800666|49771.34375|5.6873345324329|98.2719968872847||||49771.3359375|340|36200||||800666|JAI11|X|X|0|0|7||||132|51|132|51|[]|636148145713440000|13:49:31:344
21|2.1|636147902688416542|800666|49775.5859375|5.694222445177|98.2652591782453||||49775.578125|340|36200||||800666|JAI11|X|X|0|0|7||||132|51|132|51|[]|636148145755860000|13:49:35:586
21|2.1|636147902732730973|800666|49780.015625|5.7009386965443|98.2582210617965||||49780.0078125|340|36200||||800666|JAI11|X|X|0|0|7||||132|51|132|51|[]|636148145800160000|13:49:40:016
21|2.1|636147902777025402|800666|49784.4375|5.7077193209279|98.2510112839709||||49784.4296875|339.75|36150||||800666|JAI11|X|X|0|0|7||||132|51|132|51|[]|636148145844380000|13:49:44:438
21|2.1|636147902817589458|800666|49788.5078125|5.7136845537717|98.2442950326036||||49788.5|340|36175||||800666|JAI11|X|X|0|0|7||||132|51|132|51|[]|636148145885080000|13:49:48:508
21|2.1|636147902857843483|800666|49792.515625|5.7195854135992|98.2374285775316||||49792.5078125|340|36175||||800666|JAI11|X|X|0|0|7||||132|51|132|51|[]|636148145925160000|13:49:52:516
21|2.1|636147902904798178|800666|49797.2265625|5.7264304109991|98.2289098817079||||49797.21875|339.75|36150||||800666|JAI11|X|X|0|0|7||||132|51|132|51|[]|636148145972270000|13:49:57:227
21|2.1|636147902945982296|800666|49801.34375|5.7318377443683|98.2218932229312||||49801.34375|339.75|36150||||800666|JAI11|X|X||0|7||||132|51|132|51|[]|636148146013440000|13:50:01:344
21|2.1|636147903084676164|800666|49815.203125|5.7502484270301|98.196315677788||||49815.1953125|339.75|36150||||800666|JAI11|X|X||0|7||||132|51|132|51|[]|636148146152030000|13:50:15:203
21|2.1|636147903129450641|800666|49819.671875|5.7558274217761|98.1885480004878||||49819.6640625|339.75|36150||||800666|JAI11|X|X|0|0|7||||132|51|132|51|[]|636148146196720000|13:50:19:672
21|2.1|636147903176565352|800666|49824.390625|5.7621359773735|98.179793270271||||49824.390625|339.75|36150||||800666|JAI11|X|X|0|0|7||||132|51|132|51|[]|636148146243910000|13:50:24:391
21|2.1|636147903219299625|800666|49828.6640625|5.7676935144474|98.1721543390034||||49828.65625|339.75|36150||||800666|JAI11|X|X|0|0|7||||132|51|132|51|[]|636148146286640000|13:50:28:664
21|2.1|636147903270474742|800666|49833.78125|5.7745599695194|98.1626056749189||||49833.78125|340|36175||||800666|JAI11|X|X|0|0|7||||132|51|132|51|[]|636148146337810000|13:50:33:781
21|2.1|636147903311658860|800666|49837.90625|5.7799243875444|98.1550740320118||||49837.8984375|340|36175||||800666|JAI11|X|X|0|0|7||||132|51|132|51|[]|636148146379060000|13:50:37:906
21|2.1|636147903358463540|800666|49842.5859375|5.7860827394371|98.1464051324834||||49842.5859375|340|36175||||800666|JAI11|X|X|0|0|7||||132|51|132|51|[]|636148146425860000|13:50:42:586
21|2.1|636147903710568747|800666|49877.8046875|5.8323669381568|98.081087978611||||49877.7890625|340|36175||||800666|JAI11|X|X||0|7||||132|51|132|51|[]|636148146778050000|13:51:17:805
21|2.1|636147903752222912|800666|49881.953125|5.8376884408376|98.073577793376||||49881.9453125|340|36175||||800666|JAI11|X|X|0|0|7||||132|51|132|51|[]|636148146819530000|13:51:21:953
21|2.1|636147903794807170|800666|49886.2109375|5.8433961816162|98.0655526240106||||49886.203125|340|36175||||800666|JAI11|X|X|0|0|7||||132|51|132|51|[]|636148146862110000|13:51:26:211
21|2.1|636147903998247512|800666|49906.5625|5.8700895257086|98.0278300364588||||49906.5546875|339.75|36150||||800666|JAI11|X|X||0|7||||132|51|132|51|[]|636148147065630000|13:51:46:563
21|2.1|636147904057833470|800666|49912.5234375|5.8780074067135|98.0167578776552||||49912.515625|339.75|36150||||800666|JAI11|X|X||0|7||||132|51|132|51|[]|636148147125230000|13:51:52:523
21|2.1|636147908155943240|800666|50322.3203125|6.3181257191566|97.2058939066683||||50322.3125|339.75|36125||||800666|JAI11|X|X|0|0|7||||132|83|132|83|[]|636148151223200000|13:58:42:320
21|2.1|636147908206328278|800666|50327.3515625|6.3219881001346|97.1951865282904||||50327.3359375|340|36150||||800666|JAI11|X|X|0|0|7||||132|83|132|83|[]|636148151273520000|13:58:47:352
21|2.1|636147908942831921|800666|50401.0078125|6.3783788624134|97.0372151462902||||50401|340|36150||||800666|JAI11|X|X||0|7||||132|83|132|83|[]|636148152010080000|14:00:01:008
