21|2.1|636147897663684119|88044a|49273.1171875|11.7739963426468|103.84215107238||||49273.109375|350|37350||||88044a|AIQ658|X|X||0|6||||132|5|132|5|[]|636148140731170000|13:41:13:117
21|2.1|636147897706548405|88044a|49277.4140625|11.7712068452738|103.851056006301||||49277.40625|350|37350||||88044a|AIQ658|X|X||0|6||||132|5|132|5|[]|636148140774140000|13:41:17:414
21|2.1|636147897748822632|88044a|49281.6484375|11.7683958902287|103.85983219419||||49281.6328125|350|37350||||88044a|AIQ658|X|X||0|6||||132|5|132|5|[]|636148140816480000|13:41:21:648
21|2.1|636147897789846734|88044a|49285.734375|11.7657136812162|103.868307974669||||49285.7265625|350|37350||||88044a|AIQ658|X|X||0|6||||132|5|132|5|[]|636148140857340000|13:41:25:734
21|2.1|636147897829940743|88044a|49289.7421875|11.7630529298758|103.876633551444||||49289.734375|350|37350||||88044a|AIQ658|X|X|0|0|6||||132|5|132|5|[]|636148140897420000|13:41:29:742
21|2.1|636147897877215470|88044a|49294.4765625|11.7599415674213|103.886482622938||||49294.46875|350|37350||||88044a|AIQ658|X|X|0|0|6||||132|5|132|5|[]|636148140944770000|13:41:34:477
21|2.1|636147897946022350|88044a|49301.3671875|11.7554569139524|103.900794890229||||49301.359375|350|37350||||88044a|AIQ658|X|X||0|6||||132|5|132|5|[]|636148141013670000|13:41:41:367
21|2.1|636147898153343080|88044a|49322.0859375|11.7418742075131|103.943774607445||||49322.078125|350.25|37375||||88044a|AIQ658|X|X||0|6||||132|5|132|5|[]|636148141220860000|13:42:02:086
21|2.1|636147898203738119|88044a|49327.1328125|11.7385697260097|103.954224493758||||49327.125|350.25|||||88044a|AIQ658|X|X||0|6||||132|5|132|5|[]|636148141271330000|13:42:07:133
21|2.1|636147898252102955|88044a|49331.96875|11.735415448211|103.964245226629||||49331.953125|350.25|37400||||88044a|AIQ658|X|X|0|0|6||||132|5|132|5|[]|636148141319690000|13:42:11:969
21|2.1|636147898292657010|88044a|49336.015625|11.7327546968706|103.972613718748||||49336.0078125|350.25|37375||||88044a|AIQ658|X|X|0|0|6||||132|5|132|5|[]|636148141360160000|13:42:16:016
21|2.1|636147898332911035|88044a|49340.046875|11.7300939455302|103.980960753194||||49340.0390625|350.25|37375||||88044a|AIQ658|X|X|0|0|6||||132|5|132|5|[]|636148141400470000|13:42:20:047
21|2.1|636147898372845028|88044a|49344.046875|11.7274975672061|103.989243414625||||49344.0390625|350.25|37375||||88044a|AIQ658|X|X|0|0|6||||132|5|132|5|[]|636148141440470000|13:42:24:047
21|2.1|636147898413089052|88044a|49348.0625|11.7248797312099|103.9975689914||||49348.0625|350.25|37375||||88044a|AIQ658|X|X|0|0|6||||132|5|132|5|[]|636148141480630000|13:42:28:063
21|2.1|636147898453033046|88044a|49352.0625|11.7223691835742|104.005873110503||||49352.0625|350.25|37375||||88044a|AIQ658|X|X||0|6||||132|5|132|5|[]|636148141520630000|13:42:32:063
21|2.1|636147898702177958|88044a|49376.9765625|11.7093229189374|104.058208372754||||49376.9609375|350.25|37375||||88044a|AIQ658|X|X||0|6||||132|5|132|5|[]|636148141769770000|13:42:56:977
21|2.1|636147899627590490|88044a|49469.515625|11.6682314768659|104.253945257651||||49469.515625|349.75|37325||||88044a|X|X|X||0|6||||132|5|132|5|[]|636148142695160000|13:44:29:516
21|2.1|636147899672684999|88044a|49474.015625|11.6662359133606|104.263472464063||||49474.0078125|349.75|37325||||88044a|X|X|X|0|0|6||||132|5|132|5|[]|636148142740160000|13:44:34:016
21|2.1|636147899697167447|88044a|49476.46875|11.6651415720835|104.268686678383||||49476.46875|349.75|37325||||88044a|X|X|X|0|0|6||||132|163|132|163|[]|636148142764690000|13:44:36:469
21|2.1|636147899713399070|88044a|49478.0859375|11.6644120112321|104.272098448247||||49478.078125|349.75|37325||||88044a|AIQ658|X|X|0|0|6||||132|5|132|5|[]|636148142780860000|13:44:38:086
21|2.1|636147899737271457|88044a|49480.46875|11.6633605852992|104.277162458863||||49480.46875|349.75|37325||||88044a|AIQ658|X|X|0|0|6||||132|163|132|163|[]|636148142804690000|13:44:40:469
21|2.1|636147899766434373|88044a|49483.3984375|11.6620731249732|104.283342268428||||49483.390625|349.75|37325||||88044a|AIQ658|X|X|0|0|6||||132|5|132|5|[]|636148142833980000|13:44:43:398
21|2.1|636147899796707400|88044a|49486.421875|11.660742749303|104.289758112386||||49486.40625|349.75|37325||||88044a|AIQ658|X|X|0|0|6||||132|163|132|163|[]|636148142864220000|13:44:46:422
21|2.1|636147899807778507|88044a|49487.5234375|11.6602277651726|104.292096998644||||49487.5234375|349.75|37325||||88044a|AIQ658|X|X|0|0|6||||132|5|132|5|[]|636148142875230000|13:44:47:523
21|2.1|636147899840381767|88044a|49490.7890625|11.6587901011419|104.299027826733||||49490.78125|349.75|37325||||88044a|AIQ658|X|X||0|6||||132|163|132|163|[]|636148142907890000|13:44:50:789
21|2.1|636147899849592688|88044a|49491.71875|11.6583609476999|104.300980474894||||49491.7109375|349.75|37325||||88044a|AIQ658|X|X|0|0|6||||132|5|132|5|[]|636148142917190000|13:44:51:719
21|2.1|636147899901537882|88044a|49496.890625|11.6560649767852|104.311966803009||||49496.8828125|350|37350||||88044a|AIQ658|X|X|0|0|6||||132|163|132|163|[]|636148142968910000|13:44:56:891
21|2.1|636147900041951922|88044a|49510.9375|11.6498422518762|104.341792967228||||49510.9296875|349.75|37325||||88044a|AIQ658|X|X|0|0|6||||132|163|132|163|[]|636148143109380000|13:45:10:938
21|2.1|636147900083286055|88044a|49515.078125|11.6479754344035|104.350547697445||||49515.0703125|349.75|37325||||88044a|AIQ658|X|X|0|0|6||||132|163|132|163|[]|636148143150780000|13:45:15:078
21|2.1|636147900102938020|88044a|49517.046875|11.6470956698474|104.354753401176||||49517.0390625|349.75|37325||||88044a|AIQ658|X|X||0|6||||132|5|132|5|[]|636148143170470000|13:45:17:047
21|2.1|636147900128990625|88044a|49519.6484375|11.6459154978819|104.360268022906||||49519.640625|349.75|37325||||88044a|AIQ658|X|X|0|0|6||||132|163|132|163|[]|636148143196480000|13:45:19:648
21|2.1|636147900144912217|88044a|49521.25|11.6452288523747|104.363658335098||||49521.234375|349.75|37325||||88044a|AIQ658|X|X||0|6||||132|5|132|5|[]|636148143212500000|13:45:21:250
21|2.1|636147900169094635|88044a|49523.6640625|11.6441130534255|104.368808176402||||49523.65625|349.75|37325||||88044a|AIQ658|X|X|0|0|6||||132|163|132|163|[]|636148143236640000|13:45:23:664
21|2.1|636147900212318957|88044a|49527.984375|11.6422033206086|104.377970602389||||49527.9765625|349.75|37325||||88044a|AIQ658|X|X|0|0|6||||132|163|132|163|[]|636148143279840000|13:45:27:984
21|2.1|636147900253643089|88044a|49532.1015625|11.6403365031359|104.386746790278||||49532.1015625|349.75|37325||||88044a|AIQ658|X|X|0|0|6||||132|163|132|163|[]|636148143321020000|13:45:32:102
21|2.1|636147900293737098|88044a|49536.125|11.6385555163516|104.395265486101||||49536.109375|350|37350||||88044a|AIQ658|X|X|0|0|6||||132|163|132|163|[]|636148143361250000|13:45:36:125
21|2.1|636147900342411965|88044a|49540.9921875|11.6363882914695|104.405629541726||||49540.984375|350|37350||||88044a|AIQ658|X|X|0|0|6||||132|163|132|163|[]|636148143409920000|13:45:40:992
21|2.1|636147900385006224|88044a|49545.2421875|11.6344785586526|104.414684679352||||49545.234375|350|37350||||88044a|AIQ658|X|X|0|0|6||||132|163|132|163|[]|636148143452420000|13:45:45:242
21|2.1|636147900429470670|88044a|49549.6875|11.6324829951473|104.424190428092||||49549.6875|350|37350||||88044a|AIQ658|X|X|0|0|6||||132|163|132|163|[]|636148143496880000|13:45:49:688
21|2.1|636147901164244140|88044a|49623.1640625|11.5994596377854|104.580788519078||||49623.15625|350|37350||||88044a|AIQ658|X|X||0|6||||132|163|132|163|[]|636148144231640000|13:47:03:164
21|2.1|636147901207618477|88044a|49627.5|11.5975069896243|104.590036775753||||49627.5|350|37350||||88044a|AIQ658|X|X|0|0|6||||132|163|132|163|[]|636148144275000000|13:47:07:500
21|2.1|636147901270324747|88044a|49633.78125|11.5947174922513|104.603426363143||||49633.7734375|350|37350||||88044a|AIQ658|X|X||0|6||||132|163|132|163|[]|636148144337810000|13:47:13:781
21|2.1|636147901330080722|88044a|49639.75|11.5919923678946|104.616129305027||||49639.7421875|350|37350||||88044a|AIQ658|X|X||0|6||||132|163|132|163|[]|636148144397500000|13:47:19:750
21|2.1|636147901387176431|88044a|49645.453125|11.5894603625868|104.628295805107||||49645.4453125|350|37350||||88044a|AIQ658|X|X||0|6||||132|163|132|163|[]|636148144454530000|13:47:25:453
21|2.1|636147901438351548|88044a|49650.5703125|11.587142934|104.639239217878||||49650.5703125|350.25|37375||||88044a|AIQ658|X|X|0|0|6||||132|163|132|163|[]|636148144505700000|13:47:30:570
21|2.1|636147901486236336|88044a|49655.359375|11.58499716679|104.649453069798||||49655.359375|350.25|37375||||88044a|AIQ658|X|X|0|0|6||||132|163|132|163|[]|636148144553590000|13:47:35:359
21|2.1|636147901646922403|88044a|49671.4453125|11.5777659312923|104.683699514469||||49671.4375|350.25|37375||||88044a|AIQ658|X|X||0|6||||132|163|132|163|[]|636148144714450000|13:47:51:445
21|2.1|636147901687956506|88044a|49675.5390625|11.5759634868359|104.692475702358||||49675.5390625|350.25|37375||||88044a|AIQ658|X|X|0|0|6||||132|163|132|163|[]|636148144755390000|13:47:55:539
21|2.1|636147901798407550|88044a|49686.578125|11.5709853069087|104.71599331098||||49686.5703125|350|37350||||88044a|AIQ658|X|X||0|6||||132|163|132|163|[]|636148144865780000|13:48:06:578
21|2.1|636147901848332542|88044a|49691.578125|11.5687537090103|104.726636316342||||49691.5703125|350|37350||||88044a|AIQ658|X|X|0|0|6||||132|163|132|163|[]|636148144915780000|13:48:11:578
21|2.1|636147901888746583|88044a|49695.609375|11.5669298068818|104.735262300526||||49695.609375|350|37350||||88044a|AIQ658|X|X|0|0|6||||132|163|132|163|[]|636148144956090000|13:48:15:609
21|2.1|636147901931480856|88044a|49699.8828125|11.5649771587207|104.744360353496||||49699.875|350|37350||||88044a|AIQ658|X|X|0|0|6||||132|163|132|163|[]|636148144998830000|13:48:19:883
21|2.1|636147901975155223|88044a|49704.25|11.5630245105596|104.75369444086||||49704.25|350|37350||||88044a|AIQ658|X|X|0|0|6||||132|163|132|163|[]|636148145042500000|13:48:24:250
21|2.1|636147902016039311|88044a|49708.3515625|11.5611362354148|104.762406255732||||49708.34375|350|37350||||88044a|AIQ658|X|X|0|0|6||||132|163|132|163|[]|636148145083520000|13:48:28:352
21|2.1|636147902060653772|88044a|49712.8125|11.5590977565653|104.771933462145||||49712.8046875|350|37350||||88044a|AIQ658|X|X|0|0|6||||132|163|132|163|[]|636148145128130000|13:48:32:813
21|2.1|636147902104338140|88044a|49717.171875|11.5571451084042|104.781246091836||||49717.1640625|350|37350||||88044a|AIQ658|X|X|0|0|6||||132|163|132|163|[]|636148145171720000|13:48:37:172
21|2.1|636147902144742180|88044a|49721.21875|11.5553426639478|104.78987207602||||49721.21875|350|37350||||88044a|AIQ658|X|X|0|0|6||||132|163|132|163|[]|636148145212190000|13:48:41:219
21|2.1|636147902185146220|88044a|49725.2578125|11.5534329311309|104.798498060204||||49725.25|350|37350||||88044a|AIQ658|X|X|0|0|6||||132|163|132|163|[]|636148145252580000|13:48:45:258
21|2.1|636147902225240229|88044a|49729.2578125|11.5514802829698|104.806973840684||||49729.25|350|37350||||88044a|AIQ658|X|X||0|6||||132|163|132|163|[]|636148145292580000|13:48:49:258
21|2.1|636147902270014706|88044a|49733.7421875|11.5490984813667|104.81643667408||||49733.734375|350|37350||||88044a|AIQ658|X|X|0|0|6||||132|163|132|163|[]|636148145337420000|13:48:53:742
21|2.1|636147902334601164|88044a|49740.203125|11.5454935924539|104.830083753536||||49740.1953125|350|37350||||88044a|AIQ658|X|X|0|0|6||||132|163|132|163|[]|636148145402030000|13:49:00:203
21|2.1|636147902381555859|88044a|49744.8984375|11.5426182643925|104.83993282503||||49744.8984375|350|37350||||88044a|AIQ658|X|X|0|0|6||||132|163|132|163|[]|636148145448980000|13:49:04:898
21|2.1|636147902422899993|88044a|49749.0234375|11.5399789707242|104.848558809214||||49749.015625|350|37350||||88044a|AIQ658|X|X|0|0|6||||132|163|132|163|[]|636148145490230000|13:49:09:023
21|2.1|636147902465174220|88044a|49753.2578125|11.5371894733512|104.857313539431||||49753.25|350|37350||||88044a|AIQ658|X|X|0|0|6||||132|163|132|163|[]|636148145532580000|13:49:13:258
21|2.1|636147902880775776|88044a|49794.8203125|11.5045952694313|104.941878225177||||49794.8203125|350.25|37375||||88044a|AIQ658|X|X||0|6||||132|163|132|163|[]|636148145948200000|13:49:54:820
21|2.1|636147903082335930|88044a|49814.984375|11.4883947269958|104.982604886822||||49814.9765625|350.25|37375||||88044a|AIQ658|X|X||0|6||||132|163|132|163|[]|636148146149840000|13:50:14:984
21|2.1|636147903355343228|88044a|49842.2734375|11.4665293591259|105.037536527398||||49842.265625|350|37350||||88044a|AIQ658|X|X|0|0|6||||132|163|132|163|[]|636148146422730000|13:50:42:273
21|2.1|636147903404648158|88044a|49847.203125|11.4625596897874|105.047471429581||||49847.1953125|350|37350||||88044a|AIQ658|X|X|0|0|6||||132|163|132|163|[]|636148146472030000|13:50:47:203
21|2.1|636147903513529045|88044a|49858.09375|11.4538478749148|105.069315339779||||49858.0859375|350|37350||||88044a|AIQ658|X|X||0|6||||132|163|132|163|[]|636148146580940000|13:50:58:094
21|2.1|636147903559873679|88044a|49862.71875|11.4500927822973|105.078649427142||||49862.7109375|350|37350||||88044a|AIQ658|X|X|0|0|6||||132|163|132|163|[]|636148146627190000|13:51:02:719
21|2.1|636147903603698061|88044a|49867.109375|11.446595181745|105.087447072703||||49867.109375|350|37350||||88044a|AIQ658|X|X|0|0|6||||132|163|132|163|[]|636148146671090000|13:51:07:109
21|2.1|636147903648782569|88044a|49871.625|11.4429044621438|105.096523668001||||49871.6171875|349.75|37325||||88044a|AIQ658|X|X||0|6||||132|163|132|163|[]|636148146716250000|13:51:11:625
21|2.1|636147903692466937|88044a|49875.9921875|11.4393210309031|105.105256940546||||49875.9921875|349.75|37325||||88044a|AIQ658|X|X|0|0|6||||132|163|132|163|[]|636148146759920000|13:51:15:992
21|2.1|636147903796687358|88044a|49886.3984375|11.4299869435396|105.125749017402||||49886.390625|349.75|37325||||88044a|AIQ658|X|X||0|6||||132|163|132|163|[]|636148146863980000|13:51:26:398
21|2.1|636147904083886075|88044a|49915.1328125|11.4001393216485|105.180315877552||||49915.125|349.75|37325||||88044a|AIQ658|X|X||0|6||||132|163|132|163|[]|636148147151330000|13:51:55:133
21|2.1|636147904126790365|88044a|49919.421875|11.3954830068028|105.188405419934||||49919.4140625|349.75|37325||||88044a|AIQ658|X|X||0|6||||132|163|132|163|[]|636148147194220000|13:51:59:422
21|2.1|636147904174055091|88044a|49924.140625|11.390161504122|105.197117234806||||49924.1328125|349.75|37325||||88044a|AIQ658|X|X|0|0|6||||132|163|132|163|[]|636148147241410000|13:52:04:141
21|2.1|636147904215089194|88044a|49928.25|11.3853979009158|105.204648877713||||49928.2421875|349.75|37325||||88044a|AIQ658|X|X|0|0|6||||132|163|132|163|[]|636148147282500000|13:52:08:250
21|2.1|636147904256113296|88044a|49932.3515625|11.380505551677|105.212094689932||||49932.34375|349.75|37325||||88044a|AIQ658|X|X|0|0|6||||132|163|132|163|[]|636148147323520000|13:52:12:352
