21|2.1|636147897414349188|884203|49248.1953125|13.8121962424095|100.771708398574||||49248.1796875|21.75|2150||||884203|BKP182|X|X|0|0|6||||132|5|132|5|[]|636148140481950000|13:40:48:195
21|2.1|636147897455843337|884203|49252.3359375|13.8094925757249|100.771000295395||||49252.328125|21.5|2125||||884203|BKP182|X|X|0|0|6||||132|5|132|5|[]|636148140523360000|13:40:52:336
21|2.1|636147897507328485|884203|49257.4921875|13.8061880942215|100.770120530839||||49257.484375|21|2075||||884203|BKP182|X|X|0|0|6||||132|5|132|5|[]|636148140574920000|13:40:57:492
21|2.1|636147897553033055|884203|49262.0625|13.8032483931438|100.769348054643||||49262.0625|20.75|2050||||884203|BKP182|X|X|0|0|6||||132|5|132|5|[]|636148140620630000|13:41:02:063
21|2.1|636147897593127064|884203|49266.078125|13.8006949301639|100.768725782152||||49266.0703125|20.25|2000||||884203|BKP182|X|X|0|0|6||||132|5|132|5|[]|636148140660780000|13:41:06:078
21|2.1|636147897636341385|884203|49270.3984375|13.7980556364956|100.768017678973||||49270.390625|20|1975||||884203|BKP182|X|X|0|0|6||||132|5|132|5|[]|636148140703980000|13:41:10:398
21|2.1|636147897677685519|884203|49274.5234375|13.7954807158436|100.767352491138||||49274.515625|19.5|1925||||884203|BKP182|X|X|0|0|6||||132|5|132|5|[]|636148140745230000|13:41:14:523
21|2.1|636147897717779528|884203|49278.5390625|13.7930130835521|100.766687303303||||49278.5234375|19|1850||||884203|BKP182|X|X|0|0|6||||132|5|132|5|[]|636148140785390000|13:41:18:539
21|2.1|636147897761303880|884203|49282.8984375|13.7903094168675|100.765979200124||||49282.890625|18.5|1800||||884203|BKP182|X|X|0|0|6||||132|5|132|5|[]|636148140828980000|13:41:22:898
21|2.1|636147897803738123|884203|49287.125|13.7877559538876|100.765314012288||||49287.1171875|18|1750||||884203|BKP182|X|X|0|0|6||||132|5|132|5|[]|636148140871250000|13:41:27:125
21|2.1|636147897858333582|884203|49292.5859375|13.7844514723842|100.76441279006||||49292.578125|17.25|1675||||884203|BKP182|X|X|0|0|6||||132|5|132|5|[]|636148140925860000|13:41:32:586
21|2.1|636147897900777826|884203|49296.8359375|13.7819838400927|100.763769059897||||49296.8359375|17|1650||||884203|BKP182|X|X||0|6||||132|5|132|5|[]|636148140968360000|13:41:36:836
21|2.1|636147898024170164|884203|49309.171875|13.7750315543323|100.761966615441||||49309.171875|15.5|1475||||884203|BKP182|X|X||0|6||||132|5|132|5|[]|636148141091720000|13:41:49:172
21|2.1|636147898071444891|884203|49313.8984375|13.7724780913524|100.761301427606||||49313.890625|15|1425||||884203|BKP182|X|X|0|0|6||||132|5|132|5|[]|636148141138980000|13:41:53:898
21|2.1|636147898115149261|884203|49318.265625|13.7701821204377|100.760679155115||||49318.2578125|14.5|1350||||884203|BKP182|X|X||0|6||||132|5|132|5|[]|636148141182660000|13:41:58:266
21|2.1|636147898156153361|884203|49322.3671875|13.7679719802114|100.76012125564||||49322.3515625|14.25|1325||||884203|BKP182|X|X|0|0|6||||132|5|132|5|[]|636148141223670000|13:42:02:367
21|2.1|636147898200627808|884203|49326.828125|13.7655472632641|100.759456067805||||49326.8125|13.75|1275||||884203|BKP182|X|X|0|0|6||||132|5|132|5|[]|636148141268280000|13:42:06:828
21|2.1|636147898244302175|884203|49331.1875|13.7632083770052|100.758833795314||||49331.1796875|13.5|1250||||884203|BKP182|X|X|0|0|6||||132|5|132|5|[]|636148141311880000|13:42:11:188
21|2.1|636147898284856230|884203|49335.234375|13.761019694451|100.75827589584||||49335.2265625|13|1200||||884203|BKP182|X|X|0|0|6||||132|5|132|5|[]|636148141352340000|13:42:15:234
21|2.1|636147898330720816|884203|49339.8359375|13.7585520621595|100.757632165677||||49339.828125|12.5|1150||||884203|BKP182|X|X|0|0|6||||132|5|132|5|[]|636148141398360000|13:42:19:836
21|2.1|636147898375035247|884203|49344.2578125|13.7561702605564|100.756988435514||||49344.25|12.25|1125||||884203|BKP182|X|X|0|0|6||||132|5|132|5|[]|636148141442580000|13:42:24:258
21|2.1|636147898415749318|884203|49348.3359375|13.7539601203301|100.756430536039||||49348.328125|11.75|1075||||884203|BKP182|X|X|0|0|6||||132|5|132|5|[]|636148141483360000|13:42:28:336
21|2.1|636147898459733716|884203|49352.7265625|13.751578318727|100.755808263548||||49352.71875|11.25|1025||||884203|BKP182|X|X|0|0|6||||132|5|132|5|[]|636148141527270000|13:42:32:727
21|2.1|636147898504828225|884203|49357.234375|13.7491536017797|100.755143075713||||49357.2265625|10.75|975||||884203|BKP182|X|X|0|0|6||||132|5|132|5|[]|636148141572340000|13:42:37:234
21|2.1|636147898548512593|884203|49361.609375|13.7468361731929|100.75449934555||||49361.6015625|10.25|925||||884203|BKP182|X|X||0|6||||132|5|132|5|[]|636148141616090000|13:42:41:609
21|2.1|636147898594057147|884203|49366.1640625|13.7443685409014|100.753877073059||||49366.1640625|9.75|875||||884203|BKP182|X|X||0|6||||132|5|132|5|[]|636148141661640000|13:42:46:164
21|2.1|636147898641951936|884203|49370.9453125|13.7417936202494|100.753190427552||||49370.9453125|9.25|825||||884203|BKP182|X|X|0|0|6||||132|5|132|5|[]|636148141709450000|13:42:50:945
21|2.1|636147898689536694|884203|49375.703125|13.7392401572695|100.752589612733||||49375.6953125|8.75|750||||884203|BKP182|X|X|0|0|6||||132|5|132|5|[]|636148141757030000|13:42:55:703
21|2.1|636147898734621202|884203|49380.2265625|13.7367939826501|100.751924424898||||49380.21875|8.5|725||||884203|BKP182|X|X|0|0|6||||132|5|132|5|[]|636148141802270000|13:43:00:227
21|2.1|636147898777055445|884203|49384.453125|13.7345623847517|100.751302152407||||49384.453125|8|675||||884203|BKP182|X|X|0|0|6||||132|5|132|5|[]|636148141844530000|13:43:04:453
21|2.1|636147898820419781|884203|49388.8046875|13.7322234984928|100.750679879916||||49388.8046875|7.5|625||||884203|BKP182|X|X|0|0|6||||132|5|132|5|[]|636148141888050000|13:43:08:805
21|2.1|636147898862243963|884203|49392.984375|13.7299275275781|100.750079065097||||49392.984375|7|575||||884203|BKP182|X|X|0|0|6||||132|5|132|5|[]|636148141929840000|13:43:12:984
21|2.1|636147898910278766|884203|49397.7890625|13.7274169799424|100.74939241959||||49397.7734375|6.5|525||||884203|BKP182|X|X|0|0|6||||132|5|132|5|[]|636148141977890000|13:43:17:789
21|2.1|636147898961763914|884203|49402.9296875|13.7246274825694|100.748662858739||||49402.9140625|6.25|500||||884203|BKP182|X|X||0|6||||132|5|132|5|[]|636148142029300000|13:43:22:930
21|2.1|636147899001857923|884203|49406.9375|13.7224817153594|100.748083501592||||49406.9296875|5.75|450||||884203|BKP182|X|X|0|0|6||||132|5|132|5|[]|636148142069380000|13:43:26:938
21|2.1|636147899045392276|884203|49411.296875|13.7200569984121|100.747461229101||||49411.2890625|5.25|375||||884203|BKP182|X|X|0|0|6||||132|5|132|5|[]|636148142112970000|13:43:31:297
21|2.1|636147899087666503|884203|49415.5234375|13.7177824851695|100.74683895661||||49415.5234375|4.75|325||||884203|BKP182|X|X|0|0|6||||132|5|132|5|[]|636148142155230000|13:43:35:523
21|2.1|636147899137581494|884203|49420.5078125|13.7150573608128|100.746152311103||||49420.5078125|4.25|275||||884203|BKP182|X|X|0|0|6||||132|5|132|5|[]|636148142205080000|13:43:40:508
21|2.1|636147899189686704|884203|49425.7265625|13.7122034904235|100.74540129258||||49425.71875|3.75|225||||884203|BKP182|X|X|0|0|6||||132|5|132|5|[]|636148142257270000|13:43:45:727
21|2.1|636147899297797514|884203|49436.5390625|13.7062597152518|100.743813424844||||49436.53125|2.75|125||||884203|BKP182|X|X||0|6||||132|5|132|5|[]|636148142365390000|13:43:56:539
