21|2.1|636147910004598087|884345|50507.1796875|8.1529712604276|98.2994627075727||||50507.171875|39|4000||||884345|X|X|X||0|7||||132|83|132|83|[]|636148153071800000|14:01:47:180
21|2.1|636147910055303157|884345|50512.25|8.1554388927191|98.3037756996648||||50512.234375|40.25|4125||||884345|BKP258|X|X||0|7||||132|83|132|83|[]|636148153122500000|14:01:52:250
21|2.1|636147910096647291|884345|50516.390625|8.1574344562244|98.3073162155613||||50516.3828125|41.5|4275||||884345|BKP258|X|X||0|7||||132|83|132|83|[]|636148153163910000|14:01:56:391
21|2.1|636147910172304856|884345|50523.9453125|8.1611680911698|98.3138608055518||||50523.9453125|43.75|4500||||884345|BKP258|X|X||0|7||||132|83|132|83|[]|636148153239450000|14:02:03:945
21|2.1|636147910214429068|884345|50528.15625|8.1632709430356|98.3175944404972||||50528.15625|45|4625||||884345|BKP258|X|X||0|7||||132|83|132|83|[]|636148153281560000|14:02:08:156
21|2.1|636147910261853810|884345|50532.90625|8.1655454562782|98.3215855675078||||50532.90625|46|4750||||884345|BKP258|X|X||0|7||||132|83|132|83|[]|636148153329060000|14:02:12:906
21|2.1|636147910303818006|884345|50537.1015625|8.1676912234882|98.3252119140927||||50537.09375|47.25|4875||||884345|BKP258|X|X||0|7||||132|83|132|83|[]|636148153371020000|14:02:17:102
21|2.1|636147910353272951|884345|50542.046875|8.1702661441402|98.3295892792011||||50542.046875|48.5|5000||||884345|BKP258|X|X||0|7||||132|83|132|83|[]|636148153420470000|14:02:22:047
21|2.1|636147910401967820|884345|50546.921875|8.1726908610875|98.3337735252606||||50546.90625|49.75|5125||||884345|BKP258|X|X||0|7||||132|83|132|83|[]|636148153469220000|14:02:26:922
21|2.1|636147910443751998|884345|50551.1015625|8.1749010013138|98.3374857025339||||50551.09375|50.75|5250||||884345|BKP258|X|X||0|7||||132|83|132|83|[]|636148153511020000|14:02:31:102
21|2.1|636147910484476070|884345|50555.171875|8.1771325992122|98.3411335067909||||50555.1640625|52|5375||||884345|BKP258|X|X||0|7||||132|83|132|83|[]|636148153551720000|14:02:35:172
21|2.1|636147910526450267|884345|50559.3671875|8.1791925357338|98.3446740226874||||50559.359375|53.25|5500||||884345|BKP258|X|X||0|7||||132|83|132|83|[]|636148153593670000|14:02:39:367
21|2.1|636147910583235945|884345|50565.0390625|8.1822180674999|98.3497594909751||||50565.03125|54.75|5650||||884345|BKP258|X|X||0|7||||132|83|132|83|[]|636148153650390000|14:02:45:039
21|2.1|636147910623639985|884345|50569.0859375|8.1843423770378|98.3533000068716||||50569.078125|55.75|5775||||884345|BKP258|X|X||0|7||||132|83|132|83|[]|636148153690860000|14:02:49:086
21|2.1|636147910664654086|884345|50573.1796875|8.1865739749362|98.3567546920797||||50573.1640625|56.75|5875||||884345|BKP258|X|X||0|7||||132|83|132|83|[]|636148153731800000|14:02:53:180
21|2.1|636147910707248345|884345|50577.4375|8.1892990992929|98.3604024963367||||50577.4296875|57.75|5975||||884345|BKP258|X|X||0|7||||132|83|132|83|[]|636148153774380000|14:02:57:438
21|2.1|636147910761233743|884345|50582.8359375|8.1926894114847|98.3647369461009||||50582.828125|59.25|6150||||884345|BKP258|X|X||0|7||||132|83|132|83|[]|636148153828360000|14:03:02:836
21|2.1|636147910803347954|884345|50587.046875|8.1953716204972|98.3681272582927||||50587.0390625|60.25|6250||||884345|BKP258|X|X||0|7||||132|83|132|83|[]|636148153870470000|14:03:07:047
21|2.1|636147910851242743|884345|50591.8359375|8.1985044406238|98.3720110969428||||50591.828125|61.5|6375||||884345|BKP258|X|X||0|7||||132|83|132|83|[]|636148153918360000|14:03:11:836
21|2.1|636147910891646783|884345|50595.8828125|8.2011008189479|98.3752297477578||||50595.8671875|62.5|6475||||884345|BKP258|X|X||0|7||||132|83|132|83|[]|636148153958830000|14:03:15:883
21|2.1|636147910941251743|884345|50600.8359375|8.2043623851071|98.3792637901126||||50600.828125|64|6625||||884345|BKP258|X|X||0|7||||132|83|132|83|[]|636148154008360000|14:03:20:836
21|2.1|636147911110048621|884345|50617.7265625|8.2153916285665|98.3928464965519||||50617.7265625|68|7050||||884345|BKP258|X|X||0|7||||132|83|132|83|[]|636148154177270000|14:03:37:727
21|2.1|636147911152482864|884345|50621.96875|8.2181382105953|98.3962582664158||||50621.9609375|69.25|7200||||884345|BKP258|X|X||0|7||||132|83|132|83|[]|636148154219690000|14:03:41:969
21|2.1|636147911214109026|884345|50628.1328125|8.2222151682943|98.4012793616872||||50628.125|70.75|7350||||884345|BKP258|X|X||0|7||||132|83|132|83|[]|636148154281330000|14:03:48:133
21|2.1|636147911257633378|884345|50632.4921875|8.2250475810115|98.4048198775837||||50632.484375|72|7475||||884345|BKP258|X|X||0|7||||132|83|132|83|[]|636148154324920000|14:03:52:492
21|2.1|636147911298817496|884345|50636.6015625|8.227729790024|98.4081887321034||||50636.59375|73|7600||||884345|BKP258|X|X||0|7||||132|83|132|83|[]|636148154366020000|14:03:56:602
21|2.1|636147911339381552|884345|50640.6484375|8.2303476260202|98.4114073829184||||50640.640625|74|7700||||884345|BKP258|X|X||0|7||||132|83|132|83|[]|636148154406480000|14:04:00:648
21|2.1|636147911388836497|884345|50645.609375|8.2336091921794|98.4154843406174||||50645.6015625|75.25|7825||||884345|BKP258|X|X||0|7||||132|83|132|83|[]|636148154456090000|14:04:05:609
21|2.1|636147911437371350|884345|50650.4609375|8.2367205546339|98.4193681792675||||50650.453125|76.5|7975||||884345|BKP258|X|X||0|7||||132|83|132|83|[]|636148154504610000|14:04:10:461
21|2.1|636147911488206433|884345|50655.5390625|8.2399821207931|98.4233807639502||||50655.5390625|77.75|8100||||884345|BKP258|X|X||0|7||||132|83|132|83|[]|636148154555390000|14:04:15:539
21|2.1|636147911536411253|884345|50660.359375|8.2431363985918|98.4273289756166||||50660.34375|78.75|8200||||884345|BKP258|X|X||0|7||||132|83|132|83|[]|636148154603590000|14:04:20:359
21|2.1|636147911665744185|884345|50673.296875|8.2516121790713|98.4378217772735||||50673.2890625|82|8525||||884345|BKP258|X|X||0|7||||132|83|132|83|[]|636148154732970000|14:04:33:297
21|2.1|636147911718469457|884345|50678.5703125|8.2549381182468|98.442006023333||||50678.5546875|83.25|8675||||884345|BKP258|X|X||0|7||||132|83|132|83|[]|636148154785700000|14:04:38:570
21|2.1|636147911789456555|884345|50685.65625|8.2596588061088|98.4478854254884||||50685.6484375|84.75|8850||||884345|BKP258|X|X||0|7||||132|83|132|83|[]|636148154856560000|14:04:45:656
21|2.1|636147911833760985|884345|50690.09375|8.2625341341702|98.4515117720733||||50690.0859375|85.75|8950||||884345|BKP258|X|X||0|7||||132|83|132|83|[]|636148154900940000|14:04:50:094
21|2.1|636147911877445353|884345|50694.46875|8.2654523775758|98.4550737456419||||50694.4609375|86.75|9050||||884345|BKP258|X|X||0|7||||132|83|132|83|[]|636148154944690000|14:04:54:469
21|2.1|636147911918159424|884345|50698.5390625|8.2680916712441|98.4583567694732||||50698.53125|87.5|9125||||884345|BKP258|X|X||0|7||||132|83|132|83|[]|636148154985390000|14:04:58:539
21|2.1|636147911959963604|884345|50702.7109375|8.2708811686171|98.4618329123534||||50702.703125|88.5|9250||||884345|BKP258|X|X||0|7||||132|83|132|83|[]|636148155027110000|14:05:02:711
21|2.1|636147912012388846|884345|50707.953125|8.2743358538252|98.4661459044455||||50707.9375|89.5|9350||||884345|BKP258|X|X||0|7||||132|83|132|83|[]|636148155079530000|14:05:07:953
21|2.1|636147912055133120|884345|50712.2265625|8.2772755549029|98.4697937087025||||50712.21875|90.5|9450||||884345|BKP258|X|X||0|7||||132|83|132|83|[]|636148155122270000|14:05:12:227
21|2.1|636147912096157222|884345|50716.328125|8.2799148485712|98.4731625632222||||50716.3203125|91.25|9525||||884345|BKP258|X|X||0|7||||132|83|132|83|[]|636148155163280000|14:05:16:328
21|2.1|636147912140631669|884345|50720.78125|8.2828545496489|98.4768103674792||||50720.7734375|92.5|9675||||884345|BKP258|X|X||0|7||||132|83|132|83|[]|636148155207810000|14:05:20:781
21|2.1|636147912184626068|884345|50725.1796875|8.2857942507266|98.4804581717362||||50725.171875|93.25|9750||||884345|BKP258|X|X||0|7||||132|83|132|83|[]|636148155251800000|14:05:25:180
21|2.1|636147912224870092|884345|50729.203125|8.2885837480996|98.4839557722885||||50729.1953125|94|9825||||884345|BKP258|X|X||0|7||||132|83|132|83|[]|636148155292030000|14:05:29:203
21|2.1|636147912266204225|884345|50733.34375|8.2912874147842|98.4873031691361||||50733.3359375|95|9925||||884345|BKP258|X|X||0|7||||132|83|132|83|[]|636148155333440000|14:05:33:344
21|2.1|636147912308798484|884345|50737.6015625|8.2942271158619|98.4909509733931||||50737.59375|95.75|10000||||884345|BKP258|X|X||0|7||||132|83|132|83|[]|636148155376020000|14:05:37:602
21|2.1|636147912349672571|884345|50741.6796875|8.2969307825465|98.4943412855849||||50741.671875|96.25|10075||||884345|BKP258|X|X||0|7||||132|83|132|83|[]|636148155416800000|14:05:41:680
21|2.1|636147912393666970|884345|50746.09375|8.2998919412963|98.498010547514||||50746.0859375|97.25|10175||||884345|BKP258|X|X||0|7||||132|83|132|83|[]|636148155460940000|14:05:46:094
21|2.1|636147912436101213|884345|50750.328125|8.3027672693577|98.5016154364268||||50750.328125|98|10250||||884345|BKP258|X|X||0|7||||132|83|132|83|[]|636148155503280000|14:05:50:328
21|2.1|636147912477285331|884345|50754.453125|8.305621139747|98.5051774099954||||50754.4453125|98.75|10325||||884345|BKP258|X|X||0|7||||132|83|132|83|[]|636148155544530000|14:05:54:453
21|2.1|636147912519559558|884345|50758.6796875|8.3084535524642|98.5087179258919||||50758.6796875|99.75|10450||||884345|BKP258|X|X||0|7||||132|83|132|83|[]|636148155586800000|14:05:58:680
21|2.1|636147912561523754|884345|50762.8671875|8.3112859651814|98.5122584417884||||50762.859375|100.75|10550||||884345|BKP258|X|X||0|7||||132|83|132|83|[]|636148155628670000|14:06:02:867
21|2.1|636147912644062007|884345|50771.109375|8.3169293329437|98.5192751005651||||50771.1015625|102.25|10700||||884345|BKP258|X|X||0|7||||132|83|132|83|[]|636148155711090000|14:06:11:109
21|2.1|636147912691476748|884345|50775.8671875|8.3201908991029|98.5233091429199||||50775.859375|103.25|10825||||884345|BKP258|X|X||0|7||||132|83|132|83|[]|636148155758670000|14:06:15:867
21|2.1|636147912901307729|884345|50796.8515625|8.3344602510494|98.5411190107629||||50796.84375|107.75|11300||||884345|BKP258|X|X||0|7||||132|83|132|83|[]|636148155968520000|14:06:36:852
21|2.1|636147912944392037|884345|50801.1484375|8.3373570367829|98.5447024420036||||50801.140625|108.75|11400||||884345|BKP258|X|X||0|7||||132|83|132|83|[]|636148156011480000|14:06:41:148
21|2.1|636147912985396137|884345|50805.2578125|8.3401250764838|98.5482000425559||||50805.25|109.5|11475||||884345|BKP258|X|X||0|7||||132|83|132|83|[]|636148156052580000|14:06:45:258
21|2.1|636147913026420239|884345|50809.359375|8.3429360315289|98.551654727764||||50809.3515625|110.25|11550||||884345|BKP258|X|X||0|7||||132|83|132|83|[]|636148156093590000|14:06:49:359
21|2.1|636147913067914388|884345|50813.5|8.3457684442461|98.5551737859884||||50813.4921875|111|11625||||884345|BKP258|X|X||0|7||||132|83|132|83|[]|636148156135000000|14:06:53:500
21|2.1|636147913108638460|884345|50817.578125|8.3484935686028|98.5585855558523||||50817.5703125|111.75|11725||||884345|BKP258|X|X||0|7||||132|83|132|83|[]|636148156175780000|14:06:57:578
21|2.1|636147913150442640|884345|50821.7578125|8.3513474389921|98.562168987093||||50821.75|112.25|11775||||884345|BKP258|X|X||0|7||||132|83|132|83|[]|636148156217580000|14:07:01:758
21|2.1|636147913191006696|884345|50825.8125|8.3541798517093|98.5656880453174||||50825.8046875|113.25|11875||||884345|BKP258|X|X||0|7||||132|83|132|83|[]|636148156258130000|14:07:05:813
21|2.1|636147913231880783|884345|50829.8984375|8.3568620607218|98.5690568998371||||50829.890625|114.25|11975||||884345|BKP258|X|X||0|7||||132|83|132|83|[]|636148156298980000|14:07:09:898
21|2.1|636147913279145509|884345|50834.6328125|8.3600807115368|98.5730694845198||||50834.625|115.25|12100||||884345|BKP258|X|X||0|7||||132|83|132|83|[]|636148156346330000|14:07:14:633
21|2.1|636147913328450439|884345|50839.5625|8.3632993623518|98.5771035268746||||50839.5546875|116.5|12225||||884345|BKP258|X|X||0|7||||132|83|132|83|[]|636148156395630000|14:07:19:563
21|2.1|636147913370564650|884345|50843.7734375|8.3660888597248|98.5806011274269||||50843.765625|117.25|12300||||884345|BKP258|X|X||0|7||||132|83|132|83|[]|636148156437730000|14:07:23:773
21|2.1|636147913418459439|884345|50848.5625|8.3692860528677|98.5846137121096||||50848.5546875|118|12400||||884345|BKP258|X|X||0|7||||132|83|132|83|[]|636148156485630000|14:07:28:563
21|2.1|636147913529080500|884345|50859.6171875|8.3767962381027|98.5939048841289||||50859.6171875|120.25|12625||||884345|BKP258|X|X||0|7||||132|83|132|83|[]|636148156596170000|14:07:39:617
21|2.1|636147913579005492|884345|50864.609375|8.3801436349503|98.5980891301884||||50864.609375|121|12700||||884345|BKP258|X|X||0|7||||132|83|132|83|[]|636148156646090000|14:07:44:609
21|2.1|636147913619709562|884345|50868.6796875|8.3828473016349|98.601436527036||||50868.6796875|121.75|12800||||884345|BKP258|X|X||0|7||||132|83|132|83|[]|636148156686800000|14:07:48:680
21|2.1|636147913662763867|884345|50872.9921875|8.3856797143521|98.6049555852604||||50872.984375|122.5|12875||||884345|BKP258|X|X||0|7||||132|83|132|83|[]|636148156729920000|14:07:52:992
21|2.1|636147913703017892|884345|50877.0078125|8.3884262963809|98.6084531858127||||50877.0078125|123|12925||||884345|BKP258|X|X||0|7||||132|83|132|83|[]|636148156770080000|14:07:57:008
21|2.1|636147913746702260|884345|50881.3828125|8.3913659974586|98.6120795323976||||50881.375|123.75|13000||||884345|BKP258|X|X||0|7||||132|83|132|83|[]|636148156813830000|14:08:01:383
21|2.1|636147913792256815|884345|50885.9375|8.3944344445689|98.6158775403593||||50885.9375|124.75|13100||||884345|BKP258|X|X||0|7||||132|83|132|83|[]|636148156859380000|14:08:05:938
21|2.1|636147913835151104|884345|50890.234375|8.3973741456466|98.6195253446163||||50890.2265625|125.75|13225||||884345|BKP258|X|X||0|7||||132|83|132|83|[]|636148156902340000|14:08:10:234
21|2.1|636147913876965285|884345|50894.4140625|8.4001207276754|98.6229800298244||||50894.3984375|126.5|13300||||884345|BKP258|X|X||0|7||||132|83|132|83|[]|636148156944140000|14:08:14:414
21|2.1|636147913916899278|884345|50898.4140625|8.4027814790158|98.6263059689999||||50898.3984375|127.25|13375||||884345|BKP258|X|X||0|7||||132|83|132|83|[]|636148156984140000|14:08:18:414
21|2.1|636147913966514239|884345|50903.375|8.4061503335355|98.6304687573873||||50903.359375|128.25|13475||||884345|BKP258|X|X||0|7||||132|83|132|83|[]|636148157033750000|14:08:23:375
21|2.1|636147914009248512|884345|50907.640625|8.4090256615969|98.6340951039722||||50907.6328125|129|13575||||884345|BKP258|X|X||0|7||||132|83|132|83|[]|636148157076410000|14:08:27:641
21|2.1|636147914051222709|884345|50911.828125|8.4118580743141|98.6375712468524||||50911.8203125|129.75|13650||||884345|BKP258|X|X||0|7||||132|83|132|83|[]|636148157118280000|14:08:31:828
21|2.1|636147914094587045|884345|50916.1796875|8.4147119447034|98.6411761357652||||50916.171875|130.5|13725||||884345|BKP258|X|X||0|7||||132|83|132|83|[]|636148157161800000|14:08:36:180
21|2.1|636147914137961382|884345|50920.5078125|8.417630188109|98.6448239400222||||50920.5|131|13775||||884345|BKP258|X|X||0|7||||132|83|132|83|[]|636148157205080000|14:08:40:508
21|2.1|636147914181025688|884345|50924.8125|8.4204626008262|98.6483644559187||||50924.796875|131.5|13825||||884345|BKP258|X|X||0|7||||132|83|132|83|[]|636148157248130000|14:08:44:813
21|2.1|636147914223139899|884345|50929.03125|8.4234023019039|98.6520122601757||||50929.0234375|132|13875||||884345|BKP258|X|X||0|7||||132|83|132|83|[]|636148157290310000|14:08:49:031
21|2.1|636147914269004485|884345|50933.625|8.4265565797026|98.6559604718421||||50933.609375|132.75|13975||||884345|BKP258|X|X||0|7||||132|83|132|83|[]|636148157336250000|14:08:53:625
21|2.1|636147914315809165|884345|50938.3046875|8.4296893998292|98.6598228528201||||50938.296875|133.25|14025||||884345|BKP258|X|X||0|7||||132|83|132|83|[]|636148157383050000|14:08:58:305
21|2.1|636147914356683252|884345|50942.3828125|8.4324788972022|98.6632775380282||||50942.375|134|14100||||884345|BKP258|X|X||0|7||||132|83|132|83|[]|636148157423830000|14:09:02:383
21|2.1|636147914405348118|884345|50947.25|8.4357619210335|98.6674617840877||||50947.25|135|14200||||884345|BKP258|X|X||0|7||||132|83|132|83|[]|636148157472500000|14:09:07:250
21|2.1|636147914455273110|884345|50952.2421875|8.4391307755532|98.6716674878193||||50952.234375|136.25|14350||||884345|BKP258|X|X||0|7||||132|83|132|83|[]|636148157522420000|14:09:12:242
21|2.1|636147914495837166|884345|50956.2890625|8.4418344422378|98.675036342339||||50956.2890625|137|14425||||884345|BKP258|X|X||0|7||||132|83|132|83|[]|636148157562890000|14:09:16:289
21|2.1|636147914536711253|884345|50960.390625|8.4445810242666|98.6784481122029||||50960.3828125|137.75|14500||||884345|BKP258|X|X||0|7||||132|83|132|83|[]|636148157603910000|14:09:20:391
21|2.1|636147914579625544|884345|50964.671875|8.447456352328|98.6820959164599||||50964.6640625|138.5|14575||||884345|BKP258|X|X||0|7||||132|83|132|83|[]|636148157646720000|14:09:24:672
21|2.1|636147914622359817|884345|50968.953125|8.4502673073731|98.6856149746843||||50968.9453125|139.25|14650||||884345|BKP258|X|X||0|7||||132|83|132|83|[]|636148157689530000|14:09:28:953
21|2.1|636147914663383919|884345|50973.0546875|8.4530568047461|98.6890482022203||||50973.046875|139.75|14725||||884345|BKP258|X|X||0|7||||132|83|132|83|[]|636148157730550000|14:09:33:055
21|2.1|636147914712528833|884345|50977.9609375|8.4562969132332|98.6931680752635||||50977.953125|140.5|14800||||884345|BKP258|X|X||0|7||||132|83|132|83|[]|636148157779610000|14:09:37:961
21|2.1|636147914761673747|884345|50982.8828125|8.4597086830971|98.697352321323||||50982.875|141.25|14875||||884345|BKP258|X|X||0|7||||132|83|132|83|[]|636148157828830000|14:09:42:883
21|2.1|636147914801917771|884345|50986.9140625|8.4624123497817|98.7006997181706||||50986.90625|141.75|14925||||884345|BKP258|X|X||0|7||||132|83|132|83|[]|636148157869140000|14:09:46:914
21|2.1|636147914842791858|884345|50990.9921875|8.4651589318105|98.7041544033787||||50990.984375|142.25|14975||||884345|BKP258|X|X||0|7||||132|83|132|83|[]|636148157909920000|14:09:50:992
21|2.1|636147914891776756|884345|50995.890625|8.4685492440023|98.7083601071103||||50995.890625|142.5|15000||||884345|BKP258|X|X||0|7||||132|83|132|83|[]|636148157958910000|14:09:55:891
21|2.1|636147914937021280|884345|51000.421875|8.4717249794731|98.7123512341209||||51000.421875|143|15075||||884345|BKP258|X|X||0|7||||132|83|132|83|[]|636148158004220000|14:10:00:422
21|2.1|636147914980855663|884345|51004.7890625|8.4746432228787|98.7159990383779||||51004.78125|143.25|15100||||884345|BKP258|X|X||0|7||||132|83|132|83|[]|636148158047890000|14:10:04:789
21|2.1|636147915025010078|884345|51009.21875|8.477711669989|98.719882877028||||51009.2109375|143.75|15150||||884345|BKP258|X|X||0|7||||132|83|132|83|[]|636148158092190000|14:10:09:219
21|2.1|636147915070094586|884345|51013.71875|8.4808444901156|98.7237881733502||||51013.71875|144.25|15200||||884345|BKP258|X|X||0|7||||132|83|132|83|[]|636148158137190000|14:10:13:719
21|2.1|636147915113458922|884345|51018.0625|8.4839558525701|98.7276505543282||||51018.0546875|144.5|15225||||884345|BKP258|X|X||0|7||||132|83|132|83|[]|636148158180630000|14:10:18:063
21|2.1|636147915155113087|884345|51022.234375|8.486938468992|98.7313841892736||||51022.21875|145|15275||||884345|BKP258|X|X||0|7||||132|83|132|83|[]|636148158222340000|14:10:22:234
21|2.1|636147915195837159|884345|51026.2890625|8.4897708817092|98.7349461628422||||51026.28125|145.25|15300||||884345|BKP258|X|X||0|7||||132|83|132|83|[]|636148158262890000|14:10:26:289
21|2.1|636147915235921167|884345|51030.3046875|8.4926676674427|98.7385295940829||||51030.2890625|145.5|15325||||884345|BKP258|X|X||0|7||||132|83|132|83|[]|636148158303050000|14:10:30:305
21|2.1|636147915277735348|884345|51034.4921875|8.495736114553|98.7423705173888||||51034.484375|146|15375||||884345|BKP258|X|X||0|7||||132|83|132|83|[]|636148158344920000|14:10:34:492
21|2.1|636147915318919466|884345|51038.6015625|8.4986114426144|98.7459539486295||||51038.59375|146.25|15400||||884345|BKP258|X|X||0|7||||132|83|132|83|[]|636148158386020000|14:10:38:602
21|2.1|636147915359013475|884345|51042.609375|8.5014867706758|98.7495373798702||||51042.6015625|146.5|15425||||884345|BKP258|X|X||0|7||||132|83|132|83|[]|636148158426090000|14:10:42:609
21|2.1|636147915402227796|884345|51046.9296875|8.5047054214908|98.7535499645529||||51046.921875|147|15500||||884345|BKP258|X|X||0|7||||132|83|132|83|[]|636148158469300000|14:10:46:930
21|2.1|636147915449032476|884345|51051.609375|8.5080313606663|98.7577127529403||||51051.6015625|147.25|15525||||884345|BKP258|X|X||0|7||||132|83|132|83|[]|636148158516090000|14:10:51:609
21|2.1|636147915498017374|884345|51056.5234375|8.511614791907|98.7622188640813||||51056.515625|147.75|15575||||884345|BKP258|X|X||0|7||||132|83|132|83|[]|636148158565230000|14:10:56:523
21|2.1|636147915542631835|884345|51060.96875|8.5148978157383|98.7662958217803||||51060.96875|148|15600||||884345|BKP258|X|X||0|7||||132|83|132|83|[]|636148158609690000|14:11:00:969
21|2.1|636147915583815953|884345|51065.09375|8.5179448051765|98.7701152874141||||51065.0859375|148.5|15650||||884345|BKP258|X|X||0|7||||132|83|132|83|[]|636148158650940000|14:11:05:094
