21|2.1|636147897449132666|885306|49251.6640625|16.2645506713743|99.7223638598679||||49251.65625|359.75|38375||||885306|THD166|X|X|0|0|7||||132|5|132|5|[]|636148140516640000|13:40:51:664
21|2.1|636147897449292682|885306|49251.6640625|16.2645506713743|99.7223638598679||||49251.65625|359.75|38375||||885306|THD166|X|X|0|0|7||||132|147|132|147|[]|636148140516640000|13:40:51:664
21|2.1|636147897490166769|885306|49255.7734375|16.2736272666726|99.719381243446||||49255.765625|359.75|38375||||885306|THD166|X|X|0|0|7||||132|5|132|5|[]|636148140557730000|13:40:55:773
21|2.1|636147897490316784|885306|49255.7734375|16.2736272666726|99.719381243446||||49255.765625|359.75|38375||||885306|THD166|X|X|0|0|7||||132|147|132|147|[]|636148140557730000|13:40:55:773
21|2.1|636147897530720824|885306|49259.8125|16.2802362296794|99.7172140185639||||49259.8046875|359.75|38375||||885306|THD166|X|X|0|0|7||||132|147|132|147|[]|636148140598130000|13:40:59:813
21|2.1|636147897575495301|885306|49264.3046875|16.2901282165175|99.7139739100768||||49264.296875|359.75|38375||||885306|THD166|X|X|0|0|7||||132|147|132|147|[]|636148140643050000|13:41:04:305
21|2.1|636147897623710122|885306|49269.109375|16.3004493567976|99.710583597885||||49269.1015625|359.75|38375||||885306|THD166|X|X|0|0|7||||132|147|132|147|[]|636148140691090000|13:41:09:109
21|2.1|636147897664584209|885306|49273.203125|16.308689102884|99.7078370158562||||49273.1953125|359.75|38375||||885306|THD166|X|X|0|0|7||||132|147|132|147|[]|636148140732030000|13:41:13:203
21|2.1|636147897708258576|885306|49277.5703125|16.3181519362801|99.7047471110738||||49277.5625|359.75|38375||||885306|THD166|X|X|0|0|7||||132|147|132|147|[]|636148140775700000|13:41:17:570
21|2.1|636147897751162866|885306|49281.859375|16.3271856162342|99.701785952324||||49281.8515625|359.75|38375||||885306|THD166|X|X|0|0|7||||132|147|132|147|[]|636148140818590000|13:41:21:859
21|2.1|636147897794997249|885306|49286.25|16.3346099707808|99.6993397777046||||49286.2421875|359.5|38350||||885306|THD166|X|X|0|0|7||||132|147|132|147|[]|636148140862500000|13:41:26:250
21|2.1|636147897845232272|885306|49291.265625|16.3452744338145|99.6958207194802||||49291.2578125|359.5|38350||||885306|THD166|X|X||0|7||||132|147|132|147|[]|636148140912660000|13:41:31:266
21|2.1|636147897885486297|885306|49295.3046875|16.3543295714407|99.6928810184025||||49295.296875|359.75|38375||||885306|THD166|X|X|0|0|7||||132|147|132|147|[]|636148140953050000|13:41:35:305
21|2.1|636147897925730321|885306|49299.3125|16.3629555556249|99.6900271480132||||49299.3046875|359.5|38350||||885306|THD166|X|X||0|7||||132|147|132|147|[]|636148140993130000|13:41:39:313
21|2.1|636147898016059353|885306|49308.34375|16.3801860663212|99.6843408649067||||49308.3359375|359.5|38350||||885306|THD166|X|X||0|7||||132|147|132|147|[]|636148141083440000|13:41:48:344
21|2.1|636147898057403487|885306|49312.4921875|16.3892197462753|99.6814226215011||||49312.484375|359.75|38375||||885306|THD166|X|X|0|0|7||||132|147|132|147|[]|636148141124920000|13:41:52:492
21|2.1|636147898099207667|885306|49316.6640625|16.3974165770175|99.6786760394723||||49316.65625|359.75|38375||||885306|THD166|X|X||0|7||||132|147|132|147|[]|636148141166640000|13:41:56:664
21|2.1|636147898110138760|885306|49317.7734375|16.4002919050789|99.677753359572||||49317.765625|359.75|38375||||885306|THD166|X|X||0|7||||132|5|132|5|[]|636148141177730000|13:41:57:773
21|2.1|636147898141491895|885306|49320.90625|16.4068364950694|99.6755861346899||||49320.8984375|359.75|38375||||885306|THD166|X|X||0|7||||132|147|132|147|[]|636148141209060000|13:42:00:906
21|2.1|636147898183296075|885306|49325.0703125|16.4154410215815|99.6727322643006||||49325.0625|359.75|38375||||885306|THD166|X|X|0|0|7||||132|147|132|147|[]|636148141250700000|13:42:05:070
21|2.1|636147898224170162|885306|49329.15625|16.4244747015356|99.6697281902066||||49329.1484375|359.75|38375||||885306|THD166|X|X|0|0|7||||132|147|132|147|[]|636148141291560000|13:42:09:156
21|2.1|636147898267074452|885306|49333.453125|16.431426987296|99.6674322192919||||49333.4453125|359.75|38375||||885306|THD166|X|X|0|0|7||||132|147|132|147|[]|636148141334530000|13:42:13:453
21|2.1|636147898308878632|885306|49337.640625|16.440439209578|99.6644925182142||||49337.625|359.75|38375||||885306|THD166|X|X|0|0|7||||132|147|132|147|[]|636148141376410000|13:42:17:641
21|2.1|636147898350842828|885306|49341.8203125|16.4494728895321|99.6615099017923||||49341.8125|359.75|38375||||885306|THD166|X|X|0|0|7||||132|147|132|147|[]|636148141418200000|13:42:21:820
21|2.1|636147898390936837|885306|49345.84375|16.4576482626022|99.6588062351077||||49345.8359375|359.75|38375||||885306|THD166|X|X|0|0|7||||132|147|132|147|[]|636148141458440000|13:42:25:844
21|2.1|636147898431970940|885306|49349.9453125|16.4666819425563|99.6558450763579||||49349.9375|359.75|38375||||885306|THD166|X|X|0|0|7||||132|147|132|147|[]|636148141499450000|13:42:29:945
21|2.1|636147898472374980|885306|49353.9765625|16.4753079267405|99.6530126636407||||49353.96875|359.75|38375||||885306|THD166|X|X|0|0|7||||132|147|132|147|[]|636148141539770000|13:42:33:977
21|2.1|636147898516059348|885306|49358.3515625|16.4826679082708|99.6506094043655||||49358.34375|359.75|38375||||885306|THD166|X|X|0|0|7||||132|147|132|147|[]|636148141583520000|13:42:38:352
21|2.1|636147898559423684|885306|49362.6875|16.4916586728807|99.6476267879436||||49362.671875|359.75|38375||||885306|THD166|X|X|0|0|7||||132|147|132|147|[]|636148141626880000|13:42:42:688
21|2.1|636147898601697911|885306|49366.921875|16.5010571332605|99.644493967817||||49366.9140625|359.75|38375||||885306|THD166|X|X|0|0|7||||132|147|132|147|[]|636148141669220000|13:42:46:922
21|2.1|636147898647102451|885306|49371.4453125|16.5104770513124|99.6414255207067||||49371.4375|359.75|38375||||885306|THD166|X|X|0|0|7||||132|147|132|147|[]|636148141714450000|13:42:51:445
21|2.1|636147898688596600|885306|49375.59375|16.5194892735944|99.6384429042848||||49375.5859375|359.75|38375||||885306|THD166|X|X|0|0|7||||132|147|132|147|[]|636148141755940000|13:42:55:594
21|2.1|636147898732430983|885306|49379.9921875|16.5268921704689|99.6359967296654||||49379.984375|359.75|38375||||885306|THD166|X|X|0|0|7||||132|147|132|147|[]|636148141799920000|13:42:59:992
21|2.1|636147898774095149|885306|49384.1640625|16.5354752393089|99.633121401604||||49384.15625|359.75|38375||||885306|THD166|X|X|0|0|7||||132|147|132|147|[]|636148141841640000|13:43:04:164
21|2.1|636147898814649204|885306|49388.2109375|16.544079765821|99.6302889888868||||49388.203125|359.75|38375||||885306|THD166|X|X|0|0|7||||132|147|132|147|[]|636148141882110000|13:43:08:211
21|2.1|636147898857083447|885306|49392.453125|16.553091988103|99.6273063724649||||49392.4453125|359.75|38375||||885306|THD166|X|X|0|0|7||||132|147|132|147|[]|636148141924530000|13:43:12:453
21|2.1|636147898898737612|885306|49396.625|16.5620827527129|99.6243022983709||||49396.6171875|359.75|38375||||885306|THD166|X|X|0|0|7||||132|147|132|147|[]|636148141966250000|13:43:16:625
21|2.1|636147899031030840|885306|49409.8515625|16.5883040280191|99.6156333988425||||49409.84375|359.75|38375||||885306|THD166|X|X|0|0|7||||132|147|132|147|[]|636148142098520000|13:43:29:852
21|2.1|636147899078925629|885306|49414.640625|16.5985607952829|99.6122216289786||||49414.6328125|359.75|38375||||885306|THD166|X|X|0|0|7||||132|147|132|147|[]|636148142146410000|13:43:34:641
21|2.1|636147899122449981|885306|49418.9921875|16.6079807133348|99.609088808852||||49418.984375|359.75|38375||||885306|THD166|X|X|0|0|7||||132|147|132|147|[]|636148142189920000|13:43:38:992
21|2.1|636147899165194255|885306|49423.265625|16.6170143932889|99.6060632770859||||49423.2578125|359.75|38375||||885306|THD166|X|X||0|7||||132|147|132|147|[]|636148142232660000|13:43:43:266
21|2.1|636147899206378373|885306|49427.359375|16.6256618351452|99.6032523220408||||49427.359375|359.75|38375||||885306|THD166|X|X|0|0|7||||132|147|132|147|[]|636148142273590000|13:43:47:359
21|2.1|636147899246632398|885306|49431.40625|16.6322064251357|99.6010421818145||||49431.3984375|359.5|38375||||885306|THD166|X|X|0|0|7||||132|147|132|147|[]|636148142314060000|13:43:51:406
21|2.1|636147899296087343|885306|49436.3515625|16.6428923458415|99.5975445812622||||49436.34375|358.75|38325||||885306|THD166|X|X|0|0|7||||132|147|132|147|[]|636148142363520000|13:43:56:352
21|2.1|636147899340541788|885306|49440.8046875|16.6522908062213|99.5943903034635||||49440.796875|358|38250||||885306|THD166|X|X|0|0|7||||132|147|132|147|[]|636148142408050000|13:44:00:805
21|2.1|636147899383456079|885306|49445.0859375|16.6616892666011|99.5913003986811||||49445.078125|357.25|38150||||885306|THD166|X|X|0|0|7||||132|147|132|147|[]|636148142450860000|13:44:05:086
21|2.1|636147899432741007|885306|49450.015625|16.6719031185207|99.5879315441614||||49450.0078125|356.75|38100||||885306|THD166|X|X|0|0|7||||132|147|132|147|[]|636148142500160000|13:44:10:016
21|2.1|636147899473925125|885306|49454.140625|16.6787481159206|99.5856141155746||||49454.140625|356.25|38050||||885306|THD166|X|X|0|0|7||||132|147|132|147|[]|636148142541410000|13:44:14:141
21|2.1|636147899518549587|885306|49458.59375|16.6880392879399|99.5825456684643||||49458.5859375|355.75|38000||||885306|THD166|X|X|0|0|7||||132|147|132|147|[]|636148142585940000|13:44:18:594
21|2.1|636147899564104142|885306|49463.1640625|16.6976737827128|99.5793484753214||||49463.15625|355|37925||||885306|THD166|X|X|0|0|7||||132|147|132|147|[]|636148142631640000|13:44:23:164
21|2.1|636147899611838915|885306|49467.921875|16.7076516002393|99.5760654514901||||49467.9140625|354|37825||||885306|THD166|X|X|0|0|7||||132|147|132|147|[]|636148142679220000|13:44:27:922
21|2.1|636147899656613392|885306|49472.4140625|16.7167711108818|99.5730184620519||||49472.40625|352.75|37675||||885306|THD166|X|X|0|0|7||||132|147|132|147|[]|636148142724140000|13:44:32:414
21|2.1|636147899698107541|885306|49476.5625|16.7235302775933|99.5707868641535||||49476.5546875|352|37650||||885306|THD166|X|X|0|0|7||||132|147|132|147|[]|636148142765630000|13:44:36:563
21|2.1|636147899741011831|885306|49480.84375|16.7321777194496|99.5678686207479||||49480.8359375|351|37500||||885306|THD166|X|X|0|0|7||||132|147|132|147|[]|636148142808440000|13:44:40:844
21|2.1|636147899790776807|885306|49485.8203125|16.7423915713692|99.5645212239003||||49485.8203125|350|37400||||885306|THD166|X|X||0|7||||132|147|132|147|[]|636148142858200000|13:44:45:820
21|2.1|636147899839921721|885306|49490.7421875|16.7525625079446|99.5611523693806||||49490.734375|348.75|37275||||885306|THD166|X|X|0|0|7||||132|147|132|147|[]|636148142907420000|13:44:50:742
21|2.1|636147899884066135|885306|49495.15625|16.7615532725545|99.5581482952866||||49495.1484375|347.5|37125||||885306|THD166|X|X|0|0|7||||132|147|132|147|[]|636148142951560000|13:44:55:156
21|2.1|636147899927280456|885306|49499.4765625|16.768527015987|99.5558523243719||||49499.46875|346.25|37000||||885306|THD166|X|X|0|0|7||||132|147|132|147|[]|636148142994770000|13:44:59:477
21|2.1|636147899976585386|885306|49504.390625|16.7782687991204|99.552655131229||||49504.390625|344.5|36825||||885306|THD166|X|X|0|0|7||||132|147|132|147|[]|636148143043910000|13:45:04:391
21|2.1|636147900020109738|885306|49508.75|16.7867874949441|99.5498227185118||||49508.75|343.25|36700||||885306|THD166|X|X|0|0|7||||132|147|132|147|[]|636148143087500000|13:45:08:750
21|2.1|636147900069084635|885306|49513.65625|16.796421989717|99.5466255253689||||49513.6484375|341.75|36525||||885306|THD166|X|X|0|0|7||||132|147|132|147|[]|636148143136560000|13:45:13:656
21|2.1|636147900119319658|885306|49518.671875|16.8072151987833|99.5430420941282||||49518.6640625|340.25|36375||||885306|THD166|X|X|0|0|7||||132|147|132|147|[]|636148143186720000|13:45:18:672
21|2.1|636147900159733699|885306|49522.7109375|16.8149399607393|99.5404886311483||||49522.7109375|339|36200||||885306|THD166|X|X|0|0|7||||132|147|132|147|[]|636148143227110000|13:45:22:711
21|2.1|636147900203258051|885306|49527.0703125|16.8214845507298|99.5383428639383||||49527.0703125|337.75|36125||||885306|THD166|X|X|0|0|7||||132|147|132|147|[]|636148143270700000|13:45:27:070
21|2.1|636147900247252450|885306|49531.4765625|16.830325111635|99.5354031628606||||49531.46875|336.25|35950||||885306|THD166|X|X|0|0|7||||132|147|132|147|[]|636148143314770000|13:45:31:477
21|2.1|636147900287496474|885306|49535.4921875|16.8387365190982|99.5326565808318||||49535.484375|335|35800||||885306|THD166|X|X|0|0|7||||132|147|132|147|[]|636148143354920000|13:45:35:492
21|2.1|636147900335541278|885306|49540.296875|16.8483280985269|99.5294593876889||||49540.2890625|333.25|35600||||885306|THD166|X|X|0|0|7||||132|147|132|147|[]|636148143402970000|13:45:40:297
21|2.1|636147900377665490|885306|49544.5|16.8567395059901|99.5266484326438||||49544.5|332|35475||||885306|THD166|X|X|0|0|7||||132|147|132|147|[]|636148143445000000|13:45:44:500
21|2.1|636147900421979921|885306|49548.9453125|16.8636488764063|99.5243739194012||||49548.9375|330.5|35350||||885306|THD166|X|X|0|0|7||||132|147|132|147|[]|636148143489450000|13:45:48:945
21|2.1|636147900462533976|885306|49552.9921875|16.8716525880996|99.5217346257329||||49552.984375|329.25|35200||||885306|THD166|X|X|0|0|7||||132|147|132|147|[]|636148143529920000|13:45:52:992
21|2.1|636147900507618484|885306|49557.5|16.8808150140863|99.5187305516389||||49557.5|328|35050||||885306|THD166|X|X|0|0|7||||132|147|132|147|[]|636148143575000000|13:45:57:500
21|2.1|636147900551142836|885306|49561.8515625|16.8887758104354|99.5160483426264||||49561.8515625|326.75|34925||||885306|THD166|X|X|0|0|7||||132|147|132|147|[]|636148143618520000|13:46:01:852
21|2.1|636147900597947516|885306|49566.53125|16.8982601015036|99.5129155224998||||49566.53125|325.5|34800||||885306|THD166|X|X|0|0|7||||132|147|132|147|[]|636148143665310000|13:46:06:531
21|2.1|636147900647712492|885306|49571.5078125|16.9065642206063|99.5101903981431||||49571.5|324.25|34625||||885306|THD166|X|X|0|0|7||||132|147|132|147|[]|636148143715080000|13:46:11:508
21|2.1|636147900688896610|885306|49575.6328125|16.9140958635134|99.5076798505074||||49575.625|323.25|34550||||885306|THD166|X|X|0|0|7||||132|147|132|147|[]|636148143756330000|13:46:15:633
21|2.1|636147900731490869|885306|49579.8828125|16.9227647630418|99.5047830647739||||49579.875|322|34425||||885306|THD166|X|X|0|0|7||||132|147|132|147|[]|636148143798830000|13:46:19:883
21|2.1|636147900775645284|885306|49584.3046875|16.9313692895539|99.5019506520567||||49584.296875|320.75|34275||||885306|THD166|X|X|0|0|7||||132|147|132|147|[]|636148143843050000|13:46:24:305
21|2.1|636147900817919511|885306|49588.53125|16.9395875779682|99.4992255277||||49588.53125|319.5|34150||||885306|THD166|X|X|0|0|7||||132|147|132|147|[]|636148143885310000|13:46:28:531
21|2.1|636147900861133832|885306|49592.8515625|16.9477629510383|99.4965004033433||||49592.8515625|318.25|34000||||885306|THD166|X|X|0|0|7||||132|147|132|147|[]|636148143928520000|13:46:32:852
21|2.1|636147900906528371|885306|49597.390625|16.9548439828313|99.4941615170844||||49597.390625|317|33900||||885306|THD166|X|X|0|0|7||||132|147|132|147|[]|636148143973910000|13:46:37:391
21|2.1|636147900947562474|885306|49601.5078125|16.9630408135735|99.4914578503998||||49601.5|316|33775||||885306|THD166|X|X|0|0|7||||132|147|132|147|[]|636148144015080000|13:46:41:508
21|2.1|636147901036321349|885306|49610.3671875|16.9800782052209|99.4858144826375||||49610.359375|313.5|33500||||885306|THD166|X|X||0|7||||132|147|132|147|[]|636148144103670000|13:46:50:367
21|2.1|636147901079695686|885306|49614.7109375|16.9885325280283|99.4829606122482||||49614.7109375|312.25|33350||||885306|THD166|X|X|0|0|7||||132|147|132|147|[]|636148144147110000|13:46:54:711
21|2.1|636147901127440460|885306|49619.4765625|16.9958925095586|99.480557352973||||49619.46875|311|33200||||885306|THD166|X|X|0|0|7||||132|147|132|147|[]|636148144194770000|13:46:59:477
21|2.1|636147901203728088|885306|49627.1015625|17.0101833191772|99.4758152074389||||49627.1015625|309.25|33050||||885306|THD166|X|X||0|7||||132|147|132|147|[]|636148144271020000|13:47:07:102
21|2.1|636147901289676682|885306|49635.703125|17.0266198960058|99.4703649587255||||49635.6953125|306.75|32775||||885306|THD166|X|X||0|7||||132|147|132|147|[]|636148144357030000|13:47:15:703
21|2.1|636147901332740988|885306|49640.0234375|17.0345806923549|99.4677042073851||||49640.015625|305.25|32600||||885306|THD166|X|X|0|0|7||||132|147|132|147|[]|636148144400230000|13:47:20:023
21|2.1|636147901373605074|885306|49644.09375|17.0407605019197|99.4656442708635||||49644.0859375|304|32500||||885306|THD166|X|X||0|7||||132|147|132|147|[]|636148144440940000|13:47:24:094
21|2.1|636147901414789192|885306|49648.2109375|17.0480346527616|99.4632195539162||||49648.2109375|303|32375||||885306|THD166|X|X|0|0|7||||132|147|132|147|[]|636148144482110000|13:47:28:211
21|2.1|636147901460513764|885306|49652.796875|17.05670355229|99.4603013105106||||49652.7890625|301.75|32225||||885306|THD166|X|X|0|0|7||||132|147|132|147|[]|636148144527970000|13:47:32:797
21|2.1|636147901503868099|885306|49657.125|17.0649862137206|99.4575547284818||||49657.1171875|301|32150||||885306|THD166|X|X|0|0|7||||132|147|132|147|[]|636148144571250000|13:47:37:125
21|2.1|636147901545832295|885306|49661.328125|17.0728397217092|99.4548939771414||||49661.3203125|299.75|32025||||885306|THD166|X|X|0|0|7||||132|147|132|147|[]|636148144613280000|13:47:41:328
21|2.1|636147901585926304|885306|49665.3359375|17.0803499069442|99.4523834295057||||49665.328125|299|31925||||885306|THD166|X|X|0|0|7||||132|147|132|147|[]|636148144653360000|13:47:45:336
21|2.1|636147901633361047|885306|49670.0859375|17.0874953117535|99.4500230855747||||49670.078125|297.75|31800||||885306|THD166|X|X|0|0|7||||132|147|132|147|[]|636148144700860000|13:47:50:086
21|2.1|636147901674225133|885306|49674.1640625|17.0949625816443|99.4475769109553||||49674.15625|296.75|31725||||885306|THD166|X|X|0|0|7||||132|147|132|147|[]|636148144741640000|13:47:54:164
21|2.1|636147901753793089|885306|49682.125|17.1098327484096|99.4425987310281||||49682.1171875|294.5|31450||||885306|THD166|X|X|0|0|7||||132|147|132|147|[]|636148144821250000|13:48:02:125
21|2.1|636147901797787488|885306|49686.5234375|17.1175789680377|99.4400452680482||||49686.5234375|293.5|31350||||885306|THD166|X|X|0|0|7||||132|147|132|147|[]|636148144865230000|13:48:06:523
21|2.1|636147901847082417|885306|49691.4453125|17.1263551559266|99.4371055669705||||49691.4375|292|31200||||885306|THD166|X|X|0|0|7||||132|147|132|147|[]|636148144914450000|13:48:11:445
21|2.1|636147901905578266|885306|49697.3046875|17.135882362339|99.4339298314997||||49697.296875|290.25|31025||||885306|THD166|X|X||0|7||||132|147|132|147|[]|636148144973050000|13:48:17:305
21|2.1|636147901982805988|885306|49705.0234375|17.1495294417946|99.4294022626866||||49705.0234375|288|30775||||885306|THD166|X|X|0|0|7||||132|147|132|147|[]|636148145050230000|13:48:25:023
21|2.1|636147902032880995|885306|49710.0234375|17.1586489524371|99.4264196462647||||49710.0234375|286.5|30575||||885306|THD166|X|X|0|0|7||||132|147|132|147|[]|636148145100230000|13:48:30:023
21|2.1|636147902081875894|885306|49714.9375|17.1677470054075|99.4233726568265||||49714.9296875|285|30400||||885306|THD166|X|X|0|0|7||||132|147|132|147|[]|636148145149380000|13:48:34:938
21|2.1|636147902149582664|885306|49721.6953125|17.1785402144738|99.4197677679137||||49721.6875|283|30250||||885306|THD166|X|X|0|0|7||||132|147|132|147|[]|636148145216950000|13:48:41:695
21|2.1|636147902190296735|885306|49725.7734375|17.1858572806599|99.4173645086385||||49725.7734375|281.75|30075||||885306|THD166|X|X|0|0|7||||132|147|132|147|[]|636148145257730000|13:48:45:773
21|2.1|636147902239591664|885306|49730.703125|17.1949124182861|99.4142960615282||||49730.703125|280.25|29925||||885306|THD166|X|X||0|7||||132|147|132|147|[]|636148145307030000|13:48:50:703
21|2.1|636147902279995704|885306|49734.734375|17.2021651114559|99.411892802253||||49734.7265625|279.25|29825||||885306|THD166|X|X|0|0|7||||132|147|132|147|[]|636148145347340000|13:48:54:734
21|2.1|636147902328510555|885306|49739.5859375|17.2090959395442|99.4095968313383||||49739.578125|277.75|29625||||885306|THD166|X|X||0|7||||132|147|132|147|[]|636148145395860000|13:48:59:586
21|2.1|636147902368604564|885306|49743.6015625|17.2160053099604|99.4072794027515||||49743.6015625|276.5|29550||||885306|THD166|X|X||0|7||||132|147|132|147|[]|636148145436020000|13:49:03:602
21|2.1|636147902418839587|885306|49748.625|17.2249531592261|99.4042967863296||||49748.6171875|275|29375||||885306|THD166|X|X|0|0|7||||132|147|132|147|[]|636148145486250000|13:49:08:625
