21|2.1|636147897987036451|8960da|49305.453125|14.0017104023967|100.620796590695||||49305.4453125|75.25|7850||||8960da|X|X|X|0|0|6||||132|5|132|5|[]|636148141054530000|13:41:45:453
21|2.1|636147898030720819|8960da|49309.828125|13.9973115796162|100.623543172724||||49309.8203125|74.5|7750||||8960da|UAE370|X|X|0|0|7||||132|5|132|5|[]|636148141098280000|13:41:49:828
21|2.1|636147898078145561|8960da|49314.5625|13.9930200451962|100.627190976981||||49314.5546875|73.5|7675||||8960da|UAE370|X|X||0|7||||132|5|132|5|[]|636148141145630000|13:41:54:563
21|2.1|636147898120429789|8960da|49318.796875|13.9896941060207|100.63086023891||||49318.7890625|72.75|7575||||8960da|UAE370|X|X|0|0|7||||132|5|132|5|[]|636148141187970000|13:41:58:797
21|2.1|636147898163954141|8960da|49323.15625|13.986754404943|100.63515177333||||49323.1484375|71.75|7475||||8960da|UAE370|X|X|0|0|7||||132|5|132|5|[]|636148141231560000|13:42:03:156
21|2.1|636147898208878633|8960da|49327.6484375|13.9844798917004|100.639829545848||||49327.6328125|71|7400||||8960da|UAE370|X|X||0|7||||132|5|132|5|[]|636148141276480000|13:42:07:648
21|2.1|636147898252252970|8960da|49331.984375|13.9827632779324|100.644743352759||||49331.9765625|70.5|7325||||8960da|UAE370|X|X|0|0|7||||132|5|132|5|[]|636148141319840000|13:42:11:984
21|2.1|636147898292807025|8960da|49336.046875|13.9814972752785|100.649313836916||||49336.0390625|69.75|7250||||8960da|UAE370|X|X|0|0|7||||132|5|132|5|[]|636148141360470000|13:42:16:047
21|2.1|636147898334621206|8960da|49340.21875|13.9802312726246|100.654141813138||||49340.203125|68.75|7150||||8960da|UAE370|X|X||0|7||||132|5|132|5|[]|636148141402190000|13:42:20:219
21|2.1|636147898377525496|8960da|49344.4921875|13.9789438122986|100.658948331689||||49344.484375|68|7075||||8960da|UAE370|X|X||0|7||||132|5|132|5|[]|636148141444920000|13:42:24:492
21|2.1|636147898418089552|8960da|49348.5625|13.9776348943005|100.663754850239||||49348.5546875|67.25|6975||||8960da|UAE370|X|X||0|7||||132|5|132|5|[]|636148141485630000|13:42:28:563
21|2.1|636147898463324075|8960da|49353.0859375|13.9762616032861|100.668775945511||||49353.078125|66.75|6925||||8960da|UAE370|X|X||0|7||||132|5|132|5|[]|636148141530860000|13:42:33:086
21|2.1|636147898506068349|8960da|49357.359375|13.9749312276159|100.67377558311||||49357.34375|66.25|6875||||8960da|UAE370|X|X||0|7||||132|5|132|5|[]|636148141573590000|13:42:37:359
21|2.1|636147898547882530|8960da|49361.546875|13.9736866826341|100.678517728644||||49361.53125|65.75|6825||||8960da|UAE370|X|X||0|7||||132|5|132|5|[]|636148141615470000|13:42:41:547
21|2.1|636147898591876929|8960da|49365.9375|13.9725065106686|100.683216958834||||49365.921875|65.5|6800||||8960da|UAE370|X|X|0|0|7||||132|5|132|5|[]|636148141659380000|13:42:45:938
21|2.1|636147898632130954|8960da|49369.96875|13.9713477963752|100.687916189024||||49369.953125|65|6750||||8960da|UAE370|X|X|0|0|7||||132|5|132|5|[]|636148141699690000|13:42:49:969
21|2.1|636147898672845025|8960da|49374.0390625|13.970661150868|100.692400842493||||49374.0234375|64.75|6725||||8960da|UAE370|X|X|0|0|7||||132|5|132|5|[]|636148141740390000|13:42:54:039
21|2.1|636147898716219362|8960da|49378.375|13.9703178281144|100.697357564748||||49378.375|64.25|6675||||8960da|UAE370|X|X|0|0|7||||132|5|132|5|[]|636148141783750000|13:42:58:375
21|2.1|636147898758023542|8960da|49382.5625|13.9705753201796|100.702056794938||||49382.5546875|64|6650||||8960da|UAE370|X|X|0|0|7||||132|5|132|5|[]|636148141825630000|13:43:02:563
21|2.1|636147898799987738|8960da|49386.7421875|13.971304881031|100.706605821423||||49386.7421875|63.75|6600||||8960da|UAE370|X|X|0|0|7||||132|5|132|5|[]|636148141867420000|13:43:06:742
21|2.1|636147898842271966|8960da|49390.9765625|13.972592341357|100.711047559548||||49390.9765625|63.25|6550||||8960da|UAE370|X|X|0|0|7||||132|5|132|5|[]|636148141909770000|13:43:10:977
21|2.1|636147898886886427|8960da|49395.4375|13.974523531846|100.71536055164||||49395.4296875|63|6525||||8960da|UAE370|X|X|0|0|7||||132|5|132|5|[]|636148141954380000|13:43:15:438
21|2.1|636147898929940732|8960da|49399.75|13.9769482487933|100.719394593994||||49399.7421875|62.5|6475||||8960da|UAE370|X|X|0|0|7||||132|5|132|5|[]|636148141997500000|13:43:19:750
21|2.1|636147898971754913|8960da|49403.9296875|13.9795446271174|100.722699075498||||49403.9140625|62|6425||||8960da|UAE370|X|X|0|0|7||||132|5|132|5|[]|636148142039300000|13:43:23:930
21|2.1|636147899013869124|8960da|49408.1484375|13.982892023965|100.725917726313||||49408.140625|61.5|6375||||8960da|UAE370|X|X|0|0|7||||132|5|132|5|[]|636148142081480000|13:43:28:148
21|2.1|636147899057243461|8960da|49412.4765625|13.9863896245173|100.728492646965||||49412.46875|61.25|6350||||8960da|UAE370|X|X|0|0|7||||132|5|132|5|[]|636148142124770000|13:43:32:477
21|2.1|636147899097497486|8960da|49416.5078125|13.9900159711022|100.730466752798||||49416.5|60.75|6300||||8960da|UAE370|X|X|0|0|7||||132|5|132|5|[]|636148142165080000|13:43:36:508
21|2.1|636147899140861822|8960da|49420.8359375|13.9941143864733|100.732140451222||||49420.8359375|60.25|6225||||8960da|UAE370|X|X|0|0|7||||132|5|132|5|[]|636148142208360000|13:43:40:836
21|2.1|636147899181265862|8960da|49424.8828125|13.9978909367629|100.73344936922||||49424.8828125|59.75|6175||||8960da|UAE370|X|X|0|0|7||||132|5|132|5|[]|636148142248830000|13:43:44:883
21|2.1|636147899222139949|8960da|49428.96875|14.0018820637735|100.734822660234||||49428.9609375|59|6100||||8960da|UAE370|X|X|0|0|7||||132|5|132|5|[]|636148142289690000|13:43:48:969
21|2.1|636147899265664301|8960da|49433.3203125|14.005851733112|100.736346154953||||49433.3125|58|6000||||8960da|UAE370|X|X|0|0|7||||132|5|132|5|[]|636148142333200000|13:43:53:320
21|2.1|636147899309658700|8960da|49437.7265625|14.0099501484831|100.738084226394||||49437.71875|57.25|5925||||8960da|UAE370|X|X|0|0|7||||132|5|132|5|[]|636148142377270000|13:43:57:727
21|2.1|636147899349752709|8960da|49441.734375|14.0137481564448|100.739843755506||||49441.734375|56.5|5825||||8960da|UAE370|X|X|0|0|7||||132|5|132|5|[]|636148142417340000|13:44:01:734
21|2.1|636147899392967030|8960da|49446.046875|14.0175247067344|100.741689115306||||49446.0390625|55.75|5750||||8960da|UAE370|X|X|0|0|7||||132|5|132|5|[]|636148142460470000|13:44:06:047
21|2.1|636147899438361569|8960da|49450.5859375|14.0216660374497|100.743727594156||||49450.578125|55|5675||||8960da|UAE370|X|X|0|0|7||||132|5|132|5|[]|636148142505860000|13:44:10:586
21|2.1|636147899480015734|8960da|49454.75|14.0253996723951|100.745680242317||||49454.7421875|54.5|5625||||8960da|UAE370|X|X|0|0|7||||132|5|132|5|[]|636148142547500000|13:44:14:750
21|2.1|636147899522599992|8960da|49459.015625|14.0291333073405|100.747611432806||||49459.0078125|53.75|5550||||8960da|UAE370|X|X|0|0|7||||132|5|132|5|[]|636148142590160000|13:44:19:016
21|2.1|636147899564724204|8960da|49463.2265625|14.0328025692696|100.749585538639||||49463.21875|53|5475||||8960da|UAE370|X|X|0|0|7||||132|5|132|5|[]|636148142632270000|13:44:23:227
21|2.1|636147899608718603|8960da|49467.625|14.0367078655918|100.751624017489||||49467.6171875|52.25|5400||||8960da|UAE370|X|X|0|0|7||||132|5|132|5|[]|636148142676250000|13:44:27:625
21|2.1|636147899652092940|8960da|49471.96875|14.0405273312256|100.75368395401||||49471.9609375|52|5350||||8960da|UAE370|X|X|0|0|7||||132|5|132|5|[]|636148142719690000|13:44:31:969
21|2.1|636147899698737604|8960da|49476.625|14.0445613735804|100.755851178892||||49476.6171875|51.75|5325||||8960da|UAE370|X|X|0|0|7||||132|5|132|5|[]|636148142766250000|13:44:36:625
21|2.1|636147899741951925|8960da|49480.953125|14.0484022968863|100.757932573086||||49480.9453125|51.75|5325||||8960da|UAE370|X|X||0|7||||132|5|132|5|[]|636148142809530000|13:44:40:953
21|2.1|636147899785786308|8960da|49485.328125|14.0521144741596|100.760164170984||||49485.3203125|51.75|5325||||8960da|UAE370|X|X|0|0|7||||132|5|132|5|[]|636148142853280000|13:44:45:328
21|2.1|636147899832741003|8960da|49490.0234375|14.0557408207445|100.762889295341||||49490.015625|51.75|5325||||8960da|UAE370|X|X|0|0|7||||132|5|132|5|[]|636148142900230000|13:44:50:023
21|2.1|636147899874555184|8960da|49494.203125|14.0586590641501|100.765850454091||||49494.1953125|51.75|5325||||8960da|UAE370|X|X|0|0|7||||132|5|132|5|[]|636148142942030000|13:44:54:203
21|2.1|636147899916829411|8960da|49498.4375|14.0612339848021|100.76911202025||||49498.4296875|52|5350||||8960da|UAE370|X|X|0|0|7||||132|5|132|5|[]|636148142984380000|13:44:58:438
21|2.1|636147899957383466|8960da|49502.484375|14.0635299557168|100.772330671065||||49502.4765625|52|5350||||8960da|UAE370|X|X|0|0|7||||132|5|132|5|[]|636148143024840000|13:45:02:484
21|2.1|636147900002317959|8960da|49506.9453125|14.0659761303362|100.776171594371||||49506.9375|52|5350||||8960da|UAE370|X|X|0|0|7||||132|5|132|5|[]|636148143069450000|13:45:06:945
21|2.1|636147900045372264|8960da|49511.2890625|14.0681433552183|100.779669194923||||49511.28125|52|5350||||8960da|UAE370|X|X|0|0|7||||132|5|132|5|[]|636148143112890000|13:45:11:289
21|2.1|636147900093757102|8960da|49516.125|14.070653902854|100.783746152622||||49516.1171875|52|5350||||8960da|UAE370|X|X|0|0|7||||132|5|132|5|[]|636148143161250000|13:45:16:125
21|2.1|636147900138361562|8960da|49520.59375|14.0729927891129|100.787629991272||||49520.5859375|52|5350||||8960da|UAE370|X|X|0|0|7||||132|5|132|5|[]|636148143205940000|13:45:20:594
21|2.1|636147900178915617|8960da|49524.6484375|14.0750527256345|100.791041761136||||49524.640625|52|5350||||8960da|UAE370|X|X|0|0|7||||132|5|132|5|[]|636148143246480000|13:45:24:648
21|2.1|636147900221659891|8960da|49528.9296875|14.0770268314677|100.794689565393||||49528.9140625|52|5350||||8960da|UAE370|X|X|0|0|7||||132|5|132|5|[]|636148143289300000|13:45:28:930
21|2.1|636147900266604385|8960da|49533.4140625|14.0787434452357|100.798895269125||||49533.40625|52|5350||||8960da|UAE370|X|X|0|0|7||||132|5|132|5|[]|636148143334140000|13:45:33:414
21|2.1|636147900310588783|8960da|49537.8203125|14.0798592441849|100.803122430529||||49537.8046875|52|5350||||8960da|UAE370|X|X|0|0|7||||132|5|132|5|[]|636148143378200000|13:45:37:820
21|2.1|636147900352863010|8960da|49542.0390625|14.0804171436595|100.807263761244||||49542.0234375|52|5350||||8960da|UAE370|X|X|0|0|7||||132|5|132|5|[]|636148143420390000|13:45:42:039
21|2.1|636147900394987222|8960da|49546.2578125|14.0807604664131|100.811448007303||||49546.25|52|5350||||8960da|UAE370|X|X|0|0|7||||132|5|132|5|[]|636148143462580000|13:45:46:258
21|2.1|636147900437731496|8960da|49550.5234375|14.0809750431341|100.815610795691||||49550.515625|51.75|5325||||8960da|UAE370|X|X|0|0|7||||132|5|132|5|[]|636148143505230000|13:45:50:523
21|2.1|636147900483286051|8960da|49555.078125|14.0811252468388|100.820159822176||||49555.0625|51.5|5300||||8960da|UAE370|X|X|0|0|7||||132|5|132|5|[]|636148143550780000|13:45:55:078
21|2.1|636147900529000622|8960da|49559.6484375|14.0812539928714|100.824708848661||||49559.6328125|51.25|5275||||8960da|UAE370|X|X|0|0|7||||132|5|132|5|[]|636148143596480000|13:45:59:648
21|2.1|636147900573305052|8960da|49564.0859375|14.0811252468388|100.829043298425||||49564.078125|50.75|5225||||8960da|UAE370|X|X|0|0|7||||132|5|132|5|[]|636148143640860000|13:46:04:086
21|2.1|636147900614329154|8960da|49568.1875|14.0805458896921|100.833184629141||||49568.171875|50.5|5200||||8960da|UAE370|X|X|0|0|7||||132|5|132|5|[]|636148143681880000|13:46:08:188
21|2.1|636147900657223443|8960da|49572.4765625|14.0793442600545|100.837154298479||||49572.4765625|50.25|5175||||8960da|UAE370|X|X|0|0|7||||132|5|132|5|[]|636148143724770000|13:46:12:477
21|2.1|636147900701687889|8960da|49576.9140625|14.0774345272376|100.840995221785||||49576.90625|50|5150||||8960da|UAE370|X|X|0|0|7||||132|5|132|5|[]|636148143769140000|13:46:16:914
21|2.1|636147900741781898|8960da|49580.9375|14.0749883526182|100.844256787944||||49580.9375|49.5|5100||||8960da|UAE370|X|X|0|0|7||||132|5|132|5|[]|636148143809380000|13:46:20:938
21|2.1|636147900786086328|8960da|49585.359375|14.0717482441311|100.847110658334||||49585.3515625|49.25|5075||||8960da|UAE370|X|X|0|0|7||||132|5|132|5|[]|636148143853590000|13:46:25:359
21|2.1|636147900829920711|8960da|49589.75|14.0679931515136|100.849149137183||||49589.734375|48.75|5025||||8960da|UAE370|X|X|0|0|6||||132|5|132|5|[]|636148143897500000|13:46:29:750
21|2.1|636147900871584877|8960da|49593.90625|14.0642380588961|100.850179105444||||49593.90625|48.5|4975||||8960da|UAE370|X|X|0|0|6||||132|5|132|5|[]|636148143939060000|13:46:33:906
21|2.1|636147900911988917|8960da|49597.953125|14.0601825588692|100.850500970525||||49597.953125|48|4950||||8960da|UAE370|X|X|0|0|6||||132|5|132|5|[]|636148143979530000|13:46:37:953
21|2.1|636147900956453363|8960da|49602.3984375|14.0559339397934|100.849814325018||||49602.3828125|47.75|4925||||8960da|UAE370|X|X|0|0|6||||132|5|132|5|[]|636148144023980000|13:46:42:398
21|2.1|636147901000437761|8960da|49606.796875|14.0519428127828|100.848226457283||||49606.796875|47.25|4850||||8960da|UAE370|X|X|0|0|6||||132|5|132|5|[]|636148144067970000|13:46:46:797
21|2.1|636147901040691786|8960da|49610.828125|14.0486168736073|100.846059232401||||49610.8203125|47|4825||||8960da|UAE370|X|X|0|0|6||||132|5|132|5|[]|636148144108280000|13:46:50:828
21|2.1|636147901081095826|8960da|49614.859375|14.0456986302017|100.843355565716||||49614.8515625|46.75|4800||||8960da|UAE370|X|X|0|0|6||||132|5|132|5|[]|636148144148590000|13:46:54:859
21|2.1|636147901122289945|8960da|49618.9765625|14.0429091328287|100.840244203262||||49618.96875|46.5|4775||||8960da|UAE370|X|X|0|0|7||||132|5|132|5|[]|636148144189770000|13:46:58:977
21|2.1|636147901163774093|8960da|49623.140625|14.0400981777836|100.837089925463||||49623.1328125|46|4725||||8960da|UAE370|X|X|0|0|7||||132|5|132|5|[]|636148144231410000|13:47:03:141
21|2.1|636147901204028118|8960da|49627.15625|14.0371370190338|100.834493547139||||49627.1484375|45.75|4700||||8960da|UAE370|X|X|0|0|7||||132|5|132|5|[]|636148144271560000|13:47:07:156
21|2.1|636147901247562471|8960da|49631.5078125|14.0336608761536|100.832240491568||||49631.5|45.5|4675||||8960da|UAE370|X|X|0|0|6||||132|5|132|5|[]|636148144315080000|13:47:11:508
21|2.1|636147901291076822|8960da|49635.859375|14.0298199528477|100.830330758751||||49635.8515625|45|4625||||8960da|UAE370|X|X|0|0|7||||132|5|132|5|[]|636148144358590000|13:47:15:859
21|2.1|636147901331800894|8960da|49639.9375|14.0260004872139|100.828850179377||||49639.9296875|44.75|4600||||8960da|UAE370|X|X|0|0|7||||132|5|132|5|[]|636148144399380000|13:47:19:938
21|2.1|636147901375005214|8960da|49644.2578125|14.0221166485638|100.827541261378||||49644.25|44.25|4550||||8960da|UAE370|X|X|0|0|7||||132|5|132|5|[]|636148144442580000|13:47:24:258
21|2.1|636147901415889302|8960da|49648.34375|14.0182328099137|100.826361089413||||49648.328125|44|4500||||8960da|UAE370|X|X|0|0|7||||132|5|132|5|[]|636148144483440000|13:47:28:344
21|2.1|636147901457533466|8960da|49652.5078125|14.0145420903125|100.825288205808||||49652.5|43.75|4500||||8960da|UAE370|X|X|0|0|7||||132|5|132|5|[]|636148144525080000|13:47:32:508
21|2.1|636147901498407553|8960da|49656.5859375|14.0106797093345|100.824236779875||||49656.578125|43.25|4425||||8960da|UAE370|X|X||0|7||||132|5|132|5|[]|636148144565860000|13:47:36:586
21|2.1|636147901541001812|8960da|49660.84375|14.0068173283565|100.823228269286||||49660.84375|42.75|4375||||8960da|UAE370|X|X||0|7||||132|5|132|5|[]|636148144608440000|13:47:40:844
21|2.1|636147901582345946|8960da|49664.984375|14.0029978627227|100.822198301026||||49664.984375|42.5|4350||||8960da|UAE370|X|X|0|0|7||||132|5|132|5|[]|636148144649840000|13:47:44:984
21|2.1|636147901632420953|8960da|49670|13.9985346669259|100.820953756044||||49669.9921875|42|4300||||8960da|UAE370|X|X|0|0|7||||132|5|132|5|[]|636148144700000000|13:47:50:000
21|2.1|636147901674695180|8960da|49674.21875|13.9948010319805|100.819966703127||||49674.2109375|41.75|4275||||8960da|UAE370|X|X|0|0|7||||132|5|132|5|[]|636148144742190000|13:47:54:219
21|2.1|636147901715409251|8960da|49678.296875|13.9913248891003|100.819022565555||||49678.2890625|41.5|4250||||8960da|UAE370|X|X|0|0|7||||132|5|132|5|[]|636148144782970000|13:47:58:297
21|2.1|636147901757223432|8960da|49682.46875|13.9876341694991|100.81805697031||||49682.4609375|41|4200||||8960da|UAE370|X|X|0|0|7||||132|5|132|5|[]|636148144824690000|13:48:02:469
21|2.1|636147901801847894|8960da|49686.9375|13.9837288731769|100.816984086705||||49686.9296875|40.75|4175||||8960da|UAE370|X|X|0|0|7||||132|5|132|5|[]|636148144869380000|13:48:06:938
21|2.1|636147901845362245|8960da|49691.234375|13.9801883572804|100.816039949133||||49691.2265625|40.25|4125||||8960da|UAE370|X|X|0|0|7||||132|5|132|5|[]|636148144912340000|13:48:11:234
21|2.1|636147901890446753|8960da|49695.796875|13.9763474339745|100.815052896216||||49695.7890625|40|4100||||8960da|UAE370|X|X|0|0|7||||132|5|132|5|[]|636148144957970000|13:48:15:797
21|2.1|636147901932100918|8960da|49699.96875|13.9728927487664|100.814108758644||||49699.9609375|39.5|4025||||8960da|UAE370|X|X|0|0|7||||132|5|132|5|[]|636148144999690000|13:48:19:969
21|2.1|636147901976565364|8960da|49704.40625|13.9693093175257|100.813143163399||||49704.3984375|39.25|4000||||8960da|UAE370|X|X|0|0|7||||132|5|132|5|[]|636148145044060000|13:48:24:406
21|2.1|636147902018539561|8960da|49708.6015625|13.9659190053339|100.812306314187||||49708.5859375|39|3975||||8960da|UAE370|X|X|0|0|7||||132|5|132|5|[]|636148145086020000|13:48:28:602
21|2.1|636147902061593866|8960da|49712.9140625|13.9625501508142|100.811362176615||||49712.90625|38.75|3950||||8960da|UAE370|X|X|0|0|7||||132|5|132|5|[]|636148145129140000|13:48:32:914
21|2.1|636147902103868093|8960da|49717.140625|13.9591169232782|100.810503869731||||49717.125|38.5|3925||||8960da|UAE370|X|X|0|0|7||||132|5|132|5|[]|636148145171410000|13:48:37:141
21|2.1|636147902146612367|8960da|49721.40625|13.9558338994469|100.809602647503||||49721.3984375|38.25|3900||||8960da|UAE370|X|X|0|0|7||||132|5|132|5|[]|636148145214060000|13:48:41:406
21|2.1|636147902190606766|8960da|49725.8203125|13.9524435872551|100.808701425275||||49725.8046875|38|3875||||8960da|UAE370|X|X|0|0|7||||132|5|132|5|[]|636148145258200000|13:48:45:820
21|2.1|636147902230700775|8960da|49729.828125|13.9493965978169|100.807886033735||||49729.8203125|37.75|3850||||8960da|UAE370|X|X|0|0|7||||132|5|132|5|[]|636148145298280000|13:48:49:828
21|2.1|636147902272194924|8960da|49733.96875|13.9461135739856|100.807027726851||||49733.953125|37.5|3825||||8960da|UAE370|X|X|0|0|7||||132|5|132|5|[]|636148145339690000|13:48:53:969
21|2.1|636147902312298934|8960da|49737.9765625|13.9430451268753|100.806212335311||||49737.96875|37.25|3775||||8960da|UAE370|X|X|0|0|7||||132|5|132|5|[]|636148145379770000|13:48:57:977
21|2.1|636147902356293333|8960da|49742.375|13.9396548146835|100.805289655411||||49742.3671875|37.25|3775||||8960da|UAE370|X|X|0|0|7||||132|5|132|5|[]|636148145423750000|13:49:02:375
21|2.1|636147902398717575|8960da|49746.6171875|13.9363503331801|100.804431348527||||49746.609375|37|3750||||8960da|UAE370|X|X|0|0|7||||132|5|132|5|[]|636148145466170000|13:49:06:617
21|2.1|636147902439901693|8960da|49750.75|13.9330887670209|100.803551583971||||49750.75|36.75|3725||||8960da|UAE370|X|X|0|0|7||||132|5|132|5|[]|636148145507500000|13:49:10:750
21|2.1|636147902482955998|8960da|49755.046875|13.9298486585338|100.802693277087||||49755.0390625|36.5|3700||||8960da|UAE370|X|X|0|0|7||||132|5|132|5|[]|636148145550470000|13:49:15:047
21|2.1|636147902523850087|8960da|49759.140625|13.9266085500467|100.801834970203||||49759.125|36.25|3675||||8960da|UAE370|X|X|0|0|7||||132|5|132|5|[]|636148145591410000|13:49:19:141
21|2.1|636147902565804282|8960da|49763.328125|13.9233469838875|100.800933747974||||49763.3125|36|3650||||8960da|UAE370|X|X|0|0|7||||132|5|132|5|[]|636148145633280000|13:49:23:328
21|2.1|636147902609478649|8960da|49767.6953125|13.9201068754004|100.800096898763||||49767.6953125|35.75|3625||||8960da|UAE370|X|X|0|0|7||||132|5|132|5|[]|636148145676950000|13:49:27:695
21|2.1|636147902651602861|8960da|49771.875|13.9168453092412|100.799238591879||||49771.8671875|35.75|3625||||8960da|UAE370|X|X|0|0|7||||132|5|132|5|[]|636148145718750000|13:49:31:875
21|2.1|636147902693417042|8960da|49776.0859375|13.913583743082|100.798358827322||||49776.0859375|35.5|3600||||8960da|UAE370|X|X|0|0|7||||132|5|132|5|[]|636148145760860000|13:49:36:086
21|2.1|636147902735841284|8960da|49780.328125|13.9101719732181|100.797436147422||||49780.3125|35.25|3575||||8960da|UAE370|X|X|0|0|7||||132|5|132|5|[]|636148145803280000|13:49:40:328
21|2.1|636147902778445544|8960da|49784.6015625|13.9069104070589|100.796620755882||||49784.59375|35|3550||||8960da|UAE370|X|X|0|0|7||||132|5|132|5|[]|636148145846020000|13:49:44:602
21|2.1|636147902819769676|8960da|49788.7265625|13.9036702985718|100.795762448998||||49788.7265625|34.75|3525||||8960da|UAE370|X|X|0|0|7||||132|5|132|5|[]|636148145887270000|13:49:48:727
21|2.1|636147902861903889|8960da|49792.9375|13.9004087324126|100.794925599786||||49792.9375|34.5|3500||||8960da|UAE370|X|X|0|0|7||||132|5|132|5|[]|636148145929380000|13:49:52:938
21|2.1|636147902906198318|8960da|49797.3671875|13.8970184202208|100.794067292902||||49797.3671875|34.5|3500||||8960da|UAE370|X|X|0|0|7||||132|5|132|5|[]|636148145973670000|13:49:57:367
21|2.1|636147902950502748|8960da|49801.796875|13.8936710233732|100.793166070674||||49801.796875|34.25|3475||||8960da|UAE370|X|X|0|0|7||||132|5|132|5|[]|636148146017970000|13:50:01:797
21|2.1|636147903010728770|8960da|49807.828125|13.8890576238717|100.791985898709||||49807.8203125|34|3450||||8960da|UAE370|X|X|0|0|7||||132|5|132|5|[]|636148146078280000|13:50:07:828
21|2.1|636147903054873184|8960da|49812.2421875|13.8856673116799|100.791084676481||||49812.234375|33.5|3400||||8960da|UAE370|X|X|0|0|7||||132|5|132|5|[]|636148146122420000|13:50:12:242
21|2.1|636147903099027599|8960da|49816.6484375|13.8822769994881|100.790226369597||||49816.640625|33.25|3375||||8960da|UAE370|X|X|0|0|7||||132|5|132|5|[]|636148146166480000|13:50:16:648
21|2.1|636147903142701966|8960da|49821.03125|13.8788866872963|100.789389520385||||49821.0234375|33|3350||||8960da|UAE370|X|X|0|0|7||||132|5|132|5|[]|636148146210310000|13:50:21:031
21|2.1|636147903182955991|8960da|49825.0390625|13.875818240186|100.788574128845||||49825.03125|32.75|3300||||8960da|UAE370|X|X||0|7||||132|5|132|5|[]|636148146250390000|13:50:25:039
21|2.1|636147903224760171|8960da|49829.2265625|13.8725566740268|100.787715821961||||49829.2265625|32.5|3275||||8960da|UAE370|X|X|0|0|7||||132|5|132|5|[]|636148146292270000|13:50:29:227
21|2.1|636147903266414336|8960da|49833.390625|13.8693594808839|100.786878972749||||49833.3828125|32.25|3250||||8960da|UAE370|X|X|0|0|7||||132|5|132|5|[]|636148146333910000|13:50:33:391
21|2.1|636147903311188813|8960da|49837.8671875|13.8660335417084|100.785977750521||||49837.859375|32|3225||||8960da|UAE370|X|X||0|7||||132|5|132|5|[]|636148146378670000|13:50:37:867
21|2.1|636147903355813275|8960da|49842.328125|13.862514483484|100.785012155276||||49842.3203125|31.75|3200||||8960da|UAE370|X|X|0|0|7||||132|5|132|5|[]|636148146423280000|13:50:42:328
21|2.1|636147903399807674|8960da|49846.7265625|13.8591670866364|100.784089475376||||49846.71875|31.5|3175||||8960da|UAE370|X|X|0|0|7||||132|5|132|5|[]|636148146467270000|13:50:46:727
21|2.1|636147903440521745|8960da|49850.8125|13.856077181854|100.783274083836||||49850.8046875|31|3125||||8960da|UAE370|X|X|0|0|7||||132|5|132|5|[]|636148146508130000|13:50:50:813
21|2.1|636147903484976190|8960da|49855.25|13.8527297850064|100.782415776952||||49855.2421875|30.25|3050||||8960da|UAE370|X|X|0|0|7||||132|5|132|5|[]|636148146552500000|13:50:55:250
21|2.1|636147903526320324|8960da|49859.375|13.8495111341914|100.781514554724||||49859.375|29.5|2975||||8960da|UAE370|X|X|0|0|7||||132|5|132|5|[]|636148146593750000|13:50:59:375
21|2.1|636147903572974989|8960da|49864.0390625|13.845992075967|100.780570417152||||49864.03125|29|2925||||8960da|UAE370|X|X||0|7||||132|5|132|5|[]|636148146640390000|13:51:04:039
21|2.1|636147903616809372|8960da|49868.4296875|13.8426232214473|100.779712110268||||49868.421875|28.25|2850||||8960da|UAE370|X|X|0|0|7||||132|5|132|5|[]|636148146684300000|13:51:08:430
21|2.1|636147903661423833|8960da|49872.8984375|13.8392758245997|100.778832345711||||49872.890625|27.5|2750||||8960da|UAE370|X|X|0|0|7||||132|5|132|5|[]|636148146728980000|13:51:12:898
21|2.1|636147903702137904|8960da|49876.9609375|13.8361000891289|100.777974038827||||49876.953125|27|2700||||8960da|UAE370|X|X|0|0|7||||132|5|132|5|[]|636148146769610000|13:51:16:961
21|2.1|636147903742541944|8960da|49881|13.8330316420186|100.777201562632||||49880.9921875|26.5|2650||||8960da|UAE370|X|X||0|7||||132|5|132|5|[]|636148146810000000|13:51:21:000
21|2.1|636147903786386328|8960da|49885.390625|13.829684245171|100.776300340404||||49885.3828125|25.75|2575||||8960da|UAE370|X|X|0|0|7||||132|5|132|5|[]|636148146853910000|13:51:25:391
21|2.1|636147903826630352|8960da|49889.421875|13.8266587134049|100.775506406536||||49889.4140625|25.25|2525||||8960da|UAE370|X|X||0|7||||132|5|132|5|[]|636148146894220000|13:51:29:422
21|2.1|636147903870634752|8960da|49893.8046875|13.8233113165573|100.774648099652||||49893.796875|24.75|2475||||8960da|UAE370|X|X|0|0|7||||132|5|132|5|[]|636148146938050000|13:51:33:805
21|2.1|636147903914939182|8960da|49898.25|13.820028292726|100.773789792768||||49898.2421875|24|2400||||8960da|UAE370|X|X|0|0|7||||132|5|132|5|[]|636148146982500000|13:51:38:250
21|2.1|636147903955493237|8960da|49902.296875|13.8170456763041|100.773038774244||||49902.2890625|23.5|2325||||8960da|UAE370|X|X|0|0|7||||132|5|132|5|[]|636148147022970000|13:51:42:297
21|2.1|636147903998247512|8960da|49906.578125|13.8137411948007|100.772137552016||||49906.5703125|22.75|2275||||8960da|UAE370|X|X|0|0|7||||132|5|132|5|[]|636148147065780000|13:51:46:578
21|2.1|636147904038641551|8960da|49910.609375|13.8107371207067|100.771386533493||||49910.6015625|22.25|2200||||8960da|UAE370|X|X|0|0|7||||132|5|132|5|[]|636148147106090000|13:51:50:609
21|2.1|636147904088876574|8960da|49915.640625|13.8070249434334|100.770399480576||||49915.625|21.5|2125||||8960da|UAE370|X|X|0|0|7||||132|5|132|5|[]|636148147156410000|13:51:55:641
21|2.1|636147904130220708|8960da|49919.78125|13.8039564963231|100.769584089036||||49919.765625|21|2075||||8960da|UAE370|X|X|0|0|7||||132|5|132|5|[]|636148147197810000|13:51:59:781
21|2.1|636147904175305216|8960da|49924.28125|13.8006949301639|100.768725782152||||49924.265625|20.25|2000||||8960da|UAE370|X|X|0|0|7||||132|5|132|5|[]|636148147242810000|13:52:04:281
21|2.1|636147904218829568|8960da|49928.625|13.797497737021|100.76788893294||||49928.6171875|19.75|1925||||8960da|UAE370|X|X|0|0|7||||132|5|132|5|[]|636148147286250000|13:52:08:625
21|2.1|636147904259083593|8960da|49932.65625|13.7945794936154|100.767116456745||||49932.6484375|19.25|1875||||8960da|UAE370|X|X|0|0|7||||132|5|132|5|[]|636148147326560000|13:52:12:656
21|2.1|636147904299797664|8960da|49936.7265625|13.7915754195214|100.766322522877||||49936.7265625|18.75|1825||||8960da|UAE370|X|X|0|0|7||||132|5|132|5|[]|636148147367270000|13:52:16:727
21|2.1|636147904343162000|8960da|49941.0625|13.7885713454274|100.765507131337||||49941.046875|18.25|1775||||8960da|UAE370|X|X|0|0|7||||132|5|132|5|[]|636148147410630000|13:52:21:063
21|2.1|636147904384356119|8960da|49945.1796875|13.7855672713334|100.76471319747||||49945.1796875|17.5|1700||||8960da|UAE370|X|X|0|0|7||||132|5|132|5|[]|636148147451800000|13:52:25:180
21|2.1|636147904425850268|8960da|49949.328125|13.7825846549115|100.763940721274||||49949.328125|17|1650||||8960da|UAE370|X|X|0|0|7||||132|5|132|5|[]|636148147493280000|13:52:29:328
21|2.1|636147904540521734|8960da|49960.796875|13.7746238585624|100.761837869408||||49960.7890625|15.5|1475||||8960da|UAE370|X|X||0|7||||132|5|132|5|[]|636148147607970000|13:52:40:797
21|2.1|636147904582165898|8960da|49964.96875|13.7717270728289|100.761065393213||||49964.953125|15|1425||||8960da|UAE370|X|X|0|0|7||||132|5|132|5|[]|636148147649690000|13:52:44:969
21|2.1|636147904623510032|8960da|49969.1015625|13.7689375754559|100.760357290033||||49969.09375|14.25|1350||||8960da|UAE370|X|X|0|0|7||||132|5|132|5|[]|636148147691020000|13:52:49:102
21|2.1|636147904664854166|8960da|49973.2421875|13.7661051627387|100.759563356166||||49973.234375|13.75|1300||||8960da|UAE370|X|X|0|0|7||||132|5|132|5|[]|636148147732420000|13:52:53:242
21|2.1|636147904705098190|8960da|49977.2578125|13.7634014960541|100.758898168331||||49977.2578125|13.5|1275||||8960da|UAE370|X|X|0|0|7||||132|5|132|5|[]|636148147772580000|13:52:57:258
21|2.1|636147904749252605|8960da|49981.6796875|13.7605690833369|100.758125692135||||49981.671875|12.75|1200||||8960da|UAE370|X|X|0|0|7||||132|5|132|5|[]|636148147816800000|13:53:01:680
21|2.1|636147904789806660|8960da|49985.7265625|13.7579512473407|100.7574605043||||49985.7265625|12.25|1125||||8960da|UAE370|X|X|0|0|7||||132|5|132|5|[]|636148147857270000|13:53:05:727
21|2.1|636147904833341013|8960da|49990.078125|13.7553977843608|100.756773858793||||49990.078125|12|1100||||8960da|UAE370|X|X|0|0|7||||132|5|132|5|[]|636148147900780000|13:53:10:078
21|2.1|636147904876865365|8960da|49994.4296875|13.7527370330204|100.756087213285||||49994.421875|11.5|1050||||8960da|UAE370|X|X|0|0|7||||132|5|132|5|[]|636148147944300000|13:53:14:430
21|2.1|636147904922879966|8960da|49999.0390625|13.7500333663358|100.755379110106||||49999.03125|11|1000||||8960da|UAE370|X|X|0|0|7||||132|5|132|5|[]|636148147990390000|13:53:19:039
21|2.1|636147904964074085|8960da|50003.1484375|13.7475657340443|100.754692464599||||50003.140625|10.5|950||||8960da|UAE370|X|X|0|0|7||||132|5|132|5|[]|636148148031480000|13:53:23:148
21|2.1|636147905006998377|8960da|50007.4453125|13.7450766440807|100.754048734436||||50007.4453125|10|900||||8960da|UAE370|X|X|0|0|7||||132|5|132|5|[]|636148148074450000|13:53:27:445
21|2.1|636147905051122789|8960da|50011.859375|13.7424802657566|100.753340631257||||50011.8515625|9.5|825||||8960da|UAE370|X|X|0|0|7||||132|5|132|5|[]|636148148118590000|13:53:31:859
21|2.1|636147905094957172|8960da|50016.25|13.7398624297604|100.752675443422||||50016.2421875|9|775||||8960da|UAE370|X|X|0|0|7||||132|5|132|5|[]|636148148162500000|13:53:36:250
21|2.1|636147905139421618|8960da|50020.6875|13.7372660514363|100.752010255586||||50020.6796875|8.5|725||||8960da|UAE370|X|X|0|0|7||||132|5|132|5|[]|636148148206880000|13:53:40:688
21|2.1|636147905188556531|8960da|50025.609375|13.7343048926865|100.751237779391||||50025.6015625|8|675||||8960da|UAE370|X|X|0|0|7||||132|5|132|5|[]|636148148256090000|13:53:45:609
21|2.1|636147905235831258|8960da|50030.328125|13.7314295646251|100.750508218539||||50030.3203125|7.5|625||||8960da|UAE370|X|X|0|0|7||||132|5|132|5|[]|636148148303280000|13:53:50:328
21|2.1|636147905278265501|8960da|50034.5703125|13.7289190169894|100.749843030704||||50034.5625|7|575||||8960da|UAE370|X|X|0|0|7||||132|5|132|5|[]|636148148345700000|13:53:54:570
21|2.1|636147905341601834|8960da|50040.90625|13.7251210090277|100.748791604771||||50040.90625|6.25|500||||8960da|UAE370|X|X||0|7||||132|5|132|5|[]|636148148409060000|13:54:00:906
21|2.1|636147905382945968|8960da|50045.0390625|13.7227392074246|100.748190789953||||50045.03125|5.75|450||||8960da|UAE370|X|X|0|0|7||||132|5|132|5|[]|636148148450390000|13:54:05:039
21|2.1|636147905424910164|8960da|50049.2421875|13.7202930328052|100.747525602118||||50049.234375|5.25|400||||8960da|UAE370|X|X|0|0|7||||132|5|132|5|[]|636148148492420000|13:54:09:242
21|2.1|636147905468584531|8960da|50053.609375|13.7176322814648|100.746796041266||||50053.6015625|4.75|325||||8960da|UAE370|X|X|0|0|7||||132|5|132|5|[]|636148148536090000|13:54:13:609
21|2.1|636147905522879960|8960da|50059.03125|13.7144136306498|100.745959192054||||50059.0234375|4.25|275||||8960da|UAE370|X|X|0|0|7||||132|5|132|5|[]|636148148590310000|13:54:19:031
21|2.1|636147905575775249|8960da|50064.328125|13.7111735221627|100.74510088517||||50064.3203125|3.75|225||||8960da|UAE370|X|X||0|7||||132|5|132|5|[]|636148148643280000|13:54:24:328
21|2.1|636147905621319803|8960da|50068.8359375|13.7085127708223|100.744435697335||||50068.828125|3.25|175||||8960da|UAE370|X|X||0|7||||132|5|132|5|[]|636148148688360000|13:54:28:836
21|2.1|636147905687776448|8960da|50075.53125|13.7044143554512|100.743319898386||||50075.5234375|2.25|75||||8960da|UAE370|X|X|0|0|7||||132|5|132|5|[]|636148148755310000|13:54:35:531
