21|2.1|636147903381865880|4000f5|49844.9296875|15.4738354544893|108.655450247163||||49844.9296875|310|32900||||4000f5|X|X|X|0|0|7||||132|163|132|163|[]|636148146449300000|13:50:44:930
21|2.1|636147903431630856|4000f5|49849.8984375|15.4826760153945|108.648605249763||||49849.890625|310.25|32925||||4000f5|KAR2518|X|X|0|0|7||||132|163|132|163|[]|636148146498980000|13:50:49:898
21|2.1|636147903480145707|4000f5|49854.765625|15.4916024069881|108.641717337019||||49854.75|310.25|32925||||4000f5|KAR2518|X|X|0|0|7||||132|163|132|163|[]|636148146547660000|13:50:54:766
21|2.1|636147903525390231|4000f5|49859.28125|15.4996061186814|108.635558985126||||49859.2734375|310.25|32925||||4000f5|KAR2518|X|X|0|0|7||||132|163|132|163|[]|636148146592810000|13:50:59:281
21|2.1|636147903570474739|4000f5|49863.7890625|15.5076956610631|108.629293344873||||49863.78125|310.25|32925||||4000f5|KAR2518|X|X|0|0|7||||132|163|132|163|[]|636148146637890000|13:51:03:789
21|2.1|636147903621969888|4000f5|49868.9453125|15.5170512060987|108.622019194031||||49868.9296875|310|32900||||4000f5|KAR2518|X|X|0|0|7||||132|163|132|163|[]|636148146689450000|13:51:08:945
21|2.1|636147904781695849|4000f5|49984.8984375|15.7247829296988|108.45780362945||||49984.8984375|310|32900||||4000f5|X|X|X||0|7||||132|163|132|163|[]|636148147848980000|13:53:04:898
21|2.1|636147905286226297|4000f5|50035.359375|15.8152270176003|108.386285208341||||50035.359375|310|32925||||4000f5|KAR2518|X|X||0|7||||132|163|132|163|[]|636148148353590000|13:53:55:359
21|2.1|636147905410558729|4000f5|50047.7890625|15.8373927928796|108.368711374891||||50047.78125|310|32925||||4000f5|KAR2518|X|X||0|7||||132|163|132|163|[]|636148148477890000|13:54:07:789
21|2.1|636147905524750147|4000f5|50059.2109375|15.8580565311119|108.352425001767||||50059.2109375|310|32925||||4000f5|KAR2518|X|X|0|0|7||||132|163|132|163|[]|636148148592110000|13:54:19:211
21|2.1|636147905569994671|4000f5|50063.734375|15.8660817004773|108.346009157809||||50063.71875|310|32925||||4000f5|KAR2518|X|X||0|7||||132|163|132|163|[]|636148148637340000|13:54:23:734
21|2.1|636147905612898961|4000f5|50068.0234375|15.8738493777775|108.339915178933||||50068.015625|310|32925||||4000f5|KAR2518|X|X|0|0|7||||132|163|132|163|[]|636148148680230000|13:54:28:023
21|2.1|636147905657353406|4000f5|50072.484375|15.8817672587824|108.333670996352||||50072.4765625|310|32925||||4000f5|KAR2518|X|X|0|0|7||||132|163|132|163|[]|636148148724840000|13:54:32:484
21|2.1|636147905702127883|4000f5|50076.953125|15.8898568011641|108.32731952541||||50076.9453125|310|32925||||4000f5|KAR2518|X|X|0|0|7||||132|163|132|163|[]|636148148769530000|13:54:36:953
21|2.1|636147905745182188|4000f5|50081.265625|15.8975386477759|108.321182631189||||50081.25|310|32925||||4000f5|KAR2518|X|X|0|0|7||||132|163|132|163|[]|636148148812660000|13:54:41:266
21|2.1|636147905789486618|4000f5|50085.671875|15.9054565287808|108.314938448608||||50085.6640625|310|32925||||4000f5|KAR2518|X|X|0|0|7||||132|163|132|163|[]|636148148856720000|13:54:45:672
21|2.1|636147905834421111|4000f5|50090.171875|15.9135031558183|108.308565519995||||50090.1640625|310|32925||||4000f5|KAR2518|X|X|0|0|7||||132|163|132|163|[]|636148148901720000|13:54:50:172
21|2.1|636147905878725541|4000f5|50094.6015625|15.9214424944953|108.302256964397||||50094.59375|310|32925||||4000f5|KAR2518|X|X|0|0|7||||132|163|132|163|[]|636148148946020000|13:54:54:602
21|2.1|636147906034261093|4000f5|50110.1640625|15.9494018412416|108.280134104462||||50110.15625|310|32925||||4000f5|KAR2518|X|X||0|7||||132|163|132|163|[]|636148149101640000|13:55:10:164
21|2.1|636147906175455211|4000f5|50124.28125|15.9746789789754|108.260071181049||||50124.2734375|310|32925||||4000f5|KAR2518|X|X||0|7||||132|163|132|163|[]|636148149242810000|13:55:24:281
21|2.1|636147906216009266|4000f5|50128.34375|15.9819960451615|108.254213236565||||50128.328125|310|32925||||4000f5|KAR2518|X|X||0|7||||132|163|132|163|[]|636148149283440000|13:55:28:344
21|2.1|636147906266554320|4000f5|50133.390625|15.9910511827877|108.247175120116||||50133.3828125|310|32925||||4000f5|KAR2518|X|X|0|0|7||||132|163|132|163|[]|636148149333910000|13:55:33:391
21|2.1|636147906426470310|4000f5|50149.3828125|16.0208558893346|108.226039313098||||50149.375|310|32925||||4000f5|KAR2518|X|X|0|0|7||||132|163|132|163|[]|636148149493830000|13:55:49:383
21|2.1|636147906466394302|4000f5|50153.3828125|16.0284089899138|108.221104048515||||50153.375|310|32900||||4000f5|KAR2518|X|X|0|0|7||||132|163|132|163|[]|636148149533830000|13:55:53:383
21|2.1|636147906509618624|4000f5|50157.6953125|16.036820397377|108.215868376523||||50157.6875|310|32900||||4000f5|KAR2518|X|X|0|0|7||||132|163|132|163|[]|636148149576950000|13:55:57:695
21|2.1|636147906550482710|4000f5|50161.7890625|16.0448455667424|108.210997484956||||50161.78125|310|32925||||4000f5|KAR2518|X|X|0|0|7||||132|163|132|163|[]|636148149617890000|13:56:01:789
21|2.1|636147906593226984|4000f5|50166.0546875|16.053342804894|108.206062220373||||50166.046875|310|32900||||4000f5|KAR2518|X|X|0|0|7||||132|163|132|163|[]|636148149660550000|13:56:06:055
21|2.1|636147906635041165|4000f5|50170.234375|16.0616898393409|108.201362990183||||50170.21875|310|32900||||4000f5|KAR2518|X|X|0|0|7||||132|163|132|163|[]|636148149702340000|13:56:10:234
21|2.1|636147906677945455|4000f5|50174.53125|16.070294365853|108.196685217665||||50174.5234375|310|32900||||4000f5|KAR2518|X|X|0|0|7||||132|163|132|163|[]|636148149745310000|13:56:14:531
21|2.1|636147906727400400|4000f5|50179.484375|16.0802078103632|108.191535376361||||50179.4765625|310|32900||||4000f5|KAR2518|X|X|0|0|7||||132|163|132|163|[]|636148149794840000|13:56:19:484
21|2.1|636147906996347292|4000f5|50206.375|16.1356758927417|108.165550135448||||50206.359375|310|32925||||4000f5|KAR2518|X|X||0|7||||132|163|132|163|[]|636148150063750000|13:56:46:375
21|2.1|636147907036601317|4000f5|50210.40625|16.1441302155491|108.161666296798||||50210.3984375|310|32925||||4000f5|KAR2518|X|X|0|0|7||||132|163|132|163|[]|636148150104060000|13:56:50:406
21|2.1|636147907456723325|4000f5|50252.4140625|16.2309908722099|108.121905230397||||50252.3984375|310|32900||||4000f5|KAR2518|X|X||0|7||||132|163|132|163|[]|636148150524140000|13:57:32:414
21|2.1|636147908018969544|4000f5|50308.6328125|16.3471841666314|108.068582915228||||50308.625|310|||||4000f5|X|X|X||0|7||||132|163|132|163|[]|636148151086330000|13:58:28:633
21|2.1|636147908066864333|4000f5|50313.4140625|16.3570976111416|108.063969515727||||50313.40625|310.25|32925||||4000f5|X|X|X|0|0|7||||132|163|132|163|[]|636148151134140000|13:58:33:414
21|2.1|636147909121299766|4000f5|50418.859375|16.5747856945961|107.962753676431||||50418.8515625|323|34275||||4000f5|KAR2518|X|X||0|7||||132|163|132|163|[]|636148152188590000|14:00:18:859
21|2.1|636147909455303163|4000f5|50452.265625|16.6426992267926|107.930524252937||||50452.2578125|327.5|34775||||4000f5|KAR2518|X|X||0|7||||132|163|132|163|[]|636148152522660000|14:00:52:266
21|2.1|636147909511158748|4000f5|50457.84375|16.6542434543824|107.925031088879||||50457.8359375|328.25|34875||||4000f5|KAR2518|X|X||0|7||||132|163|132|163|[]|636148152578440000|14:00:57:844
21|2.1|636147909552962928|4000f5|50462.0234375|16.6628694385666|107.92095413118||||50462.0234375|328.75|34900||||4000f5|KAR2518|X|X||0|7||||132|163|132|163|[]|636148152620230000|14:01:02:023
21|2.1|636147909593366968|4000f5|50466.0703125|16.6710448116367|107.917027377186||||50466.0625|329|34950||||4000f5|KAR2518|X|X||0|7||||132|163|132|163|[]|636148152660700000|14:01:06:070
21|2.1|636147909634251056|4000f5|50470.1640625|16.6794347614278|107.913057707847||||50470.15625|329.5|35000||||4000f5|KAR2518|X|X|0|0|7||||132|163|132|163|[]|636148152701640000|14:01:10:164
21|2.1|636147909675585189|4000f5|50474.2890625|16.6878676265631|107.909088038509||||50474.28125|329.75|35025||||4000f5|KAR2518|X|X|0|0|7||||132|163|132|163|[]|636148152742890000|14:01:14:289
21|2.1|636147909715679198|4000f5|50478.3046875|16.6962790340263|107.905053996154||||50478.296875|330|35050||||4000f5|KAR2518|X|X|0|0|7||||132|163|132|163|[]|636148152783050000|14:01:18:305
21|2.1|636147909756083238|4000f5|50482.34375|16.7043471187359|107.901255988192||||50482.3359375|330|35050||||4000f5|KAR2518|X|X|0|0|7||||132|163|132|163|[]|636148152823440000|14:01:22:344
21|2.1|636147909798987528|4000f5|50486.6328125|16.7133164256737|107.896964453772||||50486.625|330|35050||||4000f5|KAR2518|X|X|0|0|7||||132|163|132|163|[]|636148152866330000|14:01:26:633
21|2.1|636147909979165544|4000f5|50504.65625|16.7504811137509|107.879412077995||||50504.6484375|330|35050||||4000f5|KAR2518|X|X||0|7||||132|163|132|163|[]|636148153046560000|14:01:44:656
21|2.1|636147910089156542|4000f5|50515.640625|16.7732262461769|107.868618868928||||50515.6328125|330|35050||||4000f5|KAR2518|X|X|0|0|7||||132|163|132|163|[]|636148153156410000|14:01:55:641
21|2.1|636147910150622688|4000f5|50521.796875|16.7857789843554|107.862653636084||||50521.7890625|330|35050||||4000f5|KAR2518|X|X||0|7||||132|163|132|163|[]|636148153217970000|14:02:01:797
21|2.1|636147910445632186|4000f5|50551.296875|16.8466973154473|107.83379306711||||50551.2890625|330|35050||||4000f5|KAR2518|X|X||0|7||||132|163|132|163|[]|636148153512970000|14:02:31:297
21|2.1|636147910494927115|4000f5|50556.2265625|16.8569755403832|107.828943633215||||50556.21875|330|35050||||4000f5|KAR2518|X|X|0|0|7||||132|163|132|163|[]|636148153562270000|14:02:36:227
21|2.1|636147910649362557|4000f5|50571.671875|16.8886470644028|107.813880347401||||50571.671875|330|35050||||4000f5|KAR2518|X|X||0|7||||132|163|132|163|[]|636148153716720000|14:02:51:672
21|2.1|636147910707088329|4000f5|50577.4296875|16.9005560724183|107.808258437311||||50577.4296875|330|35050||||4000f5|KAR2518|X|X|0|0|7||||132|163|132|163|[]|636148153774300000|14:02:57:430
21|2.1|636147910765904210|4000f5|50583.3203125|16.9126796571548|107.802486323516||||50583.3203125|330|35050||||4000f5|KAR2518|X|X|0|0|7||||132|163|132|163|[]|636148153833200000|14:03:03:320
21|2.1|636147910834551074|4000f5|50590.1796875|16.9266271440198|107.795877360509||||50590.171875|330|35050||||4000f5|KAR2518|X|X|0|0|7||||132|163|132|163|[]|636148153901800000|14:03:10:180
21|2.1|636147910885566175|4000f5|50595.296875|16.9370984880046|107.790942095926||||50595.2890625|330|35050||||4000f5|KAR2518|X|X|0|0|7||||132|163|132|163|[]|636148153952970000|14:03:15:297
21|2.1|636147911038921509|4000f5|50610.625|16.9686627236637|107.775986098473||||50610.6171875|330|35050||||4000f5|KAR2518|X|X||0|7||||132|163|132|163|[]|636148154106250000|14:03:30:625
21|2.1|636147911203968012|4000f5|50627.1328125|17.0024370995491|107.759935759742||||50627.125|330|35050||||4000f5|KAR2518|X|X||0|7||||132|163|132|163|[]|636148154271330000|14:03:47:133
21|2.1|636147911264964111|4000f5|50633.2265625|17.0147967186787|107.754056357586||||50633.2109375|330|35050||||4000f5|KAR2518|X|X||0|7||||132|163|132|163|[]|636148154332270000|14:03:53:227
21|2.1|636147911645932204|4000f5|50671.3203125|17.0926666107296|107.717041873214||||50671.3203125|330|35050||||4000f5|KAR2518|X|X||0|7||||132|163|132|163|[]|636148154713200000|14:04:31:320
21|2.1|636147911738751485|4000f5|50680.6015625|17.111635192866|107.708051108604||||50680.6015625|330|||||4000f5|KAR2518|X|X||0|7||||132|163|132|163|[]|636148154806020000|14:04:40:602
21|2.1|636147911780575667|4000f5|50684.796875|17.1199393119687|107.704081439265||||50684.78125|330|35050||||4000f5|X|X|X|0|0|7||||132|163|132|163|[]|636148154847970000|14:04:44:797
21|2.1|636147911827520361|4000f5|50689.484375|17.1295523490695|107.699553870452||||50689.4765625|330|35050||||4000f5|KAR2518|X|X|0|0|7||||132|163|132|163|[]|636148154894840000|14:04:49:484
21|2.1|636147912156853291|4000f5|50722.4140625|17.1965432013657|107.667581939023||||50722.40625|330|35050||||4000f5|KAR2518|X|X||0|7||||132|163|132|163|[]|636148155224140000|14:05:22:414
21|2.1|636147912235321137|4000f5|50730.265625|17.2125935400965|107.6599859231||||50730.2578125|330|35050||||4000f5|KAR2518|X|X||0|7||||132|163|132|163|[]|636148155302660000|14:05:30:266
21|2.1|636147912368544458|4000f5|50743.5703125|17.239737495303|107.647068404496||||50743.5703125|330|35050||||4000f5|KAR2518|X|X||0|7||||132|163|132|163|[]|636148155435700000|14:05:43:570
21|2.1|636147912672144815|4000f5|50773.9453125|17.3017716253441|107.617692851391||||50773.9375|330|35050||||4000f5|KAR2518|X|X||0|7||||132|163|132|163|[]|636148155739450000|14:06:13:945
21|2.1|636147912717689369|4000f5|50778.4921875|17.3109555090029|107.613336943955||||50778.484375|330|35050||||4000f5|KAR2518|X|X|0|0|7||||132|163|132|163|[]|636148155784920000|14:06:18:492
21|2.1|636147912758723472|4000f5|50782.59375|17.319130882073|107.609453105304||||50782.5859375|330|35050||||4000f5|KAR2518|X|X|0|0|7||||132|163|132|163|[]|636148155825940000|14:06:22:594
21|2.1|636147912800677667|4000f5|50786.796875|17.3278212392735|107.605247401573||||50786.78125|330|35050||||4000f5|KAR2518|X|X|0|0|7||||132|163|132|163|[]|636148155867970000|14:06:26:797
21|2.1|636147912845612160|4000f5|50791.28125|17.3370265806044|107.60082712112||||50791.28125|330|35050||||4000f5|KAR2518|X|X|0|0|7||||132|163|132|163|[]|636148155912810000|14:06:31:281
21|2.1|636147912887106309|4000f5|50795.4296875|17.3456525647886|107.596707248077||||50795.421875|330.5|35100||||4000f5|KAR2518|X|X|0|0|7||||132|163|132|163|[]|636148155954300000|14:06:35:430
21|2.1|636147912927520350|4000f5|50799.4765625|17.3537850225145|107.592780494083||||50799.4609375|331.25|35175||||4000f5|KAR2518|X|X|0|0|7||||132|163|132|163|[]|636148155994770000|14:06:39:477
21|2.1|636147912971504748|4000f5|50803.8828125|17.3628187024686|107.588467501991||||50803.875|332.25|35275||||4000f5|KAR2518|X|X||0|7||||132|163|132|163|[]|636148156038830000|14:06:43:883
21|2.1|636147913017219319|4000f5|50808.453125|17.3722171628484|107.584004306194||||50808.4453125|333|35375||||4000f5|KAR2518|X|X|0|0|7||||132|163|132|163|[]|636148156084530000|14:06:48:453
21|2.1|636147913058713468|4000f5|50812.59375|17.3804139935906|107.580099009872||||50812.5859375|334|35475||||4000f5|KAR2518|X|X|0|0|7||||132|163|132|163|[]|636148156125940000|14:06:52:594
21|2.1|636147913099117508|4000f5|50816.6328125|17.3889756047585|107.576022052173||||50816.625|334.75|35550||||4000f5|KAR2518|X|X|0|0|7||||132|163|132|163|[]|636148156166330000|14:06:56:633
21|2.1|636147913269944589|4000f5|50833.7109375|17.4239516102815|107.559327983279||||50833.7109375|338.5|35950||||4000f5|KAR2518|X|X||0|7||||132|163|132|163|[]|636148156337110000|14:07:13:711
21|2.1|636147913313938988|4000f5|50838.125|17.4329209172193|107.555036448859||||50838.1171875|339.5|36075||||4000f5|KAR2518|X|X|0|0|7||||132|163|132|163|[]|636148156381250000|14:07:18:125
21|2.1|636147913357163310|4000f5|50842.4375|17.4415039860593|107.550895118144||||50842.4296875|340.5|36175||||4000f5|KAR2518|X|X|0|0|7||||132|163|132|163|[]|636148156424380000|14:07:22:438
21|2.1|636147913397717365|4000f5|50846.4921875|17.4498295628341|107.546925448805||||50846.484375|341.25|36250||||4000f5|KAR2518|X|X|0|0|7||||132|163|132|163|[]|636148156464920000|14:07:26:492
21|2.1|636147913438741467|4000f5|50850.6015625|17.458391174002|107.542869948778||||50850.6015625|342.25|36350||||4000f5|KAR2518|X|X|0|0|7||||132|163|132|163|[]|636148156506020000|14:07:30:602
21|2.1|636147913483825975|4000f5|50855.1015625|17.4675321423166|107.538471125998||||50855.09375|343.25|36450||||4000f5|KAR2518|X|X|0|0|7||||132|163|132|163|[]|636148156551020000|14:07:35:102
21|2.1|636147913527200312|4000f5|50859.4453125|17.4762654148613|107.534329795282||||50859.4375|344.25|36575||||4000f5|KAR2518|X|X|0|0|7||||132|163|132|163|[]|636148156594450000|14:07:39:445
21|2.1|636147913567294321|4000f5|50863.4453125|17.4844193302593|107.530445956632||||50863.4375|345|36650||||4000f5|KAR2518|X|X|0|0|7||||132|163|132|163|[]|636148156634450000|14:07:43:445
21|2.1|636147913610038595|4000f5|50867.7265625|17.4931096874598|107.526283168245||||50867.71875|346|36750||||4000f5|KAR2518|X|X|0|0|7||||132|163|132|163|[]|636148156677270000|14:07:47:727
21|2.1|636147913650132604|4000f5|50871.734375|17.5012206875136|107.522377871923||||50871.7265625|346.5|36800||||4000f5|KAR2518|X|X|0|0|7||||132|163|132|163|[]|636148156717340000|14:07:51:734
21|2.1|636147913692876878|4000f5|50876.015625|17.5099754177304|107.518193625863||||50876.0078125|347.25|36900||||4000f5|KAR2518|X|X|0|0|7||||132|163|132|163|[]|636148156760160000|14:07:56:016
21|2.1|636147913733590949|4000f5|50880.0859375|17.5181293331284|107.514309787213||||50880.0703125|347.75|36950||||4000f5|KAR2518|X|X|0|0|7||||132|163|132|163|[]|636148156800860000|14:08:00:086
21|2.1|636147913776445234|4000f5|50884.375|17.5268626056731|107.510125541154||||50884.3671875|348.5|37025||||4000f5|KAR2518|X|X|0|0|7||||132|163|132|163|[]|636148156843750000|14:08:04:375
21|2.1|636147913817679357|4000f5|50888.4921875|17.53520964012|107.506134414143||||50888.484375|349|37075||||4000f5|KAR2518|X|X|0|0|7||||132|163|132|163|[]|636148156884920000|14:08:08:492
21|2.1|636147913922209809|4000f5|50898.9453125|17.5565600238595|107.495963477568||||50898.9375|350|37200||||4000f5|KAR2518|X|X||0|7||||132|163|132|163|[]|636148156989450000|14:08:18:945
21|2.1|636147913971814769|4000f5|50903.90625|17.5667738757791|107.491092586001||||50903.890625|350.25|37225||||4000f5|KAR2518|X|X||0|7||||132|163|132|163|[]|636148157039060000|14:08:23:906
21|2.1|636147914019709558|4000f5|50908.6953125|17.5763654552078|107.486500644171||||50908.6796875|350|37200||||4000f5|KAR2518|X|X||0|7||||132|163|132|163|[]|636148157086950000|14:08:28:695
21|2.1|636147914066824269|4000f5|50913.4140625|17.5861286960133|107.481844329326||||50913.40625|350|37200||||4000f5|KAR2518|X|X|0|0|7||||132|163|132|163|[]|636148157134140000|14:08:33:414
21|2.1|636147914110498636|4000f5|50917.78125|17.5949263415743|107.477617167922||||50917.78125|349.75|37175||||4000f5|KAR2518|X|X|0|0|7||||132|163|132|163|[]|636148157177810000|14:08:37:781
21|2.1|636147914154343020|4000f5|50922.1640625|17.6038956485121|107.473325633502||||50922.15625|349.75|37175||||4000f5|KAR2518|X|X|0|0|7||||132|163|132|163|[]|636148157221640000|14:08:42:164
21|2.1|636147914197557341|4000f5|50926.484375|17.612671836401|107.469141387443||||50926.4765625|349.75|37175||||4000f5|KAR2518|X|X|0|0|7||||132|163|132|163|[]|636148157264840000|14:08:46:484
21|2.1|636147914243101895|4000f5|50931.03125|17.6220273814366|107.464678191646||||50931.0234375|349.75|37175||||4000f5|KAR2518|X|X|0|0|7||||132|163|132|163|[]|636148157310310000|14:08:51:031
21|2.1|636147914383975981|4000f5|50945.125|17.6507806620506|107.451052569862||||50945.109375|349.75|37175||||4000f5|KAR2518|X|X||0|7||||132|163|132|163|[]|636148157451250000|14:09:05:125
21|2.1|636147914465414124|4000f5|50953.2734375|17.667174323535|107.443199061874||||50953.265625|349.75|37175||||4000f5|KAR2518|X|X|0|0|7||||132|163|132|163|[]|636148157532730000|14:09:13:273
21|2.1|636147914505978180|4000f5|50957.3203125|17.6754999003098|107.439207934863||||50957.3125|349.75|37175||||4000f5|KAR2518|X|X|0|0|7||||132|163|132|163|[]|636148157573200000|14:09:17:320
21|2.1|636147914559643546|4000f5|50962.6953125|17.6859927019667|107.43416538192||||50962.6796875|349.75|37150||||4000f5|KAR2518|X|X|0|0|7||||132|163|132|163|[]|636148157626950000|14:09:22:695
21|2.1|636147914604738055|4000f5|50967.203125|17.6954769930349|107.429616355434||||50967.203125|349.75|37150||||4000f5|KAR2518|X|X|0|0|7||||132|163|132|163|[]|636148157672030000|14:09:27:203
21|2.1|636147914648252406|4000f5|50971.5546875|17.7041888079075|107.425432109375||||50971.546875|349.75|37150||||4000f5|KAR2518|X|X|0|0|7||||132|163|132|163|[]|636148157715550000|14:09:31:555
21|2.1|636147914694587039|4000f5|50976.1875|17.7134370645826|107.420947455906||||50976.1796875|349.75|37150||||4000f5|KAR2518|X|X|0|0|7||||132|163|132|163|[]|636148157761880000|14:09:36:188
21|2.1|636147914743261906|4000f5|50981.046875|17.7232646784044|107.416226768044||||50981.03125|349.75|37150||||4000f5|KAR2518|X|X|0|0|7||||132|163|132|163|[]|636148157810470000|14:09:41:047
21|2.1|636147914791156695|4000f5|50985.8359375|17.7329635461936|107.411570453198||||50985.828125|349.75|37150||||4000f5|KAR2518|X|X||0|7||||132|163|132|163|[]|636148157858360000|14:09:45:836
21|2.1|636147914831400719|4000f5|50989.8671875|17.7409672578869|107.407729529892||||50989.859375|349.75|37150||||4000f5|KAR2518|X|X|0|0|7||||132|163|132|163|[]|636148157898670000|14:09:49:867
21|2.1|636147914871654744|4000f5|50993.890625|17.7490138849244|107.403867148914||||50993.8828125|350|37175||||4000f5|KAR2518|X|X|0|0|7||||132|163|132|163|[]|636148157938910000|14:09:53:891
21|2.1|636147914915959174|4000f5|50998.3203125|17.7580690225506|107.399554156822||||50998.3125|350|37175||||4000f5|KAR2518|X|X|0|0|7||||132|163|132|163|[]|636148157983200000|14:09:58:320
21|2.1|636147914956833261|4000f5|51002.40625|17.7662873109649|107.395627402828||||51002.390625|350|37175||||4000f5|KAR2518|X|X|0|0|7||||132|163|132|163|[]|636148158024060000|14:10:02:406
21|2.1|636147915001447722|4000f5|51006.875|17.7751278718701|107.39135732608||||51006.859375|350|37175||||4000f5|KAR2518|X|X|0|0|7||||132|163|132|163|[]|636148158068750000|14:10:06:875
21|2.1|636147915044822059|4000f5|51011.2109375|17.7839255174311|107.387130164676||||51011.2109375|350|37175||||4000f5|KAR2518|X|X|0|0|7||||132|163|132|163|[]|636148158112110000|14:10:11:211
21|2.1|636147915087886365|4000f5|51015.515625|17.7925944169595|107.382967376289||||51015.5078125|350|37175||||4000f5|KAR2518|X|X|0|0|7||||132|163|132|163|[]|636148158155160000|14:10:15:516
21|2.1|636147915138111387|4000f5|51020.53125|17.802572234486|107.378160857739||||51020.515625|350|37175||||4000f5|KAR2518|X|X|0|0|7||||132|163|132|163|[]|636148158205310000|14:10:20:531
21|2.1|636147915183035879|4000f5|51025.0234375|17.8116702874564|107.373740577286||||51025.015625|350|37175||||4000f5|KAR2518|X|X|0|0|7||||132|163|132|163|[]|636148158250230000|14:10:25:023
21|2.1|636147915231410716|4000f5|51029.8671875|17.8212189515409|107.369148635457||||51029.859375|350|37175||||4000f5|KAR2518|X|X|0|0|7||||132|163|132|163|[]|636148158298670000|14:10:29:867
21|2.1|636147915276335208|4000f5|51034.3671875|17.8302097161508|107.364857101037||||51034.359375|350|37175||||4000f5|KAR2518|X|X|0|0|7||||132|163|132|163|[]|636148158343670000|14:10:34:367
21|2.1|636147915316429217|4000f5|51038.375|17.8382778008604|107.360994720059||||51038.359375|350|37175||||4000f5|KAR2518|X|X|0|0|7||||132|163|132|163|[]|636148158383750000|14:10:38:375
21|2.1|636147915375865160|4000f5|51044.3125|17.8502726395643|107.355265521608||||51044.3046875|350|37175||||4000f5|KAR2518|X|X|0|0|7||||132|163|132|163|[]|636148158443130000|14:10:44:313
21|2.1|636147915464784051|4000f5|51053.203125|17.8681468804236|107.346725368112||||51053.1953125|350|37175||||4000f5|KAR2518|X|X||0|7||||132|163|132|163|[]|636148158532030000|14:10:53:203
21|2.1|636147915505348107|4000f5|51057.265625|17.8761505921169|107.342841529462||||51057.2578125|350|37175||||4000f5|KAR2518|X|X|0|0|7||||132|163|132|163|[]|636148158572660000|14:10:57:266
21|2.1|636147915545592131|4000f5|51061.28125|17.8841543038102|107.339022063828||||51061.2734375|350|37175||||4000f5|KAR2518|X|X|0|0|7||||132|163|132|163|[]|636148158612810000|14:11:01:281
21|2.1|636147915588346406|4000f5|51065.5625|17.8928017456665|107.334880733113||||51065.5546875|350|37175||||4000f5|KAR2518|X|X|0|0|7||||132|163|132|163|[]|636148158655630000|14:11:05:563
