21|2.1|636147897416849438|750111|49248.421875|4.9463581994757|100.410854726869||||49248.421875|321.75|34600||||750111|AXM6322|X|X|0|0|6||||132|51|132|51|[]|636148140484220000|13:40:48:422
21|2.1|636147897457093462|750111|49252.453125|4.9541044191038|100.407357126316||||49252.4375|319.75|34350||||750111|AXM6322|X|X|0|0|6||||132|51|132|51|[]|636148140524530000|13:40:52:453
21|2.1|636147897498437596|750111|49256.59375|4.9620652154529|100.403773695076||||49256.578125|317.5|34125||||750111|AXM6322|X|X|0|0|6||||132|51|132|51|[]|636148140565940000|13:40:56:594
21|2.1|636147897541031855|750111|49260.8515625|4.9702620461951|100.40004006013||||49260.84375|315|33875||||750111|AXM6322|X|X|0|0|6||||132|51|132|51|[]|636148140608520000|13:41:00:852
21|2.1|636147897581895941|750111|49264.9296875|4.9781370118558|100.396521001906||||49264.921875|312.5|33575||||750111|AXM6322|X|X|0|0|6||||132|51|132|51|[]|636148140649300000|13:41:04:930
21|2.1|636147897625890340|750111|49269.34375|4.9866771653516|100.3926800786||||49269.3359375|309.75|33275||||750111|AXM6322|X|X|0|0|6||||132|51|132|51|[]|636148140693440000|13:41:09:344
21|2.1|636147897668474598|750111|49273.59375|4.994916911438|100.388946443654||||49273.578125|307.25|33000||||750111|AXM6322|X|X|0|0|6||||132|51|132|51|[]|636148140735940000|13:41:13:594
21|2.1|636147897709668717|750111|49277.7109375|5.0028777077871|100.385341554742||||49277.703125|304.75|32750||||750111|AXM6322|X|X|0|0|6||||132|51|132|51|[]|636148140777110000|13:41:17:711
21|2.1|636147897751942944|750111|49281.9375|5.0111174538735|100.38165083514||||49281.9296875|302.25|32500||||750111|AXM6322|X|X|0|0|6||||132|51|132|51|[]|636148140819380000|13:41:21:938
21|2.1|636147897793757125|750111|49286.125|5.0193142846157|100.378003030883||||49286.1171875|299.75|32225||||750111|AXM6322|X|X|0|0|6||||132|51|132|51|[]|636148140861250000|13:41:26:125
21|2.1|636147897836191368|750111|49290.375|5.0276184037184|100.374312311282||||49290.3671875|297|31900||||750111|AXM6322|X|X|0|0|6||||132|51|132|51|[]|636148140903750000|13:41:30:375
21|2.1|636147897881425891|750111|49294.890625|5.0364589646236|100.370342641944||||49294.890625|294.25|31650||||750111|AXM6322|X|X|0|0|6||||132|51|132|51|[]|636148140948910000|13:41:34:891
21|2.1|636147897923860134|750111|49299.1328125|5.0447416260542|100.366587549326||||49299.1171875|291.5|31350||||750111|AXM6322|X|X|0|0|6||||132|51|132|51|[]|636148140991330000|13:41:39:133
21|2.1|636147897967384486|750111|49303.484375|5.05328177955|100.362768083692||||49303.46875|288.75|31075||||750111|AXM6322|X|X|0|0|6||||132|51|132|51|[]|636148141034840000|13:41:43:484
21|2.1|636147898009198667|750111|49307.6640625|5.0614786102922|100.358970075731||||49307.65625|285.75|30750||||750111|AXM6322|X|X|0|0|6||||132|51|132|51|[]|636148141076640000|13:41:47:664
21|2.1|636147898052412988|750111|49311.984375|5.0698685600833|100.354893118032||||49311.9765625|282.25|30400||||750111|AXM6322|X|X|0|0|6||||132|51|132|51|[]|636148141119840000|13:41:51:984
21|2.1|636147898098117558|750111|49316.5546875|5.0786662056443|100.350387006891||||49316.546875|278.75|29975||||750111|AXM6322|X|X|0|0|6||||132|51|132|51|[]|636148141165550000|13:41:56:555
21|2.1|636147898138211567|750111|49320.5703125|5.0863051369119|100.346138387815||||49320.5703125|275.75|29675||||750111|AXM6322|X|X|0|0|6||||132|51|132|51|[]|636148141205700000|13:42:00:570
21|2.1|636147898181895935|750111|49324.9296875|5.0945019676541|100.341396242281||||49324.921875|272.5|29325||||750111|AXM6322|X|X|0|0|6||||132|51|132|51|[]|636148141249300000|13:42:04:930
21|2.1|636147898223390084|750111|49329.078125|5.1021408989217|100.336546808386||||49329.0703125|270|29050||||750111|AXM6322|X|X|0|0|6||||132|51|132|51|[]|636148141290780000|13:42:09:078
21|2.1|636147898264584203|750111|49333.2109375|5.1096510841567|100.331568628459||||49333.203125|267.75|28775||||750111|AXM6322|X|X|0|0|6||||132|51|132|51|[]|636148141332110000|13:42:13:211
21|2.1|636147898305448289|750111|49337.2890625|5.1168823196544|100.326397329483||||49337.2890625|265.75|28575||||750111|AXM6322|X|X|0|0|6||||132|51|132|51|[]|636148141372890000|13:42:17:289
21|2.1|636147898349912735|750111|49341.734375|5.1245641662662|100.320603758016||||49341.7265625|263.5|28300||||750111|AXM6322|X|X|0|0|6||||132|51|132|51|[]|636148141417340000|13:42:21:734
21|2.1|636147898393587102|750111|49346.109375|5.1320528938291|100.314788728877||||49346.1015625|261.5|28100||||750111|AXM6322|X|X|0|0|6||||132|51|132|51|[]|636148141461090000|13:42:26:109
21|2.1|636147898434311174|750111|49350.1796875|5.1390051795895|100.309381395508||||49350.171875|259.75|27900||||750111|AXM6322|X|X|0|0|6||||132|51|132|51|[]|636148141501800000|13:42:30:180
21|2.1|636147898476125355|750111|49354.3515625|5.1460432960383|100.303866773778||||49354.34375|257.75|27700||||750111|AXM6322|X|X|0|0|6||||132|51|132|51|[]|636148141543520000|13:42:34:352
21|2.1|636147898520109753|750111|49358.7578125|5.1534676505849|100.298008829295||||49358.7578125|255.75|27450||||750111|AXM6322|X|X|0|0|6||||132|51|132|51|[]|636148141587580000|13:42:38:758
21|2.1|636147898560983840|750111|49362.84375|5.1602697326406|100.29264441127||||49362.8359375|253.75|27250||||750111|AXM6322|X|X|0|0|6||||132|51|132|51|[]|636148141628440000|13:42:42:844
21|2.1|636147898603108052|750111|49367.0546875|5.1673293067615|100.287065416524||||49367.046875|251.75|27025||||750111|AXM6322|X|X|0|0|6||||132|51|132|51|[]|636148141670550000|13:42:47:055
21|2.1|636147898646482389|750111|49371.390625|5.174517626915|100.281357675745||||49371.3828125|249.5|26800||||750111|AXM6322|X|X|0|0|6||||132|51|132|51|[]|636148141713910000|13:42:51:391
21|2.1|636147898691406881|750111|49375.890625|5.1819634391337|100.275392442901||||49375.8828125|247.5|26550||||750111|AXM6322|X|X|0|0|6||||132|51|132|51|[]|636148141758910000|13:42:55:891
21|2.1|636147898741011841|750111|49380.8515625|5.1901173545317|100.268869310583||||49380.84375|245.25|26325||||750111|AXM6322|X|X||0|6||||132|51|132|51|[]|636148141808520000|13:43:00:852
21|2.1|636147898782515991|750111|49384.9921875|5.1969408942595|100.263419061869||||49384.984375|243.25|26100||||750111|AXM6322|X|X|0|0|6||||132|51|132|51|[]|636148141849920000|13:43:04:992
21|2.1|636147898825100249|750111|49389.25|5.2038931800199|100.257882982468||||49389.25|241.25|25900||||750111|AXM6322|X|X||0|6||||132|51|132|51|[]|636148141892500000|13:43:09:250
21|2.1|636147898871124851|750111|49393.8515625|5.211424822927|100.251896291952||||49393.8515625|239.25|25650||||750111|AXM6322|X|X||0|6||||132|51|132|51|[]|636148141938520000|13:43:13:852
21|2.1|636147898915589297|750111|49398.3046875|5.2186346007526|100.246145635829||||49398.2890625|237|25400||||750111|AXM6322|X|X|0|0|6||||132|51|132|51|[]|636148141983050000|13:43:18:305
21|2.1|636147898957393477|750111|49402.4921875|5.2254581404804|100.240695387116||||49402.484375|235.25|25225||||750111|AXM6322|X|X|0|0|6||||132|51|132|51|[]|636148142024920000|13:43:22:492
21|2.1|636147898998737611|750111|49406.625|5.2321529341756|100.235395342107||||49406.6171875|233.25|25000||||750111|AXM6322|X|X||0|6||||132|51|132|51|[]|636148142066250000|13:43:26:625
21|2.1|636147899040391776|750111|49410.78125|5.2388691855429|100.230095297098||||49410.7734375|231.5|24825||||750111|AXM6322|X|X||0|6||||132|51|132|51|[]|636148142107810000|13:43:30:781
21|2.1|636147899083286065|750111|49415.078125|5.2458429289754|100.224537760024||||49415.078125|229.5|24625||||750111|AXM6322|X|X||0|6||||132|51|132|51|[]|636148142150780000|13:43:35:078
21|2.1|636147899129310667|750111|49419.671875|5.2531814528336|100.218701273213||||49419.65625|227.25|24375||||750111|AXM6322|X|X|0|0|6||||132|51|132|51|[]|636148142196720000|13:43:39:672
21|2.1|636147899170654801|750111|49423.8125|5.2598547888567|100.213444143549||||49423.8046875|225.5|24175||||750111|AXM6322|X|X|0|0|6||||132|51|132|51|[]|636148142238130000|13:43:43:813
21|2.1|636147899213109046|750111|49428.0546875|5.2666354132403|100.208101183196||||49428.046875|223.5|23975||||750111|AXM6322|X|X|0|0|6||||132|51|132|51|[]|636148142280550000|13:43:48:055
21|2.1|636147899256453380|750111|49432.390625|5.2735662413286|100.202565103794||||49432.3828125|221.75|23775||||750111|AXM6322|X|X|0|0|6||||132|51|132|51|[]|636148142323910000|13:43:52:391
21|2.1|636147899298427577|750111|49436.59375|5.2802610350238|100.197307974129||||49436.5859375|219.75|23550||||750111|AXM6322|X|X|0|0|6||||132|51|132|51|[]|636148142365940000|13:43:56:594
21|2.1|636147899341021836|750111|49440.8515625|5.2870416594074|100.191922098432||||49440.8515625|217.75|23350||||750111|AXM6322|X|X|0|0|6||||132|51|132|51|[]|636148142408520000|13:44:00:852
21|2.1|636147899382045938|750111|49444.953125|5.2935862493979|100.186750799456||||49444.953125|216|23150||||750111|AXM6322|X|X|0|0|6||||132|51|132|51|[]|636148142449530000|13:44:04:953
21|2.1|636147899422449978|750111|49448.984375|5.2999377203395|100.181729704185||||49448.96875|214.25|22950||||750111|AXM6322|X|X|0|0|6||||132|51|132|51|[]|636148142489840000|13:44:08:984
21|2.1|636147899465834316|750111|49453.3359375|5.3068256330836|100.176279455471||||49453.3203125|212|22750||||750111|AXM6322|X|X|0|0|6||||132|51|132|51|[]|636148142533360000|13:44:13:336
21|2.1|636147899507318464|750111|49457.484375|5.3133702230741|100.171108156495||||49457.4765625|210.25|22550||||750111|AXM6322|X|X|0|0|6||||132|51|132|51|[]|636148142574840000|13:44:17:484
21|2.1|636147899548652597|750111|49461.609375|5.3198933553925|100.165958315191||||49461.609375|208.25|22275||||750111|AXM6322|X|X|0|0|6||||132|51|132|51|[]|636148142616090000|13:44:21:609
21|2.1|636147899589526684|750111|49465.6953125|5.3263306570225|100.160829931559||||49465.6875|206.5|22125||||750111|AXM6322|X|X|0|0|6||||132|51|132|51|[]|636148142656950000|13:44:25:695
21|2.1|636147899633991130|750111|49470.140625|5.333304400455|100.155336767502||||49470.1328125|204.75|21950||||750111|AXM6322|X|X|0|0|6||||132|51|132|51|[]|636148142701410000|13:44:30:141
21|2.1|636147899677675498|750111|49474.515625|5.340170855527|100.149929434133||||49474.5|203|21700||||750111|AXM6322|X|X|0|0|6||||132|51|132|51|[]|636148142745160000|13:44:34:516
21|2.1|636147899718389569|750111|49478.5859375|5.3465437841407|100.144886881189||||49478.578125|201.25|21525||||750111|AXM6322|X|X|0|0|6||||132|51|132|51|[]|636148142785860000|13:44:38:586
21|2.1|636147899760043734|750111|49482.75|5.353045458787|100.139737039885||||49482.75|199.5|21350||||750111|AXM6322|X|X|0|0|6||||132|51|132|51|[]|636148142827500000|13:44:42:750
21|2.1|636147899804188148|750111|49487.1640625|5.359911913859|100.134329706516||||49487.15625|197.75|21175||||750111|AXM6322|X|X|0|0|6||||132|51|132|51|[]|636148142871640000|13:44:47:164
21|2.1|636147899845062235|750111|49491.25|5.3662204694564|100.129308611244||||49491.2421875|196.25|20975||||750111|AXM6322|X|X|0|0|6||||132|51|132|51|[]|636148142912500000|13:44:51:250
21|2.1|636147899887186447|750111|49495.4609375|5.3727436017748|100.124137312268||||49495.453125|194.5|20825||||750111|AXM6322|X|X|0|0|6||||132|51|132|51|[]|636148142954610000|13:44:55:461
21|2.1|636147899930560784|750111|49499.8046875|5.37943839547|100.118880182604||||49499.78125|192.75|20625||||750111|AXM6322|X|X|0|0|6||||132|51|132|51|[]|636148142998050000|13:44:59:805
21|2.1|636147899975495277|750111|49504.2890625|5.3863692235583|100.113387018546||||49504.2890625|191|20450||||750111|AXM6322|X|X|0|0|6||||132|51|132|51|[]|636148143042890000|13:45:04:289
21|2.1|636147900019789706|750111|49508.71875|5.3931927632861|100.108022600521||||49508.71875|189.25|20225||||750111|AXM6322|X|X|0|0|6||||132|51|132|51|[]|636148143087190000|13:45:08:719
21|2.1|636147900060673794|750111|49512.8125|5.3994584035393|100.103044420594||||49512.8125|187.5|20050||||750111|AXM6322|X|X|0|0|6||||132|51|132|51|[]|636148143128130000|13:45:12:813
21|2.1|636147900104658192|750111|49517.2109375|5.4061961125787|100.097722917913||||49517.2109375|185.75|19900||||750111|AXM6322|X|X|0|0|6||||132|51|132|51|[]|636148143172110000|13:45:17:211
21|2.1|636147900150062732|750111|49521.7421875|5.4130840253228|100.0922726692||||49521.734375|184|19675||||750111|AXM6322|X|X|0|0|6||||132|51|132|51|[]|636148143217420000|13:45:21:742
21|2.1|636147900194047130|750111|49526.15625|5.4198002766901|100.086908251175||||49526.140625|182.25|19500||||750111|AXM6322|X|X|0|0|6||||132|51|132|51|[]|636148143261560000|13:45:26:156
21|2.1|636147900236491374|750111|49530.390625|5.4262804936643|100.081822782887||||49530.3828125|180.5|19325||||750111|AXM6322|X|X|0|0|6||||132|51|132|51|[]|636148143303910000|13:45:30:391
21|2.1|636147900277985523|750111|49534.515625|5.4325461339175|100.076887518304||||49534.5078125|178.75|19100||||750111|AXM6322|X|X|0|0|6||||132|51|132|51|[]|636148143345160000|13:45:34:516
21|2.1|636147900319949719|750111|49538.7421875|5.4389619778754|100.071759134672||||49538.7421875|177.25|18950||||750111|AXM6322|X|X|0|0|6||||132|51|132|51|[]|636148143387420000|13:45:38:742
21|2.1|636147900361913915|750111|49542.9296875|5.4452919911449|100.066780954745||||49542.921875|175.5|18775||||750111|AXM6322|X|X|0|0|6||||132|51|132|51|[]|636148143429300000|13:45:42:930
21|2.1|636147900404508174|750111|49547.1796875|5.4516863774307|100.061652571113||||49547.171875|173.75|18575||||750111|AXM6322|X|X|0|0|6||||132|51|132|51|[]|636148143471800000|13:45:47:180
21|2.1|636147900449592682|750111|49551.703125|5.4584884594864|100.056288153088||||49551.6953125|172|18375||||750111|AXM6322|X|X|0|0|6||||132|51|132|51|[]|636148143517030000|13:45:51:703
21|2.1|636147900491866909|750111|49555.9296875|5.4648613881001|100.0512026848||||49555.9296875|170.25|18200||||750111|AXM6322|X|X|0|0|6||||132|51|132|51|[]|636148143559300000|13:45:55:930
21|2.1|636147900535391261|750111|49560.28125|5.4714274357627|100.046074301169||||49560.28125|168.5|18025||||750111|AXM6322|X|X|0|0|6||||132|51|132|51|[]|636148143602810000|13:46:00:281
21|2.1|636147900577355457|750111|49564.4765625|5.4776501606717|100.041074663569||||49564.4609375|167|17875||||750111|AXM6322|X|X|0|0|6||||132|51|132|51|[]|636148143644770000|13:46:04:477
21|2.1|636147900620569778|750111|49568.8046875|5.4841089199738|100.035967737609||||49568.78125|165.25|17675||||750111|AXM6322|X|X|0|0|6||||132|51|132|51|[]|636148143688050000|13:46:08:805
21|2.1|636147900666124333|750111|49573.359375|5.4909324597016|100.03056040424||||49573.3515625|163.5|17475||||750111|AXM6322|X|X|0|0|6||||132|51|132|51|[]|636148143733590000|13:46:13:359
21|2.1|636147900706368357|750111|49577.3828125|5.4968976925454|100.025839716378||||49577.375|161.75|17300||||750111|AXM6322|X|X|0|0|6||||132|51|132|51|[]|636148143773830000|13:46:17:383
21|2.1|636147900749892709|750111|49581.734375|5.5033135365033|100.020668417402||||49581.7265625|160|17100||||750111|AXM6322|X|X|0|0|6||||132|51|132|51|[]|636148143817340000|13:46:21:734
21|2.1|636147900791396859|750111|49585.8828125|5.5094504307239|100.015797525835||||49585.8828125|158.5|16925||||750111|AXM6322|X|X|0|0|6||||132|51|132|51|[]|636148143858830000|13:46:25:883
21|2.1|636147900832740993|750111|49590.015625|5.5156087826166|100.010969549613||||49590.0078125|156.75|16750||||750111|AXM6322|X|X|0|0|6||||132|51|132|51|[]|636148143900160000|13:46:30:016
21|2.1|636147900873605079|750111|49594.1015625|5.5216169308046|100.006184488735||||49594.09375|155.25|16600||||750111|AXM6322|X|X|0|0|6||||132|51|132|51|[]|636148143941020000|13:46:34:102
21|2.1|636147900918069525|750111|49598.546875|5.5281829784672|100.000948816742||||49598.53125|153.5|16400||||750111|AXM6322|X|X|0|0|6||||132|51|132|51|[]|636148143985470000|13:46:38:547
21|2.1|636147900961753893|750111|49602.9140625|5.5346417377693|99.9958848061266||||49602.90625|151.75|16200||||750111|AXM6322|X|X|0|0|6||||132|51|132|51|[]|636148144029140000|13:46:42:914
21|2.1|636147901002467964|750111|49606.984375|5.5406284282852|99.9911426605925||||49606.9765625|150|16025||||750111|AXM6322|X|X|0|0|6||||132|51|132|51|[]|636148144069840000|13:46:46:984
21|2.1|636147901044122129|750111|49611.15625|5.5467653225058|99.9862932266979||||49611.1484375|148.5|15875||||750111|AXM6322|X|X|0|0|6||||132|51|132|51|[]|636148144111560000|13:46:51:156
21|2.1|636147901092646981|750111|49616|5.5538678119709|99.9806927742798||||49615.9921875|146.75|15675||||750111|AXM6322|X|X|0|0|6||||132|51|132|51|[]|636148144160000000|13:46:56:000
21|2.1|636147901134141130|750111|49620.15625|5.5599188755031|99.9758647980573||||49620.140625|145.25|15525||||750111|AXM6322|X|X|0|0|6||||132|51|132|51|[]|636148144201560000|13:47:00:156
21|2.1|636147901175635279|750111|49624.3046875|5.5660128543795|99.971079737179||||49624.296875|143.5|15350||||750111|AXM6322|X|X|0|0|6||||132|51|132|51|[]|636148144243050000|13:47:04:305
21|2.1|636147901219169632|750111|49628.65625|5.5723643253211|99.9660371842355||||49628.6484375|142|15150||||750111|AXM6322|X|X|0|0|6||||132|51|132|51|[]|636148144286560000|13:47:08:656
21|2.1|636147901259573672|750111|49632.6953125|5.5782222698044|99.9613808693898||||49632.6875|140.5|15000||||750111|AXM6322|X|X|0|0|6||||132|51|132|51|[]|636148144326950000|13:47:12:695
21|2.1|636147901303868101|750111|49637.125|5.5846166560902|99.9563168587742||||49637.1171875|138.75|14825||||750111|AXM6322|X|X|0|0|6||||132|51|132|51|[]|636148144371250000|13:47:17:125
21|2.1|636147901350672781|750111|49641.8046875|5.5913972804738|99.9509524407492||||49641.796875|137|14625||||750111|AXM6322|X|X|0|0|6||||132|51|132|51|[]|636148144418050000|13:47:21:805
21|2.1|636147901393267040|750111|49646.0625|5.5975341746944|99.9460815491825||||49646.0546875|135.25|14475||||750111|AXM6322|X|X|0|0|6||||132|51|132|51|[]|636148144460630000|13:47:26:063
21|2.1|636147901433981111|750111|49650.140625|5.6033921191777|99.9414466920089||||49650.1328125|133.75|14300||||750111|AXM6322|X|X|0|0|6||||132|51|132|51|[]|636148144501410000|13:47:30:141
21|2.1|636147901478125525|750111|49654.5546875|5.6097006747751|99.9363826813933||||49654.546875|132|14075||||750111|AXM6322|X|X|0|0|6||||132|51|132|51|[]|636148144545550000|13:47:34:555
21|2.1|636147901520569769|750111|49658.8046875|5.6157946536515|99.931597620515||||49658.7890625|130.5|13925||||750111|AXM6322|X|X|0|0|6||||132|51|132|51|[]|636148144588050000|13:47:38:805
21|2.1|636147901561753887|750111|49662.9140625|5.621695513479|99.9269842210135||||49662.9140625|129.25|13800||||750111|AXM6322|X|X|0|0|6||||132|51|132|51|[]|636148144629140000|13:47:42:914
21|2.1|636147901604178129|750111|49667.15625|5.6279396960601|99.9225424828888||||49667.140625|128.5|13700||||750111|AXM6322|X|X|0|0|6||||132|51|132|51|[]|636148144671560000|13:47:47:156
21|2.1|636147901645992310|750111|49671.3359375|5.6341195056249|99.9183367791572||||49671.328125|127.5|13600||||750111|AXM6322|X|X|0|0|6||||132|51|132|51|[]|636148144713360000|13:47:51:336
21|2.1|636147901688426553|750111|49675.5859375|5.6404924342386|99.914216906114||||49675.578125|126.25|13450||||750111|AXM6322|X|X|0|0|6||||132|51|132|51|[]|636148144755860000|13:47:55:586
21|2.1|636147901733671077|750111|49680.1015625|5.6472945162943|99.9100326600545||||49680.1015625|124.75|13325||||750111|AXM6322|X|X|0|0|6||||132|51|132|51|[]|636148144801020000|13:48:00:102
21|2.1|636147901775945304|750111|49684.34375|5.6536459872359|99.9061702790765||||49684.328125|123|13125||||750111|AXM6322|X|X|0|0|6||||132|51|132|51|[]|636148144843440000|13:48:04:344
21|2.1|636147901819619671|750111|49688.6953125|5.6601476618822|99.9022220674101||||49688.6796875|121|12925||||750111|AXM6322|X|X|0|0|6||||132|51|132|51|[]|636148144886950000|13:48:08:695
21|2.1|636147901861283837|750111|49692.875|5.6664347598075|99.8984026017763||||49692.8671875|119.25|12750||||750111|AXM6322|X|X|0|0|6||||132|51|132|51|[]|636148144928750000|13:48:12:875
21|2.1|636147901904488157|750111|49697.1953125|5.6728720614375|99.8944973054541||||49697.1875|117.75|12575||||750111|AXM6322|X|X|0|0|6||||132|51|132|51|[]|636148144971950000|13:48:17:195
21|2.1|636147901950202728|750111|49701.765625|5.6796097704769|99.8903559747388||||49701.7578125|116.25|12400||||750111|AXM6322|X|X|0|0|6||||132|51|132|51|[]|636148145017660000|13:48:21:766
21|2.1|636147901990446752|750111|49705.78125|5.6855750033207|99.886751085826||||49705.78125|114.5|12225||||750111|AXM6322|X|X|0|0|6||||132|51|132|51|[]|636148145057810000|13:48:25:781
21|2.1|636147902034131120|750111|49710.1328125|5.6919479319344|99.8828672471759||||49710.1328125|113|12075||||750111|AXM6322|X|X|0|0|6||||132|51|132|51|[]|636148145101330000|13:48:30:133
21|2.1|636147902075475254|750111|49714.296875|5.698084826155|99.8791336122305||||49714.28125|111.75|11925||||750111|AXM6322|X|X|0|0|6||||132|51|132|51|[]|636148145142970000|13:48:34:297
21|2.1|636147902116829389|750111|49718.421875|5.7042002627035|99.8753999772851||||49718.4140625|110.5|11775||||750111|AXM6322|X|X|0|0|6||||132|51|132|51|[]|636148145184220000|13:48:38:422
21|2.1|636147902157683474|750111|49722.5|5.7102298685636|99.871730715356||||49722.5|109.25|11650||||750111|AXM6322|X|X|0|0|6||||132|51|132|51|[]|636148145225000000|13:48:42:500
21|2.1|636147902201997905|750111|49726.9453125|5.7168173738983|99.8677181306733||||49726.9375|108|11500||||750111|AXM6322|X|X|0|0|6||||132|51|132|51|[]|636148145269450000|13:48:46:945
21|2.1|636147902250982803|750111|49731.8359375|5.7241129824123|99.8632549348765||||49731.828125|106.5|11350||||750111|AXM6322|X|X|0|0|6||||132|51|132|51|[]|636148145318360000|13:48:51:836
21|2.1|636147902292166921|750111|49735.953125|5.7302069612887|99.8595642152753||||49735.9453125|105|11200||||750111|AXM6322|X|X|0|0|6||||132|51|132|51|[]|636148145359530000|13:48:55:953
21|2.1|636147902333041008|750111|49740.046875|5.7363009401651|99.8558305803299||||49740.03125|103.75|11075||||750111|AXM6322|X|X|0|0|6||||132|51|132|51|[]|636148145400470000|13:49:00:047
21|2.1|636147902376725376|750111|49744.40625|5.7428240724835|99.8519038263356||||49744.3984375|102.5|10925||||750111|AXM6322|X|X|0|0|6||||132|51|132|51|[]|636148145444060000|13:49:04:406
21|2.1|636147902423520055|750111|49749.0859375|5.7497334428997|99.8476552072598||||49749.078125|101|10775||||750111|AXM6322|X|X|0|0|6||||132|51|132|51|[]|636148145490860000|13:49:09:086
21|2.1|636147902464394142|750111|49753.1875|5.7558274217761|99.8439430299865||||49753.1796875|99.75|10625||||750111|AXM6322|X|X|0|0|6||||132|51|132|51|[]|636148145531880000|13:49:13:188
21|2.1|636147902509018604|750111|49757.6328125|5.7624149271108|99.8399089876317||||49757.6328125|98.5|10500||||750111|AXM6322|X|X|0|0|6||||132|51|132|51|[]|636148145576330000|13:49:17:633
21|2.1|636147902553163018|750111|49762.046875|5.7689380594292|99.8359822336374||||49762.03125|97.25|10375||||750111|AXM6322|X|X|0|0|6||||132|51|132|51|[]|636148145620470000|13:49:22:047
21|2.1|636147902593257027|750111|49766.0625|5.774903292273|99.8323773447246||||49766.0546875|96.5|10275||||750111|AXM6322|X|X|0|0|6||||132|51|132|51|[]|636148145660630000|13:49:26:063
21|2.1|636147902638651566|750111|49770.6015625|5.7815122552798|99.828386217714||||49770.59375|95.5|10175||||750111|AXM6322|X|X|0|0|6||||132|51|132|51|[]|636148145706020000|13:49:30:602
21|2.1|636147902688266527|750111|49775.5703125|5.7887220331054|99.8240517679498||||49775.5703125|94.5|10075||||750111|AXM6322|X|X||0|6||||132|51|132|51|[]|636148145755700000|13:49:35:570
21|2.1|636147902732570957|750111|49779.9921875|5.7950520463749|99.8202537599881||||49779.984375|93.25|9950||||750111|AXM6322|X|X||0|6||||132|51|132|51|[]|636148145799920000|13:49:39:992
21|2.1|636147902773135013|750111|49784.0546875|5.8008241601698|99.8167561594358||||49784.0546875|92|9825||||750111|AXM6322|X|X|0|0|6||||132|51|132|51|[]|636148145840550000|13:49:44:055
21|2.1|636147902815099209|750111|49788.2578125|5.8067679353415|99.8131727281951||||49788.2421875|90.5|9675||||750111|AXM6322|X|X|0|0|6||||132|51|132|51|[]|636148145882580000|13:49:48:258
21|2.1|636147902856753374|750111|49792.4140625|5.8126473374969|99.8096322122986||||49792.40625|89|9500||||750111|AXM6322|X|X|0|0|6||||132|51|132|51|[]|636148145924140000|13:49:52:414
21|2.1|636147902898247523|750111|49796.5625|5.8184409089639|99.8060916964021||||49796.5546875|87.25|9350||||750111|AXM6322|X|X|0|0|6||||132|51|132|51|[]|636148145965630000|13:49:56:563
21|2.1|636147902940991797|750111|49800.828125|5.8244061418077|99.8024653498172||||49800.8203125|85.5|9150||||750111|AXM6322|X|X|0|0|6||||132|51|132|51|[]|636148146008280000|13:50:00:828
21|2.1|636147902981395837|750111|49804.8828125|5.8300709672421|99.7990106646091||||49804.875|83.75|8950||||750111|AXM6322|X|X|0|0|6||||132|51|132|51|[]|636148146048830000|13:50:04:883
21|2.1|636147903022889986|750111|49809.0234375|5.8358001656928|99.7955130640568||||49809.015625|82.5|8800||||750111|AXM6322|X|X|0|0|6||||132|51|132|51|[]|636148146090230000|13:50:09:023
21|2.1|636147903065324229|750111|49813.265625|5.8417010255203|99.7919940058324||||49813.2578125|81.5|8700||||750111|AXM6322|X|X|0|0|6||||132|51|132|51|[]|636148146132660000|13:50:13:266
21|2.1|636147903108698566|750111|49817.6015625|5.8476662583641|99.7883891169196||||49817.59375|81|8625||||750111|AXM6322|X|X|0|0|6||||132|51|132|51|[]|636148146176020000|13:50:17:602
21|2.1|636147903154723168|750111|49822.2109375|5.8538889832731|99.78461256663||||49822.2109375|80.25|8550||||750111|AXM6322|X|X|0|0|6||||132|51|132|51|[]|636148146222110000|13:50:22:211
21|2.1|636147903213379033|750111|49828.0625|5.8616995759175|99.7799347941122||||49828.0625|79.25|8425||||750111|AXM6322|X|X|0|0|6||||132|51|132|51|[]|636148146280630000|13:50:28:063
21|2.1|636147903255343229|750111|49832.2734375|5.8672571129914|99.7766088549367||||49832.265625|78.75|8375||||750111|AXM6322|X|X|0|0|6||||132|51|132|51|[]|636148146322730000|13:50:32:273
21|2.1|636147903295437238|750111|49836.2734375|5.8724713273117|99.7734760348101||||49836.265625|78.25|8325||||750111|AXM6322|X|X|0|0|6||||132|51|132|51|[]|636148146362730000|13:50:36:273
21|2.1|636147903338341528|750111|49840.5625|5.8779644913693|99.7701500956346||||49840.5546875|77.5|8250||||750111|AXM6322|X|X|0|0|6||||132|51|132|51|[]|636148146405630000|13:50:40:563
21|2.1|636147903385296223|750111|49845.265625|5.883908266541|99.7665237490497||||49845.25|76.25|8150||||750111|AXM6322|X|X|0|0|6||||132|51|132|51|[]|636148146452660000|13:50:45:266
21|2.1|636147903425390232|750111|49849.2734375|5.8889937348287|99.7633909289231||||49849.2734375|75|8025||||750111|AXM6322|X|X|0|0|6||||132|51|132|51|[]|636148146492730000|13:50:49:273
21|2.1|636147903467824475|750111|49853.5234375|5.8943581528537|99.7601293627639||||49853.5234375|73.5|7875||||750111|AXM6322|X|X|0|0|6||||132|51|132|51|[]|636148146535230000|13:50:53:523
21|2.1|636147903514939186|750111|49858.2265625|5.900216097337|99.7565244738511||||49858.2109375|71.75|7675||||750111|AXM6322|X|X|0|0|6||||132|51|132|51|[]|636148146582270000|13:50:58:227
21|2.1|636147903559713663|750111|49862.703125|5.9058380074272|99.753069788643||||49862.6953125|70|7475||||750111|AXM6322|X|X||0|6||||132|51|132|51|[]|636148146627030000|13:51:02:703
21|2.1|636147903600577749|750111|49866.8046875|5.9110093064033|99.7498940531722||||49866.7890625|68.5|7325||||750111|AXM6322|X|X||0|6||||132|51|132|51|[]|636148146668050000|13:51:06:805
21|2.1|636147903643172008|750111|49871.0546875|5.9163308090841|99.746632487013||||49871.046875|67|7175||||750111|AXM6322|X|X||0|6||||132|51|132|51|[]|636148146710550000|13:51:11:055
21|2.1|636147903686696360|750111|49875.40625|5.9218239731417|99.7432636324933||||49875.3984375|65.5|7000||||750111|AXM6322|X|X||0|6||||132|51|132|51|[]|636148146754060000|13:51:15:406
21|2.1|636147903728820572|750111|49879.625|5.9270811028062|99.7400449816783||||49879.625|64.25|6850||||750111|AXM6322|X|X||0|6||||132|51|132|51|[]|636148146796250000|13:51:19:625
21|2.1|636147903772494939|750111|49883.9921875|5.9325313515196|99.7367190425028||||49883.984375|63.5|6775||||750111|AXM6322|X|X|0|0|6||||132|51|132|51|[]|636148146839920000|13:51:23:992
21|2.1|636147903822109900|750111|49888.9453125|5.9386682457402|99.7330497805737||||49888.9375|62.75|6675||||750111|AXM6322|X|X||0|6||||132|51|132|51|[]|636148146889450000|13:51:28:945
21|2.1|636147904150192705|750111|49921.765625|5.9772705978481|99.7096823756568||||49921.7578125|58|6175||||750111|AXM6322|X|X|0|0|6||||132|51|132|51|[]|636148147217660000|13:52:01:766
21|2.1|636147904208998585|750111|49927.6328125|5.9839224761991|99.7056697909741||||49927.6328125|56.75|6025||||750111|AXM6322|X|X|0|0|6||||132|51|132|51|[]|636148147276330000|13:52:07:633
21|2.1|636147904329930677|750111|49939.734375|5.9973764366058|99.6974729602319||||49939.7265625|54.5|5775||||750111|AXM6322|X|X||0|6||||132|51|132|51|[]|636148147397340000|13:52:19:734
