21|2.1|636147897411698923|76b4e2|49247.9140625|6.4574503841019|99.7759436671016||||49247.90625|370|39475||||76b4e2|SLK757|X|X|0|0|7||||132|51|132|51|[]|636148140479140000|13:40:47:914
21|2.1|636147897443362089|76b4e2|49251.0703125|6.4520001353885|99.7796558443749||||49251.0625|370|39475||||76b4e2|SLK757|X|X||0|7||||132|83|132|83|[]|636148140510700000|13:40:51:070
21|2.1|636147897452883041|76b4e2|49252.03125|6.4503264369647|99.7808145586683||||49252.0234375|370|39475||||76b4e2|SLK757|X|X|0|0|7||||132|51|132|51|[]|636148140520310000|13:40:52:031
21|2.1|636147897492196972|76b4e2|49255.9609375|6.4435672702532|99.7857498232513||||49255.9609375|370|39475||||76b4e2|SLK757|X|X||0|7||||132|83|132|83|[]|636148140559610000|13:40:55:961
21|2.1|636147897496407393|76b4e2|49256.3828125|6.4428377094018|99.7869943682331||||49256.375|370|39475||||76b4e2|SLK757|X|X|0|0|7||||132|51|132|51|[]|636148140563830000|13:40:56:383
21|2.1|636147897532601012|76b4e2|49260|6.4366364421649|99.7905134264575||||49259.9921875|370|39475||||76b4e2|SLK757|X|X||0|7||||132|83|132|83|[]|636148140600000000|13:41:00:000
21|2.1|636147897537751527|76b4e2|49260.5234375|6.4357352199367|99.7918008867835||||49260.5078125|370|39475||||76b4e2|SLK757|X|X|0|0|7||||132|51|132|51|[]|636148140605230000|13:41:00:523
21|2.1|636147897579715723|76b4e2|49264.7109375|6.428503984439|99.796628863006||||49264.703125|370|39475||||76b4e2|SLK757|X|X|0|0|7||||132|51|132|51|[]|636148140647110000|13:41:04:711
21|2.1|636147897621049856|76b4e2|49268.8515625|6.4213800373018|99.8015212122448||||49268.84375|370|39475||||76b4e2|SLK757|X|X|0|0|7||||132|51|132|51|[]|636148140688520000|13:41:08:852
21|2.1|636147897626990450|76b4e2|49269.4375|6.420350069041|99.8027442995545||||49269.4296875|370|39475||||76b4e2|SLK757|X|X||0|7||||132|83|132|83|[]|636148140694380000|13:41:09:438
21|2.1|636147897663684119|76b4e2|49273.125|6.4139985980994|99.8063706461394||||49273.1171875|370|39475||||76b4e2|SLK757|X|X|0|0|7||||132|51|132|51|[]|636148140731250000|13:41:13:125
21|2.1|636147897705768327|76b4e2|49277.3203125|6.4067888202738|99.8124002519995||||49277.3125|370|39475||||76b4e2|SLK757|X|X|0|0|7||||132|51|132|51|[]|636148140773200000|13:41:17:320
21|2.1|636147897711378888|76b4e2|49277.875|6.4058232250293|99.8124860826879||||49277.8671875|370|39475||||76b4e2|SLK757|X|X||0|7||||132|83|132|83|[]|636148140778750000|13:41:17:875
21|2.1|636147897746172367|76b4e2|49281.359375|6.3998150768413|99.8173355165825||||49281.359375|370|39475||||76b4e2|SLK757|X|X|0|0|7||||132|51|132|51|[]|636148140813590000|13:41:21:359
21|2.1|636147897780025752|76b4e2|49284.7421875|6.3940000477022|99.8208974901511||||49284.7265625|370|39475||||76b4e2|SLK757|X|X||0|7||||132|83|132|83|[]|636148140847420000|13:41:24:742
21|2.1|636147897790316781|76b4e2|49285.7734375|6.3922190609179|99.822163492805||||49285.7578125|370|39475||||76b4e2|SLK757|X|X|0|0|7||||132|51|132|51|[]|636148140857730000|13:41:25:773
21|2.1|636147897832911040|76b4e2|49290.0390625|6.3848805370597|99.8269485536833||||49290.03125|370|39475||||76b4e2|SLK757|X|X|0|0|7||||132|51|132|51|[]|636148140900390000|13:41:30:039
21|2.1|636147897858963645|76b4e2|49292.640625|6.3803958835908|99.8305749002682||||49292.6328125|370|39475||||76b4e2|SLK757|X|X||0|7||||132|83|132|83|[]|636148140926410000|13:41:32:641
21|2.1|636147897874875236|76b4e2|49294.234375|6.377649301562|99.8329137865271||||49294.2265625|370|39475||||76b4e2|SLK757|X|X|0|0|7||||132|51|132|51|[]|636148140942340000|13:41:34:234
21|2.1|636147897918399588|76b4e2|49298.578125|6.370139116327|99.837827593438||||49298.578125|370|39475||||76b4e2|SLK757|X|X|0|0|7||||132|51|132|51|[]|636148140985780000|13:41:38:578
21|2.1|636147897957403488|76b4e2|49302.484375|6.3634228649597|99.8426770273326||||49302.4765625|370|39475||||76b4e2|SLK757|X|X||0|7||||132|83|132|83|[]|636148141024840000|13:41:42:484
21|2.1|636147897961613909|76b4e2|49302.9140625|6.3626933041083|99.8425911966442||||49302.90625|370|39475||||76b4e2|SLK757|X|X|0|0|7||||132|51|132|51|[]|636148141029140000|13:41:42:914
21|2.1|636147898004518199|76b4e2|49307.203125|6.3553118649059|99.8474191728667||||49307.1953125|370|39475||||76b4e2|SLK757|X|X|0|0|7||||132|51|132|51|[]|636148141072030000|13:41:47:203
21|2.1|636147898028540601|76b4e2|49309.59375|6.3512134495348|99.85113135014||||49309.578125|370|39475||||76b4e2|SLK757|X|X||0|7||||132|83|132|83|[]|636148141095940000|13:41:49:594
21|2.1|636147898046942441|76b4e2|49311.4375|6.3480591717361|99.8535131517431||||49311.4296875|370|39475||||76b4e2|SLK757|X|X|0|0|7||||132|51|132|51|[]|636148141114380000|13:41:51:438
21|2.1|636147898077215468|76b4e2|49314.453125|6.3428664150879|99.8571180406559||||49314.4453125|370|39475||||76b4e2|SLK757|X|X|0|0|7||||132|83|132|83|[]|636148141144530000|13:41:54:453
21|2.1|636147898087816528|76b4e2|49315.53125|6.3410210552873|99.8582982126214||||49315.5234375|370|39475||||76b4e2|SLK757|X|X|0|0|7||||132|51|132|51|[]|636148141155310000|13:41:55:531
21|2.1|636147898127920538|76b4e2|49319.5390625|6.334090227199|99.8631261888439||||49319.53125|370|39475||||76b4e2|SLK757|X|X|0|0|7||||132|51|132|51|[]|636148141195390000|13:41:59:539
21|2.1|636147898128070553|76b4e2|49319.5390625|6.334090227199|99.8631261888439||||49319.53125|370|39475||||76b4e2|SLK757|X|X|0|0|7||||132|83|132|83|[]|636148141195390000|13:41:59:539
21|2.1|636147898169564702|76b4e2|49323.703125|6.3269662800618|99.8679112497222||||49323.6953125|370|39475||||76b4e2|SLK757|X|X|0|0|7||||132|51|132|51|[]|636148141237030000|13:42:03:703
21|2.1|636147898211538899|76b4e2|49327.890625|6.3197350445641|99.8727392259447||||49327.890625|370|39475||||76b4e2|SLK757|X|X|0|0|7||||132|51|132|51|[]|636148141278910000|13:42:07:891
21|2.1|636147898225110256|76b4e2|49329.2421875|6.3174176159773|99.8750995698757||||49329.2265625|370|39475||||76b4e2|SLK757|X|X|0|0|7||||132|83|132|83|[]|636148141292420000|13:42:09:242
21|2.1|636147898253663111|76b4e2|49332.109375|6.3124823513943|99.877524286823||||49332.1015625|370|39475||||76b4e2|SLK757|X|X|0|0|7||||132|51|132|51|[]|636148141321090000|13:42:12:109
21|2.1|636147898294217166|76b4e2|49336.171875|6.305551523306|99.8824380937339||||49336.1640625|370|39475||||76b4e2|SLK757|X|X|0|0|7||||132|51|132|51|[]|636148141361720000|13:42:16:172
21|2.1|636147898309498694|76b4e2|49337.6796875|6.3029336873098|99.8848628106812||||49337.671875|370|39475||||76b4e2|SLK757|X|X||0|7||||132|83|132|83|[]|636148141376800000|13:42:17:680
21|2.1|636147898334621206|76b4e2|49340.203125|6.2986206952177|99.887180239268||||49340.1953125|370|39475||||76b4e2|SLK757|X|X|0|0|7||||132|51|132|51|[]|636148141402030000|13:42:20:203
21|2.1|636147898377215465|76b4e2|49344.46875|6.2912821713595|99.8932742181444||||49344.4609375|370|39475||||76b4e2|SLK757|X|X|0|0|7||||132|51|132|51|[]|636148141444690000|13:42:24:469
21|2.1|636147898420899833|76b4e2|49348.84375|6.2837719861245|99.8980378213506||||49348.8359375|370|39475||||76b4e2|SLK757|X|X|0|0|7||||132|51|132|51|[]|636148141488440000|13:42:28:844
21|2.1|636147898421049848|76b4e2|49348.84375|6.2837719861245|99.8980378213506||||49348.8359375|370|39475||||76b4e2|SLK757|X|X|0|0|7||||132|83|132|83|[]|636148141488440000|13:42:28:844
21|2.1|636147898461923935|76b4e2|49352.9296875|6.2767124120036|99.9028228822289||||49352.9296875|370|39475||||76b4e2|SLK757|X|X|0|0|7||||132|51|132|51|[]|636148141529300000|13:42:32:930
21|2.1|636147898506548397|76b4e2|49357.3984375|6.2690520230639|99.9088095727448||||49357.390625|370|39475||||76b4e2|SLK757|X|X|0|0|7||||132|51|132|51|[]|636148141573980000|13:42:37:398
21|2.1|636147898550222764|76b4e2|49361.7578125|6.2616062108452|99.9137019219836||||49361.75|370|39475||||76b4e2|SLK757|X|X|0|0|7||||132|51|132|51|[]|636148141617580000|13:42:41:758
21|2.1|636147898590626804|76b4e2|49365.8125|6.2546110097406|99.9184226098456||||49365.8046875|370|39475||||76b4e2|SLK757|X|X|0|0|7||||132|51|132|51|[]|636148141658130000|13:42:45:813
21|2.1|636147898595777319|76b4e2|49366.3203125|6.2537312451845|99.9196242394832||||49366.3125|370|39475||||76b4e2|SLK757|X|X||0|7||||132|83|132|83|[]|636148141663200000|13:42:46:320
21|2.1|636147898630880829|76b4e2|49369.84375|6.2477230969965|99.9233149590844||||49369.8359375|370|39475||||76b4e2|SLK757|X|X|0|0|7||||132|51|132|51|[]|636148141698440000|13:42:49:844
21|2.1|636147898670964837|76b4e2|49373.84375|6.2408780995966|99.9280785622906||||49373.8359375|370|39475||||76b4e2|SLK757|X|X|0|0|7||||132|51|132|51|[]|636148141738440000|13:42:53:844
21|2.1|636147898705758316|76b4e2|49377.3125|6.2349343244249|99.9328636231689||||49377.296875|370|39475||||76b4e2|SLK757|X|X|0|0|7||||132|83|132|83|[]|636148141773130000|13:42:57:313
21|2.1|636147898711218862|76b4e2|49377.859375|6.2339901868525|99.9329279961852||||49377.859375|370|39475||||76b4e2|SLK757|X|X|0|0|7||||132|51|132|51|[]|636148141778590000|13:42:57:859
21|2.1|636147898751312871|76b4e2|49381.875|6.2271022741084|99.9377559724077||||49381.859375|370|39475||||76b4e2|SLK757|X|X|0|0|7||||132|51|132|51|[]|636148141818750000|13:43:01:875
21|2.1|636147898785166256|76b4e2|49385.25|6.2213301603135|99.9424766602697||||49385.2421875|370|39475||||76b4e2|SLK757|X|X|0|0|7||||132|83|132|83|[]|636148141852500000|13:43:05:250
21|2.1|636147898796087348|76b4e2|49386.3515625|6.2194418851687|99.9436997475794||||49386.34375|370|39475||||76b4e2|SLK757|X|X|0|0|7||||132|51|132|51|[]|636148141863520000|13:43:06:352
21|2.1|636147898837901529|76b4e2|49390.5390625|6.2122750226873|99.9484848084577||||49390.53125|370|39475||||76b4e2|SLK757|X|X|0|0|7||||132|51|132|51|[]|636148141905390000|13:43:10:539
21|2.1|636147898859583697|76b4e2|49392.703125|6.208562845414|99.9508666100608||||49392.6953125|370|39475||||76b4e2|SLK757|X|X|0|0|7||||132|83|132|83|[]|636148141927030000|13:43:12:703
21|2.1|636147898879555694|76b4e2|49394.703125|6.2051725332222|99.9532484116639||||49394.6953125|370|39475||||76b4e2|SLK757|X|X|0|0|7||||132|51|132|51|[]|636148141947030000|13:43:14:703
21|2.1|636147898899987737|76b4e2|49396.7421875|6.2016534749978|99.9557160439554||||49396.734375|370|39475||||76b4e2|SLK757|X|X|0|0|7||||132|83|132|83|[]|636148141967420000|13:43:16:742
21|2.1|636147898921049843|76b4e2|49398.8515625|6.1980271284129|99.9581193032306||||49398.84375|370|39475||||76b4e2|SLK757|X|X|0|0|7||||132|51|132|51|[]|636148141988520000|13:43:18:852
21|2.1|636147898963784116|76b4e2|49403.125|6.190752977571|99.9628829064368||||49403.109375|370|39475||||76b4e2|SLK757|X|X|0|0|7||||132|51|132|51|[]|636148142031250000|13:43:23:125
21|2.1|636147898963794117|76b4e2|49403.125|6.190752977571|99.9628829064368||||49403.109375|370|39475||||76b4e2|SLK757|X|X|0|0|7||||132|83|132|83|[]|636148142031250000|13:43:23:125
21|2.1|636147899004348172|76b4e2|49407.171875|6.1838006918106|99.9677108826593||||49407.1640625|370|39475||||76b4e2|SLK757|X|X|0|0|7||||132|51|132|51|[]|636148142071720000|13:43:27:172
21|2.1|636147899045692306|76b4e2|49411.3125|6.1767411176897|99.973654657831||||49411.3046875|370|39475||||76b4e2|SLK757|X|X|0|0|7||||132|51|132|51|[]|636148142113130000|13:43:31:313
21|2.1|636147899055993336|76b4e2|49412.328125|6.1749601309054|99.9748348297965||||49412.328125|370|39475||||76b4e2|SLK757|X|X||0|7||||132|83|132|83|[]|636148142123280000|13:43:32:328
21|2.1|636147899088126549|76b4e2|49415.5546875|6.1694669668478|99.9784826340535||||49415.546875|370|39475||||76b4e2|SLK757|X|X|0|0|7||||132|51|132|51|[]|636148142155550000|13:43:35:555
21|2.1|636147899131500886|76b4e2|49419.890625|6.1620211546291|99.9832033219155||||49419.890625|370|39475||||76b4e2|SLK757|X|X|0|0|7||||132|51|132|51|[]|636148142198910000|13:43:39:891
21|2.1|636147899143042040|76b4e2|49421.0390625|6.1600899641401|99.9844693245694||||49421.0390625|370|39475||||76b4e2|SLK757|X|X|0|0|7||||132|83|132|83|[]|636148142210390000|13:43:41:039
21|2.1|636147899173625098|76b4e2|49424.1015625|6.1548542921477|99.9879883827938||||49424.0859375|370|39475||||76b4e2|SLK757|X|X|0|0|7||||132|51|132|51|[]|636148142241020000|13:43:44:102
21|2.1|636147899183146050|76b4e2|49425.0546875|6.1532235090681|99.9892758431198||||49425.046875|370|39475||||76b4e2|SLK757|X|X|0|0|7||||132|83|132|83|[]|636148142250550000|13:43:45:055
21|2.1|636147899216049340|76b4e2|49428.3515625|6.1475801413058|99.9940609039981||||49428.3515625|370|39475||||76b4e2|SLK757|X|X|0|0|7||||132|51|132|51|[]|636148142283520000|13:43:48:352
21|2.1|636147899226500385|76b4e2|49429.3828125|6.1458206121936|99.9952839913078||||49429.375|370|39475||||76b4e2|SLK757|X|X|0|0|7||||132|83|132|83|[]|636148142293830000|13:43:49:383
21|2.1|636147899257243459|76b4e2|49432.4609375|6.1405849402012|99.9988674225485||||49432.453125|370|39475||||76b4e2|SLK757|X|X|0|0|7||||132|51|132|51|[]|636148142324610000|13:43:52:461
21|2.1|636147899283296064|76b4e2|49435.0625|6.1361432020765|100.001292139496||||49435.0546875|370|39475||||76b4e2|SLK757|X|X|0|0|7||||132|83|132|83|[]|636148142350630000|13:43:55:063
21|2.1|636147899297347469|76b4e2|49436.484375|6.1337184851292|100.003695398771||||49436.4765625|370|39475||||76b4e2|SLK757|X|X|0|0|7||||132|51|132|51|[]|636148142364840000|13:43:56:484
21|2.1|636147899331030837|76b4e2|49439.84375|6.1279463713343|100.00725737234||||49439.8359375|370|39475||||76b4e2|SLK757|X|X|0|0|7||||132|83|132|83|[]|636148142398440000|13:43:59:844
21|2.1|636147899340861820|76b4e2|49440.8359375|6.1262512152384|100.008459001977||||49440.828125|370|39475||||76b4e2|SLK757|X|X|0|0|7||||132|51|132|51|[]|636148142408360000|13:44:00:836
21|2.1|636147899382355969|76b4e2|49444.984375|6.1191487257733|100.0132869782||||49444.9765625|370|39475||||76b4e2|SLK757|X|X|0|0|7||||132|51|132|51|[]|636148142449840000|13:44:04:984
21|2.1|636147899423700103|76b4e2|49449.109375|6.1121106093245|100.018050581406||||49449.109375|370|39475||||76b4e2|SLK757|X|X|0|0|7||||132|51|132|51|[]|636148142491090000|13:44:09:109
21|2.1|636147899464574190|76b4e2|49453.203125|6.1051583235641|100.02279272694||||49453.1875|370|39475||||76b4e2|SLK757|X|X|0|0|7||||132|51|132|51|[]|636148142532030000|13:44:13:203
21|2.1|636147899509038636|76b4e2|49457.640625|6.0975623076407|100.028865248144||||49457.6328125|370|39475||||76b4e2|SLK757|X|X|0|0|7||||132|51|132|51|[]|636148142576410000|13:44:17:641
21|2.1|636147899552713003|76b4e2|49462.015625|6.0900521224057|100.033585936006||||49462.0078125|370|39475||||76b4e2|SLK757|X|X|0|0|7||||132|51|132|51|[]|636148142620160000|13:44:22:016
21|2.1|636147899593427074|76b4e2|49466.0859375|6.0831212943174|100.038478285245||||49466.078125|370|39475||||76b4e2|SLK757|X|X|0|0|7||||132|51|132|51|[]|636148142660860000|13:44:26:086
21|2.1|636147899635081239|76b4e2|49470.25|6.0759973471802|100.044400602745||||49470.25|370|39475||||76b4e2|SLK757|X|X|0|0|7||||132|51|132|51|[]|636148142702500000|13:44:30:250
21|2.1|636147899679235654|76b4e2|49474.6640625|6.068444246601|100.049228578967||||49474.6640625|370|39475||||76b4e2|SLK757|X|X|0|0|7||||132|51|132|51|[]|636148142746640000|13:44:34:664
21|2.1|636147899720109741|76b4e2|49478.75|6.0614705031685|100.054035097518||||49478.7421875|370|39475||||76b4e2|SLK757|X|X|0|0|7||||132|51|132|51|[]|636148142787500000|13:44:38:750
21|2.1|636147899762243954|76b4e2|49482.9609375|6.0542392676708|100.058820158396||||49482.953125|370|39475||||76b4e2|SLK757|X|X|0|0|7||||132|51|132|51|[]|636148142829610000|13:44:42:961
21|2.1|636147899805438273|76b4e2|49487.2890625|6.0468578284684|100.064806848912||||49487.2890625|370|39475||||76b4e2|SLK757|X|X|0|0|7||||132|51|132|51|[]|636148142872890000|13:44:47:289
21|2.1|636147899810118741|76b4e2|49487.75|6.0460638946007|100.064806848912||||49487.75|370|39475||||76b4e2|SLK757|X|X||0|7||||132|83|132|83|[]|636148142877500000|13:44:47:750
21|2.1|636147899850522781|76b4e2|49491.8046875|6.0391330665124|100.069527536774||||49491.7890625|370|39475||||76b4e2|SLK757|X|X|0|0|7||||132|51|132|51|[]|636148142918050000|13:44:51:805
21|2.1|636147899894837212|76b4e2|49496.234375|6.0315799659332|100.074376970668||||49496.21875|370|39475||||76b4e2|SLK757|X|X|0|0|7||||132|51|132|51|[]|636148142962340000|13:44:56:234
21|2.1|636147899930560784|76b4e2|49499.78125|6.0254859870568|100.079204946891||||49499.7734375|370|39475||||76b4e2|SLK757|X|X|0|0|7||||132|83|132|83|[]|636148142997810000|13:44:59:781
21|2.1|636147899935861314|76b4e2|49500.3203125|6.0245847648286|100.08032074584||||49500.3125|370|39475||||76b4e2|SLK757|X|X|0|0|7||||132|51|132|51|[]|636148143003200000|13:45:00:320
21|2.1|636147899979855713|76b4e2|49504.71875|6.0170316642494|100.085127264391||||49504.7109375|370|39475||||76b4e2|SLK757|X|X|0|0|7||||132|51|132|51|[]|636148143047190000|13:45:04:719
21|2.1|636147900011528880|76b4e2|49507.8828125|6.0116243308802|100.088817983992||||49507.875|370|39475||||76b4e2|SLK757|X|X||0|7||||132|83|132|83|[]|636148143078830000|13:45:07:883
21|2.1|636147900021039831|76b4e2|49508.84375|6.0099720901285|100.089955240613||||49508.8359375|370|39475||||76b4e2|SLK757|X|X|0|0|7||||132|51|132|51|[]|636148143088440000|13:45:08:844
21|2.1|636147900064564183|76b4e2|49513.1953125|6.0025262779098|100.094804674508||||49513.1875|370|39475||||76b4e2|SLK757|X|X|0|0|7||||132|51|132|51|[]|636148143131950000|13:45:13:195
21|2.1|636147900105748301|76b4e2|49517.3203125|5.9954667037889|100.100705534335||||49517.3203125|370|39475||||76b4e2|SLK757|X|X|0|0|7||||132|51|132|51|[]|636148143173200000|13:45:17:320
21|2.1|636147900111518878|76b4e2|49517.890625|5.9944796508723|100.100641161319||||49517.890625|370|39475||||76b4e2|SLK757|X|X||0|7||||132|83|132|83|[]|636148143178910000|13:45:17:891
21|2.1|636147900147712497|76b4e2|49521.5234375|5.9882569259633|100.105490595213||||49521.5078125|370|39475||||76b4e2|SLK757|X|X|0|0|7||||132|51|132|51|[]|636148143215230000|13:45:21:523
21|2.1|636147900189216647|76b4e2|49525.6640625|5.9811758941703|100.11036148678||||49525.6484375|370|39475||||76b4e2|SLK757|X|X|0|0|7||||132|51|132|51|[]|636148143256640000|13:45:25:664
21|2.1|636147900216829408|76b4e2|49528.421875|5.9764337486362|100.113902002677||||49528.4140625|370|39475||||76b4e2|SLK757|X|X|0|0|7||||132|83|132|83|[]|636148143284220000|13:45:28:422
21|2.1|636147900231960921|76b4e2|49529.9296875|5.97381591264|100.115103632314||||49529.921875|370|39475||||76b4e2|SLK757|X|X|0|0|7||||132|51|132|51|[]|636148143299300000|13:45:29:930
21|2.1|636147900274075132|76b4e2|49534.1328125|5.9666490501586|100.119931608537||||49534.125|370|39475||||76b4e2|SLK757|X|X|0|0|7||||132|51|132|51|[]|636148143341330000|13:45:34:133
21|2.1|636147900298417566|76b4e2|49536.5859375|5.9624218887549|100.123579412794||||49536.578125|370|39475||||76b4e2|SLK757|X|X|0|0|7||||132|83|132|83|[]|636148143365860000|13:45:36:586
21|2.1|636147900314329157|76b4e2|49538.171875|5.9597182220703|100.124759584759||||49538.1640625|370|39475||||76b4e2|SLK757|X|X|0|0|7||||132|51|132|51|[]|636148143381720000|13:45:38:172
21|2.1|636147900358323556|76b4e2|49542.5703125|5.9521222061469|100.130746275275||||49542.5703125|370|39475||||76b4e2|SLK757|X|X|0|0|7||||132|51|132|51|[]|636148143425700000|13:45:42:570
21|2.1|636147900386096333|76b4e2|49545.34375|5.947422975957|100.134329706516||||49545.328125|370|39475||||76b4e2|X|X|X||0|7||||132|83|132|83|[]|636148143453440000|13:45:45:344
21|2.1|636147900401067830|76b4e2|49546.8515625|5.9447836822887|100.135531336153||||49546.84375|370|39475||||76b4e2|SLK757|X|X|0|0|7||||132|51|132|51|[]|636148143468520000|13:45:46:852
21|2.1|636147900443032026|76b4e2|49551.0390625|5.9376168198073|100.140337854704||||49551.03125|370|39475||||76b4e2|SLK757|X|X|0|0|7||||132|51|132|51|[]|636148143510390000|13:45:51:039
21|2.1|636147900452392962|76b4e2|49551.9765625|5.9360074943998|100.141560942014||||49551.9609375|370|39475||||76b4e2|X|X|X|0|0|7||||132|83|132|83|[]|636148143519770000|13:45:51:977
21|2.1|636147900486416364|76b4e2|49555.390625|5.9301495499165|100.146388918236||||49555.3828125|370|39475||||76b4e2|SLK757|X|X|0|0|7||||132|51|132|51|[]|636148143553910000|13:45:55:391
21|2.1|636147900505278250|76b4e2|49557.25|5.9269308991015|100.148706346823||||49557.25|370|39475||||76b4e2|X|X|X||0|7||||132|83|132|83|[]|636148143572500000|13:45:57:250
21|2.1|636147900529770699|76b4e2|49559.7265625|5.9227037376978|100.15113106377||||49559.71875|370|39475||||76b4e2|SLK757|X|X|0|0|7||||132|51|132|51|[]|636148143597270000|13:45:59:727
21|2.1|636147900572674989|76b4e2|49564.015625|5.9153437561675|100.155959039993||||49564.0078125|370|39475||||76b4e2|SLK757|X|X|0|0|7||||132|51|132|51|[]|636148143640160000|13:46:04:016
21|2.1|636147900615109232|76b4e2|49568.25|5.9080910629977|100.161988645853||||49568.2421875|370|39475||||76b4e2|SLK757|X|X|0|0|7||||132|51|132|51|[]|636148143682500000|13:46:08:250
21|2.1|636147900619949716|76b4e2|49568.734375|5.9072542137858|100.161988645853||||49568.71875|370|39475||||76b4e2|X|X|X||0|7||||132|83|132|83|[]|636148143687340000|13:46:08:734
21|2.1|636147900655983319|76b4e2|49572.34375|5.9010314888768|100.166816622075||||49572.3359375|370|39475||||76b4e2|SLK757|X|X|0|0|7||||132|51|132|51|[]|636148143723440000|13:46:12:344
21|2.1|636147900696087329|76b4e2|49576.3515625|5.8941221184606|100.17166605597||||49576.34375|370|39475||||76b4e2|SLK757|X|X|0|0|7||||132|51|132|51|[]|636148143763520000|13:46:16:352
21|2.1|636147900713079028|76b4e2|49578.046875|5.8912253327271|100.172867685607||||49578.0390625|370|39475||||76b4e2|X|X|X|0|0|7||||132|83|132|83|[]|636148143780470000|13:46:18:047
21|2.1|636147900737731493|76b4e2|49580.515625|5.8869767136513|100.176408201504||||49580.5078125|370|39475||||76b4e2|SLK757|X|X|0|0|7||||132|51|132|51|[]|636148143805160000|13:46:20:516
21|2.1|636147900779695689|76b4e2|49584.703125|5.8797883934978|100.181257635399||||49584.6953125|370|39475||||76b4e2|SLK757|X|X|0|0|7||||132|51|132|51|[]|636148143847030000|13:46:24:703
21|2.1|636147900793107030|76b4e2|49586.046875|5.8774495072389|100.182480722708||||49586.0390625|370|39475||||76b4e2|SLK757|X|X||0|7||||132|83|132|83|[]|636148143860470000|13:46:26:047
21|2.1|636147900821659885|76b4e2|49588.9140625|5.8725142426559|100.186085611621||||49588.90625|370|39475||||76b4e2|SLK757|X|X|0|0|7||||132|51|132|51|[]|636148143889140000|13:46:28:914
21|2.1|636147900862373956|76b4e2|49592.984375|5.8655619568955|100.19097796086||||49592.96875|370|39475||||76b4e2|SLK757|X|X|0|0|7||||132|51|132|51|[]|636148143929840000|13:46:32:984
21|2.1|636147900883276046|76b4e2|49595.0546875|5.8619785256548|100.193359762463||||49595.046875|370|39475||||76b4e2|SLK757|X|X||0|7||||132|83|132|83|[]|636148143950550000|13:46:35:055
21|2.1|636147900902787997|76b4e2|49597.015625|5.858588213463|100.195741564066||||49597|370|39475||||76b4e2|SLK757|X|X|0|0|7||||132|51|132|51|[]|636148143970160000|13:46:37:016
21|2.1|636147900945372255|76b4e2|49601.28125|5.8512496896048|100.201792627598||||49601.2734375|370|39475||||76b4e2|SLK757|X|X|0|0|7||||132|51|132|51|[]|636148144012810000|13:46:41:281
21|2.1|636147900993577075|76b4e2|49606.1015625|5.8429026551579|100.206577688477||||49606.09375|370|39475||||76b4e2|SLK757|X|X|0|0|7||||132|51|132|51|[]|636148144061020000|13:46:46:102
21|2.1|636147901035851302|76b4e2|49610.3203125|5.8356070466439|100.212628752009||||49610.3203125|370|39475||||76b4e2|SLK757|X|X|0|0|7||||132|51|132|51|[]|636148144103200000|13:46:50:320
21|2.1|636147901070014718|76b4e2|49613.734375|5.8297276444885|100.216233640922||||49613.734375|370|39475||||76b4e2|SLK757|X|X||0|7||||132|83|132|83|[]|636148144137340000|13:46:53:734
21|2.1|636147901079535670|76b4e2|49614.6953125|5.828118319081|100.217521101248||||49614.6796875|370|39475||||76b4e2|SLK757|X|X|0|0|7||||132|51|132|51|[]|636148144146950000|13:46:54:695
21|2.1|636147901123380054|76b4e2|49619.0859375|5.8205652185018|100.222306162126||||49619.0703125|370|39475||||76b4e2|SLK757|X|X|0|0|7||||132|51|132|51|[]|636148144190860000|13:46:59:086
21|2.1|636147901158943610|76b4e2|49622.625|5.8144283242812|100.227069765332||||49622.6171875|370|39475||||76b4e2|SLK757|X|X|0|0|7||||132|83|132|83|[]|636148144226250000|13:47:02:625
21|2.1|636147901163934109|76b4e2|49623.1328125|5.8135485597251|100.227112680676||||49623.125|370|39475||||76b4e2|SLK757|X|X|0|0|7||||132|51|132|51|[]|636148144231330000|13:47:03:133
21|2.1|636147901199197635|76b4e2|49626.65625|5.8074545808487|100.231940656899||||49626.6484375|370|39475||||76b4e2|SLK757|X|X||0|7||||132|83|132|83|[]|636148144266560000|13:47:06:656
21|2.1|636147901204808196|76b4e2|49627.2265625|5.8065104432763|100.231897741555||||49627.21875|370|39475||||76b4e2|SLK757|X|X|0|0|7||||132|51|132|51|[]|636148144272270000|13:47:07:227
21|2.1|636147901248952610|76b4e2|49631.640625|5.7988715120087|100.237970262759||||49631.640625|370|39475||||76b4e2|SLK757|X|X|0|0|7||||132|51|132|51|[]|636148144316410000|13:47:11:641
21|2.1|636147901254733188|76b4e2|49632.2109375|5.7978844590921|100.237927347415||||49632.2109375|370|39475||||76b4e2|SLK757|X|X||0|7||||132|83|132|83|[]|636148144322110000|13:47:12:211
21|2.1|636147901289676682|76b4e2|49635.7109375|5.7918333955599|100.242819696653||||49635.7109375|370|39475||||76b4e2|SLK757|X|X|0|0|7||||132|51|132|51|[]|636148144357110000|13:47:15:711
21|2.1|636147901295447259|76b4e2|49636.28125|5.7908463426433|100.244042783963||||49636.28125|370|39475||||76b4e2|SLK757|X|X|0|0|7||||132|83|132|83|[]|636148144362810000|13:47:16:281
21|2.1|636147901333671081|76b4e2|49640.1171875|5.7842588373086|100.24758329986||||49640.1015625|370|39475||||76b4e2|SLK757|X|X|0|0|7||||132|51|132|51|[]|636148144401170000|13:47:20:117
21|2.1|636147901344592173|76b4e2|49641.1875|5.7824349351801|100.248892217858||||49641.171875|370|39475||||76b4e2|SLK757|X|X||0|7||||132|83|132|83|[]|636148144411880000|13:47:21:188
21|2.1|636147901378755589|76b4e2|49644.625|5.7764697023363|100.253698736408||||49644.609375|370|39475||||76b4e2|SLK757|X|X|0|0|7||||132|51|132|51|[]|636148144446250000|13:47:24:625
21|2.1|636147901384836197|76b4e2|49645.2109375|5.7754182764034|100.253634363392||||49645.203125|370|39475||||76b4e2|SLK757|X|X||0|7||||132|83|132|83|[]|636148144452110000|13:47:25:211
21|2.1|636147901422589972|76b4e2|49648.9921875|5.7689166017571|100.258569627975||||49648.984375|370|39475||||76b4e2|SLK757|X|X|0|0|7||||132|51|132|51|[]|636148144489920000|13:47:28:992
21|2.1|636147901441941907|76b4e2|49650.9296875|5.7655262895653|100.260951429578||||49650.9296875|370|39475||||76b4e2|SLK757|X|X||0|7||||132|83|132|83|[]|636148144509300000|13:47:30:930
21|2.1|636147901468154528|76b4e2|49653.5546875|5.7610201784243|100.264599233835||||49653.546875|370|39475||||76b4e2|SLK757|X|X|0|0|7||||132|51|132|51|[]|636148144535550000|13:47:33:555
21|2.1|636147901511048817|76b4e2|49657.84375|5.7535743662056|100.269427210057||||49657.8359375|370|39475||||76b4e2|SLK757|X|X|0|0|7||||132|51|132|51|[]|636148144578440000|13:47:37:844
21|2.1|636147901542091921|76b4e2|49660.9453125|5.7482314058527|100.273053556642||||49660.9296875|370|39475||||76b4e2|SLK757|X|X||0|7||||132|83|132|83|[]|636148144609450000|13:47:40:945
21|2.1|636147901552702982|76b4e2|49662.015625|5.74636458838|100.274212270936||||49662.0078125|370|39475||||76b4e2|SLK757|X|X|0|0|7||||132|51|132|51|[]|636148144620160000|13:47:42:016
21|2.1|636147901592796991|76b4e2|49666.0234375|5.7394766756359|100.279083162502||||49666.015625|370|39475||||76b4e2|SLK757|X|X|0|0|7||||132|51|132|51|[]|636148144660230000|13:47:46:023
21|2.1|636147901636941405|76b4e2|49670.4375|5.7317948290241|100.285112768363||||49670.421875|370|39475||||76b4e2|SLK757|X|X|0|0|7||||132|51|132|51|[]|636148144704380000|13:47:50:438
21|2.1|636147901680625773|76b4e2|49674.8046875|5.7242417284449|100.289962202257||||49674.796875|370|39475||||76b4e2|SLK757|X|X|0|0|7||||132|51|132|51|[]|636148144748050000|13:47:54:805
21|2.1|636147901721959906|76b4e2|49678.9453125|5.7170534082914|100.294833093824||||49678.9375|370|39475||||76b4e2|SLK757|X|X|0|0|7||||132|51|132|51|[]|636148144789450000|13:47:58:945
21|2.1|636147901722119922|76b4e2|49678.9453125|5.7170534082914|100.294833093824||||49678.9375|370|39475||||76b4e2|SLK757|X|X||0|7||||132|83|132|83|[]|636148144789450000|13:47:58:945
21|2.1|636147901766114321|76b4e2|49683.34375|5.7094359346959|100.300905615028||||49683.34375|370|39475||||76b4e2|SLK757|X|X|0|0|7||||132|83|132|83|[]|636148144833440000|13:48:03:344
21|2.1|636147901770644774|76b4e2|49683.8046875|5.7086634585003|100.30081978434||||49683.7890625|370|39475||||76b4e2|SLK757|X|X|0|0|7||||132|51|132|51|[]|636148144838050000|13:48:03:805
21|2.1|636147901809638673|76b4e2|49687.703125|5.7019042917888|100.305690675906||||49687.6953125|370|39475||||76b4e2|SLK757|X|X|0|0|7||||132|83|132|83|[]|636148144877030000|13:48:07:703
21|2.1|636147901819469656|76b4e2|49688.6953125|5.7002091356929|100.306999593905||||49688.6796875|370|39475||||76b4e2|SLK757|X|X|0|0|7||||132|51|132|51|[]|636148144886950000|13:48:08:695
21|2.1|636147901851452854|76b4e2|49691.875|5.6946945139632|100.310625940489||||49691.8671875|370|39475||||76b4e2|SLK757|X|X|0|0|7||||132|83|132|83|[]|636148144918750000|13:48:11:875
21|2.1|636147901860973806|76b4e2|49692.8359375|5.6930208155394|100.311784654783||||49692.8203125|370|39475||||76b4e2|SLK757|X|X|0|0|7||||132|51|132|51|[]|636148144928360000|13:48:12:836
21|2.1|636147901894977206|76b4e2|49696.2265625|5.6870984980398|100.315411001368||||49696.21875|370|39475||||76b4e2|SLK757|X|X|0|0|7||||132|83|132|83|[]|636148144962270000|13:48:16:227
21|2.1|636147901903878096|76b4e2|49697.1328125|5.6855535456486|100.316634088677||||49697.125|370|39475||||76b4e2|SLK757|X|X|0|0|7||||132|51|132|51|[]|636148144971330000|13:48:17:133
21|2.1|636147901935071215|76b4e2|49700.234375|5.6801676699515|100.3214620649||||49700.2265625|370|39475||||76b4e2|SLK757|X|X|0|0|7||||132|83|132|83|[]|636148145002340000|13:48:20:234
21|2.1|636147901945052213|76b4e2|49701.2421875|5.6783866831672|100.322706609882||||49701.234375|370|39475||||76b4e2|SLK757|X|X|0|0|7||||132|51|132|51|[]|636148145012420000|13:48:21:242
21|2.1|636147901976255333|76b4e2|49704.3515625|5.6730222651422|100.326354414139||||49704.3515625|370|39475||||76b4e2|SLK757|X|X|0|0|7||||132|83|132|83|[]|636148145043520000|13:48:24:352
21|2.1|636147901986076315|76b4e2|49705.34375|5.67126273603|100.327577501448||||49705.3359375|370|39475||||76b4e2|SLK757|X|X|0|0|7||||132|51|132|51|[]|636148145053440000|13:48:25:344
21|2.1|636147902016509358|76b4e2|49708.3828125|5.6660699793818|100.331246763378||||49708.375|370|39475||||76b4e2|SLK757|X|X||0|7||||132|83|132|83|[]|636148145083830000|13:48:28:383
21|2.1|636147902027580465|76b4e2|49709.4921875|5.6640958735486|100.332491308359||||49709.484375|370|39475||||76b4e2|SLK757|X|X|0|0|7||||132|51|132|51|[]|636148145094920000|13:48:29:492
21|2.1|636147902059103617|76b4e2|49712.6328125|5.6586456248352|100.336031824256||||49712.625|370|39475||||76b4e2|SLK757|X|X|0|0|7||||132|83|132|83|[]|636148145126330000|13:48:32:633
21|2.1|636147902068294536|76b4e2|49713.5703125|5.6570362994277|100.337319284582||||49713.5625|370|39475||||76b4e2|SLK757|X|X|0|0|7||||132|51|132|51|[]|636148145135700000|13:48:33:570
21|2.1|636147902101207827|76b4e2|49716.8515625|5.6513285586491|100.340924173495||||49716.84375|370|39475||||76b4e2|SLK757|X|X||0|7||||132|83|132|83|[]|636148145168520000|13:48:36:852
21|2.1|636147902110108717|76b4e2|49717.75|5.6497621485858|100.342168718476||||49717.7421875|370|39475||||76b4e2|SLK757|X|X|0|0|7||||132|51|132|51|[]|636148145177500000|13:48:37:750
21|2.1|636147902150672773|76b4e2|49721.8046875|5.6427454898091|100.346932321683||||49721.796875|370|39475||||76b4e2|SLK757|X|X|0|0|7||||132|51|132|51|[]|636148145218050000|13:48:41:805
21|2.1|636147902182345940|76b4e2|49724.9609375|5.6372737834236|100.350665956628||||49724.9609375|370|39475||||76b4e2|SLK757|X|X||0|7||||132|83|132|83|[]|636148145249610000|13:48:44:961
21|2.1|636147902191536859|76b4e2|49725.890625|5.6356644580161|100.35191050161||||49725.890625|370|39475||||76b4e2|SLK757|X|X|0|0|7||||132|51|132|51|[]|636148145258910000|13:48:45:891
21|2.1|636147902234131118|76b4e2|49730.15625|5.6282615611416|100.356738477832||||49730.1484375|370|39475||||76b4e2|SLK757|X|X|0|0|7||||132|51|132|51|[]|636148145301560000|13:48:50:156
21|2.1|636147902277655470|76b4e2|49734.5|5.6206870028903|100.362768083692||||49734.5|370|39475||||76b4e2|SLK757|X|X|0|0|7||||132|51|132|51|[]|636148145345000000|13:48:54:500
21|2.1|636147902277815486|76b4e2|49734.5078125|5.6206870028903|100.362768083692||||49734.5|370|39475||||76b4e2|SLK757|X|X|0|0|7||||132|83|132|83|[]|636148145345080000|13:48:54:508
21|2.1|636147902319939698|76b4e2|49738.734375|5.61332702136|100.367638975259||||49738.7265625|370|39475||||76b4e2|SLK757|X|X|0|0|7||||132|51|132|51|[]|636148145387340000|13:48:58:734
21|2.1|636147902320089713|76b4e2|49738.734375|5.61332702136|100.367638975259||||49738.7265625|370|39475||||76b4e2|SLK757|X|X||0|7||||132|83|132|83|[]|636148145387340000|13:48:58:734
21|2.1|636147902363454049|76b4e2|49743.09375|5.6057739207808|100.372574239842||||49743.0859375|370|39475||||76b4e2|SLK757|X|X|0|0|7||||132|51|132|51|[]|636148145430940000|13:49:03:094
21|2.1|636147902393257029|76b4e2|49746.0546875|5.6006026218047|100.376157671083||||49746.046875|370|39475||||76b4e2|SLK757|X|X||0|7||||132|83|132|83|[]|636148145460550000|13:49:06:055
21|2.1|636147902407458449|76b4e2|49747.484375|5.5981349895132|100.378625303374||||49747.4765625|370|39475||||76b4e2|SLK757|X|X|0|0|7||||132|51|132|51|[]|636148145474840000|13:49:07:484
21|2.1|636147902437881491|76b4e2|49750.5234375|5.5928134868324|100.382230192287||||49750.515625|370|39475||||76b4e2|SLK757|X|X|0|0|7||||132|83|132|83|[]|636148145505230000|13:49:10:523
21|2.1|636147902447862489|76b4e2|49751.53125|5.5910539577202|100.383453279597||||49751.53125|370|39475||||76b4e2|SLK757|X|X|0|0|7||||132|51|132|51|[]|636148145515310000|13:49:11:531
21|2.1|636147902483276030|76b4e2|49755.0546875|5.5849385211717|100.387101083854||||49755.0546875|370|39475||||76b4e2|SLK757|X|X|0|0|7||||132|83|132|83|[]|636148145550550000|13:49:15:055
21|2.1|636147902488886591|76b4e2|49755.625|5.5839514682551|100.388281255819||||49755.6171875|370|39475||||76b4e2|SLK757|X|X|0|0|7||||132|51|132|51|[]|636148145556250000|13:49:15:625
21|2.1|636147902523370039|76b4e2|49759.0625|5.5779862354113|100.391950517748||||49759.0546875|370|39475||||76b4e2|SLK757|X|X|0|0|7||||132|83|132|83|[]|636148145590630000|13:49:19:063
21|2.1|636147902533191021|76b4e2|49760.0546875|5.5762696216433|100.393152147386||||49760.0390625|370|39475||||76b4e2|SLK757|X|X|0|0|7||||132|51|132|51|[]|636148145600550000|13:49:20:055
21|2.1|636147902563614063|76b4e2|49763.0859375|5.5709910343067|100.396842866987||||49763.078125|370|39475||||76b4e2|SLK757|X|X|0|0|7||||132|83|132|83|[]|636148145630860000|13:49:23:086
21|2.1|636147902573905092|76b4e2|49764.125|5.5691885898503|100.398001581281||||49764.1171875|370|39475||||76b4e2|SLK757|X|X|0|0|7||||132|51|132|51|[]|636148145641250000|13:49:24:125
21|2.1|636147902617749476|76b4e2|49768.515625|5.5615067432385|100.404052644813||||49768.5078125|370|39475||||76b4e2|SLK757|X|X|0|0|7||||132|51|132|51|[]|636148145685160000|13:49:28:516
21|2.1|636147902668764577|76b4e2|49773.6171875|5.5526661823333|100.410168081361||||49773.609375|370|39475||||76b4e2|SLK757|X|X|0|0|7||||132|51|132|51|[]|636148145736170000|13:49:33:617
21|2.1|636147902674065107|76b4e2|49774.1328125|5.5517220447609|100.410168081361||||49774.1328125|370|39475||||76b4e2|SLK757|X|X|0|0|7||||132|83|132|83|[]|636148145741330000|13:49:34:133
21|2.1|636147902711668867|76b4e2|49777.9140625|5.5451559970983|100.415038972928||||49777.9140625|370|39475||||76b4e2|SLK757|X|X|0|0|7||||132|51|132|51|[]|636148145779140000|13:49:37:914
21|2.1|636147902716029303|76b4e2|49778.3359375|5.5444264362469|100.416240602566||||49778.3203125|370|39475||||76b4e2|SLK757|X|X|0|0|7||||132|83|132|83|[]|636148145783360000|13:49:38:336
21|2.1|636147902752222922|76b4e2|49781.9609375|5.5381393383216|100.419974237511||||49781.953125|370|39475||||76b4e2|SLK757|X|X|0|0|7||||132|51|132|51|[]|636148145819610000|13:49:41:961
21|2.1|636147902757383438|76b4e2|49782.4765625|5.5372381160934|100.421175867149||||49782.4609375|370|39475||||76b4e2|SLK757|X|X|0|0|7||||132|83|132|83|[]|636148145824770000|13:49:42:477
21|2.1|636147902795127212|76b4e2|49786.2578125|5.5306506107587|100.426025301043||||49786.2421875|370|39475||||76b4e2|SLK757|X|X|0|0|7||||132|51|132|51|[]|636148145862580000|13:49:46:258
21|2.1|636147902831480847|76b4e2|49789.8828125|5.5242991398171|100.429758935989||||49789.875|370|39475||||76b4e2|SLK757|X|X|0|0|7||||132|83|132|83|[]|636148145898830000|13:49:49:883
21|2.1|636147902836781377|76b4e2|49790.421875|5.5233764599168|100.430917650282||||49790.4140625|370|39475||||76b4e2|SLK757|X|X|0|0|7||||132|51|132|51|[]|636148145904220000|13:49:50:422
21|2.1|636147902872194918|76b4e2|49793.9453125|5.5172824810404|100.434586912211||||49793.9375|370|39475||||76b4e2|SLK757|X|X||0|7||||132|83|132|83|[]|636148145939450000|13:49:53:945
21|2.1|636147902882485947|76b4e2|49794.984375|5.5154585789119|100.435895830209||||49794.9765625|370|39475||||76b4e2|SLK757|X|X|0|0|7||||132|51|132|51|[]|636148145949840000|13:49:54:984
21|2.1|636147902926480346|76b4e2|49799.3828125|5.5077767323001|100.441989809086||||49799.3828125|370|39475||||76b4e2|SLK757|X|X|0|0|7||||132|51|132|51|[]|636148145993830000|13:49:59:383
21|2.1|636147902969074605|76b4e2|49803.65625|5.5003309200814|100.446817785308||||49803.6484375|370|39475||||76b4e2|SLK757|X|X|0|0|7||||132|51|132|51|[]|636148146036560000|13:50:03:656
21|2.1|636147903011188816|76b4e2|49807.8515625|5.4930138538953|100.451688676875||||49807.84375|370|39475||||76b4e2|SLK757|X|X|0|0|7||||132|51|132|51|[]|636148146078520000|13:50:07:852
21|2.1|636147903011198817|76b4e2|49807.8515625|5.4930138538953|100.451688676875||||49807.84375|370|39475||||76b4e2|SLK757|X|X|0|0|7||||132|83|132|83|[]|636148146078520000|13:50:07:852
21|2.1|636147903054713168|76b4e2|49812.203125|5.485439295644|100.456516653097||||49812.1953125|370|39475||||76b4e2|SLK757|X|X|0|0|7||||132|51|132|51|[]|636148146122030000|13:50:12:203
21|2.1|636147903059083605|76b4e2|49812.6328125|5.4846453617763|100.457782655751||||49812.625|370|39475||||76b4e2|SLK757|X|X|0|0|7||||132|83|132|83|[]|636148146126330000|13:50:12:633
21|2.1|636147903097937490|76b4e2|49816.53125|5.4778647373927|100.462653547318||||49816.5234375|370|39475||||76b4e2|SLK757|X|X|0|0|7||||132|51|132|51|[]|636148146165310000|13:50:16:531
21|2.1|636147903109478644|76b4e2|49817.671875|5.4758906315595|100.463919549972||||49817.671875|370|39475||||76b4e2|SLK757|X|X||0|7||||132|83|132|83|[]|636148146176720000|13:50:17:672
21|2.1|636147903140831779|76b4e2|49820.828125|5.4703760098298|100.467502981213||||49820.8203125|370|39475||||76b4e2|SLK757|X|X|0|0|7||||132|51|132|51|[]|636148146208280000|13:50:20:828
21|2.1|636147903187946490|76b4e2|49825.53125|5.4621577214155|100.473618417761||||49825.53125|370|39475||||76b4e2|SLK757|X|X|0|0|7||||132|51|132|51|[]|636148146255310000|13:50:25:531
21|2.1|636147903188096505|76b4e2|49825.53125|5.4621577214155|100.473618417761||||49825.53125|370|39475||||76b4e2|SLK757|X|X||0|7||||132|83|132|83|[]|636148146255310000|13:50:25:531
21|2.1|636147903228980593|76b4e2|49829.640625|5.4549908589341|100.478532224672||||49829.640625|370|39475||||76b4e2|SLK757|X|X|0|0|7||||132|51|132|51|[]|636148146296410000|13:50:29:641
21|2.1|636147903229130608|76b4e2|49829.6484375|5.4549908589341|100.478532224672||||49829.640625|370|39475||||76b4e2|SLK757|X|X|0|0|7||||132|83|132|83|[]|636148146296480000|13:50:29:648
21|2.1|636147903270164711|76b4e2|49833.7578125|5.4478669117969|100.483424573911||||49833.7421875|370|39475||||76b4e2|SLK757|X|X|0|0|7||||132|51|132|51|[]|636148146337580000|13:50:33:758
21|2.1|636147903311508845|76b4e2|49837.890625|5.4406142186271|100.488338380822||||49837.8828125|370|39475||||76b4e2|SLK757|X|X|0|0|7||||132|51|132|51|[]|636148146378910000|13:50:37:891
21|2.1|636147903332100904|76b4e2|49839.9453125|5.4370737027306|100.490720182425||||49839.9375|370|39475||||76b4e2|SLK757|X|X||0|7||||132|83|132|83|[]|636148146399450000|13:50:39:945
21|2.1|636147903352382932|76b4e2|49841.9765625|5.4334902714899|100.493166357044||||49841.96875|370|39475||||76b4e2|SLK757|X|X|0|0|7||||132|51|132|51|[]|636148146419770000|13:50:41:977
21|2.1|636147903376405334|76b4e2|49844.3671875|5.4293489407746|100.496835618973||||49844.359375|370|39475||||76b4e2|SLK757|X|X||0|7||||132|83|132|83|[]|636148146443670000|13:50:44:367
21|2.1|636147903394187112|76b4e2|49846.15625|5.426216120648|100.498058706283||||49846.1484375|370|39475||||76b4e2|SLK757|X|X|0|0|7||||132|51|132|51|[]|636148146461560000|13:50:46:156
21|2.1|636147903434591152|76b4e2|49850.203125|5.4191565465271|100.502843767161||||49850.203125|370|39475||||76b4e2|SLK757|X|X|0|0|7||||132|51|132|51|[]|636148146502030000|13:50:50:203
21|2.1|636147903475625255|76b4e2|49854.296875|5.4120111417178|100.508937746038||||49854.2890625|370|39475||||76b4e2|SLK757|X|X|0|0|7||||132|51|132|51|[]|636148146542970000|13:50:54:297
21|2.1|636147903481705863|76b4e2|49854.8984375|5.4110026311291|100.50906649207||||49854.8828125|370|39475||||76b4e2|SLK757|X|X||0|7||||132|83|132|83|[]|636148146548980000|13:50:54:898
21|2.1|636147903518219514|76b4e2|49858.5625|5.4045867871712|100.513915925965||||49858.5546875|370|39475||||76b4e2|SLK757|X|X|0|0|7||||132|51|132|51|[]|636148146585630000|13:50:58:563
21|2.1|636147903561733865|76b4e2|49862.9140625|5.3969907712478|100.518700986843||||49862.90625|370|39475||||76b4e2|SLK757|X|X|0|0|7||||132|51|132|51|[]|636148146629140000|13:51:02:914
21|2.1|636147903604018093|76b4e2|49867.1328125|5.3896093320454|100.523636251426||||49867.125|370|39475||||76b4e2|SLK757|X|X|0|0|7||||132|51|132|51|[]|636148146671330000|13:51:07:133
21|2.1|636147903647542445|76b4e2|49871.4921875|5.3819918584499|100.529773145647||||49871.4921875|370|39475||||76b4e2|SLK757|X|X|0|0|7||||132|51|132|51|[]|636148146714920000|13:51:11:492
21|2.1|636147903691546845|76b4e2|49875.8984375|5.3743100118381|100.534665494886||||49875.8828125|370|39475||||76b4e2|SLK757|X|X|0|0|7||||132|51|132|51|[]|636148146758980000|13:51:15:898
21|2.1|636147903732090899|76b4e2|49879.9453125|5.3672504377172|100.539493471108||||49879.9375|370|39475||||76b4e2|SLK757|X|X|0|0|7||||132|51|132|51|[]|636148146799450000|13:51:19:945
21|2.1|636147903772964986|76b4e2|49884.03125|5.36012649058|100.544364362675||||49884.0234375|370|39475||||76b4e2|SLK757|X|X|0|0|7||||132|51|132|51|[]|636148146840310000|13:51:24:031
21|2.1|636147903817119401|76b4e2|49888.453125|5.3523588132798|100.550458341551||||49888.4453125|370|39475||||76b4e2|SLK757|X|X|0|0|7||||132|51|132|51|[]|636148146884530000|13:51:28:453
21|2.1|636147903863604049|76b4e2|49893.09375|5.344247813226|100.555393606134||||49893.09375|370|39475||||76b4e2|SLK757|X|X|0|0|7||||132|51|132|51|[]|636148146930940000|13:51:33:094
21|2.1|636147903906668355|76b4e2|49897.40625|5.3366947126468|100.561423211994||||49897.3984375|370|39475||||76b4e2|SLK757|X|X|0|0|7||||132|51|132|51|[]|636148146974060000|13:51:37:406
21|2.1|636147903946912379|76b4e2|49901.421875|5.3296780538701|100.566294103561||||49901.421875|370|39475||||76b4e2|SLK757|X|X|0|0|7||||132|51|132|51|[]|636148147014220000|13:51:41:422
21|2.1|636147903990596747|76b4e2|49905.8046875|5.3219962072583|100.571164995128||||49905.796875|370|39475||||76b4e2|SLK757|X|X|0|0|7||||132|51|132|51|[]|636148147058050000|13:51:45:805
21|2.1|636147904036301317|76b4e2|49910.3671875|5.3140354109092|100.577366262365||||49910.359375|370|39475||||76b4e2|SLK757|X|X|0|0|7||||132|51|132|51|[]|636148147103670000|13:51:50:367
21|2.1|636147904079205607|76b4e2|49914.65625|5.3065252256742|100.582215696259||||49914.6484375|370|39475||||76b4e2|SLK757|X|X|0|0|7||||132|51|132|51|[]|636148147146560000|13:51:54:656
21|2.1|636147904084196106|76b4e2|49915.1484375|5.3056669187902|100.582215696259||||49915.140625|370|39475||||76b4e2|SLK757|X|X||0|7||||132|83|132|83|[]|636148147151480000|13:51:55:148
21|2.1|636147904120859772|76b4e2|49918.828125|5.2992081594881|100.587086587826||||49918.8203125|370|39475||||76b4e2|SLK757|X|X|0|0|7||||132|51|132|51|[]|636148147188280000|13:51:58:828
21|2.1|636147904160793765|76b4e2|49922.828125|5.2922129583835|100.591978937065||||49922.8203125|370|39475||||76b4e2|SLK757|X|X|0|0|7||||132|51|132|51|[]|636148147228280000|13:52:02:828
21|2.1|636147904205108196|76b4e2|49927.2421875|5.2844667387554|100.598072915941||||49927.234375|370|39475||||76b4e2|SLK757|X|X|0|0|7||||132|51|132|51|[]|636148147272420000|13:52:07:242
21|2.1|636147904248782563|76b4e2|49931.6171875|5.2768278074878|100.602986722852||||49931.609375|370|39475||||76b4e2|SLK757|X|X|0|0|7||||132|51|132|51|[]|636148147316170000|13:52:11:617
21|2.1|636147904295117196|76b4e2|49936.2578125|5.2686738920898|100.609123617073||||49936.25|370|39475||||76b4e2|SLK757|X|X|0|0|7||||132|51|132|51|[]|636148147362580000|13:52:16:258
21|2.1|636147904338651549|76b4e2|49940.6015625|5.2610778761664|100.613994508639||||49940.6015625|370|39475||||76b4e2|SLK757|X|X|0|0|7||||132|51|132|51|[]|636148147406020000|13:52:20:602
21|2.1|636147904343172001|76b4e2|49941.0390625|5.2603053999708|100.613994508639||||49941.03125|370|39475||||76b4e2|X|X|X|0|0|7||||132|83|132|83|[]|636148147410390000|13:52:21:039
21|2.1|636147904382015885|76b4e2|49944.9375|5.253481860243|100.618929773222||||49944.9296875|370|39475||||76b4e2|SLK757|X|X|0|0|7||||132|51|132|51|[]|636148147449380000|13:52:24:938
21|2.1|636147904425070190|76b4e2|49949.234375|5.2459287596638|100.624980836754||||49949.2265625|370|39475||||76b4e2|SLK757|X|X|0|0|7||||132|51|132|51|[]|636148147492340000|13:52:29:234
21|2.1|636147904467344417|76b4e2|49953.46875|5.2385258627893|100.629980474354||||49953.453125|370|39475||||76b4e2|SLK757|X|X|0|0|7||||132|51|132|51|[]|636148147534690000|13:52:33:469
21|2.1|636147904508218504|76b4e2|49957.5546875|5.2313160849637|100.63485136592||||49957.546875|370|39475||||76b4e2|SLK757|X|X|0|0|7||||132|51|132|51|[]|636148147575550000|13:52:37:555
21|2.1|636147904548322514|76b4e2|49961.5625|5.2242779685149|100.639786630503||||49961.5625|370|39475||||76b4e2|SLK757|X|X|0|0|7||||132|51|132|51|[]|636148147615630000|13:52:41:563
21|2.1|636147904589816663|76b4e2|49965.7265625|5.2169609023288|100.644614606726||||49965.71875|370|39475||||76b4e2|SLK757|X|X|0|0|7||||132|51|132|51|[]|636148147657270000|13:52:45:727
21|2.1|636147904631780859|76b4e2|49969.9140625|5.2096223784706|100.649549871309||||49969.9140625|370|39475||||76b4e2|SLK757|X|X|0|0|7||||132|51|132|51|[]|636148147699140000|13:52:49:914
21|2.1|636147904674055086|76b4e2|49974.1328125|5.2022194815961|100.654420762876||||49974.125|370|39475||||76b4e2|SLK757|X|X|0|0|7||||132|51|132|51|[]|636148147741330000|13:52:54:133
21|2.1|636147904714619142|76b4e2|49978.1953125|5.1950955344589|100.659441858147||||49978.1875|370|39475||||76b4e2|SLK757|X|X|0|0|7||||132|51|132|51|[]|636148147781950000|13:52:58:195
21|2.1|636147904759703650|76b4e2|49982.703125|5.1871561957819|100.665450006335||||49982.6953125|370|39475||||76b4e2|SLK757|X|X|0|0|7||||132|51|132|51|[]|636148147827030000|13:53:02:703
21|2.1|636147904802297909|76b4e2|49986.96875|5.1796460105469|100.670428186262||||49986.9609375|370|39475||||76b4e2|SLK757|X|X|0|0|7||||132|51|132|51|[]|636148147869690000|13:53:06:969
21|2.1|636147904845812260|76b4e2|49991.3125|5.1720070792793|100.676479249794||||49991.3125|370|39475||||76b4e2|SLK757|X|X|0|0|7||||132|51|132|51|[]|636148147913130000|13:53:11:313
21|2.1|636147904887936472|76b4e2|49995.5390625|5.1644539787001|100.681264310673||||49995.53125|370|39475||||76b4e2|SLK757|X|X|0|0|7||||132|51|132|51|[]|636148147955390000|13:53:15:539
21|2.1|636147904931620840|76b4e2|49999.90625|5.1565360976952|100.685813337158||||49999.8984375|370|39475||||76b4e2|SLK757|X|X|0|0|7||||132|51|132|51|[]|636148147999060000|13:53:19:906
21|2.1|636147904975615239|76b4e2|50004.296875|5.1484250976414|100.691327958888||||50004.2890625|370|39475||||76b4e2|SLK757|X|X|0|0|7||||132|51|132|51|[]|636148148042970000|13:53:24:297
21|2.1|636147905016019279|76b4e2|50008.34375|5.140829081718|100.695426374259||||50008.3359375|370|39475||||76b4e2|SLK757|X|X|0|0|7||||132|51|132|51|[]|636148148083440000|13:53:28:344
21|2.1|636147905057043381|76b4e2|50012.4375|5.1330399467457|100.699374585925||||50012.4296875|370|39475||||76b4e2|SLK757|X|X|0|0|7||||132|51|132|51|[]|636148148124380000|13:53:32:438
21|2.1|636147905101197796|76b4e2|50016.8671875|5.124521250922|100.703151136215||||50016.8515625|370|39475||||76b4e2|SLK757|X|X|0|0|7||||132|51|132|51|[]|636148148168670000|13:53:36:867
21|2.1|636147905141921868|76b4e2|50020.9296875|5.1166033699171|100.706734567455||||50020.921875|370|39475||||76b4e2|SLK757|X|X|0|0|7||||132|51|132|51|[]|636148148209300000|13:53:40:930
21|2.1|636147905185906266|76b4e2|50025.328125|5.1080846740934|100.711240678596||||50025.3125|370|39475||||76b4e2|SLK757|X|X|0|0|7||||132|51|132|51|[]|636148148253280000|13:53:45:328
21|2.1|636147905230990774|76b4e2|50029.8359375|5.0993299438766|100.714845567509||||50029.828125|370|39475||||76b4e2|SLK757|X|X|0|0|7||||132|51|132|51|[]|636148148298360000|13:53:49:836
21|2.1|636147905274675142|76b4e2|50034.203125|5.0908970787413|100.718450456422||||50034.203125|370|39475||||76b4e2|SLK757|X|X|0|0|7||||132|51|132|51|[]|636148148342030000|13:53:54:203
21|2.1|636147905320229697|76b4e2|50038.765625|5.0820994331803|100.723020940579||||50038.765625|370|39475||||76b4e2|SLK757|X|X|0|0|7||||132|51|132|51|[]|636148148387660000|13:53:58:766
21|2.1|636147905363444018|76b4e2|50043.0625|5.0737523987334|100.72660437182||||50043.0546875|370|39475||||76b4e2|SLK757|X|X||0|7||||132|51|132|51|[]|636148148430630000|13:54:03:063
21|2.1|636147905405088182|76b4e2|50047.234375|5.0657057716959|100.731089025289||||50047.2265625|370|39475||||76b4e2|SLK757|X|X||0|7||||132|51|132|51|[]|636148148472340000|13:54:07:234
21|2.1|636147905445032176|76b4e2|50051.234375|5.058002467412|100.734693914202||||50051.2265625|370|39475||||76b4e2|SLK757|X|X|0|0|7||||132|51|132|51|[]|636148148512340000|13:54:11:234
21|2.1|636147905489026575|76b4e2|50055.6484375|5.0495266869325|100.738320260787||||50055.640625|370|39475||||76b4e2|SLK757|X|X||0|7||||132|51|132|51|[]|636148148556480000|13:54:15:648
21|2.1|636147905532710943|76b4e2|50060.015625|5.0410938217972|100.741882234355||||50060.0078125|370|39475||||76b4e2|SLK757|X|X||0|7||||132|51|132|51|[]|636148148600160000|13:54:20:016
21|2.1|636147905574205092|76b4e2|50064.15625|5.0331330254481|100.745530038612||||50064.15625|370|39475||||76b4e2|SLK757|X|X||0|7||||132|51|132|51|[]|636148148641560000|13:54:24:156
21|2.1|636147905618359507|76b4e2|50068.5625|5.0246787026407|100.750036149753||||50068.5546875|370|39475||||76b4e2|SLK757|X|X||0|7||||132|51|132|51|[]|636148148685630000|13:54:28:563
21|2.1|636147905661723843|76b4e2|50072.9140625|5.0163531258659|100.753619580994||||50072.90625|370|39475||||76b4e2|SLK757|X|X||0|7||||132|51|132|51|[]|636148148729140000|13:54:32:914
21|2.1|636147905703538024|76b4e2|50077.0859375|5.0083494141726|100.757245927579||||50077.078125|370|39475||||76b4e2|SLK757|X|X||0|7||||132|51|132|51|[]|636148148770860000|13:54:37:086
21|2.1|636147905747062376|76b4e2|50081.4375|5.0000452950699|100.761666208031||||50081.4296875|370|39475||||76b4e2|SLK757|X|X|0|0|7||||132|51|132|51|[]|636148148814380000|13:54:41:438
21|2.1|636147905787146384|76b4e2|50085.4453125|4.9923634484581|100.765271096944||||50085.4453125|370|39475||||76b4e2|SLK757|X|X|0|0|7||||132|51|132|51|[]|636148148854450000|13:54:45:445
21|2.1|636147905828340503|76b4e2|50089.578125|4.9844884827974|100.768875985857||||50089.5625|370|39475||||76b4e2|SLK757|X|X||0|7||||132|51|132|51|[]|636148148895780000|13:54:49:578
21|2.1|636147905868584527|76b4e2|50093.59375|4.9768495515298|100.77248087477||||50093.5859375|370|39475||||76b4e2|SLK757|X|X||0|7||||132|51|132|51|[]|636148148935940000|13:54:53:594
21|2.1|636147905911178786|76b4e2|50097.84375|4.9687600091481|100.776021390666||||50097.8359375|370|39475||||76b4e2|SLK757|X|X|0|0|7||||132|51|132|51|[]|636148148978440000|13:54:57:844
21|2.1|636147905953292997|76b4e2|50102.0625|4.9607562974548|100.779626279579||||50102.0625|370|39475||||76b4e2|SLK757|X|X|0|0|7||||132|51|132|51|[]|636148149020630000|13:55:02:063
21|2.1|636147905994167084|76b4e2|50106.1484375|4.9529671624825|100.783123880131||||50106.140625|370|39475||||76b4e2|SLK757|X|X|0|0|7||||132|51|132|51|[]|636148149061480000|13:55:06:148
21|2.1|636147906034431110|76b4e2|50110.1796875|4.9453282312149|100.786728769044||||50110.171875|370|39475||||76b4e2|SLK757|X|X|0|0|7||||132|51|132|51|[]|636148149101800000|13:55:10:180
21|2.1|636147906077635430|76b4e2|50114.5|4.9371743158169|100.791127591825||||50114.4921875|370|39475||||76b4e2|SLK757|X|X|0|0|7||||132|51|132|51|[]|636148149145000000|13:55:14:500
21|2.1|636147906119599626|76b4e2|50118.6953125|4.9292349771399|100.794775396082||||50118.6875|370|39475||||76b4e2|SLK757|X|X|0|0|7||||132|51|132|51|[]|636148149186950000|13:55:18:695
21|2.1|636147906161103776|76b4e2|50122.84375|4.9213814691513|100.798294454306||||50122.8359375|370|39475||||76b4e2|SLK757|X|X|0|0|7||||132|51|132|51|[]|636148149228440000|13:55:22:844
21|2.1|636147906201657831|76b4e2|50126.8984375|4.9137210802116|100.801877885547||||50126.890625|370|39475||||76b4e2|SLK757|X|X|0|0|7||||132|51|132|51|[]|636148149268980000|13:55:26:898
21|2.1|636147906245502215|76b4e2|50131.265625|4.905438418781|100.806341081344||||50131.265625|370|39475||||76b4e2|SLK757|X|X|0|0|7||||132|51|132|51|[]|636148149312660000|13:55:31:266
21|2.1|636147906289966661|76b4e2|50135.734375|4.8969626383015|100.80988159724||||50135.734375|370|39475||||76b4e2|SLK757|X|X|0|0|7||||132|51|132|51|[]|636148149357340000|13:55:35:734
21|2.1|636147906330360700|76b4e2|50139.765625|4.8893880800502|100.813486486153||||50139.765625|370|39475||||76b4e2|SLK757|X|X|0|0|7||||132|51|132|51|[]|636148149397660000|13:55:39:766
21|2.1|636147906371234787|76b4e2|50143.859375|4.8816633180942|100.816984086705||||50143.84375|370|39475||||76b4e2|SLK757|X|X|0|0|7||||132|51|132|51|[]|636148149438590000|13:55:43:859
21|2.1|636147906415549218|76b4e2|50148.296875|4.8732089952868|100.821447282502||||50148.2890625|370|39475||||76b4e2|SLK757|X|X|0|0|7||||132|51|132|51|[]|636148149482970000|13:55:48:297
21|2.1|636147906455633226|76b4e2|50152.296875|4.8656129793634|100.824987798399||||50152.2890625|370|39475||||76b4e2|SLK757|X|X|0|0|7||||132|51|132|51|[]|636148149522970000|13:55:52:297
21|2.1|636147906500407703|76b4e2|50156.7734375|4.8571371988839|100.828571229639||||50156.7734375|370|39475||||76b4e2|SLK757|X|X|0|0|7||||132|51|132|51|[]|636148149567730000|13:55:56:773
21|2.1|636147906542381900|76b4e2|50160.96875|4.849219317879|100.832090287864||||50160.9609375|370|39475||||76b4e2|SLK757|X|X|0|0|7||||132|51|132|51|[]|636148149609690000|13:56:00:969
21|2.1|636147906584026064|76b4e2|50165.1328125|4.8413443522183|100.835587888416||||50165.125|370|39475||||76b4e2|SLK757|X|X|0|0|7||||132|51|132|51|[]|636148149651330000|13:56:05:133
21|2.1|636147906625520213|76b4e2|50169.2890625|4.8334693865576|100.840051084213||||50169.28125|370|39475||||76b4e2|SLK757|X|X|0|0|7||||132|51|132|51|[]|636148149692890000|13:56:09:289
21|2.1|636147906668124473|76b4e2|50173.546875|4.8254227595201|100.843591600109||||50173.5390625|370|39475||||76b4e2|SLK757|X|X|0|0|7||||132|51|132|51|[]|636148149735470000|13:56:13:547
21|2.1|636147906708678528|76b4e2|50177.59375|4.8177838282525|100.847239404366||||50177.59375|370|39475||||76b4e2|SLK757|X|X|0|0|7||||132|51|132|51|[]|636148149775940000|13:56:17:594
21|2.1|636147906750012661|76b4e2|50181.734375|4.8099732356081|100.850758462591||||50181.734375|370|39475||||76b4e2|SLK757|X|X|0|0|7||||132|51|132|51|[]|636148149817340000|13:56:21:734
21|2.1|636147906792456905|76b4e2|50185.984375|4.8019051508985|100.854341893831||||50185.9765625|370|39475||||76b4e2|SLK757|X|X|0|0|7||||132|51|132|51|[]|636148149859840000|13:56:25:984
21|2.1|636147906835971256|76b4e2|50190.328125|4.7937083201563|100.85871925894||||50190.3203125|370|39475||||76b4e2|SLK757|X|X|0|0|7||||132|51|132|51|[]|636148149903280000|13:56:30:328
21|2.1|636147906877935452|76b4e2|50194.5234375|4.7857904391514|100.86230269018||||50194.515625|370|39475||||76b4e2|SLK757|X|X|0|0|7||||132|51|132|51|[]|636148149945230000|13:56:34:523
21|2.1|636147906920529711|76b4e2|50198.7890625|4.7777223544418|100.865950494437||||50198.78125|370|39475||||76b4e2|SLK757|X|X|0|0|7||||132|51|132|51|[]|636148149987890000|13:56:38:789
21|2.1|636147906967334391|76b4e2|50203.46875|4.7688603358645|100.870413690234||||50203.4609375|370|39475||||76b4e2|SLK757|X|X|0|0|7||||132|51|132|51|[]|636148150034690000|13:56:43:469
21|2.1|636147907011958853|76b4e2|50207.9375|4.7604274707292|100.873911290787||||50207.9375|370|39475||||76b4e2|SLK757|X|X|0|0|7||||132|51|132|51|[]|636148150079380000|13:56:47:938
21|2.1|636147907055783235|76b4e2|50212.3046875|4.7521877246428|100.878331571239||||50212.296875|370|39475||||76b4e2|SLK757|X|X|0|0|7||||132|51|132|51|[]|636148150123050000|13:56:52:305
21|2.1|636147907098067463|76b4e2|50216.5390625|4.7441625552774|100.88191500248||||50216.53125|370|39475||||76b4e2|SLK757|X|X|0|0|7||||132|51|132|51|[]|636148150165390000|13:56:56:539
21|2.1|636147907147832439|76b4e2|50221.515625|4.7347426372255|100.88631382526||||50221.5078125|370|39475||||76b4e2|SLK757|X|X|0|0|7||||132|51|132|51|[]|636148150215160000|13:57:01:516
21|2.1|636147907189796635|76b4e2|50225.703125|4.7267818408764|100.889875798829||||50225.703125|370|39475||||76b4e2|SLK757|X|X|0|0|7||||132|51|132|51|[]|636148150257030000|13:57:05:703
21|2.1|636147907237381393|76b4e2|50230.46875|4.7177481609223|100.894338994626||||50230.4609375|370|39475||||76b4e2|SLK757|X|X|0|0|7||||132|51|132|51|[]|636148150304690000|13:57:10:469
21|2.1|636147907278725527|76b4e2|50234.546875|4.7100233989663|100.897879510522||||50234.546875|370|39475||||76b4e2|SLK757|X|X|0|0|7||||132|51|132|51|[]|636148150345470000|13:57:14:547
21|2.1|636147907318499504|76b4e2|50238.5859375|4.7023844676987|100.901462941763||||50238.578125|370|39475||||76b4e2|SLK757|X|X|0|0|7||||132|51|132|51|[]|636148150385860000|13:57:18:586
21|2.1|636147907361873841|76b4e2|50242.90625|4.6941876369565|100.904917626971||||50242.8984375|370|39475||||76b4e2|SLK757|X|X|0|0|7||||132|51|132|51|[]|636148150429060000|13:57:22:906
21|2.1|636147907409458599|76b4e2|50247.6796875|4.6851539570024|100.909423738112||||50247.671875|370|39475||||76b4e2|SLK757|X|X|0|0|7||||132|51|132|51|[]|636148150476800000|13:57:27:680
21|2.1|636147907450322685|76b4e2|50251.765625|4.6773862797022|100.912985711681||||50251.765625|370|39475||||76b4e2|SLK757|X|X|0|0|7||||132|51|132|51|[]|636148150517660000|13:57:31:766
21|2.1|636147907495097162|76b4e2|50256.234375|4.6689104992227|100.917341619117||||50256.2265625|370|39475||||76b4e2|SLK757|X|X|0|0|7||||132|51|132|51|[]|636148150562340000|13:57:36:234
21|2.1|636147907538621514|76b4e2|50260.59375|4.6606707531363|100.920967965702||||50260.5859375|370|39475||||76b4e2|SLK757|X|X||0|7||||132|51|132|51|[]|636148150605940000|13:57:40:594
21|2.1|636147907579185570|76b4e2|50264.6484375|4.6529889065245|100.924465566254||||50264.640625|370|39475||||76b4e2|SLK757|X|X|0|0|7||||132|51|132|51|[]|636148150646480000|13:57:44:648
21|2.1|636147907619439595|76b4e2|50268.6796875|4.6453499752569|100.928048997495||||50268.671875|370|39475||||76b4e2|SLK757|X|X|0|0|7||||132|51|132|51|[]|636148150686800000|13:57:48:680
21|2.1|636147907659373588|76b4e2|50272.6796875|4.6377325016614|100.931589513391||||50272.671875|370|39475||||76b4e2|SLK757|X|X|0|0|7||||132|51|132|51|[]|636148150726800000|13:57:52:680
21|2.1|636147907699637614|76b4e2|50276.6953125|4.6300935703938|100.935172944632||||50276.6953125|370|39475||||76b4e2|SLK757|X|X|0|0|7||||132|51|132|51|[]|636148150766950000|13:57:56:695
21|2.1|636147907739711621|76b4e2|50280.7109375|4.6224975544704|100.938713460529||||50280.6953125|370|39475||||76b4e2|SLK757|X|X|0|0|7||||132|51|132|51|[]|636148150807110000|13:58:00:711
21|2.1|636147907784486098|76b4e2|50285.1875|4.6139788586467|100.942232518753||||50285.1796875|370|39475||||76b4e2|SLK757|X|X|0|0|7||||132|51|132|51|[]|636148150851880000|13:58:05:188
21|2.1|636147907826450294|76b4e2|50289.375|4.6060180622976|100.94669571455||||50289.3671875|370|39475||||76b4e2|SLK757|X|X|0|0|7||||132|51|132|51|[]|636148150893750000|13:58:09:375
21|2.1|636147907868264475|76b4e2|50293.5390625|4.5981430966369|100.950193315102||||50293.53125|370|39475||||76b4e2|SLK757|X|X|0|0|7||||132|51|132|51|[]|636148150935390000|13:58:13:539
21|2.1|636147907909608609|76b4e2|50297.6875|4.5902466733041|100.953798204015||||50297.6796875|370|39475||||76b4e2|SLK757|X|X|0|0|7||||132|51|132|51|[]|636148150976880000|13:58:17:688
21|2.1|636147907952202868|76b4e2|50301.9609375|4.5821785885945|100.957295804567||||50301.9453125|370|39475||||76b4e2|SLK757|X|X|0|0|7||||132|51|132|51|[]|636148151019610000|13:58:21:961
21|2.1|636147907992756923|76b4e2|50306.0078125|4.5744538266385|100.960793405119||||50306|370|39475||||76b4e2|SLK757|X|X|0|0|7||||132|51|132|51|[]|636148151060080000|13:58:26:008
21|2.1|636147908034101057|76b4e2|50310.1484375|4.5665788609778|100.964355378688||||50310.140625|370|39475||||76b4e2|SLK757|X|X|0|0|7||||132|51|132|51|[]|636148151101480000|13:58:30:148
21|2.1|636147908076535300|76b4e2|50314.390625|4.5585536916124|100.968861489829||||50314.3828125|370|39475||||76b4e2|SLK757|X|X|0|0|7||||132|51|132|51|[]|636148151143910000|13:58:34:391
21|2.1|636147908119899636|76b4e2|50318.7265625|4.550313945526|100.972359090381||||50318.71875|370|39475||||76b4e2|SLK757|X|X|0|0|7||||132|51|132|51|[]|636148151187270000|13:58:38:727
21|2.1|636147908162023848|76b4e2|50322.9296875|4.5423531491769|100.975942521622||||50322.921875|370|39475||||76b4e2|SLK757|X|X|0|0|7||||132|51|132|51|[]|636148151229300000|13:58:42:930
21|2.1|636147908204608106|76b4e2|50327.1953125|4.5342421491231|100.979568868207||||50327.1875|370|39475||||76b4e2|SLK757|X|X|0|0|7||||132|51|132|51|[]|636148151271950000|13:58:47:195
21|2.1|636147908245652210|76b4e2|50331.296875|4.5264530141508|100.984010606332||||50331.2890625|370|39475||||76b4e2|SLK757|X|X|0|0|7||||132|51|132|51|[]|636148151312970000|13:58:51:297
21|2.1|636147908285896234|76b4e2|50335.3203125|4.5188784558995|100.987508206884||||50335.3125|370|39475||||76b4e2|SLK757|X|X|0|0|7||||132|51|132|51|[]|636148151353200000|13:58:55:320
21|2.1|636147908329410585|76b4e2|50339.6640625|4.5105957944689|100.991113095797||||50339.6640625|370|39475||||76b4e2|SLK757|X|X|0|0|7||||132|51|132|51|[]|636148151396640000|13:58:59:664
21|2.1|636147908370914735|76b4e2|50343.8203125|4.5027208288082|100.994653611693||||50343.8125|370|39475||||76b4e2|SLK757|X|X||0|7||||132|51|132|51|[]|636148151438200000|13:59:03:820
21|2.1|636147908412098853|76b4e2|50347.9453125|4.4948887784917|100.998258500606||||50347.9453125|370|39475||||76b4e2|SLK757|X|X||0|7||||132|51|132|51|[]|636148151479450000|13:59:07:945
21|2.1|636147908452972940|76b4e2|50352.03125|4.4871211011915|101.001820474175||||50352.0234375|370|39475||||76b4e2|SLK757|X|X||0|7||||132|51|132|51|[]|636148151520310000|13:59:12:031
21|2.1|636147908501797822|76b4e2|50356.90625|4.4778943021885|101.006262212299||||50356.8984375|370|39475||||76b4e2|SLK757|X|X|0|0|7||||132|51|132|51|[]|636148151569060000|13:59:16:906
21|2.1|636147908551722814|76b4e2|50361.8984375|4.4684100111203|101.010811238785||||50361.890625|370|39475||||76b4e2|SLK757|X|X|0|0|7||||132|51|132|51|[]|636148151618980000|13:59:21:898
21|2.1|636147908592126854|76b4e2|50365.9453125|4.4607281645085|101.014351754681||||50365.9453125|370|39475||||76b4e2|SLK757|X|X||0|7||||132|51|132|51|[]|636148151659450000|13:59:25:945
21|2.1|636147908633160957|76b4e2|50370.046875|4.4529175718641|101.01791372825||||50370.046875|370|39475||||76b4e2|SLK757|X|X|0|0|7||||132|51|132|51|[]|636148151700470000|13:59:30:047
21|2.1|636147908676055246|76b4e2|50374.3359375|4.444742198794|101.022355466374||||50374.328125|370|39475||||76b4e2|SLK757|X|X||0|7||||132|51|132|51|[]|636148151743360000|13:59:34:336
21|2.1|636147908718799520|76b4e2|50378.6171875|4.4366097410681|101.025895982271||||50378.609375|370|39475||||76b4e2|SLK757|X|X||0|7||||132|51|132|51|[]|636148151786170000|13:59:38:617
21|2.1|636147908759833623|76b4e2|50382.71875|4.4287776907516|101.029479413512||||50382.7109375|370|39475||||76b4e2|SLK757|X|X||0|7||||132|51|132|51|[]|636148151827190000|13:59:42:719
21|2.1|636147908817869426|76b4e2|50388.515625|4.4177484472922|101.034843831537||||50388.5078125|370|39475||||76b4e2|SLK757|X|X|0|0|7||||132|51|132|51|[]|636148151885160000|13:59:48:516
21|2.1|636147908858123451|76b4e2|50392.546875|4.4100451430083|101.038427262777||||50392.546875|370|39475||||76b4e2|SLK757|X|X|0|0|7||||132|51|132|51|[]|636148151925470000|13:59:52:547
21|2.1|636147908898527491|76b4e2|50396.578125|4.4023632963965|101.042053609362||||50396.578125|370|39475||||76b4e2|SLK757|X|X|0|0|7||||132|51|132|51|[]|636148151965780000|13:59:56:578
21|2.1|636147908939411579|76b4e2|50400.671875|4.3945741614242|101.045594125259||||50400.65625|370|39475||||76b4e2|SLK757|X|X||0|7||||132|51|132|51|[]|636148152006720000|14:00:00:672
21|2.1|636147909009448582|76b4e2|50407.6796875|4.3811631163617|101.051816850168||||50407.671875|370|39475||||76b4e2|SLK757|X|X||0|7||||132|51|132|51|[]|636148152076800000|14:00:07:680
21|2.1|636147909057653402|76b4e2|50412.484375|4.3719577750308|101.056301503637||||50412.484375|370|39475||||76b4e2|SLK757|X|X||0|7||||132|51|132|51|[]|636148152124840000|14:00:12:484
21|2.1|636147909099937630|76b4e2|50416.7265625|4.3638253173049|101.059842019533||||50416.7265625|370|39475||||76b4e2|SLK757|X|X|0|0|7||||132|51|132|51|[]|636148152167270000|14:00:16:727
21|2.1|636147909152182854|76b4e2|50421.9453125|4.3538474997784|101.064326673002||||50421.9375|370|39475||||76b4e2|SLK757|X|X|0|0|7||||132|51|132|51|[]|636148152219450000|14:00:21:945
21|2.1|636147909318179452|76b4e2|50438.546875|4.3219828567099|101.079518704849||||50438.546875|370|39475||||76b4e2|SLK757|X|X||0|7||||132|51|132|51|[]|636148152385470000|14:00:38:547
21|2.1|636147909364974131|76b4e2|50443.2265625|4.3129491767558|101.084003358318||||50443.2265625|370|||||76b4e2|SLK757|X|X||0|7||||132|51|132|51|[]|636148152432270000|14:00:43:227
