21|2.1|636147905041131790|76ce65|50010.84375|4.7513937907751|102.980260757139||||50010.8359375|392|41725||||76ce65|X|X|X|0|0|7||||132|51|132|51|[]|636148148108440000|13:53:30:844
21|2.1|636147905090746751|76ce65|50015.8125|4.7598695712546|102.973866370853||||50015.8046875|392.25|41750||||76ce65|SIA516|X|X|0|0|7||||132|51|132|51|[]|636148148158130000|13:53:35:813
21|2.1|636147905149722648|76ce65|50021.71875|4.7703194575673|102.966012862864||||50021.7109375|393|41825||||76ce65|SIA516|X|X|0|0|7||||132|51|132|51|[]|636148148217190000|13:53:41:719
21|2.1|636147905198227498|76ce65|50026.5625|4.7784519152932|102.959854510972||||50026.5546875|393.25|41850||||76ce65|SIA516|X|X|0|0|7||||132|51|132|51|[]|636148148265630000|13:53:46:563
21|2.1|636147905246442319|76ce65|50031.375|4.7849535899395|102.954983619405||||50031.3671875|394|41925||||76ce65|SIA516|X|X|0|0|7||||132|51|132|51|[]|636148148313750000|13:53:51:375
21|2.1|636147905289026577|76ce65|50035.6328125|4.7917985873394|102.949812320429||||50035.625|394.5|41975||||76ce65|SIA516|X|X|0|0|7||||132|51|132|51|[]|636148148356330000|13:53:55:633
21|2.1|636147905329590633|76ce65|50039.6875|4.7989654498208|102.94440498706||||50039.6796875|395|42025||||76ce65|SIA516|X|X|0|0|7||||132|51|132|51|[]|636148148396880000|13:53:59:688
21|2.1|636147905378575531|76ce65|50044.59375|4.8070764498746|102.938268092839||||50044.5859375|395.5|42075||||76ce65|SIA516|X|X|0|0|7||||132|51|132|51|[]|636148148445940000|13:54:04:594
21|2.1|636147905425380211|76ce65|50049.2734375|4.8151659922563|102.932174113963||||50049.265625|396|42125||||76ce65|SIA516|X|X|0|0|7||||132|51|132|51|[]|636148148492730000|13:54:09:273
21|2.1|636147905474365109|76ce65|50054.1640625|4.8216676669026|102.92723884938||||50054.15625|396.75|42200||||76ce65|SIA516|X|X|0|0|7||||132|51|132|51|[]|636148148541640000|13:54:14:164
21|2.1|636147905515239196|76ce65|50058.265625|4.8288130717119|102.921852973683||||50058.2578125|397.25|42250||||76ce65|SIA516|X|X|0|0|7||||132|51|132|51|[]|636148148582660000|13:54:18:266
21|2.1|636147905565464218|76ce65|50063.2734375|4.8372244791751|102.915501502741||||50063.265625|397.75|42300||||76ce65|SIA516|X|X|0|0|7||||132|51|132|51|[]|636148148632730000|13:54:23:273
21|2.1|636147905614919163|76ce65|50068.2265625|4.8453354792289|102.90936460852||||50068.21875|398.25|42350||||76ce65|SIA516|X|X|0|0|7||||132|51|132|51|[]|636148148682270000|13:54:28:227
21|2.1|636147905663133984|76ce65|50073.0546875|4.8534035639385|102.903206256628||||50073.046875|398.75|42400||||76ce65|SIA516|X|X|0|0|7||||132|51|132|51|[]|636148148730550000|13:54:33:055
21|2.1|636147905710708741|76ce65|50077.8046875|4.8598408655685|102.898270992045||||50077.796875|399.25|42450||||76ce65|SIA516|X|X|0|0|7||||132|51|132|51|[]|636148148778050000|13:54:37:805
21|2.1|636147905756103280|76ce65|50082.34375|4.8675441698524|102.892370132217||||50082.3359375|399.5|42475||||76ce65|SIA516|X|X|0|0|7||||132|51|132|51|[]|636148148823440000|13:54:42:344
21|2.1|636147905796357305|76ce65|50086.3671875|4.8743033365639|102.887155917897||||50086.359375|399.75|42500||||76ce65|SIA516|X|X|0|0|7||||132|51|132|51|[]|636148148863670000|13:54:46:367
21|2.1|636147905836771346|76ce65|50090.4140625|4.8810410456033|102.881898788232||||50090.40625|400|42550||||76ce65|SIA516|X|X|0|0|7||||132|51|132|51|[]|636148148904140000|13:54:50:414
21|2.1|636147905928960564|76ce65|50099.6328125|4.894924159452|102.871191409855||||50099.625|400|42550||||76ce65|SIA516|X|X||0|7||||132|51|132|51|[]|636148148996330000|13:54:59:633
21|2.1|636147905979035571|76ce65|50104.6328125|4.9033355669152|102.86471119288||||50104.625|400|42550||||76ce65|SIA516|X|X|0|0|7||||132|51|132|51|[]|636148149046330000|13:55:04:633
21|2.1|636147906028330500|76ce65|50109.578125|4.9117255167063|102.85816660289||||50109.5703125|400|42550||||76ce65|SIA516|X|X||0|7||||132|51|132|51|[]|636148149095780000|13:55:09:578
21|2.1|636147906098067473|76ce65|50116.5390625|4.9234414056729|102.849111465264||||50116.5234375|400|42550||||76ce65|SIA516|X|X||0|7||||132|51|132|51|[]|636148149165390000|13:55:16:539
21|2.1|636147906147992465|76ce65|50121.5234375|4.9318742708082|102.842502502257||||50121.515625|400|42550||||76ce65|SIA516|X|X||0|7||||132|51|132|51|[]|636148149215230000|13:55:21:523
21|2.1|636147906195897255|76ce65|50126.328125|4.9383974031266|102.837438491641||||50126.3203125|400|42550||||76ce65|SIA516|X|X|0|0|7||||132|51|132|51|[]|636148149263280000|13:55:26:328
21|2.1|636147906242841949|76ce65|50131.0234375|4.9462723687873|102.831323055093||||50131.015625|400|42550||||76ce65|SIA516|X|X|0|0|7||||132|51|132|51|[]|636148149310230000|13:55:31:023
21|2.1|636147906292456910|76ce65|50135.9765625|4.954791064611|102.824735549758||||50135.96875|400|42550||||76ce65|SIA516|X|X|0|0|7||||132|51|132|51|[]|636148149359770000|13:55:35:977
21|2.1|636147906340661730|76ce65|50140.8046875|4.9629878953532|102.818341163472||||50140.796875|400|42550||||76ce65|SIA516|X|X|0|0|7||||132|51|132|51|[]|636148149408050000|13:55:40:805
21|2.1|636147906390426706|76ce65|50145.7734375|4.9715495065211|102.811689285121||||50145.765625|400|42550||||76ce65|SIA516|X|X|0|0|7||||132|51|132|51|[]|636148149457730000|13:55:45:773
21|2.1|636147906440661729|76ce65|50150.8046875|4.9784803346094|102.806324867096||||50150.796875|400|42550||||76ce65|SIA516|X|X|0|0|7||||132|51|132|51|[]|636148149508050000|13:55:50:805
21|2.1|636147906482475910|76ce65|50154.9765625|4.9857759431234|102.800702957006||||50154.96875|400|42550||||76ce65|SIA516|X|X|0|0|7||||132|51|132|51|[]|636148149549770000|13:55:54:977
21|2.1|636147906522869949|76ce65|50159.015625|4.9927926019001|102.795338538981||||50159.0078125|400|42550||||76ce65|SIA516|X|X|0|0|7||||132|51|132|51|[]|636148149590160000|13:55:59:016
21|2.1|636147906565614223|76ce65|50163.296875|5.0004744485119|102.789480594498||||50163.2890625|400|42550||||76ce65|SIA516|X|X|0|0|7||||132|51|132|51|[]|636148149632970000|13:56:03:297
21|2.1|636147906606338295|76ce65|50167.3671875|5.0074696496165|102.784073261129||||50167.359375|400|42550||||76ce65|SIA516|X|X|0|0|7||||132|51|132|51|[]|636148149673670000|13:56:07:367
21|2.1|636147906647682429|76ce65|50171.5|5.0132203057393|102.779760269036||||50171.484375|400|42550||||76ce65|SIA516|X|X||0|7||||132|51|132|51|[]|636148149715000000|13:56:11:500
21|2.1|636147906696657326|76ce65|50176.3984375|5.0217819169072|102.773601917144||||50176.3828125|400|42550||||76ce65|SIA516|X|X||0|7||||132|51|132|51|[]|636148149763980000|13:56:16:398
21|2.1|636147906743462006|76ce65|50181.078125|5.0306653931566|102.768001464726||||50181.0625|400|42550||||76ce65|SIA516|X|X|0|0|7||||132|51|132|51|[]|636148149810780000|13:56:21:078
21|2.1|636147906793066966|76ce65|50186.0390625|5.0398921921596|102.762980369454||||50186.0234375|400|42550||||76ce65|SIA516|X|X||0|7||||132|51|132|51|[]|636148149860390000|13:56:26:039
21|2.1|636147906833631022|76ce65|50190.09375|5.0481748535902|102.758903411755||||50190.0859375|400|42550||||76ce65|SIA516|X|X||0|7||||132|51|132|51|[]|636148149900940000|13:56:30:094
21|2.1|636147906873735032|76ce65|50194.109375|5.0558137848578|102.755405811203||||50194.09375|400|42550||||76ce65|SIA516|X|X|0|0|7||||132|51|132|51|[]|636148149941090000|13:56:34:109
21|2.1|636147906921929851|76ce65|50198.9296875|5.0635600044859|102.752058414355||||50198.9140625|400|42550||||76ce65|SIA516|X|X|0|0|7||||132|51|132|51|[]|636148149989300000|13:56:38:930
21|2.1|636147906963273985|76ce65|50203.0546875|5.0716924622118|102.748711017508||||50203.046875|400|42550||||76ce65|SIA516|X|X|0|0|7||||132|51|132|51|[]|636148150030550000|13:56:43:055
21|2.1|636147907003367994|76ce65|50207.0703125|5.0802969887239|102.745277789972||||50207.0546875|400|42550||||76ce65|SIA516|X|X|0|0|7||||132|51|132|51|[]|636148150070700000|13:56:47:070
21|2.1|636147907047362393|76ce65|50211.4765625|5.0892662956617|102.741715816403||||50211.46875|400|42575||||76ce65|SIA516|X|X|0|0|7||||132|51|132|51|[]|636148150114770000|13:56:51:477
21|2.1|636147907092606917|76ce65|50215.984375|5.0982999756158|102.738325504211||||50215.9765625|400|42550||||76ce65|SIA516|X|X|0|0|7||||132|51|132|51|[]|636148150159840000|13:56:55:984
21|2.1|636147907140961752|76ce65|50220.828125|5.1061749412765|102.735342887789||||50220.8125|400|42575||||76ce65|SIA516|X|X|0|0|7||||132|51|132|51|[]|636148150208280000|13:57:00:828
21|2.1|636147907181055761|76ce65|50224.8359375|5.1144576027071|102.732210067663||||50224.828125|400|42550||||76ce65|SIA516|X|X|0|0|7||||132|51|132|51|[]|636148150248360000|13:57:04:836
21|2.1|636147907223810036|76ce65|50229.109375|5.1234912826612|102.728798297799||||50229.09375|400|42550||||76ce65|SIA516|X|X|0|0|7||||132|51|132|51|[]|636148150291090000|13:57:09:109
21|2.1|636147907268114466|76ce65|50233.5390625|5.1325249626153|102.725386527935||||50233.5234375|400|42550||||76ce65|SIA516|X|X|0|0|7||||132|51|132|51|[]|636148150335390000|13:57:13:539
21|2.1|636147907310698724|76ce65|50237.8046875|5.1411938621437|102.722124961776||||50237.7890625|400|42550||||76ce65|SIA516|X|X|0|0|7||||132|51|132|51|[]|636148150378050000|13:57:17:805
21|2.1|636147907352042858|76ce65|50241.9375|5.149412150558|102.718949226305||||50241.9296875|400|42550||||76ce65|SIA516|X|X|0|0|7||||132|51|132|51|[]|636148150419380000|13:57:21:938
21|2.1|636147907393697023|76ce65|50246.109375|5.1561069442532|102.716395763325||||50246.09375|400|42550||||76ce65|SIA516|X|X|0|0|7||||132|51|132|51|[]|636148150461090000|13:57:26:109
21|2.1|636147907443311984|76ce65|50251.0703125|5.1659560157471|102.712619213036||||50251.0546875|400|42550||||76ce65|SIA516|X|X|0|0|7||||132|51|132|51|[]|636148150510700000|13:57:31:070
21|2.1|636147907491666819|76ce65|50255.8984375|5.1761913253388|102.708671001369||||50255.8828125|400|42550||||76ce65|SIA516|X|X|0|0|7||||132|51|132|51|[]|636148150558980000|13:57:35:898
21|2.1|636147907540501702|76ce65|50260.7734375|5.1860189391606|102.704872993407||||50260.765625|400|42550||||76ce65|SIA516|X|X|0|0|7||||132|51|132|51|[]|636148150607730000|13:57:40:773
21|2.1|636147907588696521|76ce65|50265.609375|5.1958894683266|102.701053527774||||50265.59375|400|42550||||76ce65|SIA516|X|X|0|0|7||||132|51|132|51|[]|636148150656090000|13:57:45:609
21|2.1|636147907636751326|76ce65|50270.40625|5.2037429763152|102.697920707647||||50270.3984375|400|42550||||76ce65|SIA516|X|X|0|0|7||||132|51|132|51|[]|636148150704060000|13:57:50:406
21|2.1|636147907686206271|76ce65|50275.34375|5.2139782859069|102.693908122964||||50275.3359375|400|42550||||76ce65|SIA516|X|X|0|0|7||||132|51|132|51|[]|636148150753440000|13:57:55:344
21|2.1|636147907726300280|76ce65|50279.3671875|5.2222180319933|102.690646556805||||50279.359375|400|42550||||76ce65|SIA516|X|X|0|0|7||||132|51|132|51|[]|636148150793670000|13:57:59:367
21|2.1|636147907766704320|76ce65|50283.3984375|5.2304577780797|102.687342075302||||50283.3828125|400|42550||||76ce65|SIA516|X|X|0|0|7||||132|51|132|51|[]|636148150833980000|13:58:03:398
21|2.1|636147907814439093|76ce65|50288.1796875|5.2402853919015|102.683479694324||||50288.1640625|400|42550||||76ce65|SIA516|X|X|0|0|7||||132|51|132|51|[]|636148150881800000|13:58:08:180
21|2.1|636147907861243773|76ce65|50292.859375|5.2481603575622|102.680368331869||||50292.859375|400|42550||||76ce65|SIA516|X|X|0|0|7||||132|51|132|51|[]|636148150928590000|13:58:12:859
21|2.1|636147907908198468|76ce65|50297.546875|5.2576017332862|102.676613239252||||50297.5390625|400|42550||||76ce65|SIA516|X|X|0|0|7||||132|51|132|51|[]|636148150975470000|13:58:17:547
21|2.1|636147907953603008|76ce65|50302.09375|5.2670216513381|102.672879604306||||50302.0859375|400|42550||||76ce65|SIA516|X|X|0|0|7||||132|51|132|51|[]|636148151020940000|13:58:22:094
21|2.1|636147908001017749|76ce65|50306.8359375|5.2768278074878|102.668952850312||||50306.8359375|400|42550||||76ce65|SIA516|X|X|0|0|7||||132|51|132|51|[]|636148151068360000|13:58:26:836
21|2.1|636147908049542601|76ce65|50311.6875|5.2866768789817|102.66504755399||||50311.671875|400|42550||||76ce65|SIA516|X|X|0|0|7||||132|51|132|51|[]|636148151116880000|13:58:31:688
21|2.1|636147908099777624|76ce65|50316.7109375|5.294895167396|102.661743072486||||50316.6953125|400|42550||||76ce65|SIA516|X|X|0|0|7||||132|51|132|51|[]|636148151167110000|13:58:36:711
21|2.1|636147908148142460|76ce65|50321.5390625|5.3046798658736|102.657816318492||||50321.5390625|400|42550||||76ce65|SIA516|X|X|0|0|7||||132|51|132|51|[]|636148151215390000|13:58:41:539
21|2.1|636147908194787124|76ce65|50326.21875|5.3140783262534|102.654061225875||||50326.203125|400|42550||||76ce65|SIA516|X|X|0|0|7||||132|51|132|51|[]|636148151262190000|13:58:46:219
21|2.1|636147908236131258|76ce65|50330.34375|5.3227257681097|102.650606540667||||50330.3359375|400|42550||||76ce65|SIA516|X|X|0|0|7||||132|51|132|51|[]|636148151303440000|13:58:50:344
21|2.1|636147908278085453|76ce65|50334.5390625|5.3313517522939|102.647173313131||||50334.5390625|400|42550||||76ce65|SIA516|X|X|0|0|7||||132|51|132|51|[]|636148151345390000|13:58:54:539
21|2.1|636147908318649509|76ce65|50338.59375|5.3395914983803|102.643868831627||||50338.59375|400|42550||||76ce65|SIA516|X|X||0|7||||132|51|132|51|[]|636148151385940000|13:58:58:594
21|2.1|636147908363113955|76ce65|50343.03125|5.3462648344034|102.641208080287||||50343.0234375|400|42550||||76ce65|SIA516|X|X|0|0|7||||132|51|132|51|[]|636148151430310000|13:59:03:031
21|2.1|636147908408038447|76ce65|50347.5390625|5.3556847524553|102.637410072325||||50347.5234375|400|42550||||76ce65|SIA516|X|X||0|7||||132|51|132|51|[]|636148151475390000|13:59:07:539
21|2.1|636147908456553298|76ce65|50352.390625|5.3654694509329|102.633461860659||||50352.375|400|42550||||76ce65|SIA516|X|X||0|7||||132|51|132|51|[]|636148151523910000|13:59:12:391
21|2.1|636147908497897432|76ce65|50356.515625|5.3740954351171|102.630050090795||||50356.5078125|400|42550||||76ce65|SIA516|X|X||0|7||||132|51|132|51|[]|636148151565160000|13:59:16:516
21|2.1|636147908543922034|76ce65|50361.1171875|5.3835368108411|102.626273540505||||50361.1171875|400|42550||||76ce65|SIA516|X|X||0|7||||132|51|132|51|[]|636148151611170000|13:59:21:117
21|2.1|636147908592286870|76ce65|50365.96875|5.3913903188297|102.623140720379||||50365.953125|399.75|42525||||76ce65|SIA516|X|X||0|7||||132|51|132|51|[]|636148151659690000|13:59:25:969
21|2.1|636147908642531894|76ce65|50370.9765625|5.4016041707493|102.61906376268||||50370.9765625|400|42550||||76ce65|SIA516|X|X||0|7||||132|51|132|51|[]|636148151709770000|13:59:30:977
21|2.1|636147908682455886|76ce65|50374.9765625|5.4098439168357|102.615759281176||||50374.9765625|400|42550||||76ce65|SIA516|X|X||0|7||||132|51|132|51|[]|636148151749770000|13:59:34:977
21|2.1|636147908723009941|76ce65|50379.03125|5.4181265782663|102.612454799673||||50379.0234375|400|42550||||76ce65|SIA516|X|X||0|7||||132|51|132|51|[]|636148151790310000|13:59:39:031
21|2.1|636147908772934933|76ce65|50384.03125|5.4283189725138|102.608377841974||||50384.0234375|400|42550||||76ce65|SIA516|X|X||0|7||||132|51|132|51|[]|636148151840310000|13:59:44:031
21|2.1|636147908821919831|76ce65|50388.9140625|5.4365801762723|102.605051902798||||50388.9140625|400|42550||||76ce65|SIA516|X|X|0|0|7||||132|51|132|51|[]|636148151889140000|13:59:48:914
21|2.1|636147908879955634|76ce65|50394.7265625|5.4483818959273|102.600331214936||||50394.71875|400|42550||||76ce65|SIA516|X|X|0|0|7||||132|51|132|51|[]|636148151947270000|13:59:54:727
21|2.1|636147908927690407|76ce65|50399.5078125|5.4582524250933|102.59638300327||||50399.5078125|400|42550||||76ce65|SIA516|X|X|0|0|7||||132|51|132|51|[]|636148151995080000|13:59:59:508
21|2.1|636147908977615399|76ce65|50404.5|5.468487734685|102.592327503243||||50404.4921875|400|42550||||76ce65|SIA516|X|X|0|0|7||||132|51|132|51|[]|636148152045000000|14:00:04:500
21|2.1|636147909026450282|76ce65|50409.3671875|5.4783368061789|102.588379291577||||50409.359375|400|42550||||76ce65|SIA516|X|X|0|0|7||||132|51|132|51|[]|636148152093670000|14:00:09:367
21|2.1|636147909075125149|76ce65|50414.25|5.4862117718396|102.585203556106||||50414.234375|400|42525||||76ce65|SIA516|X|X|0|0|7||||132|51|132|51|[]|636148152142500000|14:00:14:250
21|2.1|636147909124420078|76ce65|50419.171875|5.4964685391034|102.581148056079||||50419.1640625|400|42550||||76ce65|SIA516|X|X|0|0|7||||132|51|132|51|[]|636148152191720000|14:00:19:172
21|2.1|636147909174345070|76ce65|50424.171875|5.5067682217114|102.577028183036||||50424.1640625|400|42550||||76ce65|SIA516|X|X|0|0|7||||132|51|132|51|[]|636148152241720000|14:00:24:172
21|2.1|636147909215999235|76ce65|50428.3359375|5.5154156635677|102.573573497828||||50428.3359375|400|42550||||76ce65|SIA516|X|X|0|0|7||||132|51|132|51|[]|636148152283360000|14:00:28:336
21|2.1|636147909256713306|76ce65|50432.40625|5.5237412403425|102.570247558652||||50432.40625|400|42525||||76ce65|SIA516|X|X|0|0|7||||132|51|132|51|[]|636148152324060000|14:00:32:406
21|2.1|636147909303207955|76ce65|50437.0546875|5.5316591213474|102.567071823181||||50437.0546875|400|42550||||76ce65|SIA516|X|X|0|0|7||||132|51|132|51|[]|636148152370550000|14:00:37:055
21|2.1|636147909349842618|76ce65|50441.7109375|5.5411434124156|102.563295272892||||50441.703125|400|42550||||76ce65|SIA516|X|X|0|0|7||||132|51|132|51|[]|636148152417110000|14:00:41:711
21|2.1|636147909391026736|76ce65|50445.8359375|5.5494689891904|102.559926418372||||50445.8359375|400|42550||||76ce65|SIA516|X|X|0|0|7||||132|51|132|51|[]|636148152458360000|14:00:45:836
21|2.1|636147909446872320|76ce65|50451.421875|5.5609488437639|102.555377391887||||50451.40625|400|42550||||76ce65|SIA516|X|X|0|0|7||||132|51|132|51|[]|636148152514220000|14:00:51:422
21|2.1|636147909495397172|76ce65|50456.28125|5.571269984044|102.551257518844||||50456.265625|400|42550||||76ce65|SIA516|X|X|0|0|7||||132|51|132|51|[]|636148152562810000|14:00:56:281
21|2.1|636147909542361868|76ce65|50460.9609375|5.5788016269511|102.548210529405||||50460.953125|400|42550||||76ce65|SIA516|X|X|0|0|7||||132|51|132|51|[]|636148152609610000|14:01:00:961
21|2.1|636147909586656297|76ce65|50465.390625|5.5879211375936|102.544562725148||||50465.3828125|400|42550||||76ce65|SIA516|X|X|0|0|7||||132|51|132|51|[]|636148152653910000|14:01:05:391
21|2.1|636147909630650696|76ce65|50469.7890625|5.5970406482361|102.540893463219||||50469.78125|400|42550||||76ce65|SIA516|X|X|0|0|7||||132|51|132|51|[]|636148152697890000|14:01:09:789
21|2.1|636147909671684799|76ce65|50473.8984375|5.605816836125|102.537438778011||||50473.8984375|400|42550||||76ce65|SIA516|X|X|0|0|7||||132|51|132|51|[]|636148152738980000|14:01:13:898
21|2.1|636147909714899120|76ce65|50478.21875|5.6145715663418|102.533919719787||||50478.2109375|400|42550||||76ce65|SIA516|X|X|0|0|7||||132|51|132|51|[]|636148152782190000|14:01:18:219
21|2.1|636147909759673597|76ce65|50482.6953125|5.6241631457705|102.530100254153||||50482.6953125|400|42550||||76ce65|SIA516|X|X|0|0|7||||132|51|132|51|[]|636148152826950000|14:01:22:695
21|2.1|636147909803517981|76ce65|50487.078125|5.6309652278262|102.527353672124||||50487.078125|400|42550||||76ce65|SIA516|X|X|0|0|7||||132|51|132|51|[]|636148152870780000|14:01:27:078
21|2.1|636147909844392068|76ce65|50491.171875|5.6393766352894|102.523984817604||||50491.1640625|400|42550||||76ce65|SIA516|X|X|0|0|7||||132|51|132|51|[]|636148152911720000|14:01:31:172
21|2.1|636147909887906419|76ce65|50495.53125|5.6486463496366|102.520294098003||||50495.5234375|400|42550||||76ce65|SIA516|X|X|0|0|7||||132|51|132|51|[]|636148152955310000|14:01:35:531
21|2.1|636147909928940522|76ce65|50499.6171875|5.6571221301161|102.516925243484||||50499.6171875|400|42550||||76ce65|SIA516|X|X|0|0|7||||132|51|132|51|[]|636148152996170000|14:01:39:617
21|2.1|636147909971524780|76ce65|50503.875|5.6663918444633|102.513191608538||||50503.875|400|42550||||76ce65|SIA516|X|X|0|0|7||||132|51|132|51|[]|636148153038750000|14:01:43:875
21|2.1|636147910016769304|76ce65|50508.40625|5.6736445376331|102.510294822805||||50508.40625|400|42550||||76ce65|SIA516|X|X|0|0|7||||132|51|132|51|[]|636148153084060000|14:01:48:406
21|2.1|636147910067624389|76ce65|50513.4921875|5.6845879504041|102.505938915368||||50513.484375|400|42550||||76ce65|SIA516|X|X|0|0|7||||132|51|132|51|[]|636148153134920000|14:01:53:492
21|2.1|636147910110528679|76ce65|50517.78125|5.6935357996698|102.502355484128||||50517.7734375|400|42550||||76ce65|SIA516|X|X|0|0|7||||132|51|132|51|[]|636148153177810000|14:01:57:781
21|2.1|636147910156703296|76ce65|50522.3984375|5.7032561251311|102.498471645478||||50522.3984375|400|42550||||76ce65|SIA516|X|X|0|0|7||||132|51|132|51|[]|636148153223980000|14:02:02:398
21|2.1|636147910197887414|76ce65|50526.515625|5.7122039743968|102.494845298893||||50526.515625|400|42550||||76ce65|SIA516|X|X|0|0|7||||132|51|132|51|[]|636148153265160000|14:02:06:516
21|2.1|636147910265904215|76ce65|50533.3203125|5.7244348474938|102.489974407326||||50533.3125|400|42550||||76ce65|SIA516|X|X|0|0|7||||132|51|132|51|[]|636148153333200000|14:02:13:320
21|2.1|636147910315679192|76ce65|50538.2890625|5.7350993105275|102.48572578825||||50538.28125|400|42550||||76ce65|SIA516|X|X||0|7||||132|51|132|51|[]|636148153382890000|14:02:18:289
21|2.1|636147910355613185|76ce65|50542.296875|5.7436609216954|102.482271103042||||50542.296875|400|42550||||76ce65|SIA516|X|X|0|0|7||||132|51|132|51|[]|636148153422970000|14:02:22:297
21|2.1|636147910411628786|76ce65|50547.8984375|5.7555270143667|102.477528957508||||50547.8984375|400|42550||||76ce65|SIA516|X|X|0|0|7||||132|51|132|51|[]|636148153478980000|14:02:27:898
21|2.1|636147910460443667|76ce65|50552.765625|5.7657837816305|102.473409084465||||50552.765625|400|42550||||76ce65|SIA516|X|X||0|7||||132|51|132|51|[]|636148153527660000|14:02:32:766
21|2.1|636147910509118534|76ce65|50557.640625|5.7739591547006|102.470147518306||||50557.6328125|400|42550||||76ce65|SIA516|X|X||0|7||||132|51|132|51|[]|636148153576410000|14:02:37:641
21|2.1|636147910557483370|76ce65|50562.4765625|5.7846236177343|102.46589889923||||50562.4765625|400|42550||||76ce65|SIA516|X|X|0|0|7||||132|51|132|51|[]|636148153624770000|14:02:42:477
21|2.1|636147910601947816|76ce65|50566.9296875|5.7940435357862|102.46212234894||||50566.921875|400|42550||||76ce65|SIA516|X|X|0|0|7||||132|51|132|51|[]|636148153669300000|14:02:46:930
21|2.1|636147910642821903|76ce65|50571.0078125|5.8026480622983|102.458689121404||||50571|400|42550||||76ce65|SIA516|X|X|0|0|7||||132|51|132|51|[]|636148153710080000|14:02:51:008
21|2.1|636147910685716192|76ce65|50575.296875|5.8120894380223|102.454912571115||||50575.296875|400|42550||||76ce65|SIA516|X|X|0|0|7||||132|51|132|51|[]|636148153752970000|14:02:55:297
21|2.1|636147910725660186|76ce65|50579.296875|5.8206939645344|102.451457885906||||50579.296875|400|42550||||76ce65|SIA516|X|X|0|0|7||||132|51|132|51|[]|636148153792970000|14:02:59:297
21|2.1|636147910770274647|76ce65|50583.7578125|5.828118319081|102.448539642501||||50583.7578125|400|42550||||76ce65|SIA516|X|X|0|0|7||||132|51|132|51|[]|636148153837580000|14:03:03:758
21|2.1|636147910815359155|76ce65|50588.2578125|5.8379244752307|102.444569973162||||50588.2578125|400|42550||||76ce65|SIA516|X|X|0|0|7||||132|51|132|51|[]|636148153882580000|14:03:08:258
21|2.1|636147910857013320|76ce65|50592.4296875|5.8460783906287|102.441308407003||||50592.421875|400|42550||||76ce65|SIA516|X|X|0|0|7||||132|51|132|51|[]|636148153924300000|14:03:12:430
21|2.1|636147910901157734|76ce65|50596.8359375|5.8554768510085|102.437574772058||||50596.8359375|400|42550||||76ce65|SIA516|X|X|0|0|7||||132|51|132|51|[]|636148153968360000|14:03:16:836
21|2.1|636147910941271745|76ce65|50600.859375|5.8644461579463|102.433969883145||||50600.8515625|400|42550||||76ce65|SIA516|X|X|0|0|7||||132|51|132|51|[]|636148154008590000|14:03:20:859
21|2.1|636147910985406158|76ce65|50605.25|5.8713984437067|102.431180385772||||50605.2421875|400|42550||||76ce65|SIA516|X|X|0|0|7||||132|51|132|51|[]|636148154052500000|14:03:25:250
21|2.1|636147911025650182|76ce65|50609.296875|5.8803462929724|102.427575496859||||50609.296875|400|42550||||76ce65|SIA516|X|X|0|0|7||||132|51|132|51|[]|636148154092970000|14:03:29:297
21|2.1|636147911069184535|76ce65|50613.640625|5.889272684566|102.424013523291||||50613.6328125|400|42550||||76ce65|SIA516|X|X||0|7||||132|51|132|51|[]|636148154136410000|14:03:33:641
21|2.1|636147911109438560|76ce65|50617.671875|5.8981990761596|102.420408634378||||50617.6640625|400|42575||||76ce65|SIA516|X|X||0|7||||132|51|132|51|[]|636148154176720000|14:03:37:672
21|2.1|636147911149522568|76ce65|50621.6796875|5.9067177719833|102.417018322186||||50621.671875|400|42575||||76ce65|SIA516|X|X|0|0|7||||132|51|132|51|[]|636148154216800000|14:03:41:680
21|2.1|636147911193206936|76ce65|50626.046875|5.9152150101349|102.413649467666||||50626.046875|400|42550||||76ce65|SIA516|X|X|0|0|7||||132|51|132|51|[]|636148154260470000|14:03:46:047
21|2.1|636147911234081023|76ce65|50630.1328125|5.9220385498627|102.410881427965||||50630.125|400|42550||||76ce65|SIA516|X|X|0|0|7||||132|51|132|51|[]|636148154301330000|14:03:50:133
21|2.1|636147911279945609|76ce65|50634.6015625|5.9312868065378|102.407190708364||||50634.59375|400|42575||||76ce65|SIA516|X|X|0|0|7||||132|51|132|51|[]|636148154346020000|14:03:54:602
21|2.1|636147911322379852|76ce65|50638.9609375|5.9404921478687|102.403521446435||||50638.953125|400|42550||||76ce65|SIA516|X|X|0|0|7||||132|51|132|51|[]|636148154389610000|14:03:58:961
21|2.1|636147911363884002|76ce65|50643.109375|5.9492897934297|102.399959472866||||50643.1015625|400|42550||||76ce65|SIA516|X|X|0|0|7||||132|51|132|51|[]|636148154431090000|14:04:03:109
21|2.1|636147911363884002|76ce65|50643.109375|5.9492897934297|102.399959472866||||50643.1015625|400|42575||||76ce65|SIA516|X|X|0|0|7||||132|83|132|83|[]|636148154431090000|14:04:03:109
21|2.1|636147911405838197|76ce65|50647.3125|5.9580659813186|102.396440414642||||50647.3046875|400|42550||||76ce65|SIA516|X|X|0|0|7||||132|51|132|51|[]|636148154473130000|14:04:07:313
21|2.1|636147911405838197|76ce65|50647.3125|5.9580659813186|102.396440414642||||50647.3046875|400|42550||||76ce65|SIA516|X|X|0|0|7||||132|83|132|83|[]|636148154473130000|14:04:07:313
21|2.1|636147911449832596|76ce65|50651.703125|5.9652543014721|102.393608001925||||50651.6953125|400.25|42575||||76ce65|SIA516|X|X|0|0|7||||132|51|132|51|[]|636148154517030000|14:04:11:703
21|2.1|636147911454983111|76ce65|50652.21875|5.9660267776677|102.393286136843||||50652.2109375|400.25|42575||||76ce65|SIA516|X|X|0|0|7||||132|83|132|83|[]|636148154522190000|14:04:12:219
21|2.1|636147911489926605|76ce65|50655.71875|5.9735798782469|102.390196232061||||50655.7109375|400|42550||||76ce65|SIA516|X|X|0|0|7||||132|51|132|51|[]|636148154557190000|14:04:15:719
21|2.1|636147911495227135|76ce65|50656.2421875|5.9748029655566|102.389745620947||||50656.234375|400|42550||||76ce65|SIA516|X|X|0|0|7||||132|83|132|83|[]|636148154562420000|14:04:16:242
21|2.1|636147911535011113|76ce65|50660.2265625|5.9827423042336|102.386526970132||||50660.2265625|400|42550||||76ce65|SIA516|X|X|0|0|7||||132|51|132|51|[]|636148154602270000|14:04:20:227
21|2.1|636147911545462158|76ce65|50661.2578125|5.9851241058367|102.385604290232||||50661.2578125|400|42550||||76ce65|SIA516|X|X|0|0|7||||132|83|132|83|[]|636148154612580000|14:04:21:258
21|2.1|636147911575725184|76ce65|50664.296875|5.9910893386805|102.383201030956||||50664.296875|400|42550||||76ce65|SIA516|X|X|0|0|7||||132|51|132|51|[]|636148154642970000|14:04:24:297
21|2.1|636147911596487260|76ce65|50666.3671875|5.9955096191331|102.381441501844||||50666.3671875|400|42550||||76ce65|SIA516|X|X||0|7||||132|83|132|83|[]|636148154663670000|14:04:26:367
21|2.1|636147911620189630|76ce65|50668.75|6.0002517646672|102.379553226699||||50668.7421875|400|42550||||76ce65|SIA516|X|X|0|0|7||||132|51|132|51|[]|636148154687500000|14:04:28:750
21|2.1|636147911636571268|76ce65|50670.3828125|6.0038351959079|102.378137020341||||50670.375|399.75|42525||||76ce65|SIA516|X|X||0|7||||132|83|132|83|[]|636148154703830000|14:04:30:383
21|2.1|636147911665444155|76ce65|50673.28125|6.0098433440959|102.375733761066||||50673.2734375|400|42550||||76ce65|SIA516|X|X|0|0|7||||132|51|132|51|[]|636148154732810000|14:04:33:281
21|2.1|636147911685246135|76ce65|50675.2421875|6.0138130134344|102.374167351002||||50675.234375|400|42550||||76ce65|SIA516|X|X|0|0|7||||132|83|132|83|[]|636148154752420000|14:04:35:242
21|2.1|636147911709118522|76ce65|50677.6328125|6.0166025108074|102.373030094381||||50677.625|400|42550||||76ce65|SIA516|X|X|0|0|7||||132|51|132|51|[]|636148154776330000|14:04:37:633
21|2.1|636147911732710881|76ce65|50679.9921875|6.0217738097835|102.370991615531||||50679.984375|399.75|42525||||76ce65|SIA516|X|X|0|0|7||||132|83|132|83|[]|636148154799920000|14:04:39:992
21|2.1|636147911750302640|76ce65|50681.7578125|6.0253572410242|102.369532493829||||50681.75|400|42550||||76ce65|SIA516|X|X|0|0|7||||132|51|132|51|[]|636148154817580000|14:04:41:758
21|2.1|636147911792426852|76ce65|50685.96875|6.0340905135689|102.366056350948||||50685.9609375|400|42550||||76ce65|SIA516|X|X|0|0|7||||132|51|132|51|[]|636148154859690000|14:04:45:969
21|2.1|636147911818939503|76ce65|50688.609375|6.0392832702171|102.363953499083||||50688.6015625|400|42550||||76ce65|SIA516|X|X|0|0|7||||132|83|132|83|[]|636148154886090000|14:04:48:609
21|2.1|636147911837351344|76ce65|50690.46875|6.0436606353255|102.362215427643||||50690.4609375|400|42550||||76ce65|SIA516|X|X|0|0|7||||132|51|132|51|[]|636148154904690000|14:04:50:469
21|2.1|636147911866524261|76ce65|50693.3671875|6.0492610877436|102.359983829744||||50693.3671875|400|42550||||76ce65|SIA516|X|X|0|0|7||||132|83|132|83|[]|636148154933670000|14:04:53:367
21|2.1|636147911880875696|76ce65|50694.8203125|6.0524368232144|102.35871782709||||50694.8125|400|42550||||76ce65|SIA516|X|X|0|0|7||||132|51|132|51|[]|636148154948200000|14:04:54:820
21|2.1|636147911906458254|76ce65|50697.3671875|6.0575866645184|102.356636432897||||50697.3671875|400|42550||||76ce65|SIA516|X|X||0|7||||132|83|132|83|[]|636148154973670000|14:04:57:367
21|2.1|636147911925030111|76ce65|50699.2265625|6.0615563338569|102.355027107489||||50699.2265625|400|42550||||76ce65|SIA516|X|X|0|0|7||||132|51|132|51|[]|636148154992270000|14:04:59:227
21|2.1|636147911953742982|76ce65|50702.09375|6.0655474608675|102.353482155098||||50702.0859375|400|42550||||76ce65|SIA516|X|X|0|0|7||||132|83|132|83|[]|636148155020940000|14:05:02:094
21|2.1|636147911969174525|76ce65|50703.6484375|6.0687446540104|102.352194694772||||50703.640625|400|42550||||76ce65|SIA516|X|X|0|0|7||||132|51|132|51|[]|636148155036480000|14:05:03:648
21|2.1|636147912009738581|76ce65|50707.703125|6.0770916884573|102.348825840252||||50707.6953125|400|42550||||76ce65|SIA516|X|X|0|0|7||||132|51|132|51|[]|636148155077030000|14:05:07:703
21|2.1|636147912013798987|76ce65|50708.1015625|6.0782718604228|102.348353771466||||50708.09375|400|42550||||76ce65|SIA516|X|X||0|7||||132|83|132|83|[]|636148155081020000|14:05:08:102
21|2.1|636147912051852792|76ce65|50711.921875|6.085824961002|102.3453282397||||50711.9140625|400|42550||||76ce65|SIA516|X|X|0|0|7||||132|51|132|51|[]|636148155119220000|14:05:11:922
21|2.1|636147912062943901|76ce65|50713.0078125|6.0882067626051|102.344341186783||||50713.0078125|400|42550||||76ce65|SIA516|X|X||0|7||||132|83|132|83|[]|636148155130080000|14:05:13:008
21|2.1|636147912092886895|76ce65|50716.0234375|6.094193453121|102.34195938518||||50716.015625|400|42550||||76ce65|SIA516|X|X|0|0|7||||132|51|132|51|[]|636148155160230000|14:05:16:023
21|2.1|636147912135321138|76ce65|50720.2578125|6.1033344214356|102.338311580923||||50720.25|400|42550||||76ce65|SIA516|X|X|0|0|7||||132|51|132|51|[]|636148155202580000|14:05:20:258
21|2.1|636147912152162822|76ce65|50721.9296875|6.1064886992343|102.337024120597||||50721.921875|400|42550||||76ce65|SIA516|X|X||0|7||||132|83|132|83|[]|636148155219300000|14:05:21:930
21|2.1|636147912177285334|76ce65|50724.453125|6.1100506728029|102.335607914239||||50724.4453125|400|42550||||76ce65|SIA516|X|X|0|0|7||||132|51|132|51|[]|636148155244530000|14:05:24:453
21|2.1|636147912196317237|76ce65|50726.3515625|6.1136555617157|102.33419170788||||50726.34375|400|42550||||76ce65|SIA516|X|X|0|0|7||||132|83|132|83|[]|636148155263520000|14:05:26:352
21|2.1|636147912232210826|76ce65|50729.953125|6.1212086622949|102.331166176114||||50729.9453125|400|42550||||76ce65|SIA516|X|X|0|0|7||||132|51|132|51|[]|636148155299530000|14:05:29:953
21|2.1|636147912241711776|76ce65|50730.890625|6.1231827681281|102.330393699918||||50730.8828125|400|42550||||76ce65|SIA516|X|X|0|0|7||||132|83|132|83|[]|636148155308910000|14:05:30:891
21|2.1|636147912275565161|76ce65|50734.2890625|6.1303281729374|102.327518371857||||50734.2734375|400|42550||||76ce65|SIA516|X|X|0|0|7||||132|51|132|51|[]|636148155342890000|14:05:34:289
21|2.1|636147912291006705|76ce65|50735.8203125|6.1330747549662|102.326381115236||||50735.8125|400|42550||||76ce65|SIA516|X|X|0|0|7||||132|83|132|83|[]|636148155358200000|14:05:35:820
21|2.1|636147912319879592|76ce65|50738.71875|6.1394476835799|102.3238705676||||50738.7109375|400|42550||||76ce65|SIA516|X|X|0|0|7||||132|51|132|51|[]|636148155387190000|14:05:38:719
21|2.1|636147912331420746|76ce65|50739.859375|6.141829485183|102.322926430027||||50739.8515625|400|42550||||76ce65|SIA516|X|X|0|0|7||||132|83|132|83|[]|636148155398590000|14:05:39:859
21|2.1|636147912361373741|76ce65|50742.8515625|6.1477303450105|102.320458797736||||50742.84375|400|42550||||76ce65|SIA516|X|X|0|0|7||||132|51|132|51|[]|636148155428520000|14:05:42:852
21|2.1|636147912381965800|76ce65|50744.9140625|6.1520647947747|102.31865635328||||50744.90625|400|42550||||76ce65|SIA516|X|X|0|0|7||||132|83|132|83|[]|636148155449140000|14:05:44:914
21|2.1|636147912401487752|76ce65|50746.8828125|6.1563777868668|102.316789535807||||50746.875|400|42550||||76ce65|SIA516|X|X|0|0|7||||132|51|132|51|[]|636148155468830000|14:05:46:883
21|2.1|636147912422059809|76ce65|50748.921875|6.1583304350279|102.315952686595||||50748.9140625|400|42550||||76ce65|SIA516|X|X|0|0|7||||132|83|132|83|[]|636148155489220000|14:05:48:922
21|2.1|636147912442181821|76ce65|50750.9375|6.1622357313501|102.314193157483||||50750.9296875|400|42550||||76ce65|SIA516|X|X|0|0|7||||132|51|132|51|[]|636148155509380000|14:05:50:938
21|2.1|636147912471194722|76ce65|50753.828125|6.1680936758334|102.311532406142||||50753.8203125|400|42550||||76ce65|SIA516|X|X|0|0|7||||132|83|132|83|[]|636148155538280000|14:05:53:828
21|2.1|636147912491016704|76ce65|50755.8203125|6.1719345991393|102.309708504014||||50755.8125|400|42550||||76ce65|SIA516|X|X|0|0|7||||132|51|132|51|[]|636148155558200000|14:05:55:820
21|2.1|636147912519249527|76ce65|50758.640625|6.1777067129342|102.306919006641||||50758.6328125|400|42550||||76ce65|SIA516|X|X||0|7||||132|83|132|83|[]|636148155586410000|14:05:58:641
21|2.1|636147912534691071|76ce65|50760.1875|6.1807751600445|102.305395511922||||50760.1796875|400|42550||||76ce65|SIA516|X|X|0|0|7||||132|51|132|51|[]|636148155601880000|14:06:00:188
21|2.1|636147912567454347|76ce65|50763.4609375|6.1876845304607|102.301940826714||||50763.453125|400|42550||||76ce65|SIA516|X|X||0|7||||132|83|132|83|[]|636148155634610000|14:06:03:461
21|2.1|636147912576505252|76ce65|50764.3828125|6.1891651098356|102.30118980819||||50764.375|400|42550||||76ce65|SIA516|X|X|0|0|7||||132|51|132|51|[]|636148155643830000|14:06:04:383
21|2.1|636147912620969698|76ce65|50768.828125|6.1979198400524|102.296640781705||||50768.8203125|400|42550||||76ce65|SIA516|X|X|0|0|7||||132|51|132|51|[]|636148155688280000|14:06:08:828
21|2.1|636147912656223223|76ce65|50772.34375|6.2032198850611|102.293851284332||||50772.3359375|400|42550||||76ce65|SIA516|X|X|0|0|7||||132|83|132|83|[]|636148155723440000|14:06:12:344
21|2.1|636147912661373738|76ce65|50772.859375|6.2043356840103|102.293229011841||||50772.8515625|400|42525||||76ce65|SIA516|X|X|0|0|7||||132|51|132|51|[]|636148155728590000|14:06:12:859
21|2.1|636147912704278028|76ce65|50777.1484375|6.2126827184572|102.288916019749||||50777.140625|400|42550||||76ce65|SIA516|X|X|0|0|7||||132|51|132|51|[]|636148155771480000|14:06:17:148
21|2.1|636147912704278028|76ce65|50777.1484375|6.2126827184572|102.288916019749||||50777.140625|400|42550||||76ce65|SIA516|X|X|0|0|7||||132|83|132|83|[]|636148155771480000|14:06:17:148
21|2.1|636147912745302130|76ce65|50781.25|6.2206435148063|102.284753231362||||50781.2421875|400|42550||||76ce65|SIA516|X|X|0|0|7||||132|51|132|51|[]|636148155812500000|14:06:21:250
21|2.1|636147912776655265|76ce65|50784.3828125|6.2267374936827|102.281620411235||||50784.375|400|42550||||76ce65|SIA516|X|X|0|0|7||||132|83|132|83|[]|636148155843830000|14:06:24:383
21|2.1|636147912786636263|76ce65|50785.390625|6.2290120069253|102.280440239269||||50785.3828125|400|42550||||76ce65|SIA516|X|X|0|0|7||||132|51|132|51|[]|636148155853910000|14:06:25:391
21|2.1|636147912829390538|76ce65|50789.671875|6.2377667371421|102.275912670456||||50789.6640625|400|42550||||76ce65|SIA516|X|X|0|0|7||||132|51|132|51|[]|636148155896720000|14:06:29:672
21|2.1|636147912834691068|76ce65|50790.1796875|6.2384962979935|102.275504974686||||50790.171875|400|42550||||76ce65|SIA516|X|X|0|0|7||||132|83|132|83|[]|636148155901800000|14:06:30:180
21|2.1|636147912873694968|76ce65|50794.09375|6.2461352292611|102.271578220692||||50794.0859375|400|42550||||76ce65|SIA516|X|X|0|0|7||||132|51|132|51|[]|636148155940940000|14:06:34:094
21|2.1|636147912895067105|76ce65|50796.21875|6.2484312001758|102.270419506399||||50796.2109375|400|42550||||76ce65|SIA516|X|X|0|0|7||||132|83|132|83|[]|636148155962190000|14:06:36:219
21|2.1|636147912914099008|76ce65|50798.140625|6.2522292081375|102.268466858238||||50798.1328125|400|42550||||76ce65|SIA516|X|X|0|0|7||||132|51|132|51|[]|636148155981410000|14:06:38:141
21|2.1|636147912942181816|76ce65|50800.9296875|6.2579584065882|102.26552715716||||50800.921875|400|42550||||76ce65|SIA516|X|X||0|7||||132|83|132|83|[]|636148156009300000|14:06:40:930
21|2.1|636147912958713469|76ce65|50802.59375|6.2610268536985|102.263960747097||||50802.5859375|400|42550||||76ce65|SIA516|X|X|0|0|7||||132|51|132|51|[]|636148156025940000|14:06:42:594
21|2.1|636147913001157713|76ce65|50806.84375|6.2694168034896|102.25960483966||||50806.8359375|400|42550||||76ce65|SIA516|X|X|0|0|7||||132|51|132|51|[]|636148156068440000|14:06:46:844
21|2.1|636147913021279725|76ce65|50808.8515625|6.274008745319|102.257287411074||||50808.84375|400|42550||||76ce65|SIA516|X|X|0|0|7||||132|83|132|83|[]|636148156088520000|14:06:48:852
21|2.1|636147913045762173|76ce65|50811.296875|6.2786006871484|102.254927067143||||50811.296875|400|42550||||76ce65|SIA516|X|X||0|7||||132|51|132|51|[]|636148156112970000|14:06:51:297
21|2.1|636147913071814778|76ce65|50813.8984375|6.2839436475013|102.252180485114||||50813.890625|400|42550||||76ce65|SIA516|X|X||0|7||||132|83|132|83|[]|636148156138980000|14:06:53:898
21|2.1|636147913086486245|76ce65|50815.3828125|6.2866043988417|102.250828651771||||50815.375|400|42550||||76ce65|SIA516|X|X|0|0|7||||132|51|132|51|[]|636148156153830000|14:06:55:383
21|2.1|636147913119709567|76ce65|50818.6796875|6.2934923115858|102.247288135875||||50818.671875|400|42550||||76ce65|SIA516|X|X|0|0|7||||132|83|132|83|[]|636148156186800000|14:06:58:680
21|2.1|636147913128600456|76ce65|50819.59375|6.2931275311601|102.247481254924||||50819.5859375|400|42550||||76ce65|SIA516|X|X|0|0|7||||132|51|132|51|[]|636148156195940000|14:06:59:594
21|2.1|636147913169474543|76ce65|50823.671875|6.3015389386233|102.243189720504||||50823.6640625|400|42550||||76ce65|SIA516|X|X|0|0|7||||132|51|132|51|[]|636148156236720000|14:07:03:672
21|2.1|636147913169484544|76ce65|50823.671875|6.3015389386233|102.243189720504||||50823.6640625|400|42550||||76ce65|SIA516|X|X||0|7||||132|83|132|83|[]|636148156236720000|14:07:03:672
21|2.1|636147913212698865|76ce65|50827.9921875|6.3095426503166|102.239048389789||||50827.984375|400|42550||||76ce65|SIA516|X|X|0|0|7||||132|51|132|51|[]|636148156279920000|14:07:07:992
21|2.1|636147913217839379|76ce65|50828.4921875|6.3110876027078|102.238254455921||||50828.484375|400|42525||||76ce65|SIA516|X|X||0|7||||132|83|132|83|[]|636148156284920000|14:07:08:492
21|2.1|636147913255443139|76ce65|50832.2734375|6.3184046688939|102.23456373632||||50832.265625|400|42550||||76ce65|SIA516|X|X|0|0|7||||132|51|132|51|[]|636148156322730000|14:07:12:273
21|2.1|636147913264013996|76ce65|50833.1171875|6.3203144017108|102.233555225731||||50833.1171875|400|42550||||76ce65|SIA516|X|X||0|7||||132|83|132|83|[]|636148156331170000|14:07:13:117
21|2.1|636147913297557350|76ce65|50836.4765625|6.326794618685|102.230207828883||||50836.4765625|400|42550||||76ce65|SIA516|X|X|0|0|7||||132|51|132|51|[]|636148156364770000|14:07:16:477
21|2.1|636147913311128707|76ce65|50837.828125|6.3294982853696|102.228855995541||||50837.8203125|400|42550||||76ce65|SIA516|X|X||0|7||||132|83|132|83|[]|636148156378280000|14:07:17:828
21|2.1|636147913340771671|76ce65|50840.8125|6.3352489414924|102.225894836791||||50840.7890625|400|42550||||76ce65|SIA516|X|X|0|0|7||||132|51|132|51|[]|636148156408130000|14:07:20:813
21|2.1|636147913359963590|76ce65|50842.7109375|6.3394761028961|102.223706154237||||50842.703125|400|42550||||76ce65|SIA516|X|X||0|7||||132|83|132|83|[]|636148156427110000|14:07:22:711
21|2.1|636147913389136507|76ce65|50845.640625|6.3429307881042|102.221968082797||||50845.6328125|400|42550||||76ce65|SIA516|X|X|0|0|7||||132|51|132|51|[]|636148156456410000|14:07:25:641
21|2.1|636147913403027896|76ce65|50847.0078125|6.3456129971167|102.22057333411||||50847|400|42550||||76ce65|SIA516|X|X|0|0|7||||132|83|132|83|[]|636148156470080000|14:07:27:008
21|2.1|636147913435321125|76ce65|50850.2578125|6.3525223675329|102.217032818214||||50850.25|400|42525||||76ce65|SIA516|X|X|0|0|7||||132|51|132|51|[]|636148156502580000|14:07:30:258
21|2.1|636147913444362029|76ce65|50851.1484375|6.354045862252|102.216238884346||||50851.140625|400|42525||||76ce65|SIA516|X|X|0|0|7||||132|83|132|83|[]|636148156511480000|14:07:31:148
21|2.1|636147913479145507|76ce65|50854.640625|6.3609552326682|102.21269836845||||50854.6328125|400|42550||||76ce65|SIA516|X|X|0|0|7||||132|51|132|51|[]|636148156546410000|14:07:34:641
21|2.1|636147913494917084|76ce65|50856.2109375|6.3640236797785|102.211110500714||||50856.203125|400|42550||||76ce65|SIA516|X|X|0|0|7||||132|83|132|83|[]|636148156562110000|14:07:36:211
21|2.1|636147913519399532|76ce65|50858.671875|6.3694095554756|102.208321003341||||50858.6640625|400|42550||||76ce65|SIA516|X|X|0|0|7||||132|51|132|51|[]|636148156586720000|14:07:38:672
21|2.1|636147913561833775|76ce65|50862.9140625|6.3778853359551|102.203986553577||||50862.90625|400|42550||||76ce65|SIA516|X|X|0|0|7||||132|51|132|51|[]|636148156629140000|14:07:42:914
21|2.1|636147913561983790|76ce65|50862.9140625|6.3778853359551|102.203986553577||||50862.90625|400|42525||||76ce65|SIA516|X|X||0|7||||132|83|132|83|[]|636148156629140000|14:07:42:914
21|2.1|636147913602857877|76ce65|50867.0078125|6.3859963360089|102.199802307518||||50867|400|42525||||76ce65|SIA516|X|X|0|0|7||||132|51|132|51|[]|636148156670080000|14:07:47:008
21|2.1|636147913603017893|76ce65|50867.0078125|6.3859963360089|102.199802307518||||50867.0078125|400|42525||||76ce65|SIA516|X|X||0|7||||132|83|132|83|[]|636148156670080000|14:07:47:008
21|2.1|636147913646392230|76ce65|50871.359375|6.3929057064251|102.196261791621||||50871.3515625|400|42550||||76ce65|SIA516|X|X|0|0|7||||132|51|132|51|[]|636148156713590000|14:07:51:359
21|2.1|636147913652002791|76ce65|50871.921875|6.3940429630464|102.195682434474||||50871.9140625|400|42550||||76ce65|SIA516|X|X||0|7||||132|83|132|83|[]|636148156719220000|14:07:51:922
21|2.1|636147913686966287|76ce65|50875.421875|6.4006304683811|102.192313579955||||50875.4140625|400|42550||||76ce65|SIA516|X|X|0|0|7||||132|51|132|51|[]|636148156754220000|14:07:55:422
21|2.1|636147913702397830|76ce65|50876.9609375|6.4041066112613|102.190489677826||||50876.953125|400|42550||||76ce65|SIA516|X|X||0|7||||132|83|132|83|[]|636148156769610000|14:07:56:961
21|2.1|636147913727350325|76ce65|50879.4609375|6.4091277065327|102.187914757174||||50879.453125|400|42550||||76ce65|SIA516|X|X|0|0|7||||132|51|132|51|[]|636148156794610000|14:07:59:461
21|2.1|636147913743731963|76ce65|50881.09375|6.412625307085|102.186112312718||||50881.0859375|400|42550||||76ce65|SIA516|X|X|0|0|7||||132|83|132|83|[]|636148156810940000|14:08:01:094
21|2.1|636147913771974787|76ce65|50883.9140625|6.4180111827821|102.183365730689||||50883.90625|400|42525||||76ce65|SIA516|X|X|0|0|7||||132|51|132|51|[]|636148156839140000|14:08:03:914
21|2.1|636147913793496939|76ce65|50886.0625|6.4226460399557|102.180941013742||||50886.0546875|400|42550||||76ce65|SIA516|X|X|0|0|7||||132|83|132|83|[]|636148156860630000|14:08:06:063
21|2.1|636147913812698859|76ce65|50887.9921875|6.4261221828359|102.179202942302||||50887.984375|400|42550||||76ce65|SIA516|X|X|0|0|7||||132|51|132|51|[]|636148156879920000|14:08:07:992
21|2.1|636147913833910980|76ce65|50890.109375|6.4303922595838|102.176992802075||||50890.1015625|400|42550||||76ce65|SIA516|X|X||0|7||||132|83|132|83|[]|636148156901090000|14:08:10:109
21|2.1|636147913853092898|76ce65|50892.03125|6.4323019924007|102.175984291487||||50892.0234375|400|42550||||76ce65|SIA516|X|X|0|0|7||||132|51|132|51|[]|636148156920310000|14:08:12:031
21|2.1|636147913880545643|76ce65|50894.7734375|6.4377522411141|102.173237709458||||50894.765625|400|42525||||76ce65|SIA516|X|X|0|0|7||||132|83|132|83|[]|636148156947730000|14:08:14:773
21|2.1|636147913894447033|76ce65|50896.1640625|6.4408206882244|102.171649841722||||50896.15625|400|42550||||76ce65|SIA516|X|X|0|0|7||||132|51|132|51|[]|636148156961640000|14:08:16:164
21|2.1|636147913928290417|76ce65|50899.5546875|6.4474296512312|102.168259529531||||50899.546875|400|42550||||76ce65|SIA516|X|X|0|0|7||||132|83|132|83|[]|636148156995550000|14:08:19:555
21|2.1|636147913939831571|76ce65|50900.6875|6.4501333179158|102.166843323172||||50900.6796875|400|42550||||76ce65|SIA516|X|X|0|0|7||||132|51|132|51|[]|636148157006880000|14:08:20:688
21|2.1|636147913970404628|76ce65|50903.7578125|6.4559268893828|102.16386070675||||50903.75|400|42525||||76ce65|SIA516|X|X|0|0|7||||132|83|132|83|[]|636148157037580000|14:08:23:758
21|2.1|636147913984296017|76ce65|50905.1484375|6.4590382518373|102.162294296687||||50905.140625|400|42550||||76ce65|SIA516|X|X|0|0|7||||132|51|132|51|[]|636148157051480000|14:08:25:148
21|2.1|636147914020019589|76ce65|50908.71875|6.4660119952698|102.158689407774||||50908.7109375|400|42550||||76ce65|SIA516|X|X|0|0|7||||132|83|132|83|[]|636148157087190000|14:08:28:719
21|2.1|636147914028600447|76ce65|50909.59375|6.467556947661|102.157895473906||||50909.5859375|399.75|42525||||76ce65|SIA516|X|X|0|0|7||||132|51|132|51|[]|636148157095940000|14:08:29:594
21|2.1|636147914066504237|76ce65|50913.359375|6.4753460826333|102.15394726224||||50913.3515625|400|42550||||76ce65|SIA516|X|X|0|0|7||||132|83|132|83|[]|636148157133590000|14:08:33:359
21|2.1|636147914070724659|76ce65|50913.7890625|6.4761185588289|102.15353956647||||50913.78125|400|42550||||76ce65|SIA516|X|X|0|0|7||||132|51|132|51|[]|636148157137890000|14:08:33:789
21|2.1|636147914115809167|76ce65|50918.3125|6.4834785403592|102.149741558508||||50918.3046875|400|42550||||76ce65|SIA516|X|X|0|0|7||||132|51|132|51|[]|636148157183130000|14:08:38:313
21|2.1|636147914115959182|76ce65|50918.3125|6.4834785403592|102.149741558508||||50918.3046875|400|42550||||76ce65|SIA516|X|X|0|0|7||||132|83|132|83|[]|636148157183130000|14:08:38:313
21|2.1|636147914156363222|76ce65|50922.359375|6.4916109980851|102.145578770121||||50922.3515625|400|42550||||76ce65|SIA516|X|X|0|0|7||||132|51|132|51|[]|636148157223590000|14:08:42:359
21|2.1|636147914156523238|76ce65|50922.359375|6.4916109980851|102.145578770121||||50922.3515625|400|42550||||76ce65|SIA516|X|X||0|7||||132|83|132|83|[]|636148157223590000|14:08:42:359
21|2.1|636147914201777763|76ce65|50926.890625|6.5008807124323|102.140772251571||||50926.8828125|400|42550||||76ce65|SIA516|X|X|0|0|7||||132|83|132|83|[]|636148157268910000|14:08:46:891
21|2.1|636147914207378323|76ce65|50927.46875|6.5020394267257|102.140171436752||||50927.4609375|400|42550||||76ce65|SIA516|X|X|0|0|7||||132|51|132|51|[]|636148157274690000|14:08:47:469
21|2.1|636147914245132098|76ce65|50931.21875|6.509399408256|102.136394886462||||50931.2109375|400|42550||||76ce65|SIA516|X|X||0|7||||132|83|132|83|[]|636148157312190000|14:08:51:219
21|2.1|636147914249662551|76ce65|50931.6875|6.5105366648773|102.135794071643||||50931.6796875|400|42550||||76ce65|SIA516|X|X|0|0|7||||132|51|132|51|[]|636148157316880000|14:08:51:688
21|2.1|636147914289596544|76ce65|50935.6796875|6.5186905802753|102.131652740928||||50935.671875|400|42550||||76ce65|SIA516|X|X|0|0|7||||132|83|132|83|[]|636148157356800000|14:08:55:680
21|2.1|636147914295057090|76ce65|50936.234375|6.5194201411267|102.131223587486||||50936.21875|400|42550||||76ce65|SIA516|X|X|0|0|7||||132|51|132|51|[]|636148157362340000|14:08:56:234
21|2.1|636147914330630647|76ce65|50939.7734375|6.5248703898401|102.128434090113||||50939.765625|400|42550||||76ce65|SIA516|X|X|0|0|7||||132|83|132|83|[]|636148157397730000|14:08:59:773
21|2.1|636147914340611645|76ce65|50940.78125|6.5267586649849|102.127447037196||||50940.7734375|400|42550||||76ce65|SIA516|X|X|0|0|7||||132|51|132|51|[]|636148157407810000|14:09:00:781
21|2.1|636147914371814765|76ce65|50943.8984375|6.5333247126475|102.124078182677||||50943.890625|400|42550||||76ce65|SIA516|X|X||0|7||||132|83|132|83|[]|636148157438980000|14:09:03:898
21|2.1|636147914382885872|76ce65|50945.0078125|6.5352559031365|102.12309112976||||50945|400|42550||||76ce65|SIA516|X|X|0|0|7||||132|51|132|51|[]|636148157450080000|14:09:05:008
21|2.1|636147914414719055|76ce65|50948.1796875|6.541800493127|102.119743732913||||50948.171875|400|42550||||76ce65|SIA516|X|X||0|7||||132|83|132|83|[]|636148157481800000|14:09:08:180
21|2.1|636147914423139897|76ce65|50949.0390625|6.5433669031903|102.118949799045||||50949.03125|400|42550||||76ce65|SIA516|X|X|0|0|7||||132|51|132|51|[]|636148157490390000|14:09:09:039
21|2.1|636147914458243407|76ce65|50952.5390625|6.5503191889507|102.115366367804||||50952.53125|400|42550||||76ce65|SIA516|X|X||0|7||||132|83|132|83|[]|636148157525390000|14:09:12:539
21|2.1|636147914463233906|76ce65|50953.0546875|6.5514779032441|102.114744095313||||50953.0390625|400|42550||||76ce65|SIA516|X|X|0|0|7||||132|51|132|51|[]|636148157530550000|14:09:13:055
21|2.1|636147914499577540|76ce65|50956.671875|6.558752054086|102.111010460368||||50956.6640625|400|42550||||76ce65|SIA516|X|X|0|0|7||||132|83|132|83|[]|636148157566720000|14:09:16:672
21|2.1|636147914503637946|76ce65|50957.09375|6.5595459879537|102.110581306926||||50957.0859375|400.25|42575||||76ce65|SIA516|X|X|0|0|7||||132|51|132|51|[]|636148157570940000|14:09:17:094
21|2.1|636147914546862268|76ce65|50961.4140625|6.5680003107611|102.10622539949||||50961.3984375|400|42550||||76ce65|SIA516|X|X|0|0|7||||132|51|132|51|[]|636148157614140000|14:09:21:414
21|2.1|636147914547002282|76ce65|50961.4140625|6.5680003107611|102.10622539949||||50961.40625|400|42550||||76ce65|SIA516|X|X|0|0|7||||132|83|132|83|[]|636148157614140000|14:09:21:414
21|2.1|636147914587726354|76ce65|50965.5|6.5745234430795|102.10285654497||||50965.4921875|400|42550||||76ce65|SIA516|X|X|0|0|7||||132|51|132|51|[]|636148157655000000|14:09:25:500
21|2.1|636147914603477929|76ce65|50967.0625|6.5775918901898|102.101290134907||||50967.0546875|400|42550||||76ce65|SIA516|X|X||0|7||||132|83|132|83|[]|636148157670630000|14:09:27:063
21|2.1|636147914633130894|76ce65|50970.0390625|6.5833640039847|102.098307518485||||50970.03125|400|42550||||76ce65|SIA516|X|X|0|0|7||||132|51|132|51|[]|636148157700390000|14:09:30:039
21|2.1|636147914677115292|76ce65|50974.4296875|6.592226022562|102.093758491999||||50974.421875|400|42550||||76ce65|SIA516|X|X|0|0|7||||132|51|132|51|[]|636148157744300000|14:09:34:430
21|2.1|636147914682415822|76ce65|50974.953125|6.5933632791833|102.093200592525||||50974.9453125|400|42550||||76ce65|SIA516|X|X||0|7||||132|83|132|83|[]|636148157749530000|14:09:34:953
21|2.1|636147914721109691|76ce65|50978.84375|6.601452821565|102.089016346465||||50978.828125|400|42550||||76ce65|SIA516|X|X|0|0|7||||132|51|132|51|[]|636148157788440000|14:09:38:844
21|2.1|636147914731090689|76ce65|50979.8203125|6.6029763162841|102.088222412598||||50979.8125|400|42550||||76ce65|SIA516|X|X||0|7||||132|83|132|83|[]|636148157798200000|14:09:39:820
21|2.1|636147914761353715|76ce65|50982.8515625|6.6091132105047|102.085046677127||||50982.84375|400|42550||||76ce65|SIA516|X|X|0|0|7||||132|51|132|51|[]|636148157828520000|14:09:42:852
21|2.1|636147914781165696|76ce65|50984.828125|6.6129755914827|102.083072571294||||50984.8203125|400|42550||||76ce65|SIA516|X|X||0|7||||132|83|132|83|[]|636148157848280000|14:09:44:828
21|2.1|636147914805508130|76ce65|50987.28125|6.6183400095077|102.080304531593||||50987.2734375|400|42550||||76ce65|SIA516|X|X|0|0|7||||132|51|132|51|[]|636148157872810000|14:09:47:281
21|2.1|636147914828280407|76ce65|50989.5390625|6.6206574380945|102.079145817299||||50989.53125|400|42550||||76ce65|SIA516|X|X||0|7||||132|83|132|83|[]|636148157895390000|14:09:49:539
21|2.1|636147914847002279|76ce65|50991.421875|6.6244769037283|102.077150253794||||50991.4140625|400|42550||||76ce65|SIA516|X|X|0|0|7||||132|51|132|51|[]|636148157914220000|14:09:51:422
21|2.1|636147914890686647|76ce65|50995.7890625|6.6329526842078|102.07281580403||||50995.78125|400|42550||||76ce65|SIA516|X|X|0|0|7||||132|51|132|51|[]|636148157957890000|14:09:55:789
21|2.1|636147914896467225|76ce65|50996.359375|6.6344761789269|102.071978954818||||50996.3515625|400|42550||||76ce65|SIA516|X|X|0|0|7||||132|83|132|83|[]|636148157963590000|14:09:56:359
21|2.1|636147914931090687|76ce65|50999.828125|6.6409993112453|102.06863155797||||50999.8203125|400|42525||||76ce65|SIA516|X|X|0|0|7||||132|51|132|51|[]|636148157998280000|14:09:59:828
21|2.1|636147914944522030|76ce65|51001.1640625|6.6440677583556|102.067065147907||||51001.1484375|400|42525||||76ce65|SIA516|X|X|0|0|7||||132|83|132|83|[]|636148158011640000|14:10:01:164
21|2.1|636147914974144992|76ce65|51004.140625|6.6498398721505|102.064103989157||||51004.1328125|400|42550||||76ce65|SIA516|X|X|0|0|7||||132|51|132|51|[]|636148158041410000|14:10:04:141
21|2.1|636147914995527130|76ce65|51006.2734375|6.654453271652|102.061700729882||||51006.265625|400|42525||||76ce65|SIA516|X|X|0|0|7||||132|83|132|83|[]|636148158062730000|14:10:06:273
21|2.1|636147915015019079|76ce65|51008.234375|6.6579079568601|102.059919743098||||51008.21875|400|42525||||76ce65|SIA516|X|X|0|0|7||||132|51|132|51|[]|636148158082340000|14:10:08:234
21|2.1|636147915037491326|76ce65|51010.4609375|6.6629290521315|102.057344822446||||51010.453125|400|42550||||76ce65|SIA516|X|X||0|7||||132|83|132|83|[]|636148158104610000|14:10:10:461
21|2.1|636147915057453322|76ce65|51012.4609375|6.6648602426205|102.056379227201||||51012.453125|400|42550||||76ce65|SIA516|X|X|0|0|7||||132|51|132|51|[]|636148158124610000|14:10:12:461
21|2.1|636147915085226099|76ce65|51015.2421875|6.6698169648756|102.053804306549||||51015.234375|400|42525||||76ce65|SIA516|X|X||0|7||||132|83|132|83|[]|636148158152420000|14:10:15:242
21|2.1|636147915100047581|76ce65|51016.71875|6.6733145654279|102.052044777437||||51016.7109375|400|42550||||76ce65|SIA516|X|X|0|0|7||||132|51|132|51|[]|636148158167190000|14:10:16:719
21|2.1|636147915132660842|76ce65|51019.984375|6.6794514596485|102.048869041966||||51019.96875|400|42550||||76ce65|SIA516|X|X||0|7||||132|83|132|83|[]|636148158199840000|14:10:19:984
21|2.1|636147915143411917|76ce65|51021.0546875|6.6821551263331|102.047495750952||||51021.0390625|400|42550||||76ce65|SIA516|X|X|0|0|7||||132|51|132|51|[]|636148158210550000|14:10:21:055
21|2.1|636147915184446020|76ce65|51025.1640625|6.6902017533706|102.043332962564||||51025.1484375|400|42525||||76ce65|SIA516|X|X|0|0|7||||132|51|132|51|[]|636148158251640000|14:10:25:164
21|2.1|636147915184446020|76ce65|51025.1640625|6.6902017533706|102.043332962564||||51025.1484375|400|42525||||76ce65|SIA516|X|X|0|0|7||||132|83|132|83|[]|636148158251640000|14:10:25:164
21|2.1|636147915229060481|76ce65|51029.6328125|6.6986346185059|102.038977055128||||51029.625|400|42550||||76ce65|SIA516|X|X|0|0|7||||132|51|132|51|[]|636148158296330000|14:10:29:633
21|2.1|636147915234831058|76ce65|51030.1953125|6.7002010285692|102.038226036605||||51030.1796875|400|42525||||76ce65|SIA516|X|X|0|0|7||||132|83|132|83|[]|636148158301950000|14:10:30:195
21|2.1|636147915272744849|76ce65|51033.9921875|6.7074751794111|102.034428028643||||51033.984375|400|42550||||76ce65|SIA516|X|X|0|0|7||||132|51|132|51|[]|636148158339920000|14:10:33:992
21|2.1|636147915283505925|76ce65|51035.0703125|6.7101788460957|102.033054737629||||51035.0625|400|42550||||76ce65|SIA516|X|X|0|0|7||||132|83|132|83|[]|636148158350700000|14:10:35:070
21|2.1|636147915315179092|76ce65|51038.2421875|6.7140197694016|102.031102089467||||51038.234375|400|42550||||76ce65|SIA516|X|X|0|0|7||||132|51|132|51|[]|636148158382420000|14:10:38:242
21|2.1|636147915337011275|76ce65|51040.4140625|6.718611711231|102.028698830192||||51040.40625|400|42550||||76ce65|SIA516|X|X||0|7||||132|83|132|83|[]|636148158404140000|14:10:40:414
21|2.1|636147915355433117|76ce65|51042.2734375|6.722474092209|102.026724724359||||51042.2578125|400|42550||||76ce65|SIA516|X|X|0|0|7||||132|51|132|51|[]|636148158422730000|14:10:42:273
21|2.1|636147915385696143|76ce65|51045.28125|6.7285680710854|102.023548988888||||51045.2734375|400|42550||||76ce65|SIA516|X|X||0|7||||132|83|132|83|[]|636148158452810000|14:10:45:281
21|2.1|636147915396137187|76ce65|51046.34375|6.7305207192465|102.022604851316||||51046.328125|400|42550||||76ce65|SIA516|X|X|0|0|7||||132|51|132|51|[]|636148158463440000|14:10:46:344
21|2.1|636147915435141087|76ce65|51050.234375|6.7381811081862|102.018613724305||||51050.21875|400|42550||||76ce65|SIA516|X|X|0|0|7||||132|83|132|83|[]|636148158502340000|14:10:50:234
21|2.1|636147915439511524|76ce65|51050.6796875|6.7393183648075|102.018055824831||||51050.671875|400|42550||||76ce65|SIA516|X|X|0|0|7||||132|51|132|51|[]|636148158506800000|14:10:50:680
21|2.1|636147915475865159|76ce65|51054.2890625|6.7465925156494|102.014300732213||||51054.28125|400|42550||||76ce65|SIA516|X|X|0|0|7||||132|83|132|83|[]|636148158542890000|14:10:54:289
21|2.1|636147915479915564|76ce65|51054.7109375|6.747364991845|102.013935951787||||51054.703125|400|42550||||76ce65|SIA516|X|X|0|0|7||||132|51|132|51|[]|636148158547110000|14:10:54:711
21|2.1|636147915519849557|76ce65|51058.7109375|6.7554330765546|102.009751705728||||51058.703125|400|42550||||76ce65|SIA516|X|X|0|0|7||||132|51|132|51|[]|636148158587110000|14:10:58:711
21|2.1|636147915536231195|76ce65|51060.34375|6.7565488755038|102.009193806253||||51060.328125|400|42550||||76ce65|SIA516|X|X|0|0|7||||132|83|132|83|[]|636148158603440000|14:11:00:344
21|2.1|636147915565254097|76ce65|51063.2421875|6.7619347512009|102.006447224225||||51063.234375|400|42550||||76ce65|SIA516|X|X|0|0|7||||132|51|132|51|[]|636148158632420000|14:11:03:242
21|2.1|636147915583355907|76ce65|51065.0390625|6.7657542168347|102.004473118391||||51065.03125|400|42550||||76ce65|SIA516|X|X|0|0|7||||132|83|132|83|[]|636148158650390000|14:11:05:039
21|2.1|636147915609568528|76ce65|51067.6796875|6.7710971771876|102.001683621018||||51067.671875|400|42550||||76ce65|SIA516|X|X|0|0|7||||132|51|132|51|[]|636148158676800000|14:11:07:680
