21|2.1|636147897420429796|77058a|49248.7890625|14.8970532284413|102.152852920963||||49248.7890625|381|40775||||77058a|ALK883|X|X||0|7||||132|163|132|163|[]|636148140487890000|13:40:48:789
21|2.1|636147897430880841|77058a|49249.84375|14.895486818378|102.150599865392||||49249.8359375|380.75|40750||||77058a|ALK883|X|X||0|7||||132|5|132|5|[]|636148140498440000|13:40:49:844
21|2.1|636147897440241777|77058a|49250.7734375|14.8944783077893|102.149097828345||||49250.765625|380.25|40700||||77058a|ALK883|X|X|0|0|7||||132|147|132|147|[]|636148140507730000|13:40:50:773
21|2.1|636147897468954648|77058a|49253.640625|14.8907017574997|102.143475918255||||49253.6328125|379.25|40625||||77058a|ALK883|X|X||0|7||||132|163|132|163|[]|636148140536410000|13:40:53:641
21|2.1|636147897473785131|77058a|49254.1328125|14.8902082310414|102.142681984387||||49254.125|379|40600||||77058a|ALK883|X|X|0|0|7||||132|5|132|5|[]|636148140541330000|13:40:54:133
21|2.1|636147897483616114|77058a|49255.1015625|14.8889422283875|102.140815166915||||49255.1015625|378.75|40550||||77058a|ALK883|X|X|0|0|7||||132|147|132|147|[]|636148140551020000|13:40:55:102
21|2.1|636147897518249577|77058a|49258.578125|14.8846077786233|102.134442238301||||49258.5703125|377.25|40375||||77058a|ALK883|X|X|0|0|7||||132|5|132|5|[]|636148140585780000|13:40:58:578
21|2.1|636147897518249577|77058a|49258.578125|14.8846077786233|102.134442238301||||49258.5703125|377.25|40375||||77058a|ALK883|X|X|0|0|7||||132|163|132|163|[]|636148140585780000|13:40:58:578
21|2.1|636147897527290481|77058a|49259.484375|14.8833632336415|102.132575420828||||49259.46875|377|40350||||77058a|ALK883|X|X||0|7||||132|147|132|147|[]|636148140594840000|13:40:59:484
21|2.1|636147897561453897|77058a|49262.90625|14.8790716992215|102.12615957687||||49262.8984375|375.75|40225||||77058a|ALK883|X|X|0|0|7||||132|5|132|5|[]|636148140629060000|13:41:02:906
21|2.1|636147897566454397|77058a|49263.3984375|14.8785567150911|102.125430016019||||49263.3984375|375.5|40225||||77058a|ALK883|X|X|0|0|7||||132|163|132|163|[]|636148140633980000|13:41:03:398
21|2.1|636147897586106362|77058a|49265.3515625|14.8760461674554|102.121653465729||||49265.3515625|375|40150||||77058a|ALK883|X|X|0|0|7||||132|147|132|147|[]|636148140653520000|13:41:05:352
21|2.1|636147897602808032|77058a|49267.046875|14.8737501965407|102.118306068882||||49267.0390625|374.5|40100||||77058a|ALK883|X|X|0|0|7||||132|5|132|5|[]|636148140670470000|13:41:07:047
21|2.1|636147897608108562|77058a|49267.546875|14.8732352124103|102.117533592686||||49267.5390625|374.25|40075||||77058a|ALK883|X|X|0|0|7||||132|163|132|163|[]|636148140675470000|13:41:07:547
21|2.1|636147897630880839|77058a|49269.84375|14.8702311383163|102.113048939217||||49269.8359375|373.5|40000||||77058a|ALK883|X|X|0|0|7||||132|147|132|147|[]|636148140698440000|13:41:09:844
21|2.1|636147897649762727|77058a|49271.734375|14.8679566250737|102.109680084698||||49271.7265625|373|39925||||77058a|ALK883|X|X|0|0|7||||132|5|132|5|[]|636148140717340000|13:41:11:734
21|2.1|636147897649922743|77058a|49271.7421875|14.8679566250737|102.109680084698||||49271.7265625|373|39925||||77058a|ALK883|X|X|0|0|7||||132|163|132|163|[]|636148140717420000|13:41:11:742
21|2.1|636147897679405691|77058a|49274.6875|14.8641800747841|102.104101089952||||49274.6796875|372|39825||||77058a|ALK883|X|X|0|0|7||||132|147|132|147|[]|636148140746880000|13:41:14:688
21|2.1|636147897693747125|77058a|49276.1328125|14.8623990879998|102.101440338611||||49276.125|371.5|39775||||77058a|ALK883|X|X|0|0|7||||132|5|132|5|[]|636148140761330000|13:41:16:133
21|2.1|636147897699207671|77058a|49276.671875|14.8616695271484|102.100324539662||||49276.65625|371.25|39750||||77058a|ALK883|X|X|0|0|7||||132|163|132|163|[]|636148140766720000|13:41:16:672
21|2.1|636147897719649715|77058a|49278.7109375|14.8591375218406|102.096612362389||||49278.7109375|370.5|39675||||77058a|ALK883|X|X|0|0|7||||132|147|132|147|[]|636148140787110000|13:41:18:711
21|2.1|636147897734321182|77058a|49280.1953125|14.8573779927284|102.093994526393||||49280.1875|370|39625||||77058a|ALK883|X|X|0|0|7||||132|5|132|5|[]|636148140801950000|13:41:20:195
21|2.1|636147897740241774|77058a|49280.7734375|14.8566269742049|102.092857269771||||49280.7578125|369.75|39625||||77058a|ALK883|X|X|0|0|7||||132|163|132|163|[]|636148140807730000|13:41:20:773
21|2.1|636147897778925642|77058a|49284.65625|14.8515844212614|102.08538999988||||49284.6484375|368.25|39450||||77058a|ALK883|X|X|0|0|7||||132|5|132|5|[]|636148140846560000|13:41:24:656
21|2.1|636147897789856735|77058a|49285.7421875|14.8503398762796|102.08354464008||||49285.734375|367.75|39375||||77058a|ALK883|X|X|0|0|7||||132|163|132|163|[]|636148140857420000|13:41:25:742
21|2.1|636147897808888638|77058a|49287.640625|14.8478293286439|102.079811005134||||49287.640625|367|39300||||77058a|ALK883|X|X|0|0|7||||132|147|132|147|[]|636148140876410000|13:41:27:641
21|2.1|636147897823860135|77058a|49289.1328125|14.8460483418596|102.077193169138||||49289.125|366.25|39250||||77058a|ALK883|X|X||0|7||||132|5|132|5|[]|636148140891330000|13:41:29:133
21|2.1|636147897832751024|77058a|49290.0234375|14.8450398312709|102.075712589763||||49290.015625|365.75|39175||||77058a|ALK883|X|X|0|0|7||||132|163|132|163|[]|636148140900230000|13:41:30:023
21|2.1|636147897857713520|77058a|49292.515625|14.8417782651117|102.070841698197||||49292.5078125|364.5|39050||||77058a|ALK883|X|X|0|0|7||||132|147|132|147|[]|636148140925160000|13:41:32:516
21|2.1|636147897868944643|77058a|49293.65625|14.8402547703926|102.06863155797||||49293.6484375|364|39000||||77058a|ALK883|X|X|0|0|7||||132|5|132|5|[]|636148140936560000|13:41:33:656
21|2.1|636147897874715220|77058a|49294.21875|14.8397397862622|102.067837624103||||49294.21875|363.75|38975||||77058a|ALK883|X|X|0|0|7||||132|163|132|163|[]|636148140942190000|13:41:34:219
21|2.1|636147897911228871|77058a|49297.875|14.834976183056|102.060713676965||||49297.8671875|361.75|38775||||77058a|ALK883|X|X|0|0|7||||132|5|132|5|[]|636148140978750000|13:41:37:875
21|2.1|636147897911228871|77058a|49297.875|14.834976183056|102.060713676965||||49297.8671875|361.75|38800||||77058a|ALK883|X|X||0|7||||132|147|132|147|[]|636148140978750000|13:41:37:875
21|2.1|636147897955693317|77058a|49302.328125|14.82939718831|102.052473930879||||49302.3203125|359.25|38525||||77058a|ALK883|X|X|0|0|7||||132|5|132|5|[]|636148141023280000|13:41:42:328
21|2.1|636147897961143862|77058a|49302.8671875|14.8286032544423|102.051315216586||||49302.8671875|359|38475||||77058a|ALK883|X|X|0|0|7||||132|163|132|163|[]|636148141028670000|13:41:42:867
21|2.1|636147898000297777|77058a|49306.7890625|14.8237967358919|102.044191269448||||49306.7734375|357|38250||||77058a|ALK883|X|X|0|0|7||||132|5|132|5|[]|636148141067890000|13:41:46:789
21|2.1|636147898018399587|77058a|49308.578125|14.8214793073051|102.040779499585||||49308.578125|356|38175||||77058a|ALK883|X|X|0|0|7||||132|163|132|163|[]|636148141085780000|13:41:48:578
21|2.1|636147898018399587|77058a|49308.5859375|14.8214793073051|102.040779499585||||49308.578125|356|38175||||77058a|ALK883|X|X|0|0|7||||132|147|132|147|[]|636148141085860000|13:41:48:586
21|2.1|636147898042582005|77058a|49311.015625|14.8184108601948|102.036251930771||||49311.0078125|354.75|38025||||77058a|ALK883|X|X|0|0|7||||132|5|132|5|[]|636148141110160000|13:41:51:016
21|2.1|636147898073005047|77058a|49314.0546875|14.8143553601679|102.030222324911||||49314.046875|353.5|37900||||77058a|ALK883|X|X||0|7||||132|163|132|163|[]|636148141140550000|13:41:54:055
21|2.1|636147898084546201|77058a|49315.203125|14.813089357514|102.028334049767||||49315.1953125|352.75|37825||||77058a|ALK883|X|X|0|0|7||||132|5|132|5|[]|636148141152030000|13:41:55:203
21|2.1|636147898126200366|77058a|49319.375|14.8077034818169|102.020351795745||||49319.3671875|350.75|37600||||77058a|ALK883|X|X|0|0|7||||132|5|132|5|[]|636148141193750000|13:41:59:375
21|2.1|636147898126200366|77058a|49319.3671875|14.8077034818169|102.020351795745||||49319.3671875|350.75|37600||||77058a|ALK883|X|X|0|0|7||||132|163|132|163|[]|636148141193670000|13:41:59:367
21|2.1|636147898165364282|77058a|49323.2734375|14.8025965558571|102.012777237494||||49323.265625|349|37450||||77058a|ALK883|X|X||0|7||||132|147|132|147|[]|636148141232730000|13:42:03:273
21|2.1|636147898169884734|77058a|49323.7421875|14.8020815717267|102.012047676643||||49323.734375|349|37425||||77058a|ALK883|X|X|0|0|7||||132|5|132|5|[]|636148141237420000|13:42:03:742
21|2.1|636147898207478493|77058a|49327.484375|14.7972535955042|102.004837898817||||49327.4765625|347|37200||||77058a|ALK883|X|X|0|0|7||||132|147|132|147|[]|636148141274840000|13:42:07:484
21|2.1|636147898212939039|77058a|49328.0546875|14.7964382039644|102.003722099868||||49328.046875|346.75|37175||||77058a|ALK883|X|X|0|0|7||||132|5|132|5|[]|636148141280550000|13:42:08:055
21|2.1|636147898248982643|77058a|49331.640625|14.7918248044629|101.996877102468||||49331.625|344.75|36950||||77058a|ALK883|X|X|0|0|7||||132|147|132|147|[]|636148141316410000|13:42:11:641
21|2.1|636147898253663111|77058a|49332.1171875|14.7913312780046|101.996104626272||||49332.109375|344.5|36950||||77058a|ALK883|X|X|0|0|7||||132|5|132|5|[]|636148141321170000|13:42:12:117
21|2.1|636147898259273672|77058a|49332.671875|14.7905802594811|101.994988827323||||49332.6640625|344.25|36925||||77058a|ALK883|X|X||0|7||||132|163|132|163|[]|636148141326720000|13:42:12:672
21|2.1|636147898296247369|77058a|49336.375|14.7859454023075|101.988165287595||||49336.3671875|342.25|36725||||77058a|ALK883|X|X|0|0|7||||132|5|132|5|[]|636148141363750000|13:42:16:375
21|2.1|636147898296397384|77058a|49336.375|14.7859454023075|101.988165287595||||49336.3671875|342.25|36675||||77058a|ALK883|X|X|0|0|7||||132|147|132|147|[]|636148141363750000|13:42:16:375
21|2.1|636147898305298274|77058a|49337.28125|14.7846579419815|101.986234097106||||49337.2734375|341.75|36650||||77058a|ALK883|X|X||0|7||||132|163|132|163|[]|636148141372810000|13:42:17:281
21|2.1|636147898338521596|77058a|49340.6171875|14.7805166112662|101.980161575902||||49340.609375|339.75|36450||||77058a|ALK883|X|X|0|0|7||||132|5|132|5|[]|636148141406170000|13:42:20:617
21|2.1|636147898348822626|77058a|49341.6328125|14.7789931165471|101.977844147315||||49341.625|339.25|36400||||77058a|ALK883|X|X|0|0|7||||132|163|132|163|[]|636148141416330000|13:42:21:633
21|2.1|636147898383766120|77058a|49345.1328125|14.7745942937666|101.971363930341||||49345.125|337.25|36150||||77058a|ALK883|X|X|0|0|7||||132|5|132|5|[]|636148141451330000|13:42:25:133
21|2.1|636147898389226666|77058a|49345.6640625|14.773821817571|101.97022667372||||49345.65625|336.75|36125||||77058a|ALK883|X|X||0|7||||132|163|132|163|[]|636148141456640000|13:42:25:664
21|2.1|636147898425260269|77058a|49349.2890625|14.7691655027253|101.963338760976||||49349.2734375|334.75|35925||||77058a|ALK883|X|X|0|0|7||||132|5|132|5|[]|636148141492890000|13:42:29:289
21|2.1|636147898436491392|77058a|49350.390625|14.7678780423993|101.961407570487||||49350.3828125|334|35800||||77058a|ALK883|X|X|0|0|7||||132|147|132|147|[]|636148141503910000|13:42:30:391
21|2.1|636147898446322375|77058a|49351.3671875|14.7665476667291|101.959476379998||||49351.3671875|333.25|35750||||77058a|ALK883|X|X|0|0|7||||132|163|132|163|[]|636148141513670000|13:42:31:367
21|2.1|636147898466134356|77058a|49353.3671875|14.7639942037492|101.955678372036||||49353.359375|332.25|35650||||77058a|ALK883|X|X|0|0|7||||132|5|132|5|[]|636148141533670000|13:42:33:367
21|2.1|636147898486886431|77058a|49355.4453125|14.7611403333599|101.95142975296||||49355.4375|331|35500||||77058a|ALK883|X|X|0|0|7||||132|147|132|147|[]|636148141554450000|13:42:35:445
21|2.1|636147898487036446|77058a|49355.4375|14.7611403333599|101.95142975296||||49355.4375|331|35500||||77058a|ALK883|X|X||0|7||||132|163|132|163|[]|636148141554380000|13:42:35:438
21|2.1|636147898506228365|77058a|49357.3828125|14.7587799894289|101.947975067752||||49357.375|330|35400||||77058a|ALK883|X|X|0|0|7||||132|5|132|5|[]|636148141573830000|13:42:37:383
21|2.1|636147898527600502|77058a|49359.5078125|14.7559261190396|101.943747906348||||49359.5078125|329|35300||||77058a|ALK883|X|X||0|7||||132|163|132|163|[]|636148141595080000|13:42:39:508
21|2.1|636147898547882530|77058a|49361.546875|14.7533082830434|101.939906983042||||49361.5390625|328|35150||||77058a|ALK883|X|X|0|0|7||||132|5|132|5|[]|636148141615470000|13:42:41:547
21|2.1|636147898568164558|77058a|49363.5625|14.7507119047193|101.936023144392||||49363.5546875|327|35075||||77058a|ALK883|X|X|0|0|7||||132|163|132|163|[]|636148141635630000|13:42:43:563
21|2.1|636147898592026944|77058a|49365.96875|14.7475790845927|101.931431202563||||49365.953125|325.75|34925||||77058a|ALK883|X|X|0|0|7||||132|5|132|5|[]|636148141659690000|13:42:45:969
21|2.1|636147898609968738|77058a|49367.7421875|14.7452401983338|101.927976517355||||49367.734375|324.75|34800||||77058a|ALK883|X|X|0|0|7||||132|163|132|163|[]|636148141677420000|13:42:47:742
21|2.1|636147898627130454|77058a|49369.453125|14.742922769747|101.924478916803||||49369.4453125|323.75|34700||||77058a|ALK883|X|X||0|7||||132|147|132|147|[]|636148141694530000|13:42:49:453
21|2.1|636147898632440985|77058a|49370.0078125|14.7423648702724|101.923727898279||||49369.9921875|323.5|34700||||77058a|ALK883|X|X|0|0|7||||132|5|132|5|[]|636148141700080000|13:42:50:008
21|2.1|636147898651472888|77058a|49371.890625|14.7397684919483|101.919886974973||||49371.8828125|322.5|34575||||77058a|ALK883|X|X|0|0|7||||132|163|132|163|[]|636148141718910000|13:42:51:891
21|2.1|636147898668324573|77058a|49373.5859375|14.7377085554267|101.916754154847||||49373.578125|321.5|34500||||77058a|ALK883|X|X||0|7||||132|147|132|147|[]|636148141735860000|13:42:53:586
21|2.1|636147898672995040|77058a|49374.0546875|14.7368931638869|101.915638355897||||49374.046875|321.25|34450||||77058a|ALK883|X|X|0|0|7||||132|5|132|5|[]|636148141740550000|13:42:54:055
21|2.1|636147898698897630|77058a|49376.640625|14.733481394023|101.910595802954||||49376.6328125|319.75|34325||||77058a|ALK883|X|X||0|7||||132|163|132|163|[]|636148141766410000|13:42:56:641
21|2.1|636147898708408581|77058a|49377.59375|14.7324299680901|101.909029392891||||49377.5859375|319|34250||||77058a|ALK883|X|X|0|0|7||||132|147|132|147|[]|636148141775940000|13:42:57:594
21|2.1|636147898716679408|77058a|49378.4296875|14.7314214575014|101.907527355844||||49378.4140625|318.5|34175||||77058a|ALK883|X|X|0|0|7||||132|5|132|5|[]|636148141784300000|13:42:58:430
21|2.1|636147898739771717|77058a|49380.71875|14.7282671797027|101.902828125654||||49380.71875|317.25|34025||||77058a|ALK883|X|X||0|7||||132|163|132|163|[]|636148141807190000|13:43:00:719
21|2.1|636147898749752715|77058a|49381.7265625|14.7269797193767|101.900939850509||||49381.71875|316.5|33925||||77058a|ALK883|X|X|0|0|7||||132|147|132|147|[]|636148141817270000|13:43:01:727
21|2.1|636147898764264166|77058a|49383.1875|14.725112901904|101.89819326848||||49383.1875|315.75|33875||||77058a|ALK883|X|X|0|0|7||||132|5|132|5|[]|636148141831880000|13:43:03:188
21|2.1|636147898792967036|77058a|49386.046875|14.7212076055818|101.892356781669||||49386.0390625|314|33675||||77058a|ALK883|X|X|0|0|7||||132|147|132|147|[]|636148141860470000|13:43:06:047
21|2.1|636147898807468486|77058a|49387.4921875|14.7193407881091|101.889674572656||||49387.484375|313|33600||||77058a|ALK883|X|X|0|0|7||||132|5|132|5|[]|636148141874920000|13:43:07:492
21|2.1|636147898840701809|77058a|49390.8203125|14.7151350843775|101.883408932403||||49390.8125|311|33375||||77058a|ALK883|X|X|0|0|7||||132|147|132|147|[]|636148141908200000|13:43:10:820
21|2.1|636147898851002839|77058a|49391.859375|14.7135686743142|101.881091503816||||49391.84375|310.25|33250||||77058a|ALK883|X|X|0|0|7||||132|5|132|5|[]|636148141918590000|13:43:11:859
21|2.1|636147898875655304|77058a|49394.3125|14.7103714811713|101.876413731299||||49394.3046875|308.75|33150||||77058a|ALK883|X|X|0|0|7||||132|163|132|163|[]|636148141943130000|13:43:14:313
21|2.1|636147898881575896|77058a|49394.90625|14.7095775473036|101.875255017005||||49394.8984375|308.5|33075||||77058a|ALK883|X|X|0|0|7||||132|147|132|147|[]|636148141949060000|13:43:14:906
21|2.1|636147898901247863|77058a|49396.8828125|14.7069597113074|101.871349720683||||49396.8828125|307.5|32975||||77058a|ALK883|X|X|0|0|7||||132|5|132|5|[]|636148141968830000|13:43:16:883
21|2.1|636147898923390077|77058a|49399.0859375|14.7040629255739|101.867036728591||||49399.078125|306|32800||||77058a|ALK883|X|X|0|0|7||||132|147|132|147|[]|636148141990860000|13:43:19:086
21|2.1|636147898923390077|77058a|49399.078125|14.7040629255739|101.867036728591||||49399.078125|306|32800||||77058a|ALK883|X|X|0|0|7||||132|163|132|163|[]|636148141990780000|13:43:19:078
21|2.1|636147898945692307|77058a|49401.3203125|14.7011446821683|101.862723736499||||49401.3125|304.5|32700||||77058a|ALK883|X|X|0|0|7||||132|5|132|5|[]|636148142013200000|13:43:21:320
21|2.1|636147898970814819|77058a|49403.828125|14.6979474890254|101.858045963981||||49403.828125|303|32500||||77058a|ALK883|X|X|0|0|7||||132|163|132|163|[]|636148142038280000|13:43:23:828
21|2.1|636147898970814819|77058a|49403.8359375|14.6979474890254|101.858045963981||||49403.828125|303|32500||||77058a|ALK883|X|X|0|0|7||||132|147|132|147|[]|636148142038360000|13:43:23:836
21|2.1|636147898989536691|77058a|49405.703125|14.695286737685|101.854162125331||||49405.6953125|301.5|32325||||77058a|ALK883|X|X|0|0|7||||132|5|132|5|[]|636148142057030000|13:43:25:703
21|2.1|636147899016209358|77058a|49408.3671875|14.6918320524769|101.849033741699||||49408.3671875|300|32175||||77058a|ALK883|X|X|0|0|7||||132|163|132|163|[]|636148142083670000|13:43:28:367
21|2.1|636147899031340871|77058a|49409.8828125|14.6897292006111|101.845858006228||||49409.875|299|32100||||77058a|ALK883|X|X|0|0|7||||132|5|132|5|[]|636148142098830000|13:43:29:883
21|2.1|636147899060673804|77058a|49412.8203125|14.6859741079936|101.840364842171||||49412.8125|297.5|31875||||77058a|ALK883|X|X|0|0|7||||132|163|132|163|[]|636148142128200000|13:43:32:820
21|2.1|636147899075645301|77058a|49414.3203125|14.6838712561278|101.837210564372||||49414.3046875|296.75|31825||||77058a|ALK883|X|X|0|0|7||||132|5|132|5|[]|636148142143200000|13:43:34:320
21|2.1|636147899100767813|77058a|49416.8203125|14.6806740629849|101.832511334182||||49416.8125|295.75|31675||||77058a|ALK883|X|X|0|0|7||||132|163|132|163|[]|636148142168200000|13:43:36:820
21|2.1|636147899119639700|77058a|49418.71875|14.6780133116445|101.828541664843||||49418.703125|295.25|31625||||77058a|ALK883|X|X|0|0|7||||132|5|132|5|[]|636148142187190000|13:43:38:719
21|2.1|636147899149282664|77058a|49421.671875|14.6740650999781|101.82268372036||||49421.6640625|294.25|31500||||77058a|ALK883|X|X|0|0|7||||132|163|132|163|[]|636148142216720000|13:43:41:672
21|2.1|636147899162704006|77058a|49423.0234375|14.6724343168985|101.820323376429||||49423.0234375|294|31475||||77058a|ALK883|X|X|0|0|7||||132|5|132|5|[]|636148142230230000|13:43:43:023
21|2.1|636147899192346970|77058a|49425.96875|14.6684861052321|101.814465431946||||49425.9609375|293|31375||||77058a|ALK883|X|X|0|0|7||||132|163|132|163|[]|636148142259690000|13:43:45:969
21|2.1|636147899205288264|77058a|49427.2890625|14.6666622031036|101.811697392245||||49427.28125|292.5|31325||||77058a|ALK883|X|X|0|0|7||||132|5|132|5|[]|636148142272890000|13:43:47:289
21|2.1|636147899233841119|77058a|49430.125|14.6629285681582|101.806247143532||||49430.1171875|291.5|31225||||77058a|ALK883|X|X|0|0|7||||132|163|132|163|[]|636148142301250000|13:43:50:125
21|2.1|636147899249282663|77058a|49431.6875|14.6608257162924|101.803178696421||||49431.671875|291|31150||||77058a|ALK883|X|X|0|0|7||||132|5|132|5|[]|636148142316880000|13:43:51:688
21|2.1|636147899274395174|77058a|49434.1796875|14.6577143538379|101.798500923903||||49434.171875|290.25|31075||||77058a|ALK883|X|X|0|0|7||||132|163|132|163|[]|636148142341800000|13:43:54:180
21|2.1|636147899289536688|77058a|49435.71875|14.6556115019721|101.795411019121||||49435.7109375|289.75|31000||||77058a|ALK883|X|X|0|0|7||||132|5|132|5|[]|636148142357190000|13:43:55:719
21|2.1|636147899315429277|77058a|49438.28125|14.6521997321082|101.790411381522||||49438.2734375|289|30925||||77058a|ALK883|X|X||0|7||||132|163|132|163|[]|636148142382810000|13:43:58:281
21|2.1|636147899333681102|77058a|49440.1171875|14.6498393881772|101.786935238642||||49440.1171875|288.5|30875||||77058a|ALK883|X|X|0|0|7||||132|5|132|5|[]|636148142401170000|13:44:00:117
21|2.1|636147899376895423|77058a|49444.4453125|14.6441316473986|101.778459458162||||49444.4453125|287|30725||||77058a|ALK883|X|X|0|0|7||||132|5|132|5|[]|636148142444450000|13:44:04:445
21|2.1|636147899377055439|77058a|49444.453125|14.6441316473986|101.778459458162||||49444.4453125|287|30725||||77058a|ALK883|X|X||0|7||||132|163|132|163|[]|636148142444530000|13:44:04:453
21|2.1|636147899418399573|77058a|49448.59375|14.6389603484225|101.770799069222||||49448.5859375|285.5|30575||||77058a|ALK883|X|X|0|0|7||||132|163|132|163|[]|636148142485940000|13:44:08:594
21|2.1|636147899422760009|77058a|49449.0234375|14.6384024489479|101.770069508371||||49449.015625|285.25|30525||||77058a|ALK883|X|X|0|0|7||||132|5|132|5|[]|636148142490230000|13:44:09:023
21|2.1|636147899463944127|77058a|49453.1484375|14.6329736579066|101.762001423661||||49453.140625|283.75|30375||||77058a|ALK883|X|X|0|0|7||||132|5|132|5|[]|636148142531480000|13:44:13:148
21|2.1|636147899464104143|77058a|49453.1484375|14.6329736579066|101.762001423661||||49453.140625|283.75|30375||||77058a|ALK883|X|X||0|7||||132|163|132|163|[]|636148142531480000|13:44:13:148
21|2.1|636147899507788511|77058a|49457.5390625|14.6272873748001|101.75361147387||||49457.53125|282.25|30200||||77058a|ALK883|X|X|0|0|7||||132|5|132|5|[]|636148142575390000|13:44:17:539
21|2.1|636147899507938526|77058a|49457.5390625|14.6272873748001|101.75361147387||||49457.53125|282.25|30200||||77058a|ALK883|X|X||0|7||||132|163|132|163|[]|636148142575390000|13:44:17:539
21|2.1|636147899551932925|77058a|49461.9375|14.6216225493657|101.745285897095||||49461.9296875|281|30050||||77058a|ALK883|X|X|0|0|7||||132|163|132|163|[]|636148142619380000|13:44:21:938
21|2.1|636147899556923424|77058a|49462.4453125|14.6208500731701|101.744148640474||||49462.4453125|280.75|30050||||77058a|ALK883|X|X|0|0|7||||132|5|132|5|[]|636148142624450000|13:44:22:445
21|2.1|636147899596077339|77058a|49466.3515625|14.6159791816034|101.736960320321||||49466.34375|279.5|29900||||77058a|ALK883|X|X|0|0|7||||132|163|132|163|[]|636148142663520000|13:44:26:352
21|2.1|636147899600447776|77058a|49466.796875|14.6154856551451|101.736187844125||||49466.7890625|279.5|29925||||77058a|ALK883|X|X|0|0|7||||132|5|132|5|[]|636148142667970000|13:44:26:797
21|2.1|636147899643042035|77058a|49471.0546875|14.6098422873828|101.727905182694||||49471.0546875|278|29725||||77058a|ALK883|X|X|0|0|7||||132|5|132|5|[]|636148142710550000|13:44:31:055
21|2.1|636147899643192050|77058a|49471.0625|14.6098422873828|101.727905182694||||49471.0546875|278|29750||||77058a|ALK883|X|X||0|7||||132|163|132|163|[]|636148142710630000|13:44:31:063
21|2.1|636147899689996730|77058a|49475.7578125|14.6040058005716|101.71927919851||||49475.75|276.5|29575||||77058a|ALK883|X|X|0|0|7||||132|5|132|5|[]|636148142757580000|13:44:35:758
21|2.1|636147899735091239|77058a|49480.2578125|14.5981693137604|101.710674671998||||49480.25|274.75|29400||||77058a|ALK883|X|X|0|0|7||||132|5|132|5|[]|636148142802580000|13:44:40:258
21|2.1|636147899777675497|77058a|49484.5078125|14.5928692687517|101.702799706337||||49484.5|273|29225||||77058a|ALK883|X|X|0|0|7||||132|5|132|5|[]|636148142845080000|13:44:44:508
21|2.1|636147899821979927|77058a|49488.953125|14.5872902740057|101.694602875595||||49488.953125|271|28975||||77058a|ALK883|X|X|0|0|7||||132|5|132|5|[]|636148142889530000|13:44:48:953
21|2.1|636147899866134342|77058a|49493.3671875|14.5817541946039|101.686427502525||||49493.359375|269|28775||||77058a|ALK883|X|X|0|0|7||||132|5|132|5|[]|636148142933670000|13:44:53:367
21|2.1|636147899910278756|77058a|49497.7890625|14.5761537421858|101.678230671783||||49497.78125|267|28550||||77058a|ALK883|X|X||0|7||||132|5|132|5|[]|636148142977890000|13:44:57:789
21|2.1|636147899951462874|77058a|49501.8984375|14.5708966125213|101.670420079139||||49501.890625|265.25|28375||||77058a|ALK883|X|X||0|7||||132|5|132|5|[]|636148143018980000|13:45:01:898
21|2.1|636147899995917319|77058a|49506.34375|14.5653605331195|101.662223248396||||49506.328125|263.75|28200||||77058a|ALK883|X|X||0|7||||132|5|132|5|[]|636148143063440000|13:45:06:344
21|2.1|636147900039451672|77058a|49510.6953125|14.5598244537177|101.654069332998||||49510.6875|262|28000||||77058a|ALK883|X|X|0|0|7||||132|5|132|5|[]|636148143106950000|13:45:10:695
21|2.1|636147900084066133|77058a|49515.1640625|14.5542669166438|101.645936875272||||49515.1640625|260|27800||||77058a|ALK883|X|X|0|0|7||||132|5|132|5|[]|636148143151640000|13:45:15:164
21|2.1|636147900109808707|77058a|49517.734375|14.5510268081567|101.641130356722||||49517.71875|259|27700||||77058a|ALK883|X|X||0|7||||132|163|132|163|[]|636148143177340000|13:45:17:734
21|2.1|636147900125250251|77058a|49519.2734375|14.5490741599956|101.638190655644||||49519.2734375|258.25|27625||||77058a|ALK883|X|X|0|0|7||||132|5|132|5|[]|636148143192730000|13:45:19:273
21|2.1|636147900167064432|77058a|49523.453125|14.543795572659|101.630444436016||||49523.453125|256|27400||||77058a|ALK883|X|X|0|0|7||||132|5|132|5|[]|636148143234530000|13:45:23:453
21|2.1|636147900172674993|77058a|49524.0234375|14.5432805885286|101.629693417493||||49524.0078125|255.75|27350||||77058a|ALK883|X|X||0|7||||132|163|132|163|[]|636148143240230000|13:45:24:023
21|2.1|636147900209968722|77058a|49527.7578125|14.5384955276503|101.622676758716||||49527.75|254.25|27200||||77058a|ALK883|X|X||0|7||||132|5|132|5|[]|636148143277580000|13:45:27:758
21|2.1|636147900254263151|77058a|49532.1796875|14.5330023635927|101.614565758662||||49532.171875|252.5|26975||||77058a|ALK883|X|X||0|7||||132|5|132|5|[]|636148143321800000|13:45:32:180
21|2.1|636147900298577582|77058a|49536.6015625|14.5274662841909|101.606476216281||||49536.59375|250.75|26800||||77058a|ALK883|X|X||0|7||||132|163|132|163|[]|636148143366020000|13:45:36:602
21|2.1|636147900302788003|77058a|49537.0234375|14.5269513000605|101.605746655429||||49537.0234375|250.5|26750||||77058a|ALK883|X|X|0|0|7||||132|5|132|5|[]|636148143370230000|13:45:37:023
21|2.1|636147900341941918|77058a|49540.9375|14.5219731201333|101.598386673899||||49540.9296875|249.25|26600||||77058a|ALK883|X|X||0|7||||132|163|132|163|[]|636148143409380000|13:45:40:938
21|2.1|636147900345992323|77058a|49541.359375|14.5214581360029|101.597657113047||||49541.3515625|249|26600||||77058a|ALK883|X|X|0|0|7||||132|5|132|5|[]|636148143413590000|13:45:41:359
21|2.1|636147900384686192|77058a|49545.2109375|14.5167374481409|101.590726284959||||49545.203125|247.75|26475||||77058a|ALK883|X|X|0|0|7||||132|163|132|163|[]|636148143452110000|13:45:45:211
21|2.1|636147900388586582|77058a|49545.6171875|14.5159649719453|101.58961048601||||49545.609375|247.5|26450||||77058a|ALK883|X|X|0|0|7||||132|5|132|5|[]|636148143456170000|13:45:45:617
21|2.1|636147900430080731|77058a|49549.7578125|14.5110297073623|101.582293419824||||49549.75|246.25|26300||||77058a|ALK883|X|X|0|0|7||||132|5|132|5|[]|636148143497580000|13:45:49:758
21|2.1|636147900430240747|77058a|49549.7578125|14.5110297073623|101.582293419824||||49549.75|246.25|26275||||77058a|ALK883|X|X|0|0|7||||132|163|132|163|[]|636148143497580000|13:45:49:758
21|2.1|636147900472514974|77058a|49554.0078125|14.5058369507141|101.574654488556||||49554|244.5|26100||||77058a|ALK883|X|X|0|0|7||||132|5|132|5|[]|636148143540080000|13:45:54:008
21|2.1|636147900478285551|77058a|49554.578125|14.5051288475348|101.573560147279||||49554.5703125|244.25|26100||||77058a|ALK883|X|X||0|7||||132|163|132|163|[]|636148143545780000|13:45:54:578
21|2.1|636147900514949217|77058a|49558.25|14.5003867020007|101.566672234535||||49558.2421875|242.75|25925||||77058a|ALK883|X|X|0|0|7||||132|5|132|5|[]|636148143582500000|13:45:58:250
21|2.1|636147900520719794|77058a|49558.8203125|14.4998931755424|101.565899758339||||49558.8203125|242.5|25925||||77058a|ALK883|X|X||0|7||||132|163|132|163|[]|636148143588200000|13:45:58:820
21|2.1|636147900559413663|77058a|49562.6953125|14.4950008263036|101.558668522842||||49562.6875|241.25|25750||||77058a|ALK883|X|X|0|0|7||||132|5|132|5|[]|636148143626950000|13:46:02:695
21|2.1|636147900563624084|77058a|49563.1015625|14.4944858421732|101.55793896199||||49563.1015625|241.25|25750||||77058a|ALK883|X|X|0|0|7||||132|163|132|163|[]|636148143631020000|13:46:03:102
21|2.1|636147900599977719|77058a|49566.75|14.4900441040485|101.551415829672||||49566.7421875|240.25|25625||||77058a|ALK883|X|X|0|0|7||||132|5|132|5|[]|636148143667500000|13:46:06:750
21|2.1|636147900643972118|77058a|49571.1484375|14.4847011436956|101.543497948667||||49571.140625|239.75|25550||||77058a|ALK883|X|X|0|0|7||||132|5|132|5|[]|636148143711480000|13:46:11:148
21|2.1|636147900685776298|77058a|49575.328125|14.4796156754079|101.535987763432||||49575.3203125|239|25475||||77058a|ALK883|X|X|0|0|7||||132|5|132|5|[]|636148143753280000|13:46:15:328
21|2.1|636147900728060526|77058a|49579.5546875|14.4745302071202|101.528541951213||||49579.546875|238.5|25400||||77058a|ALK883|X|X|0|0|7||||132|5|132|5|[]|636148143795550000|13:46:19:555
21|2.1|636147900769394659|77058a|49583.6953125|14.469552027193|101.521139054339||||49583.6875|237.75|25350||||77058a|ALK883|X|X|0|0|7||||132|5|132|5|[]|636148143836950000|13:46:23:695
21|2.1|636147900816199339|77058a|49588.375|14.4641017784796|101.513156800318||||49588.3671875|236.5|25200||||77058a|ALK883|X|X|0|0|7||||132|5|132|5|[]|636148143883750000|13:46:28:375
21|2.1|636147900862063925|77058a|49592.953125|14.4587588181267|101.505238919313||||49592.9453125|235.5|25075||||77058a|ALK883|X|X|0|0|7||||132|5|132|5|[]|636148143929530000|13:46:32:953
21|2.1|636147900906998418|77058a|49597.4453125|14.4534373154459|101.497471242013||||49597.4375|234.5|24975||||77058a|ALK883|X|X|0|0|7||||132|5|132|5|[]|636148143974450000|13:46:37:445
21|2.1|636147900950052723|77058a|49601.7578125|14.4486951699118|101.490454583236||||49601.75|233.5|24850||||77058a|ALK883|X|X|0|0|7||||132|5|132|5|[]|636148144017580000|13:46:41:758
21|2.1|636147900993887106|77058a|49606.140625|14.4437169899846|101.483180432394||||49606.125|232.75|24750||||77058a|ALK883|X|X|0|0|7||||132|5|132|5|[]|636148144061410000|13:46:46:141
21|2.1|636147901036481365|77058a|49610.40625|14.4390606751389|101.476313977322||||49610.3984375|232|24700||||77058a|ALK883|X|X|0|0|7||||132|5|132|5|[]|636148144104060000|13:46:50:406
21|2.1|636147901081565873|77058a|49614.90625|14.4340395798675|101.468911080447||||49614.8984375|231|24575||||77058a|ALK883|X|X|0|0|7||||132|5|132|5|[]|636148144149060000|13:46:54:906
21|2.1|636147901124000116|77058a|49619.15625|14.4294905533823|101.462237744424||||49619.1484375|230|24475||||77058a|ALK883|X|X|0|0|7||||132|5|132|5|[]|636148144191560000|13:46:59:156
21|2.1|636147901167214437|77058a|49623.46875|14.4247698655203|101.455328374008||||49623.4609375|229.25|24400||||77058a|ALK883|X|X|0|0|7||||132|5|132|5|[]|636148144234690000|13:47:03:469
21|2.1|636147901208398555|77058a|49627.5859375|14.4205641617887|101.449127106771||||49627.578125|228.25|24275||||77058a|ALK883|X|X|0|0|7||||132|5|132|5|[]|636148144275860000|13:47:07:586
21|2.1|636147901252562971|77058a|49632.0078125|14.4159936776314|101.442410855404||||49632|227.5|24200||||77058a|ALK883|X|X|0|0|7||||132|5|132|5|[]|636148144320080000|13:47:12:008
21|2.1|636147901296707385|77058a|49636.4296875|14.4115090241625|101.435780434725||||49636.4140625|226.5|24100||||77058a|ALK883|X|X|0|0|7||||132|5|132|5|[]|636148144364300000|13:47:16:430
21|2.1|636147901338031517|77058a|49640.5546875|14.4072174897425|101.429536252144||||49640.546875|225.75|24000||||77058a|ALK883|X|X|0|0|7||||132|5|132|5|[]|636148144405550000|13:47:20:555
21|2.1|636147901378285542|77058a|49644.5859375|14.4032263627319|101.423656849989||||49644.578125|224.75|23900||||77058a|ALK883|X|X|0|0|7||||132|5|132|5|[]|636148144445860000|13:47:24:586
21|2.1|636147901422289942|77058a|49648.984375|14.3988919129677|101.417262463703||||49648.9765625|223.5|23775||||77058a|ALK883|X|X|0|0|7||||132|5|132|5|[]|636148144489840000|13:47:28:984
21|2.1|636147901465494262|77058a|49653.3046875|14.3945574632035|101.410889535089||||49653.296875|222.25|23650||||77058a|ALK883|X|X|0|0|7||||132|5|132|5|[]|636148144533050000|13:47:33:305
21|2.1|636147901507298442|77058a|49657.4765625|14.3905234208487|101.404902844573||||49657.46875|220.75|23475||||77058a|ALK883|X|X|0|0|7||||132|5|132|5|[]|636148144574770000|13:47:37:477
21|2.1|636147901551612873|77058a|49661.9140625|14.386510836166|101.398508458287||||49661.90625|219|23275||||77058a|ALK883|X|X|0|0|7||||132|5|132|5|[]|636148144619140000|13:47:41:914
21|2.1|636147901593737085|77058a|49666.125|14.3830990663021|101.392156987346||||49666.1171875|217.75|23150||||77058a|ALK883|X|X|0|0|7||||132|5|132|5|[]|636148144661250000|13:47:46:125
21|2.1|636147901634921203|77058a|49670.25|14.3802237382407|101.385633855027||||49670.234375|216|22975||||77058a|ALK883|X|X|0|0|7||||132|5|132|5|[]|636148144702500000|13:47:50:250
21|2.1|636147901685926303|77058a|49675.34375|14.3774771562119|101.37758722799||||49675.3359375|213.75|22725||||77058a|ALK883|X|X|0|0|7||||132|5|132|5|[]|636148144753440000|13:47:55:344
21|2.1|636147901726490359|77058a|49679.40625|14.3756961694276|101.371042637999||||49679.3984375|212|22550||||77058a|ALK883|X|X|0|0|7||||132|5|132|5|[]|636148144794060000|13:47:59:406
21|2.1|636147901771414851|77058a|49683.890625|14.3740010133317|101.363468079748||||49683.875|209.75|22300||||77058a|ALK883|X|X|0|0|7||||132|5|132|5|[]|636148144838910000|13:48:03:891
21|2.1|636147901816189328|77058a|49688.375|14.3725848069731|101.356172471234||||49688.3671875|207.75|22100||||77058a|ALK883|X|X|0|0|7||||132|5|132|5|[]|636148144883750000|13:48:08:375
21|2.1|636147901862833992|77058a|49693.0390625|14.3710827699261|101.348211674885||||49693.03125|205.75|21850||||77058a|ALK883|X|X|0|0|7||||132|5|132|5|[]|636148144930390000|13:48:13:039
21|2.1|636147901904338142|77058a|49697.1875|14.3698382249443|101.341581254206||||49697.1875|204.25|21700||||77058a|ALK883|X|X|0|0|7||||132|5|132|5|[]|636148144971880000|13:48:17:188
21|2.1|636147901947232431|77058a|49701.4765625|14.3685078492741|101.334285645692||||49701.4609375|203|21575||||77058a|ALK883|X|X|0|0|7||||132|5|132|5|[]|636148145014770000|13:48:21:477
21|2.1|636147901989826690|77058a|49705.7265625|14.3672203889481|101.327333359932||||49705.7265625|202|21450||||77058a|ALK883|X|X|0|0|7||||132|5|132|5|[]|636148145057270000|13:48:25:727
21|2.1|636147902035071214|77058a|49710.2578125|14.36591147095|101.319715886336||||49710.2421875|201|21325||||77058a|ALK883|X|X|0|0|7||||132|5|132|5|[]|636148145102580000|13:48:30:258
21|2.1|636147902080465753|77058a|49714.796875|14.3645810952798|101.312420277822||||49714.796875|199.75|21200||||77058a|ALK883|X|X|0|0|7||||132|5|132|5|[]|636148145147970000|13:48:34:797
21|2.1|636147902124770183|77058a|49719.2265625|14.3632292619375|101.304781346555||||49719.2265625|198.75|21100||||77058a|ALK883|X|X|0|0|7||||132|5|132|5|[]|636148145192270000|13:48:39:227
21|2.1|636147902167524458|77058a|49723.5078125|14.3619203439394|101.297829060794||||49723.5078125|198|21025||||77058a|ALK883|X|X|0|0|7||||132|5|132|5|[]|636148145235080000|13:48:43:508
21|2.1|636147902207768482|77058a|49727.53125|14.3606972566297|101.291241555459||||49727.5234375|197|20900||||77058a|ALK883|X|X|0|0|7||||132|5|132|5|[]|636148145275310000|13:48:47:531
21|2.1|636147902251292834|77058a|49731.890625|14.3593239656153|101.284010319962||||49731.8828125|196|20775||||77058a|ALK883|X|X|0|0|7||||132|5|132|5|[]|636148145318910000|13:48:51:891
21|2.1|636147902293417046|77058a|49736.1015625|14.357972132273|101.277122407218||||49736.09375|195|20700||||77058a|ALK883|X|X|0|0|7||||132|5|132|5|[]|636148145361020000|13:48:56:102
21|2.1|636147902333661070|77058a|49740.1171875|14.3567061296191|101.270534901883||||49740.1171875|194|20575||||77058a|ALK883|X|X|0|0|7||||132|5|132|5|[]|636148145401170000|13:49:00:117
21|2.1|636147902376095313|77058a|49744.359375|14.3554186692931|101.263646989139||||49744.3515625|193.25|20500||||77058a|ALK883|X|X|0|0|7||||132|5|132|5|[]|636148145443590000|13:49:04:359
21|2.1|636147902421199823|77058a|49748.8671875|14.3539595475903|101.256072430888||||49748.8671875|192.25|20375||||77058a|ALK883|X|X|0|0|7||||132|5|132|5|[]|636148145488670000|13:49:08:867
21|2.1|636147902462523955|77058a|49753|14.3527579179527|101.249527840897||||49752.9921875|191.5|20325||||77058a|ALK883|X|X|0|0|7||||132|5|132|5|[]|636148145530000000|13:49:13:000
21|2.1|636147902507298432|77058a|49757.4765625|14.3513417115941|101.24199619799||||49757.4765625|190.5|20200||||77058a|ALK883|X|X|0|0|7||||132|5|132|5|[]|636148145574770000|13:49:17:477
21|2.1|636147902549412643|77058a|49761.6875|14.3500971666123|101.23515120059||||49761.6796875|189.5|20100||||77058a|ALK883|X|X|0|0|7||||132|5|132|5|[]|636148145616880000|13:49:21:688
21|2.1|636147902591226824|77058a|49765.875|14.3488311639584|101.228263287846||||49765.875|188.5|19975||||77058a|ALK883|X|X|0|0|7||||132|5|132|5|[]|636148145658750000|13:49:25:875
21|2.1|636147902635541255|77058a|49770.296875|14.3475007882882|101.221117883037||||49770.296875|187.75|19900||||77058a|ALK883|X|X|0|0|7||||132|5|132|5|[]|636148145702970000|13:49:30:297
21|2.1|636147902678125513|77058a|49774.5546875|14.3462347856343|101.214251427965||||49774.5546875|187|19825||||77058a|ALK883|X|X|0|0|7||||132|5|132|5|[]|636148145745550000|13:49:34:555
21|2.1|636147902722739974|77058a|49779.03125|14.3448400369478|101.206805615746||||49779.0234375|186|19725||||77058a|ALK883|X|X|0|0|7||||132|5|132|5|[]|636148145790310000|13:49:39:031
21|2.1|636147902767044404|77058a|49783.4609375|14.3434667459334|101.199703126281||||49783.453125|185|19625||||77058a|ALK883|X|X|0|0|7||||132|5|132|5|[]|636148145834610000|13:49:43:461
21|2.1|636147902810098709|77058a|49787.765625|14.3420076242306|101.192943959569||||49787.765625|184.25|19525||||77058a|ALK883|X|X|0|0|7||||132|5|132|5|[]|636148145877660000|13:49:47:766
21|2.1|636147902851292828|77058a|49791.875|14.3399906030532|101.186399369579||||49791.875|183.25|19400||||77058a|ALK883|X|X|0|0|7||||132|5|132|5|[]|636148145918750000|13:49:51:875
21|2.1|636147902893717070|77058a|49796.125|14.3373942247291|101.180090813981||||49796.125|182.5|19325||||77058a|ALK883|X|X|0|0|7||||132|5|132|5|[]|636148145961250000|13:49:56:125
21|2.1|636147902934131111|77058a|49800.171875|14.3342184892583|101.174404530875||||49800.1640625|182|19275||||77058a|ALK883|X|X|0|0|7||||132|5|132|5|[]|636148146001720000|13:50:00:172
21|2.1|636147902978745572|77058a|49804.625|14.3299698701825|101.168417840359||||49804.625|181.25|19200||||77058a|ALK883|X|X|0|0|7||||132|5|132|5|[]|636148146046250000|13:50:04:625
21|2.1|636147903020549752|77058a|49808.796875|14.3257641664509|101.163632779481||||49808.7890625|180.5|19125||||77058a|ALK883|X|X|0|0|7||||132|5|132|5|[]|636148146087970000|13:50:08:797
21|2.1|636147903064234120|77058a|49813.1796875|14.3207645288516|101.158740430242||||49813.171875|179.75|19025||||77058a|ALK883|X|X|0|0|7||||132|5|132|5|[]|636148146131800000|13:50:13:180
21|2.1|636147903106508347|77058a|49817.3984375|14.3158292642686|101.154298692117||||49817.390625|178.75|18925||||77058a|ALK883|X|X|0|0|7||||132|5|132|5|[]|636148146173980000|13:50:17:398
21|2.1|636147903148162512|77058a|49821.5703125|14.3107867113251|101.149985700025||||49821.5625|177.75|18825||||77058a|ALK883|X|X|0|0|7||||132|5|132|5|[]|636148146215700000|13:50:21:570
21|2.1|636147903192786974|77058a|49826.03125|14.3052291742512|101.145350842852||||49826.0234375|176.75|18725||||77058a|ALK883|X|X|0|0|7||||132|5|132|5|[]|636148146260310000|13:50:26:031
21|2.1|636147903236931388|77058a|49830.4453125|14.2996930948494|101.141188054464||||49830.4453125|175.75|18625||||77058a|ALK883|X|X|0|0|7||||132|5|132|5|[]|636148146304450000|13:50:30:445
21|2.1|636147903280615756|77058a|49834.8203125|14.2937707773498|101.137626080896||||49834.8125|174.75|18500||||77058a|ALK883|X|X|0|0|7||||132|5|132|5|[]|636148146348200000|13:50:34:820
21|2.1|636147903329750669|77058a|49839.7265625|14.2869257799499|101.134600549129||||49839.71875|173.5|18350||||77058a|ALK883|X|X|0|0|7||||132|5|132|5|[]|636148146397270000|13:50:39:727
21|2.1|636147903377805474|77058a|49844.53125|14.2798018328127|101.132433324247||||49844.5234375|172.5|18275||||77058a|ALK883|X|X|0|0|7||||132|5|132|5|[]|636148146445310000|13:50:44:531
21|2.1|636147903420399733|77058a|49848.7890625|14.273428904199|101.130909829528||||49848.78125|171.5|18175||||77058a|ALK883|X|X|0|0|7||||132|5|132|5|[]|636148146487890000|13:50:48:789
21|2.1|636147903465644257|77058a|49853.3046875|14.2664980761107|101.129300504121||||49853.3046875|170.25|18025||||77058a|ALK883|X|X||0|7||||132|5|132|5|[]|636148146533050000|13:50:53:305
21|2.1|636147903507598452|77058a|49857.5078125|14.260125147497|101.127777009402||||49857.5|169.25|17925||||77058a|ALK883|X|X||0|7||||132|5|132|5|[]|636148146575080000|13:50:57:508
21|2.1|636147903548942586|77058a|49861.640625|14.2537736765554|101.126210599338||||49861.6328125|168.25|17800||||77058a|ALK883|X|X|0|0|7||||132|5|132|5|[]|636148146616410000|13:51:01:641
21|2.1|636147903593097001|77058a|49866.0546875|14.2471217982044|101.124515443242||||49866.046875|167|17675||||77058a|ALK883|X|X|0|0|7||||132|5|132|5|[]|636148146660550000|13:51:06:055
21|2.1|636147903635991290|77058a|49870.3515625|14.2407917849349|101.122841744819||||49870.3359375|166|17550||||77058a|ALK883|X|X|0|0|7||||132|5|132|5|[]|636148146703520000|13:51:10:352
21|2.1|636147903680145705|77058a|49874.7578125|14.234161364256|101.121060758034||||49874.75|165|17450||||77058a|ALK883|X|X|0|0|7||||132|5|132|5|[]|636148146747580000|13:51:14:758
21|2.1|636147903722739964|77058a|49879.015625|14.2278528086586|101.119322686594||||49879.0078125|164.5|17375||||77058a|ALK883|X|X|0|0|7||||132|5|132|5|[]|636148146790160000|13:51:19:016
21|2.1|636147903762843974|77058a|49883.0390625|14.2216086260775|101.117606072826||||49883.03125|164|17325||||77058a|ALK883|X|X|0|0|7||||132|5|132|5|[]|636148146830390000|13:51:23:039
21|2.1|636147903805728262|77058a|49887.3203125|14.2153859011685|101.115846543714||||49887.3125|163.25|17250||||77058a|ALK883|X|X|0|0|7||||132|5|132|5|[]|636148146873200000|13:51:27:320
21|2.1|636147903850192708|77058a|49891.765625|14.2088627688501|101.114022641586||||49891.7578125|162.75|17200||||77058a|ALK883|X|X|0|0|7||||132|5|132|5|[]|636148146917660000|13:51:31:766
21|2.1|636147903892466935|77058a|49895.9921875|14.2026615016132|101.112284570145||||49895.9765625|162|17125||||77058a|ALK883|X|X|0|0|7||||132|5|132|5|[]|636148146959920000|13:51:35:992
21|2.1|636147903938021490|77058a|49900.546875|14.1959237925738|101.110396295001||||49900.5390625|161|17000||||77058a|ALK883|X|X|0|0|7||||132|5|132|5|[]|636148147005470000|13:51:40:547
21|2.1|636147903982945982|77058a|49905.046875|14.1892075412065|101.1085509352||||49905.0390625|160|16925||||77058a|ALK883|X|X|0|0|7||||132|5|132|5|[]|636148147050470000|13:51:45:047
21|2.1|636147904033661053|77058a|49910.1171875|14.1819119326925|101.106448083334||||49910.109375|159|16800||||77058a|ALK883|X|X|0|0|7||||132|5|132|5|[]|636148147101170000|13:51:50:117
21|2.1|636147904078735560|77058a|49914.625|14.1751956813252|101.104581265862||||49914.6171875|158.25|16725||||77058a|ALK883|X|X|0|0|7||||132|5|132|5|[]|636148147146250000|13:51:54:625
21|2.1|636147904122579944|77058a|49919|14.1691017024488|101.102886109766||||49918.984375|157.75|16650||||77058a|ALK883|X|X||0|7||||132|5|132|5|[]|636148147190000000|13:51:59:000
21|2.1|636147904167034389|77058a|49923.4453125|14.1624712817699|101.101019292293||||49923.4375|157|16600||||77058a|ALK883|X|X||0|7||||132|5|132|5|[]|636148147234450000|13:52:03:445
21|2.1|636147904209478633|77058a|49927.6953125|14.1563987605656|101.099367051541||||49927.6875|156.25|16500||||77058a|ALK883|X|X|0|0|7||||132|5|132|5|[]|636148147276950000|13:52:07:695
21|2.1|636147904250972782|77058a|49931.8515625|14.1503906123776|101.097650437773||||49931.8359375|155.25|16425||||77058a|ALK883|X|X||0|7||||132|5|132|5|[]|636148147318520000|13:52:11:852
21|2.1|636147904299327617|77058a|49936.6875|14.1434812419614|101.095762162628||||49936.6796875|154|16275||||77058a|ALK883|X|X|0|0|7||||132|5|132|5|[]|636148147366880000|13:52:16:688
21|2.1|636147904340981782|77058a|49940.8515625|14.1374087207571|101.094109921877||||49940.8359375|153|16150||||77058a|ALK883|X|X|0|0|7||||132|5|132|5|[]|636148147408520000|13:52:20:852
21|2.1|636147904389196603|77058a|49945.671875|14.130520808013|101.09220018906||||49945.65625|151.75|16050||||77058a|ALK883|X|X|0|0|7||||132|5|132|5|[]|636148147456720000|13:52:25:672
21|2.1|636147904432250908|77058a|49949.9765625|14.1244268291366|101.090505032964||||49949.9765625|150.75|15925||||77058a|ALK883|X|X|0|0|7||||132|5|132|5|[]|636148147499770000|13:52:29:977
21|2.1|636147904477485431|77058a|49954.5|14.1177964084577|101.088681130835||||49954.484375|149.75|15825||||77058a|ALK883|X|X|0|0|7||||132|5|132|5|[]|636148147545000000|13:52:34:500
21|2.1|636147904521329815|77058a|49958.875|14.1114663951882|101.086943059395||||49958.8671875|149|15725||||77058a|ALK883|X|X|0|0|7||||132|5|132|5|[]|636148147588750000|13:52:38:875
21|2.1|636147904562203902|77058a|49962.96875|14.1056942813933|101.08535519166||||49962.953125|148.25|15650||||77058a|ALK883|X|X|0|0|7||||132|5|132|5|[]|636148147629690000|13:52:42:969
21|2.1|636147904605878269|77058a|49967.328125|14.099407183468|101.08361712022||||49967.3203125|147.5|15575||||77058a|ALK883|X|X|0|0|7||||132|5|132|5|[]|636148147673280000|13:52:47:328
21|2.1|636147904655173198|77058a|49972.2578125|14.0922617786587|101.081643014387||||49972.2578125|146.75|15500||||77058a|ALK883|X|X|0|0|7||||132|5|132|5|[]|636148147722580000|13:52:52:258
21|2.1|636147904697767457|77058a|49976.53125|14.0862965458149|101.079947858291||||49976.515625|145.75|15400||||77058a|ALK883|X|X|0|0|7||||132|5|132|5|[]|636148147765310000|13:52:56:531
21|2.1|636147904740361716|77058a|49980.78125|14.080309855299|101.078295617539||||49980.7734375|144.75|15275||||77058a|ALK883|X|X|0|0|7||||132|5|132|5|[]|636148147807810000|13:53:00:781
21|2.1|636147904783256005|77058a|49985.078125|14.0740442150458|101.076579003771||||49985.078125|143.5|15150||||77058a|ALK883|X|X|0|0|7||||132|5|132|5|[]|636148147850780000|13:53:05:078
21|2.1|636147904829750654|77058a|49989.71875|14.067435252039|101.074755101643||||49989.71875|142.25|15000||||77058a|ALK883|X|X|0|0|7||||132|5|132|5|[]|636148147897190000|13:53:09:719
21|2.1|636147904873275006|77058a|49994.078125|14.0611481541137|101.073017030202||||49994.078125|141.25|14900||||77058a|ALK883|X|X|0|0|7||||132|5|132|5|[]|636148147940780000|13:53:14:078
21|2.1|636147904918509529|77058a|49998.6015625|14.0545391911069|101.071193128074||||49998.59375|140|14775||||77058a|ALK883|X|X|0|0|7||||132|5|132|5|[]|636148147986020000|13:53:18:602
21|2.1|636147904962663944|77058a|50003.015625|14.0482091778374|101.069476514306||||50003.015625|138.75|14650||||77058a|ALK883|X|X|0|0|7||||132|5|132|5|[]|636148148030160000|13:53:23:016
21|2.1|636147905006348312|77058a|50007.390625|14.0421581143052|101.067802815882||||50007.375|137.75|14550||||77058a|ALK883|X|X|0|0|7||||132|5|132|5|[]|636148148073910000|13:53:27:391
21|2.1|636147905049092586|77058a|50011.65625|14.0358281010357|101.066021829098||||50011.65625|136.75|14425||||77058a|ALK883|X|X|0|0|7||||132|5|132|5|[]|636148148116560000|13:53:31:656
21|2.1|636147905093867063|77058a|50016.1328125|14.0294980877662|101.064283757658||||50016.125|136|14350||||77058a|ALK883|X|X|0|0|7||||132|5|132|5|[]|636148148161330000|13:53:36:133
21|2.1|636147905138641540|77058a|50020.609375|14.0228676670873|101.062481313201||||50020.609375|135|14250||||77058a|ALK883|X|X|0|0|7||||132|5|132|5|[]|636148148206090000|13:53:40:609
21|2.1|636147905179355611|77058a|50024.6796875|14.0171384686366|101.060914903138||||50024.671875|134.25|14150||||77058a|ALK883|X|X|0|0|7||||132|5|132|5|[]|636148148246800000|13:53:44:680
21|2.1|636147905223039979|77058a|50029.046875|14.0108084553671|101.059155374026||||50029.046875|133.5|14075||||77058a|ALK883|X|X|0|0|7||||132|5|132|5|[]|636148148290470000|13:53:49:047
21|2.1|636147905268584533|77058a|50033.5859375|14.0045428151139|101.057417302586||||50033.5859375|132.75|14000||||77058a|ALK883|X|X|0|0|7||||132|5|132|5|[]|636148148335860000|13:53:53:586
21|2.1|636147905309778652|77058a|50037.71875|13.9985346669259|101.055765061834||||50037.71875|132|13925||||77058a|ALK883|X|X|0|0|7||||132|5|132|5|[]|636148148377190000|13:53:57:719
21|2.1|636147905353453019|77058a|50042.1015625|13.9922904843448|101.054026990394||||50042.09375|131.25|13825||||77058a|ALK883|X|X|0|0|7||||132|5|132|5|[]|636148148421020000|13:54:02:102
21|2.1|636147905398077481|77058a|50046.5625|13.9860677594358|101.052331834298||||50046.5546875|130.75|13775||||77058a|ALK883|X|X|0|0|7||||132|5|132|5|[]|636148148465630000|13:54:06:563
21|2.1|636147905443472020|77058a|50051.1015625|13.9796090001337|101.050593762858||||50051.09375|130.5|13750||||77058a|ALK883|X|X|0|0|7||||132|5|132|5|[]|636148148511020000|13:54:11:102
21|2.1|636147905484656138|77058a|50055.2109375|13.9737295979783|101.048962979778||||50055.203125|129.75|13675||||77058a|ALK883|X|X|0|0|7||||132|5|132|5|[]|636148148552110000|13:54:15:211
21|2.1|636147905528180490|77058a|50059.5703125|13.967871653495|101.047375112043||||50059.5625|129|13600||||77058a|ALK883|X|X|0|0|7||||132|5|132|5|[]|636148148595700000|13:54:19:570
21|2.1|636147905573114983|77058a|50064.0625|13.9614772672092|101.045637040603||||50064.0546875|128.25|13500||||77058a|ALK883|X|X|0|0|7||||132|5|132|5|[]|636148148640630000|13:54:24:063
21|2.1|636147905617729444|77058a|50068.515625|13.955426203677|101.044006257523||||50068.515625|127|13400||||77058a|ALK883|X|X|0|0|7||||132|5|132|5|[]|636148148685160000|13:54:28:516
21|2.1|636147905661253796|77058a|50072.8828125|13.9493751401448|101.042311101427||||50072.875|125.75|13250||||77058a|ALK883|X|X|0|0|7||||132|5|132|5|[]|636148148728830000|13:54:32:883
21|2.1|636147905705248195|77058a|50077.265625|13.9433669919568|101.040680318348||||50077.265625|124.25|13100||||77058a|ALK883|X|X|0|0|7||||132|5|132|5|[]|636148148772660000|13:54:37:266
21|2.1|636147905749862656|77058a|50081.7265625|13.9373588437688|101.039049535268||||50081.7265625|122.75|12925||||77058a|ALK883|X|X|0|0|7||||132|5|132|5|[]|636148148817270000|13:54:41:727
21|2.1|636147905790736743|77058a|50085.8203125|13.9316725606623|101.037418752189||||50085.8125|121.25|12750||||77058a|ALK883|X|X|0|0|7||||132|5|132|5|[]|636148148858200000|13:54:45:820
21|2.1|636147905831770846|77058a|50089.921875|13.9262223119489|101.035959630486||||50089.9140625|119.75|12600||||77058a|ALK883|X|X|0|0|7||||132|5|132|5|[]|636148148899220000|13:54:49:922
21|2.1|636147905872954964|77058a|50094.0390625|13.9205145711703|101.03437176275||||50094.03125|118.5|12475||||77058a|ALK883|X|X|0|0|7||||132|5|132|5|[]|636148148940390000|13:54:54:039
21|2.1|636147905917889457|77058a|50098.5390625|13.9145493383265|101.032740979671||||50098.53125|117|12325||||77058a|ALK883|X|X|0|0|7||||132|5|132|5|[]|636148148985390000|13:54:58:539
21|2.1|636147905960013669|77058a|50102.7421875|13.9089274282363|101.031174569607||||50102.734375|115.5|12150||||77058a|ALK883|X|X|0|0|7||||132|5|132|5|[]|636148149027420000|13:55:02:742
21|2.1|636147906001037771|77058a|50106.8515625|13.9032411451298|101.029608159544||||50106.84375|114|12000||||77058a|ALK883|X|X|0|0|7||||132|5|132|5|[]|636148149068520000|13:55:06:852
21|2.1|636147906041281795|77058a|50110.8671875|13.8978552694327|101.028149037841||||50110.859375|112.5|11850||||77058a|ALK883|X|X|0|0|7||||132|5|132|5|[]|636148149108670000|13:55:10:867
21|2.1|636147906082935960|77058a|50115.0390625|13.8922119016704|101.026625543122||||50115.03125|111|11675||||77058a|ALK883|X|X|0|0|7||||132|5|132|5|[]|636148149150390000|13:55:15:039
21|2.1|636147906127870453|77058a|50119.53125|13.8863110418429|101.024973302371||||50119.5234375|109.5|11525||||77058a|ALK883|X|X|0|0|7||||132|5|132|5|[]|636148149195310000|13:55:19:531
21|2.1|636147906169204586|77058a|50123.65625|13.8806676740806|101.023428349979||||50123.6484375|107.75|11325||||77058a|ALK883|X|X|0|0|7||||132|5|132|5|[]|636148149236560000|13:55:23:656
21|2.1|636147906214289094|77058a|50128.171875|13.8748097295973|101.0217975669||||50128.1640625|106|11150||||77058a|ALK883|X|X|0|0|7||||132|5|132|5|[]|636148149281720000|13:55:28:172
21|2.1|636147906256413306|77058a|50132.390625|13.8691878195071|101.020231156836||||50132.3828125|104.5|11000||||77058a|ALK883|X|X|0|0|7||||132|5|132|5|[]|636148149323910000|13:55:32:391
21|2.1|636147906299007565|77058a|50136.6484375|13.8632869596796|101.018621831429||||50136.640625|103|10825||||77058a|ALK883|X|X|0|0|7||||132|5|132|5|[]|636148149366480000|13:55:36:648
21|2.1|636147906344242088|77058a|50141.171875|13.8574290151963|101.017012506021||||50141.1640625|101.5|10675||||77058a|ALK883|X|X|0|0|7||||132|5|132|5|[]|636148149411720000|13:55:41:172
21|2.1|636147906385906254|77058a|50145.34375|13.8518071051061|101.015489011302||||50145.328125|100|10500||||77058a|ALK883|X|X|0|0|7||||132|5|132|5|[]|636148149453440000|13:55:45:344
21|2.1|636147906429900653|77058a|50149.7265625|13.845992075967|101.013879685895||||50149.71875|98.75|10350||||77058a|ALK883|X|X|0|0|7||||132|5|132|5|[]|636148149497270000|13:55:49:727
21|2.1|636147906469984661|77058a|50153.7421875|13.8406705732862|101.012442021864||||50153.734375|97.5|10250||||77058a|ALK883|X|X|0|0|7||||132|5|132|5|[]|636148149537420000|13:55:53:742
21|2.1|636147906510238686|77058a|50157.7734375|13.8354134436217|101.010961442489||||50157.7578125|96|10075||||77058a|ALK883|X|X|0|0|7||||132|5|132|5|[]|636148149577730000|13:55:57:773
21|2.1|636147906553443006|77058a|50162.0859375|13.8295984144826|101.009352117082||||50162.078125|94.5|9925||||77058a|ALK883|X|X|0|0|7||||132|5|132|5|[]|636148149620860000|13:56:02:086
21|2.1|636147906595567218|77058a|50166.296875|13.824105250425|101.007871537707||||50166.2890625|93|9775||||77058a|ALK883|X|X|0|0|7||||132|5|132|5|[]|636148149662970000|13:56:06:297
21|2.1|636147906639881649|77058a|50170.7421875|13.8182473059417|101.006262212299||||50170.734375|91.75|9625||||77058a|ALK883|X|X|0|0|7||||132|5|132|5|[]|636148149707420000|13:56:10:742
21|2.1|636147906681375798|77058a|50174.890625|13.8127112265399|101.00473871758||||50174.8828125|90.75|9525||||77058a|ALK883|X|X|0|0|7||||132|5|132|5|[]|636148149748910000|13:56:14:891
21|2.1|636147906725210181|77058a|50179.2734375|13.8069176550729|101.00300064614||||50179.2578125|89.75|9425||||77058a|ALK883|X|X|0|0|7||||132|5|132|5|[]|636148149792730000|13:56:19:273
21|2.1|636147906767494409|77058a|50183.5|13.80157469472|101.000811963586||||50183.4921875|89|9325||||77058a|ALK883|X|X|0|0|7||||132|5|132|5|[]|636148149835000000|13:56:23:500
21|2.1|636147906808678527|77058a|50187.6171875|13.7965106841044|100.998043923885||||50187.609375|88|9225||||77058a|ALK883|X|X|0|0|7||||132|5|132|5|[]|636148149876170000|13:56:27:617
21|2.1|636147906852202879|77058a|50191.96875|13.7918758269308|100.994610696349||||50191.9609375|87.25|9150||||77058a|ALK883|X|X|0|0|7||||132|5|132|5|[]|636148149919690000|13:56:31:969
21|2.1|636147906896657324|77058a|50196.40625|13.7872838851014|100.990233331241||||50196.3984375|86.5|9075||||77058a|ALK883|X|X|0|0|7||||132|5|132|5|[]|636148149964060000|13:56:36:406
21|2.1|636147906937071365|77058a|50200.453125|13.7838291998933|100.985898881476||||50200.4375|85.75|8975||||77058a|ALK883|X|X|0|0|7||||132|5|132|5|[]|636148150004530000|13:56:40:453
21|2.1|636147906980125670|77058a|50204.75|13.7808465834714|100.980920701549||||50204.7421875|85|8900||||77058a|ALK883|X|X|0|0|7||||132|5|132|5|[]|636148150047500000|13:56:44:750
21|2.1|636147907020839741|77058a|50208.828125|13.7784862395404|100.975620656541||||50208.8203125|84.25|8825||||77058a|ALK883|X|X|0|0|7||||132|5|132|5|[]|636148150088280000|13:56:48:828
21|2.1|636147907061093766|77058a|50212.8515625|13.7768125411166|100.970320611532||||50212.8359375|83.5|8750||||77058a|ALK883|X|X|0|0|7||||132|5|132|5|[]|636148150128520000|13:56:52:852
21|2.1|636147907104308087|77058a|50217.1796875|13.7758040305279|100.964591413081||||50217.171875|82.75|8675||||77058a|ALK883|X|X|0|0|7||||132|5|132|5|[]|636148150171800000|13:56:57:180
21|2.1|636147907146112267|77058a|50221.3515625|13.7754607077743|100.958776383942||||50221.3359375|81.75|8575||||77058a|ALK883|X|X|0|0|7||||132|5|132|5|[]|636148150213520000|13:57:01:352
21|2.1|636147907189796635|77058a|50225.7265625|13.7758684035442|100.952639489721||||50225.71875|80.75|8475||||77058a|ALK883|X|X|0|0|7||||132|5|132|5|[]|636148150257270000|13:57:05:727
21|2.1|636147907230680723|77058a|50229.7890625|13.7769412871492|100.947253614024||||50229.78125|79.5|8325||||77058a|ALK883|X|X|0|0|7||||132|5|132|5|[]|636148150297890000|13:57:09:789
21|2.1|636147907272484903|77058a|50233.9921875|13.7786364432451|100.941717534623||||50233.9765625|78.25|8200||||77058a|ALK883|X|X|0|0|7||||132|5|132|5|[]|636148150339920000|13:57:13:992
21|2.1|636147907313198974|77058a|50238.0625|13.7809109564877|100.936353116598||||50238.0625|76.75|8050||||77058a|ALK883|X|X|0|0|7||||132|5|132|5|[]|636148150380630000|13:57:18:063
21|2.1|636147907356253279|77058a|50242.3671875|13.7834429617955|100.931203275294||||50242.359375|75.25|7875||||77058a|ALK883|X|X||0|7||||132|5|132|5|[]|636148150423670000|13:57:22:367
21|2.1|636147907396507304|77058a|50246.3984375|13.7860178824475|100.926375299071||||50246.390625|74|7775||||77058a|ALK883|X|X||0|7||||132|5|132|5|[]|636148150463980000|13:57:26:398
21|2.1|636147907437221375|77058a|50250.4609375|13.7887644644763|100.921332746128||||50250.4453125|72.5|7600||||77058a|ALK883|X|X||0|7||||132|5|132|5|[]|636148150504610000|13:57:30:461
21|2.1|636147907477625415|77058a|50254.5|13.7916183348656|100.91665497361||||50254.484375|71|7450||||77058a|ALK883|X|X||0|7||||132|5|132|5|[]|636148150545000000|13:57:34:500
21|2.1|636147907517719424|77058a|50258.5|13.7948799010248|100.912213235485||||50258.5|69.75|7300||||77058a|ALK883|X|X||0|7||||132|5|132|5|[]|636148150585000000|13:57:38:500
21|2.1|636147907559993651|77058a|50262.7421875|13.7988710280354|100.908050447098||||50262.7265625|68.5|7150||||77058a|ALK883|X|X||0|7||||132|5|132|5|[]|636148150627420000|13:57:42:742
21|2.1|636147907601177769|77058a|50266.859375|13.8033985968485|100.904509931201||||50266.8515625|68|7100||||77058a|ALK883|X|X|0|0|7||||132|5|132|5|[]|636148150668590000|13:57:46:859
21|2.1|636147907643922043|77058a|50271.1328125|13.8083124037594|100.901613145468||||50271.1171875|67.25|7025||||77058a|ALK883|X|X||0|7||||132|5|132|5|[]|636148150711330000|13:57:51:133
21|2.1|636147907684026053|77058a|50275.1484375|13.8132476683424|100.89948883593||||50275.1484375|66.75|6975||||77058a|ALK883|X|X|0|0|7||||132|5|132|5|[]|636148150751480000|13:57:55:148
21|2.1|636147907726150265|77058a|50279.359375|13.8186550017116|100.897900968194||||50279.34375|66|6900||||77058a|ALK883|X|X|0|0|7||||132|5|132|5|[]|636148150793590000|13:57:59:359
21|2.1|636147907769194569|77058a|50283.6640625|13.8244700308507|100.897085576655||||50283.65625|65.5|6850||||77058a|ALK883|X|X|0|0|7||||132|5|132|5|[]|636148150836640000|13:58:03:664
21|2.1|636147907811478797|77058a|50287.890625|13.8300490255967|100.896870999934||||50287.8828125|64.75|6750||||77058a|ALK883|X|X|0|0|7||||132|5|132|5|[]|636148150878910000|13:58:07:891
21|2.1|636147907852662915|77058a|50292.0078125|13.8356065626706|100.896999745966||||50292.0078125|64.25|6700||||77058a|ALK883|X|X|0|0|7||||132|5|132|5|[]|636148150920080000|13:58:12:008
21|2.1|636147907896197268|77058a|50296.359375|13.8411211844003|100.89734306872||||50296.34375|63.25|6600||||77058a|ALK883|X|X|0|0|7||||132|5|132|5|[]|636148150963590000|13:58:16:359
21|2.1|636147907936431291|77058a|50300.3828125|13.8463997717369|100.897686391473||||50300.375|62.5|6525||||77058a|ALK883|X|X|0|0|7||||132|5|132|5|[]|636148151003830000|13:58:20:383
21|2.1|636147907979505598|77058a|50304.6875|13.8521933432039|100.898051171899||||50304.6875|61.5|6425||||77058a|ALK883|X|X|0|0|7||||132|5|132|5|[]|636148151046880000|13:58:24:688
21|2.1|636147908020369684|77058a|50308.78125|13.8574719305405|100.898437409997||||50308.7734375|60.75|6350||||77058a|ALK883|X|X|0|0|7||||132|5|132|5|[]|636148151087810000|13:58:28:781
21|2.1|636147908061243771|77058a|50312.859375|13.8629865522702|100.89878073275||||50312.859375|60|6250||||77058a|ALK883|X|X|0|0|7||||132|5|132|5|[]|636148151128590000|13:58:32:859
21|2.1|636147908102767923|77058a|50317.0078125|13.8685011739999|100.899102597832||||50317.0078125|59.25|6175||||77058a|ALK883|X|X|0|0|7||||132|5|132|5|[]|636148151170080000|13:58:37:008
21|2.1|636147908147042350|77058a|50321.453125|13.8742732877948|100.89948883593||||50321.4453125|58.75|6125||||77058a|ALK883|X|X|0|0|7||||132|5|132|5|[]|636148151214530000|13:58:41:453
21|2.1|636147908192606906|77058a|50326|13.8800454015897|100.899810701011||||50325.9921875|58|6025||||77058a|ALK883|X|X|0|0|7||||132|5|132|5|[]|636148151260000000|13:58:46:000
21|2.1|636147908235501195|77058a|50330.2890625|13.8857531423683|100.900132566093||||50330.2890625|57.25|5975||||77058a|ALK883|X|X|0|0|7||||132|5|132|5|[]|636148151302890000|13:58:50:289
21|2.1|636147908277315376|77058a|50334.484375|13.8912248487538|100.900518804191||||50334.4765625|56.25|5850||||77058a|ALK883|X|X|0|0|7||||132|5|132|5|[]|636148151344840000|13:58:54:484
21|2.1|636147908317869431|77058a|50338.53125|13.8964390630741|100.900797753928||||50338.5234375|55.5|5800||||77058a|ALK883|X|X|0|0|7||||132|5|132|5|[]|636148151385310000|13:58:58:531
21|2.1|636147908359213565|77058a|50342.671875|13.9019107694596|100.901141076681||||50342.6640625|54.5|5675||||77058a|ALK883|X|X|0|0|7||||132|5|132|5|[]|636148151426720000|13:59:02:672
21|2.1|636147908402117855|77058a|50346.953125|13.9073824758451|100.901527314779||||50346.9453125|53.5|5550||||77058a|ALK883|X|X|0|0|7||||132|5|132|5|[]|636148151469530000|13:59:06:953
21|2.1|636147908444702113|77058a|50351.21875|13.9131116742958|100.901913552877||||50351.21875|52.75|5475||||77058a|ALK883|X|X|0|0|7||||132|5|132|5|[]|636148151512190000|13:59:11:219
21|2.1|636147908488546497|77058a|50355.59375|13.9188837880907|100.902299790975||||50355.5859375|52.25|5425||||77058a|ALK883|X|X|0|0|7||||132|5|132|5|[]|636148151555940000|13:59:15:594
21|2.1|636147908532380880|77058a|50359.984375|13.9243554944762|100.902707486745||||50359.9765625|51.75|5375||||77058a|ALK883|X|X|0|0|7||||132|5|132|5|[]|636148151599840000|13:59:19:984
21|2.1|636147908572474889|77058a|50363.9921875|13.9294838781081|100.90307226717||||50363.984375|51.25|5300||||77058a|ALK883|X|X|0|0|7||||132|5|132|5|[]|636148151639920000|13:59:23:992
21|2.1|636147908613969038|77058a|50368.140625|13.9348482961331|100.903458505268||||50368.1328125|51|5300||||77058a|ALK883|X|X|0|0|7||||132|5|132|5|[]|636148151681410000|13:59:28:141
21|2.1|636147908664824123|77058a|50373.21875|13.9414572591399|100.903930574054||||50373.21875|50.25|5225||||77058a|ALK883|X|X||0|7||||132|5|132|5|[]|636148151732190000|13:59:33:219
21|2.1|636147908712408881|77058a|50377.984375|13.9472293729348|100.904359727496||||50377.9765625|49.5|5125||||77058a|ALK883|X|X|0|0|7||||132|5|132|5|[]|636148151779840000|13:59:37:984
21|2.1|636147908761703810|77058a|50382.9140625|13.9533877248275|100.904745965594||||50382.90625|48.75|5050||||77058a|ALK883|X|X|0|0|7||||132|5|132|5|[]|636148151829140000|13:59:42:914
21|2.1|636147908818339473|77058a|50388.5703125|13.9601254338669|100.905239492053||||50388.5625|48.25|5000||||77058a|ALK883|X|X|0|0|7||||132|5|132|5|[]|636148151885700000|13:59:48:570
21|2.1|636147908867784417|77058a|50393.5234375|13.9660906667107|100.90562573015||||50393.515625|47.75|4950||||77058a|ALK883|X|X|0|0|7||||132|5|132|5|[]|636148151935230000|13:59:53:523
21|2.1|636147908910998738|77058a|50397.84375|13.9712619656868|100.905969052904||||50397.8359375|47|4875||||77058a|ALK883|X|X|0|0|7||||132|5|132|5|[]|636148151978440000|13:59:57:844
21|2.1|636147908951722810|77058a|50401.921875|13.9758968228604|100.906205087297||||50401.9140625|46.5|4800||||77058a|ALK883|X|X|0|0|7||||132|5|132|5|[]|636148152019220000|14:00:01:922
21|2.1|636147908995867224|77058a|50406.328125|13.9808750027876|100.906205087297||||50406.3203125|46|4750||||77058a|ALK883|X|X|0|0|7||||132|5|132|5|[]|636148152063280000|14:00:06:328
21|2.1|636147909040331670|77058a|50410.7734375|13.9857888096985|100.905496984118||||50410.765625|45.25|4675||||77058a|ALK883|X|X|0|0|7||||132|5|132|5|[]|636148152107730000|14:00:10:773
21|2.1|636147909083385975|77058a|50415.078125|13.9904022092|100.904016404743||||50415.0703125|44.75|4625||||77058a|ALK883|X|X|0|0|7||||132|5|132|5|[]|636148152150780000|14:00:15:078
21|2.1|636147909124110047|77058a|50419.1484375|13.9942860478501|100.902085214254||||50419.140625|44.25|4575||||77058a|ALK883|X|X|0|0|7||||132|5|132|5|[]|636148152191480000|14:00:19:148
21|2.1|636147909164674103|77058a|50423.2109375|13.9979767674513|100.899445920586||||50423.203125|43.75|4525||||77058a|ALK883|X|X|0|0|7||||132|5|132|5|[]|636148152232110000|14:00:23:211
21|2.1|636147909207568392|77058a|50427.5|14.0011095875779|100.896248727443||||50427.4921875|43|4450||||77058a|ALK883|X|X|0|0|7||||132|5|132|5|[]|636148152275000000|14:00:27:500
21|2.1|636147909252342869|77058a|50431.984375|14.0038132542625|100.892515092497||||50431.9765625|42.5|4400||||77058a|ALK883|X|X|0|0|7||||132|5|132|5|[]|636148152319840000|14:00:31:984
21|2.1|636147909297747409|77058a|50436.5078125|14.0059804791446|100.888266473421||||50436.5|42.25|4350||||77058a|ALK883|X|X|0|0|7||||132|5|132|5|[]|636148152365080000|14:00:36:508
21|2.1|636147909341421776|77058a|50440.8828125|14.0076541775684|100.884039312018||||50440.875|41.75|4300||||77058a|ALK883|X|X|0|0|7||||132|5|132|5|[]|636148152408830000|14:00:40:883
21|2.1|636147909383535987|77058a|50445.1015625|14.0089845532386|100.879962354319||||50445.09375|41.25|4250||||77058a|ALK883|X|X|0|0|7||||132|5|132|5|[]|636148152451020000|14:00:45:102
21|2.1|636147909427380371|77058a|50449.484375|14.0102290982204|100.875649362227||||50449.46875|40.75|4200||||77058a|ALK883|X|X|0|0|7||||132|5|132|5|[]|636148152494840000|14:00:49:484
21|2.1|636147909469974630|77058a|50453.7421875|14.0113448971696|100.871550946856||||50453.734375|40|4125||||77058a|ALK883|X|X|0|0|7||||132|5|132|5|[]|636148152537420000|14:00:53:742
21|2.1|636147909516309263|77058a|50458.375|14.0123319500862|100.86700192037||||50458.359375|39.25|4050||||77058a|ALK883|X|X|0|0|7||||132|5|132|5|[]|636148152583750000|14:00:58:375
21|2.1|636147909557333365|77058a|50462.46875|14.0127825612003|100.862774758967||||50462.4609375|38.5|3975||||77058a|ALK883|X|X|0|0|7||||132|5|132|5|[]|636148152624690000|14:01:02:469
21|2.1|636147909601637795|77058a|50466.8984375|14.0125465268072|100.858354478514||||50466.890625|38|3900||||77058a|ALK883|X|X|0|0|7||||132|5|132|5|[]|636148152668980000|14:01:06:898
21|2.1|636147909644702101|77058a|50471.2109375|14.0115809315627|100.854105859438||||50471.203125|37.75|3875||||77058a|ALK883|X|X|0|0|7||||132|5|132|5|[]|636148152712110000|14:01:11:211
21|2.1|636147909688536484|77058a|50475.59375|14.0101218098599|100.850050359411||||50475.578125|37.5|3850||||77058a|ALK883|X|X|0|0|7||||132|5|132|5|[]|636148152755940000|14:01:15:594
21|2.1|636147909732680898|77058a|50480.0078125|14.0083622807477|100.84625235145||||50480|37.25|3825||||77058a|ALK883|X|X|0|0|7||||132|5|132|5|[]|636148152800080000|14:01:20:008
21|2.1|636147909776675297|77058a|50484.4140625|14.006495463275|100.842540174176||||50484.3984375|37|3800||||77058a|ALK883|X|X|0|0|7||||132|5|132|5|[]|636148152844140000|14:01:24:414
21|2.1|636147909820669696|77058a|50488.8125|14.0045857304581|100.838935285264||||50488.796875|36.75|3775||||77058a|ALK883|X|X|0|0|7||||132|5|132|5|[]|636148152888130000|14:01:28:813
21|2.1|636147909866234252|77058a|50493.359375|14.002633082297|100.835308938679||||50493.3515625|36.25|3725||||77058a|ALK883|X|X|0|0|7||||132|5|132|5|[]|636148152933590000|14:01:33:359
21|2.1|636147909909748603|77058a|50497.7109375|14.0006804341359|100.831789880454||||50497.703125|35.75|3675||||77058a|ALK883|X|X||0|7||||132|5|132|5|[]|636148152977110000|14:01:37:711
21|2.1|636147909963273955|77058a|50503.0625|13.9981913441723|100.827541261378||||50503.046875|35|3600||||77058a|ALK883|X|X||0|7||||132|5|132|5|[]|636148153030630000|14:01:43:063
21|2.1|636147910005228150|77058a|50507.2578125|13.9959382886018|100.824515729612||||50507.25|34.5|3550||||77058a|ALK883|X|X|0|0|7||||132|5|132|5|[]|636148153072580000|14:01:47:258
21|2.1|636147910062323859|77058a|50512.96875|13.9920759076238|100.821382909486||||50512.9609375|33.75|3450||||77058a|ALK883|X|X||0|7||||132|5|132|5|[]|636148153129690000|14:01:52:969
21|2.1|636147910132370863|77058a|50519.96875|13.9865612858941|100.818743615817||||50519.96875|32.75|3350||||77058a|ALK883|X|X||0|7||||132|5|132|5|[]|636148153199690000|14:01:59:969
21|2.1|636147910176365262|77058a|50524.375|13.9829349393092|100.817413240147||||50524.359375|32|3275||||77058a|ALK883|X|X||0|7||||132|5|132|5|[]|636148153243750000|14:02:04:375
21|2.1|636147910216309256|77058a|50528.375|13.9796519154779|100.816275983526||||50528.359375|31.25|3200||||77058a|ALK883|X|X||0|7||||132|5|132|5|[]|636148153283750000|14:02:08:375
21|2.1|636147910256863311|77058a|50532.4296875|13.9761543149256|100.815117269233||||50532.4296875|30.75|3150||||77058a|ALK883|X|X|0|0|7||||132|5|132|5|[]|636148153324300000|14:02:12:430
21|2.1|636147910301327757|77058a|50536.8515625|13.9724635953244|100.814022927955||||50536.8515625|30|3050||||77058a|ALK883|X|X|0|0|7||||132|5|132|5|[]|636148153368520000|14:02:16:852
21|2.1|636147910342821906|77058a|50541.0234375|13.9689874524442|100.813014417367||||50541.015625|29.5|3000||||77058a|ALK883|X|X|0|0|7||||132|5|132|5|[]|636148153410230000|14:02:21:023
21|2.1|636147910383846008|77058a|50545.125|13.9655971402524|100.812113195139||||50545.109375|29|2950||||77058a|ALK883|X|X|0|0|7||||132|5|132|5|[]|636148153451250000|14:02:25:125
21|2.1|636147910428620485|77058a|50549.6015625|13.9617562169465|100.811083226878||||50549.6015625|28.5|2875||||77058a|ALK883|X|X||0|7||||132|5|132|5|[]|636148153496020000|14:02:29:602
21|2.1|636147910478855508|77058a|50554.6328125|13.957571970887|100.809988885601||||50554.625|27.75|2800||||77058a|ALK883|X|X||0|7||||132|5|132|5|[]|636148153546330000|14:02:34:633
21|2.1|636147910519729595|77058a|50558.7109375|13.9542460317115|100.809087663372||||50558.6953125|27|2725||||77058a|ALK883|X|X|0|0|7||||132|5|132|5|[]|636148153587110000|14:02:38:711
21|2.1|636147910561533775|77058a|50562.8984375|13.9507269734871|100.808186441144||||50562.8984375|26.5|2675||||77058a|ALK883|X|X|0|0|7||||132|5|132|5|[]|636148153628980000|14:02:42:898
21|2.1|636147910608348456|77058a|50567.578125|13.9467787618207|100.807135015211||||50567.578125|25.75|2600||||77058a|ALK883|X|X|0|0|7||||132|5|132|5|[]|636148153675780000|14:02:47:578
21|2.1|636147910651552776|77058a|50571.890625|13.9432597035963|100.806190877639||||50571.890625|25|2525||||77058a|ALK883|X|X|0|0|7||||132|5|132|5|[]|636148153718910000|14:02:51:891
21|2.1|636147910694787099|77058a|50576.21875|13.9395904416672|100.805246740067||||50576.21875|24.5|2475||||77058a|ALK883|X|X|0|0|7||||132|5|132|5|[]|636148153762190000|14:02:56:219
21|2.1|636147910740791699|77058a|50580.8203125|13.9357924337055|100.804281144822||||50580.8203125|23.75|2375||||77058a|ALK883|X|X|0|0|7||||132|5|132|5|[]|636148153808200000|14:03:00:820
21|2.1|636147910784316051|77058a|50585.171875|13.9323162908253|100.803358464922||||50585.171875|23.25|2325||||77058a|ALK883|X|X|0|0|7||||132|5|132|5|[]|636148153851720000|14:03:05:172
21|2.1|636147910828780497|77058a|50589.625|13.9285611982078|100.802392869677||||50589.6171875|23|2300||||77058a|ALK883|X|X|0|0|7||||132|5|132|5|[]|636148153896250000|14:03:09:625
21|2.1|636147910869644583|77058a|50593.703125|13.9253210897207|100.801534562793||||50593.6953125|22.75|2275||||77058a|ALK883|X|X|0|0|7||||132|5|132|5|[]|636148153937030000|14:03:13:703
21|2.1|636147910912868905|77058a|50598.0234375|13.9217805738242|100.800611882893||||50598.015625|22.25|2225||||77058a|ALK883|X|X|0|0|7||||132|5|132|5|[]|636148153980230000|14:03:18:023
21|2.1|636147910953112929|77058a|50602.0546875|13.9186048383534|100.799796491353||||50602.046875|22|2200||||77058a|ALK883|X|X|0|0|7||||132|5|132|5|[]|636148154020550000|14:03:22:055
21|2.1|636147910997727390|77058a|50606.515625|13.9151716108174|100.798895269125||||50606.5078125|21.75|2150||||77058a|ALK883|X|X|0|0|7||||132|5|132|5|[]|636148154065160000|14:03:26:516
21|2.1|636147911044072024|77058a|50611.140625|13.9115667219046|100.797951131553||||50611.140625|21.75|2150||||77058a|ALK883|X|X|0|0|7||||132|5|132|5|[]|636148154111410000|14:03:31:141
21|2.1|636147911084156032|77058a|50615.1640625|13.9084553594501|100.797135740013||||50615.15625|21.75|2150||||77058a|ALK883|X|X|0|0|7||||132|5|132|5|[]|636148154151640000|14:03:35:164
21|2.1|636147911125650181|77058a|50619.3125|13.9052367086351|100.796277433129||||50619.3046875|21.75|2150||||77058a|ALK883|X|X|0|0|7||||132|5|132|5|[]|636148154193130000|14:03:39:313
21|2.1|636147911166554271|77058a|50623.3984375|13.9020180578201|100.795440583917||||50623.3984375|21.75|2150||||77058a|ALK883|X|X|0|0|7||||132|5|132|5|[]|636148154233980000|14:03:43:398
21|2.1|636147911207718387|77058a|50627.515625|13.8989496107098|100.794582277033||||50627.5078125|21.75|2150||||77058a|ALK883|X|X|0|0|7||||132|5|132|5|[]|636148154275160000|14:03:47:516
21|2.1|636147911292266841|77058a|50635.9609375|13.8924908514077|100.792844205593||||50635.953125|21.75|2150||||77058a|ALK883|X|X|0|0|7||||132|5|132|5|[]|636148154359610000|14:03:55:961
21|2.1|636147911346092223|77058a|50641.34375|13.8883066053482|100.791706948971||||50641.3359375|21.75|2150||||77058a|ALK883|X|X|0|0|7||||132|5|132|5|[]|636148154413440000|14:04:01:344
21|2.1|636147911387126326|77058a|50645.453125|13.8850664968611|100.790848642087||||50645.4453125|21.75|2150||||77058a|ALK883|X|X|0|0|7||||132|5|132|5|[]|636148154454530000|14:04:05:453
21|2.1|636147911448582471|77058a|50651.59375|13.8802385206386|100.789582639434||||50651.5859375|21.75|2150||||77058a|ALK883|X|X|0|0|7||||132|5|132|5|[]|636148154515940000|14:04:11:594
21|2.1|636147911493666979|77058a|50656.109375|13.8768482084468|100.788659959533||||50656.109375|21.75|2150||||77058a|ALK883|X|X|0|0|7||||132|5|132|5|[]|636148154561090000|14:04:16:109
21|2.1|636147911536891301|77058a|50660.4296875|13.873457896255|100.787758737305||||50660.421875|21.75|2150||||77058a|ALK883|X|X|0|0|7||||132|5|132|5|[]|636148154604300000|14:04:20:430
21|2.1|636147911593196931|77058a|50666.0546875|13.869166361835|100.786642938356||||50666.046875|21.75|2150||||77058a|ALK883|X|X|0|0|7||||132|5|132|5|[]|636148154660550000|14:04:26:055
21|2.1|636147911635641175|77058a|50670.3046875|13.8659262533479|100.785827546816||||50670.296875|21.75|2150||||77058a|ALK883|X|X|0|0|7||||132|5|132|5|[]|636148154703050000|14:04:30:305
21|2.1|636147911678225433|77058a|50674.5625|13.8627076025329|100.785012155276||||50674.5546875|21.75|2150||||77058a|ALK883|X|X|0|0|7||||132|5|132|5|[]|636148154745630000|14:04:34:563
21|2.1|636147911719879598|77058a|50678.71875|13.8594460363737|100.784175306064||||50678.71875|21.75|2150||||77058a|ALK883|X|X|0|0|7||||132|5|132|5|[]|636148154787190000|14:04:38:719
21|2.1|636147911763413951|77058a|50683.0703125|13.8560986395261|100.783274083836||||50683.0625|21.75|2150||||77058a|ALK883|X|X|0|0|7||||132|5|132|5|[]|636148154830700000|14:04:43:070
21|2.1|636147911806458255|77058a|50687.3828125|13.8528370733669|100.782458692296||||50687.375|21.75|2150||||77058a|ALK883|X|X|0|0|7||||132|5|132|5|[]|636148154873830000|14:04:47:383
21|2.1|636147911853732982|77058a|50692.109375|13.8491463537657|100.781493097052||||50692.1015625|21.75|2150||||77058a|ALK883|X|X|0|0|7||||132|5|132|5|[]|636148154921090000|14:04:52:109
21|2.1|636147911902087817|77058a|50696.9453125|13.8454770918366|100.780527501807||||50696.9375|21.75|2150||||77058a|ALK883|X|X|0|0|7||||132|5|132|5|[]|636148154969450000|14:04:56:945
21|2.1|636147911942961904|77058a|50701.03125|13.8422155256774|100.779626279579||||50701.0234375|21.75|2150||||77058a|ALK883|X|X|0|0|7||||132|5|132|5|[]|636148155010310000|14:05:01:031
21|2.1|636147911986646272|77058a|50705.40625|13.8388466711577|100.778767972695||||50705.390625|21.75|2150||||77058a|ALK883|X|X|0|0|7||||132|5|132|5|[]|636148155054060000|14:05:05:406
21|2.1|636147912036101217|77058a|50710.34375|13.8351344938844|100.777780919779||||50710.3359375|21.75|2150||||77058a|ALK883|X|X|0|0|7||||132|5|132|5|[]|636148155103440000|14:05:10:344
21|2.1|636147912084626069|77058a|50715.203125|13.8312721129064|100.776729493846||||50715.1953125|21.75|2150||||77058a|ALK883|X|X|0|0|7||||132|5|132|5|[]|636148155152030000|14:05:15:203
21|2.1|636147912126590265|77058a|50719.3828125|13.8282036657961|100.775892644634||||50719.375|21.75|2150||||77058a|ALK883|X|X|0|0|7||||132|5|132|5|[]|636148155193830000|14:05:19:383
21|2.1|636147912170884694|77058a|50723.8359375|13.8246416922275|100.774991422406||||50723.8203125|21.75|2150||||77058a|ALK883|X|X|0|0|7||||132|5|132|5|[]|636148155238360000|14:05:23:836
21|2.1|636147912210978703|77058a|50727.84375|13.8215732451172|100.774176030866||||50727.8359375|21.75|2150||||77058a|ALK883|X|X|0|0|7||||132|5|132|5|[]|636148155278440000|14:05:27:844
21|2.1|636147912254833088|77058a|50732.2265625|13.8182473059417|100.773274808638||||50732.2109375|21.75|2150||||77058a|ALK883|X|X|0|0|7||||132|5|132|5|[]|636148155322270000|14:05:32:227
21|2.1|636147912294917096|77058a|50736.2265625|13.8152217741756|100.772523790114||||50736.2109375|22|2175||||77058a|ALK883|X|X|0|0|7||||132|5|132|5|[]|636148155362270000|14:05:36:227
21|2.1|636147912339371541|77058a|50740.6796875|13.8119172926722|100.771622567886||||50740.671875|22|2175||||77058a|ALK883|X|X|0|0|7||||132|5|132|5|[]|636148155406800000|14:05:40:680
21|2.1|636147912410978701|77058a|50747.8359375|13.806509959303|100.770249276871||||50747.8203125|21.25|2125||||77058a|ALK883|X|X||0|7||||132|5|132|5|[]|636148155478360000|14:05:47:836
21|2.1|636147912454033006|77058a|50752.1328125|13.803291308488|100.769390969987||||50752.125|20.75|2075||||77058a|ALK883|X|X||0|7||||132|5|132|5|[]|636148155521330000|14:05:52:133
21|2.1|636147912497877390|77058a|50756.5234375|13.7999439116404|100.768532663103||||50756.515625|20|2025||||77058a|ALK883|X|X||0|7||||132|5|132|5|[]|636148155565230000|14:05:56:523
21|2.1|636147912541091711|77058a|50760.8515625|13.796639430137|100.767652898547||||50760.84375|19.25|1925||||77058a|ALK883|X|X||0|7||||132|5|132|5|[]|636148155608520000|14:06:00:852
21|2.1|636147912581655767|77058a|50764.90625|13.7936568137151|100.766880422352||||50764.890625|19|1900||||77058a|ALK883|X|X||0|7||||132|5|132|5|[]|636148155649060000|14:06:04:906
21|2.1|636147912625960197|77058a|50769.328125|13.7903952475559|100.766022115468||||50769.3125|18.5|1825||||77058a|ALK883|X|X||0|7||||132|5|132|5|[]|636148155693280000|14:06:09:328
21|2.1|636147912667614362|77058a|50773.484375|13.7873482581177|100.765185266256||||50773.46875|18|1750||||77058a|ALK883|X|X||0|7||||132|5|132|5|[]|636148155734840000|14:06:13:484
21|2.1|636147912710508651|77058a|50777.78125|13.7843012686795|100.764391332388||||50777.7734375|17.25|1700||||77058a|ALK883|X|X|0|0|7||||132|5|132|5|[]|636148155777810000|14:06:17:781
21|2.1|636147912758093409|77058a|50782.5546875|13.7809109564877|100.763511567832||||50782.5390625|16.5|1625||||77058a|ALK883|X|X|0|0|7||||132|5|132|5|[]|636148155825550000|14:06:22:555
21|2.1|636147912842651864|77058a|50791|13.7748813506276|100.761923700097||||50790.9921875|15.25|1500||||77058a|ALK883|X|X||0|7||||132|5|132|5|[]|636148155910000000|14:06:31:000
21|2.1|636147912885406139|77058a|50795.265625|13.7720060225662|100.761151223901||||50795.25|14.75|1425||||77058a|ALK883|X|X|0|0|7||||132|5|132|5|[]|636148155952660000|14:06:35:266
21|2.1|636147912927200318|77058a|50799.453125|13.769173609849|100.760400205378||||50799.4453125|14.25|1375||||77058a|ALK883|X|X|0|0|7||||132|5|132|5|[]|636148155994530000|14:06:39:453
21|2.1|636147912969014499|77058a|50803.6328125|13.7664270278202|100.759670644526||||50803.625|13.75|1325||||77058a|ALK883|X|X|0|0|7||||132|5|132|5|[]|636148156036330000|14:06:43:633
21|2.1|636147913009108508|77058a|50807.640625|13.7638306494961|100.758983999019||||50807.6328125|13.25|1250||||77058a|ALK883|X|X|0|0|7||||132|5|132|5|[]|636148156076410000|14:06:47:641
21|2.1|636147913049042501|77058a|50811.640625|13.7612986441883|100.758318811184||||50811.6328125|13|1225||||77058a|ALK883|X|X|0|0|7||||132|5|132|5|[]|636148156116410000|14:06:51:641
21|2.1|636147913089446541|77058a|50815.671875|13.7587880965526|100.757632165677||||50815.671875|12.5|1175||||77058a|ALK883|X|X|0|0|7||||132|5|132|5|[]|636148156156720000|14:06:55:672
21|2.1|636147913133910987|77058a|50820.125|13.7560415145238|100.756966977842||||50820.109375|12|1125||||77058a|ALK883|X|X|0|0|7||||132|5|132|5|[]|636148156201250000|14:07:00:125
21|2.1|636147913178535449|77058a|50824.5859375|13.7531876441345|100.75623741699||||50824.578125|11.5|1075||||77058a|ALK883|X|X|0|0|7||||132|5|132|5|[]|636148156245860000|14:07:04:586
21|2.1|636147913221429738|77058a|50828.8515625|13.7506556388267|100.755529313811||||50828.8515625|11|1025||||77058a|ALK883|X|X|0|0|7||||132|5|132|5|[]|636148156288520000|14:07:08:852
21|2.1|636147913266054200|77058a|50833.34375|13.7479090567979|100.754799752959||||50833.34375|10.5|975||||77058a|ALK883|X|X|0|0|7||||132|5|132|5|[]|636148156333440000|14:07:13:344
21|2.1|636147913306458240|77058a|50837.3828125|13.7454414245064|100.754177480469||||50837.3828125|10|900||||77058a|ALK883|X|X|0|0|7||||132|5|132|5|[]|636148156373830000|14:07:17:383
21|2.1|636147913347792373|77058a|50841.515625|13.7428879615265|100.753490834961||||50841.5078125|9.5|850||||77058a|ALK883|X|X|0|0|7||||132|5|132|5|[]|636148156415160000|14:07:21:516
21|2.1|636147913390226616|77058a|50845.75|13.7402701255303|100.752825647126||||50845.75|9|800||||77058a|ALK883|X|X|0|0|7||||132|5|132|5|[]|636148156457500000|14:07:25:750
21|2.1|636147913433440937|77058a|50850.0703125|13.7375664588457|100.752096086275||||50850.0703125|8.5|750||||77058a|ALK883|X|X|0|0|7||||132|5|132|5|[]|636148156500700000|14:07:30:070
21|2.1|636147913474625055|77058a|50854.1953125|13.7349700805216|100.751409440768||||50854.1875|8|700||||77058a|ALK883|X|X|0|0|7||||132|5|132|5|[]|636148156541950000|14:07:34:195
21|2.1|636147913517839376|77058a|50858.5234375|13.7323951598696|100.750701337588||||50858.515625|7.5|650||||77058a|ALK883|X|X|0|0|7||||132|5|132|5|[]|636148156585230000|14:07:38:523
21|2.1|636147913560273619|77058a|50862.765625|13.7297987815455|100.750036149753||||50862.7578125|7|600||||77058a|ALK883|X|X|0|0|7||||132|5|132|5|[]|636148156627660000|14:07:42:766
21|2.1|636147913609888580|77058a|50867.7265625|13.7266659614189|100.749199300541||||50867.71875|6.5|550||||77058a|ALK883|X|X|0|0|7||||132|5|132|5|[]|636148156677270000|14:07:47:727
21|2.1|636147913654032994|77058a|50872.1328125|13.7239622947343|100.748491197362||||50872.1328125|6|475||||77058a|ALK883|X|X|0|0|7||||132|5|132|5|[]|636148156721330000|14:07:52:133
21|2.1|636147913695527143|77058a|50876.28125|13.7213659164102|100.747804551855||||50876.28125|5.5|425||||77058a|ALK883|X|X|0|0|7||||132|5|132|5|[]|636148156762810000|14:07:56:281
21|2.1|636147913738271417|77058a|50880.5625|13.718748080414|100.74713936402||||50880.5625|5|375||||77058a|ALK883|X|X|0|0|7||||132|5|132|5|[]|636148156805630000|14:08:00:563
21|2.1|636147913779465536|77058a|50884.6796875|13.7161087867457|100.74643126084||||50884.6796875|4.5|325||||77058a|ALK883|X|X|0|0|7||||132|5|132|5|[]|636148156846800000|14:08:04:680
21|2.1|636147913833120901|77058a|50890.0546875|13.7126970168818|100.745551496284||||50890.046875|4|275||||77058a|ALK883|X|X||0|7||||132|5|132|5|[]|636148156900550000|14:08:10:055
21|2.1|636147913905978186|77058a|50897.3359375|13.7081479903966|100.744349866647||||50897.328125|3|175||||77058a|ALK883|X|X||0|7||||132|5|132|5|[]|636148156973360000|14:08:17:336
21|2.1|636147913958863474|77058a|50902.625|13.7047147628606|100.743448644419||||50902.6171875|2.5|125||||77058a|ALK883|X|X||0|7||||132|5|132|5|[]|636148157026250000|14:08:22:625
