21|2.1|636147897420429796|800afc|49248.796875|14.7430944311238|99.5295452183773||||49248.7890625|286|30275||||800afc|JAI63|X|X||0|7||||132|5|132|5|[]|636148140487970000|13:40:48:797
21|2.1|636147897460833836|800afc|49252.8359375|14.7497463094748|99.5235799855335||||49252.828125|286.5|30325||||800afc|JAI63|X|X||0|7||||132|5|132|5|[]|636148140528360000|13:40:52:836
21|2.1|636147897503738126|800afc|49257.1328125|14.756870256612|99.5170997685593||||49257.1328125|287.25|30425||||800afc|JAI63|X|X||0|7||||132|5|132|5|[]|636148140571330000|13:40:57:133
21|2.1|636147897546012353|800afc|49261.3515625|14.7638440000445|99.5107912129619||||49261.34375|287.75|30475||||800afc|JAI63|X|X||0|7||||132|5|132|5|[]|636148140613520000|13:41:01:352
21|2.1|636147897586736425|800afc|49265.4375|14.7706460821002|99.5046757764134||||49265.4296875|288.25|30525||||800afc|JAI63|X|X||0|7||||132|5|132|5|[]|636148140654380000|13:41:05:438
21|2.1|636147897629010652|800afc|49269.6640625|14.7776412832048|99.4983457631439||||49269.6640625|288.75|30575||||800afc|JAI63|X|X||0|7||||132|5|132|5|[]|636148140696640000|13:41:09:664
21|2.1|636147897672374988|800afc|49273.9921875|14.7850012647351|99.491715342465||||49273.9921875|289.5|30650||||800afc|JAI63|X|X|0|0|7||||132|5|132|5|[]|636148140739920000|13:41:13:992
21|2.1|636147897714819232|800afc|49278.2421875|14.7919750081676|99.4853853291955||||49278.234375|290|30725||||800afc|JAI63|X|X|0|0|7||||132|5|132|5|[]|636148140782420000|13:41:18:242
21|2.1|636147897755223272|800afc|49282.2890625|14.7988200055675|99.4792055196307||||49282.2734375|291|30825||||800afc|JAI63|X|X|0|0|7||||132|5|132|5|[]|636148140822890000|13:41:22:289
21|2.1|636147897798277577|800afc|49286.5859375|14.8059439527047|99.4727682180007||||49286.578125|291.75|30900||||800afc|JAI63|X|X|0|0|7||||132|5|132|5|[]|636148140865860000|13:41:26:586
21|2.1|636147897839931742|800afc|49290.7421875|14.8127674924325|99.466609866108||||49290.734375|292.5|30975||||800afc|JAI63|X|X|0|0|7||||132|5|132|5|[]|636148140907420000|13:41:30:742
21|2.1|636147897880175766|800afc|49294.7734375|14.8195695744882|99.4604300565432||||49294.765625|293.25|31050||||800afc|JAI63|X|X|0|0|7||||132|5|132|5|[]|636148140947730000|13:41:34:773
21|2.1|636147897922149963|800afc|49298.9765625|14.8265647755928|99.4541215009458||||49298.96875|294.25|31175||||800afc|JAI63|X|X|0|0|7||||132|5|132|5|[]|636148140989770000|13:41:38:977
21|2.1|636147897966144362|800afc|49303.375|14.8338818417789|99.447512537939||||49303.375|295|31250||||800afc|JAI63|X|X|0|0|7||||132|5|132|5|[]|636148141033750000|13:41:43:375
21|2.1|636147898007168464|800afc|49307.4765625|14.8406624661625|99.4413327283742||||49307.46875|295.75|31325||||800afc|JAI63|X|X|0|0|7||||132|5|132|5|[]|636148141074770000|13:41:47:477
21|2.1|636147898055063253|800afc|49312.265625|14.8484730588069|99.4342731542533||||49312.2578125|296.5|31425||||800afc|JAI63|X|X|0|0|7||||132|5|132|5|[]|636148141122660000|13:41:52:266
21|2.1|636147898096877434|800afc|49316.4453125|14.8554468022394|99.4279645986559||||49316.4453125|297.5|31525||||800afc|JAI63|X|X|0|0|7||||132|5|132|5|[]|636148141164450000|13:41:56:445
21|2.1|636147898137431489|800afc|49320.5078125|14.862227426623|99.421763331419||||49320.5|298.25|31600||||800afc|JAI63|X|X|0|0|7||||132|5|132|5|[]|636148141205080000|13:42:00:508
21|2.1|636147898181575903|800afc|49324.9140625|14.869523035137|99.4151758260843||||49324.9140625|299|31675||||800afc|JAI63|X|X|0|0|7||||132|5|132|5|[]|636148141249140000|13:42:04:914
21|2.1|636147898226040349|800afc|49329.3671875|14.876818643651|99.4085454054054||||49329.359375|299.75|31775||||800afc|JAI63|X|X|0|0|7||||132|5|132|5|[]|636148141293670000|13:42:09:367
21|2.1|636147898268784623|800afc|49333.6328125|14.8839640484603|99.4020866461033||||49333.625|300.5|31850||||800afc|JAI63|X|X||0|7||||132|5|132|5|[]|636148141336330000|13:42:13:633
21|2.1|636147898309038648|800afc|49337.65625|14.8905730114671|99.3960570402432||||49337.6484375|301|31900||||800afc|JAI63|X|X||0|7||||132|5|132|5|[]|636148141376560000|13:42:17:656
21|2.1|636147898349442688|800afc|49341.6953125|14.8973750935228|99.3899416036947||||49341.6953125|301.75|31975||||800afc|JAI63|X|X|0|0|7||||132|5|132|5|[]|636148141416950000|13:42:21:695
21|2.1|636147898391096853|800afc|49345.8671875|14.9041128025622|99.3837403364578||||49345.859375|302.5|32075||||800afc|JAI63|X|X|0|0|7||||132|5|132|5|[]|636148141458670000|13:42:25:867
21|2.1|636147898431810924|800afc|49349.9453125|14.9107432232411|99.3773674078441||||49349.9453125|303|32125||||800afc|JAI63|X|X|0|0|7||||132|5|132|5|[]|636148141499450000|13:42:29:945
21|2.1|636147898477675510|800afc|49354.5234375|14.9178886280504|99.3700074263138||||49354.515625|303.75|32200||||800afc|JAI63|X|X|0|0|7||||132|5|132|5|[]|636148141545230000|13:42:34:523
21|2.1|636147898517619504|800afc|49358.5234375|14.9240040645989|99.363398463307||||49358.5234375|304.5|32275||||800afc|JAI63|X|X|0|0|7||||132|5|132|5|[]|636148141585230000|13:42:38:523
21|2.1|636147898562543996|800afc|49363.015625|14.9306559429499|99.3558239050557||||49363.0078125|305.25|32375||||800afc|JAI63|X|X|0|0|7||||132|5|132|5|[]|636148141630160000|13:42:43:016
21|2.1|636147898621049846|800afc|49368.8671875|14.9391746387736|99.3457387991687||||49368.859375|306.25|32475||||800afc|JAI63|X|X|0|0|7||||132|5|132|5|[]|636148141688670000|13:42:48:867
21|2.1|636147898662854026|800afc|49373.046875|14.9451184139453|99.3387650557362||||49373.0390625|306.75|32525||||800afc|JAI63|X|X|0|0|7||||132|5|132|5|[]|636148141730470000|13:42:53:047
21|2.1|636147898706068347|800afc|49377.3671875|14.9515128002311|99.331211955157||||49377.359375|307.5|32600||||800afc|JAI63|X|X|0|0|7||||132|5|132|5|[]|636148141773670000|13:42:57:367
21|2.1|636147898749592699|800afc|49381.71875|14.9577569828122|99.3238734312988||||49381.7109375|308.25|32675||||800afc|JAI63|X|X|0|0|7||||132|5|132|5|[]|636148141817190000|13:43:01:719
21|2.1|636147898790156755|800afc|49385.7734375|14.9637007579839|99.3168567725221||||49385.765625|308.75|32725||||800afc|JAI63|X|X|0|0|7||||132|5|132|5|[]|636148141857730000|13:43:05:773
21|2.1|636147898832440983|800afc|49390|14.9697947368603|99.3096899100407||||49389.984375|309.25|32800||||800afc|JAI63|X|X|0|0|7||||132|5|132|5|[]|636148141900000000|13:43:10:000
21|2.1|636147898875645303|800afc|49394.3203125|14.9760603771135|99.3023299285104||||49394.3046875|310|32875||||800afc|JAI63|X|X|0|0|7||||132|5|132|5|[]|636148141943200000|13:43:14:320
21|2.1|636147898916689407|800afc|49398.4296875|14.9820041522852|99.2953561850779||||49398.421875|310.5|32925||||800afc|JAI63|X|X|0|0|7||||132|5|132|5|[]|636148141984300000|13:43:18:430
21|2.1|636147898961923930|800afc|49402.953125|14.9885701999478|99.2876743384661||||49402.9453125|311.25|33000||||800afc|JAI63|X|X|0|0|7||||132|5|132|5|[]|636148142029530000|13:43:22:953
21|2.1|636147899006848422|800afc|49407.4453125|14.9951362476104|99.2800139495264||||49407.4375|311.75|33050||||800afc|JAI63|X|X|0|0|7||||132|5|132|5|[]|636148142074450000|13:43:27:445
21|2.1|636147899048972634|800afc|49411.65625|15.0012302264868|99.272847087045||||49411.65625|312.5|33125||||800afc|JAI63|X|X|0|0|7||||132|5|132|5|[]|636148142116560000|13:43:31:656
21|2.1|636147899104818218|800afc|49417.234375|15.0092339381801|99.2634271689931||||49417.234375|313.25|33225||||800afc|JAI63|X|X|0|0|7||||132|5|132|5|[]|636148142172340000|13:43:37:234
21|2.1|636147899145072243|800afc|49421.2578125|15.0152420863681|99.2564748832327||||49421.25|314|33300||||800afc|JAI63|X|X|0|0|7||||132|5|132|5|[]|636148142212580000|13:43:41:258
21|2.1|636147899191866922|800afc|49425.9453125|15.022087083768|99.2484711715394||||49425.9375|314.75|33375||||800afc|JAI63|X|X|0|0|7||||132|5|132|5|[]|636148142259450000|13:43:45:945
21|2.1|636147899289846719|800afc|49435.75|15.0363349780424|99.2317985603177||||49435.734375|316.5|33550||||800afc|JAI63|X|X||0|7||||132|5|132|5|[]|636148142357500000|13:43:55:750
21|2.1|636147899334461180|800afc|49440.1953125|15.042901025705|99.224138171378||||49440.1875|317.25|33650||||800afc|JAI63|X|X|0|0|7||||132|5|132|5|[]|636148142401950000|13:44:00:195
21|2.1|636147899375025236|800afc|49444.25|15.0487160548441|99.2173360893223||||49444.234375|317.75|33700||||800afc|JAI63|X|X|0|0|7||||132|5|132|5|[]|636148142442500000|13:44:04:250
21|2.1|636147899414959229|800afc|49448.2578125|15.0545096263111|99.2105340072666||||49448.25|318.5|33800||||800afc|JAI63|X|X|0|0|7||||132|5|132|5|[]|636148142482580000|13:44:08:258
21|2.1|636147899457083441|800afc|49452.453125|15.0606250628596|99.2034100601294||||49452.4453125|319.25|33875||||800afc|JAI63|X|X|0|0|7||||132|5|132|5|[]|636148142524530000|13:44:12:453
21|2.1|636147899497037436|800afc|49456.453125|15.0664400919987|99.1966294357458||||49456.4453125|319.75|33925||||800afc|JAI63|X|X|0|0|7||||132|5|132|5|[]|636148142564530000|13:44:16:453
21|2.1|636147899540071739|800afc|49460.765625|15.0728773936287|99.1891836235271||||49460.765625|320.75|34025||||800afc|JAI63|X|X|0|0|7||||132|5|132|5|[]|636148142607660000|13:44:20:766
21|2.1|636147899589846716|800afc|49465.734375|15.0799369677496|99.1808365890802||||49465.734375|321.5|34100||||800afc|JAI63|X|X|0|0|7||||132|5|132|5|[]|636148142657340000|13:44:25:734
21|2.1|636147899633681099|800afc|49470.125|15.0863742693796|99.1734336922057||||49470.125|322.25|34200||||800afc|JAI63|X|X|0|0|7||||132|5|132|5|[]|636148142701250000|13:44:30:125
21|2.1|636147899675175248|800afc|49474.2734375|15.0924253329118|99.1663312027406||||49474.2734375|323|34275||||800afc|JAI63|X|X|0|0|7||||132|5|132|5|[]|636148142742730000|13:44:34:273
21|2.1|636147899717299460|800afc|49478.484375|15.0985193117882|99.1592287132755||||49478.484375|323.75|34350||||800afc|JAI63|X|X|0|0|7||||132|5|132|5|[]|636148142784840000|13:44:38:484
21|2.1|636147899759133643|800afc|49482.6640625|15.1044416292878|99.1522978851872||||49482.6640625|324.5|34425||||800afc|JAI63|X|X|0|0|7||||132|5|132|5|[]|636148142826640000|13:44:42:664
21|2.1|636147899801067836|800afc|49486.8671875|15.1105356081642|99.1451953957221||||49486.859375|325.25|34525||||800afc|JAI63|X|X|0|0|7||||132|5|132|5|[]|636148142868670000|13:44:46:867
21|2.1|636147899844602189|800afc|49491.21875|15.1168656214337|99.1377710411755||||49491.2109375|326|34600||||800afc|JAI63|X|X|0|0|7||||132|5|132|5|[]|636148142912190000|13:44:51:219
21|2.1|636147899890466775|800afc|49495.796875|15.1234960421126|99.1300248215474||||49495.7890625|326.75|34675||||800afc|JAI63|X|X|0|0|7||||132|5|132|5|[]|636148142957970000|13:44:55:797
21|2.1|636147899931650893|800afc|49499.9296875|15.1294398172843|99.1231154511312||||49499.921875|327.25|34725||||800afc|JAI63|X|X|0|0|7||||132|5|132|5|[]|636148142999300000|13:44:59:930
21|2.1|636147899982816009|800afc|49505.0390625|15.1367783411425|99.1145323822912||||49505.03125|328.25|34850||||800afc|JAI63|X|X||0|7||||132|5|132|5|[]|636148143050390000|13:45:05:039
21|2.1|636147900027750502|800afc|49509.5234375|15.1432585581167|99.1069363663678||||49509.5234375|329.25|34925||||800afc|JAI63|X|X|0|0|7||||132|5|132|5|[]|636148143095230000|13:45:09:523
21|2.1|636147900068304557|800afc|49513.5859375|15.1491379602721|99.1000484536237||||49513.578125|330|35025||||800afc|JAI63|X|X|0|0|7||||132|5|132|5|[]|636148143135860000|13:45:13:586
21|2.1|636147900111368863|800afc|49517.8984375|15.1553177698369|99.0928601334702||||49517.890625|330.75|35100||||800afc|JAI63|X|X|0|0|7||||132|5|132|5|[]|636148143178980000|13:45:17:898
21|2.1|636147900153963122|800afc|49522.15625|15.1613259180249|99.0858434746935||||49522.140625|331.5|35175||||800afc|JAI63|X|X|0|0|7||||132|5|132|5|[]|636148143221560000|13:45:22:156
21|2.1|636147900205598285|800afc|49527.3203125|15.1687717302436|99.0771102021488||||49527.3125|332.5|35275||||800afc|JAI63|X|X|0|0|7||||132|5|132|5|[]|636148143273200000|13:45:27:320
21|2.1|636147900248032528|800afc|49531.5546875|15.1747798784316|99.0700935433721||||49531.546875|333.25|35375||||800afc|JAI63|X|X||0|7||||132|5|132|5|[]|636148143315550000|13:45:31:555
21|2.1|636147900295457270|800afc|49536.296875|15.1816677911757|99.0621112893509||||49536.2890625|334.25|35475||||800afc|JAI63|X|X|0|0|7||||132|5|132|5|[]|636148143362970000|13:45:36:297
21|2.1|636147900339451669|800afc|49540.703125|15.187954889101|99.0548156808369||||49540.6953125|335|35550||||800afc|JAI63|X|X|0|0|7||||132|5|132|5|[]|636148143407030000|13:45:40:703
21|2.1|636147900383126036|800afc|49545.0703125|15.1940917833216|99.0476273606834||||49545.0625|335.5|35625||||800afc|JAI63|X|X|0|0|7||||132|5|132|5|[]|636148143450700000|13:45:45:070
21|2.1|636147900423220045|800afc|49549.078125|15.1999068124607|99.0407823632835||||49549.0703125|336.25|35700||||800afc|JAI63|X|X|0|0|7||||132|5|132|5|[]|636148143490780000|13:45:49:078
21|2.1|636147900466284351|800afc|49553.390625|15.2060437066813|99.0336584161463||||49553.3828125|337|35775||||800afc|JAI63|X|X|0|0|7||||132|5|132|5|[]|636148143533910000|13:45:53:391
21|2.1|636147900509338656|800afc|49557.6875|15.212202058574|99.0264915536649||||49557.6796875|337.5|35825||||800afc|JAI63|X|X|0|0|7||||132|5|132|5|[]|636148143576880000|13:45:57:688
21|2.1|636147900550362758|800afc|49561.796875|15.2180385453852|99.0196894716092||||49561.7890625|338.25|35900||||800afc|JAI63|X|X|0|0|7||||132|5|132|5|[]|636148143617970000|13:46:01:797
21|2.1|636147900594977219|800afc|49566.2578125|15.2243041856384|99.012350947751||||49566.25|338.75|35950||||800afc|JAI63|X|X|0|0|7||||132|5|132|5|[]|636148143662580000|13:46:06:258
21|2.1|636147900635081229|800afc|49570.265625|15.2299904687449|99.0056990694||||49570.265625|339.25|36000||||800afc|JAI63|X|X|0|0|7||||132|5|132|5|[]|636148143702660000|13:46:10:266
21|2.1|636147900677665487|800afc|49574.515625|15.2361059052934|98.9985751222628||||49574.515625|340|36100||||800afc|JAI63|X|X||0|7||||132|5|132|5|[]|636148143745160000|13:46:14:516
21|2.1|636147900722289949|800afc|49578.984375|15.2425002915792|98.9911293100441||||49578.984375|340.5|36150||||800afc|JAI63|X|X|0|0|7||||132|5|132|5|[]|636148143789840000|13:46:18:984
21|2.1|636147900765654285|800afc|49583.3203125|15.2486157281277|98.9839839052348||||49583.3125|341|36200||||800afc|JAI63|X|X|0|0|7||||132|5|132|5|[]|636148143833200000|13:46:23:320
21|2.1|636147900809958715|800afc|49587.75|15.2548813683809|98.9766668390487||||49587.7421875|341.75|36275||||800afc|JAI63|X|X||0|7||||132|5|132|5|[]|636148143877500000|13:46:27:750
21|2.1|636147900851772896|800afc|49591.9296875|15.2608466012247|98.9696930956162||||49591.921875|342.25|36325||||800afc|JAI63|X|X|0|0|7||||132|5|132|5|[]|636148143919300000|13:46:31:930
21|2.1|636147900903088027|800afc|49597.0546875|15.2680992943945|98.9612173151367||||49597.046875|343|36400||||800afc|JAI63|X|X||0|7||||132|5|132|5|[]|636148143970550000|13:46:37:055
21|2.1|636147901237261441|800afc|49630.4765625|15.3153705460308|98.9059423518071||||49630.46875|347.75|36875||||800afc|JAI63|X|X||0|7||||132|5|132|5|[]|636148144304770000|13:47:10:477
21|2.1|636147901282815996|800afc|49635.0234375|15.3218722206771|98.8983892512279||||49635.0234375|348.25|36975||||800afc|JAI63|X|X|0|0|7||||132|5|132|5|[]|636148144350230000|13:47:15:023
21|2.1|636147901357533467|800afc|49642.5078125|15.3324723106945|98.8860081744262||||49642.5|349.25|37075||||800afc|JAI63|X|X||0|7||||132|5|132|5|[]|636148144425080000|13:47:22:508
21|2.1|636147901401067820|800afc|49646.859375|15.3385448318988|98.8789056849611||||49646.8515625|349.5|37100||||800afc|JAI63|X|X||0|7||||132|5|132|5|[]|636148144468590000|13:47:26:859
21|2.1|636147901441781891|800afc|49650.9296875|15.3443384033658|98.8721250605775||||49650.921875|349.75|37150||||800afc|JAI63|X|X|0|0|7||||132|5|132|5|[]|636148144509300000|13:47:30:930
21|2.1|636147901487176430|800afc|49655.46875|15.3506898743074|98.864722163703||||49655.453125|350.25|37200||||800afc|JAI63|X|X|0|0|7||||132|5|132|5|[]|636148144554690000|13:47:35:469
21|2.1|636147901531330845|800afc|49659.890625|15.3570628029211|98.8572763514843||||49659.8828125|350.75|37225||||800afc|JAI63|X|X|0|0|7||||132|5|132|5|[]|636148144598910000|13:47:39:891
21|2.1|636147901572824994|800afc|49664.0234375|15.3628134590439|98.8504957271007||||49664.015625|351.25|37300||||800afc|JAI63|X|X|0|0|7||||132|5|132|5|[]|636148144640230000|13:47:44:023
21|2.1|636147901621339845|800afc|49668.890625|15.3697442871322|98.842406184719||||49668.8828125|351.5|37325||||800afc|JAI63|X|X||0|7||||132|5|132|5|[]|636148144688910000|13:47:48:891
21|2.1|636147901662843995|800afc|49673.0390625|15.3753232818782|98.8354538989586||||49673.0390625|352|37375||||800afc|JAI63|X|X|0|0|7||||132|5|132|5|[]|636148144730390000|13:47:53:039
21|2.1|636147901702938004|800afc|49677.046875|15.3803443771496|98.8283084941493||||49677.0390625|352|37375||||800afc|JAI63|X|X|0|0|7||||132|5|132|5|[]|636148144770470000|13:47:57:047
21|2.1|636147901745832293|800afc|49681.3359375|15.3850650650116|98.8201974940955||||49681.328125|352.25|37400||||800afc|JAI63|X|X|0|0|7||||132|5|132|5|[]|636148144813360000|13:48:01:336
21|2.1|636147901789516661|800afc|49685.6953125|15.3892493110711|98.8114856792229||||49685.6875|352.75|37450||||800afc|JAI63|X|X|0|0|7||||132|5|132|5|[]|636148144856950000|13:48:05:695
21|2.1|636147901829920701|800afc|49689.75|15.3928327423118|98.8034390521854||||49689.7421875|353.25|37500||||800afc|JAI63|X|X||0|7||||132|5|132|5|[]|636148144897500000|13:48:09:750
21|2.1|636147901879065615|800afc|49694.65625|15.3970599037155|98.793482692331||||49694.6484375|353.5|37550||||800afc|JAI63|X|X|0|0|7||||132|5|132|5|[]|636148144946560000|13:48:14:656
21|2.1|636147901938661574|800afc|49700.6171875|15.4021882873474|98.7813161922503||||49700.609375|354|37600||||800afc|JAI63|X|X|0|0|7||||132|5|132|5|[]|636148145006170000|13:48:20:617
21|2.1|636147901996377345|800afc|49706.390625|15.407037721242|98.7697505069884||||49706.375|354.5|37650||||800afc|JAI63|X|X|0|0|7||||132|5|132|5|[]|636148145063910000|13:48:26:391
21|2.1|636147902037411448|800afc|49710.484375|15.4106640678269|98.7612103534926||||49710.484375|354.75|37675||||800afc|JAI63|X|X|0|0|7||||132|5|132|5|[]|636148145104840000|13:48:30:484
21|2.1|636147902107148421|800afc|49717.46875|15.4166507583428|98.7472414089555||||49717.453125|355.25|37725||||800afc|JAI63|X|X|0|0|7||||132|5|132|5|[]|636148145174690000|13:48:37:469
21|2.1|636147902155193225|800afc|49722.28125|15.4208135467302|98.7374567104779||||49722.265625|355.5|37750||||800afc|JAI63|X|X|0|0|7||||132|5|132|5|[]|636148145222810000|13:48:42:281
21|2.1|636147902200437749|800afc|49726.78125|15.4247188430524|98.7283586575075||||49726.7734375|355.75|37775||||800afc|JAI63|X|X||0|7||||132|5|132|5|[]|636148145267810000|13:48:46:781
21|2.1|636147902249422647|800afc|49731.6875|15.428924546784|98.718380839981||||49731.6796875|356|37800||||800afc|JAI63|X|X|0|0|7||||132|5|132|5|[]|636148145316880000|13:48:51:688
21|2.1|636147902299967701|800afc|49736.75|15.4333662849087|98.7079738690125||||49736.7421875|356.25|37825||||800afc|JAI63|X|X|0|0|7||||132|5|132|5|[]|636148145367500000|13:48:56:750
21|2.1|636147902380615765|800afc|49744.8046875|15.440297112997|98.6914514614955||||49744.8046875|356.5|37850||||800afc|JAI63|X|X|0|0|7||||132|5|132|5|[]|636148145448050000|13:49:04:805
21|2.1|636147902421179821|800afc|49748.8671875|15.4437517982051|98.6832760884254||||49748.859375|356.75|37875||||800afc|JAI63|X|X|0|0|7||||132|5|132|5|[]|636148145488670000|13:49:08:867
21|2.1|636147902575935295|800afc|49764.3359375|15.4571628432676|98.6514972760453||||49764.328125|357.5|37950||||800afc|JAI63|X|X||0|7||||132|5|132|5|[]|636148145643360000|13:49:24:336
21|2.1|636147902621339835|800afc|49768.875|15.4610681395898|98.6422704770423||||49768.8671875|358|38025||||800afc|JAI63|X|X|0|0|7||||132|5|132|5|[]|636148145688750000|13:49:28:875
21|2.1|636147902664704171|800afc|49773.2265625|15.4648876052236|98.6332367970882||||49773.21875|358.25|38050||||800afc|JAI63|X|X|0|0|7||||132|5|132|5|[]|636148145732270000|13:49:33:227
21|2.1|636147902709638664|800afc|49777.7109375|15.46883581689|98.6240314557573||||49777.703125|358.75|38100||||800afc|JAI63|X|X|0|0|7||||132|5|132|5|[]|636148145777110000|13:49:37:711
21|2.1|636147902767514451|800afc|49783.5|15.4738783698335|98.6121009900697||||49783.484375|359.25|38150||||800afc|JAI63|X|X|0|0|7||||132|5|132|5|[]|636148145835000000|13:49:43:500
21|2.1|636147902817589458|800afc|49788.5078125|15.4782342772698|98.601865680478||||49788.5|359.75|38200||||800afc|JAI63|X|X||0|7||||132|5|132|5|[]|636148145885080000|13:49:48:508
21|2.1|636147902860643763|800afc|49792.8203125|15.4819679122152|98.5930251195728||||49792.8125|360|38225||||800afc|JAI63|X|X|0|0|7||||132|5|132|5|[]|636148145928200000|13:49:52:820
21|2.1|636147902916499348|800afc|49798.40625|15.4871821265355|98.581695468704||||49798.3984375|360|38225||||800afc|JAI63|X|X|0|0|7||||132|5|132|5|[]|636148145984060000|13:49:58:406
21|2.1|636147903170954791|800afc|49823.8515625|15.5225014548121|98.5386513784714||||49823.84375|360|38225||||800afc|JAI63|X|X||0|7||||132|5|132|5|[]|636148146238520000|13:50:23:852
21|2.1|636147903241451840|800afc|49830.8984375|15.5349898199743|98.5293816641242||||49830.890625|360|38225||||800afc|JAI63|X|X|0|0|7||||132|5|132|5|[]|636148146308980000|13:50:30:898
21|2.1|636147903305278222|800afc|49837.28125|15.5464053015315|98.5217641905287||||49837.2734375|360|38225||||800afc|JAI63|X|X|0|0|7||||132|5|132|5|[]|636148146372810000|13:50:37:281
21|2.1|636147903353793073|800afc|49842.125|15.5553746084693|98.5158847883733||||49842.1171875|359.75|38200||||800afc|JAI63|X|X|0|0|7||||132|5|132|5|[]|636148146421250000|13:50:42:125
21|2.1|636147903513058998|800afc|49858.046875|15.5845141271811|98.4970664099416||||49858.0390625|360|38225||||800afc|JAI63|X|X|0|0|7||||132|5|132|5|[]|636148146580470000|13:50:58:047
21|2.1|636147903555653257|800afc|49862.3203125|15.592432008186|98.4919809416539||||49862.3046875|360|38225||||800afc|JAI63|X|X|0|0|7||||132|5|132|5|[]|636148146623200000|13:51:02:320
21|2.1|636147903795747264|800afc|49886.328125|15.6365275243515|98.4637855605145||||49886.3203125|360|38225||||800afc|JAI63|X|X||0|7||||132|5|132|5|[]|636148146863280000|13:51:26:328
21|2.1|636147903868754564|800afc|49893.625|15.6500244001024|98.4553312377071||||49893.6171875|359.75|||||800afc|JAI63|X|X||0|7||||132|5|132|5|[]|636148146936250000|13:51:33:625
