21|2.1|636147911604278039|88001d|50667.15625|13.9850807065192|108.471236132185||||50667.1484375|380|40525||||88001d|THA625|X|X|0|0|6||||132|163|132|163|[]|636148154671560000|14:04:27:156
21|2.1|636147912767924392|88001d|50783.5234375|13.9977407330582|108.20164193992||||50783.515625|380|||||88001d|THA625|X|X||0|6||||132|163|132|163|[]|636148155835230000|14:06:23:523
21|2.1|636147912824400039|88001d|50789.171875|13.998341547877|108.188638590628||||50789.1640625|380|40525||||88001d|THA625|X|X|0|0|6||||132|163|132|163|[]|636148155891720000|14:06:29:172
21|2.1|636147912866514250|88001d|50793.375|13.998770701319|108.178875349822||||50793.3671875|380|40525||||88001d|THA625|X|X|0|0|6||||132|163|132|163|[]|636148155933750000|14:06:33:375
21|2.1|636147912915189117|88001d|50798.2421875|13.9993286007936|108.1672023762||||50798.234375|379.75|40500||||88001d|THA625|X|X||0|6||||132|163|132|163|[]|636148155982420000|14:06:38:242
21|2.1|636147912964484046|88001d|50803.1796875|13.999843584924|108.156022929036||||50803.1796875|380|40525||||88001d|THA625|X|X|0|0|6||||132|163|132|163|[]|636148156031800000|14:06:43:180
21|2.1|636147913010508648|88001d|50807.7734375|14.0003800267265|108.145294092986||||50807.765625|380|40525||||88001d|THA625|X|X|0|0|6||||132|163|132|163|[]|636148156077730000|14:06:47:773
21|2.1|636147913060743671|88001d|50812.8046875|14.000916468529|108.133664034707||||50812.796875|380|40525||||88001d|THA625|X|X|0|0|6||||132|163|132|163|[]|636148156128050000|14:06:52:805
21|2.1|636147913111598756|88001d|50817.890625|14.0014743680036|108.121518992299||||50817.890625|380|40525||||88001d|THA625|X|X|0|0|6||||132|163|132|163|[]|636148156178910000|14:06:57:891
21|2.1|636147913152002796|88001d|50821.921875|14.0019249791177|108.112206362607||||50821.9140625|380|40525||||88001d|THA625|X|X|0|0|6||||132|163|132|163|[]|636148156219220000|14:07:01:922
21|2.1|636147913203177913|88001d|50827.046875|14.0025043362644|108.100061320199||||50827.0390625|380|40525||||88001d|THA625|X|X|0|0|6||||132|163|132|163|[]|636148156270470000|14:07:07:047
21|2.1|636147913313318926|88001d|50838.0546875|14.0036845082299|108.074397944367||||50838.046875|380|40525||||88001d|THA625|X|X||0|6||||132|163|132|163|[]|636148156380550000|14:07:18:055
21|2.1|636147913455443137|88001d|50852.265625|14.0045857304581|108.041245840973||||50852.2578125|380|40525||||88001d|THA625|X|X|0|0|6||||132|163|132|163|[]|636148156522660000|14:07:32:266
21|2.1|636147913533910983|88001d|50860.1171875|14.0047359341628|108.02302827736||||50860.109375|380|40525||||88001d|THA625|X|X|0|0|6||||132|163|132|163|[]|636148156601170000|14:07:40:117
21|2.1|636147913574155007|88001d|50864.140625|14.0047359341628|108.013651274652||||50864.140625|380|40525||||88001d|THA625|X|X|0|0|6||||132|163|132|163|[]|636148156641410000|14:07:44:141
21|2.1|636147913621429734|88001d|50868.8671875|14.0046286458023|108.002428912144||||50868.859375|380|40525||||88001d|THA625|X|X|0|0|6||||132|163|132|163|[]|636148156688670000|14:07:48:867
21|2.1|636147913740461636|88001d|50880.7734375|14.0041136616719|107.974834345823||||50880.765625|380|40525||||88001d|THA625|X|X|0|0|6||||132|163|132|163|[]|636148156807730000|14:08:00:773
21|2.1|636147913781495739|88001d|50884.875|14.0038561696067|107.965006732001||||50884.8671875|380|40525||||88001d|THA625|X|X|0|0|6||||132|163|132|163|[]|636148156848750000|14:08:04:875
21|2.1|636147913822989888|88001d|50889.0234375|14.0035772198694|107.95569410231||||50889.015625|380|40525||||88001d|THA625|X|X||0|6||||132|163|132|163|[]|636148156890230000|14:08:09:023
21|2.1|636147913864174006|88001d|50893.140625|14.00327681246|107.94588794616||||50893.140625|380|40525||||88001d|THA625|X|X||0|6||||132|163|132|163|[]|636148156931410000|14:08:13:141
21|2.1|636147913906758264|88001d|50897.40625|14.0029978627227|107.936081790011||||50897.3984375|380|40525||||88001d|THA625|X|X|0|0|6||||132|163|132|163|[]|636148156974060000|14:08:17:406
21|2.1|636147913950442632|88001d|50901.765625|14.002633082297|107.925803565075||||50901.7578125|380|40525||||88001d|THA625|X|X|0|0|6||||132|163|132|163|[]|636148157017660000|14:08:21:766
21|2.1|636147913991936781|88001d|50905.9140625|14.0023112172155|107.915997408925||||50905.90625|380|40525||||88001d|THA625|X|X||0|6||||132|163|132|163|[]|636148157059140000|14:08:25:914
21|2.1|636147914041551742|88001d|50910.8828125|14.0018820637735|107.904302977631||||50910.875|380|40525||||88001d|THA625|X|X|0|0|6||||132|163|132|163|[]|636148157108830000|14:08:30:883
21|2.1|636147914087566343|88001d|50915.484375|14.0014743680036|107.893595599253||||50915.4765625|380|40525||||88001d|THA625|X|X||0|6||||132|163|132|163|[]|636148157154840000|14:08:35:484
21|2.1|636147914135931179|88001d|50920.3125|14.0010881299058|107.882373236744||||50920.3046875|380|40525||||88001d|THA625|X|X||0|6||||132|163|132|163|[]|636148157203130000|14:08:40:313
21|2.1|636147914176815267|88001d|50924.4140625|14.0007233494801|107.873017691709||||50924.40625|380|40525||||88001d|THA625|X|X||0|6||||132|163|132|163|[]|636148157244140000|14:08:44:414
21|2.1|636147914226570242|88001d|50929.3828125|14.0003371113823|107.861344718086||||50929.375|380|40525||||88001d|THA625|X|X|0|0|6||||132|163|132|163|[]|636148157293830000|14:08:49:383
21|2.1|636147914654193000|88001d|50972.140625|13.9964961880764|107.761630915838||||50972.140625|380|40525||||88001d|THA625|X|X||0|6||||132|163|132|163|[]|636148157721410000|14:09:32:141
21|2.1|636147914734050985|88001d|50980.125|13.9958095425692|107.743005656455||||50980.1171875|380|40525||||88001d|THA625|X|X|0|0|6||||132|163|132|163|[]|636148157801250000|14:09:40:125
21|2.1|636147914779455525|88001d|50984.671875|13.9953803891272|107.732319735749||||50984.6640625|380|40525||||88001d|THA625|X|X|0|0|6||||132|163|132|163|[]|636148157846720000|14:09:44:672
21|2.1|636147914820329612|88001d|50988.765625|13.9950370663736|107.722964190713||||50988.7578125|380|40525||||88001d|THA625|X|X|0|0|6||||132|163|132|163|[]|636148157887660000|14:09:48:766
21|2.1|636147914867284307|88001d|50993.453125|13.9946293706037|107.711784743549||||50993.4453125|380|40525||||88001d|THA625|X|X|0|0|6||||132|163|132|163|[]|636148157934530000|14:09:53:453
21|2.1|636147914909718550|88001d|50997.703125|13.9942431325059|107.702000045072||||50997.6953125|380|40525||||88001d|THA625|X|X|0|0|6||||132|163|132|163|[]|636148157977030000|14:09:57:703
21|2.1|636147914953252903|88001d|51002.046875|13.993835436736|107.691786193152||||51002.0390625|380|40525||||88001d|THA625|X|X|0|0|6||||132|163|132|163|[]|636148158020470000|14:10:02:047
21|2.1|636147914998177395|88001d|51006.546875|13.9934706563103|107.681507968216||||51006.5390625|380|40525||||88001d|THA625|X|X|0|0|6||||132|163|132|163|[]|636148158065470000|14:10:06:547
21|2.1|636147915038261403|88001d|51010.5546875|13.9931058758846|107.672173880853||||51010.546875|380|40525||||88001d|THA625|X|X|0|0|6||||132|163|132|163|[]|636148158105550000|14:10:10:555
21|2.1|636147915080545631|88001d|51014.7734375|13.9927196377868|107.662410640047||||51014.765625|380|40525||||88001d|THA625|X|X|0|0|6||||132|163|132|163|[]|636148158147730000|14:10:14:773
21|2.1|636147915121569733|88001d|51018.875|13.992333399689|107.652604483898||||51018.8671875|380|40525||||88001d|THA625|X|X|0|0|6||||132|163|132|163|[]|636148158188750000|14:10:18:875
21|2.1|636147915164474023|88001d|51023.171875|13.9919686192633|107.642798327748||||51023.1640625|380|40525||||88001d|THA625|X|X|0|0|6||||132|163|132|163|[]|636148158231720000|14:10:23:172
21|2.1|636147915205668142|88001d|51027.28125|13.9915823811655|107.63301362927||||51027.2734375|380|40525||||88001d|THA625|X|X|0|0|6||||132|163|132|163|[]|636148158272810000|14:10:27:281
21|2.1|636147915246842259|88001d|51031.4140625|13.9912176007398|107.623679541907||||51031.40625|380|40525||||88001d|THA625|X|X|0|0|6||||132|163|132|163|[]|636148158314140000|14:10:31:414
21|2.1|636147915288806455|88001d|51035.6015625|13.9908528203141|107.613873385757||||51035.59375|380|40525||||88001d|THA625|X|X|0|0|6||||132|163|132|163|[]|636148158356020000|14:10:35:602
21|2.1|636147915333280902|88001d|51040.046875|13.9904451245442|107.603166007379||||51040.0390625|380|40525||||88001d|THA625|X|X|0|0|7||||132|163|132|163|[]|636148158400470000|14:10:40:047
21|2.1|636147915373984972|88001d|51044.125|13.9900803441185|107.593853377688||||51044.1171875|380|40525||||88001d|THA625|X|X|0|0|7||||132|163|132|163|[]|636148158441250000|14:10:44:125
21|2.1|636147915417519325|88001d|51048.4765625|13.9897155636928|107.583575152752||||51048.46875|380|40525||||88001d|THA625|X|X|0|0|7||||132|163|132|163|[]|636148158484770000|14:10:48:477
21|2.1|636147915461193692|88001d|51052.8359375|13.9893078679229|107.573296927816||||51052.828125|380|40525||||88001d|THA625|X|X|0|0|7||||132|163|132|163|[]|636148158528360000|14:10:52:836
21|2.1|636147915524540026|88001d|51059.171875|13.9887714261204|107.558855914493||||51059.1640625|380|40525||||88001d|THA625|X|X||0|7||||132|163|132|163|[]|636148158591720000|14:10:59:172
21|2.1|636147915569154487|88001d|51063.6328125|13.9883422726784|107.548105620771||||51063.625|380|40525||||88001d|THA625|X|X|0|0|7||||132|163|132|163|[]|636148158636330000|14:11:03:633
21|2.1|636147915612518823|88001d|51067.9765625|13.9879774922527|107.538320922293||||51067.96875|380|40525||||88001d|THA625|X|X|0|0|7||||132|163|132|163|[]|636148158679770000|14:11:07:977
