21|2.1|636147908699617602|88044d|50376.6796875|8.1341314243238|98.245668323618||||50376.671875|39.75|4075||||88044d|X|X|X|0|0|6||||132|83|132|83|[]|636148151766800000|13:59:36:680
21|2.1|636147908757803420|88044d|50382.5078125|8.1398177074303|98.2444452363083||||50382.5|40|4125||||88044d|X|X|X||0|6||||132|83|132|83|[]|636148151825080000|13:59:42:508
21|2.1|636147908802887928|88044d|50387.015625|8.1444311069318|98.2436942177848||||50387.015625|40.75|4200||||88044d|AIQ3028|X|X|0|0|6||||132|83|132|83|[]|636148151870160000|13:59:47:016
21|2.1|636147909036581295|88044d|50410.375|8.1718110965314|98.2479857522048||||50410.375|46.75|4800||||88044d|AIQ3028|X|X||0|6||||132|83|132|83|[]|636148152103750000|14:00:10:375
21|2.1|636147909091346771|88044d|50415.859375|8.1787633822918|98.2496809083007||||50415.8515625|48.25|4975||||88044d|AIQ3028|X|X|0|0|6||||132|83|132|83|[]|636148152158590000|14:00:15:859
21|2.1|636147909131910827|88044d|50419.90625|8.1840205119563|98.2510112839709||||50419.8984375|49.5|5125||||88044d|AIQ3028|X|X||0|6||||132|83|132|83|[]|636148152199060000|14:00:19:906
21|2.1|636147909227230358|88044d|50429.4375|8.1966805384953|98.2541441040975||||50429.4296875|53.25|5475||||88044d|AIQ3028|X|X||0|6||||132|83|132|83|[]|636148152294380000|14:00:29:438
21|2.1|636147909287606395|88044d|50435.4921875|8.2048773692375|98.2561396676028||||50435.484375|56.5|5825||||88044d|AIQ3028|X|X||0|6||||132|83|132|83|[]|636148152354920000|14:00:35:492
21|2.1|636147909344392073|88044d|50441.15625|8.2125592158493|98.2580494004197||||50441.1484375|59.75|6150||||88044d|AIQ3028|X|X||0|6||||132|83|132|83|[]|636148152411560000|14:00:41:156
21|2.1|636147909414899123|88044d|50448.21875|8.2221722529501|98.2604097443507||||50448.2109375|64|6600||||88044d|AIQ3028|X|X||0|6||||132|83|132|83|[]|636148152482190000|14:00:48:219
21|2.1|636147909462323865|88044d|50452.9453125|8.2285666392359|98.2619976120861||||50452.9375|66.75|6900||||88044d|AIQ3028|X|X|0|0|6||||132|83|132|83|[]|636148152529450000|14:00:52:945
21|2.1|636147909505068139|88044d|50457.21875|8.2344460413913|98.2634352761168||||50457.2109375|69.25|7150||||88044d|AIQ3028|X|X||0|6||||132|83|132|83|[]|636148152572190000|14:00:57:219
21|2.1|636147909554053037|88044d|50462.125|8.2411408350865|98.2650875168685||||50462.125|72|7475||||88044d|AIQ3028|X|X||0|6||||132|83|132|83|[]|636148152621250000|14:01:02:125
21|2.1|636147909603828014|88044d|50467.1015625|8.247900001798|98.266696842276||||50467.0859375|74.75|7775||||88044d|AIQ3028|X|X||0|6||||132|83|132|83|[]|636148152671020000|14:01:07:102
21|2.1|636147909643912022|88044d|50471.109375|8.2534360811998|98.2680057602741||||50471.1015625|77|8000||||88044d|AIQ3028|X|X||0|6||||132|83|132|83|[]|636148152711090000|14:01:11:109
21|2.1|636147909717239354|88044d|50478.4375|8.2635426447589|98.2703231888609||||50478.4296875|81|8425||||88044d|AIQ3028|X|X||0|6||||132|83|132|83|[]|636148152784380000|14:01:18:438
21|2.1|636147909764824112|88044d|50483.1953125|8.2701516077657|98.2718252259079||||50483.1953125|83.5|8700||||88044d|AIQ3028|X|X||0|6||||132|83|132|83|[]|636148152831950000|14:01:23:195
21|2.1|636147909805558185|88044d|50487.28125|8.2758164332001|98.2731770592502||||50487.2734375|85.5|8925||||88044d|AIQ3028|X|X||0|6||||132|83|132|83|[]|636148152872810000|14:01:27:281
21|2.1|636147909845942223|88044d|50491.3125|8.2814383432903|98.2745288925925||||50491.3046875|87.5|9125||||88044d|AIQ3028|X|X||0|6||||132|83|132|83|[]|636148152913130000|14:01:31:313
21|2.1|636147909893206949|88044d|50496.0390625|8.2880687639692|98.2760094719674||||50496.03125|89.75|9375||||88044d|AIQ3028|X|X||0|6||||132|83|132|83|[]|636148152960390000|14:01:36:039
21|2.1|636147909936891317|88044d|50500.40625|8.2942700312061|98.2772754746213||||50500.3984375|92|9600||||88044d|AIQ3028|X|X|0|0|6||||132|83|132|83|[]|636148153004060000|14:01:40:406
21|2.1|636147909983535981|88044d|50505.078125|8.3009433672292|98.2785200196031||||50505.0703125|94.25|9825||||88044d|AIQ3028|X|X|0|0|6||||132|83|132|83|[]|636148153050780000|14:01:45:078
21|2.1|636147910027220349|88044d|50509.4375|8.3072090074824|98.2796572762244||||50509.4375|96.25|10075||||88044d|AIQ3028|X|X|0|0|6||||132|83|132|83|[]|636148153094380000|14:01:49:438
21|2.1|636147910071214748|88044d|50513.828125|8.3134746477356|98.2807945328457||||50513.828125|98.5|10275||||88044d|AIQ3028|X|X|0|0|6||||132|83|132|83|[]|636148153138280000|14:01:53:828
21|2.1|636147910111618788|88044d|50517.890625|8.3193111345468|98.2818888741228||||50517.875|100.5|10500||||88044d|AIQ3028|X|X|0|0|6||||132|83|132|83|[]|636148153178910000|14:01:57:891
21|2.1|636147910152642890|88044d|50521.9765625|8.3252119943743|98.2830261307441||||50521.96875|102.75|10725||||88044d|AIQ3028|X|X|0|0|6||||132|83|132|83|[]|636148153219770000|14:02:01:977
21|2.1|636147910202577883|88044d|50526.96875|8.3324003145278|98.2844852524469||||50526.9609375|105|11000||||88044d|AIQ3028|X|X|0|0|6||||132|83|132|83|[]|636148153269690000|14:02:06:969
21|2.1|636147910243131938|88044d|50531.0390625|8.3383440896995|98.2856868820845||||50531.03125|106.75|11200||||88044d|AIQ3028|X|X|0|0|6||||132|83|132|83|[]|636148153310390000|14:02:11:039
21|2.1|636147910286346259|88044d|50535.3515625|8.3446097299527|98.2869528847384||||50535.34375|108.75|11375||||88044d|AIQ3028|X|X|0|0|6||||132|83|132|83|[]|636148153353520000|14:02:15:352
21|2.1|636147910326440268|88044d|50539.3671875|8.3504891321081|98.2882832604086||||50539.3671875|110.75|11575||||88044d|AIQ3028|X|X|0|0|6||||132|83|132|83|[]|636148153393670000|14:02:19:367
21|2.1|636147910370284652|88044d|50543.75|8.3568620607218|98.2897423821114||||50543.7421875|113|11850||||88044d|AIQ3028|X|X|0|0|6||||132|83|132|83|[]|636148153437500000|14:02:23:750
21|2.1|636147910415829206|88044d|50548.3125|8.3635353967449|98.2914160805352||||50548.3046875|115.5|12075||||88044d|AIQ3028|X|X|0|0|6||||132|83|132|83|[]|636148153483130000|14:02:28:313
21|2.1|636147910458733496|88044d|50552.6015625|8.3697581216539|98.2929610329264||||50552.59375|117.5|12325||||88044d|AIQ3028|X|X|0|0|6||||132|83|132|83|[]|636148153526020000|14:02:32:602
21|2.1|636147910500537676|88044d|50556.765625|8.3758950158745|98.2944416123013||||50556.765625|119.5|12550||||88044d|AIQ3028|X|X|0|0|6||||132|83|132|83|[]|636148153567660000|14:02:36:766
21|2.1|636147910540481670|88044d|50560.765625|8.3817529603578|98.2958363609878||||50560.765625|121|12700||||88044d|AIQ3028|X|X|0|0|6||||132|83|132|83|[]|636148153607660000|14:02:40:766
21|2.1|636147910584786100|88044d|50565.1875|8.3882975503483|98.297381313379||||50565.1796875|123|12925||||88044d|AIQ3028|X|X|0|0|6||||132|83|132|83|[]|636148153651880000|14:02:45:188
21|2.1|636147910628460467|88044d|50569.5625|8.3947563096504|98.2987975197376||||50569.546875|125|13150||||88044d|AIQ3028|X|X|0|0|6||||132|83|132|83|[]|636148153695630000|14:02:49:563
21|2.1|636147910669804601|88044d|50573.6953125|8.4009575768873|98.300170810752||||50573.6953125|127|13350||||88044d|AIQ3028|X|X|0|0|6||||132|83|132|83|[]|636148153736950000|14:02:53:695
21|2.1|636147910713799000|88044d|50578.1015625|8.4075236245499|98.3015441017664||||50578.09375|129|13550||||88044d|AIQ3028|X|X|0|0|6||||132|83|132|83|[]|636148153781020000|14:02:58:102
21|2.1|636147910757323352|88044d|50582.453125|8.4140682145404|98.3028744774366||||50582.4453125|131|13775||||88044d|AIQ3028|X|X|0|0|6||||132|83|132|83|[]|636148153824530000|14:03:02:453
21|2.1|636147910798977517|88044d|50586.6171875|8.4202909394494|98.3041833954347||||50586.6171875|133|14000||||88044d|AIQ3028|X|X|0|0|6||||132|83|132|83|[]|636148153866170000|14:03:06:617
21|2.1|636147910842661885|88044d|50590.9765625|8.4268355294399|98.3055781441212||||50590.96875|135|14200||||88044d|AIQ3028|X|X|0|0|6||||132|83|132|83|[]|636148153909770000|14:03:10:977
21|2.1|636147910882755894|88044d|50594.9921875|8.4328222199558|98.306822689103||||50594.9765625|137|14400||||88044d|AIQ3028|X|X|0|0|6||||132|83|132|83|[]|636148153949920000|14:03:14:992
21|2.1|636147910923940012|88044d|50599.109375|8.4390664025369|98.3080886917569||||50599.1015625|138.75|14600||||88044d|AIQ3028|X|X|0|0|6||||132|83|132|83|[]|636148153991090000|14:03:19:109
21|2.1|636147910964034021|88044d|50603.1328125|8.445096008397|98.3093332367387||||50603.125|140.25|14775||||88044d|AIQ3028|X|X|0|0|6||||132|83|132|83|[]|636148154031330000|14:03:23:133
21|2.1|636147911006618279|88044d|50607.3828125|8.4515976830433|98.3106421547368||||50607.375|141.5|14925||||88044d|AIQ3028|X|X|0|0|6||||132|83|132|83|[]|636148154073830000|14:03:27:383
21|2.1|636147911048742491|88044d|50611.6015625|8.4580779000175|98.311972530407||||50611.59375|142.25|15000||||88044d|AIQ3028|X|X|0|0|6||||132|83|132|83|[]|636148154116020000|14:03:31:602
21|2.1|636147911089776594|88044d|50615.6875|8.4644508286312|98.3132385330609||||50615.6796875|143|15100||||88044d|AIQ3028|X|X||0|6||||132|83|132|83|[]|636148154156880000|14:03:35:688
21|2.1|636147911130020618|88044d|50619.71875|8.4707808419007|98.3145259933869||||50619.7109375|143.5|15150||||88044d|AIQ3028|X|X||0|6||||132|83|132|83|[]|636148154197190000|14:03:39:719
21|2.1|636147911177135329|88044d|50624.4375|8.4783768578241|98.3160924034502||||50624.4296875|144.25|15225||||88044d|AIQ3028|X|X|0|0|6||||132|83|132|83|[]|636148154244380000|14:03:44:438
21|2.1|636147911225340149|88044d|50629.2578125|8.4861230774522|98.3180021362671||||50629.2578125|145.25|15325||||88044d|AIQ3028|X|X|0|0|6||||132|83|132|83|[]|636148154292580000|14:03:49:258
21|2.1|636147911267614376|88044d|50633.4765625|8.49294661718|98.3200191574445||||50633.4765625|146.25|15450||||88044d|AIQ3028|X|X|0|0|6||||132|83|132|83|[]|636148154334770000|14:03:53:477
21|2.1|636147911311138728|88044d|50637.8359375|8.4999203606125|98.3224224167197||||50637.8359375|147.5|15575||||88044d|AIQ3028|X|X|0|0|6||||132|83|132|83|[]|636148154378360000|14:03:57:836
21|2.1|636147911355133127|88044d|50642.2421875|8.5069155617171|98.3252119140927||||50642.2265625|149|15750||||88044d|AIQ3028|X|X|0|0|6||||132|83|132|83|[]|636148154422420000|14:04:02:242
21|2.1|636147911395707184|88044d|50646.2890625|8.513331405675|98.3279155807773||||50646.28125|150.25|15850||||88044d|AIQ3028|X|X|0|0|6||||132|83|132|83|[]|636148154462890000|14:04:06:289
21|2.1|636147911436571270|88044d|50650.3828125|8.5198116226492|98.3307479934945||||50650.375|152|16025||||88044d|AIQ3028|X|X|0|0|6||||132|83|132|83|[]|636148154503830000|14:04:10:383
21|2.1|636147911480885701|88044d|50654.8046875|8.5268068237538|98.3338378982769||||50654.796875|154.25|16250||||88044d|AIQ3028|X|X|0|0|6||||132|83|132|83|[]|636148154548050000|14:04:14:805
21|2.1|636147911527370349|88044d|50659.453125|8.534145347612|98.3370565490919||||50659.4375|156.25|16500||||88044d|AIQ3028|X|X|0|0|6||||132|83|132|83|[]|636148154594530000|14:04:19:453
21|2.1|636147911576195231|88044d|50664.3359375|8.5419130249122|98.3404468612837||||50664.328125|158.25|16700||||88044d|AIQ3028|X|X|0|0|6||||132|83|132|83|[]|636148154643360000|14:04:24:336
21|2.1|636147911616439255|88044d|50668.3671875|8.5483288688701|98.3432363586567||||50668.359375|159.75|16875||||88044d|AIQ3028|X|X|0|0|6||||132|83|132|83|[]|636148154683670000|14:04:28:367
21|2.1|636147911659503561|88044d|50672.671875|8.5551953239421|98.3462618904228||||50672.6640625|161|17025||||88044d|AIQ3028|X|X||0|6||||132|83|132|83|[]|636148154726720000|14:04:32:672
21|2.1|636147911699907601|88044d|50676.7109375|8.5616969985884|98.34909430314||||50676.703125|162.25|17150||||88044d|AIQ3028|X|X|0|0|6||||132|83|132|83|[]|636148154767110000|14:04:36:711
21|2.1|636147911742811891|88044d|50681|8.5686063690046|98.3521627502503||||50680.9921875|163.5|17275||||88044d|AIQ3028|X|X|0|0|6||||132|83|132|83|[]|636148154810000000|14:04:41:000
21|2.1|636147911784616071|88044d|50685.1796875|8.5753869933882|98.355102451328||||50685.1640625|164.75|17400||||88044d|AIQ3028|X|X|0|0|6||||132|83|132|83|[]|636148154851800000|14:04:45:180
21|2.1|636147911824560065|88044d|50689.1796875|8.5818672103624|98.3579348640452||||50689.171875|166.25|17575||||88044d|AIQ3028|X|X|0|0|6||||132|83|132|83|[]|636148154891800000|14:04:49:180
21|2.1|636147911874175026|88044d|50694.140625|8.5899567527441|98.361539752958||||50694.1328125|167.75|17725||||88044d|AIQ3028|X|X|0|0|6||||132|83|132|83|[]|636148154941410000|14:04:54:141
21|2.1|636147911922069815|88044d|50698.921875|8.5977673453885|98.364972980494||||50698.9140625|169.75|17925||||88044d|AIQ3028|X|X|0|0|6||||132|83|132|83|[]|636148154989220000|14:04:58:922
21|2.1|636147911963243932|88044d|50703.0390625|8.6044835967558|98.3679126815717||||50703.0390625|171.5|18100||||88044d|AIQ3028|X|X|0|0|6||||132|83|132|83|[]|636148155030390000|14:05:03:039
21|2.1|636147912011448752|88044d|50707.859375|8.6123585624165|98.3713888244519||||50707.84375|173.5|18350||||88044d|AIQ3028|X|X|0|0|6||||132|83|132|83|[]|636148155078590000|14:05:07:859
21|2.1|636147912062933900|88044d|50713.0078125|8.6207914275518|98.3751224593973||||50713|175.75|18575||||88044d|AIQ3028|X|X|0|0|6||||132|83|132|83|[]|636148155130080000|14:05:13:008
21|2.1|636147912112388845|88044d|50717.9609375|8.6288380545893|98.3786844329659||||50717.953125|178|18825||||88044d|AIQ3028|X|X|0|0|6||||132|83|132|83|[]|636148155179610000|14:05:17:961
21|2.1|636147912156383244|88044d|50722.3515625|8.6360049170707|98.3818172530925||||50722.34375|179.5|18975||||88044d|AIQ3028|X|X||0|6||||132|83|132|83|[]|636148155223520000|14:05:22:352
21|2.1|636147912198817487|88044d|50726.6015625|8.642935745159|98.3848857002028||||50726.59375|181.25|19200||||88044d|AIQ3028|X|X||0|6||||132|83|132|83|[]|636148155266020000|14:05:26:602
21|2.1|636147912243271932|88044d|50731.046875|8.650231353673|98.3881043510178||||50731.046875|182.5|19300||||88044d|AIQ3028|X|X|0|0|6||||132|83|132|83|[]|636148155310470000|14:05:31:047
21|2.1|636147912285396144|88044d|50735.25|8.6571407240892|98.3911298827839||||50735.2421875|184|19475||||88044d|AIQ3028|X|X|0|0|6||||132|83|132|83|[]|636148155352500000|14:05:35:250
21|2.1|636147912328300434|88044d|50739.5390625|8.6642002982101|98.3942627029105||||50739.53125|185.5|19650||||88044d|AIQ3028|X|X|0|0|6||||132|83|132|83|[]|636148155395390000|14:05:39:539
21|2.1|636147912373694973|88044d|50744.09375|8.6717104834451|98.397588642086||||50744.0859375|186.75|19775||||88044d|AIQ3028|X|X||0|6||||132|83|132|83|[]|636148155440940000|14:05:44:094
21|2.1|636147912414099013|88044d|50748.1171875|8.6784052771403|98.4005068854916||||50748.1171875|188.25|19950||||88044d|AIQ3028|X|X||0|6||||132|83|132|83|[]|636148155481170000|14:05:48:117
21|2.1|636147912457163319|88044d|50752.4375|8.6855721396217|98.4036611632903||||50752.4375|189.75|20100||||88044d|AIQ3028|X|X||0|6||||132|83|132|83|[]|636148155524380000|14:05:52:438
21|2.1|636147912499127515|88044d|50756.6328125|8.6925244253821|98.4067296104006||||50756.625|191.25|20275||||88044d|AIQ3028|X|X||0|6||||132|83|132|83|[]|636148155566330000|14:05:56:633
21|2.1|636147912540781680|88044d|50760.7890625|8.6994337957983|98.4097980575109||||50760.78125|192.75|20425||||88044d|AIQ3028|X|X|0|0|6||||132|83|132|83|[]|636148155607890000|14:06:00:789
21|2.1|636147912581185720|88044d|50764.84375|8.7061715048377|98.4127377585886||||50764.828125|194.5|20600||||88044d|AIQ3028|X|X|0|0|6||||132|83|132|83|[]|636148155648440000|14:06:04:844
21|2.1|636147912629390540|88044d|50769.6484375|8.7141537588589|98.4162353591409||||50769.640625|196.5|20800||||88044d|AIQ3028|X|X|0|0|6||||132|83|132|83|[]|636148155696480000|14:06:09:648
21|2.1|636147912669644565|88044d|50773.6796875|8.720827094882|98.4191750602186||||50773.671875|198.25|21000||||88044d|AIQ3028|X|X|0|0|6||||132|83|132|83|[]|636148155736800000|14:06:13:680
21|2.1|636147912709888589|88044d|50777.7109375|8.7275218885772|98.4221147612963||||50777.703125|199.5|21150||||88044d|AIQ3028|X|X|0|0|6||||132|83|132|83|[]|636148155777110000|14:06:17:711
21|2.1|636147912750762676|88044d|50781.7890625|8.7343239706329|98.4250973777182||||50781.7890625|200.75|21300||||88044d|AIQ3028|X|X|0|0|6||||132|83|132|83|[]|636148155817890000|14:06:21:789
21|2.1|636147912799907590|88044d|50786.703125|8.742499343703|98.428702266631||||50786.6875|202.25|21450||||88044d|AIQ3028|X|X|0|0|6||||132|83|132|83|[]|636148155867030000|14:06:26:703
21|2.1|636147912845142113|88044d|50791.234375|8.7500524442822|98.4320067481344||||50791.21875|204|21625||||88044d|AIQ3028|X|X|0|0|6||||132|83|132|83|[]|636148155912340000|14:06:31:234
21|2.1|636147912888676466|88044d|50795.59375|8.757305137452|98.4351824836052||||50795.5859375|205.75|21800||||88044d|AIQ3028|X|X|0|0|6||||132|83|132|83|[]|636148155955940000|14:06:35:594
21|2.1|636147912932980896|88044d|50800.0234375|8.7646651189823|98.4384011344202||||50800.015625|207.5|22000||||88044d|AIQ3028|X|X||0|6||||132|83|132|83|[]|636148156000230000|14:06:40:023
21|2.1|636147912973064904|88044d|50804.03125|8.7713169973333|98.4413408354979||||50804.015625|209|22150||||88044d|AIQ3028|X|X||0|6||||132|83|132|83|[]|636148156040310000|14:06:44:031
21|2.1|636147913016749272|88044d|50808.390625|8.7785696905031|98.4445380286408||||50808.375|210.75|22325||||88044d|AIQ3028|X|X||0|6||||132|83|132|83|[]|636148156083910000|14:06:48:391
21|2.1|636147913057773374|88044d|50812.5|8.7853932302309|98.4474991873906||||50812.4921875|212.5|22525||||88044d|AIQ3028|X|X||0|6||||132|83|132|83|[]|636148156125000000|14:06:52:500
21|2.1|636147913098347431|88044d|50816.546875|8.7920880239261|98.4504818038125||||50816.5390625|214|22725||||88044d|AIQ3028|X|X||0|6||||132|83|132|83|[]|636148156165470000|14:06:56:547
21|2.1|636147913139841580|88044d|50820.703125|8.7989544789981|98.4535073355786||||50820.6953125|215.5|22875||||88044d|AIQ3028|X|X||0|6||||132|83|132|83|[]|636148156207030000|14:07:00:703
21|2.1|636147913181175713|88044d|50824.84375|8.8058209340701|98.4565328673447||||50824.8359375|216.5|23000||||88044d|AIQ3028|X|X|0|0|6||||132|83|132|83|[]|636148156248440000|14:07:04:844
21|2.1|636147913226890284|88044d|50829.4140625|8.8134598653377|98.4599017218644||||50829.40625|217.5|23125||||88044d|AIQ3028|X|X||0|6||||132|83|132|83|[]|636148156294140000|14:07:09:414
21|2.1|636147913267294324|88044d|50833.4296875|8.8201546590329|98.4628414229421||||50833.421875|218.25|23200||||88044d|AIQ3028|X|X|0|0|6||||132|83|132|83|[]|636148156334300000|14:07:13:430
21|2.1|636147913310348629|88044d|50837.75|8.827471725219|98.4660600737571||||50837.7421875|219.25|23300||||88044d|AIQ3028|X|X|0|0|6||||132|83|132|83|[]|636148156377500000|14:07:17:750
21|2.1|636147913351532747|88044d|50841.875|8.8344025533073|98.4691285208674||||50841.859375|220.25|23400||||88044d|AIQ3028|X|X|0|0|6||||132|83|132|83|[]|636148156418750000|14:07:21:875
21|2.1|636147913391626756|88044d|50845.8828125|8.841204635363|98.4721111372893||||50845.875|221.5|23525||||88044d|AIQ3028|X|X|0|0|6||||132|83|132|83|[]|636148156458830000|14:07:25:883
21|2.1|636147913435311124|88044d|50850.2421875|8.8485646168933|98.4753297881043||||50850.234375|222.75|23650||||88044d|AIQ3028|X|X|0|0|6||||132|83|132|83|[]|636148156502420000|14:07:30:242
21|2.1|636147913477585351|88044d|50854.46875|8.8557529370468|98.4785055235751||||50854.46875|223.75|23800||||88044d|AIQ3028|X|X|0|0|6||||132|83|132|83|[]|636148156544690000|14:07:34:469
21|2.1|636147913517679360|88044d|50858.4921875|8.8625764767746|98.4815310553412||||50858.4765625|224.5|23875||||88044d|AIQ3028|X|X|0|0|6||||132|83|132|83|[]|636148156584920000|14:07:38:492
21|2.1|636147913563853977|88044d|50863.1015625|8.8704514424353|98.4850286558935||||50863.09375|225.75|23975||||88044d|AIQ3028|X|X|0|0|6||||132|83|132|83|[]|636148156631020000|14:07:43:102
21|2.1|636147913608008392|88044d|50867.5234375|8.8780260006866|98.488354595069||||50867.515625|227.25|24150||||88044d|AIQ3028|X|X|0|0|6||||132|83|132|83|[]|636148156675230000|14:07:47:523
21|2.1|636147913652002791|88044d|50871.921875|8.8855576435937|98.4916161612282||||50871.9140625|228.75|24300||||88044d|AIQ3028|X|X|0|0|6||||132|83|132|83|[]|636148156719220000|14:07:51:922
21|2.1|636147913692886879|88044d|50876.0078125|8.8925528446983|98.4947489813548||||50876.0078125|230.25|24450||||88044d|AIQ3028|X|X|0|0|6||||132|83|132|83|[]|636148156760080000|14:07:56:008
21|2.1|636147913736881278|88044d|50880.4140625|8.9000630299333|98.4980749205303||||50880.40625|231.5|24625||||88044d|AIQ3028|X|X|0|0|6||||132|83|132|83|[]|636148156804140000|14:08:00:414
21|2.1|636147913777435333|88044d|50884.4609375|8.9070367733658|98.5011004522964||||50884.453125|232.5|24725||||88044d|AIQ3028|X|X|0|0|6||||132|83|132|83|[]|636148156844610000|14:08:04:461
21|2.1|636147913819399529|88044d|50888.6640625|8.9142680088635|98.5042547300951||||50888.65625|233|24800||||88044d|AIQ3028|X|X|0|0|6||||132|83|132|83|[]|636148156886640000|14:08:08:664
21|2.1|636147913859493538|88044d|50892.671875|8.9211773792797|98.5073231772054||||50892.6640625|233.75|24875||||88044d|AIQ3028|X|X|0|0|6||||132|83|132|83|[]|636148156926720000|14:08:12:672
21|2.1|636147913899897578|88044d|50896.703125|8.9281725803843|98.5103916243157||||50896.6953125|234.25|24925||||88044d|AIQ3028|X|X|0|0|6||||132|83|132|83|[]|636148156967030000|14:08:16:703
21|2.1|636147913943891977|88044d|50901.1015625|8.9359188000124|98.5138033941796||||50901.1015625|235|25000||||88044d|AIQ3028|X|X|0|0|6||||132|83|132|83|[]|636148157011020000|14:08:21:102
21|2.1|636147913984136001|88044d|50905.1328125|8.9429569164612|98.5169147566341||||50905.1171875|236|25100||||88044d|AIQ3028|X|X|0|0|6||||132|83|132|83|[]|636148157051330000|14:08:25:133
21|2.1|636147914025640151|88044d|50909.2734375|8.9502310673031|98.5201334074491||||50909.2578125|237|25200||||88044d|AIQ3028|X|X|0|0|6||||132|83|132|83|[]|636148157092730000|14:08:29:273
21|2.1|636147914068224409|88044d|50913.53125|8.957719794866|98.5233949736083||||50913.5234375|238.25|25325||||88044d|AIQ3028|X|X|0|0|6||||132|83|132|83|[]|636148157135310000|14:08:33:531
21|2.1|636147914108948481|88044d|50917.609375|8.9649295726916|98.5265707090791||||50917.6015625|239.5|25500||||88044d|AIQ3028|X|X|0|0|6||||132|83|132|83|[]|636148157176090000|14:08:37:609
21|2.1|636147914153092895|88044d|50922.0234375|8.9726543346476|98.529982478943||||50922.015625|240.75|25600||||88044d|AIQ3028|X|X|0|0|6||||132|83|132|83|[]|636148157220230000|14:08:42:023
21|2.1|636147914195527138|88044d|50926.2578125|8.9801645198826|98.5332440451022||||50926.2578125|242|25750||||88044d|AIQ3028|X|X|0|0|6||||132|83|132|83|[]|636148157262580000|14:08:46:258
21|2.1|636147914236721257|88044d|50930.390625|8.9874601283966|98.536419780573||||50930.3828125|243.25|25850||||88044d|AIQ3028|X|X|0|0|6||||132|83|132|83|[]|636148157303910000|14:08:50:391
21|2.1|636147914278985483|88044d|50934.625|8.9949273982874|98.5397242620764||||50934.609375|244.75|26050||||88044d|AIQ3028|X|X|0|0|6||||132|83|132|83|[]|636148157346250000|14:08:54:625
21|2.1|636147914320959680|88044d|50938.8125|9.0022444644735|98.5429429128914||||50938.796875|246|26175||||88044d|AIQ3028|X|X|0|0|6||||132|83|132|83|[]|636148157388130000|14:08:58:813
21|2.1|636147914363393923|88044d|50943.0546875|9.0097546497085|98.5462473943948||||50943.046875|247.25|26300||||88044d|AIQ3028|X|X|0|0|6||||132|83|132|83|[]|636148157430550000|14:09:03:055
21|2.1|636147914408468430|88044d|50947.5703125|9.0177369037297|98.5497879102913||||50947.5703125|248.25|26425||||88044d|AIQ3028|X|X|0|0|6||||132|83|132|83|[]|636148157475700000|14:09:07:570
21|2.1|636147914450902673|88044d|50951.8125|9.0252256312926|98.5530494764505||||50951.796875|249.25|26550||||88044d|AIQ3028|X|X|0|0|6||||132|83|132|83|[]|636148157518130000|14:09:11:813
21|2.1|636147914494447027|88044d|50956.1640625|9.0329503932486|98.5564612463144||||50956.1484375|250.25|26650||||88044d|AIQ3028|X|X|0|0|6||||132|83|132|83|[]|636148157561640000|14:09:16:164
21|2.1|636147914536241206|88044d|50960.34375|9.0403747477952|98.5597442701457||||50960.3359375|251.25|26750||||88044d|AIQ3028|X|X|0|0|6||||132|83|132|83|[]|636148157603440000|14:09:20:344
21|2.1|636147914579615543|88044d|50964.6640625|9.0480136790628|98.5631345823375||||50964.65625|252.5|26875||||88044d|AIQ3028|X|X|0|0|6||||132|83|132|83|[]|636148157646640000|14:09:24:664
21|2.1|636147914625160097|88044d|50969.234375|9.0561675944608|98.5667394712503||||50969.2265625|253.5|27000||||88044d|AIQ3028|X|X|0|0|6||||132|83|132|83|[]|636148157692340000|14:09:29:234
21|2.1|636147914665414122|88044d|50973.25|9.0633559146143|98.569893749049||||50973.25|254.25|27075||||88044d|AIQ3028|X|X|0|0|6||||132|83|132|83|[]|636148157732500000|14:09:33:250
21|2.1|636147914708938474|88044d|50977.609375|9.0711235919145|98.5733055189129||||50977.6015625|255|27175||||88044d|AIQ3028|X|X|0|0|6||||132|83|132|83|[]|636148157776090000|14:09:37:609
21|2.1|636147914750442624|88044d|50981.765625|9.0785694041332|98.5766314580884||||50981.75|256|27275||||88044d|AIQ3028|X|X|0|0|6||||132|83|132|83|[]|636148157817660000|14:09:41:766
21|2.1|636147914791776757|88044d|50985.890625|9.0859723010077|98.5798930242476||||50985.8828125|257|27375||||88044d|AIQ3028|X|X|0|0|6||||132|83|132|83|[]|636148157858910000|14:09:45:891
21|2.1|636147914832500829|88044d|50989.96875|9.093332282538|98.5831116750626||||50989.9609375|258.25|27500||||88044d|AIQ3028|X|X|0|0|6||||132|83|132|83|[]|636148157899690000|14:09:49:969
21|2.1|636147914876955274|88044d|50994.4140625|9.1012930788871|98.5866521909591||||50994.40625|259.5|27650||||88044d|AIQ3028|X|X|0|0|6||||132|83|132|83|[]|636148157944140000|14:09:54:414
21|2.1|636147914920639642|88044d|50998.78125|9.1091251292036|98.5901068761672||||50998.78125|261|27800||||88044d|AIQ3028|X|X|0|0|6||||132|83|132|83|[]|636148157987810000|14:09:58:781
21|2.1|636147914961513729|88044d|51002.859375|9.1164636530618|98.5933469846543||||51002.8515625|262|27900||||88044d|AIQ3028|X|X|0|0|6||||132|83|132|83|[]|636148158028590000|14:10:02:859
21|2.1|636147915003167894|88044d|51007.03125|9.1239523806247|98.5966514661577||||51007.0234375|263|28025||||88044d|AIQ3028|X|X|0|0|6||||132|83|132|83|[]|636148158070310000|14:10:07:031
21|2.1|636147915047312308|88044d|51011.4453125|9.1319131769738|98.6001061513658||||51011.4375|263.75|28100||||88044d|AIQ3028|X|X|0|0|6||||132|83|132|83|[]|636148158114450000|14:10:11:445
21|2.1|636147915088026379|88044d|51015.5234375|9.1392731585041|98.6033891751971||||51015.515625|264.5|28200||||88044d|AIQ3028|X|X|0|0|6||||132|83|132|83|[]|636148158155230000|14:10:15:523
21|2.1|636147915130160592|88044d|51019.734375|9.1469120897717|98.6067365720447||||51019.7265625|265.25|28275||||88044d|AIQ3028|X|X|0|0|6||||132|83|132|83|[]|636148158197340000|14:10:19:734
21|2.1|636147915173524928|88044d|51024.0703125|9.1548299707766|98.6101054265644||||51024.0625|266|28350||||88044d|AIQ3028|X|X|0|0|6||||132|83|132|83|[]|636148158240700000|14:10:24:070
21|2.1|636147915207378313|88044d|51027.453125|9.1610526956856|98.6126588895443||||51027.4375|266.5|28400||||88044d|X|X|X|0|0|6||||132|51|132|51|[]|636148158274530000|14:10:27:453
21|2.1|636147915218449420|88044d|51028.5625|9.1631555475514|98.6135171964283||||51028.5625|266.75|28450||||88044d|AIQ3028|X|X|0|0|6||||132|83|132|83|[]|636148158285630000|14:10:28:563
21|2.1|636147915247782353|88044d|51031.5|9.1685628809206|98.6156415059662||||51031.4921875|267.5|28500||||88044d|X|X|X|0|0|6||||132|51|132|51|[]|636148158315000000|14:10:31:500
21|2.1|636147915262913866|88044d|51033|9.1713952936378|98.6167358472433||||51032.9921875|267.75|28550||||88044d|AIQ3028|X|X|0|0|6||||132|83|132|83|[]|636148158330000000|14:10:33:000
21|2.1|636147915288656440|88044d|51035.59375|9.1762447275324|98.6185382916997||||51035.5859375|268.25|28575||||88044d|AIQ3028|X|X|0|0|6||||132|51|132|51|[]|636148158355940000|14:10:35:594
21|2.1|636147915303797954|88044d|51037.09375|9.1790342249054|98.6195682599605||||51037.0859375|268.75|28650||||88044d|AIQ3028|X|X|0|0|6||||132|83|132|83|[]|636148158370940000|14:10:37:094
21|2.1|636147915338571431|88044d|51040.578125|9.1856217302401|98.6218856885473||||51040.578125|269.5|28725||||88044d|AIQ3028|X|X||0|6||||132|51|132|51|[]|636148158405780000|14:10:40:578
21|2.1|636147915347782352|88044d|51041.4921875|9.1873598016802|98.6225079610382||||51041.484375|269.75|28750||||88044d|AIQ3028|X|X|0|0|6||||132|83|132|83|[]|636148158414920000|14:10:41:492
21|2.1|636147915379295503|88044d|51044.6484375|9.1933679498682|98.6245893552319||||51044.6484375|270.5|28825||||88044d|AIQ3028|X|X||0|6||||132|51|132|51|[]|636148158446480000|14:10:44:648
21|2.1|636147915388986472|88044d|51045.609375|9.1951274789804|98.6252116277228||||51045.609375|270.75|28850||||88044d|AIQ3028|X|X|0|0|6||||132|83|132|83|[]|636148158456090000|14:10:45:609
21|2.1|636147915428290402|88044d|51049.5546875|9.2026376642154|98.627829463719||||51049.5390625|271.75|28975||||88044d|AIQ3028|X|X|0|0|6||||132|51|132|51|[]|636148158495550000|14:10:49:555
21|2.1|636147915432490822|88044d|51049.9609375|9.2034315980831|98.6280654981121||||51049.9609375|271.75|28975||||88044d|AIQ3028|X|X|0|0|6||||132|83|132|83|[]|636148158499610000|14:10:49:961
21|2.1|636147915468534426|88044d|51053.578125|9.210276595483|98.6304687573873||||51053.5703125|272.5|29025||||88044d|AIQ3028|X|X|0|0|6||||132|51|132|51|[]|636148158535780000|14:10:53:578
21|2.1|636147915473834956|88044d|51054.1015625|9.2112636483996|98.6307906224688||||51054.09375|272.5|29050||||88044d|AIQ3028|X|X|0|0|6||||132|83|132|83|[]|636148158541020000|14:10:54:102
21|2.1|636147915511588731|88044d|51057.8828125|9.2184519685531|98.6333226277766||||51057.875|273.25|29150||||88044d|AIQ3028|X|X|0|0|6||||132|51|132|51|[]|636148158578830000|14:10:57:883
21|2.1|636147915515799152|88044d|51058.2890625|9.2192029870766|98.6335586621697||||51058.28125|273.5|29150||||88044d|AIQ3028|X|X|0|0|6||||132|83|132|83|[]|636148158582890000|14:10:58:289
21|2.1|636147915551992771|88044d|51061.921875|9.2261338151649|98.6359619214449||||51061.9140625|274|29200||||88044d|AIQ3028|X|X|0|0|6||||132|51|132|51|[]|636148158619220000|14:11:01:922
21|2.1|636147915557143286|88044d|51062.4296875|9.2270994104094|98.6363267018706||||51062.421875|274.25|29250||||88044d|AIQ3028|X|X|0|0|6||||132|83|132|83|[]|636148158624300000|14:11:02:430
21|2.1|636147915594897061|88044d|51066.2109375|9.2343306459071|98.6388587071784||||51066.2109375|275|29300||||88044d|AIQ3028|X|X|0|0|6||||132|51|132|51|[]|636148158662110000|14:11:06:211
21|2.1|636147915599887560|88044d|51066.703125|9.2352533258074|98.6391591145878||||51066.6953125|275|29325||||88044d|AIQ3028|X|X|0|0|6||||132|83|132|83|[]|636148158667030000|14:11:06:703
