21|2.1|636147897421679921|881054|49248.9140625|9.296536437325|99.281215579164||||49248.8984375|33|3275||||881054|NOK7220|3320|X||0|8||||132|83|132|83|[]|636148140489140000|13:40:48:914
21|2.1|636147897464894242|881054|49253.234375|9.2928671753959|99.2807435103778||||49253.2265625|32.5|3225||||881054|NOK7220|3320|X||0|8||||132|83|132|83|[]|636148140532340000|13:40:53:234
21|2.1|636147897507948547|881054|49257.53125|9.2892193711389|99.2803358146079||||49257.515625|32.25|3200||||881054|NOK7220|3320|X||0|8||||132|83|132|83|[]|636148140575310000|13:40:57:531
21|2.1|636147897550232775|881054|49261.7578125|9.2857861436029|99.279713542117||||49261.75|32.5|3200||||881054|NOK7220|3320|X||0|8||||132|83|132|83|[]|636148140617580000|13:41:01:758
21|2.1|636147897591096861|881054|49265.8515625|9.2826747811484|99.2785977431678||||49265.8359375|32.5|3225||||881054|NOK7220|3320|X||0|8||||132|83|132|83|[]|636148140658520000|13:41:05:852
21|2.1|636147897631200871|881054|49269.859375|9.2799711144638|99.2771171637929||||49269.8515625|32.25|3200||||881054|NOK7220|3320|X||0|8||||132|83|132|83|[]|636148140698590000|13:41:09:859
21|2.1|636147897672695020|881054|49274.0078125|9.2773103631234|99.2753576346807||||49274.0078125|32.25|3200||||881054|NOK7220|3320|X||0|8||||132|83|132|83|[]|636148140740080000|13:41:14:008
21|2.1|636147897714659216|881054|49278.203125|9.2748856461761|99.2734479018638||||49278.1953125|32.25|3200||||881054|NOK7220|3320|X||0|8||||132|83|132|83|[]|636148140782030000|13:41:18:203
21|2.1|636147897756783428|881054|49282.4140625|9.272503844573|99.2714737960306||||49282.40625|32.25|3175||||881054|NOK7220|3320|X||0|8||||132|83|132|83|[]|636148140824140000|13:41:22:414
21|2.1|636147897797497499|881054|49286.484375|9.2702722466746|99.2695640632137||||49286.46875|32.25|3175||||881054|NOK7220|3320|X||0|8||||132|83|132|83|[]|636148140864840000|13:41:26:484
21|2.1|636147897837741523|881054|49290.5078125|9.2681264794646|99.2676757880689||||49290.5|32.25|3175||||881054|NOK7220|3320|X||0|8||||132|83|132|83|[]|636148140905080000|13:41:30:508
21|2.1|636147897880485797|881054|49294.78125|9.2658090508778|99.2656802245636||||49294.765625|32.25|3175||||881054|NOK7220|3320|X||0|8||||132|83|132|83|[]|636148140947810000|13:41:34:781
21|2.1|636147897924020150|881054|49299.140625|9.263491622291|99.2636632033862||||49299.140625|32.25|3175||||881054|NOK7220|3320|X||0|8||||132|83|132|83|[]|636148140991410000|13:41:39:141
21|2.1|636147897965054253|881054|49303.2421875|9.261345855081|99.2617534705693||||49303.2265625|32.25|3175||||881054|NOK7220|3320|X||0|8||||132|83|132|83|[]|636148141032420000|13:41:43:242
21|2.1|636147898009508698|881054|49307.6875|9.2590498841663|99.2595862456872||||49307.6875|31.75|3125||||881054|NOK7220|3320|X||0|8||||132|83|132|83|[]|636148141076880000|13:41:47:688
21|2.1|636147898053193066|881054|49312.0546875|9.2568612016121|99.2574619361493||||49312.046875|31.25|3100||||881054|NOK7220|3320|X||0|8||||132|83|132|83|[]|636148141120550000|13:41:52:055
21|2.1|636147898093747121|881054|49316.109375|9.2548227227626|99.2554234572998||||49316.1015625|31|3075||||881054|NOK7220|3320|X||0|8||||132|83|132|83|[]|636148141161090000|13:41:56:109
21|2.1|636147898134001146|881054|49320.140625|9.2528271592573|99.2533849784503||||49320.1328125|30.25|3000||||881054|NOK7220|3320|X||0|8||||132|83|132|83|[]|636148141201410000|13:42:00:141
21|2.1|636147898174095155|881054|49324.140625|9.2508101380799|99.2513679572729||||49324.1328125|29.75|2925||||881054|NOK7220|3320|X||0|8||||132|83|132|83|[]|636148141241410000|13:42:04:141
21|2.1|636147898214189164|881054|49328.1484375|9.2487931169025|99.2494153091118||||49328.1484375|29.25|2875||||881054|NOK7220|3320|X||0|8||||132|83|132|83|[]|636148141281480000|13:42:08:148
21|2.1|636147898254283173|881054|49332.1484375|9.2467760957251|99.2474197456065||||49332.1484375|28.75|2825||||881054|NOK7220|3320|X||0|8||||132|83|132|83|[]|636148141321480000|13:42:12:148
21|2.1|636147898303418086|881054|49337.078125|9.2442870057615|99.244952113315||||49337.0703125|28.25|2775||||881054|NOK7220|3320|X||0|8||||132|83|132|83|[]|636148141370780000|13:42:17:078
21|2.1|636147898346322376|881054|49341.359375|9.2421626962236|99.2428492614492||||49341.3515625|27.75|2725||||881054|NOK7220|3320|X||0|8||||132|83|132|83|[]|636148141413590000|13:42:21:359
21|2.1|636147898387046448|881054|49345.4296875|9.240102759702|99.2408107825997||||49345.4296875|27.25|2675||||881054|NOK7220|3320|X||0|8||||132|83|132|83|[]|636148141454300000|13:42:25:430
21|2.1|636147898429630706|881054|49349.703125|9.237956992492|99.2386435577176||||49349.703125|26.75|2600||||881054|NOK7220|3320|X||0|8||||132|83|132|83|[]|636148141497030000|13:42:29:703
21|2.1|636147898471124855|881054|49353.8515625|9.2358326829541|99.2366050788681||||49353.8359375|26.25|2550||||881054|NOK7220|3320|X||0|8||||132|83|132|83|[]|636148141538520000|13:42:33:852
21|2.1|636147898512789021|881054|49358.0234375|9.2336440003999|99.2344807693302||||49358.0078125|25.75|2500||||881054|NOK7220|3320|X||0|8||||132|83|132|83|[]|636148141580230000|13:42:38:023
21|2.1|636147898552873029|881054|49362.03125|9.2315840638783|99.2324637481528||||49362.015625|25.25|2450||||881054|NOK7220|3320|X||0|8||||132|83|132|83|[]|636148141620310000|13:42:42:031
21|2.1|636147898595307272|881054|49366.265625|9.2293953813241|99.2303179809428||||49366.2578125|24.75|2400||||881054|NOK7220|3320|X||0|8||||132|83|132|83|[]|636148141662660000|13:42:46:266
21|2.1|636147898639931734|881054|49370.734375|9.2270994104094|99.2280434677002||||49370.7265625|24|2325||||881054|NOK7220|3320|X||0|8||||132|83|132|83|[]|636148141707340000|13:42:50:734
21|2.1|636147898680325773|881054|49374.7734375|9.2250180162157|99.2260049888507||||49374.765625|23.5|2275||||881054|NOK7220|3320|X||0|8||||132|83|132|83|[]|636148141747730000|13:42:54:773
21|2.1|636147898723850125|881054|49379.125|9.2227435029731|99.2237733909523||||49379.109375|22.75|2200||||881054|NOK7220|3320|X||0|8||||132|83|132|83|[]|636148141791250000|13:42:59:125
21|2.1|636147898765824322|881054|49383.3125|9.2205977357631|99.2216490814144||||49383.296875|22.25|2150||||881054|NOK7220|3320|X||0|8||||132|83|132|83|[]|636148141833130000|13:43:03:313
21|2.1|636147898810438783|881054|49387.7734375|9.2182803071763|99.219417483516||||49387.765625|21.75|2100||||881054|NOK7220|3320|X||0|8||||132|83|132|83|[]|636148141877730000|13:43:07:773
21|2.1|636147898853973136|881054|49392.1328125|9.2161130822942|99.2172502586339||||49392.1328125|21.25|2050||||881054|NOK7220|3320|X||0|8||||132|83|132|83|[]|636148141921330000|13:43:12:133
21|2.1|636147898896407379|881054|49396.375|9.2139887727563|99.2152117797844||||49396.359375|20.5|1975||||881054|NOK7220|3320|X||0|8||||132|83|132|83|[]|636148141963750000|13:43:16:375
21|2.1|636147898936491387|881054|49400.3828125|9.211993209251|99.2132591316233||||49400.3671875|20|1900||||881054|NOK7220|3320|X||0|8||||132|83|132|83|[]|636148142003830000|13:43:20:383
21|2.1|636147898976585396|881054|49404.390625|9.2100834764341|99.2113279411343||||49404.390625|19.5|1850||||881054|NOK7220|3320|X||0|8||||132|83|132|83|[]|636148142043910000|13:43:24:391
21|2.1|636147899021359873|881054|49408.875|9.2079377092241|99.2092894622848||||49408.8671875|19|1800||||881054|NOK7220|3320|X||0|8||||132|83|132|83|[]|636148142088750000|13:43:28:875
21|2.1|636147899065824319|881054|49413.3203125|9.2058563150304|99.2072938987795||||49413.3125|18.5|1750||||881054|NOK7220|3320|X||0|8||||132|83|132|83|[]|636148142133200000|13:43:33:320
21|2.1|636147899106228359|881054|49417.359375|9.2040324129019|99.2054914543231||||49417.359375|18|1700||||881054|NOK7220|3320|X||0|8||||132|83|132|83|[]|636148142173590000|13:43:37:359
21|2.1|636147899147412477|881054|49421.46875|9.2022085107734|99.2037104675388||||49421.4609375|17.5|1650||||881054|NOK7220|3320|X||0|8||||132|83|132|83|[]|636148142214690000|13:43:41:469
21|2.1|636147899190156751|881054|49425.7421875|9.2003202356286|99.2018865654103||||49425.7421875|17|1575||||881054|NOK7220|3320|X||0|8||||132|83|132|83|[]|636148142257420000|13:43:45:742
21|2.1|636147899232901025|881054|49430.0234375|9.1984963335001|99.2000626632818||||49430.015625|16.5|1550||||881054|NOK7220|3320|X||0|8||||132|83|132|83|[]|636148142300230000|13:43:50:023
21|2.1|636147899273935128|881054|49434.1328125|9.1967368043879|99.1983460495138||||49434.1171875|16.25|1500||||881054|NOK7220|3320|X||0|8||||132|83|132|83|[]|636148142341330000|13:43:54:133
21|2.1|636147899323070041|881054|49439.0390625|9.1946339525221|99.1963075706643||||49439.03125|15.5|1425||||881054|NOK7220|3320|X||0|8||||132|83|132|83|[]|636148142390390000|13:43:59:039
21|2.1|636147899366754409|881054|49443.4140625|9.1928100503936|99.1945051262079||||49443.3984375|15.25|1400||||881054|NOK7220|3320|X||0|8||||132|83|132|83|[]|636148142434140000|13:44:03:414
21|2.1|636147899407318465|881054|49447.4609375|9.1910934366256|99.192809970112||||49447.4609375|14.75|1350||||881054|NOK7220|3320|X||0|8||||132|83|132|83|[]|636148142474610000|13:44:07:461
21|2.1|636147899448032536|881054|49451.5390625|9.1893768228576|99.1911362716882||||49451.53125|14.25|1300||||881054|NOK7220|3320|X||0|8||||132|83|132|83|[]|636148142515390000|13:44:11:539
21|2.1|636147899492026935|881054|49455.9453125|9.1875100053849|99.1893123695597||||49455.9375|13.75|1250||||881054|NOK7220|3320|X||0|8||||132|83|132|83|[]|636148142559450000|13:44:15:945
21|2.1|636147899532610993|881054|49459.9921875|9.1857719339448|99.1876386711359||||49459.9921875|13.5|1225||||881054|NOK7220|3320|X||0|8||||132|83|132|83|[]|636148142599920000|13:44:19:992
21|2.1|636147899577045436|881054|49464.4296875|9.1838836588|99.1857718536632||||49464.4296875|13|1150||||881054|NOK7220|3320|X||0|8||||132|83|132|83|[]|636148142644300000|13:44:24:430
21|2.1|636147899619009632|881054|49468.6328125|9.1821026720157|99.184012324551||||49468.6171875|12.25|1100||||881054|NOK7220|3320|X||0|8||||132|83|132|83|[]|636148142686330000|13:44:28:633
21|2.1|636147899660203751|881054|49472.75|9.1803646005756|99.1823386261272||||49472.75|11.75|1025||||881054|NOK7220|3320|X||0|8||||132|83|132|83|[]|636148142727500000|13:44:32:750
21|2.1|636147899701847915|881054|49476.9140625|9.1785836137913|99.1805576393429||||49476.90625|11.5|1000||||881054|NOK7220|3320|X||0|8||||132|83|132|83|[]|636148142769140000|13:44:36:914
21|2.1|636147899744752205|881054|49481.2109375|9.1767382539907|99.1787981102307||||49481.2109375|11|950||||881054|NOK7220|3320|X||0|8||||132|83|132|83|[]|636148142812110000|13:44:41:211
21|2.1|636147899786566386|881054|49485.390625|9.1749787248785|99.1770814964627||||49485.390625|10.5|900||||881054|NOK7220|3320|X||0|8||||132|83|132|83|[]|636148142853910000|13:44:45:391
21|2.1|636147899827130442|881054|49489.4296875|9.1732191957663|99.1754077980389||||49489.421875|10|850||||881054|NOK7220|3320|X||0|8||||132|83|132|83|[]|636148142894300000|13:44:49:430
21|2.1|636147899869244653|881054|49493.65625|9.1713952936378|99.1736268112546||||49493.6484375|9.75|825||||881054|NOK7220|3320|X||0|8||||132|83|132|83|[]|636148142936560000|13:44:53:656
21|2.1|636147899917919520|881054|49498.5234375|9.1692709840999|99.1715454170609||||49498.5078125|9|750||||881054|NOK7220|3320|X||0|8||||132|83|132|83|[]|636148142985230000|13:44:58:523
21|2.1|636147899959733701|881054|49502.7109375|9.1674470819714|99.1697215149324||||49502.7109375|8.5|700||||881054|NOK7220|3320|X||0|8||||132|83|132|83|[]|636148143027110000|13:45:02:711
21|2.1|636147900002327960|881054|49506.96875|9.1655802644987|99.1678976128039||||49506.96875|8|650||||881054|NOK7220|3320|X||0|8||||132|83|132|83|[]|636148143069690000|13:45:06:969
21|2.1|636147900043352062|881054|49511.0703125|9.1637563623702|99.1660951683475||||49511.0703125|7.75|625||||881054|NOK7220|3320|X||0|8||||132|83|132|83|[]|636148143110700000|13:45:11:070
21|2.1|636147900083606087|881054|49515.09375|9.1620397486022|99.1643570969074||||49515.0859375|7.25|575||||881054|NOK7220|3320|X||0|8||||132|83|132|83|[]|636148143150940000|13:45:15:094
21|2.1|636147900127130439|881054|49519.4453125|9.1601300157853|99.1624473640905||||49519.4375|6.75|500||||881054|NOK7220|3320|X||0|8||||132|83|132|83|[]|636148143194450000|13:45:19:445
21|2.1|636147900168624588|881054|49523.59375|9.1583061136568|99.1606020042899||||49523.5859375|6.25|450||||881054|NOK7220|3320|X||0|8||||132|83|132|83|[]|636148143235940000|13:45:23:594
21|2.1|636147900209958721|881054|49527.734375|9.1564607538562|99.1587781021614||||49527.71875|5.5|375||||881054|NOK7220|3320|X||0|8||||132|83|132|83|[]|636148143277340000|13:45:27:734
21|2.1|636147900250682793|881054|49531.8046875|9.1546368517277|99.1570614883934||||49531.796875|5|325||||881054|NOK7220|3320|X||0|8||||132|83|132|83|[]|636148143318050000|13:45:31:805
21|2.1|636147900295137238|881054|49536.2421875|9.1526198305503|99.1551517555765||||49536.2421875|4.5|275||||881054|NOK7220|3320|X||0|8||||132|83|132|83|[]|636148143362420000|13:45:36:242
21|2.1|636147900338821606|881054|49540.625|9.1506028093729|99.1532420227596||||49540.609375|4.25|250||||881054|NOK7220|3320|X||0|8||||132|83|132|83|[]|636148143406250000|13:45:40:625
21|2.1|636147900379535677|881054|49544.6796875|9.1487789072444|99.1514181206311||||49544.6796875|3.75|200||||881054|NOK7220|3320|X||0|8||||132|83|132|83|[]|636148143446800000|13:45:44:680
21|2.1|636147900421349858|881054|49548.859375|9.1468477167554|99.1495727608305||||49548.8515625|3.25|150||||881054|NOK7220|3320|X||0|8||||132|83|132|83|[]|636148143488590000|13:45:48:859
21|2.1|636147900469554678|881054|49553.6953125|9.1445732035128|99.1473411629321||||49553.6875|2.5|75||||881054|NOK7220|3320|X||0|8||||132|83|132|83|[]|636148143536950000|13:45:53:695
21|2.1|636147900511068829|881054|49557.84375|9.1426420130238|99.1454099724431||||49557.84375|2|25||||881054|NOK7220|3320|X||0|8||||132|83|132|83|[]|636148143578440000|13:45:57:844
21|2.1|636147900567374459|881054|49563.4765625|9.1399812616834|99.142813594119||||49563.4609375|1.5|-25||||881054|NOK7220|3320|X||0|8||||132|83|132|83|[]|636148143634770000|13:46:03:477
21|2.1|636147900625250246|881054|49569.265625|9.1374063410314|99.1403030464833||||49569.2578125|1|-75||||881054|NOK7220|3320|X||0|8||||132|83|132|83|[]|636148143692660000|13:46:09:266
