21|2.1|636147897408298583|8840f9|49247.578125|8.7971520345417|100.454113393822||||49247.578125|150.75|15875||||8840f9|BKP962|X|X|0|0|6||||132|51|132|51|[]|636148140475780000|13:40:47:578
21|2.1|636147897442271980|8840f9|49250.96875|8.802795402304|100.452890306512||||49250.96875|150.5|15850||||8840f9|BKP962|X|X|0|0|6||||132|83|132|83|[]|636148140509690000|13:40:50:969
21|2.1|636147897452883041|8840f9|49252.03125|8.804512016072|100.452504068415||||49252.0234375|150.25|15825||||8840f9|BKP962|X|X|0|0|6||||132|51|132|51|[]|636148140520310000|13:40:52:031
21|2.1|636147897483146067|8840f9|49255.0546875|8.8095331113434|100.451452642482||||49255.0390625|150|15800||||8840f9|BKP962|X|X|0|0|6||||132|83|132|83|[]|636148140550550000|13:40:55:055
21|2.1|636147897493287081|8840f9|49256.078125|8.8112282674393|100.45102348904||||49256.0703125|149.75|15775||||8840f9|BKP962|X|X|0|0|6||||132|51|132|51|[]|636148140560780000|13:40:56:078
21|2.1|636147897524800232|8840f9|49259.21875|8.8163995664154|100.449907690091||||49259.2109375|149.5|15725||||8840f9|BKP962|X|X|0|0|6||||132|83|132|83|[]|636148140592190000|13:40:59:219
21|2.1|636147897534311183|8840f9|49260.1796875|8.8180088918229|100.449607282681||||49260.171875|149.5|15725||||8840f9|BKP962|X|X|0|0|6||||132|51|132|51|[]|636148140601800000|13:41:00:180
21|2.1|636147897568944646|8840f9|49263.6328125|8.8236951749294|100.448319822355||||49263.625|149|15700||||8840f9|BKP962|X|X|0|0|6||||132|83|132|83|[]|636148140636330000|13:41:03:633
21|2.1|636147897577065458|8840f9|49264.4609375|8.8250899236159|100.448040872618||||49264.453125|148.75|15675||||8840f9|BKP962|X|X|0|0|6||||132|51|132|51|[]|636148140644610000|13:41:04:461
21|2.1|636147897609828734|8840f9|49267.7109375|8.8304543416409|100.446903615997||||49267.703125|148.5|15650||||8840f9|BKP962|X|X|0|0|6||||132|83|132|83|[]|636148140677110000|13:41:07:711
21|2.1|636147897619959747|8840f9|49268.7421875|8.832192413081|100.446560293243||||49268.734375|148.25|15625||||8840f9|BKP962|X|X|0|0|6||||132|51|132|51|[]|636148140687420000|13:41:08:742
21|2.1|636147897651782929|8840f9|49271.921875|8.8374280850734|100.44540157895||||49271.9140625|147.75|15550||||8840f9|BKP962|X|X|0|0|6||||132|83|132|83|[]|636148140719220000|13:41:11:922
21|2.1|636147897660993850|8840f9|49272.84375|8.8389086644483|100.445058256196||||49272.8359375|147.75|15550||||8840f9|BKP962|X|X|0|0|6||||132|51|132|51|[]|636148140728440000|13:41:12:844
21|2.1|636147897695307281|8840f9|49276.2578125|8.8445520322106|100.44387808423||||49276.25|147.25|15500||||8840f9|BKP962|X|X|0|0|6||||132|83|132|83|[]|636148140762580000|13:41:16:258
21|2.1|636147897719029653|8840f9|49278.6484375|8.8484787862049|100.443019777346||||49278.640625|147|15475||||8840f9|BKP962|X|X||0|6||||132|51|132|51|[]|636148140786480000|13:41:18:648
21|2.1|636147897740241774|8840f9|49280.7578125|8.8519549290851|100.442268758823||||49280.75|146.75|15450||||8840f9|BKP962|X|X|0|0|6||||132|83|132|83|[]|636148140807580000|13:41:20:758
21|2.1|636147897759273677|8840f9|49282.6796875|8.8551092068838|100.44162502866||||49282.671875|146.5|15425||||8840f9|BKP962|X|X|0|0|6||||132|51|132|51|[]|636148140826800000|13:41:22:680
21|2.1|636147897784546204|8840f9|49285.1875|8.859229079927|100.440680891088||||49285.1875|146.25|15400||||8840f9|BKP962|X|X|0|0|6||||132|83|132|83|[]|636148140851880000|13:41:25:188
21|2.1|636147897810288778|8840f9|49287.78125|8.8634991566749|100.439758211187||||49287.7734375|146|15350||||8840f9|BKP962|X|X|0|0|6||||132|51|132|51|[]|636148140877810000|13:41:27:781
21|2.1|636147897825420291|8840f9|49289.28125|8.8659667889664|100.439200311713||||49289.2734375|145.75|15350||||8840f9|BKP962|X|X|0|0|6||||132|83|132|83|[]|636148140892810000|13:41:29:281
21|2.1|636147897854593208|8840f9|49292.203125|8.8707089345005|100.438105970436||||49292.1953125|145.5|15325||||8840f9|BKP962|X|X|0|0|6||||132|51|132|51|[]|636148140922030000|13:41:32:203
21|2.1|636147897869414690|8840f9|49293.6796875|8.8731336514478|100.437526613289||||49293.6796875|145.25|15275||||8840f9|BKP962|X|X|0|0|6||||132|83|132|83|[]|636148140936800000|13:41:33:680
21|2.1|636147897895317280|8840f9|49296.2734375|8.8773822705236|100.436539560372||||49296.265625|145|15250||||8840f9|BKP962|X|X|0|0|6||||132|51|132|51|[]|636148140962730000|13:41:36:273
21|2.1|636147897910758824|8840f9|49297.8125|8.8798928181593|100.435917287881||||49297.796875|144.75|15225||||8840f9|BKP962|X|X|0|0|6||||132|83|132|83|[]|636148140978130000|13:41:37:813
21|2.1|636147897954123160|8840f9|49302.1640625|8.8869523922802|100.434222131785||||49302.1484375|144.25|15175||||8840f9|BKP962|X|X|0|0|6||||132|51|132|51|[]|636148141021640000|13:41:42:164
21|2.1|636147897954283176|8840f9|49302.1640625|8.8869523922802|100.434222131785||||49302.1484375|144.25|15175||||8840f9|BKP962|X|X|0|0|6||||132|83|132|83|[]|636148141021640000|13:41:42:164
21|2.1|636147897995467294|8840f9|49306.2890625|8.8936686436475|100.432612806378||||49306.28125|143.75|15125||||8840f9|BKP962|X|X|0|0|6||||132|51|132|51|[]|636148141062890000|13:41:46:289
21|2.1|636147897995467294|8840f9|49306.2890625|8.8936686436475|100.432612806378||||49306.28125|143.75|15125||||8840f9|BKP962|X|X|0|0|6||||132|83|132|83|[]|636148141062890000|13:41:46:289
21|2.1|636147898037271474|8840f9|49310.484375|8.9005136410474|100.43100348097||||49310.4765625|143.25|15075||||8840f9|BKP962|X|X|0|0|6||||132|51|132|51|[]|636148141104840000|13:41:50:484
21|2.1|636147898042421989|8840f9|49310.984375|8.9013075749151|100.430810361922||||49310.9765625|143.25|15050||||8840f9|BKP962|X|X|0|0|6||||132|83|132|83|[]|636148141109840000|13:41:50:984
21|2.1|636147898084706217|8840f9|49315.2109375|8.9081740299871|100.429201036514||||49315.203125|142.75|15025||||8840f9|BKP962|X|X|0|0|6||||132|83|132|83|[]|636148141152110000|13:41:55:211
21|2.1|636147898126510397|8840f9|49319.390625|8.9149546543707|100.427570253434||||49319.390625|142.25|14975||||8840f9|BKP962|X|X|0|0|6||||132|83|132|83|[]|636148141193910000|13:41:59:391
21|2.1|636147898137431489|8840f9|49320.484375|8.9167141834829|100.427162557665||||49320.4765625|142.25|14975||||8840f9|BKP962|X|X|0|0|6||||132|51|132|51|[]|636148141204840000|13:42:00:484
21|2.1|636147898169104656|8840f9|49323.6484375|8.921885482459|100.425982385699||||49323.640625|141.75|14900||||8840f9|BKP962|X|X|0|0|6||||132|83|132|83|[]|636148141236480000|13:42:03:648
21|2.1|636147898177995545|8840f9|49324.5390625|8.9233231464897|100.425639062945||||49324.53125|141.75|14900||||8840f9|BKP962|X|X|0|0|6||||132|51|132|51|[]|636148141245390000|13:42:04:539
21|2.1|636147898214339179|8840f9|49328.171875|8.929181090973|100.424330144947||||49328.1640625|141.25|14850||||8840f9|BKP962|X|X|0|0|6||||132|83|132|83|[]|636148141281720000|13:42:08:172
21|2.1|636147898219339679|8840f9|49328.6796875|8.9300179401849|100.424115568226||||49328.671875|141.25|14850||||8840f9|BKP962|X|X|0|0|6||||132|51|132|51|[]|636148141286800000|13:42:08:680
21|2.1|636147898256623407|8840f9|49332.3984375|8.9360260883729|100.42272081954||||49332.390625|141|14825||||8840f9|BKP962|X|X|0|0|6||||132|83|132|83|[]|636148141323980000|13:42:12:398
21|2.1|636147898266144359|8840f9|49333.359375|8.9376139561083|100.422356039114||||49333.3515625|140.75|14800||||8840f9|BKP962|X|X|0|0|6||||132|51|132|51|[]|636148141333590000|13:42:13:359
21|2.1|636147898300147759|8840f9|49336.75|8.9430642048217|100.42109003646||||49336.7421875|140.5|14775||||8840f9|BKP962|X|X|0|0|6||||132|83|132|83|[]|636148141367500000|13:42:16:750
21|2.1|636147898310908835|8840f9|49337.828125|8.9448237339339|100.420725256035||||49337.828125|140.25|14750||||8840f9|BKP962|X|X|0|0|6||||132|51|132|51|[]|636148141378280000|13:42:17:828
21|2.1|636147898341951939|8840f9|49340.9296875|8.9498233715332|100.419545084069||||49340.9296875|140|14725||||8840f9|BKP962|X|X|0|0|6||||132|83|132|83|[]|636148141409300000|13:42:20:930
21|2.1|636147898351322876|8840f9|49341.875|8.9513468662523|100.419201761315||||49341.8671875|139.75|14700||||8840f9|BKP962|X|X|0|0|6||||132|51|132|51|[]|636148141418750000|13:42:21:875
21|2.1|636147898385176261|8840f9|49345.25|8.9567971149657|100.417935758662||||49345.25|139.5|14675||||8840f9|BKP962|X|X|0|0|6||||132|83|132|83|[]|636148141452500000|13:42:25:250
21|2.1|636147898394687212|8840f9|49346.2109375|8.9583206096848|100.417592435908||||49346.2109375|139.25|14650||||8840f9|BKP962|X|X|0|0|6||||132|51|132|51|[]|636148141462110000|13:42:26:211
21|2.1|636147898430880831|8840f9|49349.8203125|8.9640927234797|100.416219144894||||49349.8203125|139|14600||||8840f9|BKP962|X|X|0|0|6||||132|83|132|83|[]|636148141498200000|13:42:29:820
21|2.1|636147898436651408|8840f9|49350.4140625|8.9650368610521|100.416026025845||||49350.3984375|139|14625||||8840f9|BKP962|X|X|0|0|6||||132|51|132|51|[]|636148141504140000|13:42:30:414
21|2.1|636147898471134856|8840f9|49353.8515625|8.9705300251097|100.414760023191||||49353.84375|138.5|14575||||8840f9|BKP962|X|X|0|0|6||||132|83|132|83|[]|636148141538520000|13:42:33:852
21|2.1|636147898481425885|8840f9|49354.8828125|8.9721608081893|100.414395242765||||49354.875|138.5|14550||||8840f9|BKP962|X|X||0|6||||132|51|132|51|[]|636148141548830000|13:42:34:883
21|2.1|636147898514649207|8840f9|49358.203125|8.977460853198|100.413150697783||||49358.1953125|138|14500||||8840f9|BKP962|X|X|0|0|6||||132|83|132|83|[]|636148141582030000|13:42:38:203
21|2.1|636147898525110253|8840f9|49359.25|8.9791345516218|100.412764459685||||49359.234375|138|14500||||8840f9|BKP962|X|X||0|6||||132|51|132|51|[]|636148141592500000|13:42:39:250
21|2.1|636147898556153357|8840f9|49362.3515625|8.9840698162048|100.411627203064||||49362.34375|137.75|14475||||8840f9|BKP962|X|X|0|0|6||||132|83|132|83|[]|636148141623520000|13:42:42:352
21|2.1|636147898572685010|8840f9|49364|8.9867305675452|100.411004930573||||49364|137.5|14450||||8840f9|BKP962|X|X||0|6||||132|51|132|51|[]|636148141640000000|13:42:44:000
21|2.1|636147898597487490|8840f9|49366.484375|8.9906787792116|100.410103708345||||49366.4765625|137.25|14425||||8840f9|BKP962|X|X|0|0|6||||132|83|132|83|[]|636148141664840000|13:42:46:484
21|2.1|636147898621829924|8840f9|49368.9296875|8.9945626178617|100.409223943789||||49368.9296875|136.75|14375||||8840f9|BKP962|X|X|0|0|6||||132|51|132|51|[]|636148141689300000|13:42:48:930
21|2.1|636147898638211562|8840f9|49370.5625|8.9971160808416|100.408666044314||||49370.5546875|136.75|14375||||8840f9|BKP962|X|X|0|0|6||||132|83|132|83|[]|636148141705630000|13:42:50:563
21|2.1|636147898664414182|8840f9|49373.1796875|9.001278869229|100.407678991398||||49373.1796875|136.25|14325||||8840f9|BKP962|X|X||0|6||||132|51|132|51|[]|636148141731800000|13:42:53:180
21|2.1|636147898682676008|8840f9|49375|9.0041756549625|100.407035261235||||49375|136|14300||||8840f9|BKP962|X|X|0|0|6||||132|83|132|83|[]|636148141750000000|13:42:55:000
21|2.1|636147898711378878|8840f9|49377.8828125|9.0087032237756|100.406048208318||||49377.875|135.75|14250||||8840f9|BKP962|X|X||0|6||||132|51|132|51|[]|636148141778830000|13:42:57:883
21|2.1|636147898726510391|8840f9|49379.3828125|9.0110850253787|100.405490308844||||49379.375|135.5|14250||||8840f9|BKP962|X|X|0|0|6||||132|83|132|83|[]|636148141793830000|13:42:59:383
21|2.1|636147898751942934|8840f9|49381.9453125|9.0151190677335|100.404610544287||||49381.9296875|135.25|14200||||8840f9|BKP962|X|X|0|0|6||||132|51|132|51|[]|636148141819450000|13:43:01:945
21|2.1|636147898767224462|8840f9|49383.453125|9.0175223270087|100.404052644813||||49383.4453125|135|14175||||8840f9|BKP962|X|X|0|0|6||||132|83|132|83|[]|636148141834530000|13:43:03:453
21|2.1|636147898792336973|8840f9|49385.96875|9.0215349116914|100.403194337929||||49385.96875|134.75|14150||||8840f9|BKP962|X|X|0|0|6||||132|51|132|51|[]|636148141859690000|13:43:05:969
21|2.1|636147898808878627|8840f9|49387.625|9.0241527476876|100.40259352311||||49387.6171875|134.5|14125||||8840f9|BKP962|X|X|0|0|6||||132|83|132|83|[]|636148141876250000|13:43:07:625
21|2.1|636147898835561295|8840f9|49390.25|9.0283369937471|100.401692300882||||49390.234375|134.25|14100||||8840f9|BKP962|X|X|0|0|6||||132|51|132|51|[]|636148141902500000|13:43:10:250
21|2.1|636147898853033042|8840f9|49392.03125|9.0311908641364|100.401070028391||||49392.0234375|134|14075||||8840f9|BKP962|X|X|0|0|6||||132|83|132|83|[]|636148141920310000|13:43:12:031
21|2.1|636147898878615600|8840f9|49394.609375|9.0352892795075|100.400147348491||||49394.609375|133.5|14025||||8840f9|BKP962|X|X|0|0|6||||132|51|132|51|[]|636148141946090000|13:43:14:609
21|2.1|636147898893747113|8840f9|49396.109375|9.0376925387827|100.399653822032||||49396.109375|133.5|14025||||8840f9|BKP962|X|X|0|0|6||||132|83|132|83|[]|636148141961090000|13:43:16:109
21|2.1|636147898919799718|8840f9|49398.7109375|9.041833869498|100.398752599804||||49398.703125|133|13975||||8840f9|BKP962|X|X|0|0|6||||132|51|132|51|[]|636148141987110000|13:43:18:711
21|2.1|636147898940231761|8840f9|49400.765625|9.0451383510014|100.398001581281||||49400.7578125|132.75|13950||||8840f9|BKP962|X|X|0|0|6||||132|83|132|83|[]|636148142007660000|13:43:20:766
21|2.1|636147898964264164|8840f9|49403.171875|9.0489792743073|100.397164732069||||49403.1640625|132.5|13925||||8840f9|BKP962|X|X|0|0|6||||132|51|132|51|[]|636148142031720000|13:43:23:172
21|2.1|636147898983916129|8840f9|49405.125|9.0520906367618|100.396521001906||||49405.109375|132|13875||||8840f9|BKP962|X|X|0|0|6||||132|83|132|83|[]|636148142051250000|13:43:25:125
21|2.1|636147899007788516|8840f9|49407.53125|9.0559530177398|100.395662695022||||49407.5234375|131.75|13850||||8840f9|BKP962|X|X|0|0|6||||132|51|132|51|[]|636148142075310000|13:43:27:531
21|2.1|636147899024320169|8840f9|49409.171875|9.0585493960639|100.395104795547||||49409.15625|131.5|13825||||8840f9|BKP962|X|X|0|0|6||||132|83|132|83|[]|636148142091720000|13:43:29:172
21|2.1|636147899048342571|8840f9|49411.578125|9.0624117770419|100.394246488663||||49411.578125|131.25|13800||||8840f9|BKP962|X|X|0|0|6||||132|51|132|51|[]|636148142115780000|13:43:31:578
21|2.1|636147899068644601|8840f9|49413.59375|9.0656304278569|100.393538385484||||49413.5859375|130.75|13750||||8840f9|BKP962|X|X|0|0|6||||132|83|132|83|[]|636148142135940000|13:43:33:594
21|2.1|636147899094367173|8840f9|49416.1796875|9.069728843228|100.392637163256||||49416.1796875|130.25|13700||||8840f9|BKP962|X|X|0|0|6||||132|51|132|51|[]|636148142161800000|13:43:36:180
21|2.1|636147899115279264|8840f9|49418.265625|9.0730333247314|100.391886144732||||49418.2578125|130|13675||||8840f9|BKP962|X|X|0|0|6||||132|83|132|83|[]|636148142182660000|13:43:38:266
21|2.1|636147899144292165|8840f9|49421.171875|9.0776467242329|100.390877634143||||49421.171875|129.25|13600||||8840f9|BKP962|X|X||0|6||||132|51|132|51|[]|636148142211720000|13:43:41:172
21|2.1|636147899158023538|8840f9|49422.53125|9.0797924914429|100.390362650013||||49422.5234375|129|13575||||8840f9|BKP962|X|X|0|0|6||||132|83|132|83|[]|636148142225310000|13:43:42:531
21|2.1|636147899185166252|8840f9|49425.25|9.0840840258629|100.389397054769||||49425.2421875|128.5|13525||||8840f9|BKP962|X|X||0|6||||132|51|132|51|[]|636148142252500000|13:43:45:250
21|2.1|636147899198737609|8840f9|49426.609375|9.086251250745|100.388924985982||||49426.6015625|128|13475||||8840f9|BKP962|X|X|0|0|6||||132|83|132|83|[]|636148142266090000|13:43:46:609
21|2.1|636147899233991134|8840f9|49430.140625|9.0917444148026|100.387658983328||||49430.1328125|127.25|13375||||8840f9|BKP962|X|X||0|6||||132|51|132|51|[]|636148142301410000|13:43:50:141
21|2.1|636147899242882023|8840f9|49431.0234375|9.093117705817|100.387337118247||||49431.015625|127.25|13375||||8840f9|BKP962|X|X|0|0|6||||132|83|132|83|[]|636148142310230000|13:43:51:023
21|2.1|636147899275495284|8840f9|49434.171875|9.0980315127279|100.386199861626||||49434.1640625|126.25|13275||||8840f9|BKP962|X|X|0|0|6||||132|51|132|51|[]|636148142341720000|13:43:54:172
21|2.1|636147899285316266|8840f9|49435.265625|9.0997481264959|100.385813623528||||49435.2578125|126|13250||||8840f9|BKP962|X|X|0|0|6||||132|83|132|83|[]|636148142352660000|13:43:55:266
21|2.1|636147899317299464|8840f9|49438.46875|9.1047263064231|100.384633451562||||49438.46875|125.25|13175||||8840f9|BKP962|X|X|0|0|6||||132|51|132|51|[]|636148142384690000|13:43:58:469
21|2.1|636147899326500384|8840f9|49439.3828125|9.1060995974375|100.384311586481||||49439.375|124.75|13125||||8840f9|BKP962|X|X|0|0|6||||132|83|132|83|[]|636148142393830000|13:43:59:383
21|2.1|636147899357713505|8840f9|49442.515625|9.1109704890042|100.38317432986||||49442.5078125|124|13050||||8840f9|BKP962|X|X|0|0|6||||132|51|132|51|[]|636148142425160000|13:44:02:516
21|2.1|636147899368794613|8840f9|49443.609375|9.112644187428|100.382745176418||||49443.609375|123.5|13000||||8840f9|BKP962|X|X|0|0|6||||132|83|132|83|[]|636148142436090000|13:44:03:609
21|2.1|636147899400607794|8840f9|49446.8046875|9.1176009096831|100.381607919796||||49446.796875|122.5|12900||||8840f9|BKP962|X|X|0|0|6||||132|51|132|51|[]|636148142468050000|13:44:06:805
21|2.1|636147899410748808|8840f9|49447.8046875|9.1191244044022|100.381221681698||||49447.7890625|122.25|12850||||8840f9|BKP962|X|X|0|0|6||||132|83|132|83|[]|636148142478050000|13:44:07:805
21|2.1|636147899442421975|8840f9|49450.984375|9.124016753641|100.380084425077||||49450.96875|121.25|12725||||8840f9|BKP962|X|X|0|0|6||||132|51|132|51|[]|636148142509840000|13:44:10:984
21|2.1|636147899453183051|8840f9|49452.0546875|9.1256260790485|100.379655271635||||49452.0390625|121|12725||||8840f9|BKP962|X|X|0|0|6||||132|83|132|83|[]|636148142520550000|13:44:12:055
21|2.1|636147899482355968|8840f9|49454.984375|9.1301321901895|100.378625303374||||49454.9765625|120|12600||||8840f9|BKP962|X|X|0|0|6||||132|51|132|51|[]|636148142549840000|13:44:14:984
21|2.1|636147899498417574|8840f9|49456.5703125|9.1326212801531|100.3780674039||||49456.5625|119.5|12550||||8840f9|BKP962|X|X|0|0|6||||132|83|132|83|[]|636148142565700000|13:44:16:570
21|2.1|636147899540711803|8840f9|49460.8046875|9.1390585817831|100.376543909181||||49460.796875|118|12400||||8840f9|BKP962|X|X|0|0|6||||132|83|132|83|[]|636148142608050000|13:44:20:805
21|2.1|636147899579855717|8840f9|49464.71875|9.1451096453153|100.375192075838||||49464.71875|116.75|12275||||8840f9|BKP962|X|X||0|6||||132|51|132|51|[]|636148142647190000|13:44:24:719
21|2.1|636147899584226154|8840f9|49465.1484375|9.1457533754783|100.375041872134||||49465.1484375|116.5|12250||||8840f9|BKP962|X|X|0|0|6||||132|83|132|83|[]|636148142651480000|13:44:25:148
21|2.1|636147899621039835|8840f9|49468.84375|9.1514182009127|100.373754411808||||49468.8359375|115.25|12100||||8840f9|BKP962|X|X|0|0|6||||132|51|132|51|[]|636148142688440000|13:44:28:844
21|2.1|636147899626040335|8840f9|49469.3359375|9.1522121347804|100.373561292759||||49469.328125|115|12100||||8840f9|BKP962|X|X|0|0|6||||132|83|132|83|[]|636148142693360000|13:44:29:336
21|2.1|636147899664564187|8840f9|49473.1953125|9.1581129946079|100.372209459416||||49473.1796875|113.5|11925||||8840f9|BKP962|X|X|0|0|6||||132|51|132|51|[]|636148142731950000|13:44:33:195
21|2.1|636147899669254656|8840f9|49473.6640625|9.1588210977872|100.37203779804||||49473.6484375|113.5|11925||||8840f9|BKP962|X|X|0|0|6||||132|83|132|83|[]|636148142736640000|13:44:33:664
21|2.1|636147899715109241|8840f9|49478.234375|9.165859214236|100.370471387976||||49478.21875|111.75|11750||||8840f9|BKP962|X|X|0|0|6||||132|83|132|83|[]|636148142782340000|13:44:38:234
21|2.1|636147899755203250|8840f9|49482.25|9.1720390238008|100.369055181618||||49482.2421875|110.25|11600||||8840f9|BKP962|X|X|0|0|6||||132|83|132|83|[]|636148142822500000|13:44:42:250
21|2.1|636147899798737603|8840f9|49486.6015625|9.1787552751681|100.367553144571||||49486.59375|108.5|11375||||8840f9|BKP962|X|X|0|0|6||||132|83|132|83|[]|636148142866020000|13:44:46:602
21|2.1|636147899809038633|8840f9|49487.640625|9.1803431429035|100.367209821817||||49487.6328125|108.25|11400||||8840f9|BKP962|X|X||0|6||||132|51|132|51|[]|636148142876410000|13:44:47:641
21|2.1|636147899840231752|8840f9|49490.75|9.1851282037818|100.36611548054||||49490.75|107.25|11250||||8840f9|BKP962|X|X|0|0|6||||132|83|132|83|[]|636148142907500000|13:44:50:750
21|2.1|636147899856613390|8840f9|49492.40625|9.1876816667617|100.365557581065||||49492.3984375|106.75|11200||||8840f9|BKP962|X|X|0|0|6||||132|51|132|51|[]|636148142924060000|13:44:52:406
21|2.1|636147899881415870|8840f9|49494.8828125|9.1914796747234|100.364677816509||||49494.8828125|106|11100||||8840f9|BKP962|X|X|0|0|6||||132|83|132|83|[]|636148142948830000|13:44:54:883
21|2.1|636147899905908319|8840f9|49497.3359375|9.1952347673409|100.363840967297||||49497.328125|105.5|11075||||8840f9|BKP962|X|X||0|6||||132|51|132|51|[]|636148142973360000|13:44:57:336
21|2.1|636147899922439972|8840f9|49498.96875|9.1977023996324|100.363283067823||||49498.9609375|105.25|11025||||8840f9|BKP962|X|X|0|0|6||||132|83|132|83|[]|636148142989690000|13:44:58:969
21|2.1|636147899948492577|8840f9|49501.59375|9.201693526643|100.362381845595||||49501.5859375|104.75|10975||||8840f9|BKP962|X|X|0|0|6||||132|51|132|51|[]|636148143015940000|13:45:01:594
21|2.1|636147899966744402|8840f9|49503.4140625|9.2044401086718|100.361759573104||||49503.3984375|104.5|10950||||8840f9|BKP962|X|X|0|0|6||||132|83|132|83|[]|636148143034140000|13:45:03:414
21|2.1|636147899995457273|8840f9|49506.28125|9.208774558436|100.360815435531||||49506.2734375|104|10900||||8840f9|BKP962|X|X||0|6||||132|51|132|51|[]|636148143062810000|13:45:06:281
21|2.1|636147900010438771|8840f9|49507.78125|9.2110490716786|100.360300451401||||49507.7734375|103.75|10850||||8840f9|BKP962|X|X|0|0|6||||132|83|132|83|[]|636148143077810000|13:45:07:781
21|2.1|636147900051142841|8840f9|49511.8515625|9.2171001352108|100.359012991075||||49511.84375|103.25|10800||||8840f9|BKP962|X|X|0|0|6||||132|83|132|83|[]|636148143118520000|13:45:11:852
21|2.1|636147900092957022|8840f9|49516.0234375|9.2233014024477|100.357682615405||||49516.015625|102.5|10725||||8840f9|BKP962|X|X|0|0|6||||132|83|132|83|[]|636148143160230000|13:45:16:023
21|2.1|636147900136961422|8840f9|49520.4296875|9.2298245347661|100.356266409046||||49520.4296875|102|10675||||8840f9|BKP962|X|X|0|0|6||||132|83|132|83|[]|636148143204300000|13:45:20:430
21|2.1|636147900177835509|8840f9|49524.5234375|9.2357253945936|100.355000406392||||49524.5078125|101.5|10625||||8840f9|BKP962|X|X|0|0|6||||132|83|132|83|[]|636148143245230000|13:45:24:523
21|2.1|636147900220099735|8840f9|49528.734375|9.2418408311421|100.353691488394||||49528.71875|101|10550||||8840f9|BKP962|X|X|0|0|6||||132|83|132|83|[]|636148143287340000|13:45:28:734
21|2.1|636147900263314056|8840f9|49533.0625|9.2479777253627|100.352296739708||||49533.0546875|100.5|10500||||8840f9|BKP962|X|X|0|0|6||||132|83|132|83|[]|636148143330630000|13:45:33:063
21|2.1|636147900308258550|8840f9|49537.5625|9.2543506539764|100.350880533349||||49537.5546875|100|10450||||8840f9|BKP962|X|X|0|0|6||||132|83|132|83|[]|636148143375630000|13:45:37:563
21|2.1|636147900327440468|8840f9|49539.484375|9.2570328629889|100.35027971853||||49539.4765625|99.75|10450||||8840f9|BKP962|X|X||0|6||||132|51|132|51|[]|636148143394840000|13:45:39:484
21|2.1|636147900352552979|8840f9|49541.9921875|9.2605519212133|100.349507242335||||49541.9921875|99.5|10400||||8840f9|BKP962|X|X|0|0|6||||132|83|132|83|[]|636148143419920000|13:45:41:992
21|2.1|636147900372674991|8840f9|49544.015625|9.2633414185863|100.348884969844||||49544.0078125|99.25|10375||||8840f9|BKP962|X|X|0|0|6||||132|51|132|51|[]|636148143440160000|13:45:44:016
21|2.1|636147900393427066|8840f9|49546.0859375|9.2661738313035|100.348219782009||||49546.078125|99|10350||||8840f9|BKP962|X|X|0|0|6||||132|83|132|83|[]|636148143460860000|13:45:46:086
21|2.1|636147900417139437|8840f9|49548.453125|9.2693924821185|100.347468763485||||49548.4453125|98.75|10325||||8840f9|BKP962|X|X|0|0|6||||132|51|132|51|[]|636148143484530000|13:45:48:453
21|2.1|636147900437581481|8840f9|49550.4921875|9.2721819794915|100.346846490994||||49550.484375|98.75|10325||||8840f9|BKP962|X|X|0|0|6||||132|83|132|83|[]|636148143504920000|13:45:50:492
21|2.1|636147900457543477|8840f9|49552.5|9.2748856461761|100.346181303159||||49552.4921875|98.5|10275||||8840f9|BKP962|X|X|0|0|6||||132|51|132|51|[]|636148143525000000|13:45:52:500
21|2.1|636147900478775600|8840f9|49554.609375|9.2777180588933|100.345537572996||||49554.6015625|98.25|10250||||8840f9|BKP962|X|X|0|0|6||||132|83|132|83|[]|636148143546090000|13:45:54:609
21|2.1|636147900502938016|8840f9|49557.03125|9.2809796250525|100.344786554473||||49557.0234375|97.75|10200||||8840f9|BKP962|X|X|0|0|6||||132|51|132|51|[]|636148143570310000|13:45:57:031
21|2.1|636147900522289951|8840f9|49558.9609375|9.2835760033766|100.344185739654||||49558.953125|97.5|10175||||8840f9|BKP962|X|X|0|0|6||||132|83|132|83|[]|636148143589610000|13:45:58:961
21|2.1|636147900546472369|8840f9|49561.390625|9.2867946541916|100.343391805786||||49561.390625|97|10150||||8840f9|BKP962|X|X|0|0|6||||132|51|132|51|[]|636148143613910000|13:46:01:391
21|2.1|636147900563624084|8840f9|49563.09375|9.2890691674342|100.342876821656||||49563.0859375|96.75|10100||||8840f9|BKP962|X|X|0|0|6||||132|83|132|83|[]|636148143630940000|13:46:03:094
21|2.1|636147900590926814|8840f9|49565.8203125|9.2927169716912|100.342018514772||||49565.8203125|96.25|10050||||8840f9|BKP962|X|X|0|0|6||||132|51|132|51|[]|636148143658200000|13:46:05:820
21|2.1|636147900605448266|8840f9|49567.28125|9.2946267045081|100.341524988313||||49567.28125|96|10025||||8840f9|BKP962|X|X|0|0|6||||132|83|132|83|[]|636148143672810000|13:46:07:281
21|2.1|636147900646942415|8840f9|49571.421875|9.3001198685657|100.34025898566||||49571.421875|95.25|9950||||8840f9|BKP962|X|X|0|0|6||||132|83|132|83|[]|636148143714220000|13:46:11:422
21|2.1|636147900689676688|8840f9|49575.703125|9.3057417786559|100.338950067661||||49575.6953125|94.25|9850||||8840f9|BKP962|X|X|0|0|6||||132|83|132|83|[]|636148143757030000|13:46:15:703
21|2.1|636147900731640884|8840f9|49579.90625|9.3112778580577|100.337662607335||||49579.890625|93.5|9775||||8840f9|BKP962|X|X|0|0|6||||132|83|132|83|[]|636148143799060000|13:46:19:906
21|2.1|636147900772044924|8840f9|49583.9453125|9.3166422760827|100.336439520026||||49583.9375|92.5|9650||||8840f9|BKP962|X|X|0|0|6||||132|83|132|83|[]|636148143839450000|13:46:23:945
21|2.1|636147900816039323|8840f9|49588.34375|9.3224573052218|100.335066229011||||49588.3359375|91.25|9550||||8840f9|BKP962|X|X|0|0|6||||132|83|132|83|[]|636148143883440000|13:46:28:344
21|2.1|636147900858793598|8840f9|49592.609375|9.328079215312|100.333800226357||||49592.609375|90.25|9450||||8840f9|BKP962|X|X|0|0|6||||132|83|132|83|[]|636148143926090000|13:46:32:609
21|2.1|636147900900757794|8840f9|49596.8046875|9.3336152947138|100.332555681376||||49596.796875|89.25|9325||||8840f9|BKP962|X|X|0|0|6||||132|83|132|83|[]|636148143968050000|13:46:36:805
21|2.1|636147900944282146|8840f9|49601.1640625|9.3393874085087|100.331246763378||||49601.15625|88.25|9200||||8840f9|BKP962|X|X|0|0|6||||132|83|132|83|[]|636148144011640000|13:46:41:164
21|2.1|636147900987656483|8840f9|49605.4921875|9.3451166069594|100.329937845379||||49605.484375|87.25|9125||||8840f9|BKP962|X|X|0|0|6||||132|83|132|83|[]|636148144054920000|13:46:45:492
21|2.1|636147901034611178|8840f9|49610.1953125|9.3513178741963|100.328521639021||||49610.1875|86|8975||||8840f9|BKP962|X|X|0|0|6||||132|83|132|83|[]|636148144101950000|13:46:50:195
21|2.1|636147901077665483|8840f9|49614.4921875|9.357047072647|100.327298551711||||49614.484375|85|8875||||8840f9|BKP962|X|X|0|0|6||||132|83|132|83|[]|636148144144920000|13:46:54:492
21|2.1|636147901118699586|8840f9|49618.6015625|9.3624544060162|100.326075464401||||49618.6015625|84.25|8800||||8840f9|BKP962|X|X|0|0|6||||132|83|132|83|[]|636148144186020000|13:46:58:602
21|2.1|636147901159723688|8840f9|49622.703125|9.3679046547296|100.324916750108||||49622.703125|83.25|8675||||8840f9|BKP962|X|X|0|0|6||||132|83|132|83|[]|636148144227030000|13:47:02:703
21|2.1|636147901201217837|8840f9|49626.8515625|9.373354903443|100.323693662798||||49626.84375|82.25|8575||||8840f9|BKP962|X|X|0|0|6||||132|83|132|83|[]|636148144268520000|13:47:06:852
21|2.1|636147901241931908|8840f9|49630.9296875|9.3786978637959|100.322492033161||||49630.921875|81.5|8475||||8840f9|BKP962|X|X|0|0|6||||132|83|132|83|[]|636148144309300000|13:47:10:930
21|2.1|636147901255043219|8840f9|49632.2421875|9.3804573929081|100.322084337391||||49632.234375|81|8525||||8840f9|BKP962|X|X||0|6||||132|51|132|51|[]|636148144322420000|13:47:12:242
21|2.1|636147901283746089|8840f9|49635.1171875|9.3841910278535|100.321226030507||||49635.109375|80.5|8400||||8840f9|BKP962|X|X|0|0|6||||132|83|132|83|[]|636148144351170000|13:47:15:117
21|2.1|636147901304968211|8840f9|49637.234375|9.3870019828986|100.320625215688||||49637.2265625|80|8325||||8840f9|BKP962|X|X||0|6||||132|51|132|51|[]|636148144372340000|13:47:17:234
21|2.1|636147901324470161|8840f9|49639.171875|9.3895554458785|100.320024400869||||49639.15625|79.5|8275||||8840f9|BKP962|X|X|0|0|6||||132|83|132|83|[]|636148144391720000|13:47:19:172
21|2.1|636147901365184232|8840f9|49643.25|9.3949198639035|100.318822771232||||49643.25|78.75|8200||||8840f9|BKP962|X|X|0|0|6||||132|83|132|83|[]|636148144432500000|13:47:23:250
21|2.1|636147901407768490|8840f9|49647.515625|9.4004988586495|100.317513853234||||49647.5078125|77.75|8075||||8840f9|BKP962|X|X|0|0|6||||132|83|132|83|[]|636148144475160000|13:47:27:516
21|2.1|636147901451452858|8840f9|49651.875|9.4061636840839|100.316162019891||||49651.859375|76.75|7975||||8840f9|BKP962|X|X|0|0|6||||132|83|132|83|[]|636148144518750000|13:47:31:875
21|2.1|636147901493577070|8840f9|49656.09375|9.4116997634857|100.314874559565||||49656.0859375|76|7900||||8840f9|BKP962|X|X|0|0|6||||132|83|132|83|[]|636148144560940000|13:47:36:094
21|2.1|636147901537261438|8840f9|49660.453125|9.4173860465922|100.313608556911||||49660.4453125|75|7800||||8840f9|BKP962|X|X|0|0|6||||132|83|132|83|[]|636148144604530000|13:47:40:453
21|2.1|636147901581095821|8840f9|49664.84375|9.4231152450429|100.312342554257||||49664.8359375|74|7700||||8840f9|BKP962|X|X|0|0|6||||132|83|132|83|[]|636148144648440000|13:47:44:844
21|2.1|636147901621649876|8840f9|49668.890625|9.4283723747074|100.311183839964||||49668.890625|73.25|7600||||8840f9|BKP962|X|X|0|0|6||||132|83|132|83|[]|636148144688910000|13:47:48:891
21|2.1|636147901662533964|8840f9|49672.984375|9.4337367927324|100.310025125671||||49672.984375|72.5|7525||||8840f9|BKP962|X|X|0|0|6||||132|83|132|83|[]|636148144729840000|13:47:52:984
21|2.1|636147901706828393|8840f9|49677.4140625|9.4394874488552|100.308823496033||||49677.40625|71.5|7425||||8840f9|BKP962|X|X|0|0|6||||132|83|132|83|[]|636148144774140000|13:47:57:414
21|2.1|636147901747552465|8840f9|49681.484375|9.4447660361918|100.307643324068||||49681.4765625|70.5|7300||||8840f9|BKP962|X|X|0|0|6||||132|83|132|83|[]|636148144814840000|13:48:01:484
21|2.1|636147901796377347|8840f9|49686.3671875|9.4511389648055|100.306270033053||||49686.359375|69.25|7200||||8840f9|BKP962|X|X|0|0|6||||132|83|132|83|[]|636148144863670000|13:48:06:367
21|2.1|636147901836501359|8840f9|49690.3828125|9.45639609447|100.305132776432||||49690.3828125|68.25|7100||||8840f9|BKP962|X|X|0|0|6||||132|83|132|83|[]|636148144903830000|13:48:10:383
21|2.1|636147901880155724|8840f9|49694.75|9.4621038352486|100.303909689122||||49694.75|67.25|6975||||8840f9|BKP962|X|X|0|0|6||||132|83|132|83|[]|636148144947500000|13:48:14:750
21|2.1|636147901925860294|8840f9|49699.3203125|9.4681119834366|100.302622228796||||49699.3125|66|6850||||8840f9|BKP962|X|X|0|0|6||||132|83|132|83|[]|636148144993200000|13:48:19:320
21|2.1|636147901968764584|8840f9|49703.6171875|9.4737553511989|100.30133476847||||49703.6015625|65|6750||||8840f9|BKP962|X|X|0|0|6||||132|83|132|83|[]|636148145036170000|13:48:23:617
21|2.1|636147902015729280|8840f9|49708.3046875|9.4798922454195|100.299961477456||||49708.296875|63.75|6600||||8840f9|BKP962|X|X|0|0|6||||132|83|132|83|[]|636148145083050000|13:48:28:305
21|2.1|636147902056123319|8840f9|49712.34375|9.4852137481003|100.298738390146||||49712.3359375|62.75|6500||||8840f9|BKP962|X|X|0|0|6||||132|83|132|83|[]|636148145123440000|13:48:32:344
21|2.1|636147902100117718|8840f9|49716.7421875|9.490942946551|100.29745092982||||49716.7421875|61.75|6375||||8840f9|BKP962|X|X|0|0|6||||132|83|132|83|[]|636148145167420000|13:48:36:742
21|2.1|636147902142861992|8840f9|49721.015625|9.4965433989691|100.296142011822||||49721.0078125|61|6300||||8840f9|BKP962|X|X|0|0|6||||132|83|132|83|[]|636148145210160000|13:48:41:016
21|2.1|636147902184836189|8840f9|49725.2109375|9.5019936476825|100.294940382184||||49725.203125|60.5|6250||||8840f9|BKP962|X|X|0|0|6||||132|83|132|83|[]|636148145252110000|13:48:45:211
21|2.1|636147902228360541|8840f9|49729.5625|9.5076370154448|100.29367437953||||49729.5546875|59.5|6150||||8840f9|BKP962|X|X|0|0|6||||132|83|132|83|[]|636148145295630000|13:48:49:563
21|2.1|636147902271574862|8840f9|49733.890625|9.5132374678629|100.292386919204||||49733.8828125|58.75|6050||||8840f9|BKP962|X|X|0|0|6||||132|83|132|83|[]|636148145338910000|13:48:53:891
21|2.1|636147902314479152|8840f9|49738.1875|9.5187735472647|100.291163831895||||49738.1796875|58|5975||||8840f9|BKP962|X|X|0|0|6||||132|83|132|83|[]|636148145381880000|13:48:58:188
21|2.1|636147902356753379|8840f9|49742.4140625|9.5242237959781|100.289876371569||||49742.40625|57|5875||||8840f9|BKP962|X|X||0|6||||132|83|132|83|[]|636148145424140000|13:49:02:414
21|2.1|636147902397777481|8840f9|49746.5078125|9.5295023833147|100.288696199603||||49746.5|56.25|5800||||8840f9|BKP962|X|X|0|0|6||||132|83|132|83|[]|636148145465080000|13:49:06:508
21|2.1|636147902437881491|8840f9|49750.5234375|9.5346522246187|100.287516027638||||49750.515625|55.5|5700||||8840f9|BKP962|X|X|0|0|6||||132|83|132|83|[]|636148145505230000|13:49:10:523
21|2.1|636147902479525655|8840f9|49754.6875|9.5399737272995|100.286314398||||49754.671875|54.75|5625||||8840f9|BKP962|X|X|0|0|6||||132|83|132|83|[]|636148145546880000|13:49:14:688
21|2.1|636147902521489851|8840f9|49758.875|9.5453810606687|100.285069853018||||49758.8671875|53.75|5525||||8840f9|BKP962|X|X|0|0|6||||132|83|132|83|[]|636148145588750000|13:49:18:875
21|2.1|636147902563624064|8840f9|49763.0859375|9.5507883940379|100.283846765709||||49763.078125|52.75|5425||||8840f9|BKP962|X|X|0|0|6||||132|83|132|83|[]|636148145630860000|13:49:23:086
21|2.1|636147902604178119|8840f9|49767.140625|9.555959693014|100.282645136071||||49767.140625|52|5350||||8840f9|BKP962|X|X|0|0|6||||132|83|132|83|[]|636148145671410000|13:49:27:141
21|2.1|636147902644582159|8840f9|49771.1875|9.5611309919901|100.281486421778||||49771.171875|51|5250||||8840f9|BKP962|X|X|0|0|6||||132|83|132|83|[]|636148145711880000|13:49:31:188
21|2.1|636147902687166417|8840f9|49775.453125|9.5665812407035|100.28017750378||||49775.4453125|50.25|5150||||8840f9|BKP962|X|X|0|0|6||||132|83|132|83|[]|636148145754530000|13:49:35:453
21|2.1|636147902731010801|8840f9|49779.828125|9.5721173201053|100.278890043454||||49779.8125|49.5|5075||||8840f9|BKP962|X|X|0|0|6||||132|83|132|83|[]|636148145798280000|13:49:39:828
21|2.1|636147902771884888|8840f9|49783.9140625|9.5772457037372|100.277752786832||||49783.90625|49|5050||||8840f9|BKP962|X|X|0|0|6||||132|83|132|83|[]|636148145839140000|13:49:43:914
21|2.1|636147902816499349|8840f9|49788.375|9.5828246984832|100.276486784178||||49788.3671875|48|4925||||8840f9|BKP962|X|X|0|0|6||||132|83|132|83|[]|636148145883750000|13:49:48:375
21|2.1|636147902860023701|8840f9|49792.734375|9.5883178625408|100.275199323852||||49792.7265625|47.25|4850||||8840f9|BKP962|X|X|0|0|6||||132|83|132|83|[]|636148145927340000|13:49:52:734
21|2.1|636147902900587757|8840f9|49796.78125|9.5933604154843|100.274083524903||||49796.78125|46.5|4775||||8840f9|BKP962|X|X|0|0|6||||132|83|132|83|[]|636148145967810000|13:49:56:781
21|2.1|636147902940991797|8840f9|49800.828125|9.5983385954115|100.27292481061||||49800.8125|45.5|4650||||8840f9|BKP962|X|X|0|0|6||||132|83|132|83|[]|636148146008280000|13:50:00:828
21|2.1|636147902980925790|8840f9|49804.828125|9.6032953176666|100.271787553988||||49804.8125|44.75|4575||||8840f9|BKP962|X|X|0|0|6||||132|83|132|83|[]|636148146048280000|13:50:04:828
21|2.1|636147903021179815|8840f9|49808.84375|9.6082305822496|100.270671755039||||49808.8359375|44|4500||||8840f9|BKP962|X|X|0|0|6||||132|83|132|83|[]|636148146088440000|13:50:08:844
21|2.1|636147903061113808|8840f9|49812.84375|9.6129941854558|100.269191175664||||49812.8359375|43.25|4425||||8840f9|BKP962|X|X|0|0|6||||132|83|132|83|[]|636148146128440000|13:50:12:844
21|2.1|636147903105888285|8840f9|49817.328125|9.6180367383993|100.267088323799||||49817.3203125|42.5|4350||||8840f9|BKP962|X|X|0|0|6||||132|83|132|83|[]|636148146173280000|13:50:17:328
21|2.1|636147903148012497|8840f9|49821.5234375|9.6224141035077|100.264685064523||||49821.515625|41.75|4275||||8840f9|BKP962|X|X|0|0|6||||132|83|132|83|[]|636148146215230000|13:50:21:523
21|2.1|636147903189506646|8840f9|49825.6875|9.6264481458625|100.26189556715||||49825.671875|41.5|4225||||8840f9|BKP962|X|X|0|0|6||||132|83|132|83|[]|636148146256880000|13:50:25:688
21|2.1|636147903231010796|8840f9|49829.8359375|9.6300315771032|100.258762747024||||49829.828125|41|4175||||8840f9|BKP962|X|X|0|0|6||||132|83|132|83|[]|636148146298360000|13:50:29:836
21|2.1|636147903273595054|8840f9|49834.09375|9.6334648046392|100.255501180865||||49834.0859375|40.75|4150||||8840f9|BKP962|X|X|0|0|6||||132|83|132|83|[]|636148146340940000|13:50:34:094
21|2.1|636147903314159110|8840f9|49838.1484375|9.6367263707984|100.252432733754||||49838.140625|40.5|4125||||8840f9|BKP962|X|X|0|0|6||||132|83|132|83|[]|636148146381480000|13:50:38:148
21|2.1|636147903355503244|8840f9|49842.28125|9.6399879369576|100.249256998283||||49842.28125|40.25|4100||||8840f9|BKP962|X|X|0|0|6||||132|83|132|83|[]|636148146422810000|13:50:42:281
21|2.1|636147903398087502|8840f9|49846.53125|9.6431636724284|100.246038347468||||49846.5234375|40.25|4100||||8840f9|BKP962|X|X|0|0|6||||132|83|132|83|[]|636148146465310000|13:50:46:531
21|2.1|636147903441451838|8840f9|49850.875|9.6463179502271|100.242712408293||||49850.8671875|40|4075||||8840f9|BKP962|X|X|0|0|6||||132|83|132|83|[]|636148146508750000|13:50:50:875
21|2.1|636147903483416034|8840f9|49855.078125|9.6492361936327|100.239493757478||||49855.0703125|39.75|4050||||8840f9|BKP962|X|X|0|0|6||||132|83|132|83|[]|636148146550780000|13:50:55:078
21|2.1|636147903526010293|8840f9|49859.3359375|9.6521329793662|100.236275106663||||49859.328125|39.5|4025||||8840f9|BKP962|X|X|0|0|6||||132|83|132|83|[]|636148146593360000|13:50:59:336
21|2.1|636147903567034395|8840f9|49863.4375|9.6549224767392|100.233206659553||||49863.4296875|39|3975||||8840f9|BKP962|X|X|0|0|6||||132|83|132|83|[]|636148146634380000|13:51:03:438
21|2.1|636147903607288420|8840f9|49867.453125|9.6575403127354|100.230202585459||||49867.453125|38.75|3950||||8840f9|BKP962|X|X|0|0|6||||132|83|132|83|[]|636148146674530000|13:51:07:453
21|2.1|636147903650812772|8840f9|49871.8046875|9.6603727254526|100.226983934644||||49871.8046875|38.25|3900||||8840f9|BKP962|X|X|0|0|6||||132|83|132|83|[]|636148146718050000|13:51:11:805
21|2.1|636147903692316922|8840f9|49875.96875|9.663033476793|100.223958402878||||49875.953125|37.75|3850||||8840f9|BKP962|X|X|0|0|6||||132|83|132|83|[]|636148146759690000|13:51:15:969
21|2.1|636147903733651055|8840f9|49880.09375|9.6656942281334|100.220975786456||||49880.0859375|37.5|3825||||8840f9|BKP962|X|X|0|0|6||||132|83|132|83|[]|636148146800940000|13:51:20:094
21|2.1|636147903774535143|8840f9|49884.1875|9.6682476911133|100.218036085378||||49884.1640625|37|3775||||8840f9|BKP962|X|X|0|0|6||||132|83|132|83|[]|636148146841880000|13:51:24:188
21|2.1|636147903818829572|8840f9|49888.6171875|9.6710371884863|100.214860349907||||49888.609375|36.5|3725||||8840f9|BKP962|X|X|0|0|6||||132|83|132|83|[]|636148146886170000|13:51:28:617
21|2.1|636147903862513940|8840f9|49892.984375|9.6737837705151|100.211834818141||||49892.984375|36|3675||||8840f9|BKP962|X|X|0|0|6||||132|83|132|83|[]|636148146929840000|13:51:32:984
21|2.1|636147903903228011|8840f9|49897.0546875|9.676337233495|100.209002405424||||49897.0546875|36|3650||||8840f9|BKP962|X|X|0|0|6||||132|83|132|83|[]|636148146970550000|13:51:37:055
21|2.1|636147903945042192|8840f9|49901.234375|9.6789550694912|100.206212908051||||49901.2265625|36|3650||||8840f9|BKP962|X|X|0|0|6||||132|83|132|83|[]|636148147012340000|13:51:41:234
21|2.1|636147903989186606|8840f9|49905.6484375|9.6816587361758|100.203359037662||||49905.6328125|36.25|3675||||8840f9|BKP962|X|X|0|0|6||||132|83|132|83|[]|636148147056480000|13:51:45:648
21|2.1|636147904029910678|8840f9|49909.7265625|9.6840834531231|100.200805574682||||49909.71875|36.5|3700||||8840f9|BKP962|X|X|0|0|6||||132|83|132|83|[]|636148147097270000|13:51:49:727
21|2.1|636147904072034890|8840f9|49913.9375|9.6865940007588|100.198252111702||||49913.9296875|36.25|3675||||8840f9|BKP962|X|X|0|0|6||||132|83|132|83|[]|636148147139380000|13:51:53:938
21|2.1|636147904115399226|8840f9|49918.265625|9.6891474637387|100.195634275706||||49918.2578125|36.25|3675||||8840f9|BKP962|X|X|0|0|6||||132|83|132|83|[]|636148147182660000|13:51:58:266
21|2.1|636147904160483734|8840f9|49922.7734375|9.6917652997349|100.192930609021||||49922.765625|36.25|3675||||8840f9|BKP962|X|X|0|0|6||||132|83|132|83|[]|636148147227730000|13:52:02:773
21|2.1|636147904204788164|8840f9|49927.203125|9.6943402203869|100.190377146041||||49927.1953125|36.5|3675||||8840f9|BKP962|X|X|0|0|6||||132|83|132|83|[]|636148147272030000|13:52:07:203
21|2.1|636147904245662251|8840f9|49931.296875|9.69672202199|100.187952429094||||49931.2890625|36.5|3675||||8840f9|BKP962|X|X|0|0|6||||132|83|132|83|[]|636148147312970000|13:52:11:297
21|2.1|636147904289656650|8840f9|49935.6953125|9.6992111119536|100.185420423786||||49935.6875|36.5|3700||||8840f9|BKP962|X|X|0|0|6||||132|83|132|83|[]|636148147356950000|13:52:15:695
21|2.1|636147904330850769|8840f9|49939.8125|9.7015285405404|100.182952791494||||49939.8125|36.5|3700||||8840f9|BKP962|X|X|0|0|6||||132|83|132|83|[]|636148147398130000|13:52:19:813
21|2.1|636147904374375121|8840f9|49944.1640625|9.7036743077504|100.180206209466||||49944.1640625|36.5|3700||||8840f9|BKP962|X|X|0|0|6||||132|83|132|83|[]|636148147441640000|13:52:24:164
21|2.1|636147904415709254|8840f9|49948.3046875|9.7052192601416|100.177373796748||||49948.296875|36.5|3700||||8840f9|BKP962|X|X|0|0|6||||132|83|132|83|[]|636148147483050000|13:52:28:305
21|2.1|636147904457673450|8840f9|49952.4921875|9.7061848553861|100.174283891966||||49952.484375|36|3650||||8840f9|BKP962|X|X|0|0|6||||132|83|132|83|[]|636148147524920000|13:52:32:492
21|2.1|636147904499017584|8840f9|49956.6328125|9.7066140088281|100.171193987184||||49956.625|35.75|3625||||8840f9|BKP962|X|X|0|0|6||||132|83|132|83|[]|636148147566330000|13:52:36:633
21|2.1|636147904541761858|8840f9|49960.90625|9.7066569241723|100.168039709385||||49960.8984375|35.25|3575||||8840f9|BKP962|X|X|0|0|6||||132|83|132|83|[]|636148147609060000|13:52:40:906
21|2.1|636147904583736055|8840f9|49965.1015625|9.7066140088281|100.164949804603||||49965.1015625|35|3550||||8840f9|BKP962|X|X|0|0|6||||132|83|132|83|[]|636148147651020000|13:52:45:102
21|2.1|636147904624290110|8840f9|49969.15625|9.7065067204676|100.162074476541||||49969.140625|34.75|3525||||8840f9|BKP962|X|X|0|0|6||||132|83|132|83|[]|636148147691560000|13:52:49:156
21|2.1|636147904668284509|8840f9|49973.5546875|9.7064208897792|100.158941656415||||49973.546875|34.25|3475||||8840f9|BKP962|X|X|0|0|6||||132|83|132|83|[]|636148147735550000|13:52:53:555
21|2.1|636147904711028783|8840f9|49977.828125|9.7062706860745|100.155959039993||||49977.8125|33.75|3425||||8840f9|BKP962|X|X|0|0|6||||132|83|132|83|[]|636148147778280000|13:52:57:828
21|2.1|636147904752832963|8840f9|49982.015625|9.7061419400419|100.153062254259||||49982.0078125|33|3350||||8840f9|BKP962|X|X|0|0|6||||132|83|132|83|[]|636148147820160000|13:53:02:016
21|2.1|636147904796367316|8840f9|49986.3671875|9.7059917363372|100.150079637837||||49986.359375|32.5|3300||||8840f9|BKP962|X|X|0|0|6||||132|83|132|83|[]|636148147863670000|13:53:06:367
21|2.1|636147904839731652|8840f9|49990.6953125|9.7059273633209|100.14713993676||||49990.6875|31.75|3225||||8840f9|BKP962|X|X|0|0|6||||132|83|132|83|[]|636148147906950000|13:53:10:695
21|2.1|636147904882635942|8840f9|49994.984375|9.7057771596162|100.144200235682||||49994.984375|31.25|3175||||8840f9|BKP962|X|X|0|0|6||||132|83|132|83|[]|636148147949840000|13:53:14:984
21|2.1|636147904924910169|8840f9|49999.2265625|9.705734244272|100.141367822965||||49999.21875|30.75|3125||||8840f9|BKP962|X|X|0|0|6||||132|83|132|83|[]|636148147992270000|13:53:19:227
21|2.1|636147904965944272|8840f9|50003.3125|9.7056913289278|100.13866415628||||50003.3046875|30.5|3075||||8840f9|BKP962|X|X|0|0|6||||132|83|132|83|[]|636148148033130000|13:53:23:313
21|2.1|636147905006028280|8840f9|50007.328125|9.7056913289278|100.136046320284||||50007.3203125|30.25|3050||||8840f9|BKP962|X|X|0|0|6||||132|83|132|83|[]|636148148073280000|13:53:27:328
21|2.1|636147905047682445|8840f9|50011.484375|9.7056484135836|100.133407026616||||50011.4765625|30.25|3050||||8840f9|BKP962|X|X|0|0|6||||132|83|132|83|[]|636148148114840000|13:53:31:484
21|2.1|636147905089496626|8840f9|50015.671875|9.7056269559115|100.130810648291||||50015.671875|30.25|3050||||8840f9|BKP962|X|X|0|0|6||||132|83|132|83|[]|636148148156720000|13:53:35:672
21|2.1|636147905131620838|8840f9|50019.8984375|9.7055840405673|100.128257185312||||50019.8828125|30.25|3050||||8840f9|BKP962|X|X|0|0|6||||132|83|132|83|[]|636148148198980000|13:53:39:898
21|2.1|636147905172344910|8840f9|50023.953125|9.7055411252231|100.125896841381||||50023.9453125|30.25|3050||||8840f9|BKP962|X|X|0|0|6||||132|83|132|83|[]|636148148239530000|13:53:43:953
21|2.1|636147905212588934|8840f9|50027.984375|9.7054982098789|100.123515039777||||50027.9765625|30.25|3025||||8840f9|BKP962|X|X|0|0|6||||132|83|132|83|[]|636148148279840000|13:53:47:984
21|2.1|636147905255333208|8840f9|50032.2578125|9.7054338368626|100.121068865158||||50032.25|30.25|3025||||8840f9|BKP962|X|X|0|0|6||||132|83|132|83|[]|636148148322580000|13:53:52:258
21|2.1|636147905299017576|8840f9|50036.625|9.7053694638463|100.118601232867||||50036.6171875|30.5|3050||||8840f9|BKP962|X|X|0|0|6||||132|83|132|83|[]|636148148366250000|13:53:56:625
21|2.1|636147905339891663|8840f9|50040.71875|9.7053265485021|100.116219431263||||50040.7109375|30.5|3050||||8840f9|BKP962|X|X|0|0|6||||132|83|132|83|[]|636148148407190000|13:54:00:719
21|2.1|636147905384506124|8840f9|50045.1875|9.7052836331579|100.113708883628||||50045.171875|30.5|3050||||8840f9|BKP962|X|X|0|0|6||||132|83|132|83|[]|636148148451880000|13:54:05:188
21|2.1|636147905428180491|8840f9|50049.546875|9.7051763447974|100.111198335992||||50049.5390625|30.5|3050||||8840f9|BKP962|X|X|0|0|6||||132|83|132|83|[]|636148148495470000|13:54:09:547
21|2.1|636147905468744547|8840f9|50053.59375|9.7051548871253|100.108880907405||||50053.5859375|30.5|3050||||8840f9|BKP962|X|X|0|0|6||||132|83|132|83|[]|636148148535940000|13:54:13:594
21|2.1|636147905508988571|8840f9|50057.625|9.7051119717811|100.106563478818||||50057.6171875|30.5|3050||||8840f9|BKP962|X|X|0|0|6||||132|83|132|83|[]|636148148576250000|13:54:17:625
21|2.1|636147905548932565|8840f9|50061.625|9.7050690564369|100.104246050232||||50061.6171875|30.5|3050||||8840f9|BKP962|X|X|0|0|6||||132|83|132|83|[]|636148148616250000|13:54:21:625
21|2.1|636147905589176589|8840f9|50065.6484375|9.7049832257485|100.101928621645||||50065.640625|30.5|3050||||8840f9|BKP962|X|X|0|0|6||||132|83|132|83|[]|636148148656480000|13:54:25:648
21|2.1|636147905629280599|8840f9|50069.6484375|9.7049403104043|100.099654108402||||50069.640625|30.5|3050||||8840f9|BKP962|X|X|0|0|6||||132|83|132|83|[]|636148148696480000|13:54:29:648
21|2.1|636147905674055076|8840f9|50074.1328125|9.704661360667|100.097143560767||||50074.125|30.75|3075||||8840f9|BKP962|X|X|0|0|6||||132|83|132|83|[]|636148148741330000|13:54:34:133
21|2.1|636147905716009271|8840f9|50078.328125|9.7039961728319|100.094869047524||||50078.3203125|30.75|3075||||8840f9|BKP962|X|X|0|0|6||||132|83|132|83|[]|636148148783280000|13:54:38:328
21|2.1|636147905757663436|8840f9|50082.484375|9.7028589162106|100.092766195658||||50082.4765625|30.5|3075||||8840f9|BKP962|X|X|0|0|6||||132|83|132|83|[]|636148148824840000|13:54:42:484
21|2.1|636147905799167586|8840f9|50086.6328125|9.7012495908031|100.09094229353||||50086.6328125|30.25|3050||||8840f9|BKP962|X|X|0|0|6||||132|83|132|83|[]|636148148866330000|13:54:46:633
21|2.1|636147905841751844|8840f9|50090.8984375|9.6993184003141|100.089354425794||||50090.890625|29.75|3000||||8840f9|BKP962|X|X|0|0|6||||132|83|132|83|[]|636148148908980000|13:54:50:898
21|2.1|636147905882155884|8840f9|50094.9453125|9.697365752153|100.087959677108||||50094.9453125|29.25|2950||||8840f9|BKP962|X|X|0|0|6||||132|83|132|83|[]|636148148949450000|13:54:54:945
21|2.1|636147905923660034|8840f9|50099.09375|9.6951985272709|100.08675804747||||50099.0859375|28.5|2875||||8840f9|BKP962|X|X|0|0|6||||132|83|132|83|[]|636148148990940000|13:54:59:094
21|2.1|636147905966084276|8840f9|50103.3359375|9.6930098447167|100.085685163865||||50103.328125|28|2825||||8840f9|BKP962|X|X|0|0|6||||132|83|132|83|[]|636148149033360000|13:55:03:336
21|2.1|636147906009458613|8840f9|50107.6796875|9.6907353314741|100.084698110949||||50107.671875|27.5|2750||||8840f9|BKP962|X|X|0|0|6||||132|83|132|83|[]|636148149076800000|13:55:07:680
21|2.1|636147906051422809|8840f9|50111.875|9.6885466489199|100.083839804065||||50111.8671875|27|2675||||8840f9|BKP962|X|X|0|0|6||||132|83|132|83|[]|636148149118750000|13:55:11:875
21|2.1|636147906094167083|8840f9|50116.1328125|9.6863579663657|100.083024412525||||50116.1328125|26.5|2625||||8840f9|BKP962|X|X|0|0|6||||132|83|132|83|[]|636148149161330000|13:55:16:133
21|2.1|636147906135201186|8840f9|50120.25|9.6842121991557|100.082230478657||||50120.234375|26.25|2600||||8840f9|BKP962|X|X|0|0|6||||132|83|132|83|[]|636148149202500000|13:55:20:250
21|2.1|636147906175445210|8840f9|50124.265625|9.6821737203062|100.081479460134||||50124.2578125|26|2575||||8840f9|BKP962|X|X|0|0|6||||132|83|132|83|[]|636148149242660000|13:55:24:266
21|2.1|636147906218979563|8840f9|50128.6171875|9.6798777493915|100.080664068594||||50128.609375|25.5|2525||||8840f9|BKP962|X|X|0|0|6||||132|83|132|83|[]|636148149286170000|13:55:28:617
21|2.1|636147906260473712|8840f9|50132.765625|9.6777105245094|100.079870134726||||50132.7578125|25.25|2500||||8840f9|BKP962|X|X|0|0|6||||132|83|132|83|[]|636148149327660000|13:55:32:766
21|2.1|636147906301657830|8840f9|50136.8984375|9.6755647572994|100.079033285514||||50136.890625|25|2450||||8840f9|BKP962|X|X|0|0|6||||132|83|132|83|[]|636148149368980000|13:55:36:898
21|2.1|636147906342531917|8840f9|50140.9765625|9.6734619054336|100.078132063286||||50140.96875|24.75|2425||||8840f9|BKP962|X|X|0|0|6||||132|83|132|83|[]|636148149409770000|13:55:40:977
21|2.1|636147906386836347|8840f9|50145.4140625|9.6711659345189|100.077209383386||||50145.4140625|24.75|2425||||8840f9|BKP962|X|X|0|0|6||||132|83|132|83|[]|636148149454140000|13:55:45:414
21|2.1|636147906430830746|8840f9|50149.8046875|9.6689557942926|100.076222330469||||50149.7890625|24.5|2400||||8840f9|BKP962|X|X|0|0|6||||132|83|132|83|[]|636148149498050000|13:55:49:805
21|2.1|636147906471394802|8840f9|50153.8671875|9.666895857771|100.075278192897||||50153.859375|24.25|2375||||8840f9|BKP962|X|X|0|0|6||||132|83|132|83|[]|636148149538670000|13:55:53:867
21|2.1|636147906513198982|8840f9|50158.0390625|9.664750090561|100.074269682308||||50158.03125|24|2350||||8840f9|BKP962|X|X|0|0|6||||132|83|132|83|[]|636148149580390000|13:55:58:039
21|2.1|636147906557193381|8840f9|50162.4453125|9.6625184926626|100.073239714047||||50162.4453125|24|2375||||8840f9|BKP962|X|X|0|0|6||||132|83|132|83|[]|636148149624450000|13:56:02:445
21|2.1|636147906598077469|8840f9|50166.5234375|9.6604156407968|100.072274118803||||50166.5234375|23.75|2350||||8840f9|BKP962|X|X|0|0|6||||132|83|132|83|[]|636148149665230000|13:56:06:523
21|2.1|636147906640191680|8840f9|50170.75|9.6582698735868|100.071287065886||||50170.734375|23.25|2300||||8840f9|BKP962|X|X|0|0|6||||132|83|132|83|[]|636148149707500000|13:56:10:750
21|2.1|636147906683556016|8840f9|50175.078125|9.6560168180163|100.070321470642||||50175.0703125|22.5|2225||||8840f9|BKP962|X|X|0|0|6||||132|83|132|83|[]|636148149750780000|13:56:15:078
21|2.1|636147906728490509|8840f9|50179.578125|9.6536779317574|100.069291502381||||50179.5703125|21.75|2150||||8840f9|BKP962|X|X|0|0|6||||132|83|132|83|[]|636148149795780000|13:56:19:578
21|2.1|636147906772804940|8840f9|50184.0078125|9.6514034185148|100.068304449464||||50184|21.25|2100||||8840f9|BKP962|X|X|0|0|6||||132|83|132|83|[]|636148149840080000|13:56:24:008
21|2.1|636147906813669026|8840f9|50188.09375|9.6493434819932|100.067403227236||||50188.09375|20.5|2025||||8840f9|BKP962|X|X|0|0|6||||132|83|132|83|[]|636148149880940000|13:56:28:094
21|2.1|636147906857663425|8840f9|50192.5|9.6471333417669|100.066416174319||||50192.4921875|20|1950||||8840f9|BKP962|X|X|0|0|6||||132|83|132|83|[]|636148149925000000|13:56:32:500
21|2.1|636147906899007559|8840f9|50196.625|9.6451163205895|100.065472036747||||50196.6171875|19.5|1900||||8840f9|BKP962|X|X|0|0|6||||132|83|132|83|[]|636148149966250000|13:56:36:625
21|2.1|636147906942531911|8840f9|50200.9765625|9.6430134687237|100.064506441502||||50200.96875|19.25|1875||||8840f9|BKP962|X|X|0|0|6||||132|83|132|83|[]|636148150009770000|13:56:40:977
21|2.1|636147906984026060|8840f9|50205.109375|9.6409535322021|100.063519388586||||50205.1015625|18.75|1825||||8840f9|BKP962|X|X|0|0|6||||132|83|132|83|[]|636148150051090000|13:56:45:109
21|2.1|636147907025680225|8840f9|50209.296875|9.6388935956805|100.062489420325||||50209.2890625|18.5|1800||||8840f9|BKP962|X|X|0|0|6||||132|83|132|83|[]|636148150092970000|13:56:49:297
21|2.1|636147907067174374|8840f9|50213.4375|9.6368336591589|100.061523825081||||50213.4296875|18|1750||||8840f9|BKP962|X|X|0|0|6||||132|83|132|83|[]|636148150134380000|13:56:53:438
21|2.1|636147907109768633|8840f9|50217.703125|9.6346878919489|100.060536772164||||50217.703125|17.75|1725||||8840f9|BKP962|X|X||0|6||||132|83|132|83|[]|636148150177030000|13:56:57:703
21|2.1|636147907151892845|8840f9|50221.9140625|9.6325850400831|100.059549719247||||50221.90625|17.25|1675||||8840f9|BKP962|X|X|0|0|6||||132|83|132|83|[]|636148150219140000|13:57:01:914
21|2.1|636147907192296885|8840f9|50225.9609375|9.6305465612336|100.058605581675||||50225.9453125|16.75|1600||||8840f9|BKP962|X|X||0|6||||132|83|132|83|[]|636148150259610000|13:57:05:961
21|2.1|636147907236291284|8840f9|50230.359375|9.6283149633352|100.057554155742||||50230.3515625|16.25|1575||||8840f9|BKP962|X|X|0|0|6||||132|83|132|83|[]|636148150303590000|13:57:10:359
21|2.1|636147907279025557|8840f9|50234.625|9.626126280781|100.056631475842||||50234.625|15.75|1500||||8840f9|BKP962|X|X|0|0|6||||132|83|132|83|[]|636148150346250000|13:57:14:625
21|2.1|636147907320999754|8840f9|50238.8203125|9.6237873945221|100.056116491711||||50238.8125|15.5|1475||||8840f9|BKP962|X|X|0|0|6||||132|83|132|83|[]|636148150388200000|13:57:18:820
21|2.1|636147907364524106|8840f9|50243.1796875|9.6212339315422|100.056030661023||||50243.1640625|15|1425||||8840f9|BKP962|X|X|0|0|6||||132|83|132|83|[]|636148150431800000|13:57:23:180
21|2.1|636147907407888442|8840f9|50247.5078125|9.6186804685623|100.056137949383||||50247.5|14.5|1375||||8840f9|BKP962|X|X|0|0|6||||132|83|132|83|[]|636148150475080000|13:57:27:508
21|2.1|636147907450792732|8840f9|50251.8046875|9.6161484632545|100.056331068432||||50251.7890625|14|1325||||8840f9|BKP962|X|X|0|0|6||||132|83|132|83|[]|636148150518050000|13:57:31:805
21|2.1|636147907493076960|8840f9|50256.0234375|9.613680830963|100.056524187481||||50256.0234375|13.5|1275||||8840f9|BKP962|X|X|0|0|6||||132|83|132|83|[]|636148150560230000|13:57:36:023
21|2.1|636147907533951047|8840f9|50260.1171875|9.611320487032|100.056695848858||||50260.109375|12.75|1200||||8840f9|BKP962|X|X|0|0|6||||132|83|132|83|[]|636148150601170000|13:57:40:117
21|2.1|636147907574035055|8840f9|50264.125|9.6090245161173|100.056931883251||||50264.125|12.25|1150||||8840f9|BKP962|X|X||0|6||||132|83|132|83|[]|636148150641250000|13:57:44:125
21|2.1|636147907615689220|8840f9|50268.2890625|9.6067070875305|100.057167917644||||50268.28125|11.75|1075||||8840f9|BKP962|X|X||0|6||||132|83|132|83|[]|636148150682890000|13:57:48:289
21|2.1|636147907657653416|8840f9|50272.484375|9.6043467435995|100.057468325054||||50272.4765625|11.25|1025||||8840f9|BKP962|X|X|0|0|6||||132|83|132|83|[]|636148150724840000|13:57:52:484
21|2.1|636147907699777628|8840f9|50276.6953125|9.6019649419964|100.057704359447||||50276.6875|10.75|975||||8840f9|BKP962|X|X||0|6||||132|83|132|83|[]|636148150766950000|13:57:56:695
21|2.1|636147907740351685|8840f9|50280.7578125|9.5997118864259|100.05794039384||||50280.75|10.25|925||||8840f9|BKP962|X|X|0|0|6||||132|83|132|83|[]|636148150807580000|13:58:00:758
21|2.1|636147907780585708|8840f9|50284.7890625|9.5974802885275|100.058133512889||||50284.78125|9.75|875||||8840f9|BKP962|X|X|0|0|6||||132|83|132|83|[]|636148150847890000|13:58:04:789
21|2.1|636147907823339983|8840f9|50289.0546875|9.5951414022686|100.05834808961||||50289.0546875|9.25|825||||8840f9|BKP962|X|X|0|0|6||||132|83|132|83|[]|636148150890550000|13:58:09:055
21|2.1|636147907871694818|8840f9|50293.890625|9.5924591932561|100.058541208659||||50293.875|8.75|775||||8840f9|BKP962|X|X|0|0|6||||132|83|132|83|[]|636148150938910000|13:58:13:891
21|2.1|636147907913819030|8840f9|50298.109375|9.5901417646693|100.058734327708||||50298.09375|8.25|700||||8840f9|BKP962|X|X|0|0|6||||132|83|132|83|[]|636148150981090000|13:58:18:109
21|2.1|636147907957493397|8840f9|50302.46875|9.5876741323778|100.058927446756||||50302.4609375|7.75|675||||8840f9|BKP962|X|X|0|0|6||||132|83|132|83|[]|636148151024690000|13:58:22:469
21|2.1|636147908001337781|8840f9|50306.859375|9.5851635847421|100.059099108133||||50306.8515625|7.25|600||||8840f9|BKP962|X|X|0|0|6||||132|83|132|83|[]|636148151068590000|13:58:26:859
21|2.1|636147908041901837|8840f9|50310.90625|9.5829105291716|100.059292227182||||50310.90625|7|575||||8840f9|BKP962|X|X|0|0|6||||132|83|132|83|[]|636148151109060000|13:58:30:906
21|2.1|636147908082765923|8840f9|50315|9.580636015929|100.059463888559||||50314.9921875|6.5|525||||8840f9|BKP962|X|X|0|0|6||||132|83|132|83|[]|636148151150000000|13:58:35:000
21|2.1|636147908126930339|8840f9|50319.4140625|9.5782542143259|100.059657007608||||50319.4140625|6.25|500||||8840f9|BKP962|X|X|0|0|6||||132|83|132|83|[]|636148151194140000|13:58:39:414
21|2.1|636147908167794425|8840f9|50323.5|9.5759582434112|100.059850126657||||50323.484375|5.75|450||||8840f9|BKP962|X|X|0|0|6||||132|83|132|83|[]|636148151235000000|13:58:43:500
21|2.1|636147908211628808|8840f9|50327.890625|9.5735120687918|100.060064703378||||50327.8828125|5.5|400||||8840f9|BKP962|X|X|0|0|6||||132|83|132|83|[]|636148151278910000|13:58:47:891
21|2.1|636147908262643909|8840f9|50332.984375|9.5706581984025|100.060300737771||||50332.984375|5|350||||8840f9|BKP962|X|X|0|0|6||||132|83|132|83|[]|636148151329840000|13:58:52:984
21|2.1|636147908305698214|8840f9|50337.2890625|9.5682763967994|100.060536772164||||50337.28125|4.5|300||||8840f9|BKP962|X|X|0|0|6||||132|83|132|83|[]|636148151372890000|13:58:57:289
21|2.1|636147908357023346|8840f9|50342.4296875|9.5653581533938|100.060772806557||||50342.421875|4|250||||8840f9|BKP962|X|X|0|0|6||||132|83|132|83|[]|636148151424300000|13:59:02:430
21|2.1|636147908398997543|8840f9|50346.6171875|9.563040724807|100.06100884095||||50346.609375|3.75|225||||8840f9|BKP962|X|X|0|0|6||||132|83|132|83|[]|636148151466170000|13:59:06:617
21|2.1|636147908441421785|8840f9|50350.8671875|9.5606589232039|100.061244875343||||50350.859375|3.25|175||||8840f9|BKP962|X|X|0|0|6||||132|83|132|83|[]|636148151508670000|13:59:10:867
21|2.1|636147908496187261|8840f9|50356.3359375|9.5575475607494|100.061545282753||||50356.328125|2.5|100||||8840f9|BKP962|X|X|0|0|6||||132|83|132|83|[]|636148151563360000|13:59:16:336
21|2.1|636147908577615403|8840f9|50364.4765625|9.5528912459037|100.061952978523||||50364.4765625|2|75||||8840f9|BKP962|X|X||0|6||||132|83|132|83|[]|636148151644770000|13:59:24:477
