21|2.1|636147912219249530|88803b|50728.65625|12.8161954765438|107.7115916245||||50728.640625|341|36450||||88803b|X|X|X||0|7||||132|163|132|163|[]|636148155286560000|14:05:28:656
21|2.1|636147912268704475|88803b|50733.59375|12.8268170242333|107.714102172136||||50733.5859375|341.5|36500||||88803b|PIC524|5755|X||0|7||||132|163|132|163|[]|636148155335940000|14:05:33:594
21|2.1|636147912318159420|88803b|50738.546875|12.837481487267|107.7165912621||||50738.5390625|342|36550||||88803b|PIC524|5755|X||0|7||||132|163|132|163|[]|636148155385470000|14:05:38:547
21|2.1|636147912362923896|88803b|50743.015625|12.8470730666957|107.718822859998||||50743.0078125|342.75|36625||||88803b|PIC524|5755|X||0|7||||132|163|132|163|[]|636148155430160000|14:05:43:016
21|2.1|636147912409118515|88803b|50747.6328125|12.8570294265501|107.721140288585||||50747.625|343.25|36675||||88803b|PIC524|5755|X||0|7||||132|163|132|163|[]|636148155476330000|14:05:47:633
21|2.1|636147912479005503|88803b|50754.625|12.8720712546922|107.724659346809||||50754.6171875|344.25|36800||||88803b|PIC524|5755|X||0|7||||132|163|132|163|[]|636148155546250000|14:05:54:625
21|2.1|636147912631110712|88803b|50769.8359375|12.9046869162842|107.732255362733||||50769.828125|347.5|37125||||88803b|PIC524|5755|X||0|7||||132|163|132|163|[]|636148155698360000|14:06:09:836
21|2.1|636147912672764877|88803b|50774|12.9135489348615|107.734358214599||||50773.9921875|348.5|37225||||88803b|PIC524|5755|X||0|7||||132|163|132|163|[]|636148155740000000|14:06:14:000
21|2.1|636147912715819182|88803b|50778.3046875|12.9227542761924|107.736482524136||||50778.296875|349|37275||||88803b|PIC524|5755|X||0|7||||132|163|132|163|[]|636148155783050000|14:06:18:305
21|2.1|636147912757643364|88803b|50782.484375|12.931680667786|107.73856391833||||50782.4765625|349.5|37350||||88803b|PIC524|5755|X||0|7||||132|163|132|163|[]|636148155824840000|14:06:22:484
21|2.1|636147912854663065|88803b|50792.1953125|12.9524302367067|107.743391894553||||50792.1796875|350|37400||||88803b|PIC524|5755|X||0|7||||132|163|132|163|[]|636148155921950000|14:06:32:195
21|2.1|636147913325490143|88803b|50839.2734375|13.0524444463648|107.766694926453||||50839.2578125|350|37400||||88803b|PIC524|5755|X||0|7||||132|163|132|163|[]|636148156392730000|14:07:19:273
21|2.1|636147913503327925|88803b|50857.0625|13.0902957799492|107.775599860375||||50857.0546875|350|||||88803b|PIC524|5755|X||0|7||||132|163|132|163|[]|636148156570630000|14:07:37:063
21|2.1|636147913547952387|88803b|50861.5234375|13.0998444440337|107.777852915945||||50861.5234375|350|37400||||88803b|PIC524|5755|X||0|7||||132|163|132|163|[]|636148156615230000|14:07:41:523
21|2.1|636147913591626754|88803b|50865.890625|13.1091570737251|107.780020140827||||50865.8828125|350|37400||||88803b|PIC524|5755|X||0|7||||132|163|132|163|[]|636148156658910000|14:07:45:891
21|2.1|636147913752632853|88803b|50881.9921875|13.1435537221014|107.788109683209||||50881.9921875|350|37400||||88803b|PIC524|X|X||0|7||||132|163|132|163|[]|636148156819920000|14:08:01:992
21|2.1|636147913792726862|88803b|50885.9921875|13.1521153332693|107.790148162059||||50885.9921875|350|37400||||88803b|PIC524|X|X||0|7||||132|163|132|163|[]|636148156859920000|14:08:05:992
21|2.1|636147913837651354|88803b|50890.484375|13.161706912698|107.792358302285||||50890.46875|350|37400||||88803b|PIC524|5755|X||0|7||||132|163|132|163|[]|636148156904840000|14:08:10:484
21|2.1|636147914298967481|88803b|50936.6171875|13.260412204358|107.815382384448||||50936.6015625|350|37425||||88803b|PIC524|5755|X||0|7||||132|163|132|163|[]|636148157366170000|14:08:56:617
21|2.1|636147914629850566|88803b|50969.703125|13.3321022868441|107.827634715217||||50969.6953125|350|37400||||88803b|PIC524|5755|X||0|7||||132|163|132|163|[]|636148157697030000|14:09:29:703
21|2.1|636147914671034684|88803b|50973.8203125|13.3411359667982|107.828493022101||||50973.8203125|350.25|37425||||88803b|PIC524|5755|X||0|7||||132|163|132|163|[]|636148157738200000|14:09:33:820
21|2.1|636147914716739254|88803b|50978.390625|13.351178157341|107.829351328985||||50978.390625|350.25|37425||||88803b|PIC524|5755|X||0|7||||132|163|132|163|[]|636148157783910000|14:09:38:391
21|2.1|636147914766664246|88803b|50983.390625|13.3621644854562|107.830059432165||||50983.390625|350|37400||||88803b|PIC524|5755|X||0|7||||132|163|132|163|[]|636148157833910000|14:09:43:391
21|2.1|636147914827660345|88803b|50989.484375|13.3755326151745|107.830660246983||||50989.4765625|350|37400||||88803b|PIC524|5755|X||0|7||||132|163|132|163|[]|636148157894840000|14:09:49:484
21|2.1|636147914881015680|88803b|50994.8203125|13.3873343348295|107.830960654393||||50994.8125|350|37400||||88803b|PIC524|5755|X||0|7||||132|163|132|163|[]|636148157948200000|14:09:54:820
21|2.1|636147914921419720|88803b|50998.875|13.396239268751|107.831089400425||||50998.8671875|350|37425||||88803b|PIC524|5755|X||0|7||||132|163|132|163|[]|636148157988750000|14:09:58:875
21|2.1|636147914962443822|88803b|51002.9609375|13.4052944063772|107.831196688786||||51002.9609375|350|37400||||88803b|PIC524|5755|X||0|7||||132|163|132|163|[]|636148158029610000|14:10:02:961
21|2.1|636147915006758253|88803b|51007.390625|13.4150361895106|107.831325434818||||51007.3828125|350|37400||||88803b|PIC524|5755|X||0|7||||132|163|132|163|[]|636148158073910000|14:10:07:391
21|2.1|636147915047322309|88803b|51011.4609375|13.4239840387763|107.831475638523||||51011.453125|350|37400||||88803b|PIC524|5755|X||0|7||||132|163|132|163|[]|636148158114610000|14:10:11:461
21|2.1|636147915091306707|88803b|51015.8515625|13.4337258219097|107.831668757572||||51015.84375|350|37400||||88803b|PIC524|5755|X||0|7||||132|163|132|163|[]|636148158158520000|14:10:15:852
21|2.1|636147915136391215|88803b|51020.3671875|13.4436392664199|107.831818961277||||51020.359375|350|37425||||88803b|PIC524|5755|X||0|7||||132|163|132|163|[]|636148158203670000|14:10:20:367
21|2.1|636147915241231698|88803b|51030.84375|13.4667277215995|107.832269572391||||51030.828125|350|37425||||88803b|PIC524|5755|X||0|7||||132|163|132|163|[]|636148158308440000|14:10:30:844
21|2.1|636147915284135988|88803b|51035.140625|13.4761905549956|107.83246269144||||51035.1328125|350|37425||||88803b|PIC524|5755|X||0|7||||132|163|132|163|[]|636148158351410000|14:10:35:141
21|2.1|636147915325940168|88803b|51039.3203125|13.4853958963265|107.832698725833||||51039.3125|350.25|37450||||88803b|PIC524|5755|X||0|7||||132|163|132|163|[]|636148158393200000|14:10:39:320
21|2.1|636147915366344208|88803b|51043.3515625|13.4942364572317|107.832891844882||||51043.34375|350.25|37425||||88803b|PIC524|5755|X||0|7||||132|163|132|163|[]|636148158433520000|14:10:43:352
21|2.1|636147915408628436|88803b|51047.5859375|13.503527629251|107.833084963931||||51047.578125|350.25|37450||||88803b|PIC524|5755|X||0|7||||132|163|132|163|[]|636148158475860000|14:10:47:586
21|2.1|636147915452152788|88803b|51051.9375|13.5130977510076|107.833320998324||||51051.9296875|350.25|37450||||88803b|PIC524|5755|X||0|7||||132|163|132|163|[]|636148158519380000|14:10:51:938
21|2.1|636147915493956968|88803b|51056.125|13.5223030923385|107.833514117373||||51056.109375|350.25|37450||||88803b|PIC524|5755|X||0|7||||132|163|132|163|[]|636148158561250000|14:10:56:125
21|2.1|636147915541861758|88803b|51060.9140625|13.5328173516675|107.833750151766||||51060.90625|350|37425||||88803b|PIC524|5755|X||0|7||||132|163|132|163|[]|636148158609140000|14:11:00:914
21|2.1|636147915582875859|88803b|51065.015625|13.5418295739495|107.833943270815||||51065.0078125|350|37425||||88803b|PIC524|5755|X||0|7||||132|163|132|163|[]|636148158650160000|14:11:05:016
