21|2.1|636147897473785131|888125|49254.125|19.512319547414|105.77641000849||||49254.109375|296.75|31550||||888125|VJC167|4104|X||0|8||||132|147|132|147|[]|636148140541250000|13:40:54:125
21|2.1|636147897559903742|888125|49262.7421875|19.495797139897|105.785593892149||||49262.734375|298.25|31700||||888125|VJC167|4104|X||0|8||||132|147|132|147|[]|636148140627420000|13:41:02:742
21|2.1|636147897604208172|888125|49267.15625|19.4873642747617|105.790336037683||||49267.1484375|299|31800||||888125|VJC167|4104|X||0|8||||132|147|132|147|[]|636148140671560000|13:41:07:156
21|2.1|636147897649602711|888125|49271.703125|19.4786095445449|105.795185471577||||49271.6953125|299.75|31875||||888125|VJC167|4104|X||0|8||||132|147|132|147|[]|636148140717030000|13:41:11:703
21|2.1|636147897693907141|888125|49276.140625|19.4700693910491|105.799949074784||||49276.1328125|300.5|31950||||888125|VJC167|4104|X||0|8||||132|147|132|147|[]|636148140761410000|13:41:16:141
21|2.1|636147897734311181|888125|49280.1796875|19.4622802560768|105.804326439892||||49280.171875|301.25|32050||||888125|VJC167|4104|X||0|8||||132|147|132|147|[]|636148140801800000|13:41:20:180
21|2.1|636147897774725222|888125|49284.2109375|19.4544911211045|105.808639431984||||49284.203125|302|32125||||888125|VJC167|4104|X||0|8||||132|147|132|147|[]|636148140842110000|13:41:24:211
21|2.1|636147897866464395|888125|49293.390625|19.4369172876546|105.818467045806||||49293.390625|303.75|32300||||888125|VJC167|4104|X||0|8||||132|147|132|147|[]|636148140933910000|13:41:33:391
21|2.1|636147897932601008|888125|49300.015625|19.4241499727551|105.825505162255||||49300|305.25|32475||||888125|VJC167|4104|X||0|8||||132|147|132|147|[]|636148141000160000|13:41:40:016
21|2.1|636147898000927840|888125|49306.84375|19.4109749620857|105.832521821031||||49306.8359375|306.75|32625||||888125|VJC167|4104|X||0|8||||132|147|132|147|[]|636148141068440000|13:41:46:844
21|2.1|636147898072064953|888125|49313.953125|19.3968558138439|105.838959122661||||49313.9453125|308|32750||||888125|VJC167|4104|X||0|8||||132|147|132|147|[]|636148141139530000|13:41:53:953
21|2.1|636147898794217161|888125|49386.171875|19.244313222885|105.873505974742||||49386.1640625|320|34050||||888125|VJC167|4104|X||0|8||||132|147|132|147|[]|636148141861720000|13:43:06:172
21|2.1|636147898838361575|888125|49390.5703125|19.2349147625052|105.875394249887||||49390.5625|320|34050||||888125|VJC167|4104|X||0|8||||132|147|132|147|[]|636148141905700000|13:43:10:570
21|2.1|636147898882355974|888125|49394.984375|19.2254733867812|105.877282525032||||49394.9765625|320|34075||||888125|VJC167|4104|X||0|8||||132|147|132|147|[]|636148141949840000|13:43:14:984
21|2.1|636147899022449982|888125|49408.984375|19.1952609844644|105.883440876925||||49408.9765625|320|34075||||888125|VJC167|4104|X||0|8||||132|147|132|147|[]|636148142089840000|13:43:28:984
21|2.1|636147899165664302|888125|49423.3125|19.1641902752636|105.889770890194||||49423.3046875|320|34050||||888125|VJC167|4104|X||0|8||||132|147|132|147|[]|636148142233130000|13:43:43:313
21|2.1|636147899205598295|888125|49427.3125|19.1555428334073|105.891487503962||||49427.3046875|320|34075||||888125|VJC167|4104|X||0|8||||132|147|132|147|[]|636148142273130000|13:43:47:313
21|2.1|636147899672684999|888125|49474.015625|19.0551423856514|105.91210832685||||49474|320|34075||||888125|VJC167|4104|X||0|8||||132|147|132|147|[]|636148142740160000|13:44:34:016
21|2.1|636147899721819912|888125|49478.9296875|19.0444350072735|105.914339924749||||49478.921875|320|34050||||888125|VJC167|4104|X||0|8||||132|147|132|147|[]|636148142789300000|13:44:38:930
21|2.1|636147899763004030|888125|49483.046875|19.0356373617125|105.916142369205||||49483.0390625|320|34050||||888125|VJC167|4104|X||0|8||||132|147|132|147|[]|636148142830470000|13:44:43:047
21|2.1|636147899805748304|888125|49487.3203125|19.0264534780537|105.918116475038||||49487.3203125|320|34050||||888125|VJC167|4104|X||0|8||||132|147|132|147|[]|636148142873200000|13:44:47:320
21|2.1|636147899847412470|888125|49491.484375|19.0175700018043|105.919983292511||||49491.4765625|320|34050||||888125|VJC167|4104|X||0|8||||132|147|132|147|[]|636148142914840000|13:44:51:484
21|2.1|636147899889836712|888125|49495.7265625|19.0084504911618|105.921935940672||||49495.71875|320|34050||||888125|VJC167|4104|X||0|8||||132|147|132|147|[]|636148142957270000|13:44:55:727
21|2.1|636147899935711299|888125|49500.3125|18.9985585043237|105.923995877194||||49500.3046875|320|34075||||888125|VJC167|4104|X||0|8||||132|147|132|147|[]|636148143003130000|13:45:00:313
21|2.1|636147899976265354|888125|49504.3671875|18.9898681471232|105.925841236994||||49504.359375|320|34050||||888125|VJC167|4104|X||0|8||||132|147|132|147|[]|636148143043670000|13:45:04:367
21|2.1|636147900019319659|888125|49508.671875|18.9806413481202|105.927729512139||||49508.671875|320|34050||||888125|VJC167|4104|X||0|8||||132|147|132|147|[]|636148143086720000|13:45:08:672
21|2.1|636147900063314058|888125|49513.0703125|18.9711999723962|105.929725075644||||49513.0625|320|34050||||888125|VJC167|4104|X||0|8||||132|147|132|147|[]|636148143130700000|13:45:13:070
21|2.1|636147900107158442|888125|49517.453125|18.9618015120164|105.931656266133||||49517.4453125|320|34050||||888125|VJC167|4104|X||0|8||||132|147|132|147|[]|636148143174530000|13:45:17:453
21|2.1|636147900260663791|888125|49532.8046875|18.9287352393103|105.938458348189||||49532.796875|320.25|34075||||888125|VJC167|4104|X||0|8||||132|147|132|147|[]|636148143328050000|13:45:32:805
21|2.1|636147900343032027|888125|49541.0546875|18.9109897444836|105.942191983134||||49541.046875|320.25|34075||||888125|X|X|X||0|8||||132|163|132|163|[]|636148143410550000|13:45:41:055
21|2.1|636147900382665990|888125|49545.015625|18.9023423026273|105.944015885263||||49545.0078125|320.25|34075||||888125|VJC167|4104|X||0|8||||132|147|132|147|[]|636148143450160000|13:45:45:016
21|2.1|636147900411828906|888125|49547.921875|18.8961195777183|105.945281887917||||49547.9140625|320.25|34075||||888125|X|X|X||0|8||||132|163|132|163|[]|636148143479220000|13:45:47:922
21|2.1|636147900454423165|888125|49552.1875|18.8869356940595|105.947213078406||||49552.1875|320.25|34075||||888125|X|X|X||0|8||||132|163|132|163|[]|636148143521880000|13:45:52:188
21|2.1|636147900454573180|888125|49552.1953125|18.8869356940595|105.947213078406||||49552.1875|320.25|34075||||888125|VJC167|4104|X||0|8||||132|147|132|147|[]|636148143521950000|13:45:52:195
21|2.1|636147900499347657|888125|49556.6796875|18.8772582839424|105.949251557255||||49556.671875|320.25|34075||||888125|VJC167|4104|X||0|8||||132|163|132|163|[]|636148143566800000|13:45:56:680
21|2.1|636147900542411963|888125|49560.9921875|18.8679885695952|105.951204205416||||49560.9921875|320.25|34075||||888125|VJC167|4104|X||0|8||||132|163|132|163|[]|636148143609920000|13:46:00:992
21|2.1|636147900603418063|888125|49567.09375|18.8548135589258|105.953950787445||||49567.078125|320.5|34100||||888125|VJC167|4104|X||0|8||||132|163|132|163|[]|636148143670940000|13:46:07:094
21|2.1|636147900653173038|888125|49572.0625|18.8442134689084|105.956160927672||||49572.0546875|320.5|34100||||888125|VJC167|4104|X||0|8||||132|163|132|163|[]|636148143720630000|13:46:12:063
21|2.1|636147900723220042|888125|49579.0703125|18.8290214370616|105.959336663142||||49579.0625|320.5|34100||||888125|VJC167|4104|X||0|8||||132|163|132|163|[]|636148143790700000|13:46:19:070
21|2.1|636147900765494269|888125|49583.2890625|18.8200092147796|105.961182022943||||49583.28125|320.5|34100||||888125|VJC167|4104|X||0|8||||132|163|132|163|[]|636148143832890000|13:46:23:289
21|2.1|636147900813709090|888125|49588.109375|18.8096666168274|105.963477993858||||49588.109375|320.5|34100||||888125|VJC167|4104|X||0|8||||132|163|132|163|[]|636148143881090000|13:46:28:109
21|2.1|636147900823530072|888125|49589.1015625|18.8075208496174|105.964035893332||||49589.1015625|320.5|34100||||888125|VJC167|4104|X||0|8||||132|147|132|147|[]|636148143891020000|13:46:29:102
21|2.1|636147900861283847|888125|49592.875|18.7994742225799|105.966138745198||||49592.859375|320.5|34125||||888125|VJC167|4104|X||0|8||||132|163|132|163|[]|636148143928750000|13:46:32:875
21|2.1|636147900881255844|888125|49594.8671875|18.7953114341925|105.967254544147||||49594.859375|320.5|34100||||888125|VJC167|4104|X||0|8||||132|147|132|147|[]|636148143948670000|13:46:34:867
21|2.1|636147900910578776|888125|49597.8046875|18.7890887092835|105.96912136162||||49597.7890625|320.5|34125||||888125|VJC167|4104|X||0|8||||132|163|132|163|[]|636148143978050000|13:46:37:805
21|2.1|636147900925710289|888125|49599.3125|18.7858486007964|105.970151329881||||49599.3125|320.5|34100||||888125|VJC167|4104|X||0|8||||132|147|132|147|[]|636148143993130000|13:46:39:313
21|2.1|636147900970174735|888125|49603.7578125|18.7766432594655|105.973198319319||||49603.7421875|320.5|34100||||888125|VJC167|4104|X||0|8||||132|147|132|147|[]|636148144037580000|13:46:43:758
21|2.1|636147901010888806|888125|49607.8359375|18.7682103943302|105.976331139446||||49607.828125|320.5|34125||||888125|VJC167|4104|X||0|8||||132|147|132|147|[]|636148144078360000|13:46:47:836
21|2.1|636147901021339851|888125|49608.8828125|18.7660431694481|105.977167988657||||49608.8671875|320.5|34125||||888125|VJC167|4104|X||0|8||||132|163|132|163|[]|636148144088830000|13:46:48:883
21|2.1|636147901054573174|888125|49612.1953125|18.7593054604087|105.979914570686||||49612.1875|320.5|34100||||888125|VJC167|4104|X||0|8||||132|147|132|147|[]|636148144121950000|13:46:52:195
21|2.1|636147901079385655|888125|49614.6796875|18.7542629074652|105.982060337896||||49614.671875|320.5|34100||||888125|VJC167|4104|X||0|8||||132|163|132|163|[]|636148144146800000|13:46:54:680
21|2.1|636147901099977714|888125|49616.734375|18.750143034422|105.983927155369||||49616.7265625|320.5|34100||||888125|VJC167|4104|X||0|8||||132|147|132|147|[]|636148144167340000|13:46:56:734
21|2.1|636147901129930709|888125|49619.734375|18.744134886234|105.986716652742||||49619.7265625|320.5|34100||||888125|VJC167|4104|X||0|8||||132|163|132|163|[]|636148144197340000|13:46:59:734
21|2.1|636147901144442160|888125|49621.1875|18.7412810158447|105.988154316773||||49621.171875|320.5|34100||||888125|VJC167|4104|X||0|8||||132|147|132|147|[]|636148144211880000|13:47:01:188
21|2.1|636147901177665482|888125|49624.5078125|18.7348007988705|105.991458798276||||49624.5|320.5|34100||||888125|VJC167|4104|X||0|8||||132|163|132|163|[]|636148144245080000|13:47:04:508
21|2.1|636147901187806496|888125|49625.5234375|18.7327408623489|105.992510224209||||49625.5234375|320.5|34100||||888125|VJC167|4104|X||0|8||||132|147|132|147|[]|636148144255230000|13:47:05:523
21|2.1|636147901218379553|888125|49628.5703125|18.7268400025214|105.995750332696||||49628.5625|320.5|34100||||888125|VJC167|4104|X||0|8||||132|163|132|163|[]|636148144285700000|13:47:08:570
21|2.1|636147901228680583|888125|49629.6015625|18.7248873543603|105.996844673973||||49629.6015625|320.5|34100||||888125|VJC167|4104|X||0|8||||132|147|132|147|[]|636148144296020000|13:47:09:602
21|2.1|636147901259253640|888125|49632.6640625|18.7190508675491|106.000213528493||||49632.65625|320.5|34100||||888125|VJC167|4104|X||0|8||||132|163|132|163|[]|636148144326640000|13:47:12:664
21|2.1|636147901269234638|888125|49633.6640625|18.7171840500764|106.001350785114||||49633.65625|320.5|34100||||888125|VJC167|4104|X||0|8||||132|147|132|147|[]|636148144336640000|13:47:13:664
21|2.1|636147901308718586|888125|49637.625|18.7096309494972|106.005899811599||||49637.609375|320.5|34125||||888125|VJC167|4104|X||0|8||||132|163|132|163|[]|636148144376250000|13:47:17:625
21|2.1|636147901314169131|888125|49638.1640625|18.7086653542527|106.006500626418||||49638.15625|320.5|34100||||888125|VJC167|4104|X||0|8||||132|147|132|147|[]|636148144381640000|13:47:18:164
21|2.1|636147901350822796|888125|49641.828125|18.7017130684923|106.010749245494||||49641.828125|320.5|34100||||888125|VJC167|4104|X||0|8||||132|163|132|163|[]|636148144418280000|13:47:21:828
21|2.1|636147901356133327|888125|49642.3515625|18.700790388592|106.011307144969||||49642.3515625|320.5|34100||||888125|VJC167|4104|X||0|8||||132|147|132|147|[]|636148144423520000|13:47:22:352
21|2.1|636147901394987212|888125|49646.2421875|18.6934304070617|106.01581325611||||49646.234375|320.5|34125||||888125|VJC167|4104|X||0|8||||132|163|132|163|[]|636148144462420000|13:47:26:242
21|2.1|636147901430080721|888125|49649.7578125|18.6868214440549|106.019825840792||||49649.7421875|320.5|34100||||888125|VJC167|4104|X||0|8||||132|147|132|147|[]|636148144497580000|13:47:29:758
21|2.1|636147901439131626|888125|49650.6484375|18.685126287959|106.020855809053||||49650.6484375|320.25|34075||||888125|VJC167|4104|X||0|8||||132|163|132|163|[]|636148144506480000|13:47:30:648
21|2.1|636147901479535666|888125|49654.6875|18.6775517297077|106.025555039243||||49654.6796875|320.25|34075||||888125|VJC167|4104|X||0|8||||132|163|132|163|[]|636148144546880000|13:47:34:688
21|2.1|636147901519629675|888125|49658.703125|18.6699986291285|106.030104065728||||49658.6953125|320.25|34075||||888125|VJC167|4104|X||0|8||||132|163|132|163|[]|636148144587030000|13:47:38:703
21|2.1|636147901569234635|888125|49663.671875|18.6606001687487|106.035854721851||||49663.6640625|320.25|34075||||888125|VJC167|4104|X||0|8||||132|163|132|163|[]|636148144636720000|13:47:43:672
21|2.1|636147901609638675|888125|49667.7109375|18.6530685258416|106.04044666368||||49667.703125|320.25|34075||||888125|VJC167|4104|X||0|8||||132|163|132|163|[]|636148144677110000|13:47:47:711
21|2.1|636147901651292840|888125|49671.875|18.6452579331972|106.045188809214||||49671.859375|320.25|34075||||888125|VJC167|4104|X||0|8||||132|163|132|163|[]|636148144718750000|13:47:51:875
21|2.1|636147901701537864|888125|49676.890625|18.6357521844569|106.050982380681||||49676.890625|320|34050||||888125|VJC167|4104|X||0|8||||132|163|132|163|[]|636148144768910000|13:47:56:891
21|2.1|636147901771884898|888125|49683.9296875|18.6225128007712|106.059071923063||||49683.9296875|320|34050||||888125|VJC167|4104|X||0|8||||132|163|132|163|[]|636148144839300000|13:48:03:930
21|2.1|636147901811848894|888125|49687.9296875|18.6150026155362|106.063620949548||||49687.9296875|320|34050||||888125|VJC167|4104|X||0|8||||132|163|132|163|[]|636148144879300000|13:48:07:930
21|2.1|636147901855193228|888125|49692.2578125|18.6069130731545|106.068577671803||||49692.25|320|34050||||888125|VJC167|4104|X||0|8||||132|163|132|163|[]|636148144922580000|13:48:12:258
21|2.1|636147901896847393|888125|49696.4296875|18.5990381074938|106.073384190354||||49696.4296875|320|34050||||888125|VJC167|4104|X||0|8||||132|163|132|163|[]|636148144964300000|13:48:16:430
21|2.1|636147901941781886|888125|49700.921875|18.5906267000306|106.078491116314||||49700.90625|319.75|34025||||888125|VJC167|4104|X||0|8||||132|163|132|163|[]|636148145009220000|13:48:20:922
21|2.1|636147901985926300|888125|49705.328125|18.5822796655837|106.083598042273||||49705.3203125|319.75|34025||||888125|VJC167|4104|X||0|8||||132|163|132|163|[]|636148145053280000|13:48:25:328
21|2.1|636147902028200527|888125|49709.5625|18.5743617845788|106.088447476168||||49709.5546875|319.75|34025||||888125|VJC167|4104|X||0|8||||132|163|132|163|[]|636148145095630000|13:48:29:563
21|2.1|636147902071884895|888125|49713.9296875|18.5661220384924|106.093490029112||||49713.921875|319.75|34025||||888125|VJC167|4104|X||0|8||||132|163|132|163|[]|636148145139300000|13:48:33:930
21|2.1|636147902092016908|888125|49715.9453125|18.5623240305307|106.095807457698||||49715.9375|319.5|34000||||888125|VJC167|4104|X||0|8||||132|147|132|147|[]|636148145159450000|13:48:35:945
21|2.1|636147902111978904|888125|49717.9453125|18.5585689379132|106.098103428613||||49717.9296875|319.5|34000||||888125|VJC167|4104|X||0|8||||132|163|132|163|[]|636148145179450000|13:48:37:945
21|2.1|636147902139591665|888125|49720.703125|18.5533976389371|106.101257706412||||49720.6953125|319.5|34000||||888125|VJC167|4104|X||0|8||||132|147|132|147|[]|636148145207030000|13:48:40:703
21|2.1|636147902155503256|888125|49722.2890625|18.550372107171|106.103103066212||||49722.28125|319.5|34000||||888125|VJC167|4104|X||0|8||||132|163|132|163|[]|636148145222890000|13:48:42:289
21|2.1|636147902198247530|888125|49726.5625|18.5424113108219|106.107973957779||||49726.5546875|319.5|34000||||888125|VJC167|4104|X||0|8||||132|163|132|163|[]|636148145265630000|13:48:46:563
21|2.1|636147902238651570|888125|49730.6015625|18.5347723795543|106.112651730297||||49730.59375|319.5|34000||||888125|VJC167|4104|X||0|8||||132|163|132|163|[]|636148145306020000|13:48:50:602
21|2.1|636147902284366141|888125|49735.1796875|18.5260605646817|106.117951775306||||49735.1796875|319.5|34000||||888125|VJC167|4104|X||0|8||||132|163|132|163|[]|636148145351800000|13:48:55:180
21|2.1|636147902328820586|888125|49739.625|18.5176920725627|106.123080158937||||49739.6171875|319.5|34000||||888125|VJC167|4104|X||0|8||||132|163|132|163|[]|636148145396250000|13:48:59:625
21|2.1|636147902372354939|888125|49743.96875|18.5094952418205|106.128079796537||||49743.9609375|319.5|34000||||888125|VJC167|4104|X||0|8||||132|163|132|163|[]|636148145439690000|13:49:03:969
21|2.1|636147902413069010|888125|49748.0546875|18.5018563105529|106.132736111382||||49748.046875|319.5|34000||||888125|VJC167|4104|X||0|8||||132|163|132|163|[]|636148145480550000|13:49:08:055
21|2.1|636147902455973300|888125|49752.34375|18.4937023951549|106.137692833638||||49752.3359375|319.5|34000||||888125|VJC167|4104|X||0|8||||132|163|132|163|[]|636148145523440000|13:49:12:344
21|2.1|636147902486706373|888125|49755.40625|18.4879517390321|106.141211891862||||49755.390625|319.5|34000||||888125|VJC167|4104|X||0|8||||132|147|132|147|[]|636148145554060000|13:49:15:406
21|2.1|636147902496527355|888125|49756.3984375|18.4860420062152|106.142370606155||||49756.390625|319.5|34000||||888125|VJC167|4104|X||0|8||||132|163|132|163|[]|636148145563980000|13:49:16:398
21|2.1|636147902527110413|888125|49759.4453125|18.4802913500924|106.14588966438||||49759.4375|319.5|34000||||888125|VJC167|4104|X||0|8||||132|147|132|147|[]|636148145594450000|13:49:19:445
21|2.1|636147902537561458|888125|49760.5|18.4782957865871|106.147112751689||||49760.4921875|319.5|34000||||888125|VJC167|4104|X||0|8||||132|163|132|163|[]|636148145605000000|13:49:20:500
21|2.1|636147902571414843|888125|49763.875|18.4718799426292|106.15099659034||||49763.8671875|319.5|34000||||888125|VJC167|4104|X||0|8||||132|147|132|147|[]|636148145638750000|13:49:23:875
21|2.1|636147902687636464|888125|49775.5078125|18.4498643710546|106.16438617773||||49775.5|319.5|34000||||888125|VJC167|4104|X||0|8||||132|147|132|147|[]|636148145755080000|13:49:35:508
21|2.1|636147902784366136|888125|49785.1796875|18.4314751460649|106.175565624894||||49785.1796875|319.75|34025||||888125|VJC167|4104|X||0|8||||132|163|132|163|[]|636148145851800000|13:49:45:180
21|2.1|636147902784366136|888125|49785.1875|18.4314751460649|106.175565624894||||49785.1796875|319.75|34025||||888125|VJC167|4104|X||0|8||||132|147|132|147|[]|636148145851880000|13:49:45:188
21|2.1|636147903079835680|888125|49814.734375|18.3753633335234|106.209790611894||||49814.7265625|320|34050||||888125|VJC167|4104|X||0|8||||132|163|132|163|[]|636148146147340000|13:50:14:734
21|2.1|636147903312438938|888125|49837.9921875|18.3311605289974|106.236741448051||||49837.984375|320.25|34075||||888125|VJC167|4104|X||0|8||||132|163|132|163|[]|636148146379920000|13:50:37:992
21|2.1|636147903361113805|888125|49842.8515625|18.3219551876665|106.242363358141||||49842.84375|320.25|34075||||888125|VJC167|4104|X||0|8||||132|163|132|163|[]|636148146428520000|13:50:42:852
21|2.1|636147903403248018|888125|49847.0625|18.3139300183011|106.247212792036||||49847.0546875|320|34050||||888125|VJC167|4104|X||0|8||||132|163|132|163|[]|636148146470630000|13:50:47:063
21|2.1|636147903447692462|888125|49851.515625|18.3054971531658|106.252384091012||||49851.5078125|320|34050||||888125|VJC167|4104|X||0|8||||132|163|132|163|[]|636148146515160000|13:50:51:516
21|2.1|636147903492156908|888125|49855.953125|18.2970428303584|106.257512474644||||49855.9453125|320|34050||||888125|VJC167|4104|X||0|8||||132|163|132|163|[]|636148146559530000|13:50:55:953
21|2.1|636147903636001291|888125|49870.34375|18.2700705365287|106.274034882161||||49870.34375|320|34050||||888125|VJC167|4104|X||0|8||||132|147|132|147|[]|636148146703440000|13:51:10:344
21|2.1|636147903676565347|888125|49874.3984375|18.2625388936216|106.278648281662||||49874.390625|320|34050||||888125|VJC167|4104|X||0|8||||132|147|132|147|[]|636148146743980000|13:51:14:398
21|2.1|636147904263604045|888125|49933.09375|18.1545853452865|106.3442229276||||49933.0859375|320|34050||||888125|VJC167|4104|X||0|8||||132|163|132|163|[]|636148147330940000|13:52:13:094
21|2.1|636147904314319116|888125|49938.1640625|18.1453800039556|106.349823380018||||49938.15625|320|34050||||888125|X|X|X||0|8||||132|147|132|147|[]|636148147381640000|13:52:18:164
21|2.1|636147904358303514|888125|49942.5625|18.1373333769181|106.354737186929||||49942.5546875|320|34050||||888125|X|X|X||0|8||||132|147|132|147|[]|636148147425630000|13:52:22:563
21|2.1|636147904422569940|888125|49948.9921875|18.1255745726073|106.361882591738||||49948.9921875|320|34050||||888125|VJC167|4104|X||0|8||||132|147|132|147|[]|636148147489920000|13:52:28:992
21|2.1|636147904463924075|888125|49953.125|18.1180858450444|106.366431618224||||49953.1171875|320|34050||||888125|VJC167|4104|X||0|8||||132|147|132|147|[]|636148147531250000|13:52:33:125
21|2.1|636147904478265509|888125|49954.5703125|18.1154036360319|106.368040943631||||49954.5625|320|34050||||888125|VJC167|4104|X||0|8||||132|163|132|163|[]|636148147545700000|13:52:34:570
21|2.1|636147904507288411|888125|49957.46875|18.1100821333511|106.371259594446||||49957.453125|320|34050||||888125|VJC167|4104|X||0|8||||132|147|132|147|[]|636148147574690000|13:52:37:469
21|2.1|636147904548312513|888125|49961.5625|18.1026363211324|106.375851536275||||49961.5546875|320|34050||||888125|VJC167|4104|X||0|8||||132|147|132|147|[]|636148147615630000|13:52:41:563
21|2.1|636147904614149096|888125|49968.1484375|18.0905556517401|106.383168602462||||49968.140625|320|34050||||888125|VJC167|4104|X||0|8||||132|147|132|147|[]|636148147681480000|13:52:48:148
21|2.1|636147904677015382|888125|49974.4453125|18.0790114241503|106.390163803566||||49974.4375|320|34050||||888125|VJC167|4104|X||0|8||||132|147|132|147|[]|636148147744450000|13:52:54:445
21|2.1|636147904721009781|888125|49978.8359375|18.0709004240965|106.395077610477||||49978.828125|320|34050||||888125|VJC167|4104|X||0|8||||132|147|132|147|[]|636148147788360000|13:52:58:836
21|2.1|636147904765784258|888125|49983.328125|18.0626606780101|106.400077248076||||49983.3203125|320|34050||||888125|VJC167|4104|X||0|8||||132|147|132|147|[]|636148147833280000|13:53:03:328
21|2.1|636147904814929172|888125|49988.2265625|18.0536484557281|106.40552749679||||49988.21875|320|34050||||888125|VJC167|4104|X||0|8||||132|147|132|147|[]|636148147882270000|13:53:08:227
21|2.1|636147904819139593|888125|49988.6484375|18.0529188948767|106.405999565576||||49988.6484375|320|34050||||888125|VJC167|4104|X||0|8||||132|163|132|163|[]|636148147886480000|13:53:08:648
21|2.1|636147904856423321|888125|49992.375|18.0460309821326|106.410183811635||||49992.3671875|320|34050||||888125|VJC167|4104|X||0|8||||132|147|132|147|[]|636148147923750000|13:53:12:375
21|2.1|636147904860953774|888125|49992.84375|18.0451726752486|106.410677338094||||49992.8359375|320|34050||||888125|VJC167|4104|X||0|8||||132|163|132|163|[]|636148147928440000|13:53:12:844
21|2.1|636147904904788157|888125|49997.21875|18.0371260482111|106.41554822966||||49997.21875|320|34050||||888125|VJC167|4104|X||0|8||||132|163|132|163|[]|636148147972190000|13:53:17:219
21|2.1|636147904904948173|888125|49997.2265625|18.0371260482111|106.41554822966||||49997.21875|320|34050||||888125|VJC167|4104|X||0|8||||132|147|132|147|[]|636148147972270000|13:53:17:227
21|2.1|636147904950342712|888125|50001.7734375|18.0288433867805|106.420569324932||||50001.765625|320|34050||||888125|VJC167|4104|X||0|8||||132|163|132|163|[]|636148148017730000|13:53:21:773
21|2.1|636147904983726050|888125|50005.1171875|18.0227064925599|106.424260044533||||50005.109375|320|34050||||888125|VJC167|4104|X||0|8||||132|147|132|147|[]|636148148051170000|13:53:25:117
21|2.1|636147904993086986|888125|50006.0390625|18.0209684211198|106.425332928138||||50006.03125|320|34050||||888125|VJC167|4104|X||0|8||||132|163|132|163|[]|636148148060390000|13:53:26:039
21|2.1|636147905027880465|888125|50009.5234375|18.0145954925061|106.429173851444||||50009.515625|320|34050||||888125|VJC167|4104|X||0|8||||132|147|132|147|[]|636148148095230000|13:53:29:523
21|2.1|636147905069214598|888125|50013.6640625|18.0069994765827|106.433765793273||||50013.6640625|320|34050||||888125|VJC167|4104|X||0|8||||132|147|132|147|[]|636148148136640000|13:53:33:664
21|2.1|636147905104318108|888125|50017.1640625|18.0005407172806|106.437671089596||||50017.15625|320.25|34075||||888125|VJC167|4104|X||0|8||||132|163|132|163|[]|636148148171640000|13:53:37:164
21|2.1|636147905109308607|888125|50017.6640625|17.9996394950524|106.438207531398||||50017.6640625|320.25|34075||||888125|VJC167|4104|X||0|8||||132|147|132|147|[]|636148148176640000|13:53:37:664
21|2.1|636147905149242600|888125|50021.6640625|17.9923009711942|106.442670727195||||50021.65625|320.25|34075||||888125|VJC167|4104|X||0|8||||132|163|132|163|[]|636148148216640000|13:53:41:664
21|2.1|636147905191216797|888125|50025.859375|17.9845762092382|106.447348499713||||50025.8515625|320|34050||||888125|VJC167|4104|X||0|8||||132|163|132|163|[]|636148148258590000|13:53:45:859
21|2.1|636147905225220197|888125|50029.2578125|17.9783534843292|106.45110359233||||50029.25|320|34050||||888125|VJC167|4104|X||0|8||||132|147|132|147|[]|636148148292580000|13:53:49:258
21|2.1|636147905234111086|888125|50030.140625|17.9767012435775|106.452112102919||||50030.1328125|320|34050||||888125|VJC167|4104|X||0|8||||132|163|132|163|[]|636148148301410000|13:53:50:141
21|2.1|636147905274215096|888125|50034.1484375|17.9693198043751|106.456553841044||||50034.1484375|320.25|34075||||888125|VJC167|4104|X||0|8||||132|163|132|163|[]|636148148341480000|13:53:54:148
21|2.1|636147905284036078|888125|50035.1328125|17.9674959022466|106.457669639993||||50035.125|320.25|34075||||888125|VJC167|4104|X||0|8||||132|147|132|147|[]|636148148351330000|13:53:55:133
21|2.1|636147905314459120|888125|50038.1953125|17.9618954498285|106.461059952185||||50038.1875|320.25|34075||||888125|VJC167|4104|X||0|8||||132|163|132|163|[]|636148148381950000|13:53:58:195
21|2.1|636147905341131787|888125|50040.84375|17.957067473606|106.46397819559||||50040.84375|320.25|34075||||888125|VJC167|4104|X||0|8||||132|147|132|147|[]|636148148408440000|13:54:00:844
21|2.1|636147905354703144|888125|50042.203125|17.9545569259703|106.465458774965||||50042.1953125|320.25|34075||||888125|VJC167|4104|X||0|8||||132|163|132|163|[]|636148148422030000|13:54:02:203
21|2.1|636147905384506124|888125|50045.1875|17.9490637619127|106.468806171813||||50045.1796875|320.25|34075||||888125|VJC167|4104|X||0|8||||132|147|132|147|[]|636148148451880000|13:54:05:188
21|2.1|636147905424590132|888125|50049.1953125|17.9417037803824|106.473269367609||||50049.1875|320.25|34075||||888125|VJC167|4104|X||0|8||||132|147|132|147|[]|636148148491950000|13:54:09:195
21|2.1|636147905466564329|888125|50053.3984375|17.9340219337706|106.477925682455||||50053.3828125|320.25|34075||||888125|VJC167|4104|X||0|8||||132|147|132|147|[]|636148148533980000|13:54:13:398
21|2.1|636147905511498822|888125|50057.8828125|17.9257821876842|106.482925320054||||50057.8828125|320|34050||||888125|VJC167|4104|X||0|8||||132|147|132|147|[]|636148148578830000|13:54:17:883
21|2.1|636147905551742846|888125|50061.9140625|17.9184222061539|106.487388515851||||50061.90625|320.25|34075||||888125|VJC167|4104|X||0|8||||132|147|132|147|[]|636148148619140000|13:54:21:914
21|2.1|636147905572494921|888125|50063.9921875|17.9146027405201|106.489748859782||||50063.9921875|320.25|34075||||888125|VJC167|4104|X||0|8||||132|163|132|163|[]|636148148639920000|13:54:23:992
21|2.1|636147905592616933|888125|50066|17.910933478591|106.491959000009||||50065.9921875|320|34050||||888125|VJC167|4104|X||0|8||||132|147|132|147|[]|636148148660000000|13:54:26:000
21|2.1|636147905612738945|888125|50068.015625|17.9072427589898|106.494212055579||||50068.0078125|320.25|34075||||888125|VJC167|4104|X||0|8||||132|163|132|163|[]|636148148680160000|13:54:28:016
21|2.1|636147905636611332|888125|50070.3984375|17.9028224785372|106.496851349247||||50070.390625|320|34075||||888125|VJC167|4104|X||0|8||||132|147|132|147|[]|636148148703980000|13:54:30:398
21|2.1|636147905680915762|888125|50074.828125|17.8947329361555|106.501765156158||||50074.8125|320|34050||||888125|VJC167|4104|X||0|8||||132|147|132|147|[]|636148148748280000|13:54:34:828
21|2.1|636147905721479818|888125|50078.8828125|17.8872227509205|106.506314182643||||50078.8828125|320|34050||||888125|VJC167|4104|X||0|8||||132|147|132|147|[]|636148148788830000|13:54:38:883
21|2.1|636147905721479818|888125|50078.890625|17.8872227509205|106.506314182643||||50078.8828125|320|34050||||888125|VJC167|4104|X||0|8||||132|163|132|163|[]|636148148788910000|13:54:38:891
21|2.1|636147905766564326|888125|50083.3984375|17.8789400894899|106.511313820243||||50083.3828125|320|34050||||888125|VJC167|4104|X||0|8||||132|147|132|147|[]|636148148833980000|13:54:43:398
21|2.1|636147905776705340|888125|50084.4140625|17.8770732720172|106.51240816152||||50084.40625|320|34050||||888125|VJC167|4104|X||0|8||||132|163|132|163|[]|636148148844140000|13:54:44:414
21|2.1|636147905811178787|888125|50087.859375|17.8707647164198|106.516249084826||||50087.8515625|320|34050||||888125|VJC167|4104|X||0|8||||132|147|132|147|[]|636148148878590000|13:54:47:859
21|2.1|636147905826620331|888125|50089.390625|17.8679108460305|106.517987156266||||50089.390625|320|34050||||888125|VJC167|4104|X||0|8||||132|163|132|163|[]|636148148893910000|13:54:49:391
21|2.1|636147905852832952|888125|50092.015625|17.8631257851522|106.520883941999||||50092.0078125|320|34050||||888125|VJC167|4104|X||0|8||||132|147|132|147|[]|636148148920160000|13:54:52:016
21|2.1|636147905869214590|888125|50093.6640625|17.8601002533861|106.522707844128||||50093.6484375|320|34050||||888125|VJC167|4104|X||0|8||||132|163|132|163|[]|636148148936640000|13:54:53:664
21|2.1|636147905898067475|888125|50096.546875|17.8548002083774|106.525947952615||||50096.5390625|320|34050||||888125|VJC167|4104|X||0|8||||132|147|132|147|[]|636148148965470000|13:54:56:547
21|2.1|636147905940971765|888125|50100.84375|17.8468823273725|106.530711555821||||50100.8359375|320|34050||||888125|VJC167|4104|X||0|8||||132|163|132|163|[]|636148149008440000|13:55:00:844
21|2.1|636147905941141782|888125|50100.84375|17.8468823273725|106.530711555821||||50100.8359375|320|34050||||888125|VJC167|4104|X||0|8||||132|147|132|147|[]|636148149008440000|13:55:00:844
21|2.1|636147905984656133|888125|50105.1953125|17.8388571580071|106.535496616699||||50105.1875|320|34050||||888125|VJC167|4104|X||0|8||||132|147|132|147|[]|636148149051950000|13:55:05:195
21|2.1|636147905990426710|888125|50105.78125|17.8377842744021|106.536183262207||||50105.7734375|320|34050||||888125|VJC167|4104|X||0|8||||132|163|132|163|[]|636148149057810000|13:55:05:781
21|2.1|636147906028180485|888125|50109.546875|17.830896361658|106.540346050594||||50109.5390625|320|34050||||888125|VJC167|4104|X||0|8||||132|147|132|147|[]|636148149095470000|13:55:09:547
21|2.1|636147906039101577|888125|50110.6484375|17.8288793404806|106.541547680232||||50110.640625|320|34050||||888125|VJC167|4104|X||0|8||||132|163|132|163|[]|636148149106480000|13:55:10:648
21|2.1|636147906069374604|888125|50113.6796875|17.8232788880625|106.544959450096||||50113.671875|320|34050||||888125|VJC167|4104|X||0|8||||132|147|132|147|[]|636148149136800000|13:55:13:680
21|2.1|636147906083406007|888125|50115.0859375|17.8207039674105|106.546482944815||||50115.078125|320|34050||||888125|VJC167|4104|X||0|8||||132|163|132|163|[]|636148149150860000|13:55:15:086
21|2.1|636147906113519018|888125|50118.09375|17.8151678880087|106.549830341662||||50118.0859375|320|34050||||888125|VJC167|4104|X||0|8||||132|147|132|147|[]|636148149180940000|13:55:18:094
21|2.1|636147906129890655|888125|50119.71875|17.812228186931|106.551589870774||||50119.71875|320|34050||||888125|VJC167|4104|X||0|8||||132|163|132|163|[]|636148149197190000|13:55:19:719
21|2.1|636147906154853151|888125|50122.21875|17.8076362451016|106.554379368147||||50122.2109375|320|34075||||888125|VJC167|4104|X||0|8||||132|147|132|147|[]|636148149222190000|13:55:22:219
21|2.1|636147906172484914|888125|50123.9921875|17.8043746789424|106.556396389325||||50123.984375|320|34050||||888125|VJC167|4104|X||0|8||||132|163|132|163|[]|636148149239920000|13:55:23:992
21|2.1|636147906203378003|888125|50127.0703125|17.7987742265243|106.559765243845||||50127.0546875|320|34050||||888125|VJC167|4104|X||0|8||||132|147|132|147|[]|636148149270700000|13:55:27:070
21|2.1|636147906213198985|888125|50128.0625|17.7969288667237|106.560923958138||||50128.0546875|320|34050||||888125|VJC167|4104|X||0|8||||132|163|132|163|[]|636148149280630000|13:55:28:063
21|2.1|636147906243311996|888125|50131.0703125|17.7914357026661|106.564249897313||||50131.0546875|320|34050||||888125|VJC167|4104|X||0|8||||132|147|132|147|[]|636148149310700000|13:55:31:070
21|2.1|636147906257823447|888125|50132.515625|17.7887749513257|106.565859222721||||50132.5078125|320|34050||||888125|VJC167|4104|X||0|8||||132|163|132|163|[]|636148149325160000|13:55:32:516
21|2.1|636147906291056770|888125|50135.84375|17.782616599433|106.569592857666||||50135.8359375|320|34075||||888125|VJC167|4104|X||0|8||||132|147|132|147|[]|636148149358440000|13:55:35:844
21|2.1|636147906301187783|888125|50136.859375|17.7807712396324|106.570708656616||||50136.8515625|320|34050||||888125|VJC167|4104|X||0|8||||132|163|132|163|[]|636148149368590000|13:55:36:859
21|2.1|636147906402277891|888125|50146.9609375|17.762231810938|106.581931019124||||50146.953125|320|34050||||888125|VJC167|4104|X||0|8||||132|163|132|163|[]|636148149469610000|13:55:46:961
21|2.1|636147906411018765|888125|50147.8359375|17.7605795701863|106.582939529713||||50147.8359375|320|34050||||888125|VJC167|4104|X||0|8||||132|147|132|147|[]|636148149478360000|13:55:47:836
21|2.1|636147906444092072|888125|50151.140625|17.7545499643262|106.586608791642||||50151.1328125|320|34050||||888125|VJC167|4104|X||0|8||||132|163|132|163|[]|636148149511410000|13:55:51:141
21|2.1|636147906485276190|888125|50155.265625|17.746996863747|106.591136360455||||50155.25|320|34050||||888125|VJC167|4104|X||0|8||||132|163|132|163|[]|636148149552660000|13:55:55:266
21|2.1|636147906528490511|888125|50159.5859375|17.7390146097258|106.595985794349||||50159.578125|320|34050||||888125|VJC167|4104|X||0|8||||132|163|132|163|[]|636148149595860000|13:55:59:586
21|2.1|636147906572014863|888125|50163.9453125|17.7310108980325|106.600813770572||||50163.9375|320|34050||||888125|VJC167|4104|X||0|8||||132|163|132|163|[]|636148149639450000|13:56:03:945
21|2.1|636147906614289090|888125|50168.1640625|17.7233290514207|106.60549154309||||50168.15625|320|34050||||888125|VJC167|4104|X||0|8||||132|163|132|163|[]|636148149681640000|13:56:08:164
21|2.1|636147906657043365|888125|50172.4453125|17.7154111704158|106.610212230952||||50172.4375|320|34050||||888125|VJC167|4104|X||0|8||||132|163|132|163|[]|636148149724450000|13:56:12:445
21|2.1|636147906697447405|888125|50176.46875|17.7080941042297|106.614696884421||||50176.4609375|320|34075||||888125|VJC167|4104|X||0|8||||132|163|132|163|[]|636148149764690000|13:56:16:469
21|2.1|636147906739881648|888125|50180.71875|17.7002835115853|106.619417572283||||50180.71875|320|34050||||888125|VJC167|4104|X||0|8||||132|163|132|163|[]|636148149807190000|13:56:20:719
21|2.1|636147906784026062|888125|50185.140625|17.6921081385152|106.624331379193||||50185.140625|320|34050||||888125|VJC167|4104|X||0|8||||132|163|132|163|[]|636148149851410000|13:56:25:141
21|2.1|636147906825990258|888125|50189.3359375|17.6843619188871|106.629009151711||||50189.328125|320|34050||||888125|VJC167|4104|X||0|8||||132|163|132|163|[]|636148149893360000|13:56:29:336
21|2.1|636147906875755234|888125|50194.3125|17.6752853235888|106.634523773441||||50194.3046875|320|34075||||888125|VJC167|4104|X||0|8||||132|163|132|163|[]|636148149943130000|13:56:34:313
21|2.1|636147906925210179|888125|50199.265625|17.6662087282905|106.639995479826||||50199.2578125|319.75|34025||||888125|VJC167|4104|X||0|8||||132|163|132|163|[]|636148149992660000|13:56:39:266
21|2.1|636147906968584516|888125|50203.59375|17.6582050165972|106.644823456049||||50203.5859375|320|34050||||888125|VJC167|4104|X||0|8||||132|163|132|163|[]|636148150035940000|13:56:43:594
21|2.1|636147907010388696|888125|50207.7734375|17.6505446276575|106.649393940206||||50207.7578125|319.75|34025||||888125|VJC167|4104|X||0|8||||132|163|132|163|[]|636148150077730000|13:56:47:773
21|2.1|636147907055163173|888125|50212.25|17.6422619662269|106.654415035478||||50212.2421875|319.75|34025||||888125|VJC167|4104|X||0|8||||132|163|132|163|[]|636148150122500000|13:56:52:250
21|2.1|636147907099317588|888125|50216.6640625|17.6341938815173|106.659264469372||||50216.65625|319.75|34025||||888125|VJC167|4104|X||0|8||||132|163|132|163|[]|636148150166640000|13:56:56:664
21|2.1|636147907147522408|888125|50221.4921875|17.6252460322516|106.664693260414||||50221.484375|320|34050||||888125|VJC167|4104|X||0|8||||132|163|132|163|[]|636148150214920000|13:57:01:492
21|2.1|636147907166084264|888125|50223.34375|17.6218342623877|106.666731739263||||50223.34375|320|34050||||888125|VJC167|4104|X||0|7||||132|147|132|147|[]|636148150233440000|13:57:03:344
21|2.1|636147907238311486|888125|50230.5625|17.6085305056857|106.674778366301||||50230.5546875|320|34050||||888125|VJC167|4104|X||0|8||||132|163|132|163|[]|636148150305630000|13:57:10:563
21|2.1|636147907282775932|888125|50235.015625|17.6002907595993|106.679756546228||||50235.0078125|320|34050||||888125|VJC167|4104|X||0|8||||132|163|132|163|[]|636148150350160000|13:57:15:016
21|2.1|636147907332390893|888125|50239.96875|17.5910854182684|106.68529262563||||50239.96875|320|34050||||888125|VJC167|4104|X||0|8||||132|163|132|163|[]|636148150399690000|13:57:19:969
21|2.1|636147907375755229|888125|50244.3125|17.5829744182146|106.690184974868||||50244.3125|320|34050||||888125|VJC167|4104|X||0|8||||132|163|132|163|[]|636148150443130000|13:57:24:313
21|2.1|636147907422709924|888125|50249|17.5742196879978|106.695485019877||||50249|320|34075||||888125|VJC167|4104|X||0|8||||132|163|132|163|[]|636148150490000000|13:57:29:000
21|2.1|636147907471074760|888125|50253.84375|17.5651645503716|106.700956726263||||50253.84375|320|34050||||888125|VJC167|4104|X||0|8||||132|163|132|163|[]|636148150538440000|13:57:33:844
21|2.1|636147907511638816|888125|50257.890625|17.5576329074645|106.705505752748||||50257.8828125|320|34075||||888125|VJC167|4104|X||0|8||||132|163|132|163|[]|636148150578910000|13:57:37:891
21|2.1|636147907559843636|888125|50262.71875|17.5487065158709|106.710934543789||||50262.71875|320|34075||||888125|VJC167|4104|X||0|8||||132|163|132|163|[]|636148150627190000|13:57:42:719
21|2.1|636147907599927644|888125|50266.734375|17.5411319576196|106.715505027946||||50266.7265625|320|34075||||888125|VJC167|4104|X||0|8||||132|163|132|163|[]|636148150667340000|13:57:46:734
21|2.1|636147907640491700|888125|50270.78125|17.5336861454009|106.719989681415||||50270.7734375|320|34050||||888125|VJC167|4104|X||0|8||||132|163|132|163|[]|636148150707810000|13:57:50:781
21|2.1|636147907680585709|888125|50274.7890625|17.5261330448217|106.724581623245||||50274.7890625|320|34075||||888125|VJC167|4104|X||0|8||||132|163|132|163|[]|636148150747890000|13:57:54:789
21|2.1|636147907722399890|888125|50278.96875|17.5183439098494|106.72923793809||||50278.96875|320|34075||||888125|VJC167|4104|X||0|8||||132|163|132|163|[]|636148150789690000|13:57:58:969
21|2.1|636147907763584008|888125|50283.09375|17.5105762325492|106.733894252936||||50283.0859375|320|34075||||888125|VJC167|4104|X||0|8||||132|163|132|163|[]|636148150830940000|13:58:03:094
21|2.1|636147907806958345|888125|50287.421875|17.5025296055117|106.738700771486||||50287.4140625|320|34075||||888125|VJC167|4104|X||0|8||||132|163|132|163|[]|636148150874220000|13:58:07:422
21|2.1|636147907850482697|888125|50291.78125|17.4943971477858|106.743593120725||||50291.7734375|320|34075||||888125|VJC167|4104|X||0|8||||132|163|132|163|[]|636148150917810000|13:58:11:781
21|2.1|636147907892606909|888125|50296|17.4864578091088|106.748356723931||||50295.9921875|320|34075||||888125|VJC167|4104|X||0|8||||132|163|132|163|[]|636148150960000000|13:58:16:000
21|2.1|636147907935501198|888125|50300.28125|17.4785184704318|106.75314178481||||50300.2734375|320|34075||||888125|VJC167|4104|X||0|8||||132|163|132|163|[]|636148151002810000|13:58:20:281
21|2.1|636147907975745222|888125|50304.3125|17.4709653698526|106.757690811295||||50304.3046875|320|34075||||888125|VJC167|4104|X||0|8||||132|163|132|163|[]|636148151043130000|13:58:24:313
21|2.1|636147908018179465|888125|50308.5546875|17.4630474888477|106.762432956829||||50308.5546875|320|34075||||888125|VJC167|4104|X||0|8||||132|163|132|163|[]|636148151085550000|13:58:28:555
21|2.1|636147908068104457|888125|50313.5546875|17.4537134014842|106.768033409247||||50313.546875|320|34075||||888125|VJC167|4104|X||0|8||||132|163|132|163|[]|636148151135550000|13:58:33:555
21|2.1|636147908227700415|888125|50329.515625|17.423844321921|106.785972023123||||50329.5|320|34075||||888125|VJC167|4104|X||0|8||||132|163|132|163|[]|636148151295160000|13:58:49:516
21|2.1|636147908268264471|888125|50333.5625|17.4163126790139|106.790585422624||||50333.5546875|320|34075||||888125|VJC167|4104|X||0|8||||132|163|132|163|[]|636148151335630000|13:58:53:563
21|2.1|636147908342211865|888125|50340.9609375|17.4024295651652|106.798910999399||||50340.953125|320|34075||||888125|VJC167|4104|X||0|8||||132|163|132|163|[]|636148151409610000|13:59:00:961
21|2.1|636147908383395983|888125|50345.0625|17.3947906338976|106.803502941228||||50345.0546875|320|34075||||888125|VJC167|4104|X||0|8||||132|163|132|163|[]|636148151450630000|13:59:05:063
21|2.1|636147908425830226|888125|50349.3203125|17.3868512952206|106.808288002107||||50349.3203125|320|34075||||888125|VJC167|4104|X||0|8||||132|163|132|163|[]|636148151493200000|13:59:09:320
21|2.1|636147908470134656|888125|50353.65625|17.3787188374947|106.813180351346||||50353.640625|320|34075||||888125|VJC167|4104|X||0|8||||132|163|132|163|[]|636148151536560000|13:59:13:656
21|2.1|636147908512098852|888125|50357.9453125|17.3707151258014|106.818051242912||||50357.9375|320|34075||||888125|VJC167|4104|X||0|8||||132|163|132|163|[]|636148151579450000|13:59:17:945
21|2.1|636147908555933235|888125|50362.3359375|17.3625826680755|106.822965049823||||50362.3203125|320|34075||||888125|VJC167|4104|X||0|8||||132|163|132|163|[]|636148151623360000|13:59:22:336
21|2.1|636147908605558197|888125|50367.28125|17.3533129537283|106.828544044569||||50367.2734375|320|34075||||888125|VJC167|4104|X||0|8||||132|163|132|163|[]|636148151672810000|13:59:27:281
21|2.1|636147908649852626|888125|50371.7265625|17.3449873769535|106.833565139841||||50371.71875|320|34075||||888125|VJC167|4104|X||0|8||||132|163|132|163|[]|636148151717270000|13:59:31:727
21|2.1|636147908686506291|888125|50375.390625|17.3380994642094|106.837727928228||||50375.3828125|319.75|34050||||888125|VJC167|4104|X||0|8||||132|147|132|147|[]|636148151753910000|13:59:35:391
21|2.1|636147908696027243|888125|50376.34375|17.336297019753|106.838757896489||||50376.3359375|319.75|34050||||888125|VJC167|4104|X||0|8||||132|163|132|163|[]|636148151763440000|13:59:36:344
21|2.1|636147908729410581|888125|50379.671875|17.3301601255324|106.842470073762||||50379.65625|319.75|34050||||888125|VJC167|4104|X||0|8||||132|147|132|147|[]|636148151796720000|13:59:39:672
21|2.1|636147908739861626|888125|50380.7265625|17.3281860196992|106.843650245728||||50380.71875|319.75|34050||||888125|VJC167|4104|X||0|8||||132|163|132|163|[]|636148151807270000|13:59:40:727
21|2.1|636147908769974637|888125|50383.7265625|17.3225426519369|106.847040557919||||50383.7265625|319.75|34050||||888125|VJC167|4104|X||0|8||||132|147|132|147|[]|636148151837270000|13:59:43:727
21|2.1|636147908785416181|888125|50385.2734375|17.3196673238755|106.848778629359||||50385.265625|319.75|34050||||888125|VJC167|4104|X||0|8||||132|163|132|163|[]|636148151852730000|13:59:45:273
21|2.1|636147908814589098|888125|50388.1875|17.3142170751621|106.852061653191||||50388.1796875|319.75|34050||||888125|VJC167|4104|X||0|8||||132|147|132|147|[]|636148151881880000|13:59:48:188
21|2.1|636147908828170456|888125|50389.5390625|17.311620696838|106.853649520926||||50389.53125|319.75|34050||||888125|VJC167|4104|X||0|8||||132|163|132|163|[]|636148151895390000|13:59:49:539
21|2.1|636147908857963435|888125|50392.53125|17.3061275327804|106.85695400243||||50392.515625|319.75|34050||||888125|VJC167|4104|X||0|8||||132|147|132|147|[]|636148151925310000|13:59:52:531
21|2.1|636147908898677506|888125|50396.609375|17.2984456861686|106.861567401931||||50396.6015625|319.75|34050||||888125|VJC167|4104|X||0|8||||132|147|132|147|[]|636148151966090000|13:59:56:609
21|2.1|636147908939411579|888125|50400.671875|17.2908282125731|106.866094970744||||50400.65625|319.75|34050||||888125|VJC167|4104|X||0|8||||132|147|132|147|[]|636148152006720000|14:00:00:672
21|2.1|636147908984326070|888125|50405.15625|17.2824168051099|106.871137523688||||50405.15625|319.75|34050||||888125|VJC167|4104|X||0|8||||132|147|132|147|[]|636148152051560000|14:00:05:156
21|2.1|636147909030500687|888125|50409.78125|17.2738122785978|106.876351738008||||50409.7734375|319.75|34050||||888125|VJC167|4104|X||0|8||||132|147|132|147|[]|636148152097810000|14:00:09:781
21|2.1|636147909035961233|888125|50410.3359375|17.2726964796486|106.877016925843||||50410.328125|320|34075||||888125|VJC167|4104|X||0|8||||132|163|132|163|[]|636148152103360000|14:00:10:336
21|2.1|636147909079335570|888125|50414.671875|17.2646498526111|106.88188781741||||50414.6640625|320|34075||||888125|VJC167|4104|X||0|8||||132|163|132|163|[]|636148152146720000|14:00:14:672
21|2.1|636147909123319968|888125|50419.0625|17.2564101065247|106.886801624321||||50419.0546875|320|34075||||888125|VJC167|4104|X||0|8||||132|163|132|163|[]|636148152190630000|14:00:19:063
21|2.1|636147909165134149|888125|50423.25|17.248535140864|106.891522312183||||50423.2421875|320|34075||||888125|VJC167|4104|X||0|8||||132|163|132|163|[]|636148152232500000|14:00:23:250
21|2.1|636147909194617097|888125|50426.1875|17.2430419768064|106.89486970903||||50426.1796875|320|34075||||888125|VJC167|4104|X||0|8||||132|147|132|147|[]|636148152261880000|14:00:26:188
21|2.1|636147909208968532|888125|50427.6328125|17.240381225466|106.896436119094||||50427.625|320|34075||||888125|VJC167|4104|X||0|8||||132|163|132|163|[]|636148152276330000|14:00:27:633
21|2.1|636147909239391574|888125|50430.671875|17.2347164000316|106.89986934663||||50430.6640625|320|34075||||888125|VJC167|4104|X||0|8||||132|147|132|147|[]|636148152306720000|14:00:30:672
21|2.1|636147909249372572|888125|50431.640625|17.2328281248868|106.900963687907||||50431.6328125|320|34075||||888125|VJC167|4104|X||0|8||||132|163|132|163|[]|636148152316410000|14:00:31:641
21|2.1|636147909279795614|888125|50434.7109375|17.2271203841082|106.904418373115||||50434.703125|320|34075||||888125|VJC167|4104|X||0|8||||132|147|132|147|[]|636148152347110000|14:00:34:711
21|2.1|636147909291496784|888125|50435.8828125|17.2249531592261|106.905684375769||||50435.875|320|34075||||888125|VJC167|4104|X||0|8||||132|163|132|163|[]|636148152358830000|14:00:35:883
21|2.1|636147909321299764|888125|50438.8671875|17.2193312491359|106.90907468796||||50438.859375|320|34075||||888125|VJC167|4104|X||0|8||||132|147|132|147|[]|636148152388670000|14:00:38:867
21|2.1|636147909350932727|888125|50441.8203125|17.2138166274062|106.912422084808||||50441.8125|320|34075||||888125|VJC167|4104|X||0|8||||132|163|132|163|[]|636148152418200000|14:00:41:820
21|2.1|636147909371524786|888125|50443.890625|17.2098898734119|106.914782428739||||50443.8828125|320|34075||||888125|VJC167|4104|X||0|8||||132|147|132|147|[]|636148152438910000|14:00:43:891
21|2.1|636147909462163849|888125|50452.953125|17.192959770125|106.924974822987||||50452.953125|320|34075||||888125|VJC167|4104|X||0|8||||132|163|132|163|[]|636148152529530000|14:00:52:953
21|2.1|636147909506158248|888125|50457.34375|17.1847200240386|106.929931545242||||50457.3359375|320|34075||||888125|VJC167|4104|X||0|8||||132|163|132|163|[]|636148152573440000|14:00:57:344
21|2.1|636147909551872819|888125|50461.921875|17.1762442435591|106.935038471201||||50461.9140625|320|34075||||888125|VJC167|4104|X||0|8||||132|147|132|147|[]|636148152619220000|14:01:01:922
21|2.1|636147909551872819|888125|50461.921875|17.1762442435591|106.935038471201||||50461.9140625|320|34075||||888125|VJC167|4104|X||0|8||||132|163|132|163|[]|636148152619220000|14:01:01:922
21|2.1|636147909596337265|888125|50466.359375|17.1678757514401|106.940059566473||||50466.3515625|320|34075||||888125|VJC167|4104|X||0|8||||132|163|132|163|[]|636148152663590000|14:01:06:359
21|2.1|636147909596337265|888125|50466.359375|17.1678757514401|106.940059566473||||50466.359375|320|34075||||888125|VJC167|4104|X||0|8||||132|147|132|147|[]|636148152663590000|14:01:06:359
21|2.1|636147909636271258|888125|50470.359375|17.1604084815493|106.944587135286||||50470.359375|320|34075||||888125|VJC167|4104|X||0|8||||132|163|132|163|[]|636148152703590000|14:01:10:359
21|2.1|636147909636431274|888125|50470.3671875|17.1604084815493|106.944587135286||||50470.359375|320|34075||||888125|VJC167|4104|X||0|8||||132|147|132|147|[]|636148152703670000|14:01:10:367
21|2.1|636147909676845315|888125|50474.421875|17.152833923298|106.949114704099||||50474.4140625|320|34075||||888125|VJC167|4104|X||0|8||||132|163|132|163|[]|636148152744220000|14:01:14:422
21|2.1|636147909676985329|888125|50474.4296875|17.152833923298|106.949114704099||||50474.4140625|320|34075||||888125|VJC167|4104|X||0|8||||132|147|132|147|[]|636148152744300000|14:01:14:430
21|2.1|636147909718179448|888125|50478.5390625|17.1450877036699|106.953792476617||||50478.5390625|320|34075||||888125|VJC167|4104|X||0|8||||132|163|132|163|[]|636148152785390000|14:01:18:539
21|2.1|636147909718179448|888125|50478.5390625|17.1450877036699|106.953792476617||||50478.5390625|320|34075||||888125|VJC167|4104|X||0|8||||132|147|132|147|[]|636148152785390000|14:01:18:539
21|2.1|636147909762173847|888125|50482.9453125|17.1368479575835|106.958706283528||||50482.9375|320|34075||||888125|VJC167|4104|X||0|8||||132|163|132|163|[]|636148152829450000|14:01:22:945
21|2.1|636147909762183848|888125|50482.9453125|17.1368479575835|106.958706283528||||50482.9375|320|34075||||888125|VJC167|4104|X||0|8||||132|147|132|147|[]|636148152829450000|14:01:22:945
21|2.1|636147909805538183|888125|50487.28125|17.1287798728739|106.963512802078||||50487.2734375|320|34075||||888125|VJC167|4104|X||0|8||||132|163|132|163|[]|636148152872810000|14:01:27:281
21|2.1|636147909805558185|888125|50487.2890625|17.1287798728739|106.963512802078||||50487.2734375|320|34075||||888125|VJC167|4104|X||0|8||||132|147|132|147|[]|636148152872890000|14:01:27:289
21|2.1|636147909847972426|888125|50491.53125|17.1207976188527|106.968276405284||||50491.5234375|320|34075||||888125|VJC167|4104|X||0|8||||132|147|132|147|[]|636148152915310000|14:01:31:531
21|2.1|636147909847972426|888125|50491.53125|17.1207976188527|106.968276405284||||50491.5234375|320|34075||||888125|VJC167|4104|X||0|8||||132|163|132|163|[]|636148152915310000|14:01:31:531
21|2.1|636147909889156544|888125|50495.640625|17.1130299415525|106.972911262458||||50495.6328125|320|34075||||888125|VJC167|4104|X||0|8||||132|163|132|163|[]|636148152956410000|14:01:35:641
21|2.1|636147909932570885|888125|50499.984375|17.104983314515|106.97773923868||||50499.9765625|320|34075||||888125|VJC167|4104|X||0|8||||132|163|132|163|[]|636148152999840000|14:01:39:984
21|2.1|636147909974485076|888125|50504.171875|17.0971083488543|106.982459926542||||50504.1640625|320|34075||||888125|VJC167|4104|X||0|8||||132|163|132|163|[]|636148153041720000|14:01:44:172
21|2.1|636147910018329460|888125|50508.5625|17.0888686027679|106.987373733453||||50508.5546875|320|34075||||888125|VJC167|4104|X||0|8||||132|163|132|163|[]|636148153085630000|14:01:48:563
21|2.1|636147910063734000|888125|50513.1015625|17.0803928222884|106.992459201741||||50513.09375|320|34075||||888125|VJC167|4104|X||0|8||||132|163|132|163|[]|636148153131020000|14:01:53:102
21|2.1|636147910106468273|888125|50517.375|17.0724320259393|106.997244262619||||50517.3671875|320|34075||||888125|VJC167|4104|X||0|8||||132|163|132|163|[]|636148153173750000|14:01:57:375
21|2.1|636147910146562282|888125|50521.3828125|17.0649218407043|107.001728916088||||50521.375|320|34075||||888125|VJC167|4104|X||0|8||||132|163|132|163|[]|636148153213830000|14:02:01:383
21|2.1|636147910187276353|888125|50525.453125|17.0572829094367|107.006299400246||||50525.4453125|320|34075||||888125|VJC167|4104|X||0|8||||132|163|132|163|[]|636148153254530000|14:02:05:453
21|2.1|636147910227690394|888125|50529.4921875|17.0497083511854|107.010848426731||||50529.484375|320|34075||||888125|VJC167|4104|X||0|8||||132|163|132|163|[]|636148153294920000|14:02:09:492
21|2.1|636147910267944419|888125|50533.5234375|17.0422625389667|107.015311622528||||50533.515625|320|34075||||888125|VJC167|4104|X||0|8||||132|163|132|163|[]|636148153335230000|14:02:13:523
21|2.1|636147910308808505|888125|50537.609375|17.0345806923549|107.019925022029||||50537.609375|320|34075||||888125|VJC167|4104|X||0|8||||132|163|132|163|[]|636148153376090000|14:02:17:609
21|2.1|636147910357633387|888125|50542.5|17.0254611817124|107.025418186087||||50542.5|320|34075||||888125|VJC167|4104|X||0|8||||132|163|132|163|[]|636148153425000000|14:02:22:500
21|2.1|636147910407088332|888125|50547.4453125|17.0161700096931|107.030932807816||||50547.4375|320|34075||||888125|VJC167|4104|X||0|8||||132|163|132|163|[]|636148153474450000|14:02:27:445
21|2.1|636147910407248348|888125|50547.453125|17.0161700096931|107.030932807816||||50547.4375|320|34075||||888125|VJC167|4104|X||0|8||||132|147|132|147|[]|636148153474530000|14:02:27:453
21|2.1|636147910449372560|888125|50551.6640625|17.0083379593766|107.035653495678||||50551.65625|320|34075||||888125|VJC167|4104|X||0|8||||132|163|132|163|[]|636148153516640000|14:02:31:664
21|2.1|636147910454523075|888125|50552.1796875|17.0074367371484|107.036232852825||||50552.171875|320|34075||||888125|VJC167|4104|X||0|8||||132|147|132|147|[]|636148153521800000|14:02:32:180
21|2.1|636147910497737396|888125|50556.515625|16.9993042794225|107.041060829048||||50556.515625|320|34075||||888125|VJC167|4104|X||0|8||||132|163|132|163|[]|636148153565160000|14:02:36:516
21|2.1|636147910497887411|888125|50556.515625|16.9993042794225|107.041060829048||||50556.515625|320|34075||||888125|VJC167|4104|X||0|8||||132|147|132|147|[]|636148153565160000|14:02:36:516
21|2.1|636147910537981420|888125|50560.5234375|16.9917940941875|107.045588397861||||50560.515625|320|34075||||888125|VJC167|4104|X||0|8||||132|163|132|163|[]|636148153605230000|14:02:40:523
21|2.1|636147910579955617|888125|50564.7265625|16.9839835015431|107.050244712706||||50564.71875|320|34075||||888125|VJC167|4104|X||0|8||||132|163|132|163|[]|636148153647270000|14:02:44:727
21|2.1|636147910579955617|888125|50564.7265625|16.9839835015431|107.050244712706||||50564.71875|320|34075||||888125|VJC167|4104|X||0|8||||132|147|132|147|[]|636148153647270000|14:02:44:727
21|2.1|636147910624880109|888125|50569.21875|16.9755506364078|107.05528726565||||50569.2109375|320|34075||||888125|VJC167|4104|X||0|8||||132|147|132|147|[]|636148153692190000|14:02:49:219
21|2.1|636147910638611482|888125|50570.5859375|16.9729971734279|107.056810760369||||50570.578125|320|34075||||888125|VJC167|4104|X||0|8||||132|163|132|163|[]|636148153705860000|14:02:50:586
21|2.1|636147910720349655|888125|50578.765625|16.9577193108927|107.065951728684||||50578.7578125|320|34075||||888125|VJC167|4104|X||0|8||||132|163|132|163|[]|636148153787660000|14:02:58:766
21|2.1|636147910760293649|888125|50582.765625|16.9502091256577|107.070436382152||||50582.7578125|320|34075||||888125|VJC167|4104|X||0|8||||132|163|132|163|[]|636148153827660000|14:03:02:766
21|2.1|636147910803657985|888125|50587.09375|16.9420766679318|107.075307273719||||50587.0859375|320|34075||||888125|VJC167|4104|X||0|8||||132|163|132|163|[]|636148153870940000|14:03:07:094
21|2.1|636147910809118531|888125|50587.640625|16.941046699671|107.075886630866||||50587.6328125|320|34075||||888125|VJC167|4104|X||0|8||||132|147|132|147|[]|636148153876410000|14:03:07:641
21|2.1|636147910845312150|888125|50591.265625|16.9343304483037|107.079942130893||||50591.2578125|320|34075||||888125|VJC167|4104|X||0|8||||132|163|132|163|[]|636148153912660000|14:03:11:266
21|2.1|636147910851092728|888125|50591.8359375|16.9332790223708|107.080542945712||||50591.828125|320|34075||||888125|VJC167|4104|X||0|8||||132|147|132|147|[]|636148153918360000|14:03:11:836
21|2.1|636147910890086627|888125|50595.7421875|16.9258975831684|107.084984683836||||50595.734375|320|34075||||888125|VJC167|4104|X||0|8||||132|163|132|163|[]|636148153957420000|14:03:15:742
21|2.1|636147910894767095|888125|50596.2109375|16.9250821916286|107.085456752622||||50596.203125|320|34075||||888125|VJC167|4104|X||0|8||||132|147|132|147|[]|636148153962110000|14:03:16:211
21|2.1|636147910934391057|888125|50600.1640625|16.9177007524262|107.089898490747||||50600.15625|320|34075||||888125|VJC167|4104|X||0|8||||132|163|132|163|[]|636148154001640000|14:03:20:164
21|2.1|636147910976665284|888125|50604.390625|16.909718498405|107.094683551625||||50604.390625|320|34075||||888125|VJC167|4104|X||0|8||||132|163|132|163|[]|636148154043910000|14:03:24:391
21|2.1|636147911001157733|888125|50606.8515625|16.9051694719198|107.097430133654||||50606.8359375|320|34075||||888125|VJC167|4104|X||0|8||||132|147|132|147|[]|636148154068520000|14:03:26:852
21|2.1|636147911020349652|888125|50608.765625|16.9015860406791|107.099554443192||||50608.75|320|34075||||888125|VJC167|4104|X||0|8||||132|163|132|163|[]|636148154087660000|14:03:28:766
21|2.1|636147911064494066|888125|50613.1796875|16.8933462945927|107.104468250103||||50613.171875|320|34075||||888125|VJC167|4104|X||0|8||||132|163|132|163|[]|636148154131800000|14:03:33:180
21|2.1|636147911068714488|888125|50613.609375|16.8925094453808|107.104983234233||||50613.6015625|320|34075||||888125|VJC167|4104|X||0|8||||132|147|132|147|[]|636148154136090000|14:03:33:609
21|2.1|636147911108028419|888125|50617.5234375|16.8851923791947|107.10933914167||||50617.515625|320|34075||||888125|VJC167|4104|X||0|8||||132|163|132|163|[]|636148154175230000|14:03:37:523
21|2.1|636147911117849401|888125|50618.5078125|16.883325561722|107.110476398291||||50618.5|320|34075||||888125|VJC167|4104|X||0|8||||132|147|132|147|[]|636148154185080000|14:03:38:508
21|2.1|636147911152642880|888125|50621.984375|16.8768668024199|107.114338779269||||50621.9765625|320|34075||||888125|VJC167|4104|X||0|8||||132|163|132|163|[]|636148154219840000|14:03:41:984
21|2.1|636147911196797295|888125|50626.4140625|16.868519767973|107.119295501524||||50626.40625|320|34075||||888125|VJC167|4104|X||0|8||||132|163|132|163|[]|636148154264140000|14:03:46:414
21|2.1|636147911237681383|888125|50630.5|16.8608379213612|107.123908901026||||50630.4921875|320|34075||||888125|VJC167|4104|X||0|8||||132|163|132|163|[]|636148154305000000|14:03:50:500
21|2.1|636147911268084423|888125|50633.5390625|16.8551301805826|107.127299213217||||50633.53125|320|34075||||888125|VJC167|4104|X||0|8||||132|147|132|147|[]|636148154335390000|14:03:53:539
21|2.1|636147911281345749|888125|50634.859375|16.8527054636353|107.128736877248||||50634.8515625|320|34075||||888125|VJC167|4104|X||0|8||||132|163|132|163|[]|636148154348590000|14:03:54:859
21|2.1|636147911310828697|888125|50637.8203125|16.8472122995777|107.132041358752||||50637.8125|320|34075||||888125|VJC167|4104|X||0|8||||132|147|132|147|[]|636148154378200000|14:03:57:820
21|2.1|636147911326590273|888125|50639.390625|16.8441867678116|107.13386526088||||50639.390625|320|34075||||888125|VJC167|4104|X||0|8||||132|163|132|163|[]|636148154393910000|14:03:59:391
21|2.1|636147911352482862|888125|50641.9765625|16.8394231646054|107.136697673597||||50641.96875|320|34075||||888125|VJC167|4104|X||0|8||||132|147|132|147|[]|636148154419770000|14:04:01:977
21|2.1|636147911371214735|888125|50643.84375|16.8358611910368|107.138821983135||||50643.8359375|320|34075||||888125|VJC167|4104|X||0|8||||132|163|132|163|[]|636148154438440000|14:04:03:844
21|2.1|636147911394917105|888125|50646.21875|16.8314838259284|107.141461276803||||50646.2109375|320|34075||||888125|VJC167|4104|X||0|8||||132|147|132|147|[]|636148154462190000|14:04:06:219
21|2.1|636147911414579071|888125|50648.1953125|16.8277072756388|107.143714332374||||50648.1875|320|34075||||888125|VJC167|4104|X||0|8||||132|163|132|163|[]|636148154481950000|14:04:08:195
21|2.1|636147911435021115|888125|50650.2265625|16.8239736406934|107.1459244726||||50650.2265625|320|34075||||888125|VJC167|4104|X||0|8||||132|147|132|147|[]|636148154502270000|14:04:10:227
21|2.1|636147911461063719|888125|50652.8359375|16.8190812914546|107.148864173678||||50652.8203125|320|34075||||888125|VJC167|4104|X||0|8||||132|163|132|163|[]|636148154528360000|14:04:12:836
21|2.1|636147911475575170|888125|50654.28125|16.8163990824421|107.150473499085||||50654.2734375|320|34075||||888125|VJC167|4104|X||0|8||||132|147|132|147|[]|636148154542810000|14:04:14:281
21|2.1|636147911500997712|888125|50656.8359375|16.8115925638917|107.153327369475||||50656.828125|320|34075||||888125|VJC167|4104|X||0|8||||132|163|132|163|[]|636148154568360000|14:04:16:836
21|2.1|636147911515669179|888125|50658.2890625|16.8088030665187|107.155001067899||||50658.2890625|320|34075||||888125|VJC167|4104|X||0|8||||132|147|132|147|[]|636148154582890000|14:04:18:289
21|2.1|636147911546242236|888125|50661.3515625|16.8030953257401|107.158434295435||||50661.3515625|320|34075||||888125|VJC167|4104|X||0|8||||132|163|132|163|[]|636148154613520000|14:04:21:352
21|2.1|636147911587276339|888125|50665.4453125|16.7953920214562|107.163004779592||||50665.4375|320|34075||||888125|VJC167|4104|X||0|8||||132|163|132|163|[]|636148154654450000|14:04:25:445
21|2.1|636147911625810192|888125|50669.3125|16.7881822436306|107.167317771684||||50669.296875|320|34075||||888125|VJC167|4104|X||0|8||||132|147|132|147|[]|636148154693130000|14:04:29:313
21|2.1|636147911630170628|888125|50669.75|16.7873453944187|107.167832755814||||50669.7421875|320|34075||||888125|VJC167|4104|X||0|8||||132|163|132|163|[]|636148154697500000|14:04:29:750
21|2.1|636147911669954606|888125|50673.7265625|16.7799424975442|107.172274493939||||50673.7265625|320|34075||||888125|VJC167|4104|X||0|8||||132|147|132|147|[]|636148154737270000|14:04:33:727
21|2.1|636147911675575168|888125|50674.296875|16.7787837832508|107.17289676643||||50674.28125|320|34075||||888125|VJC167|4104|X||0|8||||132|163|132|163|[]|636148154742970000|14:04:34:297
21|2.1|636147911716769287|888125|50678.4140625|16.771101936639|107.177510165931||||50678.40625|320|34075||||888125|VJC167|4104|X||0|8||||132|163|132|163|[]|636148154784140000|14:04:38:414
21|2.1|636147911759813591|888125|50682.7109375|16.7630338519294|107.182316684482||||50682.703125|320|34075||||888125|VJC167|4104|X||0|8||||132|163|132|163|[]|636148154827110000|14:04:42:711
21|2.1|636147911801467756|888125|50686.8828125|16.7552447169571|107.186951541655||||50686.8828125|320|34075||||888125|VJC167|4104|X||0|8||||132|163|132|163|[]|636148154868830000|14:04:46:883
21|2.1|636147911842191828|888125|50690.953125|16.7475628703453|107.191586398829||||50690.9453125|320|34075||||888125|VJC167|4104|X||0|8||||132|163|132|163|[]|636148154909530000|14:04:50:953
21|2.1|636147911882435852|888125|50694.9765625|16.7400526851103|107.196071052298||||50694.96875|320|34075||||888125|VJC167|4104|X||0|8||||132|163|132|163|[]|636148154949770000|14:04:54:977
21|2.1|636147911922529861|888125|50698.984375|16.7325854152195|107.200491332751||||50698.9765625|320|34075||||888125|VJC167|4104|X||0|8||||132|163|132|163|[]|636148154989840000|14:04:58:984
21|2.1|636147911964334041|888125|50703.1640625|16.7247104495588|107.205212020613||||50703.1640625|320|34075||||888125|VJC167|4104|X||0|8||||132|163|132|163|[]|636148155031640000|14:05:03:164
21|2.1|636147912004438051|888125|50707.171875|16.7172002643238|107.209696674081||||50707.171875|320|34075||||888125|VJC167|4104|X||0|8||||132|163|132|163|[]|636148155071720000|14:05:07:172
21|2.1|636147912047652372|888125|50711.4921875|16.7090463489258|107.214546107976||||50711.484375|320|34075||||888125|VJC167|4104|X||0|8||||132|163|132|163|[]|636148155114920000|14:05:11:492
21|2.1|636147912092586865|888125|50715.9921875|16.7006134837905|107.21958866092||||50715.9921875|320|34075||||888125|VJC167|4104|X||0|8||||132|163|132|163|[]|636148155159920000|14:05:15:992
21|2.1|636147912168544460|888125|50723.5859375|16.6864514202045|107.228000068383||||50723.5703125|320|34075||||888125|VJC167|4104|X||0|8||||132|163|132|163|[]|636148155235860000|14:05:23:586
21|2.1|636147912212708876|888125|50727.9921875|16.6781258434297|107.23297824831||||50727.984375|320|34075||||888125|VJC167|4104|X||0|8||||132|163|132|163|[]|636148155279920000|14:05:27:992
21|2.1|636147912254973102|888125|50732.2265625|16.6702079624248|107.237698936172||||50732.21875|320|34100||||888125|VJC167|4104|X||0|8||||132|163|132|163|[]|636148155322270000|14:05:32:227
21|2.1|636147912298657470|888125|50736.59375|16.6619682163384|107.242655658427||||50736.5859375|320|34075||||888125|VJC167|4104|X||0|8||||132|163|132|163|[]|636148155365940000|14:05:36:594
21|2.1|636147912338751479|888125|50740.6015625|16.6544794887755|107.247118854224||||50740.59375|320|34075||||888125|VJC167|4104|X||0|8||||132|163|132|163|[]|636148155406020000|14:05:40:602
21|2.1|636147912386336237|888125|50745.3671875|16.645574554854|107.252440356905||||50745.3515625|320.25|34100||||888125|VJC167|4104|X||0|8||||132|163|132|163|[]|636148155453670000|14:05:45:367
21|2.1|636147912430790682|888125|50749.8125|16.6372489780792|107.257418536832||||50749.8046875|320.25|34125||||888125|VJC167|4104|X||0|8||||132|163|132|163|[]|636148155498130000|14:05:49:813
21|2.1|636147912475255128|888125|50754.25|16.6289019436323|107.262353801415||||50754.2421875|320.25|34100||||888125|VJC167|4104|X||0|8||||132|163|132|163|[]|636148155542500000|14:05:54:250
21|2.1|636147912526420244|888125|50759.375|16.6193318218757|107.268040084521||||50759.3671875|320.25|34125||||888125|VJC167|4104|X||0|8||||132|163|132|163|[]|636148155593750000|14:05:59:375
21|2.1|636147912569174519|888125|50763.640625|16.6112851948382|107.272868060744||||50763.640625|320.25|34100||||888125|VJC167|4104|X||0|8||||132|163|132|163|[]|636148155636410000|14:06:03:641
21|2.1|636147912609578559|888125|50767.6796875|16.6038179249474|107.277352714213||||50767.671875|320.25|34100||||888125|VJC167|4104|X||0|8||||132|163|132|163|[]|636148155676800000|14:06:07:680
21|2.1|636147912649522553|888125|50771.6796875|16.5963077397124|107.281772994665||||50771.671875|320.25|34125||||888125|VJC167|4104|X||0|8||||132|163|132|163|[]|636148155716800000|14:06:11:680
21|2.1|636147912692876888|888125|50776.0234375|16.5881967396586|107.286643886232||||50776.015625|320.25|34125||||888125|VJC167|4104|X||0|8||||132|163|132|163|[]|636148155760230000|14:06:16:023
21|2.1|636147912733910991|888125|50780.1171875|16.5805148930468|107.291214370389||||50780.1015625|320.25|34100||||888125|VJC167|4104|X||0|8||||132|163|132|163|[]|636148155801170000|14:06:20:117
21|2.1|636147912774325032|888125|50784.1640625|16.5729617924676|107.295699023858||||50784.1484375|320.25|34125||||888125|VJC167|4104|X||0|8||||132|163|132|163|[]|636148155841640000|14:06:24:164
21|2.1|636147912819249524|888125|50788.65625|16.5645503850044|107.30072011913||||50788.6484375|320.25|34125||||888125|VJC167|4104|X||0|8||||132|163|132|163|[]|636148155886560000|14:06:28:656
21|2.1|636147912865584157|888125|50793.28125|16.5559458584923|107.305827045089||||50793.28125|320.25|34125||||888125|VJC167|4104|X||0|8||||132|163|132|163|[]|636148155932810000|14:06:33:281
21|2.1|636147912908478446|888125|50797.5859375|16.5479206891269|107.310590648296||||50797.578125|320.25|34125||||888125|VJC167|4104|X||0|8||||132|163|132|163|[]|636148155975860000|14:06:37:586
21|2.1|636147912953882986|888125|50802.125|16.5394019933032|107.315676116583||||50802.1171875|320.25|34125||||888125|VJC167|4104|X||0|8||||132|163|132|163|[]|636148156021250000|14:06:42:125
21|2.1|636147912995217119|888125|50806.2421875|16.5317201466914|107.320182227724||||50806.234375|320.25|34125||||888125|VJC167|4104|X||0|8||||132|163|132|163|[]|636148156062420000|14:06:46:242
21|2.1|636147913038121409|888125|50810.546875|16.5236306043097|107.325053119291||||50810.5390625|320.25|34125||||888125|VJC167|4104|X||0|8||||132|163|132|163|[]|636148156105470000|14:06:50:547
21|2.1|636147913079935590|888125|50814.7265625|16.5159058423537|107.329666518793||||50814.7109375|320.25|34125||||888125|VJC167|4104|X||0|8||||132|163|132|163|[]|636148156147270000|14:06:54:727
21|2.1|636147913120499646|888125|50818.78125|16.5083312841024|107.334151172261||||50818.78125|320.25|34125||||888125|VJC167|4104|X||0|8||||132|163|132|163|[]|636148156187810000|14:06:58:781
21|2.1|636147913175895185|888125|50824.3125|16.4979672284781|107.340352439498||||50824.3046875|320.25|34125||||888125|VJC167|4104|X||0|8||||132|163|132|163|[]|636148156243130000|14:07:04:313
21|2.1|636147913217849380|888125|50828.5|16.4901566358337|107.345008754344||||50828.4921875|320|34100||||888125|VJC167|4104|X||0|8||||132|163|132|163|[]|636148156285000000|14:07:08:500
21|2.1|636147913262623857|888125|50832.9921875|16.4817237706984|107.350008391943||||50832.9921875|320.25|34125||||888125|VJC167|4104|X||0|8||||132|163|132|163|[]|636148156329920000|14:07:12:992
21|2.1|636147913306608255|888125|50837.390625|16.4735269399562|107.354922198854||||50837.390625|320|34100||||888125|VJC167|4104|X||0|8||||132|163|132|163|[]|636148156373910000|14:07:17:391
21|2.1|636147913350922686|888125|50841.8203125|16.465330109214|107.359771632749||||50841.8125|320|34100||||888125|VJC167|4104|X||0|8||||132|163|132|163|[]|636148156418200000|14:07:21:820
21|2.1|636147913391626756|888125|50845.8828125|16.4577984663069|107.36427774389||||50845.875|320|34100||||888125|VJC167|4104|X||0|8||||132|163|132|163|[]|636148156458830000|14:07:25:883
21|2.1|636147913436711264|888125|50850.390625|16.4493656011716|107.369298839161||||50850.3828125|320|34100||||888125|VJC167|4104|X||0|8||||132|163|132|163|[]|636148156503910000|14:07:30:391
21|2.1|636147913481335726|888125|50854.8515625|16.4409971090526|107.374255561416||||50854.8515625|320|34100||||888125|VJC167|4104|X||0|8||||132|163|132|163|[]|636148156548520000|14:07:34:852
21|2.1|636147913522829875|888125|50859.015625|16.4332723470966|107.378847503246||||50859.0078125|320|34100||||888125|VJC167|4104|X||0|8||||132|163|132|163|[]|636148156590160000|14:07:39:016
21|2.1|636147913568234415|888125|50863.546875|16.4247965666171|107.383890056189||||50863.5390625|320|34100||||888125|VJC167|4104|X||0|8||||132|163|132|163|[]|636148156635470000|14:07:43:547
21|2.1|636147913611128704|888125|50867.84375|16.4168786856122|107.388610744051||||50867.8359375|320|34100||||888125|VJC167|4104|X||0|8||||132|163|132|163|[]|636148156678440000|14:07:47:844
21|2.1|636147913654653056|888125|50872.1953125|16.4087676855584|107.393438720274||||50872.1875|320|34100||||888125|VJC167|4104|X||0|8||||132|163|132|163|[]|636148156721950000|14:07:52:195
21|2.1|636147913698177408|888125|50876.546875|16.4006781431767|107.398223781152||||50876.53125|320|34100||||888125|VJC167|4104|X||0|8||||132|163|132|163|[]|636148156765470000|14:07:56:547
21|2.1|636147913739531543|888125|50880.671875|16.3929748388928|107.402815722981||||50880.671875|320|34100||||888125|VJC167|4104|X||0|8||||132|163|132|163|[]|636148156806720000|14:08:00:672
21|2.1|636147913789596549|888125|50885.6875|16.3836836668735|107.408373260055||||50885.671875|320|34100||||888125|VJC167|4104|X||0|8||||132|163|132|163|[]|636148156856880000|14:08:05:688
21|2.1|636147913833910980|888125|50890.1171875|16.3754010054429|107.413287066966||||50890.109375|320|34100||||888125|VJC167|4104|X||0|8||||132|163|132|163|[]|636148156901170000|14:08:10:117
21|2.1|636147913877435332|888125|50894.4609375|16.3672900053891|107.418093585517||||50894.4609375|320|34100||||888125|VJC167|4104|X||0|8||||132|163|132|163|[]|636148156944610000|14:08:14:461
21|2.1|636147913918299418|888125|50898.5546875|16.3596939894657|107.422578238986||||50898.546875|320|34100||||888125|VJC167|4104|X||0|8||||132|163|132|163|[]|636148156985550000|14:08:18:555
21|2.1|636147913986796267|888125|50905.40625|16.3469481322383|107.430152797237||||50905.3984375|320|34100||||888125|VJC167|4104|X||0|8||||132|163|132|163|[]|636148157054060000|14:08:25:406
21|2.1|636147914027050292|888125|50909.421875|16.3395023200196|107.434573077689||||50909.421875|320|34100||||888125|VJC167|4104|X||0|8||||132|163|132|163|[]|636148157094220000|14:08:29:422
21|2.1|636147914067914378|888125|50913.515625|16.3318848464241|107.439122104175||||50913.5078125|320|34100||||888125|VJC167|4104|X||0|8||||132|163|132|163|[]|636148157135160000|14:08:33:516
21|2.1|636147914114249011|888125|50918.140625|16.3233661506004|107.444229030134||||50918.1328125|319.75|34075||||888125|VJC167|4104|X||0|8||||132|163|132|163|[]|636148157181410000|14:08:38:141
21|2.1|636147914155433129|888125|50922.265625|16.3156199309723|107.448799514292||||50922.25|319.75|34075||||888125|VJC167|4104|X||0|8||||132|163|132|163|[]|636148157222660000|14:08:42:266
21|2.1|636147914198647450|888125|50926.5859375|16.3075947616069|107.453563117498||||50926.578125|319.75|34075||||888125|VJC167|4104|X||0|8||||132|163|132|163|[]|636148157265860000|14:08:46:586
21|2.1|636147914338111395|888125|50940.53125|16.281652436038|107.468948268394||||50940.5234375|319.75|34075||||888125|VJC167|4104|X||0|8||||132|163|132|163|[]|636148157405310000|14:09:00:531
21|2.1|636147914383045888|888125|50945.03125|16.2733054015911|107.473904990649||||50945.03125|319.75|34075||||888125|VJC167|4104|X||0|8||||132|163|132|163|[]|636148157450310000|14:09:05:031
21|2.1|636147914430470630|888125|50949.7734375|16.2644433830138|107.479162120313||||50949.7578125|319.75|34075||||888125|VJC167|4104|X||0|8||||132|163|132|163|[]|636148157497730000|14:09:09:773
21|2.1|636147914473524935|888125|50954.0859375|16.2564182136484|107.483925723519||||50954.078125|319.75|34075||||888125|VJC167|4104|X||0|8||||132|163|132|163|[]|636148157540860000|14:09:14:086
21|2.1|636147914516279210|888125|50958.3515625|16.2484145019551|107.488689326726||||50958.3515625|319.75|34075||||888125|VJC167|4104|X||0|8||||132|163|132|163|[]|636148157583520000|14:09:18:352
21|2.1|636147914561203702|888125|50962.84375|16.2401747558687|107.493624591309||||50962.8359375|319.75|34075||||888125|VJC167|4104|X||0|8||||132|163|132|163|[]|636148157628440000|14:09:22:844
21|2.1|636147914614249006|888125|50968.1328125|16.2302613113585|107.49946107812||||50968.125|319.75|34075||||888125|VJC167|4104|X||0|8||||132|163|132|163|[]|636148157681330000|14:09:28:133
21|2.1|636147914654803061|888125|50972.2109375|16.2226223800909|107.503967189261||||50972.2109375|319.75|34075||||888125|VJC167|4104|X||0|8||||132|163|132|163|[]|636148157722110000|14:09:32:211
21|2.1|636147914699427523|888125|50976.6640625|16.2143182609882|107.508923911516||||50976.65625|319.75|34075||||888125|VJC167|4104|X||0|8||||132|163|132|163|[]|636148157766640000|14:09:36:664
21|2.1|636147914744512031|888125|50981.1640625|16.2059283111971|107.513902091443||||50981.15625|319.75|34075||||888125|VJC167|4104|X||0|8||||132|163|132|163|[]|636148157811640000|14:09:41:164
21|2.1|636147914785076087|888125|50985.234375|16.1983537529458|107.518386744912||||50985.2265625|319.75|34075||||888125|VJC167|4104|X||0|8||||132|163|132|163|[]|636148157852340000|14:09:45:234
21|2.1|636147914827340313|888125|50989.453125|16.1904144142688|107.523107432774||||50989.4453125|319.75|34075||||888125|VJC167|4104|X||0|8||||132|163|132|163|[]|636148157894530000|14:09:49:453
21|2.1|636147914875555134|888125|50994.2734375|16.181445107331|107.528407477783||||50994.265625|319.75|34075||||888125|VJC167|4104|X||0|8||||132|163|132|163|[]|636148157942730000|14:09:54:273
21|2.1|636147914918919470|888125|50998.6171875|16.1733126496051|107.533192538661||||50998.609375|319.75|34075||||888125|VJC167|4104|X||0|8||||132|163|132|163|[]|636148157986170000|14:09:58:617
21|2.1|636147914961353713|888125|51002.8671875|16.1653733109281|107.537934684195||||51002.859375|319.75|34075||||888125|VJC167|4104|X||0|8||||132|163|132|163|[]|636148158028670000|14:10:02:867
21|2.1|636147915002547832|888125|51006.9765625|16.1576914643163|107.542462253008||||51006.9609375|320|34100||||888125|VJC167|4104|X||0|8||||132|163|132|163|[]|636148158069770000|14:10:06:977
21|2.1|636147915045912168|888125|51011.3125|16.1495804642625|107.547333144575||||51011.3046875|320|34100||||888125|VJC167|4104|X||0|8||||132|163|132|163|[]|636148158113130000|14:10:11:313
21|2.1|636147915087726349|888125|51015.5078125|16.1417054986018|107.551925086404||||51015.5|320|34100||||888125|VJC167|4104|X||0|8||||132|163|132|163|[]|636148158155080000|14:10:15:508
21|2.1|636147915131710747|888125|51019.890625|16.1335515832038|107.556774520299||||51019.8828125|320|34100||||888125|VJC167|4104|X||0|8||||132|163|132|163|[]|636148158198910000|14:10:19:891
21|2.1|636147915177115287|888125|51024.4375|16.1250328873801|107.56179561557||||51024.4296875|320|34100||||888125|VJC167|4104|X||0|8||||132|163|132|163|[]|636148158244380000|14:10:24:438
21|2.1|636147915219859561|888125|51028.703125|16.1169862603426|107.566602134121||||51028.6953125|320|34100||||888125|VJC167|4104|X||0|8||||132|163|132|163|[]|636148158287030000|14:10:28:703
21|2.1|636147915259963571|888125|51032.7109375|16.1094975327797|107.571022414573||||51032.7109375|320|34100||||888125|VJC167|4104|X||0|8||||132|163|132|163|[]|636148158327110000|14:10:32:711
21|2.1|636147915300667641|888125|51036.78125|16.1019229745284|107.575464152698||||51036.7734375|320.25|34125||||888125|VJC167|4104|X||0|8||||132|163|132|163|[]|636148158367810000|14:10:36:781
21|2.1|636147915340931667|888125|51040.8203125|16.094326958605|107.579991721511||||51040.8203125|320.25|34125||||888125|VJC167|4104|X||0|8||||132|163|132|163|[]|636148158408200000|14:10:40:820
21|2.1|636147915381325706|888125|51044.8515625|16.0867738580258|107.584433459636||||51044.8515625|320.25|34125||||888125|VJC167|4104|X||0|8||||132|163|132|163|[]|636148158448520000|14:10:44:852
21|2.1|636147915427810354|888125|51049.5078125|16.0780620431532|107.589604758612||||51049.4921875|320.25|34125||||888125|VJC167|4104|X||0|8||||132|163|132|163|[]|636148158495080000|14:10:49:508
21|2.1|636147915471024675|888125|51053.8359375|16.0700154161157|107.594368361818||||51053.828125|320.25|34150||||888125|VJC167|4104|X||0|8||||132|163|132|163|[]|636148158538360000|14:10:53:836
21|2.1|636147915515019074|888125|51058.2265625|16.0617756700293|107.599217795713||||51058.21875|320.25|34125||||888125|VJC167|4104|X||0|8||||132|163|132|163|[]|636148158582270000|14:10:58:227
21|2.1|636147915556823254|888125|51062.4140625|16.0539650773849|107.603831195214||||51062.40625|320.25|34125||||888125|VJC167|4104|X||0|8||||132|163|132|163|[]|636148158624140000|14:11:02:414
21|2.1|636147915600667638|888125|51066.796875|16.0458540773311|107.608680629109||||51066.7890625|320.25|34125||||888125|VJC167|4104|X||0|8||||132|163|132|163|[]|636148158667970000|14:11:06:797
