21|2.1|636147897986416389|89612b|49305.3984375|13.6690950271746|100.755100160369||||49305.3828125|2.5|50||||89612b|ETD401|X|X|0|0|7||||132|5|132|5|[]|636148141053980000|13:41:45:398
21|2.1|636147898031660913|89612b|49309.921875|13.665533053606|100.75409164978||||49309.9140625|3.25|150||||89612b|ETD401|X|X|0|0|7||||132|5|132|5|[]|636148141099220000|13:41:49:922
21|2.1|636147898074255172|89612b|49314.171875|13.6619067070211|100.753147512208||||49314.1640625|4.75|325||||89612b|ETD401|X|X|0|0|7||||132|5|132|5|[]|636148141141720000|13:41:54:172
21|2.1|636147898115129259|89612b|49318.2578125|13.6585593101735|100.75235357834||||49318.2421875|6|425||||89612b|ETD401|X|X|0|0|7||||132|5|132|5|[]|636148141182580000|13:41:58:258
21|2.1|636147898158803626|89612b|49322.6328125|13.6548685905723|100.751409440768||||49322.6328125|7.5|625||||89612b|ETD401|X|X|0|0|7||||132|5|132|5|[]|636148141226330000|13:42:02:633
21|2.1|636147898202327978|89612b|49326.984375|13.651156413299|100.750508218539||||49326.9765625|9.5|825||||89612b|ETD401|X|X|0|0|7||||132|5|132|5|[]|636148141269840000|13:42:06:984
21|2.1|636147898243512096|89612b|49331.1171875|13.6478090164514|100.749606996311||||49331.1015625|11.25|1000||||89612b|ETD401|X|X|0|0|7||||132|5|132|5|[]|636148141311170000|13:42:11:117
21|2.1|636147898287816526|89612b|49335.546875|13.6441397545223|100.748662858739||||49335.546875|13.5|1200||||89612b|ETD401|X|X|0|0|7||||132|5|132|5|[]|636148141355470000|13:42:15:547
21|2.1|636147898328390583|89612b|49339.59375|13.64064215397|100.747718721166||||49339.5859375|15.25|1400||||89612b|ETD401|X|X|0|0|7||||132|5|132|5|[]|636148141395940000|13:42:19:594
21|2.1|636147898370974841|89612b|49343.84375|13.6371445534177|100.746753125922||||49343.84375|17|1600||||89612b|ETD401|X|X|0|0|7||||132|5|132|5|[]|636148141438440000|13:42:23:844
21|2.1|636147898412318975|89612b|49347.984375|13.6336684105375|100.745830446022||||49347.9765625|18.75|1800||||89612b|ETD401|X|X|0|0|7||||132|5|132|5|[]|636148141479840000|13:42:27:984
21|2.1|636147898454283171|89612b|49352.1875|13.6301922676573|100.744864850777||||49352.171875|20.5|1975||||89612b|ETD401|X|X|0|0|7||||132|5|132|5|[]|636148141521880000|13:42:32:188
21|2.1|636147898497647507|89612b|49356.5234375|13.6267161247771|100.743899255533||||49356.515625|21.75|2125||||89612b|ETD401|X|X|0|0|7||||132|5|132|5|[]|636148141565230000|13:42:36:523
21|2.1|636147898538521594|89612b|49360.609375|13.6231756088806|100.742976575632||||49360.59375|22.75|2250||||89612b|ETD401|X|X|0|0|7||||132|5|132|5|[]|636148141606090000|13:42:40:609
21|2.1|636147898582045946|89612b|49364.953125|13.6196565506562|100.741968065044||||49364.9453125|23.5|2325||||89612b|ETD401|X|X|0|0|7||||132|5|132|5|[]|636148141649530000|13:42:44:953
21|2.1|636147898622760017|89612b|49369.0390625|13.6159872887271|100.741023927471||||49369.0234375|24.25|2400||||89612b|ETD401|X|X|0|0|7||||132|5|132|5|[]|636148141690390000|13:42:49:039
21|2.1|636147898663634104|89612b|49373.125|13.6125540611911|100.740079789899||||49373.1171875|25.25|2500||||89612b|ETD401|X|X|0|0|7||||132|5|132|5|[]|636148141731250000|13:42:53:125
21|2.1|636147898707478488|89612b|49377.5078125|13.6087560532294|100.739049821638||||49377.4921875|26.75|2650||||89612b|ETD401|X|X|0|0|7||||132|5|132|5|[]|636148141775080000|13:42:57:508
21|2.1|636147898748352575|89612b|49381.59375|13.6051297066445|100.738084226394||||49381.5859375|28|2800||||89612b|ETD401|X|X|0|0|7||||132|5|132|5|[]|636148141815940000|13:43:01:594
21|2.1|636147898790936833|89612b|49385.84375|13.6015248177317|100.737097173477||||49385.8359375|29.25|2925||||89612b|ETD401|X|X||0|7||||132|5|132|5|[]|636148141858440000|13:43:05:844
21|2.1|636147898833991138|89612b|49390.1484375|13.5978984711468|100.736153035905||||49390.1328125|30.25|3025||||89612b|ETD401|X|X||0|7||||132|5|132|5|[]|636148141901480000|13:43:10:148
21|2.1|636147898873935132|89612b|49394.15625|13.5942077515456|100.735165982988||||49394.1484375|30.75|3075||||89612b|ETD401|X|X||0|7||||132|5|132|5|[]|636148141941560000|13:43:14:156
21|2.1|636147898919489687|89612b|49398.703125|13.5903239128955|100.733921438006||||49398.6953125|31.5|3175||||89612b|ETD401|X|X||0|7||||132|5|132|5|[]|636148141987030000|13:43:18:703
21|2.1|636147898963484086|89612b|49403.109375|13.5864615319175|100.732355027943||||49403.09375|32.5|3250||||89612b|ETD401|X|X|0|0|7||||132|5|132|5|[]|636148142031090000|13:43:23:109
21|2.1|636147899008408578|89612b|49407.59375|13.5826849816279|100.730273633749||||49407.5859375|33.75|3400||||89612b|ETD401|X|X||0|7||||132|5|132|5|[]|636148142075940000|13:43:27:594
21|2.1|636147899051152852|89612b|49411.8671875|13.5794663308129|100.727999120507||||49411.859375|35.25|3550||||89612b|ETD401|X|X||0|7||||132|5|132|5|[]|636148142118670000|13:43:31:867
21|2.1|636147899094837220|89612b|49416.25|13.5763120530142|100.725252538478||||49416.234375|36.25|3650||||89612b|ETD401|X|X||0|7||||132|5|132|5|[]|636148142162500000|13:43:36:250
21|2.1|636147899185166252|89612b|49425.2734375|13.5700249550889|100.719051271241||||49425.265625|37.25|3750||||89612b|ETD401|X|X|0|0|7||||132|5|132|5|[]|636148142252730000|13:43:45:273
21|2.1|636147899228840619|89612b|49429.6328125|13.5668492196181|100.715811162754||||49429.625|37.5|3800||||89612b|ETD401|X|X|0|0|7||||132|5|132|5|[]|636148142296330000|13:43:49:633
21|2.1|636147899269094644|89612b|49433.6640625|13.5639738915567|100.712828546332||||49433.65625|37.75|3825||||89612b|ETD401|X|X|0|0|7||||132|5|132|5|[]|636148142336640000|13:43:53:664
21|2.1|636147899312468981|89612b|49438|13.5607123253975|100.709395318796||||49437.984375|38|3850||||89612b|ETD401|X|X|0|0|7||||132|5|132|5|[]|636148142380000000|13:43:58:000
21|2.1|636147899356303364|89612b|49442.3828125|13.5573649285499|100.705897718244||||49442.375|38.5|3900||||89612b|ETD401|X|X|0|0|7||||132|5|132|5|[]|636148142423830000|13:44:02:383
21|2.1|636147899400447778|89612b|49446.796875|13.553953158686|100.702314287003||||49446.7890625|39|3950||||89612b|ETD401|X|X|0|0|7||||132|5|132|5|[]|636148142467970000|13:44:06:797
21|2.1|636147899442892022|89612b|49451.046875|13.5506701348547|100.698838144123||||49451.0390625|39.5|4000||||89612b|ETD401|X|X|0|0|7||||132|5|132|5|[]|636148142510470000|13:44:11:047
21|2.1|636147899486256358|89612b|49455.3828125|13.5471939919745|100.695104509177||||49455.375|40.5|4125||||89612b|ETD401|X|X|0|0|7||||132|5|132|5|[]|636148142553830000|13:44:15:383
21|2.1|636147899528690601|89612b|49459.6171875|13.5437607644385|100.691521077937||||49459.609375|41.25|4175||||89612b|ETD401|X|X|0|0|7||||132|5|132|5|[]|636148142596170000|13:44:19:617
21|2.1|636147899568784610|89612b|49463.6328125|13.5404991982793|100.688109308073||||49463.625|42.25|4300||||89612b|ETD401|X|X|0|0|7||||132|5|132|5|[]|636148142636330000|13:44:23:633
21|2.1|636147899613869118|89612b|49468.1328125|13.5368728516944|100.684246927095||||49468.125|43|4375||||89612b|ETD401|X|X|0|0|7||||132|5|132|5|[]|636148142681330000|13:44:28:133
21|2.1|636147899654423173|89612b|49472.1953125|13.5335469125189|100.6803201731||||49472.1875|43.75|4475||||89612b|ETD401|X|X|0|0|7||||132|5|132|5|[]|636148142721950000|13:44:32:195
21|2.1|636147899698267557|89612b|49476.578125|13.5304784654086|100.675814061959||||49476.5703125|45.25|4600||||89612b|ETD401|X|X|0|0|7||||132|5|132|5|[]|636148142765780000|13:44:36:578
21|2.1|636147899738981628|89612b|49480.65625|13.5282468675102|100.671372323835||||49480.6484375|46.5|4750||||89612b|ETD401|X|X|0|0|7||||132|5|132|5|[]|636148142806560000|13:44:40:656
21|2.1|636147899781885918|89612b|49484.9453125|13.5264015077096|100.66641560158||||49484.9375|47.5|4850||||89612b|ETD401|X|X|0|0|7||||132|5|132|5|[]|636148142849450000|13:44:44:945
21|2.1|636147899827590488|89612b|49489.515625|13.5250496743673|100.660664945457||||49489.5078125|48.5|4975||||89612b|ETD401|X|X|0|0|7||||132|5|132|5|[]|636148142895160000|13:44:49:516
21|2.1|636147899871274856|89612b|49493.875|13.5245776055811|100.655043035367||||49493.8671875|49.5|5075||||89612b|ETD401|X|X|0|0|7||||132|5|132|5|[]|636148142938750000|13:44:53:875
21|2.1|636147899919949723|89612b|49498.7578125|13.5250925897115|100.648820310458||||49498.75|51.25|5275||||89612b|ETD401|X|X|0|0|7||||132|5|132|5|[]|636148142987580000|13:44:58:758
21|2.1|636147899967374465|89612b|49503.5|13.526272761677|100.642726331581||||49503.484375|53.25|5475||||89612b|ETD401|X|X|0|0|7||||132|5|132|5|[]|636148143035000000|13:45:03:500
21|2.1|636147900009338661|89612b|49507.6875|13.5275173066588|100.637361913556||||49507.6796875|54.5|5625||||89612b|ETD401|X|X||0|7||||132|5|132|5|[]|636148143076880000|13:45:07:688
21|2.1|636147900052082935|89612b|49511.96875|13.5289120553453|100.63178291881||||49511.953125|55.5|5700||||89612b|ETD401|X|X|0|0|7||||132|5|132|5|[]|636148143119690000|13:45:11:969
21|2.1|636147900095457272|89612b|49516.296875|13.5303068040318|100.626375585441||||49516.2890625|56.5|5825||||89612b|ETD401|X|X|0|0|7||||132|5|132|5|[]|636148143162970000|13:45:16:297
21|2.1|636147900139291655|89612b|49520.6796875|13.5318088410788|100.62064638699||||49520.6640625|57.5|5925||||89612b|ETD401|X|X|0|0|7||||132|5|132|5|[]|636148143206800000|13:45:20:680
21|2.1|636147900182195945|89612b|49524.96875|13.5333323357979|100.614874273195||||49524.953125|58.75|6050||||89612b|ETD401|X|X|0|0|7||||132|5|132|5|[]|636148143249690000|13:45:24:969
21|2.1|636147900227910516|89612b|49529.546875|13.5348343728449|100.6091021594||||49529.5390625|60.5|6250||||89612b|ETD401|X|X||0|7||||132|5|132|5|[]|636148143295470000|13:45:29:547
21|2.1|636147900268314556|89612b|49533.5859375|13.5365080712687|100.603694826031||||49533.578125|61.75|6350||||89612b|ETD401|X|X|0|0|7||||132|5|132|5|[]|636148143335860000|13:45:33:586
21|2.1|636147900311378862|89612b|49537.8984375|13.5386323808066|100.598394781023||||49537.890625|63.25|6525||||89612b|ETD401|X|X||0|7||||132|5|132|5|[]|636148143378980000|13:45:37:898
21|2.1|636147900353803104|89612b|49542.1328125|13.5413575051633|100.593373685751||||49542.125|64.75|6700||||89612b|ETD401|X|X||0|7||||132|5|132|5|[]|636148143421330000|13:45:42:133
21|2.1|636147900396697393|89612b|49546.4140625|13.5449838517482|100.588652997889||||49546.40625|66|6825||||89612b|ETD401|X|X|0|0|7||||132|5|132|5|[]|636148143464140000|13:45:46:414
21|2.1|636147900437881511|89612b|49550.5390625|13.5487389443657|100.584747701567||||49550.5234375|67.5|7000||||89612b|ETD401|X|X|0|0|7||||132|5|132|5|[]|636148143505390000|13:45:50:539
21|2.1|636147900480945817|89612b|49554.84375|13.5533523438672|100.580992608949||||49554.8359375|69|7150||||89612b|ETD401|X|X|0|0|7||||132|5|132|5|[]|636148143548440000|13:45:54:844
21|2.1|636147900521189841|89612b|49558.8671875|13.5579228280245|100.578052907872||||49558.859375|70.25|7300||||89612b|ETD401|X|X|0|0|7||||132|5|132|5|[]|636148143588670000|13:45:58:867
21|2.1|636147900562693991|89612b|49563.0234375|13.5629868386401|100.575563817908||||49563.015625|71.5|7400||||89612b|ETD401|X|X|0|0|7||||132|5|132|5|[]|636148143630230000|13:46:03:023
21|2.1|636147900604968218|89612b|49567.25|13.5683083413209|100.573718458108||||49567.234375|73|7575||||89612b|ETD401|X|X|0|0|7||||132|5|132|5|[]|636148143672500000|13:46:07:250
21|2.1|636147900645062227|89612b|49571.265625|13.5735654709854|100.572559743814||||49571.2578125|74.5|7750||||89612b|ETD401|X|X|0|0|7||||132|5|132|5|[]|636148143712660000|13:46:11:266
21|2.1|636147900688736594|89612b|49575.625|13.5794234154687|100.571937471323||||49575.6171875|75.75|7875||||89612b|ETD401|X|X|0|0|7||||132|5|132|5|[]|636148143756250000|13:46:15:625
21|2.1|636147900731800900|89612b|49579.9140625|13.5850882409031|100.571873098307||||49579.90625|77.5|8025||||89612b|ETD401|X|X|0|0|7||||132|5|132|5|[]|636148143799140000|13:46:19:914
21|2.1|636147900771584878|89612b|49583.9140625|13.5904526589281|100.572023302012||||49583.90625|79|8200||||89612b|ETD401|X|X|0|0|7||||132|5|132|5|[]|636148143839140000|13:46:23:914
21|2.1|636147900815109230|89612b|49588.2578125|13.5963964340998|100.572152048044||||49588.25|80.5|8350||||89612b|ETD401|X|X|0|0|7||||132|5|132|5|[]|636148143882580000|13:46:28:258
21|2.1|636147900859253644|89612b|49592.6796875|13.6023187515994|100.572259336405||||49592.671875|82.25|8550||||89612b|ETD401|X|X|0|0|7||||132|5|132|5|[]|636148143926800000|13:46:32:680
21|2.1|636147900901067825|89612b|49596.8671875|13.6079621193617|100.572366624765||||49596.859375|83.5|8675||||89612b|ETD401|X|X|0|0|7||||132|5|132|5|[]|636148143968670000|13:46:36:867
21|2.1|636147900952082926|89612b|49601.953125|13.6147212860732|100.572452455454||||49601.9453125|85.25|8875||||89612b|ETD401|X|X|0|0|7||||132|5|132|5|[]|636148144019530000|13:46:41:953
21|2.1|636147900995607278|89612b|49606.3203125|13.6206650612449|100.572581201486||||49606.3046875|86.5|9000||||89612b|ETD401|X|X|0|0|7||||132|5|132|5|[]|636148144063200000|13:46:46:320
21|2.1|636147901038821599|89612b|49610.625|13.6266732094329|100.572774320535||||49610.6171875|87.75|9125||||89612b|ETD401|X|X|0|0|7||||132|5|132|5|[]|636148144106250000|13:46:50:625
21|2.1|636147901080005717|89612b|49614.75|13.6321020004742|100.573010354928||||49614.734375|89|9250||||89612b|ETD401|X|X|0|0|7||||132|5|132|5|[]|636148144147500000|13:46:54:750
21|2.1|636147901124630179|89612b|49619.21875|13.6383676407274|100.573289304666||||49619.2109375|90.5|9425||||89612b|ETD401|X|X|0|0|7||||132|5|132|5|[]|636148144192190000|13:46:59:219
21|2.1|636147901165654281|89612b|49623.3203125|13.643860804785|100.573525339059||||49623.3046875|91.75|9575||||89612b|ETD401|X|X|0|0|7||||132|5|132|5|[]|636148144233200000|13:47:03:320
21|2.1|636147901209018617|89612b|49627.6484375|13.649868952973|100.573761373452||||49627.640625|93.25|9725||||89612b|ETD401|X|X|0|0|7||||132|5|132|5|[]|636148144276480000|13:47:07:648
21|2.1|636147901255823297|89612b|49632.3359375|13.6561989662425|100.574061780861||||49632.328125|94.75|9875||||89612b|ETD401|X|X|0|0|7||||132|5|132|5|[]|636148144323360000|13:47:12:336
21|2.1|636147901299817696|89612b|49636.7265625|13.6621856567584|100.574340730598||||49636.71875|96.25|10000||||89612b|ETD401|X|X|0|0|7||||132|5|132|5|[]|636148144367270000|13:47:16:727
21|2.1|636147901351302844|89612b|49641.875|13.6693739769119|100.574619680336||||49641.8671875|97.75|10200||||89612b|ETD401|X|X||0|7||||132|5|132|5|[]|636148144418750000|13:47:21:875
21|2.1|636147901399817695|89612b|49646.7265625|13.6759614822466|100.574855714729||||49646.71875|99.25|10350||||89612b|ETD401|X|X|0|0|7||||132|5|132|5|[]|636148144467270000|13:47:26:727
21|2.1|636147901440061719|89612b|49650.7578125|13.6814975616484|100.575048833778||||49650.75|100.5|10475||||89612b|ETD401|X|X||0|7||||132|5|132|5|[]|636148144507580000|13:47:30:758
21|2.1|636147901501217834|89612b|49656.875|13.6901235458326|100.575349241187||||49656.8671875|102|10650||||89612b|ETD401|X|X|0|0|7||||132|5|132|5|[]|636148144568750000|13:47:36:875
21|2.1|636147901546302342|89612b|49661.390625|13.6965608474626|100.575563817908||||49661.3828125|103.25|10750||||89612b|ETD401|X|X|0|0|7||||132|5|132|5|[]|636148144613910000|13:47:41:391
21|2.1|636147901587796491|89612b|49665.5234375|13.7022042152249|100.575756936957||||49665.515625|104.5|10900||||89612b|ETD401|X|X|0|0|7||||132|5|132|5|[]|636148144655230000|13:47:45:523
21|2.1|636147901627900501|89612b|49669.546875|13.7078690406593|100.575950056006||||49669.5390625|105|10975||||89612b|ETD401|X|X|0|0|7||||132|5|132|5|[]|636148144695470000|13:47:49:547
21|2.1|636147901668304541|89612b|49673.5859375|13.7139201041915|100.576121717383||||49673.578125|105.5|11000||||89612b|ETD401|X|X||0|7||||132|5|132|5|[]|636148144735860000|13:47:53:586
21|2.1|636147901710268737|89612b|49677.78125|13.7199926253958|100.576336294104||||49677.765625|106.25|11100||||89612b|ETD401|X|X|0|0|7||||132|5|132|5|[]|636148144777810000|13:47:57:781
21|2.1|636147901754103120|89612b|49682.15625|13.7265372153863|100.576529413153||||49682.1484375|106.75|11150||||89612b|ETD401|X|X|0|0|7||||132|5|132|5|[]|636148144821560000|13:48:02:156
21|2.1|636147901802317941|89612b|49686.984375|13.7336826201956|100.576701074529||||49686.9765625|107.5|11225||||89612b|ETD401|X|X|0|0|7||||132|5|132|5|[]|636148144869840000|13:48:06:984
21|2.1|636147901843032012|89612b|49691.046875|13.739776599072|100.576894193578||||49691.0390625|108.25|11300||||89612b|ETD401|X|X|0|0|7||||132|5|132|5|[]|636148144910470000|13:48:11:047
21|2.1|636147901883896098|89612b|49695.140625|13.7459134932926|100.577087312627||||49695.1328125|108.75|11350||||89612b|ETD401|X|X|0|0|7||||132|5|132|5|[]|636148144951410000|13:48:15:141
21|2.1|636147901926330341|89612b|49699.375|13.7527370330204|100.577237516332||||49699.3671875|109.5|11425||||89612b|ETD401|X|X|0|0|7||||132|5|132|5|[]|636148144993750000|13:48:19:375
21|2.1|636147901972504958|89612b|49704|13.759946810846|100.577430635381||||49703.9921875|110.25|11525||||89612b|ETD401|X|X|0|0|7||||132|5|132|5|[]|636148145040000000|13:48:24:000
21|2.1|636147902019319639|89612b|49708.6875|13.7672853347042|100.577602296758||||49708.6796875|111|11600||||89612b|ETD401|X|X|0|0|7||||132|5|132|5|[]|636148145086880000|13:48:28:688
21|2.1|636147902060183725|89612b|49712.78125|13.7740659590878|100.577752500462||||49712.7734375|111.75|11675||||89612b|ETD401|X|X||0|7||||132|5|132|5|[]|636148145127810000|13:48:32:781
21|2.1|636147902103088015|89612b|49717.0703125|13.7808894988156|100.577838331151||||49717.0625|112.5|11775||||89612b|ETD401|X|X||0|7||||132|5|132|5|[]|636148145170700000|13:48:37:070
21|2.1|636147902143652071|89612b|49721.1171875|13.7874770041503|100.577516466069||||49721.109375|113|11825||||89612b|ETD401|X|X|0|0|7||||132|5|132|5|[]|636148145211170000|13:48:41:117
21|2.1|636147902185926298|89612b|49725.3515625|13.7943649168944|100.576465040136||||49725.3359375|113.75|11900||||89612b|ETD401|X|X|0|0|7||||132|5|132|5|[]|636148145253520000|13:48:45:352
21|2.1|636147902230850790|89612b|49729.8359375|13.8018107291131|100.574383645943||||49729.828125|114.5|12000||||89612b|ETD401|X|X||0|7||||132|5|132|5|[]|636148145298360000|13:48:49:836
21|2.1|636147902271424847|89612b|49733.8984375|13.8081192847105|100.571873098307||||49733.890625|115.25|12075||||89612b|ETD401|X|X|0|0|7||||132|5|132|5|[]|636148145338980000|13:48:53:898
21|2.1|636147902313849089|89612b|49738.140625|13.8144707556521|100.568504243787||||49738.1328125|116|12150||||89612b|ETD401|X|X||0|7||||132|5|132|5|[]|636148145381410000|13:48:58:141
21|2.1|636147902358153519|89612b|49742.5703125|13.8211226340031|100.564169794023||||49742.5625|116.75|12250||||89612b|ETD401|X|X||0|7||||132|5|132|5|[]|636148145425700000|13:49:02:570
21|2.1|636147902402767980|89612b|49747.03125|13.8271736975353|100.559320360128||||49747.0234375|117.5|12300||||89612b|ETD401|X|X|0|0|7||||132|5|132|5|[]|636148145470310000|13:49:07:031
21|2.1|636147902445992302|89612b|49751.3515625|13.8324952002161|100.554149061152||||49751.34375|118.5|12400||||89612b|ETD401|X|X||0|7||||132|5|132|5|[]|636148145513520000|13:49:11:352
21|2.1|636147902494197122|89612b|49756.1796875|13.8383316870273|100.547346979097||||49756.171875|119.5|12500||||89612b|ETD401|X|X|0|0|7||||132|5|132|5|[]|636148145561800000|13:49:16:180
21|2.1|636147902538501552|89612b|49760.6015625|13.8429021711846|100.540866762122||||49760.59375|120.5|12625||||89612b|ETD401|X|X|0|0|7||||132|5|132|5|[]|636148145606020000|13:49:20:602
21|2.1|636147902579995701|89612b|49764.7578125|13.8466143484579|100.534515291181||||49764.75|121.5|12750||||89612b|ETD401|X|X||0|7||||132|5|132|5|[]|636148145647580000|13:49:24:758
21|2.1|636147902623530054|89612b|49769.109375|13.8500904913381|100.527219682667||||49769.1015625|122.75|12875||||89612b|ETD401|X|X||0|7||||132|5|132|5|[]|636148145691090000|13:49:29:109
21|2.1|636147902666734374|89612b|49773.4296875|13.8528799887111|100.519559293727||||49773.421875|124|13000||||89612b|ETD401|X|X||0|7||||132|5|132|5|[]|636148145734300000|13:49:33:430
21|2.1|636147902707138414|89612b|49777.46875|13.8548540945443|100.512392431246||||49777.4609375|125.5|13150||||89612b|ETD401|X|X||0|7||||132|5|132|5|[]|636148145774690000|13:49:37:469
21|2.1|636147902752222922|89612b|49781.9453125|13.8564205046076|100.504302888864||||49781.9375|127.5|13375||||89612b|ETD401|X|X|0|0|7||||132|5|132|5|[]|636148145819450000|13:49:41:945
21|2.1|636147902792156915|89612b|49785.96875|13.8575363035568|100.496578126908||||49785.9609375|129|13525||||89612b|ETD401|X|X||0|7||||132|5|132|5|[]|636148145859690000|13:49:45:969
21|2.1|636147902840841783|89612b|49790.828125|13.8587808485386|100.487651735314||||49790.8203125|131.25|13775||||89612b|ETD401|X|X|0|0|7||||132|5|132|5|[]|636148145908280000|13:49:50:828
21|2.1|636147902884366135|89612b|49795.1875|13.8599610205041|100.479454904572||||49795.1796875|133|13950||||89612b|ETD401|X|X|0|0|7||||132|5|132|5|[]|636148145951880000|13:49:55:188
21|2.1|636147902928820580|89612b|49799.640625|13.8611197347975|100.471279531502||||49799.6328125|134.75|14150||||89612b|ETD401|X|X|0|0|7||||132|5|132|5|[]|636148145996410000|13:49:59:641
21|2.1|636147902970784776|89612b|49803.828125|13.8621926184025|100.463426023514||||49803.8203125|136.5|14325||||89612b|ETD401|X|X|0|0|7||||132|5|132|5|[]|636148146038280000|13:50:03:828
21|2.1|636147903013539051|89612b|49808.109375|13.8632011289912|100.455508142509||||49808.1015625|138|14475||||89612b|ETD401|X|X|0|0|7||||132|5|132|5|[]|636148146081090000|13:50:08:109
21|2.1|636147903054253122|89612b|49812.15625|13.8642954702683|100.447611719176||||49812.1484375|139.5|14625||||89612b|ETD401|X|X|0|0|7||||132|5|132|5|[]|636148146121560000|13:50:12:156
21|2.1|636147903098087505|89612b|49816.5546875|13.865303980857|100.439672380499||||49816.5546875|141|14800||||89612b|ETD401|X|X|0|0|7||||132|5|132|5|[]|636148146165550000|13:50:16:555
21|2.1|636147903140521748|89612b|49820.8046875|13.866376864462|100.431325346052||||49820.8046875|142.5|15000||||89612b|ETD401|X|X|0|0|7||||132|5|132|5|[]|636148146208050000|13:50:20:805
21|2.1|636147903184986194|89612b|49825.25|13.867449748067|100.422935396261||||49825.2421875|144.25|15150||||89612b|ETD401|X|X|0|0|7||||132|5|132|5|[]|636148146252500000|13:50:25:250
21|2.1|636147903228820577|89612b|49829.625|13.868522631672|100.414566904142||||49829.625|146|15350||||89612b|ETD401|X|X|0|0|7||||132|5|132|5|[]|636148146296250000|13:50:29:625
21|2.1|636147903280615756|89612b|49834.8046875|13.8697671766538|100.404589086615||||49834.8046875|147.75|15550||||89612b|ETD401|X|X|0|0|7||||132|5|132|5|[]|636148146348050000|13:50:34:805
21|2.1|636147903321959890|89612b|49838.9375|13.8707542295704|100.396928697676||||49838.9296875|149.25|15700||||89612b|ETD401|X|X|0|0|7||||132|5|132|5|[]|636148146389380000|13:50:38:938
21|2.1|636147903361893883|89612b|49842.9375|13.8717198248149|100.38920393572||||49842.9296875|150.75|15875||||89612b|ETD401|X|X|0|0|7||||132|5|132|5|[]|636148146429380000|13:50:42:938
21|2.1|636147903403078001|89612b|49847.0546875|13.8727497930757|100.381092935666||||49847.0546875|152.25|16000||||89612b|ETD401|X|X|0|0|7||||132|5|132|5|[]|636148146470550000|13:50:47:055
21|2.1|636147903446922385|89612b|49851.4375|13.8738655920249|100.37255278217||||49851.4296875|153.75|16200||||89612b|ETD401|X|X|0|0|7||||132|5|132|5|[]|636148146514380000|13:50:51:438
21|2.1|636147903489036596|89612b|49855.6484375|13.8748955602857|100.364441782116||||49855.640625|155.5|16375||||89612b|ETD401|X|X||0|7||||132|5|132|5|[]|636148146556480000|13:50:55:648
21|2.1|636147903534591151|89612b|49860.2109375|13.8760542745791|100.355515390523||||49860.203125|157|16525||||89612b|ETD401|X|X|0|0|7||||132|5|132|5|[]|636148146602110000|13:51:00:211
21|2.1|636147903578115503|89612b|49864.5625|13.8770842428399|100.347340017453||||49864.5546875|158.5|16725||||89612b|ETD401|X|X|0|0|7||||132|5|132|5|[]|636148146645630000|13:51:04:563
21|2.1|636147903618519543|89612b|49868.6015625|13.8781571264449|100.339121729038||||49868.59375|159.75|16850||||89612b|ETD401|X|X|0|0|7||||132|5|132|5|[]|636148146686020000|13:51:08:602
21|2.1|636147903660493740|89612b|49872.796875|13.8792300100499|100.33086052528||||49872.7890625|161|16975||||89612b|ETD401|X|X||0|7||||132|5|132|5|[]|636148146727970000|13:51:12:797
21|2.1|636147903703228013|89612b|49877.0703125|13.8802599783107|100.322599321521||||49877.0625|162.25|17125||||89612b|ETD401|X|X||0|7||||132|5|132|5|[]|636148146770700000|13:51:17:070
21|2.1|636147903746762366|89612b|49881.421875|13.8814186926041|100.313930421993||||49881.4140625|164|17275||||89612b|ETD401|X|X||0|7||||132|5|132|5|[]|636148146814220000|13:51:21:422
21|2.1|636147903790436733|89612b|49885.7890625|13.8825559492254|100.305261522464||||49885.78125|165.5|17475||||89612b|ETD401|X|X||0|7||||132|5|132|5|[]|636148146857890000|13:51:25:789
21|2.1|636147903831160805|89612b|49889.859375|13.8836073751583|100.297365099132||||49889.8515625|167|17625||||89612b|ETD401|X|X|0|0|7||||132|5|132|5|[]|636148146898590000|13:51:29:859
21|2.1|636147903871254814|89612b|49893.875|13.8846588010912|100.289404302783||||49893.875|168.5|17775||||89612b|ETD401|X|X|0|0|7||||132|5|132|5|[]|636148146938750000|13:51:33:875
21|2.1|636147903911498838|89612b|49897.8984375|13.8857531423683|100.28150787945||||49897.890625|169.75|17925||||89612b|ETD401|X|X|0|0|7||||132|5|132|5|[]|636148146978980000|13:51:37:898
21|2.1|636147903953623050|89612b|49902.1171875|13.8868689413175|100.273139387331||||49902.109375|171.25|18075||||89612b|ETD401|X|X|0|0|7||||132|5|132|5|[]|636148147021170000|13:51:42:117
21|2.1|636147903997457433|89612b|49906.5|13.8880705709551|100.264406114786||||49906.4921875|172.75|18225||||89612b|ETD401|X|X|0|0|7||||132|5|132|5|[]|636148147065000000|13:51:46:500
21|2.1|636147904042231910|89612b|49910.9765625|13.8892722005927|100.255222231127||||49910.96875|174.5|18425||||89612b|ETD401|X|X|0|0|7||||132|5|132|5|[]|636148147109770000|13:51:50:977
21|2.1|636147904082335920|89612b|49914.9921875|13.8903879995419|100.247218519434||||49914.984375|176|18600||||89612b|ETD401|X|X|0|0|7||||132|5|132|5|[]|636148147149920000|13:51:54:992
21|2.1|636147904127570443|89612b|49919.5|13.8915681715074|100.238442331545||||49919.4921875|177.5|18775||||89612b|ETD401|X|X|0|0|7||||132|5|132|5|[]|636148147195000000|13:51:59:500
21|2.1|636147904174365122|89612b|49924.1875|13.8928556318334|100.228829294444||||49924.1796875|179.25|18925||||89612b|ETD401|X|X|0|0|7||||132|5|132|5|[]|636148147241880000|13:52:04:188
21|2.1|636147904217429428|89612b|49928.5|13.8940358037989|100.220374971637||||49928.4921875|180.5|19075||||89612b|ETD401|X|X|0|0|7||||132|5|132|5|[]|636148147285000000|13:52:08:500
21|2.1|636147904266414326|89612b|49933.390625|13.8953661794691|100.210332781094||||49933.3828125|181.75|19200||||89612b|ETD401|X|X|0|0|7||||132|5|132|5|[]|636148147333910000|13:52:13:391
21|2.1|636147904311338818|89612b|49937.875|13.8966107244509|100.201427847173||||49937.875|183|19350||||89612b|ETD401|X|X|0|0|7||||132|5|132|5|[]|636148147378750000|13:52:17:875
21|2.1|636147904353933077|89612b|49942.140625|13.8977479810722|100.192844778333||||49942.1328125|184|19450||||89612b|ETD401|X|X|0|0|7||||132|5|132|5|[]|636148147421410000|13:52:22:141
21|2.1|636147904396057289|89612b|49946.3515625|13.8989496107098|100.184326082509||||49946.34375|185|19550||||89612b|ETD401|X|X|0|0|7||||132|5|132|5|[]|636148147463520000|13:52:26:352
21|2.1|636147904440671750|89612b|49950.8125|13.9002156133637|100.174884706785||||49950.8046875|186.5|19725||||89612b|ETD401|X|X|0|0|7||||132|5|132|5|[]|636148147508130000|13:52:30:813
21|2.1|636147904483726055|89612b|49955.1171875|13.9014172430013|100.166280180273||||49955.109375|188|19875||||89612b|ETD401|X|X|0|0|7||||132|5|132|5|[]|636148147551170000|13:52:35:117
21|2.1|636147904528660548|89612b|49959.6171875|13.9027261609994|100.156860262221||||49959.609375|189.5|20050||||89612b|ETD401|X|X|0|0|7||||132|5|132|5|[]|636148147596170000|13:52:39:617
21|2.1|636147904571864868|89612b|49963.9375|13.9038848752928|100.148234278037||||49963.9296875|191|20200||||89612b|ETD401|X|X|0|0|7||||132|5|132|5|[]|636148147639380000|13:52:43:938
21|2.1|636147904614459127|89612b|49968.1875|13.9051723356188|100.139157682738||||49968.1796875|192.5|20350||||89612b|ETD401|X|X|0|0|7||||132|5|132|5|[]|636148147681880000|13:52:48:188
21|2.1|636147904655643245|89612b|49972.3125|13.9062666768959|100.130917936652||||49972.3046875|193.75|20525||||89612b|ETD401|X|X|0|0|7||||132|5|132|5|[]|636148147723130000|13:52:52:313
21|2.1|636147904699017582|89612b|49976.6484375|13.9075541372219|100.121819883682||||49976.640625|195|20650||||89612b|ETD401|X|X|0|0|7||||132|5|132|5|[]|636148147766480000|13:52:56:648
21|2.1|636147904743632043|89612b|49981.109375|13.9087772245316|100.112678915367||||49981.1015625|196.25|20775||||89612b|ETD401|X|X|0|0|7||||132|5|132|5|[]|636148147811090000|13:53:01:109
21|2.1|636147904786066286|89612b|49985.3515625|13.9100003118413|100.103945642822||||49985.34375|197.5|20925||||89612b|ETD401|X|X|0|0|7||||132|5|132|5|[]|636148147853520000|13:53:05:352
21|2.1|636147904830060685|89612b|49989.75|13.9113950605278|100.094847589852||||49989.7421875|198.75|21050||||89612b|ETD401|X|X|0|0|7||||132|5|132|5|[]|636148147897500000|13:53:09:750
21|2.1|636147904871554834|89612b|49993.8984375|13.9130473012795|100.086114317307||||49993.890625|199.75|21150||||89612b|ETD401|X|X|0|0|7||||132|5|132|5|[]|636148147938980000|13:53:13:898
21|2.1|636147904912898968|89612b|49998|13.9150643224569|100.077445417779||||49997.9921875|200.75|21250||||89612b|ETD401|X|X|0|0|7||||132|5|132|5|[]|636148147980000000|13:53:18:000
21|2.1|636147904956733351|89612b|50002.421875|13.9176392431089|100.068497568513||||50002.4140625|201.75|21375||||89612b|ETD401|X|X|0|0|7||||132|5|132|5|[]|636148148024220000|13:53:22:422
21|2.1|636147905001357813|89612b|50006.8828125|13.9205145711703|100.059614092264||||50006.875|203|21500||||89612b|ETD401|X|X|0|0|7||||132|5|132|5|[]|636148148068830000|13:53:26:883
21|2.1|636147905044562133|89612b|50011.1953125|13.9237332219853|100.050794989031||||50011.1953125|204.25|21625||||89612b|ETD401|X|X|0|0|7||||132|5|132|5|[]|636148148111950000|13:53:31:195
21|2.1|636147905084976174|89612b|50015.2421875|13.9268016690956|100.042855650354||||50015.234375|205.5|21750||||89612b|ETD401|X|X|0|0|7||||132|5|132|5|[]|636148148152420000|13:53:35:242
21|2.1|636147905134581134|89612b|50020.2109375|13.9307069654178|100.032942205843||||50020.203125|206.75|21900||||89612b|ETD401|X|X||0|7||||132|5|132|5|[]|636148148202110000|13:53:40:211
21|2.1|636147905177955471|89612b|50024.546875|13.9340543622654|100.024552256052||||50024.546875|208|22025||||89612b|ETD401|X|X||0|7||||132|5|132|5|[]|636148148245470000|13:53:44:547
21|2.1|636147905218359511|89612b|50028.5859375|13.937401759113|100.016162306261||||50028.5859375|208.75|22125||||89612b|ETD401|X|X||0|7||||132|5|132|5|[]|636148148285860000|13:53:48:586
21|2.1|636147905263294004|89612b|50033.0703125|13.9409208173374|100.0073646607||||50033.0625|210|22275||||89612b|ETD401|X|X||0|7||||132|5|132|5|[]|636148148330700000|13:53:53:070
21|2.1|636147905307898464|89612b|50037.5390625|13.944482790906|99.998545557467||||50037.53125|211.25|22375||||89612b|ETD401|X|X|0|0|7||||132|5|132|5|[]|636148148375390000|13:53:57:539
21|2.1|636147905351432817|89612b|50041.890625|13.9480233068025|99.9897049965618||||50041.8828125|212.25|22525||||89612b|ETD401|X|X|0|0|7||||132|5|132|5|[]|636148148418910000|13:54:01:891
21|2.1|636147905394647138|89612b|50046.2109375|13.9515852803711|99.9808429779845||||50046.203125|213.5|22650||||89612b|ETD401|X|X|0|0|7||||132|5|132|5|[]|636148148462110000|13:54:06:211
21|2.1|636147905436611334|89612b|50050.40625|13.9549541348908|99.972367197505||||50050.40625|214.75|22775||||89612b|ETD401|X|X||0|7||||132|5|132|5|[]|636148148504060000|13:54:10:406
21|2.1|636147905479825655|89612b|50054.7265625|13.9583659047547|99.9638914170255||||50054.7265625|216|22925||||89612b|ETD401|X|X||0|7||||132|5|132|5|[]|636148148547270000|13:54:14:727
21|2.1|636147905523500022|89612b|50059.0859375|13.9618849629791|99.954986483104||||50059.0859375|217.25|23050||||89612b|ETD401|X|X||0|7||||132|5|132|5|[]|636148148590860000|13:54:19:086
21|2.1|636147905574685140|89612b|50064.2109375|13.9660906667107|99.9444293084308||||50064.203125|218.75|23200||||89612b|ETD401|X|X|0|0|7||||132|5|132|5|[]|636148148642110000|13:54:24:211
21|2.1|636147905617569428|89612b|50068.4921875|13.9694809789025|99.9359320702792||||50068.484375|220.25|23375||||89612b|ETD401|X|X|0|0|7||||132|5|132|5|[]|636148148684920000|13:54:28:492
21|2.1|636147905659383609|89612b|50072.6875|13.9728712910943|99.9273704591113||||50072.6875|221.5|23525||||89612b|ETD401|X|X|0|0|7||||132|5|132|5|[]|636148148726880000|13:54:32:688
21|2.1|636147905699947665|89612b|50076.7421875|13.9761113995814|99.9192380013854||||50076.734375|222.75|23650||||89612b|ETD401|X|X|0|0|7||||132|5|132|5|[]|636148148767420000|13:54:36:742
21|2.1|636147909194777113|89612b|50426.21875|14.1966748110973|99.1419123718908||||50426.2109375|299.5|31950||||89612b|ETD401|X|X|0|0|7||||132|5|132|5|[]|636148152262190000|14:00:26:219
21|2.1|636147909236741309|89612b|50430.4140625|14.1982841365048|99.1319989273806||||50430.3984375|300|32025||||89612b|ETD401|X|X|0|0|7||||132|5|132|5|[]|636148152304140000|14:00:30:414
21|2.1|636147909277765411|89612b|50434.5078125|14.1997861735518|99.1225575516566||||50434.5078125|300|32025||||89612b|ETD401|X|X|0|0|7||||132|5|132|5|[]|636148152345080000|14:00:34:508
21|2.1|636147909319109545|89612b|50438.6484375|14.201331125943|99.1126870224906||||50438.6484375|300.25|32050||||89612b|ETD401|X|X|0|0|7||||132|5|132|5|[]|636148152386480000|14:00:38:648
21|2.1|636147909360763710|89612b|50442.8125|14.2028117053179|99.1027950356525||||50442.796875|300.25|32050||||89612b|ETD401|X|X|0|0|7||||132|5|132|5|[]|636148152428130000|14:00:42:813
21|2.1|636147909404758109|89612b|50447.21875|14.2042922846928|99.0924309800282||||50447.2109375|300.25|32050||||89612b|ETD401|X|X|0|0|7||||132|5|132|5|[]|636148152472190000|14:00:47:219
21|2.1|636147909453743007|89612b|50452.109375|14.2058801524282|99.0811657021757||||50452.109375|300|32025||||89612b|ETD401|X|X|0|0|7||||132|5|132|5|[]|636148152521090000|14:00:52:109
21|2.1|636147909494467079|89612b|50456.1875|14.2071890704263|99.0713380883539||||50456.1796875|300|32025||||89612b|ETD401|X|X|0|0|7||||132|5|132|5|[]|636148152561880000|14:00:56:188
21|2.1|636147909538611493|89612b|50460.6015625|14.208626734457|99.0610169480738||||50460.5859375|300|32025||||89612b|ETD401|X|X|0|0|7||||132|5|132|5|[]|636148152606020000|14:01:00:602
21|2.1|636147909584786110|89612b|50465.21875|14.2100214831435|99.0502666543517||||50465.2109375|300|32025||||89612b|ETD401|X|X|0|0|7||||132|5|132|5|[]|636148152652190000|14:01:05:219
21|2.1|636147909628790510|89612b|50469.625|14.2113304011416|99.0400098870879||||50469.609375|300|32025||||89612b|ETD401|X|X|0|0|7||||132|5|132|5|[]|636148152696250000|14:01:09:625
21|2.1|636147909670284659|89612b|50473.7734375|14.2125320307792|99.0306757997244||||50473.7578125|300|32025||||89612b|ETD401|X|X|0|0|7||||132|5|132|5|[]|636148152737730000|14:01:13:773
21|2.1|636147910789466566|89612b|50585.6953125|14.2322730891112|98.7692569805301||||50585.6796875|300|32025||||89612b|X|X|X||0|7||||132|5|132|5|[]|636148153856950000|14:03:05:695
21|2.1|636147911332200834|89612b|50639.9609375|14.2402982584766|98.6414121701583||||50639.953125|300|32025||||89612b|X|X|X||0|7||||132|5|132|5|[]|636148154399610000|14:03:59:961
21|2.1|636147911515199132|89612b|50658.25|14.243173586538|98.5976599767464||||50658.2421875|301.25|32150||||89612b|X|X|X||0|7||||132|5|132|5|[]|636148154582500000|14:04:18:250
21|2.1|636147911660603671|89612b|50672.78125|14.2454480997806|98.5627912595839||||50672.7734375|304|32425||||89612b|X|X|X||0|7||||132|5|132|5|[]|636148154727810000|14:04:32:781
21|2.1|636147911712228833|89612b|50677.9609375|14.2462420336483|98.5508178785521||||50677.953125|305.25|32575||||89612b|ETD401|X|X||0|7||||132|5|132|5|[]|636148154779610000|14:04:37:961
