21|2.1|636147897448202573|89619e|49251.5546875|8.2885408327554|96.8329810232424||||49251.546875|279.25|29775||||89619e|ETD431|X|X|0|0|7||||132|83|132|83|[]|636148140515550000|13:40:51:555
21|2.1|636147897489226675|89619e|49255.6640625|8.2928109095033|96.8258999914494||||49255.65625|279.75|29825||||89619e|ETD431|X|X|0|0|7||||132|83|132|83|[]|636148140556640000|13:40:55:664
21|2.1|636147897862864035|89619e|49293.0078125|8.3346748277704|96.7561196417802||||49293.0078125|286.25|30525||||89619e|ETD431|X|X||0|7||||132|83|132|83|[]|636148140930080000|13:41:33:008
21|2.1|636147897908578606|89619e|49297.6015625|8.3396744653697|96.7477511496612||||49297.59375|287|30600||||89619e|ETD431|X|X||0|7||||132|83|132|83|[]|636148140976020000|13:41:37:602
21|2.1|636147897957243472|89619e|49302.4609375|8.3452105447715|96.7385243506582||||49302.453125|287.75|30700||||89619e|ETD431|X|X|0|0|7||||132|83|132|83|[]|636148141024610000|13:41:42:461
21|2.1|636147897997497497|89619e|49306.484375|8.3499741479777|96.7305850119812||||49306.4765625|288.25|30750||||89619e|ETD431|X|X||0|7||||132|83|132|83|[]|636148141064840000|13:41:46:484
21|2.1|636147898073945141|89619e|49314.1328125|8.358407013113|96.7165302367557||||49314.125|289.5|30875||||89619e|ETD431|X|X|0|0|7||||132|83|132|83|[]|636148141141330000|13:41:54:133
21|2.1|636147898220899835|89619e|49328.828125|8.3750581666626|96.6888069244025||||49328.828125|291.75|31100||||89619e|ETD431|X|X||0|7||||132|83|132|83|[]|636148141288280000|13:42:08:828
21|2.1|636147898358963640|89619e|49342.6328125|8.3894562646417|96.6648172469947||||49342.625|294|31350||||89619e|ETD431|X|X|0|0|7||||132|83|132|83|[]|636148141426330000|13:42:22:633
21|2.1|636147898399987742|89619e|49346.7421875|8.3953785821413|96.6548823448124||||49346.734375|294.5|31425||||89619e|ETD431|X|X|0|0|7||||132|83|132|83|[]|636148141467420000|13:42:26:742
21|2.1|636147898448502593|89619e|49351.59375|8.3996486588892|96.6478013130194||||49351.5859375|295|31450||||89619e|ETD431|X|X||0|7||||132|83|132|83|[]|636148141515940000|13:42:31:594
21|2.1|636147898498897632|89619e|49356.625|8.4066438599938|96.6361712547412||||49356.6171875|295.75|31550||||89619e|ETD431|X|X||0|7||||132|83|132|83|[]|636148141566250000|13:42:36:625
21|2.1|636147898542421984|89619e|49360.984375|8.4117078706094|96.6276954742617||||49360.9765625|296.25|31600||||89619e|ETD431|X|X||0|7||||132|83|132|83|[]|636148141609840000|13:42:40:984
21|2.1|636147898584696211|89619e|49365.203125|8.4164071007993|96.6198634239452||||49365.1953125|296.75|31650||||89619e|ETD431|X|X|0|0|7||||132|83|132|83|[]|636148141652030000|13:42:45:203
21|2.1|636147898644292170|89619e|49371.1640625|8.423209182855|96.6084694000601||||49371.15625|297.25|31700||||89619e|ETD431|X|X||0|7||||132|83|132|83|[]|636148141711640000|13:42:51:164
21|2.1|636147898685326273|89619e|49375.2734375|8.427929870717|96.6005944343994||||49375.265625|297.75|31750||||89619e|ETD431|X|X||0|7||||132|83|132|83|[]|636148141752730000|13:42:55:273
21|2.1|636147898794997239|89619e|49386.234375|8.4407186432886|96.5792440506599||||49386.2265625|299|31900||||89619e|ETD431|X|X|0|0|7||||132|83|132|83|[]|636148141862340000|13:43:06:234
21|2.1|636147898899357674|89619e|49396.671875|8.4525847359599|96.5593957039674||||49396.6640625|300.25|32025||||89619e|ETD431|X|X|0|0|7||||132|83|132|83|[]|636148141966720000|13:43:16:672
21|2.1|636147898948192557|89619e|49401.5625|8.4585499688037|96.549439344113||||49401.5546875|301|32125||||89619e|ETD431|X|X|0|0|7||||132|83|132|83|[]|636148142015630000|13:43:21:563
21|2.1|636147900095137240|89619e|49516.2421875|8.5923385543472|96.3260006045357||||49516.234375|320.75|34250||||89619e|X|X|X|0|0|7||||132|83|132|83|[]|636148143162420000|13:45:16:242
21|2.1|636147900159573683|89619e|49522.6796875|8.5999560279427|96.313190374292||||49522.671875|322.25|34400||||89619e|X|X|X|0|0|7||||132|83|132|83|[]|636148143226800000|13:45:22:680
21|2.1|636147900575955317|89619e|49564.3359375|8.6478066367257|96.2330674266706||||49564.328125|332|35450||||89619e|X|X|X||0|7||||132|83|132|83|[]|636148143643360000|13:46:04:336
21|2.1|636147900921659884|89619e|49598.890625|8.6870741766687|96.1672996616841||||49598.8828125|339|36200||||89619e|ETD431|X|X|0|0|7||||132|83|132|83|[]|636148143988910000|13:46:38:891
21|2.1|636147900969554673|89619e|49603.6796875|8.6926102560705|96.1579226589764||||49603.671875|339.75|36275||||89619e|ETD431|X|X|0|0|7||||132|83|132|83|[]|636148144036800000|13:46:43:680
21|2.1|636147901010738791|89619e|49607.8046875|8.6958289068855|96.1525367832793||||49607.78125|340.5|36350||||89619e|ETD431|X|X|0|0|7||||132|83|132|83|[]|636148144078050000|13:46:47:805
21|2.1|636147901060343751|89619e|49612.7734375|8.7027811926459|96.1409281826732||||49612.765625|341|36400||||89619e|ETD431|X|X|0|0|7||||132|83|132|83|[]|636148144127730000|13:46:52:773
21|2.1|636147901102787995|89619e|49617.015625|8.7076949995568|96.1329244709799||||49617.0078125|341.5|36475||||89619e|ETD431|X|X|0|0|7||||132|83|132|83|[]|636148144170160000|13:46:57:016
21|2.1|636147901189056621|89619e|49625.6328125|8.7181448858695|96.1171101666422||||49625.625|342.75|36600||||89619e|ETD431|X|X|0|0|7||||132|83|132|83|[]|636148144256330000|13:47:05:633
21|2.1|636147901239291644|89619e|49630.6640625|8.7244963568111|96.1082052327207||||49630.65625|343.25|36650||||89619e|ETD431|X|X|0|0|7||||132|83|132|83|[]|636148144306640000|13:47:10:664
21|2.1|636147901288426557|89619e|49635.5703125|8.7312984388668|96.0991286374224||||49635.5625|344|36725||||89619e|ETD431|X|X|0|0|7||||132|83|132|83|[]|636148144355700000|13:47:15:570
21|2.1|636147901329460660|89619e|49639.671875|8.7354826849263|96.0938071347416||||49639.6640625|344.5|36775||||89619e|ETD431|X|X|0|0|7||||132|83|132|83|[]|636148144396720000|13:47:19:672
21|2.1|636147901379695683|89619e|49644.703125|8.7441515844547|96.0833572484289||||49644.6953125|345.25|36850||||89619e|ETD431|X|X|0|0|7||||132|83|132|83|[]|636148144447030000|13:47:24:703
21|2.1|636147901421659879|89619e|49648.8359375|8.750009528938|96.0765980817174||||49648.8203125|345.5|36875||||89619e|ETD431|X|X|0|0|7||||132|83|132|83|[]|636148144488360000|13:47:28:836
21|2.1|636147901523530065|89619e|49659.0859375|8.7654375951779|96.0598396398073||||49659.078125|346.75|37025||||89619e|ETD431|X|X||0|7||||132|83|132|83|[]|636148144590860000|13:47:39:086
21|2.1|636147901763774087|89619e|49683.1015625|8.802151672141|96.0205506421922||||49683.09375|350.25|37375||||89619e|ETD431|X|X||0|7||||132|83|132|83|[]|636148144831020000|13:48:03:102
21|2.1|636147901823370046|89619e|49689.0703125|8.8108849446857|96.0110878087961||||49689.0625|350.75|37425||||89619e|ETD431|X|X||0|7||||132|83|132|83|[]|636148144890700000|13:48:09:070
21|2.1|636147902029460653|89619e|49709.6875|8.8426422993937|95.9767984487803||||49709.671875|353.25|37700||||89619e|ETD431|X|X||0|7||||132|83|132|83|[]|636148145096880000|13:48:29:688
21|2.1|636147902077035410|89619e|49714.4375|8.8495302121378|95.9693526365616||||49714.421875|354|37775||||89619e|ETD431|X|X|0|0|7||||132|83|132|83|[]|636148145144380000|13:48:34:438
21|2.1|636147902127120418|89619e|49719.4453125|8.8572549740938|95.9609841444426||||49719.4296875|354.5|37850||||89619e|ETD431|X|X|0|0|7||||132|83|132|83|[]|636148145194450000|13:48:39:445
21|2.1|636147902169704676|89619e|49723.703125|8.8637781064122|95.9539245703217||||49723.6953125|355|37900||||89619e|ETD431|X|X|0|0|7||||132|83|132|83|[]|636148145237030000|13:48:43:703
21|2.1|636147902288886593|89619e|49735.6171875|8.880257598585|95.9361576178229||||49735.6015625|356.75|38075||||89619e|ETD431|X|X|0|0|7||||132|83|132|83|[]|636148145356170000|13:48:55:617
21|2.1|636147903125100206|89619e|49819.2421875|9.0069222369913|95.7980345825152||||49819.234375|373|39700||||89619e|X|X|X||0|7||||132|83|132|83|[]|636148146192420000|13:50:19:242
21|2.1|636147903183896085|89619e|49825.1171875|9.0156984248802|95.7883142570539||||49825.1015625|374|39900||||89619e|X|X|X|0|0|7||||132|83|132|83|[]|636148146251170000|13:50:25:117
21|2.1|636147903228200515|89619e|49829.5546875|9.0222430148707|95.7809971908678||||49829.546875|374.75|39975||||89619e|X|X|X|0|0|7||||132|83|132|83|[]|636148146295550000|13:50:29:555
21|2.1|636147903274215116|89619e|49834.15625|9.0290880122706|95.7734011749444||||49834.15625|375.5|40050||||89619e|X|X|X||0|7||||132|83|132|83|[]|636148146341560000|13:50:34:156
21|2.1|636147903323360030|89619e|49839.0625|9.0359330096705|95.7658266166931||||49839.0546875|376.25|40125||||89619e|X|X|X||0|7||||132|83|132|83|[]|636148146390630000|13:50:39:063
21|2.1|636147903373595053|89619e|49844.0859375|9.0436577716265|95.757222090181||||49844.078125|377|40225||||89619e|ETD431|X|X||0|7||||132|83|132|83|[]|636148146440860000|13:50:44:086
21|2.1|636147903422279921|89619e|49848.953125|9.0505456843706|95.7495831589134||||49848.953125|377.75|40300||||89619e|ETD431|X|X||0|7||||132|83|132|83|[]|636148146489530000|13:50:48:953
21|2.1|636147903470934786|89619e|49853.828125|9.0576267161636|95.7416867355806||||49853.8125|378.25|40350||||89619e|ETD431|X|X|0|0|7||||132|83|132|83|[]|636148146538280000|13:50:53:828
21|2.1|636147903691066797|89619e|49875.8359375|9.0897917666415|95.7061742882551||||49875.8359375|380|40525||||89619e|ETD431|X|X||0|6||||132|83|132|83|[]|636148146758360000|13:51:15:836
21|2.1|636147903734751165|89619e|49880.203125|9.0961646952552|95.6993507485273||||49880.1953125|380|40525||||89619e|ETD431|X|X||0|6||||132|83|132|83|[]|636148146802030000|13:51:20:203
21|2.1|636147903782335923|89619e|49884.953125|9.1035675921297|95.6916689019155||||49884.9453125|380|40525||||89619e|ETD431|X|X||0|6||||132|83|132|83|[]|636148146849530000|13:51:24:953
