62|1.1|636147897412839037|06a19d|49248.015625|13.92416836737|100.28961368847|-49618|26417||49248.015625|340||33987.5|337.75|49248.015625|06a19d|QTR933|0|2461|0|||3|3|0|1|1|132|18|["132,18,5,3748","132,114,5,455","132,178,5,1842"]|636148140480160000|13:40:48:016
62|1.1|636147897462714024|06a19d|49253.015625|13.92535390198|100.27903507195|-50761|26551||49253.015625|340||34000|337.75|49253.015625|06a19d|QTR933|0|2461|0|||3|3|0|1|1|132|18|["132,18,5,3748","132,114,5,455","132,178,5,1842"]|636148140530160000|13:40:53:016
62|1.1|636147897512629015|06a19d|49258.015625|13.92650725013|100.26805412468|-51948|26681||49258.015625|340||33981.25|337.75|49258.015625|06a19d|QTR933|0|2461|0|||3|3|0|1|1|132|18|["132,18,5,3748","132,114,5,455","132,178,5,1842"]|636148140580160000|13:40:58:016
62|1.1|636147897562554007|06a19d|49263|13.92779470853|100.25509371012|-53348|26826||49263|339.75||33981.25|337.75|49263|06a19d|QTR933|0|2461|0|||3|3|0|1|1|132|178|["132,18,5,3748","132,114,5,455","132,178,5,1842"]|636148140630000000|13:41:03:000
62|1.1|636147897612478999|06a19d|49268|13.92883003966|100.24470284795|-54471|26943||49268|339.75||33981.25|337.75|49268|06a19d|QTR933|0|2461|0|||3|3|0|1|1|132|5|["132,18,5,3748","132,114,5,455","132,178,5,1842"]|636148140680000000|13:41:08:000
62|1.1|636147897662403991|06a19d|49272.9765625|13.92999411663|100.23291187477|-55745|27074||49272.9765625|339.25||33950|337.5|49272.9765625|06a19d|QTR933|0|2461|0|||3|3|0|1|1|132|5|["132,18,5,3748","132,114,5,455","132,178,5,1842"]|636148140729770000|13:41:12:977
62|1.1|636147897712318982|06a19d|49277.9765625|13.93116355801|100.22109944395|-57021|27206||49277.9765625|338.75||33893.75|337|49277.9765625|06a19d|QTR933|0|2461|0|||3|3|0|1|1|132|18|["132,18,5,3748","132,114,5,455","132,178,5,1842"]|636148140779770000|13:41:17:977
62|1.1|636147897762243974|06a19d|49282.9765625|13.93232227057|100.20919581816|-58307|27338||49282.9765625|338||33825|336|49282.9765625|06a19d|QTR933|0|2461|-668.75|||3|3|2|1|1|132|18|["132,18,5,3748","132,114,5,455","132,178,5,1842"]|636148140829770000|13:41:22:977
62|1.1|636147897812178967|06a19d|49287.9609375|13.93348098313|100.19735120088|-59587|27469||49287.9609375|337.25||33781.25|334.75|49287.9609375|06a19d|QTR933|0|2461|-1025|||3|3|2|1|1|132|18|["132,18,5,3748","132,114,5,455","132,178,5,1842"]|636148140879610000|13:41:27:961
62|1.1|636147897862093958|06a19d|49292.9609375|13.93462896687|100.1853456513|-60884|27599||49292.9609375|336.25||33656.25|334|49292.9609375|06a19d|QTR933|0|2461|-1062.5|||3|3|2|1|1|132|18|["132,18,5,3748","132,114,5,455","132,178,5,1842"]|636148140929610000|13:41:32:961
62|1.1|636147897912008949|06a19d|49297.9375|13.93584668794|100.17211701624|-62313|27737||49297.9375|335.5||33525|333|49297.9375|06a19d|QTR933|0|2461|-1100|||3|3|2|1|1|132|18|["132,18,5,3748","132,114,5,455","132,178,5,1842"]|636148140979380000|13:41:37:938
62|1.1|636147897961943942|06a19d|49302.9375|13.9370054005|100.15962330535|-63663|27869||49302.9375|334.25||33443.75|331.75|49302.9375|06a19d|QTR933|0|2461|-1162.5|||3|3|2|1|1|132|18|["132,18,5,3748","132,114,5,455","132,178,5,1842"]|636148141029380000|13:41:42:938
62|1.1|636147898011858933|06a19d|49307.9375|13.93810510455|100.14695793334|-65031|27994||49307.9375|333.25||33381.25|330.75|49307.9375|06a19d|QTR933|0|2461|-1200|||3|3|2|1|1|132|18|["132,18,5,3748","132,114,5,455","132,178,5,1842"]|636148141079380000|13:41:47:938
62|1.1|636147898061773924|06a19d|49312.921875|13.93919944419|100.13434620543|-66394|28118||49312.921875|332.25||33287.5|329.75|49312.921875|06a19d|QTR933|0|2461|-1218.75|||3|3|2|1|1|132|18|["132,18,5,3748","132,114,5,455","132,178,5,1842"]|636148141129220000|13:41:52:922
62|1.1|636147898111698916|06a19d|49317.921875|13.94044398731|100.12305412238|-67614|28259||49317.921875|331.25||33093.75|328.75|49317.921875|06a19d|QTR933|0|2461|-1262.5|||3|3|2|1|1|132|18|["132,18,5,3748","132,114,5,455","132,178,5,1842"]|636148141179220000|13:41:57:922
62|1.1|636147898161623908|06a19d|49322.8984375|13.94142567434|100.1107267082|-68946|28371||49322.8984375|330||32993.75|327.75|49322.8984375|06a19d|QTR933|0|2461|-1237.5|||3|3|2|1|1|132|18|["132,18,5,3748","132,114,5,455","132,178,5,1842"]|636148141228980000|13:42:02:898
62|1.1|636147898211548900|06a19d|49327.8984375|13.9427453192|100.09934879459|-70175|28520||49327.8984375|329||32856.25|326.5|49327.8984375|06a19d|QTR933|0|2461|-1262.5|||3|3|2|1|1|132|18|["132,18,5,3748","132,114,5,455","132,178,5,1842"]|636148141278980000|13:42:07:898
62|1.1|636147898261463891|06a19d|49332.8984375|13.94387720971|100.08727350768|-71480|28649||49332.8984375|328||32737.5|325.5|49332.8984375|06a19d|QTR933|0|2461|-1281.25|||3|3|2|1|1|132|18|["132,18,5,3748","132,114,5,455","132,178,5,1842"]|636148141328980000|13:42:12:898
62|1.1|636147898311378882|06a19d|49337.875|13.94517539693|100.07565956003|-72734|28796||49337.875|327||32643.75|324.5|49337.875|06a19d|QTR933|0|2461|-1262.5|||3|3|2|1|1|132|18|["132,18,5,3748","132,114,5,455","132,178,5,1842"]|636148141378750000|13:42:17:875
62|1.1|636147898361313875|06a19d|49342.875|13.94646821974|100.06406170561|-73987|28943||49342.875|325.5||32543.75|323.5|49342.875|06a19d|QTR933|0|2461|-1237.5|||3|3|2|1|1|132|5|["132,18,5,3748","132,114,5,455","132,178,5,1842"]|636148141428750000|13:42:22:875
62|1.1|636147898411228866|06a19d|49347.875|13.94770203404|100.05220635951|-75268|29083||49347.875|324.75||32437.5|322.5|49347.875|06a19d|QTR933|0|2461|-1237.5|||3|3|2|1|1|132|18|["132,18,5,3748","132,114,5,455","132,178,5,1842"]|636148141478750000|13:42:27:875
62|1.1|636147898461153858|06a19d|49352.859375|13.94891975511|100.04032955577|-76551|29221||49352.859375|323.75||32343.75|321.5|49352.859375|06a19d|QTR933|0|2461|-1237.5|||3|3|2|1|1|132|18|["132,18,5,3748","132,114,5,455","132,178,5,1842"]|636148141528590000|13:42:32:859
62|1.1|636147898511078850|06a19d|49357.859375|13.95012674736|100.02844738762|-77834|29359||49357.859375|322.75||32231.25|320.25|49357.859375|06a19d|QTR933|0|2461|-1262.5|||3|3|2|1|1|132|18|["132,18,5,3748","132,114,5,455","132,178,5,1842"]|636148141578590000|13:42:37:859
62|1.1|636147898560993841|06a19d|49362.8359375|13.9512747311|100.01787949992|-78976|29489||49362.8359375|321.75||32125|319.25|49362.8359375|06a19d|QTR933|0|2461|-1300|||3|3|2|1|1|132|18|["132,18,5,3748","132,114,5,455","132,178,5,1842"]|636148141628360000|13:42:42:836
62|1.1|636147898610908832|06a19d|49367.8359375|13.95242271484|100.00644794221|-80211|29620||49367.8359375|320.75||32025|318.25|49367.8359375|06a19d|QTR933|0|2461|-1281.25|||3|3|2|1|1|132|18|["132,18,5,3748","132,114,5,455"]|636148141678360000|13:42:47:836
62|1.1|636147898660853826|06a19d|49372.8203125|13.95358679181|99.99343924796|-81616|29753||49372.8203125|320||31950|317.5|49372.8203125|06a19d|QTR933|0|2461|-1143.75|||3|3|2|1|1|132|18|["132,18,5,3748","132,114,5,455"]|636148141728200000|13:42:52:820
62|1.1|636147898710758816|06a19d|49377.8203125|13.95478841965|99.98102063881|-82958|29890||49377.8203125|319.75||31900|317.25|49377.8203125|06a19d|QTR933|0|2461|-825|||3|3|2|1|1|132|18|["132,18,5,3748","132,114,5,455"]|636148141778200000|13:42:57:820
62|1.1|636147898760673807|06a19d|49382.8203125|13.95593640339|99.96871468227|-84287|30022||49382.8203125|319.5||31875|317.25|49382.8203125|06a19d|QTR933|0|2461|-568.75|||3|3|2|1|1|132|18|["132,18,5,3748","132,114,5,455"]|636148141828200000|13:43:02:820
62|1.1|636147898810598799|06a19d|49387.796875|13.95713803123|99.95666621741|-85589|30159||49387.796875|319.5||31906.25|317|49387.796875|06a19d|QTR933|0|2461|-312.5|||3|3|2|1|1|132|5|["132,18,5,3748","132,114,5,455"]|636148141877970000|13:43:07:797
62|1.1|636147898860523791|06a19d|49392.796875|13.95833965907|99.94471967634|-86879|30296||49392.796875|319.5||31918.75|317.25|49392.796875|06a19d|QTR933|0|2461|0|||3|3|0|1|1|132|18|["132,18,5,3748","132,114,5,455"]|636148141927970000|13:43:12:797
62|1.1|636147898910458784|06a19d|49397.78125|13.95946082076|99.93411960218|-88024|30424||49397.78125|319.75||31950|317.5|49397.78125|06a19d|QTR933|0|2461|0|||3|3|0|1|1|132|18|["132,18,5,3748","132,114,5,455"]|636148141977810000|13:43:17:781
62|1.1|636147898960363774|06a19d|49402.78125|13.96062489773|99.92254856981|-89274|30557||49402.78125|319.75||31962.5|317.75|49402.78125|06a19d|QTR933|0|2461|0|||3|3|0|1|1|132|18|["132,18,5,3748","132,114,5,455"]|636148142027810000|13:43:22:781
62|1.1|636147899010288766|06a19d|49407.78125|13.96174605942|99.91098290185|-90523|30686||49407.78125|319.75||31987.5|317.75|49407.78125|06a19d|QTR933|0|2461|0|||3|3|0|1|1|132|18|["132,18,5,3748","132,114,5,455"]|636148142077810000|13:43:27:781
62|1.1|636147899060213758|06a19d|49412.7578125|13.96282430583|99.89965863234|-91746|30809||49412.7578125|320||32006.25|318|49412.7578125|06a19d|QTR933|0|2461|0|||3|3|0|1|1|132|18|["132,18,5,3748","132,114,5,455"]|636148142127580000|13:43:32:758
62|1.1|636147899110128749|06a19d|49417.7578125|13.96389182342|99.88792666767|-93014|30932||49417.7578125|320||32031.25|318|49417.7578125|06a19d|QTR933|0|2461|0|||3|3|0|1|1|132|18|["132,18,5,3748","132,114,5,455"]|636148142177580000|13:43:37:758
62|1.1|636147899160053741|06a19d|49422.7421875|13.9649003325|99.87580846548|-94323|31048||49422.7421875|320||32025|318|49422.7421875|06a19d|QTR933|0|2461|0|||3|3|0|1|1|132|18|["132,18,5,3748","132,114,5,455"]|636148142227420000|13:43:42:742
62|1.1|636147899209978733|06a19d|49427.7421875|13.96602149419|99.8639638482|-95602|31177||49427.7421875|320||32025|318|49427.7421875|06a19d|QTR933|0|2461|0|||3|3|0|1|1|132|18|["132,18,5,3748","132,114,5,455"]|636148142277420000|13:43:47:742
62|1.1|636147899259893724|06a19d|49432.7421875|13.96706218973|99.85200657831|-96894|31297||49432.7421875|320||32043.75|318|49432.7421875|06a19d|QTR933|0|2461|0|||3|3|0|1|1|132|18|["132,18,5,3748","132,114,5,455"]|636148142327420000|13:43:52:742
62|1.1|636147899309818716|06a19d|49437.71875|13.96836037695|99.8385365448|-98349|31446||49437.71875|320||32006.25|318|49437.71875|06a19d|QTR933|0|2461|0|||3|3|0|1|1|132|18|["132,18,5,3748","132,114,5,455"]|636148142377190000|13:43:57:719
62|1.1|636147899359743708|06a19d|49442.71875|13.96954054715|99.82742148728|-99549|31581||49442.71875|320||32000|318|49442.71875|06a19d|QTR933|0|2461|0|||3|3|0|1|1|132|18|["132,18,5,3748","132,114,5,455"]|636148142427190000|13:44:02:719
62|1.1|636147899409668700|06a19d|49447.6953125|13.97070998853|99.8161669551|-100765|31715||49447.6953125|320||32000|318|49447.6953125|06a19d|QTR933|0|2461|0|||3|3|0|1|1|132|18|["132,18,5,3748","132,114,5,455"]|636148142476950000|13:44:07:695
62|1.1|636147899459583691|06a19d|49452.6953125|13.97188479432|99.80324945582|-102160|31851||49452.6953125|320||32006.25|318|49452.6953125|06a19d|QTR933|0|2461|0|||3|3|0|1|1|132|18|["132,18,5,3748","132,114,5,455"]|636148142526950000|13:44:12:695
62|1.1|636147899509508683|06a19d|49457.6953125|13.97315079508|99.79039096505|-103549|31997||49457.6953125|320||32000|318|49457.6953125|06a19d|QTR933|0|2461|0|||3|3|0|1|1|132|5|["132,18,5,3748","132,114,5,455"]|636148142576950000|13:44:17:695
62|1.1|636147899559423674|06a19d|49462.6796875|13.97435242292|99.77829958491|-104855|32135||49462.6796875|320||32000|318|49462.6796875|06a19d|QTR933|0|2461|0|||3|3|0|1|1|132|18|["132,18,5,3748","132,114,5,455"]|636148142626800000|13:44:22:680
62|1.1|636147899609348666|06a19d|49467.6796875|13.97551649989|99.76754930727|-106016|32268||49467.6796875|320||32006.25|318|49467.6796875|06a19d|QTR933|0|2461|0|||3|3|0|1|1|132|18|["132,18,5,3748","132,114,5,455"]|636148142676800000|13:44:27:680
62|1.1|636147899659273658|06a19d|49472.65625|13.97664302599|99.75652008031|-107207|32398||49472.65625|320||32006.25|318|49472.65625|06a19d|QTR933|0|2461|0|||3|3|0|1|1|132|18|["132,18,5,3748","132,114,5,455"]|636148142726560000|13:44:32:656
62|1.1|636147899709198650|06a19d|49477.65625|13.97773736563|99.74529773459|-108419|32524||49477.65625|320||32006.25|318|49477.65625|06a19d|QTR933|0|2461|0|||3|3|0|1|1|132|18|["132,18,5,3748","132,114,5,455"]|636148142776560000|13:44:37:656
62|1.1|636147899759133643|06a19d|49482.65625|13.97889607819|99.73260017612|-109791|32658||49482.65625|320||32000|318|49482.65625|06a19d|QTR933|0|2461|0|||3|3|0|1|1|132|5|["132,18,5,3748","132,114,5,455"]|636148142826560000|13:44:42:656
62|1.1|636147899809038633|06a19d|49487.640625|13.98002260429|99.72070727915|-111075|32788||49487.640625|319.75||32006.25|318|49487.640625|06a19d|QTR933|0|2461|0|||3|3|0|1|1|132|18|["132,18,5,3748","132,114,5,455"]|636148142876410000|13:44:47:641
62|1.1|636147899858953624|06a19d|49492.640625|13.98117058803|99.70935618759|-112301|32920||49492.640625|320||31981.25|317.75|49492.640625|06a19d|QTR933|0|2461|0|||3|3|0|1|1|132|18|["132,18,5,3748","132,114,5,455"]|636148142926410000|13:44:52:641
62|1.1|636147899908878616|06a19d|49497.6171875|13.98231857177|99.69782270609|-113547|33053||49497.6171875|320||31993.75|318|49497.6171875|06a19d|QTR933|0|2461|0|||3|3|0|1|1|132|18|["132,18,5,3748","132,114,5,455"]|636148142976170000|13:44:57:617
62|1.1|636147899958803608|06a19d|49502.6171875|13.9834611911|99.68603173291|-114820|33184||49502.6171875|320||32000|318|49502.6171875|06a19d|QTR933|0|2461|0|||3|3|0|1|1|132|18|["132,18,5,3748","132,114,5,455"]|636148143026170000|13:45:02:617
62|1.1|636147900008718599|06a19d|49507.6171875|13.98463599689|99.67284601313|-116245|33321||49507.6171875|320||32000|318|49507.6171875|06a19d|QTR933|0|2461|0|||3|3|0|1|1|132|18|["132,18,5,3748","132,114,5,455"]|636148143076170000|13:45:07:617
62|1.1|636147900058643591|06a19d|49512.6015625|13.98574642976|99.66055614982|-117572|33450||49512.6015625|320||32012.5|318|49512.6015625|06a19d|QTR933|0|2461|0|||3|3|0|1|1|132|18|["132,18,5,3748","132,114,5,455"]|636148143126020000|13:45:12:602
62|1.1|636147900108578584|06a19d|49517.6015625|13.98695878642|99.64796051514|-118932|33590||49517.6015625|320||32006.25|318|49517.6015625|06a19d|QTR933|0|2461|0|||3|3|0|1|1|132|5|["132,18,5,3748","132,114,5,455"]|636148143176020000|13:45:17:602
62|1.1|636147900158483574|06a19d|49522.578125|13.98804776165|99.63568674506|-120258|33717||49522.578125|320||32006.25|318|49522.578125|06a19d|QTR933|0|2461|0|||3|3|0|1|1|132|18|["132,18,5,3748","132,114,5,455"]|636148143225780000|13:45:22:578
62|1.1|636147900208408566|06a19d|49527.578125|13.98928694036|99.62387967865|-121533|33860||49527.578125|319.75||31981.25|317.75|49527.578125|06a19d|QTR933|0|2461|0|||3|3|0|1|1|132|18|["132,18,5,3748","132,114,5,455"]|636148143275780000|13:45:27:578
62|1.1|636147900258323557|06a19d|49532.578125|13.99041346646|99.61333324859|-122672|33990||49532.578125|320||31993.75|317.75|49532.578125|06a19d|QTR933|0|2461|0|||3|3|0|1|1|132|18|["132,18,5,3748","132,114,5,455"]|636148143325780000|13:45:32:578
62|1.1|636147900308248549|06a19d|49537.5625|13.99153999256|99.60234693691|-123858|34120||49537.5625|320||32006.25|318|49537.5625|06a19d|QTR933|0|2461|0|||3|3|0|1|1|132|18|["132,18,5,3748","132,114,5,455"]|636148143375630000|13:45:37:563
62|1.1|636147900358173541|06a19d|49542.5625|13.99270943394|99.58969229372|-125225|34256||49542.5625|319.75||32006.25|318|49542.5625|06a19d|QTR933|0|2461|0|||3|3|0|1|1|132|18|["132,18,5,3748","132,114,5,455"]|636148143425630000|13:45:42:563
62|1.1|636147900408098533|06a19d|49547.5390625|13.99382523122|99.57779939675|-126509|34386||49547.5390625|319.75||32018.75|317.75|49547.5390625|06a19d|QTR933|0|2461|0|||3|3|0|1|1|132|18|["132,18,5,3748","132,114,5,455"]|636148143475390000|13:45:47:539
62|1.1|636147900458023525|06a19d|49552.5390625|13.99491420645|99.56575093189|-127810|34513||49552.5390625|319.75||32025|317.75|49552.5390625|06a19d|QTR933|0|2461|0|||3|3|0|1|1|132|18|["132,18,5,3748","132,114,5,455"]|636148143525390000|13:45:52:539
62|1.1|636147900507938516|06a19d|49557.5390625|13.9963894192|99.55316066162|-129170|34683||49557.5390625|319.75||31981.25|317.75|49557.5390625|06a19d|QTR933|0|2461|0|||3|3|0|1|1|132|18|["132,18,5,3748","132,114,5,455"]|636148143575390000|13:45:57:539
62|1.1|636147900557863508|06a19d|49562.515625|13.9975695894|99.54107464589|-130475|34820||49562.515625|319.75||31975|317.75|49562.515625|06a19d|QTR933|0|2461|0|||3|3|0|1|1|132|18|["132,18,5,3748","132,114,5,455"]|636148143625160000|13:46:02:516
62|1.1|636147900607788500|06a19d|49567.515625|13.99879267488|99.52889743519|-131790|34962||49567.515625|320||31975|317.75|49567.515625|06a19d|QTR933|0|2461|0|||3|3|0|1|1|132|18|["132,18,5,3748","132,114,5,455"]|636148143675160000|13:46:07:516
62|1.1|636147900657703491|06a19d|49572.5|14.0009491677|99.51904301402|-132854|35206||49572.5|320||32006.25|318|49572.5|06a19d|QTR933|0|2461|0|||3|3|0|1|1|132|18|["132,18,5,3748","132,114,5,455"]|636148143725000000|13:46:12:500
62|1.1|636147900707628483|06a19d|49577.5|14.00226344815|99.50738078668|-134113|35358||49577.5|320||32018.75|318|49577.5|06a19d|QTR933|0|2461|0|||3|3|0|1|1|132|18|["132,18,5,3748","132,114,5,455"]|636148143775000000|13:46:17:500
62|1.1|636147900757543474|06a19d|49582.5|14.00511731427|99.49587949164|-135354|35680||49582.5|320||31987.5|317.75|49582.5|06a19d|QTR933|0|2461|0|||3|3|0|1|1|132|18|["132,18,5,3748","132,114,5,455"]|636148143825000000|13:46:22:500
62|1.1|636147900807478467|06a19d|49587.4765625|14.00723089181|99.48382566237|-136655|35921||49587.4765625|319.75||31987.5|318|49587.4765625|06a19d|QTR933|0|2461|0|||3|3|0|1|1|132|18|["132,18,5,3748","132,114,5,455"]|636148143874770000|13:46:27:477
62|1.1|636147900857393458|06a19d|49592.4765625|14.00909770649|99.47267305398|-137859|36134||49592.4765625|320||31981.25|317.75|49592.4765625|06a19d|QTR933|0|2461|0|||3|3|0|1|1|132|18|["132,18,5,3748","132,114,5,455"]|636148143924770000|13:46:32:477
62|1.1|636147900907308449|06a19d|49597.4609375|14.01104498732|99.46140779298|-139075|36356||49597.4609375|320||31993.75|317.75|49597.4609375|06a19d|QTR933|0|2461|0|||3|3|0|1|1|132|18|["132,18,5,3748","132,114,5,455"]|636148143974610000|13:46:37:461
62|1.1|636147900957083426|06a19d|49602.4609375|14.01299226815|99.44978848092|-140329|36578||49602.4609375|319.75||32006.25|318|49602.4609375|06a19d|QTR933|0|2461|0|||3|3|0|1|1|132|18|["132,18,5,3748","132,114,5,455"]|636148144024610000|13:46:42:461
62|1.1|636147901007158433|06a19d|49607.4609375|14.01491809134|99.43810479594|-141590|36798||49607.4609375|319.75||31987.5|317.75|49607.4609375|06a19d|QTR933|0|2461|0|||3|3|0|1|1|132|18|["132,18,5,3748","132,114,5,455"]|636148144074610000|13:46:47:461
62|1.1|636147901057083425|06a19d|49612.4375|14.01690828745|99.42558962741|-142941|37026||49612.4375|319.75||31993.75|318|49612.4375|06a19d|QTR933|0|2461|0|||3|3|0|1|1|132|18|["132,18,5,3748","132,114,5,455"]|636148144124380000|13:46:52:438
62|1.1|636147901106848401|06a19d|49617.4375|14.01866781393|99.41445311225|-144143|37227||49617.4375|319.75||32000|318|49617.4375|06a19d|QTR933|0|2461|0|||3|3|0|1|1|132|18|["132,18,5,3748","132,114,5,455"]|636148144174380000|13:46:57:438
62|1.1|636147901156923408|06a19d|49622.421875|14.02048634892|99.40299473249|-145380|37435||49622.421875|320||31981.25|318|49622.421875|06a19d|QTR933|0|2461|0|||3|3|0|1|1|132|18|["132,18,5,3748","132,114,5,455"]|636148144224220000|13:47:02:422
62|1.1|636147901206848400|06a19d|49627.421875|14.02231561273|99.39127886105|-146645|37645||49627.421875|320||31993.75|318|49627.421875|06a19d|QTR933|0|2461|0|||3|3|0|1|1|132|18|["132,18,5,3748","132,114,5,455"]|636148144274220000|13:47:07:422
62|1.1|636147901256763391|06a19d|49632.421875|14.02416096977|99.37951470992|-147914|37856||49632.421875|320||32000|318|49632.421875|06a19d|QTR933|0|2461|0|||3|3|0|1|1|132|18|["132,18,5,3748","132,114,5,455"]|636148144324220000|13:47:12:422
62|1.1|636147901306698384|06a19d|49637.3984375|14.02599023358|99.36775055879|-149184|38066||49637.3984375|319.75||32006.25|318|49637.3984375|06a19d|QTR933|0|2461|0|||3|3|0|1|1|132|18|["132,18,5,3748","132,114,5,455"]|636148144373980000|13:47:17:398
62|1.1|636147901356453359|06a19d|49642.3984375|14.02785168385|99.35592203474|-150461|38279||49642.3984375|319.75||31987.5|317.75|49642.3984375|06a19d|QTR933|0|2461|0|||3|3|0|1|1|132|18|["132,18,5,3748","132,114,5,455"]|636148144423980000|13:47:22:398
62|1.1|636147901406378351|06a19d|49647.375|14.02968094766|99.34416324802|-151730|38489||49647.375|319.75||31975|317.75|49647.375|06a19d|QTR933|0|2461|0|||3|3|0|1|1|132|18|["132,18,5,3748","132,114,5,455"]|636148144473750000|13:47:27:375
62|1.1|636147901456293342|06a19d|49652.375|14.03151557588|99.33239373248|-153000|38700||49652.375|320||31968.75|317.75|49652.375|06a19d|QTR933|0|2461|0|||3|3|0|1|1|132|18|["132,18,5,3748","132,114,5,455"]|636148144523750000|13:47:32:375
62|1.1|636147901506218334|06a19d|49657.375|14.03336629733|99.32064031017|-154269|38912||49657.375|320||31987.5|318|49657.375|06a19d|QTR933|0|2461|0|||3|3|0|1|1|132|18|["132,18,5,3748","132,114,5,455"]|636148144573750000|13:47:37:375
62|1.1|636147901556143326|06a19d|49662.359375|14.03520628996|99.30895126078|-155530|39123||49662.359375|320||32006.25|318|49662.359375|06a19d|QTR933|0|2461|0|||3|3|0|1|1|132|18|["132,18,5,3748","132,114,5,455"]|636148144623590000|13:47:42:359
62|1.1|636147901606068318|06a19d|49667.359375|14.03712674874|99.29607667678|-156920|39344||49667.359375|319.75||32006.25|318|49667.359375|06a19d|QTR933|0|2461|0|||3|3|0|1|1|132|18|["132,18,5,3748","132,114,5,455"]|636148144673590000|13:47:47:359
62|1.1|636147901655983309|06a19d|49672.3359375|14.03891309727|99.2836419744|-158262|39550||49672.3359375|319.75||31981.25|317.75|49672.3359375|06a19d|QTR933|0|2461|0|||3|3|0|1|1|132|18|["132,18,5,3748","132,114,5,455"]|636148144723360000|13:47:52:336
62|1.1|636147901705898300|06a19d|49677.3359375|14.04056533555|99.27143257724|-159580|39741||49677.3359375|319.75||31975|317.75|49677.3359375|06a19d|QTR933|0|2461|0|||3|3|0|1|1|132|5|["132,18,5,3748","132,114,5,455"]|636148144773360000|13:47:57:336
62|1.1|636147901755823292|06a19d|49682.3359375|14.04207809917|99.25935192592|-160884|39916||49682.3359375|319.75||31968.75|317.75|49682.3359375|06a19d|QTR933|0|2461|0|||3|3|0|1|1|132|18|["132,18,5,3748","132,114,5,455"]|636148144823360000|13:48:02:336
62|1.1|636147901805748284|06a19d|49687.3203125|14.04330118465|99.24868747884|-162035|40059||49687.3203125|319.75||31975|317.75|49687.3203125|06a19d|QTR933|0|2461|0|||3|3|0|1|1|132|18|["132,18,5,3748","132,114,5,455"]|636148144873200000|13:48:07:320
62|1.1|636147901855673276|06a19d|49692.3203125|14.04491587206|99.23683749715|-163314|40246||49692.3203125|319.75||31981.25|317.75|49692.3203125|06a19d|QTR933|0|2461|0|||3|3|0|1|1|132|114|["132,18,5,3748","132,114,5,455"]|636148144923200000|13:48:12:320
62|1.1|636147901905588267|06a19d|49697.296875|14.04436870224|99.22580827019|-164506|40193||49697.296875|320||32006.25|318|49697.296875|06a19d|QTR933|0|2461|0|||3|3|0|1|1|132|114|["132,18,5,3748","132,114,5,455"]|636148144972970000|13:48:17:297
62|1.1|636147901955513259|06a19d|49702.296875|14.04447599044|99.21380272061|-165803|40213||49702.296875|320||32006.25|318|49702.296875|06a19d|QTR933|0|2461|0|||3|3|0|1|1|132|5|["132,18,5,3748","132,114,5,455"]|636148145022970000|13:48:22:297
62|1.1|636147902005448252|06a19d|49707.296875|14.04474421094|99.20291296831|-166979|40250||49707.296875|320||32012.5|318|49707.296875|06a19d|QTR933|0|2461|0|||3|3|0|1|1|132|18|["132,18,5,3748","132,114,5,455"]|636148145072970000|13:48:27:297
62|1.1|636147902055353242|06a19d|49712.28125|14.04486759237|99.19135266476|-168228|40272||49712.28125|320||32025|318|49712.28125|06a19d|QTR933|0|2461|0|||3|3|0|1|1|132|114|["132,18,5,3748","132,114,5,455"]|636148145122810000|13:48:32:281
62|1.1|636147902105278234|06a19d|49717.28125|14.04465301597|99.17974408152|-169482|40256||49717.28125|319.75||32031.25|317.75|49717.28125|06a19d|QTR933|0|2461|0|||3|3|0|1|1|132|114|["132,18,5,3748","132,114,5,455"]|636148145172810000|13:48:37:281
62|1.1|636147902155203226|06a19d|49722.2578125|14.04469056684|99.16796383716|-170755|40269||49722.2578125|319.75||32043.75|317.75|49722.2578125|06a19d|QTR933|0|2461|0|||3|3|0|1|1|132|114|["132,18,5,3748","132,114,5,455"]|636148145222580000|13:48:42:258
62|1.1|636147902205118217|06a19d|49727.2578125|14.04575272002|99.15493904968|-172161|40396||49727.2578125|319.75||32050|317.75|49727.2578125|06a19d|QTR933|0|2461|0|||3|3|0|1|1|132|114|["132,18,5,3748","132,114,5,455"]|636148145272580000|13:48:47:258
62|1.1|636147902255043209|06a19d|49732.2578125|14.04770000085|99.14294422892|-173455|40620||49732.2578125|320||32012.5|318|49732.2578125|06a19d|QTR933|0|2461|0|||3|3|0|1|1|132|5|["132,18,5,3748","132,114,5,455"]|636148145322580000|13:48:52:258
62|1.1|636147902304968201|06a19d|49737.2421875|14.04853684881|99.12987116175|-174867|40722||49737.2421875|320||32000|318|49737.2421875|06a19d|QTR933|0|2461|0|||3|3|0|1|1|132|5|["132,18,5,3748","132,114,5,455"]|636148145372420000|13:48:57:242
62|1.1|636147902354893193|06a19d|49742.2421875|14.04938979|99.11749010347|-176204|40826||49742.2421875|320||32000|318|49742.2421875|06a19d|QTR933|0|2461|0|||3|3|0|1|1|132|5|["132,18,5,3748","132,114,5,455"]|636148145422420000|13:49:02:242
62|1.1|636147902404808184|06a19d|49747.21875|14.05016762945|99.10522706221|-177528|40921||49747.21875|320||32000|318|49747.21875|06a19d|QTR933|0|2461|0|||3|3|0|1|1|132|5|["132,18,5,3748","132,114,5,455"]|636148145472190000|13:49:07:219
62|1.1|636147902454733176|06a19d|49752.21875|14.05082745188|99.09437486078|-178700|41002||49752.21875|319.75||31987.5|318|49752.21875|06a19d|QTR933|0|2461|0|||3|3|0|1|1|132|5|["132,18,5,3748","132,114,5,455"]|636148145522190000|13:49:12:219
62|1.1|636147902504668169|06a19d|49757.21875|14.05146581667|99.08314178624|-179913|41081||49757.21875|319.75||31981.25|317.75|49757.21875|06a19d|QTR933|0|2461|0|||3|3|0|1|1|132|5|["132,18,5,3748","132,114,5,455"]|636148145572190000|13:49:17:219
62|1.1|636147902554573159|06a19d|49762.1953125|14.05215246115|99.07079827883|-181246|41166||49762.1953125|319.75||31975|317.75|49762.1953125|06a19d|QTR933|0|2461|0|||3|3|0|1|1|132|5|["132,18,5,3748","132,114,5,455"]|636148145621950000|13:49:22:195
62|1.1|636147902604488150|06a19d|49767.1953125|14.05283374122|99.05829383912|-182596|41251||49767.1953125|319.75||31975|317.75|49767.1953125|06a19d|QTR933|0|2461|0|||3|3|0|1|1|132|5|["132,18,5,3748","132,114,5,455"]|636148145671950000|13:49:27:195
62|1.1|636147902654423143|06a19d|49772.1796875|14.05349892806|99.04625073867|-183897|41334||49772.1796875|319.75||31968.75|317.75|49772.1796875|06a19d|QTR933|0|2461|0|||3|3|0|1|1|132|114|["132,18,5,3748","132,114,5,455"]|636148145721800000|13:49:32:180
62|1.1|636147902704338134|06a19d|49777.1796875|14.05414265726|99.03405743474|-185213|41415||49777.1796875|319.75||31968.75|317.75|49777.1796875|06a19d|QTR933|0|2461|0|||3|3|0|1|1|132|114|["132,18,5,3748","132,114,5,455"]|636148145771800000|13:49:37:180
62|1.1|636147902754273127|06a19d|49782.1796875|14.05471128472|99.02181585112|-186535|41487||49782.1796875|319.75||31968.75|317.75|49782.1796875|06a19d|QTR933|0|2461|0|||3|3|0|1|1|132|114|["132,18,5,3748","132,114,5,455"]|636148145821800000|13:49:42:180
62|1.1|636147902804178117|06a19d|49787.15625|14.05521553926|99.00975665744|-187838|41553||49787.15625|319.75||31968.75|317.75|49787.15625|06a19d|QTR933|0|2461|0|||3|3|0|1|1|132|114|["132,18,5,3748","132,114,5,455"]|636148145871560000|13:49:47:156
62|1.1|636147902854103109|06a19d|49792.15625|14.0555588615|98.99755262469|-189156|41600||49792.15625|320||31962.5|318|49792.15625|06a19d|QTR933|0|2461|0|||3|3|0|1|1|132|114|["132,18,5,3748","132,114,5,455"]|636148145921560000|13:49:52:156
62|1.1|636147902904028101|06a19d|49797.140625|14.05599874312|98.98583675325|-190421|41658||49797.140625|320||31975|318|49797.140625|06a19d|QTR933|0|2461|0|||3|3|0|1|1|132|114|["132,18,5,3748","132,114,5,455"]|636148145971410000|13:49:57:141
62|1.1|636147902953943092|06a19d|49802.140625|14.05662637909|98.97383656808|-191717|41737||49802.140625|320||31962.5|318|49802.140625|06a19d|QTR933|0|2461|0|||3|3|0|1|1|132|114|["132,18,5,3748","132,114,5,455"]|636148146021410000|13:50:02:141
62|1.1|636147903003868084|06a19d|49807.140625|14.05721646419|98.96191148465|-193005|41812||49807.140625|320||31956.25|318|49807.140625|06a19d|QTR933|0|2461|0|||3|3|0|1|1|132|114|["132,18,5,3748","132,114,5,455"]|636148146071410000|13:50:07:141
62|1.1|636147903053793076|06a19d|49812.1171875|14.05821424445|98.95042091843|-194245|41932||49812.1171875|319.75||31975|318|49812.1171875|06a19d|QTR933|0|2461|0|||3|3|0|1|1|132|5|["132,18,5,3748","132,114,5,455"]|636148146121170000|13:50:12:117
62|1.1|636147903103708067|06a19d|49817.1171875|14.05890088893|98.93866749612|-195514|42017||49817.1171875|319.75||31987.5|317.75|49817.1171875|06a19d|QTR933|0|2461|0|||3|3|0|1|1|132|5|["132,18,5,3748","132,114,5,455"]|636148146171170000|13:50:17:117
62|1.1|636147903153633059|06a19d|49822.1015625|14.0596358131|98.92690334499|-196784|42108||49822.1015625|319.75||31975|317.75|49822.1015625|06a19d|QTR933|0|2461|0|||3|3|0|1|1|132|5|["132,18,5,3748","132,114,5,455"]|636148146221020000|13:50:22:102
62|1.1|636147903203568052|06a19d|49827.1015625|14.0602795423|98.9150533633|-198064|42189||49827.1015625|319.75||31981.25|317.75|49827.1015625|06a19d|QTR933|0|2461|0|||3|3|0|1|1|132|114|["132,18,5,3748","132,114,5,455"]|636148146271020000|13:50:27:102
62|1.1|636147903253473042|06a19d|49832.1015625|14.06087499181|98.90316583074|-199348|42265||49832.1015625|320||31981.25|317.75|49832.1015625|06a19d|QTR933|0|2461|0|||3|3|0|1|1|132|114|["132,18,5,3748","132,114,5,455"]|636148146321020000|13:50:32:102
62|1.1|636147903303398034|06a19d|49837.078125|14.06131487343|98.891289027|-200631|42324||49837.078125|320||31987.5|318|49837.078125|06a19d|QTR933|0|2461|0|||3|3|0|1|1|132|114|["132,18,5,3748","132,114,5,455"]|636148146370780000|13:50:37:078
62|1.1|636147903353323026|06a19d|49842.078125|14.06185131443|98.87951951146|-201902|42393||49842.078125|320||31993.75|318|49842.078125|06a19d|QTR933|0|2461|0|||3|3|0|1|1|132|114|["132,18,5,3748","132,114,5,455"]|636148146420780000|13:50:42:078
62|1.1|636147903403248018|06a19d|49847.0625|14.06251113686|98.8675246907|-203197|42476||49847.0625|319.75||31987.5|318|49847.0625|06a19d|QTR933|0|2461|0|||3|3|0|1|1|132|114|["132,18,5,3748","132,114,5,455"]|636148146470630000|13:50:47:063
62|1.1|636147903453163009|06a19d|49852.0625|14.06284909469|98.85575517516|-204468|42523||49852.0625|319.75||31987.5|317.75|49852.0625|06a19d|QTR933|0|2461|0|||3|3|0|1|1|132|114|["132,18,5,3748","132,114,5,455"]|636148146520630000|13:50:52:063
62|1.1|636147903503098002|06a19d|49857.0625|14.06305830668|98.84389446465|-205749|42557||49857.0625|319.75||31975|317.75|49857.0625|06a19d|QTR933|0|2461|0|||3|3|0|1|1|132|114|["132,18,5,3748","132,114,5,455"]|636148146570630000|13:50:57:063
62|1.1|636147903553012993|06a19d|49862.0390625|14.06390051905|98.83192646594|-207041|42660||49862.0390625|319.75||31975|317.75|49862.0390625|06a19d|QTR933|0|2461|0|||3|3|0|1|1|132|114|["132,18,5,3748","132,114,5,455"]|636148146620390000|13:51:02:039
62|1.1|636147903602937985|06a19d|49867.0390625|14.06444768887|98.81992628077|-208337|42731||49867.0390625|319.75||31981.25|317.75|49867.0390625|06a19d|QTR933|0|2461|0|||3|3|0|1|1|132|114|["132,18,5,3748","132,114,5,455"]|636148146670390000|13:51:07:039
62|1.1|636147903652862977|06a19d|49872.015625|14.06482319757|98.80931547779|-209483|42782||49872.015625|319.75||31987.5|317.75|49872.015625|06a19d|QTR933|0|2461|0|||3|3|0|1|1|132|5|["132,18,5,3748","132,114,5,455"]|636148146720160000|13:51:12:016
62|1.1|636147903702777968|06a19d|49877.015625|14.06528453683|98.79831307288|-210671|42843||49877.015625|319.75||31987.5|317.75|49877.015625|06a19d|QTR933|0|2461|0|||3|3|0|1|1|132|114|["132,18,5,3748","132,114,5,455"]|636148146770160000|13:51:17:016
62|1.1|636147903752692959|06a19d|49882.015625|14.06577269814|98.78694052368|-211899|42907||49882.015625|320||31993.75|317.75|49882.015625|06a19d|QTR933|0|2461|0|||3|3|0|1|1|132|114|["132,18,5,3748","132,114,5,455"]|636148146820160000|13:51:22:016
62|1.1|636147903802607950|06a19d|49887|14.0661803933|98.77371725303|-213327|42964||49887|320||32000|318|49887|06a19d|QTR933|0|2461|0|||3|3|0|1|1|132|114|["132,18,5,3748","132,114,5,455"]|636148146870000000|13:51:27:000
62|1.1|636147903852532942|06a19d|49892|14.06669001225|98.76064418586|-214739|43032||49892|320||32006.25|318|49892|06a19d|QTR933|0|2461|0|||3|3|0|1|1|132|5|["132,18,5,3748","132,114,5,455"]|636148146920000000|13:51:32:000
62|1.1|636147903902457934|06a19d|49896.9765625|14.06710843623|98.75076830705|-215806|43087||49896.9765625|319.75||31987.5|318|49896.9765625|06a19d|QTR933|0|2461|0|||3|3|0|1|1|132|5|["132,18,5,3748","132,114,5,455"]|636148146969770000|13:51:36:977
62|1.1|636147903952382926|06a19d|49901.9765625|14.067628784|98.73815657914|-217168|43156||49901.9765625|320||31993.75|317.75|49901.9765625|06a19d|QTR933|0|2461|0|||3|3|0|1|1|132|5|["132,18,5,3748","132,114,5,455"]|636148147019770000|13:51:41:977
62|1.1|636147904002307918|06a19d|49906.9765625|14.06818668264|98.72552339359|-218532|43230||49906.9765625|319.75||31981.25|317.75|49906.9765625|06a19d|QTR933|0|2461|0|||3|3|0|1|1|132|5|["132,18,5,3748","132,114,5,455"]|636148147069770000|13:51:46:977
62|1.1|636147904052232910|06a19d|49911.9609375|14.06877676774|98.71319597941|-219863|43306||49911.9609375|320||31987.5|318|49911.9609375|06a19d|QTR933|0|2461|0|||3|3|0|1|1|132|5|["132,18,5,3748","132,114,5,455"]|636148147119610000|13:51:51:961
62|1.1|636147904102147901|06a19d|49916.9609375|14.06935612402|98.70245106618|-221023|43380||49916.9609375|320||32000|318|49916.9609375|06a19d|QTR933|0|2461|0|||3|3|0|1|1|132|5|["132,18,5,3748","132,114,5,455"]|636148147169610000|13:51:56:961
62|1.1|636147904152072893|06a19d|49921.9375|14.0698818362|98.69066545741|-222296|43449||49921.9375|320||32006.25|318|49921.9375|06a19d|QTR933|0|2461|0|||3|3|0|1|1|132|114|["132,18,5,3748","132,114,5,455"]|636148147219380000|13:52:01:938
62|1.1|636147904201987884|06a19d|49926.9375|14.0703646331|98.67897640802|-223558|43514||49926.9375|320||32018.75|318|49926.9375|06a19d|QTR933|0|2461|0|||3|3|0|1|1|132|114|["132,18,5,3748","132,114,5,455"]|636148147269380000|13:52:06:938
62|1.1|636147904251912876|06a19d|49931.9375|14.07082597236|98.667056689|-224845|43576||49931.9375|319.75||32025|318|49931.9375|06a19d|QTR933|0|2461|0|||3|3|0|1|1|132|114|["132,18,5,3748","132,114,5,455"]|636148147319380000|13:52:11:938
62|1.1|636147904301857870|06a19d|49936.921875|14.07186130349|98.65365639282|-226292|43703||49936.921875|320||32000|318|49936.921875|06a19d|QTR933|0|2461|0|||3|3|0|1|1|132|114|["132,18,5,3748","132,114,5,455"]|636148147369220000|13:52:16:922
62|1.1|636147904351752859|06a19d|49941.921875|14.07259086325|98.64305095425|-227437|43794||49941.921875|320||32012.5|318|49941.921875|06a19d|QTR933|0|2461|0|||3|3|0|1|1|132|114|["132,18,5,3748","132,114,5,455"]|636148147419220000|13:52:21:922
62|1.1|636147904401687852|06a19d|49946.8984375|14.07313803307|98.63135117604|-228701|43866||49946.8984375|319.75||32012.5|318|49946.8984375|06a19d|QTR933|0|2461|0|||3|3|0|1|1|132|114|["132,18,5,3748","132,114,5,455"]|636148147468980000|13:52:26:898
62|1.1|636147904451642847|06a19d|49951.8984375|14.0736369232|98.61938854174|-229992|43933||49951.8984375|319.75||32018.75|317.75|49951.8984375|06a19d|QTR933|0|2461|0|||3|3|0|1|1|132|114|["132,18,5,3748","132,114,5,455"]|636148147518980000|13:52:31:898
62|1.1|636147904501527835|06a19d|49956.8984375|14.07473126284|98.60622964401|-231413|44066||49956.8984375|319.75||31975|317.75|49956.8984375|06a19d|QTR933|0|2461|0|||3|3|0|1|1|132|5|["132,18,5,3748","132,114,5,455"]|636148147568980000|13:52:36:898
62|1.1|636147904551452827|06a19d|49961.875|14.07565394136|98.59406316213|-232726|44180||49961.875|319.75||31968.75|317.75|49961.875|06a19d|QTR933|0|2461|0|||3|3|0|1|1|132|5|["132,18,5,3748","132,114,5,455"]|636148147618750000|13:52:41:875
62|1.1|636147904601367818|06a19d|49966.875|14.07638886553|98.58341480828|-233876|44272||49966.875|320||31993.75|317.75|49966.875|06a19d|QTR933|0|2461|0|||3|3|0|1|1|132|5|["132,18,5,3748","132,114,5,455"]|636148147668750000|13:52:46:875
62|1.1|636147904651292810|06a19d|49971.859375|14.0771237897|98.57140389429|-235173|44365||49971.859375|319.75||32000|317.75|49971.859375|06a19d|QTR933|0|2461|0|||3|3|0|1|1|132|18|["132,18,5,3748","132,114,5,455"]|636148147718590000|13:52:51:859
62|1.1|636147904701217802|06a19d|49976.859375|14.07795527325|98.5590174716|-236510|44469||49976.859375|320||32000|318|49976.859375|06a19d|QTR933|0|2461|0|||3|3|0|1|1|132|5|["132,18,5,3748","132,114,5,455"]|636148147768590000|13:52:56:859
62|1.1|636147904751162796|06a19d|49981.859375|14.0787331127|98.54815454135|-237683|44566||49981.859375|319.75||31987.5|317.75|49981.859375|06a19d|QTR933|0|2461|0|||3|3|0|1|1|132|5|["132,18,5,3748","132,114,5,455"]|636148147818590000|13:53:01:859
62|1.1|636147904801057785|06a19d|49986.8359375|14.0794841301|98.53671225482|-238918|44661||49986.8359375|319.75||31981.25|317.75|49986.8359375|06a19d|QTR933|0|2461|0|||3|3|0|1|1|132|5|["132,18,5,3748","132,114,5,455"]|636148147868360000|13:53:06:836
62|1.1|636147904850972776|06a19d|49991.8359375|14.08020832545|98.52505002748|-240177|44753||49991.8359375|320||31981.25|318|49991.8359375|06a19d|QTR933|0|2461|0|||3|3|0|1|1|132|114|["132,18,5,3748","132,114,5,455"]|636148147918360000|13:53:11:836
62|1.1|636147904900907769|06a19d|49996.8203125|14.08090033434|98.51331806281|-241444|44841||49996.8203125|320||31981.25|318|49996.8203125|06a19d|QTR933|0|2461|0|||3|3|0|1|1|132|114|["132,18,5,3748","132,114,5,455"]|636148147968200000|13:53:16:820
62|1.1|636147904950822760|06a19d|50001.8203125|14.08183910609|98.49951007147|-242935|44959||50001.8203125|319.75||31975|317.75|50001.8203125|06a19d|QTR933|0|2461|0|||3|3|0|1|1|132|114|["132,18,5,3748","132,114,5,455"]|636148148018200000|13:53:21:820
62|1.1|636147905000737751|06a19d|50006.8203125|14.08262767436|98.48692516561|-244293|45059||50006.8203125|319.75||31968.75|317.75|50006.8203125|06a19d|QTR933|0|2461|0|||3|3|0|1|1|132|5|["132,18,5,3748","132,114,5,455"]|636148148068200000|13:53:26:820
62|1.1|636147905050662743|06a19d|50011.796875|14.0834001494|98.47476404814|-245607|45157||50011.796875|319.75||31975|317.75|50011.796875|06a19d|QTR933|0|2461|0|||3|3|0|1|1|132|114|["132,18,5,3748","132,114,5,455"]|636148148117970000|13:53:31:797
62|1.1|636147905100597736|06a19d|50016.796875|14.08417262444|98.46402986373|-246765|45253||50016.796875|320||32006.25|317.75|50016.796875|06a19d|QTR933|0|2461|0|||3|3|0|1|1|132|114|["132,18,5,3748","132,114,5,455"]|636148148167970000|13:53:36:797
62|1.1|636147905150502726|06a19d|50021.78125|14.08490754861|98.45183119539|-248082|45348||50021.78125|320||32000|318|50021.78125|06a19d|QTR933|0|2461|0|||3|3|0|1|1|132|5|["132,18,5,3748","132,114,5,455"]|636148148217810000|13:53:41:781
62|1.1|636147905200427718|06a19d|50026.78125|14.08566393042|98.43980955258|-249380|45444||50026.78125|319.75||32006.25|318|50026.78125|06a19d|QTR933|0|2461|0|||3|3|0|1|1|132|114|["132,18,5,3748","132,114,5,455"]|636148148267810000|13:53:46:781
62|1.1|636147905250352710|06a19d|50031.78125|14.08642031223|98.42782546064|-250674|45540||50031.78125|319.75||32025|317.75|50031.78125|06a19d|QTR933|0|2461|0|||3|3|0|1|1|132|114|["132,18,5,3748","132,114,5,455"]|636148148317810000|13:53:51:781
62|1.1|636147905300277702|06a19d|50036.7578125|14.08716060081|98.41780474276|-251756|45633||50036.7578125|320||32018.75|318|50036.7578125|06a19d|QTR933|0|2461|0|||3|3|0|1|1|132|114|["132,18,5,3748","132,114,5,455"]|636148148367580000|13:53:56:758
62|1.1|636147905350192693|06a19d|50041.7578125|14.08785797411|98.40631417654|-252996|45722||50041.7578125|320||32025|318|50041.7578125|06a19d|QTR933|0|2461|0|||3|3|0|1|1|132|114|["132,18,5,3748","132,114,5,455"]|636148148417580000|13:54:01:758
62|1.1|636147905400117685|06a19d|50046.7421875|14.088549983|98.39443200839|-254279|45811||50046.7421875|320||32031.25|318|50046.7421875|06a19d|QTR933|0|2461|0|||3|3|0|1|1|132|5|["132,18,5,3748","132,114,5,455"]|636148148467420000|13:54:06:742
62|1.1|636147905450032676|06a19d|50051.7421875|14.08918298338|98.38217969595|-255602|45894||50051.7421875|319.75||32031.25|317.75|50051.7421875|06a19d|QTR933|0|2461|0|||3|3|0|1|1|132|5|["132,18,5,3748","132,114,5,455"]|636148148517420000|13:54:11:742
62|1.1|636147905499957668|06a19d|50056.7421875|14.08957458531|98.36973426475|-256946|45951||50056.7421875|319.75||32012.5|317.75|50056.7421875|06a19d|QTR933|0|2461|0|||3|3|0|1|1|132|114|["132,18,5,3748","132,114,5,455"]|636148148567420000|13:54:16:742
62|1.1|636147905549872659|06a19d|50061.71875|14.09003056016|98.35735857088|-258283|46015||50061.71875|319.75||31981.25|317.75|50061.71875|06a19d|QTR933|0|2461|0|||3|3|0|1|1|132|114|["132,18,5,3748","132,114,5,455"]|636148148617190000|13:54:21:719
62|1.1|636147905599807652|06a19d|50066.71875|14.09034706035|98.34518672459|-259597|46063||50066.71875|320||31950|318|50066.71875|06a19d|QTR933|0|2461|0|||3|3|0|1|1|132|114|["132,18,5,3748","132,114,5,455"]|636148148667190000|13:54:26:719
62|1.1|636147905649732644|06a19d|50071.6953125|14.09087277253|98.33341720905|-260868|46134||50071.6953125|319.75||31937.5|318|50071.6953125|06a19d|QTR933|0|2461|0|||3|3|0|1|1|132|114|["132,18,5,3748","132,114,5,455"]|636148148716950000|13:54:31:695
62|1.1|636147905699647635|06a19d|50076.6953125|14.09250891758|98.32312290626|-261978|46327||50076.6953125|320||32006.25|318|50076.6953125|06a19d|QTR933|0|2461|0|||3|3|0|1|1|132|18|["132,18,5,3748","132,114,5,455"]|636148148766950000|13:54:36:695
62|1.1|636147905749562626|06a19d|50081.6953125|14.09346914697|98.31011421201|-263383|46447||50081.6953125|320||32000|318|50081.6953125|06a19d|QTR933|0|2461|0|||3|3|0|1|1|132|114|["132,18,5,3748","132,114,5,455"]|636148148816950000|13:54:41:695
62|1.1|636147905799487618|06a19d|50086.6796875|14.09416115586|98.29800137423|-264690|46537||50086.6796875|320||31993.75|318|50086.6796875|06a19d|QTR933|0|2461|0|||3|3|0|1|1|132|114|["132,18,5,3748","132,114,5,455"]|636148148866800000|13:54:46:680
62|1.1|636147905849412610|06a19d|50091.6796875|14.09473514773|98.28592608732|-265994|46614||50091.6796875|319.75||31987.5|317.75|50091.6796875|06a19d|QTR933|0|2461|0|||3|3|0|1|1|132|114|["132,18,5,3748","132,114,5,455"]|636148148916800000|13:54:51:680
62|1.1|636147905899327601|06a19d|50096.65625|14.09246063789|98.27412438532|-267272|46376||50096.65625|319.75||31956.25|317.75|50096.65625|06a19d|QTR933|0|2461|0|||3|3|0|1|1|132|114|["132,18,5,3748","132,114,5,455"]|636148148966560000|13:54:56:656
62|1.1|636147905949252593|06a19d|50101.65625|14.0934852402|98.26193108139|-268588|46503||50101.65625|319.75||31943.75|317.75|50101.65625|06a19d|QTR933|0|2461|0|||3|3|0|1|1|132|18|["132,18,5,3748","132,114,5,455"]|636148149016560000|13:55:01:656
62|1.1|636147905999177585|06a19d|50106.65625|14.0962747334|98.25006500647|-269867|46825||50106.65625|320||31918.75|318|50106.65625|06a19d|QTR933|0|2461|0|||3|3|0|1|1|132|114|["132,18,5,3748","132,114,5,455"]|636148149066560000|13:55:06:656
62|1.1|636147906049102577|06a19d|50111.640625|14.09747636124|98.23840277913|-271125|46971||50111.640625|320||31912.5|318|50111.640625|06a19d|QTR933|0|2461|0|||3|3|0|1|1|132|114|["132,18,5,3748","132,114,5,455"]|636148149116410000|13:55:11:641
62|1.1|636147906099017568|06a19d|50116.640625|14.09873699759|98.22660644154|-272398|47124||50116.640625|320||31912.5|318|50116.640625|06a19d|QTR933|0|2461|0|||3|3|0|1|1|132|114|["132,18,5,3748","132,114,5,455"]|636148149166410000|13:55:16:641
62|1.1|636147906148932559|06a19d|50121.6171875|14.09987425251|98.21487447687|-273664|47263||50121.6171875|320||31906.25|318|50121.6171875|06a19d|QTR933|0|2461|0|||3|3|0|1|1|132|114|["132,18,5,3748","132,114,5,455"]|636148149216170000|13:55:21:617
62|1.1|636147906198857551|06a19d|50126.6171875|14.10086130395|98.20273481704|-274974|47387||50126.6171875|320||31893.75|318|50126.6171875|06a19d|QTR933|0|2461|0|||3|3|0|1|1|132|18|["132,18,5,3748","132,114,5,455"]|636148149266170000|13:55:26:617
62|1.1|636147906248782543|06a19d|50131.6171875|14.10329674609|98.19098139473|-276241|47669||50131.6171875|320||31881.25|318|50131.6171875|06a19d|QTR933|0|2461|0|||3|3|0|1|1|132|114|["132,18,5,3748","132,114,5,455"]|636148149316170000|13:55:31:617
62|1.1|636147906298717536|06a19d|50136.6015625|14.10425161107|98.18000044746|-277427|47788||50136.6015625|320||31881.25|318|50136.6015625|06a19d|QTR933|0|2461|0|||3|3|0|1|1|132|114|["132,18,5,3748","132,114,5,455"]|636148149366020000|13:55:36:602
62|1.1|636147906348622526|06a19d|50141.6015625|14.10559271357|98.16874055087|-278641|47949||50141.6015625|320||31881.25|318|50141.6015625|06a19d|QTR933|0|2461|0|||3|3|0|1|1|132|114|["132,18,5,3748","132,114,5,455"]|636148149416020000|13:55:41:602
62|1.1|636147906398557519|06a19d|50146.578125|14.10787795223|98.15743237459|-279860|48216||50146.578125|320||31881.25|318|50146.578125|06a19d|QTR933|0|2461|0|||3|3|0|1|1|132|114|["132,18,5,3748","132,114,5,455"]|636148149465780000|13:55:46:578
62|1.1|636147906448482511|06a19d|50151.578125|14.11009881797|98.14514251128|-281185|48476||50151.578125|320||31875|318|50151.578125|06a19d|QTR933|0|2461|0|||3|3|0|1|1|132|18|["132,18,5,3748","132,114,5,455"]|636148149515780000|13:55:51:578
62|1.1|636147906498397502|06a19d|50156.578125|14.11514136337|98.13410791991|-282371|49047||50156.578125|319.75||31875|317.75|50156.578125|06a19d|QTR933|0|2461|0|||3|3|0|1|1|132|114|["132,18,5,3748","132,114,5,455"]|636148149565780000|13:55:56:578
62|1.1|636147906548312493|06a19d|50161.5625|14.11952408634|98.12261198928|-283608|49546||50161.5625|319.75||31875|317.75|50161.5625|06a19d|QTR933|0|2461|0|||3|3|0|1|1|132|114|["132,18,5,3748","132,114,5,455"]|636148149615630000|13:56:01:563
62|1.1|636147906598237485|06a19d|50166.5625|14.12484558106|98.11218894065|-284727|50147||50166.5625|319.75||31981.25|317.75|50166.5625|06a19d|QTR933|0|2461|0|||3|3|0|1|1|132|18|["132,18,5,3748","132,114,5,455"]|636148149665630000|13:56:06:563
62|1.1|636147906648162477|06a19d|50171.5390625|14.12842364253|98.09984006883|-286057|50558||50171.5390625|319.75||31981.25|317.75|50171.5390625|06a19d|QTR933|0|2461|0|||3|3|0|1|1|132|114|["132,18,5,3748","132,114,5,455"]|636148149715390000|13:56:11:539
62|1.1|636147906698077468|06a19d|50176.5390625|14.13090199995|98.08856944342|-287271|50846||50176.5390625|319.75||31987.5|317.75|50176.5390625|06a19d|QTR933|0|2461|0|||3|3|0|1|1|132|18|["132,18,5,3748","132,114,5,455"]|636148149765390000|13:56:16:539
62|1.1|636147906748012461|06a19d|50181.5390625|14.13368076433|98.07610255458|-288614|51169||50181.5390625|320||31993.75|317.75|50181.5390625|06a19d|QTR933|0|2461|0|||3|3|0|1|1|132|18|["132,18,5,3748","132,114,5,455"]|636148149815390000|13:56:21:539
62|1.1|636147906797927452|06a19d|50186.515625|14.13651853722|98.06387169978|-289932|51498||50186.515625|320||32000|318|50186.515625|06a19d|QTR933|0|2461|0|||3|3|0|1|1|132|5|["132,18,5,3748","132,114,5,455"]|636148149865160000|13:56:26:516
62|1.1|636147906847842443|06a19d|50191.515625|14.13939386098|98.05213973511|-291196|51830||50191.515625|320||32000|318|50191.515625|06a19d|QTR933|0|2461|0|||3|3|0|1|1|132|18|["132,18,5,3748","132,114,5,455"]|636148149915160000|13:56:31:516
62|1.1|636147906897777436|06a19d|50196.5|14.14212434567|98.04029511783|-292472|52147||50196.5|320||32006.25|318|50196.5|06a19d|QTR933|0|2461|0|||3|3|0|1|1|132|18|["132,18,5,3748","132,114,5,455"]|636148149965000000|13:56:36:500
62|1.1|636147906947692427|06a19d|50201.5|14.14470462688|98.02839685645|-293754|52448||50201.5|320||32018.75|318|50201.5|06a19d|QTR933|0|2461|0|||3|3|0|1|1|132|18|["132,18,5,3748","132,114,5,455"]|636148150015000000|13:56:41:500
62|1.1|636147906997607418|06a19d|50206.5|14.14717761989|98.01652541712|-295033|52736||50206.5|320||32018.75|318|50206.5|06a19d|QTR933|0|2461|0|||3|3|0|1|1|132|18|["132,18,5,3748","132,114,5,455"]|636148150065000000|13:56:46:500
62|1.1|636147907047522409|06a19d|50211.4765625|14.15601816757|98.00586097004|-296173|53728||50211.4765625|319.75||31943.75|317.75|50211.4765625|06a19d|QTR933|0|2461|0|||3|3|0|1|1|132|18|["132,18,5,3748","132,114,5,455"]|636148150114770000|13:56:51:477
62|1.1|636147907097457402|06a19d|50216.4765625|14.1536202763|97.99582415893|-297261|53475||50216.4765625|319.75||31981.25|317.75|50216.4765625|06a19d|QTR933|0|2461|0|||3|3|0|1|1|132|5|["132,18,5,3748"]|636148150164770000|13:56:56:477
62|1.1|636147907147382394|06a19d|50221.4609375|14.15656533739|97.98334654127|-298605|53816||50221.4609375|319.75||31975|317.75|50221.4609375|06a19d|QTR933|0|2461|0|||3|3|0|1|1|132|5|["132,18,5,3748"]|636148150214610000|13:57:01:461
62|1.1|636147907197297385|06a19d|50226.4609375|14.15926900003|97.97270891624|-299750|54129||50226.4609375|319.75||31975|317.75|50226.4609375|06a19d|QTR933|0|2461|0|||3|3|0|1|1|132|18|["132,18,5,3748"]|636148150264610000|13:57:06:461
62|1.1|636147907247232378|06a19d|50231.4609375|14.16201557795|97.96139001114|-300969|54447||50231.4609375|320||31981.25|317.75|50231.4609375|06a19d|QTR933|0|2461|0|||3|3|0|1|1|132|18|["132,18,5,3748"]|636148150314610000|13:57:11:461
62|1.1|636147907297147369|06a19d|50236.4375|14.16485335084|97.95031250449|-302162|54776||50236.4375|320||32006.25|318|50236.4375|06a19d|QTR933|0|2461|0|||3|3|0|1|1|132|18|["132,18,5,3748"]|636148150364380000|13:57:16:438
62|1.1|636147907347052359|06a19d|50241.4375|14.16771794578|97.93884339591|-303397|55107||50241.4375|320||32012.5|318|50241.4375|06a19d|QTR933|0|2461|0|||3|3|0|1|1|132|114|["132,18,5,3748","132,114,4,455"]|636148150414380000|13:57:21:438
62|1.1|636147907396977351|06a19d|50246.421875|14.17085076122|97.92573277787|-304809|55471||50246.421875|319.75||31975|317.75|50246.421875|06a19d|QTR933|0|2461|0|||3|3|0|1|1|132|5|["132,18,5,3748"]|636148150464220000|13:57:26:422
62|1.1|636147907446912344|06a19d|50251.421875|14.17374754262|97.91356629599|-306119|55807||50251.421875|320||31962.5|318|50251.421875|06a19d|QTR933|0|2461|0|||3|3|0|1|1|132|114|["132,18,5,3748","132,114,4,455"]|636148150514220000|13:57:31:422
62|1.1|636147907496827335|06a19d|50256.421875|14.17662286638|97.9013944497|-307430|56141||50256.421875|319.75||31956.25|317.75|50256.421875|06a19d|QTR933|0|2461|0|||3|3|0|1|1|132|114|["132,18,5,3748","132,114,4,455"]|636148150564220000|13:57:36:422
62|1.1|636147907546742326|06a19d|50261.3984375|14.17954646983|97.89177606257|-308465|56477||50261.3984375|319.75||31975|317.75|50261.3984375|06a19d|QTR933|0|2461|0|||3|3|0|1|1|132|114|["132,18,5,3748","132,114,5,571"]|636148150613980000|13:57:41:398
62|1.1|636147907596677319|06a19d|50266.3984375|14.18233596303|97.88029086076|-309702|56801||50266.3984375|319.75||31981.25|317.75|50266.3984375|06a19d|QTR933|0|2461|0|||3|3|0|1|1|132|114|["132,18,5,3748","132,114,5,571"]|636148150663980000|13:57:46:398
62|1.1|636147907646602311|06a19d|50271.375|14.18520055797|97.86884320982|-310934|57133||50271.375|319.75||31981.25|317.75|50271.375|06a19d|QTR933|0|2461|0|||3|3|0|1|1|132|114|["132,18,5,3748","132,114,5,571"]|636148150713750000|13:57:51:375
62|1.1|636147907696507301|06a19d|50276.375|14.18849430571|97.85711124515|-312197|57513||50276.375|319.75||31975|317.75|50276.375|06a19d|QTR933|0|2461|0|||3|3|0|1|1|132|18|["132,18,5,3748","132,114,5,571"]|636148150763750000|13:57:56:375
62|1.1|636147907746432293|06a19d|50281.375|14.19144473121|97.84559385688|-313437|57855||50281.375|319.75||31975|317.75|50281.375|06a19d|QTR933|0|2461|0|||3|3|0|1|1|132|18|["132,18,5,3748","132,114,5,571"]|636148150813750000|13:58:01:375
62|1.1|636147907796357285|06a19d|50286.359375|14.19381580043|97.83205408604|-314896|58135||50286.359375|319.75||31912.5|317.75|50286.359375|06a19d|QTR933|0|2461|0|||3|3|0|1|1|132|18|["132,18,5,3748","132,114,5,571"]|636148150863590000|13:58:06:359
62|1.1|636147907846292278|06a19d|50291.359375|14.19758698066|97.81979640919|-316215|58569||50291.359375|319.75||31900|317.75|50291.359375|06a19d|QTR933|0|2461|0|||3|3|0|1|1|132|114|["132,18,5,3748","132,114,4,571"]|636148150913590000|13:58:11:359
62|1.1|636147907896197268|06a19d|50296.3359375|14.20071443169|97.80770502905|-317516|58931||50296.3359375|320||31893.75|318|50296.3359375|06a19d|QTR933|0|2461|0|||3|3|0|1|1|132|114|["132,18,5,3748","132,114,4,571"]|636148150963360000|13:58:16:336
62|1.1|636147907946122260|06a19d|50301.3359375|14.20343955197|97.79587114059|-318791|59249||50301.3359375|320||31900|317.75|50301.3359375|06a19d|QTR933|0|2461|0|||3|3|0|1|1|132|114|["132,18,5,3748","132,114,5,574"]|636148151013360000|13:58:21:336
62|1.1|636147907996047252|06a19d|50306.3359375|14.20638997747|97.78424646412|-320042|59591||50306.3359375|320||31887.5|317.75|50306.3359375|06a19d|QTR933|0|2461|0|||3|3|0|1|1|132|114|["132,18,5,3748","132,114,5,574"]|636148151063360000|13:58:26:336
62|1.1|636147908045962243|06a19d|50311.3203125|14.20897025868|97.77287391492|-321267|59892||50311.3203125|320||31881.25|317.75|50311.3203125|06a19d|QTR933|0|2461|0|||3|3|0|1|1|132|114|["132,18,5,3748","132,114,5,574"]|636148151113200000|13:58:31:320
62|1.1|636147908095907237|06a19d|50316.3203125|14.21180803157|97.76108294174|-322536|60222||50316.3203125|320||31862.5|317.75|50316.3203125|06a19d|QTR933|0|2461|0|||3|3|0|1|1|132|18|["132,18,5,3748","132,114,5,574"]|636148151163200000|13:58:36:320
62|1.1|636147908145812227|06a19d|50321.296875|14.21442049924|97.74956555347|-323776|60527||50321.296875|319.75||31850|317.5|50321.296875|06a19d|QTR933|0|2461|0|||3|3|0|1|1|132|114|["132,18,5,3748","132,114,5,574"]|636148151212970000|13:58:41:297
62|1.1|636147908195727218|06a19d|50326.296875|14.21653407678|97.73827883483|-324992|60776||50326.296875|320||31856.25|317.5|50326.296875|06a19d|QTR933|0|2461|0|||3|3|0|1|1|132|114|["132,18,5,3748","132,114,5,574"]|636148151262970000|13:58:46:297
62|1.1|636147908245662211|06a19d|50331.296875|14.21902316302|97.72674535333|-326234|61068||50331.296875|320||31856.25|317.75|50331.296875|06a19d|QTR933|0|2461|0|||3|3|0|1|1|132|114|["132,18,5,3748","132,114,5,574"]|636148151312970000|13:58:51:297
62|1.1|636147908295567201|06a19d|50336.28125|14.22149615603|97.71538889736|-327457|61357||50336.28125|320||31850|317.75|50336.28125|06a19d|QTR933|0|2461|0|||3|3|0|1|1|132|114|["132,18,5,3748","132,114,5,574"]|636148151362810000|13:58:56:281
62|1.1|636147908345482192|06a19d|50341.28125|14.22400669991|97.70350672921|-328737|61652||50341.28125|319.75||31843.75|317.5|50341.28125|06a19d|QTR933|0|2461|0|||3|3|0|1|1|132|18|["132,18,5,3748","132,114,5,574"]|636148151412810000|13:59:01:281
62|1.1|636147908395417185|06a19d|50346.2578125|14.22696785423|97.69228438349|-329945|61995||50346.2578125|319.75||31850|317.5|50346.2578125|06a19d|QTR933|0|2461|0|||3|3|0|1|1|132|114|["132,18,5,3748","132,114,5,574"]|636148151462580000|13:59:06:258
62|1.1|636147908445332176|06a19d|50351.2578125|14.23190311143|97.68041830857|-331219|62558||50351.2578125|319.75||31975|317.5|50351.2578125|06a19d|QTR933|0|2461|0|||3|3|0|1|1|132|114|["132,18,5,3748","132,114,5,574"]|636148151512580000|13:59:11:258
62|1.1|636147908495267169|06a19d|50356.2578125|14.23477843519|97.67011327696|-332328|62890||50356.2578125|319.75||31987.5|317.5|50356.2578125|06a19d|QTR933|0|2461|0|||3|3|0|1|1|132|114|["132,18,5,3748","132,114,5,574"]|636148151562580000|13:59:16:258
62|1.1|636147908545182160|06a19d|50361.2421875|14.23763766572|97.65874072776|-333552|63223||50361.2421875|319.75||32012.5|317.5|50361.2421875|06a19d|QTR933|0|2461|0|||3|3|0|1|1|132|114|["132,18,5,3748","132,114,5,574"]|636148151612420000|13:59:21:242
62|1.1|636147908595097151|06a19d|50366.2421875|14.24053981153|97.64708922924|-334806|63561||50366.2421875|319.75||32018.75|317.5|50366.2421875|06a19d|QTR933|0|2461|0|||3|3|0|1|1|132|114|["132,18,5,3748","132,114,5,574"]|636148151662420000|13:59:26:242
62|1.1|636147908645012142|06a19d|50371.21875|14.24315764361|97.63527143401|-336078|63867||50371.21875|320||32018.75|317.75|50371.21875|06a19d|QTR933|0|2461|0|||3|3|0|1|1|132|114|["132,18,5,3748","132,114,5,574"]|636148151712190000|13:59:31:219
62|1.1|636147908694967137|06a19d|50376.21875|14.24571646718|97.62316396064|-337382|64168||50376.21875|319.75||31981.25|317.75|50376.21875|06a19d|QTR933|0|2461|0|||3|3|0|1|1|132|114|["132,18,5,3748","132,114,5,574"]|636148151762190000|13:59:36:219
62|1.1|636147908744862126|06a19d|50381.21875|14.24911750312|97.61151782653|-338635|64561||50381.21875|320||32000|317.75|50381.21875|06a19d|QTR933|0|2461|0|||3|3|0|1|1|132|5|["132,18,5,3748","132,114,5,574"]|636148151812190000|13:59:41:219
62|1.1|636147908794777117|06a19d|50386.1953125|14.25204110657|97.59965711602|-339911|64902||50386.1953125|320||32000|317.75|50386.1953125|06a19d|QTR933|0|2461|0|||3|3|0|1|1|132|5|["132,18,5,3748","132,114,5,574"]|636148151861950000|13:59:46:195
62|1.1|636147908844562095|06a19d|50391.1953125|14.25488424387|97.58783395638|-341183|65233||50391.1953125|319.75||32000|317.5|50391.1953125|06a19d|QTR933|0|2461|0|||3|3|0|1|1|132|114|["132,18,5,3748","132,114,5,574"]|636148151911950000|13:59:51:195
62|1.1|636147908894617100|06a19d|50396.1796875|14.25778102527|97.57599470351|-342458|65571||50396.1796875|320||31993.75|317.75|50396.1796875|06a19d|QTR933|0|2461|0|||3|3|0|1|1|132|114|["132,18,5,3748","132,114,5,574"]|636148151961800000|13:59:56:180
62|1.1|636147908944412079|06a19d|50401.1796875|14.26056515406|97.56402134039|-343747|65897||50401.1796875|320||31981.25|317.75|50401.1796875|06a19d|QTR933|0|2461|0|||3|3|0|1|1|132|114|["132,18,5,3748","132,114,5,574"]|636148152011800000|14:00:01:180
62|1.1|636147908994337071|06a19d|50406.1796875|14.263429749|97.55195141789|-345046|66231||50406.1796875|320||31950|317.75|50406.1796875|06a19d|QTR933|0|2461|0|||3|3|0|1|1|132|114|["132,18,5,3748","132,114,5,574"]|636148152061800000|14:00:06:180
62|1.1|636147909044242061|06a19d|50411.15625|14.26622997102|97.53983858011|-346349|66559||50411.15625|319.75||31887.5|317.75|50411.15625|06a19d|QTR933|0|2461|0|||3|3|0|1|1|132|114|["132,18,5,3748","132,114,5,574"]|636148152111560000|14:00:11:156
62|1.1|636147909094167053|06a19d|50416.15625|14.26884243869|97.52804224252|-347619|66866||50416.15625|319.75||31843.75|317.5|50416.15625|06a19d|QTR933|0|2461|0|||3|3|0|1|1|132|114|["132,18,5,3748","132,114,5,574"]|636148152161560000|14:00:16:156
62|1.1|636147909144092045|06a19d|50421.140625|14.27124032996|97.51653558307|-348858|67148||50421.140625|319.75||31818.75|319.75|50421.140625|06a19d|QTR933|0|2461|0|||3|3|0|1|1|132|114|["132,18,5,3748","132,114,5,574"]|636148152211410000|14:00:21:141
62|1.1|636147909194007036|06a19d|50426.140625|14.27405664521|97.50470705902|-350131|67477||50426.140625|320||31800|319.75|50426.140625|06a19d|QTR933|0|2461|0|||3|3|0|1|1|132|114|["132,18,5,3748","132,114,5,574"]|636148152261410000|14:00:26:141
62|1.1|636147909243932028|06a19d|50431.140625|14.27673885021|97.49292145025|-351399|67792||50431.140625|319.75||31787.5|319.75|50431.140625|06a19d|QTR933|0|2461|0|||3|3|0|1|1|132|114|["132,18,5,3748","132,114,5,574"]|636148152311410000|14:00:31:141
62|1.1|636147909293867021|06a19d|50436.1171875|14.27974828422|97.48116266353|-352665|68142||50436.1171875|319.75||31775|319.75|50436.1171875|06a19d|QTR933|0|2461|0|||3|3|0|1|1|132|114|["132,18,5,3748","132,114,5,574"]|636148152361170000|14:00:36:117
62|1.1|636147909343792013|06a19d|50441.1171875|14.28221591282|97.46967209731|-353901|68433||50441.1171875|320||31787.5|319.75|50441.1171875|06a19d|QTR933|0|2461|0|||3|3|0|1|1|132|114|["132,18,5,3748","132,114,5,574"]|636148152411170000|14:00:41:117
62|1.1|636147909393697003|06a19d|50446.1015625|14.28525753329|97.45792403941|-355165|68787||50446.1015625|319.75||31781.25|319.75|50446.1015625|06a19d|QTR933|0|2461|0|||3|3|0|1|1|132|114|["132,18,5,3748","132,114,5,574"]|636148152461020000|14:00:46:102
62|1.1|636147909443611994|06a19d|50451.1015625|14.28790218742|97.44628863412|-356418|69097||50451.1015625|320||31793.75|320|50451.1015625|06a19d|QTR933|0|2461|0|||3|3|0|1|1|132|114|["132,18,5,3748","132,114,5,574"]|636148152511020000|14:00:51:102
62|1.1|636147909493546987|06a19d|50456.1015625|14.2910028164|97.43455130504|-357680|69458||50456.1015625|320||31800|320|50456.1015625|06a19d|QTR933|0|2461|0|||3|3|0|1|1|132|114|["132,18,5,3748","132,114,5,574"]|636148152561020000|14:00:56:102
62|1.1|636147909543451977|06a19d|50461.078125|14.29407662333|97.42283006919|-358941|69816||50461.078125|320||31806.25|320|50461.078125|06a19d|QTR933|0|2461|0|||3|3|0|1|1|132|114|["132,18,5,3748","132,114,5,574"]|636148152610780000|14:01:01:078
62|1.1|636147909593386970|06a19d|50466.078125|14.29681247243|97.41116784185|-360196|70137||50466.078125|319.75||31806.25|319.75|50466.078125|06a19d|QTR933|0|2461|0|||3|3|0|1|1|132|114|["132,18,5,3748","132,114,5,574"]|636148152660780000|14:01:06:078
62|1.1|636147909643321963|06a19d|50471.0625|14.29972534706|97.39977383501|-361422|70477||50471.0625|319.75||31812.5|319.75|50471.0625|06a19d|QTR933|0|2461|0|||3|3|0|1|1|132|114|["132,18,5,3748","132,114,5,574"]|636148152710630000|14:01:11:063
62|1.1|636147909693226953|06a19d|50476.0625|14.30267040815|97.38799359065|-362689|70821||50476.0625|320||31825|320|50476.0625|06a19d|QTR933|0|2461|0|||3|3|0|1|1|132|114|["132,18,5,3748","132,114,5,574"]|636148152760630000|14:01:16:063
62|1.1|636147909743141944|06a19d|50481.0625|14.30577103713|97.37614897337|-363963|71182||50481.0625|320||31818.75|320|50481.0625|06a19d|QTR933|0|2461|0|||3|3|0|1|1|132|114|["132,18,5,3748","132,114,5,574"]|636148152810630000|14:01:21:063
62|1.1|636147909793086938|06a19d|50486.0390625|14.30872682704|97.36453502572|-365212|71528||50486.0390625|319.75||31825|319.75|50486.0390625|06a19d|QTR933|0|2461|0|||3|3|0|1|1|132|114|["132,18,5,3748","132,114,5,574"]|636148152860390000|14:01:26:039
62|1.1|636147909842981927|06a19d|50491.0390625|14.31152168465|97.35278160341|-366477|71855||50491.0390625|319.75||31818.75|319.75|50491.0390625|06a19d|QTR933|0|2461|0|||3|3|0|1|1|132|114|["132,18,5,3748","132,114,5,574"]|636148152910390000|14:01:31:039
62|1.1|636147909892906919|06a19d|50496.015625|14.31431117785|97.34087261321|-367758|72183||50496.015625|319.75||31806.25|319.75|50496.015625|06a19d|QTR933|0|2461|0|||3|3|0|1|1|132|18|["132,18,5,3748","132,114,5,574"]|636148152960160000|14:01:36:016
62|1.1|636147909942831911|06a19d|50501.015625|14.31717577279|97.32908700444|-369026|72518||50501.015625|319.75||31793.75|319.75|50501.015625|06a19d|QTR933|0|2461|0|||3|3|0|1|1|132|114|["132,18,5,3748","132,114,5,574"]|636148153010160000|14:01:41:016
62|1.1|636147909992756903|06a19d|50506.015625|14.32006718978|97.31738722623|-370284|72856||50506.015625|319.75||31793.75|319.75|50506.015625|06a19d|QTR933|0|2461|0|||3|3|0|1|1|132|114|["132,18,5,3748","132,114,5,574"]|636148153060160000|14:01:46:016
62|1.1|636147910042671894|06a19d|50511|14.32300688646|97.30596103293|-371513|73200||50511|320||31812.5|320|50511|06a19d|QTR933|0|2461|0|||3|3|0|1|1|132|114|["132,18,5,3748","132,114,5,574"]|636148153110000000|14:01:51:000
62|1.1|636147910092596886|06a19d|50516|14.32578565084|97.29428271236|-372770|73526||50516|320||31818.75|320|50516|06a19d|QTR933|0|2461|0|||3|3|0|1|1|132|114|["132,18,5,3748","132,114,5,574"]|636148153160000000|14:01:56:000
62|1.1|636147910142531879|06a19d|50520.9765625|14.32877362721|97.28257220533|-374029|73875||50520.9765625|319.75||31818.75|320|50520.9765625|06a19d|QTR933|0|2461|0|||3|3|0|1|1|132|114|["132,18,5,3748","132,114,5,574"]|636148153209770000|14:02:00:977
62|1.1|636147910192436869|06a19d|50525.9765625|14.33111787438|97.27107091029|-375267|74153||50525.9765625|320||31825|320|50525.9765625|06a19d|QTR933|0|2461|0|||3|3|0|1|1|132|114|["132,18,5,3748","132,114,5,574"]|636148153259770000|14:02:05:977
62|1.1|636147910242371862|06a19d|50530.9765625|14.33414876603|97.25949451351|-376512|74507||50530.9765625|320||31825|320|50530.9765625|06a19d|QTR933|0|2461|0|||3|3|0|1|1|132|114|["132,18,5,3748","132,114,5,574"]|636148153309770000|14:02:10:977
62|1.1|636147910292286853|06a19d|50535.9609375|14.33673441165|97.24825071015|-377721|74812||50535.9609375|320||31850|320|50535.9609375|06a19d|QTR933|0|2461|0|||3|3|0|1|1|132|114|["132,18,5,3748","132,114,5,574"]|636148153359610000|14:02:15:961
62|1.1|636147910342211845|06a19d|50540.9609375|14.33934687932|97.23691571182|-378941|75119||50540.9609375|319.75||31856.25|319.75|50540.9609375|06a19d|QTR933|0|2461|0|||3|3|0|1|1|132|114|["132,18,5,3748","132,114,5,574"]|636148153409610000|14:02:20:961
62|1.1|636147910392136837|06a19d|50545.9375|14.34215246575|97.22538759473|-380181|75448||50545.9375|319.75||31868.75|319.75|50545.9375|06a19d|QTR933|0|2461|0|||3|3|0|1|1|132|114|["132,18,5,3748","132,114,5,574"]|636148153459380000|14:02:25:938
62|1.1|636147910442051828|06a19d|50550.9375|14.34448061969|97.21419207106|-381386|75724||50550.9375|319.75||31868.75|319.75|50550.9375|06a19d|QTR933|0|2461|0|||3|3|0|1|1|132|114|["132,18,5,3748","132,114,5,574"]|636148153509380000|14:02:30:938
62|1.1|636147910491976820|06a19d|50555.9375|14.34724329084|97.20265322515|-382627|76048||50555.9375|319.75||31868.75|319.75|50555.9375|06a19d|QTR933|0|2461|0|||3|3|0|1|1|132|114|["132,114,5,574"]|636148153559380000|14:02:35:938
62|1.1|636147910541901812|06a19d|50560.921875|14.34998986876|97.19117875216|-383861|76371||50560.921875|319.75||31887.5|319.75|50560.921875|06a19d|QTR933|0|2461|0|||3|3|0|1|1|132|114|[]|636148153609220000|14:02:40:922
62|1.1|636147910591816803|06a19d|50565.921875|14.35274181109|97.17965599948|-385100|76694||50565.921875|319.75||31893.75|319.75|50565.921875|06a19d|QTR933|0|2461|0|||3|3|0|1|1|132|114|[]|636148153659220000|14:02:45:922
62|1.1|636147910641731794|06a19d|50570.8984375|14.35548838901|97.16819761972|-386333|77017||50570.8984375|319.75||31906.25|319.5|50570.8984375|06a19d|QTR933|0|2461|0|||3|3|0|1|1|132|114|[]|636148153708980000|14:02:50:898
62|1.1|636147910691656786|06a19d|50575.8984375|14.35468909192|97.15388537384|-387881|76952||50575.8984375|320||16381.25|320|50575.8984375|06a19d|QTR933|0|2461|0|||3|3|3|1|1|132|18|["132,18,5,3809"]|636148153758980000|14:02:55:898
62|1.1|636147910741591779|06a19d|50580.8984375|14.35957070502|97.14153113761|-389205|77513||50580.8984375|320||31737.5|320|50580.8984375|06a19d|QTR933|0|2461|0|||3|3|0|1|1|132|18|["132,18,5,3809"]|636148153808980000|14:03:00:898
62|1.1|636147910791496769|06a19d|50585.875|14.36405535178|97.12963824064|-390481|78030||50585.875|320||31731.25|320|50585.875|06a19d|QTR933|0|2461|0|||3|3|0|1|1|132|18|["132,18,5,3809"]|636148153858750000|14:03:05:875
62|1.1|636147910841421761|06a19d|50590.875|14.36517114906|97.11725718236|-391816|78174||50590.875|319.75||31718.75|319.75|50590.875|06a19d|QTR933|0|2461|0|||3|3|0|1|1|132|18|["132,18,5,3809"]|636148153908750000|14:03:10:875
62|1.1|636147910891366755|06a19d|50595.859375|14.36795527785|97.10532673452|-393099|78502||50595.859375|319.75||31718.75|319.75|50595.859375|06a19d|QTR933|0|2461|0|||3|3|0|1|1|132|18|["132,18,5,3809"]|636148153958590000|14:03:15:859
62|1.1|636147910941271745|06a19d|50600.859375|14.37223607703|97.09365914277|-394351|78995||50600.859375|319.75||31706.25|319.75|50600.859375|06a19d|QTR933|0|2461|0|||3|3|0|1|1|132|18|["132,18,5,3809"]|636148154008590000|14:03:20:859
62|1.1|636147910991196737|06a19d|50605.859375|14.37622183366|97.08197009338|-395606|79456||50605.859375|319.75||31712.5|319.75|50605.859375|06a19d|QTR933|0|2461|0|||3|3|0|1|1|132|18|["132,18,5,3809"]|636148154058590000|14:03:25:859
62|1.1|636147911041121729|06a19d|50610.8359375|14.38037925141|97.07036151014|-396852|79936||50610.8359375|319.75||31712.5|319.75|50610.8359375|06a19d|QTR933|0|2461|0|||3|3|0|1|1|132|18|["132,18,5,3809"]|636148154108360000|14:03:30:836
62|1.1|636147911091046721|06a19d|50615.8359375|14.38330285486|97.0585383505|-398123|80280||50615.8359375|319.75||31718.75|319.75|50615.8359375|06a19d|QTR933|0|2461|0|||3|3|0|1|1|132|18|["132,18,5,3809"]|636148154158360000|14:03:35:836
62|1.1|636147911140951711|06a19d|50620.8203125|14.38521258482|97.04661863148|-399407|80511||50620.8203125|319.75||31725|319.75|50620.8203125|06a19d|QTR933|0|2461|0|||3|3|0|1|1|132|18|["132,18,5,3809"]|636148154208200000|14:03:40:820
62|1.1|636147911190876703|06a19d|50625.8203125|14.38834540026|97.03483838712|-400673|80878||50625.8203125|319.75||31731.25|319.75|50625.8203125|06a19d|QTR933|0|2461|0|||3|3|0|1|1|132|18|["132,18,5,3809"]|636148154258200000|14:03:45:820
62|1.1|636147911240811696|06a19d|50630.8203125|14.39147285129|97.02309032922|-401936|81245||50630.8203125|319.75||31737.5|319.75|50630.8203125|06a19d|QTR933|0|2461|0|||3|3|0|1|1|132|18|["132,18,5,3809"]|636148154308200000|14:03:50:820
62|1.1|636147911290716686|06a19d|50635.796875|14.39490070928|97.01145492393|-403185|81644||50635.796875|319.75||31731.25|319.75|50635.796875|06a19d|QTR933|0|2461|0|||3|3|0|1|1|132|18|["132,18,5,3809"]|636148154357970000|14:03:55:797
62|1.1|636147911340641678|06a19d|50640.796875|14.39750244813|96.99965322193|-404455|81953||50640.796875|320||31743.75|320|50640.796875|06a19d|QTR933|0|2461|0|||3|3|0|1|1|132|18|["132,18,5,3809"]|636148154407970000|14:04:00:797
62|1.1|636147911390576671|06a19d|50645.78125|14.40052261096|96.98796417254|-405712|82307||50645.78125|319.75||31743.75|319.75|50645.78125|06a19d|QTR933|0|2461|0|||3|3|0|1|1|132|18|["132,18,5,3809"]|636148154457810000|14:04:05:781
62|1.1|636147911440491662|06a19d|50650.78125|14.40308679894|96.97615174172|-406982|82611||50650.78125|320||31756.25|320|50650.78125|06a19d|QTR933|0|2461|0|||3|3|0|1|1|132|18|["132,18,5,3809"]|636148154507810000|14:04:10:781
62|1.1|636147911490416654|06a19d|50655.78125|14.40597285152|96.96435540413|-408250|82951||50655.78125|320||31762.5|320|50655.78125|06a19d|QTR933|0|2461|0|||3|3|0|1|1|132|18|["132,18,5,3809"]|636148154557810000|14:04:15:781
62|1.1|636147911540341646|06a19d|50660.7578125|14.41051114238|96.95296139729|-409472|83473||50660.7578125|319.75||31750|319.75|50660.7578125|06a19d|QTR933|0|2461|0|||3|3|0|1|1|132|18|["132,18,5,3809"]|636148154607580000|14:04:20:758
62|1.1|636147911590246636|06a19d|50665.7578125|14.41251206731|96.94107386473|-410752|83716||50665.7578125|320||31762.5|320|50665.7578125|06a19d|QTR933|0|2461|0|||3|3|0|1|1|132|18|["132,18,5,3809"]|636148154657580000|14:04:25:758
62|1.1|636147911640171628|06a19d|50670.7421875|14.41465783131|96.9292560695|-412023|83974||50670.7421875|319.75||31750|319.75|50670.7421875|06a19d|QTR933|0|2461|0|||3|3|0|1|1|132|18|["132,18,5,3809"]|636148154707420000|14:04:30:742
62|1.1|636147911690366647|06a19d|50675.7421875|14.41749023979|96.9175080116|-413286|84308||50675.7421875|319.75||31750|319.75|50675.7421875|06a19d|QTR933|0|2461|0|||3|3|0|1|1|132|18|["132,18,5,3809"]|636148154757420000|14:04:35:742
62|1.1|636147911740011611|06a19d|50680.7421875|14.42239867494|96.90614082681|-414504|84872||50680.7421875|320||31743.75|320|50680.7421875|06a19d|QTR933|0|2461|0|||3|3|0|1|1|132|18|["132,18,5,3809"]|636148154807420000|14:04:40:742
62|1.1|636147911789936603|06a19d|50685.71875|14.42642198244|96.89466098941|-415736|85338||50685.71875|319.75||31737.5|319.75|50685.71875|06a19d|QTR933|0|2461|0|||3|3|0|1|1|132|18|["132,18,5,3809"]|636148154857190000|14:04:45:719
62|1.1|636147911839861595|06a19d|50690.71875|14.42878232284|96.88281637213|-417010|85620||50690.71875|320||31743.75|320|50690.71875|06a19d|QTR933|0|2461|0|||3|3|0|1|1|132|18|["132,18,5,3809"]|636148154907190000|14:04:50:719
62|1.1|636147911889776586|06a19d|50695.6953125|14.43111047678|96.87102003454|-418279|85899||50695.6953125|319.75||31737.5|319.75|50695.6953125|06a19d|QTR933|0|2461|0|||3|3|0|1|1|132|18|["132,18,5,3809"]|636148154956950000|14:04:55:695
62|1.1|636147911939711579|06a19d|50700.6953125|14.43381413942|96.85926124782|-419544|86219||50700.6953125|320||31743.75|320|50700.6953125|06a19d|QTR933|0|2461|0|||3|3|0|1|1|132|18|["132,18,5,3809"]|636148155006950000|14:05:00:695
62|1.1|636147911989626570|06a19d|50705.6953125|14.43553611503|96.84734689321|-420826|86431||50705.6953125|320||31750|320|50705.6953125|06a19d|QTR933|0|2461|0|||3|3|0|1|1|132|18|["132,18,5,3809"]|636148155056950000|14:05:05:695
62|1.1|636147912039541561|06a19d|50710.6796875|14.43791254866|96.83558274208|-422092|86715||50710.6796875|320||31750|320|50710.6796875|06a19d|QTR933|0|2461|0|||3|3|0|1|1|132|18|["132,18,5,3809"]|636148155106800000|14:05:10:680
62|1.1|636147912089476554|06a19d|50715.6796875|14.43966671073|96.8236844807|-423373|86931||50715.6796875|320||31750|320|50715.6796875|06a19d|QTR933|0|2461|0|||3|3|0|1|1|132|18|["132,18,5,3809"]|636148155156800000|14:05:15:680
62|1.1|636147912139391545|06a19d|50720.65625|14.44107218615|96.81179694814|-424653|87108||50720.65625|319.75||31743.75|319.75|50720.65625|06a19d|QTR933|0|2461|0|||3|3|0|1|1|132|18|["132,18,5,3809"]|636148155206560000|14:05:20:656
62|1.1|636147912189306536|06a19d|50725.65625|14.44595379925|96.80038684807|-425876|87669||50725.65625|319.75||31725|319.75|50725.65625|06a19d|QTR933|0|2461|0|||3|3|0|1|1|132|18|["132,18,5,3809"]|636148155256560000|14:05:25:656
62|1.1|636147912239231528|06a19d|50730.65625|14.4487701145|96.78864415458|-427138|88003||50730.65625|319.75||31731.25|319.75|50730.65625|06a19d|QTR933|0|2461|0|||3|3|0|1|1|132|18|["132,18,5,3809"]|636148155306560000|14:05:30:656
62|1.1|636147912289156520|06a19d|50735.640625|14.44548173117|96.77606461313|-428502|87661||50735.640625|320||31737.5|320|50735.640625|06a19d|QTR933|0|2461|0|||3|3|0|1|1|132|18|["132,18,5,3809"]|636148155356410000|14:05:35:641
62|1.1|636147912339071511|06a19d|50740.640625|14.44724125765|96.76412880088|-429787|87878||50740.640625|320||31737.5|320|50740.640625|06a19d|QTR933|0|2461|0|||3|3|0|1|1|132|18|["132,18,5,3809"]|636148155406410000|14:05:40:641
62|1.1|636147912388996503|06a19d|50745.6171875|14.44099172|96.75154925943|-431156|87209||50745.6171875|319.75||31712.5|319.75|50745.6171875|06a19d|QTR933|0|2461|0|||3|3|0|1|1|132|18|["132,18,5,3809"]|636148155456170000|14:05:45:617
62|1.1|636147912438921495|06a19d|50750.6171875|14.45176881969|96.74070778682|-432306|88422||50750.6171875|320||31718.75|320|50750.6171875|06a19d|QTR933|0|2461|0|||3|3|0|1|1|132|18|["132,18,5,3809"]|636148155506170000|14:05:50:617
62|1.1|636147912488846487|06a19d|50755.6171875|14.45900540878|96.72942106818|-433511|89244||50755.6171875|320||31725|320|50755.6171875|06a19d|QTR933|0|2461|0|||3|3|0|1|1|132|18|["132,18,5,3809"]|636148155556170000|14:05:55:617
62|1.1|636147912538781480|06a19d|50760.6015625|14.46188073254|96.71773201879|-434767|89584||50760.6015625|320||31731.25|320|50760.6015625|06a19d|QTR933|0|2461|0|||3|3|0|1|1|132|18|["132,18,5,3809"]|636148155606020000|14:06:00:602
62|1.1|636147912588686470|06a19d|50765.6015625|14.4647560563|96.70597859648|-436030|89925||50765.6015625|320||31731.25|320|50765.6015625|06a19d|QTR933|0|2461|0|||3|3|0|1|1|132|18|["132,18,5,3809"]|636148155656020000|14:06:05:602
62|1.1|636147912638631464|06a19d|50770.578125|14.46763674447|96.69426272504|-437289|90266||50770.578125|320||31737.5|320|50770.578125|06a19d|QTR933|0|2461|0|||3|3|0|1|1|132|18|[]|636148155705780000|14:06:10:578
62|1.1|636147912688526453|06a19d|50775.578125|14.47053352587|96.68250393832|-438553|90608||50775.578125|320||31743.75|320|50775.578125|06a19d|QTR933|0|2461|0|||3|3|0|1|1|132|18|[]|636148155755780000|14:06:15:578
62|1.1|636147912738461446|X|50780.578125||||||||||||X|X|X|2461|||||||1|1|0|0|[]|636148155805780000|14:06:20:578
62|1.1|636147913284456040|06a19d|50834.0625|14.51082560938|96.54615136494|-453189|95330||50834.0625|319.75||31668.75|319.75|50834.0625|06a19d|QTR933|0|2602|0|||3|3|0|1|1|132|18|["132,18,5,3825"]|636148156340630000|14:07:14:063
62|1.1|636147913287586353|06a19d|50835.4765625|14.51069686354|96.54268595608|-453563|95322||50835.4765625|319.75||31668.75|319.75|50835.4765625|06a19d|QTR933|0|2602|0|||3|3|0|1|1|132|18|["132,18,5,3825"]|636148156354770000|14:07:15:477
62|1.1|636147913337531347|06a19d|50840.4765625|14.51022479546|96.53050338097|-454879|95293||50840.4765625|319.75||31662.5|319.75|50840.4765625|06a19d|QTR933|0|2602|0|||3|3|0|1|1|132|18|["132,18,5,3825"]|636148156404770000|14:07:20:477
62|1.1|636147913387426336|06a19d|50845.4609375|14.50975272738|96.51836372114|-456190|95265||50845.4609375|319.75||31662.5|319.75|50845.4609375|06a19d|QTR933|0|2602|0|||3|3|0|1|1|132|18|[]|636148156454610000|14:07:25:461
62|1.1|636147913437351328|06a19d|50850.4609375|14.5092806593|96.50618114603|-457506|95236||50850.4609375|319.75||31662.5|319.75|50850.4609375|06a19d|QTR933|0|2602|0|||3|3|0|1|1|132|18|[]|636148156504610000|14:07:30:461
62|1.1|636147913487276320|06a19d|50855.4609375|14.50880859122|96.49399857092|-458824|95208||50855.4609375|319.75||14868.75|319.75|50855.4609375|06a19d|QTR933|0|2602|0|||3|3|3|1|1|132|18|[]|636148156554610000|14:07:35:461
