62|1.1|636147907705868237|2375|50276.875|8.11230756486|98.3003456214|-270522|-615905||50276.875|8||800|6.5|50276.875|X|X|0|2375|2362.5|||3|3|1|1|1|132|66|["132,66,2"]|636148150768750000|13:57:56:875
62|1.1|636147907737071357|2375|50280.4375|8.11202861554|98.29792627249|-270789|-615934||50280.4375|8||937.5|7.5|50280.4375|X|X|0|2375|2362.5|||3|3|1|1|1|132|66|["132,66,2"]|636148150804380000|13:58:00:438
62|1.1|636147907786986348|2375|50285.421875|8.11166920007|98.29464325357|-271153|-615970||50285.421875|11||1256.25|10.5|50285.421875|X|X|0|2375|2556.25|||3|3|1|1|1|132|66|["132,66,2"]|636148150854220000|13:58:05:422
62|1.1|636147907836911340|2375|50290.421875|8.11134733547|98.29140314993|-271511|-616003||50290.421875|13||1468.75|13.25|50290.421875|X|X|0|2375|2637.5|||3|3|1|1|1|132|66|["132,66,2"]|636148150904220000|13:58:10:422
62|1.1|636147907886836332|2375|50295.421875|8.11099328441|98.28814158865|-271872|-616039||50295.421875|15||1656.25|15.25|50295.421875|X|X|0|2375|2656.25|||3|3|1|1|1|132|66|["132,66,2"]|636148150954220000|13:58:15:422
62|1.1|636147907936751323|2375|50300.3984375|8.11064459776|98.28488539178|-272232|-616075||50300.3984375|17||1843.75|17.25|50300.3984375|X|X|0|2375|2600|||3|3|1|1|1|132|66|["132,66,2"]|636148151003980000|13:58:20:398
62|1.1|636147907986676315|2375|50305.3984375|8.11030663993|98.28162919491|-272592|-616110||50305.3984375|19||2031.25|19.25|50305.3984375|X|X|0|2375|2537.5|||3|3|1|1|1|132|66|["132,66,2"]|636148151053980000|13:58:25:398
62|1.1|636147908036601307|2375|50310.375|8.10996331769|98.27839445568|-272950|-616145||50310.375|20||2125|20.25|50310.375|X|X|0|2375|2068.75|||3|3|1|1|1|132|66|["132,66,2"]|636148151103750000|13:58:30:375
62|1.1|636147908086526299|2375|50315.375|8.10965754632|98.27515435204|-273308|-616176||50315.375|22||2293.75|21.25|50315.375|X|X|0|2375|1931.25|||3|3|1|1|1|132|66|["132,66,2"]|636148151153750000|13:58:35:375
62|1.1|636147908136441290|2375|50320.375|8.10931422408|98.27190351958|-273668|-616211||50320.375|24||2500|23.25|50320.375|X|X|0|2375|2006.25|||3|3|1|1|1|132|66|["132,66,2"]|636148151203750000|13:58:40:375
62|1.1|636147908186356281|2375|50325.359375|8.10899772389|98.26870633122|-274021|-616243||50325.359375|26||2706.25|25.5|50325.359375|X|X|0|2375|2143.75|||3|3|1|1|1|132|66|["132,66,2"]|636148151253590000|13:58:45:359
62|1.1|636147908236281273|2375|50330.359375|8.10871341016|98.26549841404|-274376|-616272||50330.359375|28||2918.75|27.5|50330.359375|X|X|0|2375|2243.75|||3|3|1|1|1|132|66|["132,66,2"]|636148151303590000|13:58:50:359
62|1.1|636147908286206265|2375|50335.3359375|8.1085202914|98.26230659009|-274729|-616290||50335.3359375|30||3131.25|29.5|50335.3359375|X|X|0|2375|2306.25|||3|3|1|1|1|132|66|["132,66,2"]|636148151353360000|13:58:55:336
62|1.1|636147908336131257|2375|50340.3359375|8.10862221519|98.25915231701|-275078|-616276||50340.3359375|32||3356.25|31.75|50340.3359375|X|X|0|2375|2343.75|||3|3|1|1|1|132|66|["132,66,2"]|636148151403360000|13:59:00:336
62|1.1|636147908386046248|2375|50345.3359375|8.10969509719|98.25605705244|-275419|-616154||50345.3359375|34||3568.75|33.75|50345.3359375|X|X|0|2375|2362.5|||3|3|1|1|1|132|66|["132,66,2"]|636148151453360000|13:59:05:336
62|1.1|636147908435971240|2375|50350.3203125|8.11294592965|98.2532997457|-275721|-615791||50350.3203125|35||3643.75|35.25|50350.3203125|X|X|0|2375|2162.5|||3|3|1|1|1|132|66|["132,66,2"]|636148151503200000|13:59:10:320
62|1.1|636147908485886231|2375|50355.3203125|8.11618066888|98.2509930494|-275973|-615431||50355.3203125|36||3706.25|35.5|50355.3203125|X|X|0|2375|1768.75|||3|3|1|1|1|132|66|["132,66,2"]|636148151553200000|13:59:15:320
62|1.1|636147908535661208|2375|50360.296875|8.12018788315|98.24964658249|-276118|-614985||50360.296875|36||3687.5|35.5|50360.296875|X|X|0|2375|1181.25|||3|3|1|1|1|132|66|["132,66,2"]|636148151602970000|13:59:20:297
62|1.1|636147908585736215|2375|50365.296875|8.12443649587|98.2492764382|-276155|-614513||50365.296875|37||3725|36.25|50365.296875|X|X|0|2375|906.25|||3|3|1|1|1|132|66|["132,66,2"]|636148151652970000|13:59:25:297
62|1.1|636147908635661207|2375|50370.296875|8.12853490511|98.24904576857|-276177|-614059||50370.296875|38||3806.25|36.75|50370.296875|X|X|0|2375|868.75|||3|3|1|1|1|132|66|["132,66,2"]|636148151702970000|13:59:30:297
62|1.1|636147908685576198|2375|50375.28125|8.13279424665|98.24790851365|-276298|-613585||50375.28125|39||3931.25|37.75|50375.28125|X|X|0|2375|925|||3|3|1|1|1|132|66|["132,66,2"]|636148151752810000|13:59:35:281
