62|1.1|636147904542071889|2440|49960.3984375|8.1127045312|98.30741591378|-269740|-615867||49960.3984375|4||387.5|2.25|49960.3984375|X|X|0|2440|1456.25|||3|3|1|1|1|132|66|["132,66,2"]|636148147603980000|13:52:40:398
62|1.1|636147904542071889|2440|49960.9375|8.11265625151|98.30702431185|-269783|-615872||49960.9375|4||406.25|2.5|49960.9375|X|X|0|2440|1456.25|||3|3|1|1|1|132|66|["132,66,2"]|636148147609380000|13:52:40:938
62|1.1|636147904591996881|2440|49965.9375|8.11237193778|98.30354280976|-270169|-615900||49965.9375|7||706.25|5.25|49965.9375|X|X|0|2440|2187.5|||3|3|1|1|1|132|66|["132,66,2"]|636148147659380000|13:52:45:938
62|1.1|636147904641921873|2440|49970.9375|8.11210908169|98.30009885854|-270549|-615927||49970.9375|9||931.25|7.75|49970.9375|X|X|0|2440|2481.25|||3|3|1|1|1|132|66|["132,66,2"]|636148147709380000|13:52:50:938
62|1.1|636147904691846865|2440|49975.921875|8.11183549678|98.29671928024|-270923|-615954||49975.921875|12||1206.25|10.5|49975.921875|X|X|0|2440|2812.5|||3|3|1|1|1|132|66|["132,66,2"]|636148147759220000|13:52:55:922
62|1.1|636147904741761856|2440|49980.921875|8.11158336951|98.29336115958|-271295|-615979||49980.921875|14||1431.25|12.75|49980.921875|X|X|0|2440|2856.25|||3|3|1|1|1|132|66|["132,66,2"]|636148147809220000|13:53:00:922
62|1.1|636147904791686848|2440|49985.8984375|8.11124004727|98.28989575072|-271678|-616014||49985.8984375|14||1668.75|15.25|49985.8984375|X|X|0|2440|2856.25|||3|3|1|1|1|132|66|["132,66,2"]|636148147858980000|13:53:05:898
62|1.1|636147904841601839|2440|49990.8984375|8.1109342759|98.28646789273|-272057|-616045||49990.8984375|16||1837.5|17.25|49990.8984375|X|X|0|2440|2737.5|||3|3|1|1|1|132|66|["132,66,2"]|636148147908980000|13:53:10:898
62|1.1|636147904891526831|2440|49995.8984375|8.1106124113|98.28297029741|-272444|-616077||49995.8984375|17||1887.5|17.75|49995.8984375|X|X|0|2440|2225|||3|3|1|1|1|132|66|["132,66,2"]|636148147958980000|13:53:15:898
62|1.1|636147904941451823|2440|50000.875|8.11025836024|98.27931176979|-272849|-616113||50000.875|17||1806.25|17.75|50000.875|X|X|0|2440|1375|||3|3|1|1|1|132|66|["132,66,2"]|636148148008750000|13:53:20:875
62|1.1|636147904991376815|2440|50005.875|8.10986675831|98.27543866577|-273277|-616153||50005.875|18||1843.75|17.75|50005.875|X|X|0|2440|1043.75|||3|3|1|1|1|132|66|["132,66,2"]|636148148058750000|13:53:25:875
62|1.1|636147905041291806|2440|50010.859375|8.10946979197|98.27136171417|-273728|-616193||50010.859375|19||1937.5|18.25|50010.859375|X|X|0|2440|943.75|||3|3|1|1|1|132|66|["132,66,2"]|636148148108590000|13:53:30:859
62|1.1|636147905091216798|2440|50015.859375|8.10904600358|98.26690388946|-274221|-616236||50015.859375|20||2050|19.25|50015.859375|X|X|0|2440|962.5|||3|3|1|1|1|132|66|["132,66,2"]|636148148158590000|13:53:35:859
62|1.1|636147905141141790|2440|50020.859375|8.10859002873|98.26164140325|-274803|-616282||50020.859375|21||2156.25|20.25|50020.859375|X|X|0|2440|1025|||3|3|1|1|1|132|66|["132,66,2"]|636148148208590000|13:53:40:859
62|1.1|636147905191056781|2440|50025.8359375|8.1080911386|98.25577810312|-275451|-616332||50025.8359375|22||2268.75|21.25|50025.8359375|X|X|0|2440|1081.25|||3|3|1|1|1|132|66|["132,66,2"]|636148148258360000|13:53:45:836
62|1.1|636147905240981773|2440|50030.8359375|8.10759224847|98.25010792175|-276078|-616382||50030.8359375|24||2475|22.75|50030.8359375|X|X|0|2440|1400|||3|3|1|1|1|132|66|["132,66,2"]|636148148308360000|13:53:50:836
62|1.1|636147905290906765|2440|50035.8203125|8.10708262952|98.2445021133|-276698|-616434||50035.8203125|27||2800|25.5|50035.8203125|X|X|0|2440|2225|||3|3|1|1|1|132|66|["132,66,2"]|636148148358200000|13:53:55:820
62|1.1|636147905340821756|2440|50040.8203125|8.10658373939|98.23892849131|-277315|-616484||50040.8203125|31||3243.75|31.25|50040.8203125|X|X|0|2440|3268.75|||3|3|1|1|1|132|66|["132,66,2"]|636148148408200000|13:54:00:820
62|1.1|636147905390746748|2440|50045.8203125|8.10615458659|98.23349434398|-277916|-616527||50045.8203125|35||3718.75|36.5|50045.8203125|X|X|0|2440|3975|||3|3|1|1|1|132|66|["132,66,2"]|636148148458200000|13:54:05:820
62|1.1|636147905440671740|2440|50050.796875|8.10592928137|98.22822649336|-278498|-616547||50050.796875|39||4206.25|41.25|50050.796875|X|X|0|2440|4368.75|||3|3|1|1|1|132|66|["132,66,2"]|636148148507970000|13:54:10:797
