62|1.1|636147897412839037|71c053|49248.015625|14.56715727879|101.9986235195|134702|97872||49248.015625|314.25||31500|312.25|49248.015625|71c053|ESR511|0|2421|-2637.5|||3|3|2|1|1|132|178|["132,18,5,3669","132,114,5,493","132,178,5,1645","132,146,5,1724","132,162,5"]|636148140480160000|13:40:48:016
62|1.1|636147897462734026|71c053|49253.015625|14.56345583589|101.98817364882|133578|97457||49253.015625|312.25||31262.5|310.25|49253.015625|71c053|ESR511|0|2421|-2581.25|||3|3|2|1|1|132|178|["132,18,5,3669","132,114,5,493","132,178,5,1645","132,146,5,1724","132,162,5"]|636148140530160000|13:40:53:016
62|1.1|636147897512639016|71c053|49258.015625|14.55975439299|101.97790616808|132474|97041||49258.015625|310||31018.75|308|49258.015625|71c053|ESR511|0|2421|-2581.25|||3|3|2|1|1|132|178|["132,18,5,3669","132,114,5,493","132,178,5,1645","132,146,5,1724","132,162,5"]|636148140580160000|13:40:58:016
62|1.1|636147897562894041|71c053|49263|14.55606904332|101.96775670436|131382|96627||49263|308||30793.75|305.75|49263|71c053|ESR511|0|2421|-2600|||3|3|2|1|1|132|178|["132,18,5,3669","132,114,5,493","132,178,5,1645","132,146,5,1724","132,162,5"]|636148140630000000|13:41:03:000
62|1.1|636147897612478999|71c053|49268|14.5521959393|101.95618567199|130137|96192||49268|306||30568.75|303.5|49268|71c053|ESR511|0|2421|-2600|||3|3|2|1|1|132|178|["132,18,5,3669","132,114,5,493","132,178,5,1645","132,146,5,1724","132,162,5"]|636148140680000000|13:41:08:000
62|1.1|636147897662403991|71c053|49272.9765625|14.54844621671|101.94538175025|128975|95771||49272.9765625|303.75||30343.75|301.5|49272.9765625|71c053|ESR511|0|2421|-2537.5|||3|3|2|1|1|132|178|["132,18,5,3669","132,114,5,493","132,178,5,1645","132,146,5,1724","132,162,5"]|636148140729770000|13:41:12:977
62|1.1|636147897712328983|71c053|49277.9765625|14.54443363803|101.93390727726|127740|95321||49277.9765625|301.5||30106.25|299.5|49277.9765625|71c053|ESR511|0|2421|-2556.25|||3|3|2|1|1|132|178|["132,18,5,3669","132,114,5,493","132,178,5,1645","132,146,5,1724","132,162,5"]|636148140779770000|13:41:17:977
62|1.1|636147897762253975|71c053|49282.9765625|14.54059272047|101.92315699962|126583|94890||49282.9765625|299.5||29875|297.25|49282.9765625|71c053|ESR511|0|2421|-2600|||3|3|2|1|1|132|114|["132,18,5,3669","132,114,5,493","132,178,5,1645","132,146,5,1724","132,162,5"]|636148140829770000|13:41:22:977
62|1.1|636147897812188968|71c053|49287.9609375|14.53682690465|101.9132221123|125515|94468||49287.9609375|297.5||29681.25|295.25|49287.9609375|71c053|ESR511|0|2421|-2556.25|||3|3|2|1|1|132|178|["132,18,5,3669","132,114,5,493","132,178,5,1645","132,146,5,1724","132,162,5"]|636148140879610000|13:41:27:961
62|1.1|636147897862093958|71c053|49292.9609375|14.53322738554|101.90413480176|124537|94065||49292.9609375|295.25||29493.75|293.25|49292.9609375|71c053|ESR511|0|2421|-2500|||3|3|2|1|1|132|178|["132,18,5,3669","132,114,5,493","132,178,5,1645","132,146,5,1724","132,162,5"]|636148140929610000|13:41:32:961
62|1.1|636147897912018950|71c053|49297.9375|14.52952057823|101.8936956599|123414|93649||49297.9375|293||29262.5|290.75|49297.9375|71c053|ESR511|0|2421|-2675|||3|3|2|1|1|132|178|["132,18,5,3669","132,114,5,493","132,178,5,1645","132,146,5,1724","132,162,5"]|636148140979380000|13:41:37:938
62|1.1|636147897961953943|71c053|49302.9375|14.52586205061|101.88341208593|122307|93239||49302.9375|291||29050|288.5|49302.9375|71c053|ESR511|0|2421|-2675|||3|3|2|1|1|132|114|["132,18,5,3669","132,114,5,493","132,178,5,1645","132,146,5,1724","132,162,5"]|636148141029380000|13:41:42:938
62|1.1|636147898011858933|71c053|49307.9375|14.52212305684|101.87307486786|121195|92820||49307.9375|288.5||28831.25|286.25|49307.9375|71c053|ESR511|0|2421|-2656.25|||3|3|2|1|1|132|178|["132,18,5,3669","132,114,5,493","132,178,5,1645","132,146,5,1724","132,162,5"]|636148141079380000|13:41:47:938
62|1.1|636147898061783925|71c053|49312.921875|14.5188829532|101.86444889658|120267|92457||49312.921875|286.5||28643.75|284.5|49312.921875|71c053|ESR511|0|2421|-2306.25|||3|3|2|1|1|132|178|["132,18,5,3669","132,114,5,493","132,178,5,1645","132,146,5,1724","132,162,5"]|636148141129220000|13:41:52:922
62|1.1|636147898111698916|71c053|49317.921875|14.51538535788|101.85436917019|119182|92065||49317.921875|284.5||28418.75|282.25|49317.921875|71c053|ESR511|0|2421|-2443.75|||3|3|2|1|1|132|114|["132,18,5,3669","132,114,5,493","132,178,5,1645","132,146,5,1724","132,162,5"]|636148141179220000|13:41:57:922
62|1.1|636147898161623908|71c053|49322.8984375|14.51163563529|101.84364035019|118027|91645||49322.8984375|282.5||28193.75|280.25|49322.8984375|71c053|ESR511|0|2421|-2500|||3|3|2|1|1|132|114|["132,18,5,3669","132,114,5,493","132,178,5,1645","132,162,5"]|636148141228980000|13:42:02:898
62|1.1|636147898211548900|71c053|49327.8984375|14.50773570922|101.83290080137|116872|91208||49327.8984375|280.5||27975|278.25|49327.8984375|71c053|ESR511|0|2421|-2462.5|||3|3|2|1|1|132|114|["132,18,5,3669","132,114,5,493","132,178,5,1645","132,162,5"]|636148141278980000|13:42:07:898
62|1.1|636147898261463891|71c053|49332.8984375|14.50403426632|101.822402651|115742|90793||49332.8984375|278.5||27750|276.25|49332.8984375|71c053|ESR511|0|2421|-2418.75|||3|3|2|1|1|132|114|["132,18,5,3669","132,114,5,493","132,178,5,1645","132,162,5"]|636148141328980000|13:42:12:898
62|1.1|636147898311388883|71c053|49337.875|14.50050448454|101.81201715324|114624|90397||49337.875|276.5||27537.5|274.25|49337.875|71c053|ESR511|0|2421|-2443.75|||3|3|2|1|1|132|162|["132,18,5,3669","132,114,5,493","132,178,5,1645","132,162,5"]|636148141378750000|13:42:17:875
62|1.1|636147898361313875|71c053|49342.875|14.49654018555|101.80192133362|113537|89954||49342.875|274.5||27300|272.25|49342.875|71c053|ESR511|0|2421|-2325|||3|3|2|1|1|132|114|["132,18,5,3669","132,114,5,493","132,178,5,1645","132,162,5"]|636148141428750000|13:42:22:875
62|1.1|636147898411228866|71c053|49347.875|14.49285483588|101.79172895462|112440|89541||49347.875|272.5||27087.5|270.5|49347.875|71c053|ESR511|0|2421|-2187.5|||3|3|2|1|1|132|114|["132,18,5,3669","132,114,5,493","132,178,5,1645","132,162,5"]|636148141478750000|13:42:27:875
62|1.1|636147898461153858|71c053|49352.859375|14.48935724056|101.78165459264|111356|89149||49352.859375|270.5||26887.5|268.5|49352.859375|71c053|ESR511|0|2421|-2343.75|||3|3|2|1|1|132|114|["132,18,5,3669","132,114,5,493","132,178,5,1645","132,162,5"]|636148141528590000|13:42:32:859
62|1.1|636147898511078850|71c053|49357.859375|14.48565043325|101.77168751886|110283|88734||49357.859375|268.5||26693.75|266.25|49357.859375|71c053|ESR511|0|2421|-2400|||3|3|2|1|1|132|114|["132,18,5,3669","132,114,5,493","132,178,5,1645","132,162,5"]|636148141578590000|13:42:37:859
62|1.1|636147898560993841|71c053|49362.8359375|14.48154129519|101.76192965707|109233|88275||49362.8359375|266.5||26493.75|264.25|49362.8359375|71c053|ESR511|0|2421|-2418.75|||3|3|2|1|1|132|114|["132,18,5,3669","132,114,5,493","132,178,5,1645","132,162,5"]|636148141628360000|13:42:42:836
62|1.1|636147898610918833|71c053|49367.8359375|14.47808661515|101.75204304944|108169|87888||49367.8359375|264.5||26287.5|262.25|49367.8359375|71c053|ESR511|0|2421|-2462.5|||3|3|2|1|1|132|162|["132,18,5,3669","132,114,5,493","132,178,5,1645","132,162,5"]|636148141678360000|13:42:47:836
62|1.1|636147898660853826|71c053|49372.8203125|14.47536149487|101.74416809556|107321|87583||49372.8203125|262||26181.25|260.25|49372.8203125|71c053|ESR511|0|2421|-2443.75|||3|3|2|1|1|132|114|["132,18,5,3669","132,114,5,493","132,178,5,1645","132,162,5"]|636148141728200000|13:42:52:820
62|1.1|636147898710768817|71c053|49377.8203125|14.472105298|101.73493594595|106327|87218||49377.8203125|259.75||25981.25|258|49377.8203125|71c053|ESR511|0|2421|-2537.5|||3|3|2|1|1|132|114|["132,18,5,3669","132,114,5,493","132,178,5,1645","132,162,5"]|636148141778200000|13:42:57:820
62|1.1|636147898760683808|71c053|49382.8203125|14.46866134678|101.72563942342|105326|86833||49382.8203125|257.75||25768.75|255.5|49382.8203125|71c053|ESR511|0|2421|-2637.5|||3|3|2|1|1|132|162|["132,18,5,3669","132,114,5,493","132,178,5,1645","132,162,5"]|636148141828200000|13:43:02:820
62|1.1|636147898810598799|71c053|49387.796875|14.46526031084|101.71587083281|104275|86452||49387.796875|255.75||25550|253.5|49387.796875|71c053|ESR511|0|2421|-2637.5|||3|3|2|1|1|132|162|["132,18,5,3669","132,114,5,493","132,178,5,1645","132,162,5"]|636148141877970000|13:43:07:797
62|1.1|636147898860523791|71c053|49392.796875|14.46182708844|101.70639192034|103254|86068||49392.796875|253.75||25356.25|251.75|49392.796875|71c053|ESR511|0|2421|-2362.5|||3|3|2|1|1|132|162|["132,18,5,3669","132,114,5,493","132,178,5,1645","132,162,5"]|636148141927970000|13:43:12:797
62|1.1|636147898910458784|71c053|49397.78125|14.45831339989|101.69643557538|102182|85675||49397.78125|251.5||25150|249.5|49397.78125|71c053|ESR511|0|2421|-2462.5|||3|3|2|1|1|132|162|["132,18,5,3669","132,114,5,493","132,178,5,1645","132,162,5"]|636148141977810000|13:43:17:781
62|1.1|636147898960363774|71c053|49402.78125|14.45460122817|101.68537416196|100991|85259||49402.78125|249.75||24925|247|49402.78125|71c053|ESR511|0|2421|-2618.75|||3|3|2|1|1|132|162|["132,18,5,3669","132,114,5,493","132,178,5,1645","132,162,5"]|636148142027810000|13:43:22:781
62|1.1|636147899010288766|71c053|49407.78125|14.45104462434|101.67531589321|99908|84862||49407.78125|247.75||24712.5|245.25|49407.78125|71c053|ESR511|0|2421|-2462.5|||3|3|2|1|1|132|162|["132,18,5,3669","132,114,5,493","132,178,5,1645","132,162,5"]|636148142077810000|13:43:27:781
62|1.1|636147899060223759|71c053|49412.7578125|14.44738073231|101.66502159042|98800|84452||49412.7578125|245.5||24493.75|243.5|49412.7578125|71c053|ESR511|0|2421|-2325|||3|3|2|1|1|132|163|["132,18,5,3669","132,114,5,493","132,178,5,1645","132,162,5"]|636148142127580000|13:43:32:758
62|1.1|636147899110128749|71c053|49417.7578125|14.44381339966|101.65681940753|97917|84054||49417.7578125|243.25||24318.75|241.5|49417.7578125|71c053|ESR511|0|2421|-2325|||3|3|2|1|1|132|162|["132,18,5,3669","132,114,5,493","132,178,5,1645","132,162,5"]|636148142177580000|13:43:37:758
62|1.1|636147899160063742|71c053|49422.7421875|14.44031580434|101.64749606295|96913|83663||49422.7421875|241||24112.5|239|49422.7421875|71c053|ESR511|0|2421|-2675|||3|3|2|1|1|132|162|["132,18,5,3669","132,114,5,493","132,178,5,1645","132,162,5"]|636148142227420000|13:43:42:742
62|1.1|636147899209978733|71c053|49427.7421875|14.43657144616|101.63674578531|95755|83244||49427.7421875|238.75||23868.75|236.25|49427.7421875|71c053|ESR511|0|2421|-2912.5|||3|3|2|1|1|132|162|["132,18,5,3669","132,114,5,493","132,178,5,1645","132,162,5"]|636148142277420000|13:43:47:742
62|1.1|636147899259903725|71c053|49432.7421875|14.43308994407|101.62682699122|94687|82855||49432.7421875|236.25||23650|233.75|49432.7421875|71c053|ESR511|0|2421|-2975|||3|3|2|1|1|132|162|["132,18,5,3669","132,114,5,493","132,178,5,1645","132,162,5"]|636148142327420000|13:43:52:742
62|1.1|636147899309818716|71c053|49437.71875|14.42947969614|101.6166775275|93594|82451||49437.71875|234||23400|231.5|49437.71875|71c053|ESR511|0|2421|-2912.5|||3|3|2|1|1|132|162|["132,18,5,3669","132,114,5,493","132,178,5,1645","132,162,5"]|636148142377190000|13:43:57:719
62|1.1|636147899359753709|71c053|49442.71875|14.42593918554|101.60632958061|92480|82056||49442.71875|233.25||23131.25|229.25|49442.71875|71c053|ESR511|0|2421|-2893.75|||3|3|2|1|1|132|18|["132,18,5,3669","132,114,5,493","132,178,5,1645","132,162,5"]|636148142427190000|13:44:02:719
62|1.1|636147899409668700|71c053|49447.6953125|14.4221626409|101.59663072733|91435|81634||49447.6953125|231||22875|227|49447.6953125|71c053|ESR511|0|2421|-2837.5|||3|3|2|1|1|132|18|["132,18,5,3669","132,114,5,493","132,178,5,1645","132,162,5"]|636148142476950000|13:44:07:695
62|1.1|636147899459583691|71c053|49452.6953125|14.4188367067|101.5867441197|90370|81262||49452.6953125|228.75||22600|224.5|49452.6953125|71c053|ESR511|0|2421|-2812.5|||3|3|2|1|1|132|18|["132,18,5,3669","132,114,5,493","132,178,5,1645","132,162,5"]|636148142526950000|13:44:12:695
62|1.1|636147899509508683|71c053|49457.6953125|14.41534447579|101.57705063083|89326|80872||49457.6953125|226.25||22356.25|222.25|49457.6953125|71c053|ESR511|0|2421|-2812.5|||3|3|2|1|1|132|18|["132,18,5,3669","132,114,5,493","132,178,5,1645","132,162,5"]|636148142576950000|13:44:17:695
62|1.1|636147899559443676|71c053|49462.6796875|14.41196489749|101.5673785996|88284|80494||49462.6796875|222.5||22106.25|220|49462.6796875|71c053|ESR511|0|2421|-2793.75|||3|3|2|1|1|132|5|["132,18,5,3669","132,114,5,493","132,178,5,1645","132,162,5"]|636148142626800000|13:44:22:680
62|1.1|636147899609348666|71c053|49467.6796875|14.40851558186|101.55767438191|87239|80109||49467.6796875|220.25||21881.25|217.75|49467.6796875|71c053|ESR511|0|2421|-2718.75|||3|3|2|1|1|132|5|["132,18,5,3669","132,114,5,493","132,178,5,1645"]|636148142676800000|13:44:27:680
62|1.1|636147899659273658|71c053|49472.65625|14.405050173|101.54808818124|86207|79722||49472.65625|217.75||21625|215.5|49472.65625|71c053|ESR511|0|2421|-2675|||3|3|2|1|1|132|162|["132,18,5,3669","132,114,5,493","132,178,5,1645","132,162,5"]|636148142726560000|13:44:32:656
62|1.1|636147899709198650|71c053|49477.65625|14.40141846743|101.53811037864|85132|79317||49477.65625|215.75||21393.75|213.5|49477.65625|71c053|ESR511|0|2421|-2618.75|||3|3|2|1|1|132|162|["132,18,5,3669","132,114,5,493","132,178,5,1645","132,162,5"]|636148142776560000|13:44:37:656
62|1.1|636147899759133643|71c053|49482.65625|14.39791014329|101.52999402631|84258|78925||49482.65625|213.75||21318.75|211.5|49482.65625|71c053|ESR511|0|2421|-2443.75|||3|3|2|1|1|132|162|["132,18,5,3669","132,114,5,493","132,178,5,1645","132,162,5"]|636148142826560000|13:44:42:656
62|1.1|636147899809038633|71c053|49487.640625|14.39433744623|101.5196353506|83142|78526||49487.640625|211.75||21150|209.75|49487.640625|71c053|ESR511|0|2421|-2343.75|||3|3|2|1|1|132|5|["132,18,5,3669","132,114,5,493","132,178,5,1645","132,162,5"]|636148142876410000|13:44:47:641
62|1.1|636147899858963625|71c053|49492.640625|14.39086667296|101.50981311589|82084|78139||49492.640625|211.5||20956.25|207.75|49492.640625|71c053|ESR511|0|2421|-2343.75|||3|3|2|1|1|132|18|["132,18,5,3669","132,114,5,493","132,178,5,1645","132,162,5"]|636148142926410000|13:44:52:641
62|1.1|636147899908898618|71c053|49497.6171875|14.38747100143|101.50011426261|81039|77760||49497.6171875|209.75||20775|206|49497.6171875|71c053|ESR511|0|2421|-2281.25|||3|3|2|1|1|132|18|["132,18,5,3669","132,114,5,493","132,178,5,1645","132,162,5"]|636148142976170000|13:44:57:617
62|1.1|636147899958813609|71c053|49502.6171875|14.38396267729|101.49049587548|80003|77368||49502.6171875|207||20587.5|204.5|49502.6171875|71c053|ESR511|0|2421|-2206.25|||3|3|2|1|1|132|5|["132,18,5,3669","132,114,5,493","132,178,5,1645","132,162,5"]|636148143026170000|13:45:02:617
62|1.1|636147900008728600|71c053|49507.6171875|14.38046508197|101.48087212394|78966|76978||49507.6171875|205.5||20406.25|202.75|49507.6171875|71c053|ESR511|0|2421|-2162.5|||3|3|2|1|1|132|5|["132,18,5,3669","132,114,5,493","132,178,5,1645","132,162,5"]|636148143076170000|13:45:07:617
62|1.1|636147900058643591|71c053|49512.6015625|14.37724643597|101.47169361843|77977|76619||49512.6015625|204||20212.5|200.75|49512.6015625|71c053|ESR511|0|2421|-2162.5|||3|3|2|1|1|132|18|["132,18,5,3669","132,114,5,493","132,178,5,1645"]|636148143126020000|13:45:12:602
62|1.1|636147900108578584|71c053|49517.6015625|14.3739902391|101.46228444329|76963|76256||49517.6015625|202.25||20031.25|199|49517.6015625|71c053|ESR511|0|2421|-2162.5|||3|3|2|1|1|132|18|["132,18,5,3669","132,114,5,493","132,178,5,1645"]|636148143176020000|13:45:17:602
62|1.1|636147900158493575|71c053|49522.578125|14.37032634707|101.45285381051|75947|75847||49522.578125|199.25||19862.5|197.25|49522.578125|71c053|ESR511|0|2421|-2187.5|||3|3|2|1|1|132|162|["132,18,5,3669","132,114,5,493","132,178,5,1645","132,162,5"]|636148143225780000|13:45:22:578
62|1.1|636147900208408566|71c053|49527.578125|14.36713988753|101.443138864|74900|75491||49527.578125|198.75||19687.5|195.5|49527.578125|71c053|ESR511|0|2421|-2187.5|||3|3|2|1|1|132|18|["132,18,5,3669","132,114,5,493","132,178,5,1645","132,162,5"]|636148143275780000|13:45:27:578
62|1.1|636147900258333558|71c053|49532.578125|14.36362619898|101.43397645172|73913|75100||49532.578125|196.75||19506.25|193.5|49532.578125|71c053|ESR511|0|2421|-2206.25|||3|3|2|1|1|132|18|["132,18,5,3669","132,114,5,493","132,178,5,1645","132,162,5"]|636148143325780000|13:45:32:578
62|1.1|636147900308268551|71c053|49537.5625|14.3602037054|101.42595665877|73049|74719||49537.5625|194.25||19325|191.5|49537.5625|71c053|ESR511|0|2421|-2243.75|||3|3|2|1|1|132|5|["132,18,5,3669","132,114,5,493","132,178,5,1645","132,162,5"]|636148143375630000|13:45:37:563
62|1.1|636147900358173541|71c053|49542.5625|14.35672756772|101.41630608518|72009|74331||49542.5625|192.75||19150|189.75|49542.5625|71c053|ESR511|0|2421|-2243.75|||3|3|2|1|1|132|5|["132,18,5,3669","132,114,5,493","132,178,5,1645","132,162,5"]|636148143425630000|13:45:42:563
62|1.1|636147900408098533|71c053|49547.5390625|14.35333189619|101.40687008799|70992|73953||49547.5390625|190.25||19000|188.25|49547.5390625|71c053|ESR511|0|2421|-2106.25|||3|3|2|1|1|132|5|["132,18,5,3669","132,114,5,493","132,178,5,1645","132,162,5"]|636148143475390000|13:45:47:539
62|1.1|636147900458023525|71c053|49552.5390625|14.35009715696|101.39867326951|70109|73592||49552.5390625|188.5||18843.75|186.5|49552.5390625|71c053|ESR511|0|2421|-2050|||3|3|2|1|1|132|5|["132,18,5,3669","132,114,5,493","132,178,5,1645","132,162,5"]|636148143525390000|13:45:52:539
62|1.1|636147900507938516|71c053|49557.5390625|14.34664247692|101.38969324717|69141|73207||49557.5390625|188||18681.25|185|49557.5390625|71c053|ESR511|0|2421|-2050|||3|3|2|1|1|132|18|["132,18,5,3669","132,114,5,493","132,178,5,1645","132,162,5"]|636148143575390000|13:45:57:539
62|1.1|636147900557883510|71c053|49562.515625|14.34337555123|101.3810726403|68212|72843||49562.515625|186||18518.75|183|49562.515625|71c053|ESR511|0|2421|-2162.5|||3|3|2|1|1|132|18|["132,18,5,3669","132,114,5,493","132,178,5,1645"]|636148143625160000|13:46:02:516
62|1.1|636147900607788500|71c053|49567.515625|14.34017299846|101.37222672821|67259|72486||49567.515625|184.25||18337.5|180.75|49567.515625|71c053|ESR511|0|2421|-2225|||3|3|2|1|1|132|18|["132,18,5,3669","132,114,5,493","132,178,5,1645"]|636148143675160000|13:46:07:516
62|1.1|636147900657703491|71c053|49572.5|14.33705091184|101.36305358711|66270|72138||49572.5|182.5||18137.5|178.75|49572.5|71c053|ESR511|0|2421|-2225|||3|3|2|1|1|132|18|["132,18,5,3669","132,114,5,493","132,178,5,1645"]|636148143725000000|13:46:12:500
62|1.1|636147900707628483|71c053|49577.5|14.33408439311|101.35528055702|65433|71808||49577.5|180.75||17918.75|177.25|49577.5|71c053|ESR511|0|2421|-2125|||3|3|2|1|1|132|18|["132,18,5,3669","132,114,5,493","132,178,5,1645"]|636148143775000000|13:46:17:500
62|1.1|636147900757553475|71c053|49582.5|14.33109105233|101.34591429716|64423|71474||49582.5|179||17731.25|175.5|49582.5|71c053|ESR511|0|2421|-2106.25|||3|3|2|1|1|132|18|["132,18,5,3669","132,114,5,493","132,178,5,1645"]|636148143825000000|13:46:22:500
62|1.1|636147900807478467|71c053|49587.4765625|14.32807625391|101.33643538469|63401|71138||49587.4765625|177.25||17537.5|173.75|49587.4765625|71c053|ESR511|0|2421|-2106.25|||3|3|2|1|1|132|18|["132,18,5,3669","132,114,5,493","132,178,5,1645"]|636148143874770000|13:46:27:477
62|1.1|636147900857393458|71c053|49592.4765625|14.3249595317|101.32660778557|62342|70791||49592.4765625|175.5||17368.75|172|49592.4765625|71c053|ESR511|0|2421|-2050|||3|3|2|1|1|132|18|["132,18,5,3669","132,114,5,493","132,178,5,1645"]|636148143924770000|13:46:32:477
62|1.1|636147900907308449|71c053|49597.4609375|14.32170333483|101.3171288731|61320|70428||49597.4609375|174||17206.25|170.5|49597.4609375|71c053|ESR511|0|2421|-2025|||3|3|2|1|1|132|18|["132,18,5,3669","132,114,5,493","132,178,5,1645"]|636148143974610000|13:46:37:461
62|1.1|636147900957083426|71c053|49602.4609375|14.31805553603|101.30790745231|60326|70022||49602.4609375|171.75||17031.25|168.75|49602.4609375|71c053|ESR511|0|2421|-2025|||3|3|2|1|1|132|5|["132,18,5,3669","132,114,5,493","132,178,5,1645"]|636148144024610000|13:46:42:461
62|1.1|636147901007158433|71c053|49607.4609375|14.31456866953|101.2989971673|59366|69633||49607.4609375|170.25||16862.5|167|49607.4609375|71c053|ESR511|0|2421|-2050|||3|3|2|1|1|132|18|["132,18,5,3669","132,114,5,493","132,178,5,1645"]|636148144074610000|13:46:47:461
62|1.1|636147901057083425|71c053|49612.4375|14.31066874346|101.29082180646|58485|69200||49612.4375|168.25||16675|165|49612.4375|71c053|ESR511|0|2421|-2106.25|||3|3|2|1|1|132|18|["132,18,5,3669","132,114,5,493","132,178,5,1645"]|636148144124380000|13:46:52:438
62|1.1|636147901106848401|71c053|49617.4375|14.30407588357|101.28361740383|57709|68469||49617.4375|165.25||16481.25|162.5|49617.4375|71c053|ESR511|0|2421|-2418.75|||3|3|2|1|1|132|5|["132,18,5,3669","132,114,5,493","132,178,5,1645"]|636148144174380000|13:46:57:438
62|1.1|636147901156923408|71c053|49622.421875|14.29873293121|101.27586583138|56874|67876||49622.421875|164.5||16293.75|160.75|49622.421875|71c053|ESR511|0|2421|-2400|||3|3|2|1|1|132|18|["132,18,5,3669","132,114,5,493","132,178,5,1645"]|636148144224220000|13:47:02:422
62|1.1|636147901206848400|71c053|49627.421875|14.29285353785|101.27032439585|56278|67224||49627.421875|161.75||16137.5|159.25|49627.421875|71c053|ESR511|0|2421|-2162.5|||3|3|2|1|1|132|5|["132,18,5,3669","132,114,5,493","132,178,5,1645"]|636148144274220000|13:47:07:422
62|1.1|636147901256763391|71c053|49632.421875|14.28667910194|101.26421969727|55620|66539||49632.421875|160.5||15975|157.75|49632.421875|71c053|ESR511|0|2421|-2050|||3|3|2|1|1|132|5|["132,18,5,3669","132,114,5,493","132,178,5,1645"]|636148144324220000|13:47:12:422
62|1.1|636147901306698384|71c053|49637.3984375|14.28030081845|101.2583349395|54987|65832||49637.3984375|159.5||15843.75|156.5|49637.3984375|71c053|ESR511|0|2421|-1793.75|||3|3|2|1|1|132|18|["132,18,5,3669","132,114,5,493","132,178,5,1645"]|636148144373980000|13:47:17:398
62|1.1|636147901356453359|71c053|49642.3984375|14.27331635663|101.25203712216|54309|65058||49642.3984375|158.5||15712.5|155.5|49642.3984375|71c053|ESR511|0|2421|-1631.25|||3|3|2|1|1|132|18|["132,18,5,3669","132,114,5,493","132,178,5,1645"]|636148144423980000|13:47:22:398
62|1.1|636147901406378351|71c053|49647.375|14.26726530215|101.24564810985|53621|64387||49647.375|157||15675|155|49647.375|71c053|ESR511|0|2421|-1181.25|||3|3|2|1|1|132|5|["132,18,5,3669","132,114,5,493","132,178,5,1645"]|636148144473750000|13:47:27:375
62|1.1|636147901456293342|71c053|49652.375|14.26123570531|101.23996719966|53009|63719||49652.375|156.5||15618.75|154.25|49652.375|71c053|ESR511|0|2421|-1062.5|||3|3|2|1|1|132|5|["132,18,5,3669","132,114,5,493","132,178,5,1645"]|636148144523750000|13:47:32:375
62|1.1|636147901506218334|71c053|49657.375|14.2544175402|101.23352990766|52316|62963||49657.375|156||15556.25|153.5|49657.375|71c053|ESR511|0|2421|-925|||3|3|2|1|1|132|5|["132,18,5,3669","132,114,5,493","132,178,5,1645"]|636148144573750000|13:47:37:375
62|1.1|636147901556143326|71c053|49662.359375|14.24781395149|101.22720526827|51635|62231||49662.359375|155.75||15500|153|49662.359375|71c053|ESR511|0|2421|-843.75|||3|3|2|1|1|132|18|["132,18,5,3669","132,114,5,493","132,178,5,1645"]|636148144623590000|13:47:42:359
62|1.1|636147901606068318|71c053|49667.359375|14.24150540533|101.2205694931|50920|61531||49667.359375|155||15443.75|152.5|49667.359375|71c053|ESR511|0|2421|-768.75|||3|3|2|1|1|132|18|["132,18,5,3669","132,114,5,493","132,178,5,1645"]|636148144673590000|13:47:47:359
62|1.1|636147901655983309|71c053|49672.3359375|14.23628046999|101.21532846453|50356|60952||49672.3359375|154.25||15418.75|152.25|49672.3359375|71c053|ESR511|0|2421|-631.25|||3|3|2|1|1|132|5|["132,18,5,3669","132,114,5,493","132,178,5,1645"]|636148144723360000|13:47:52:336
62|1.1|636147901705908301|71c053|49677.3359375|14.23089460235|101.21002842745|49785|60355||49677.3359375|153.75||15368.75|151.75|49677.3359375|71c053|ESR511|0|2421|-612.5|||3|3|2|1|1|132|5|["132,18,5,3669","132,114,5,493","132,178,5,1645"]|636148144773360000|13:47:57:336
62|1.1|636147901755823292|71c053|49682.3359375|14.22466115793|101.20364477955|49097|59664||49682.3359375|153.25||15312.5|151|49682.3359375|71c053|ESR511|0|2421|-650|||3|3|2|1|1|132|5|["132,18,5,3669","132,114,5,493","132,178,5,1645"]|636148144823360000|13:48:02:336
62|1.1|636147901805748284|71c053|49687.3203125|14.21910899358|101.19826964073|48518|59048||49687.3203125|152.75||15256.25|150.5|49687.3203125|71c053|ESR511|0|2421|-668.75|||3|3|2|1|1|132|5|["132,18,5,3669","132,114,5,493","132,178,5,1645"]|636148144873200000|13:48:07:320
62|1.1|636147901855673276|71c053|49692.3203125|14.21349782072|101.19284085781|47933|58427||49692.3203125|152.25||15200|149.75|49692.3203125|71c053|ESR511|0|2421|-706.25|||3|3|2|1|1|132|18|["132,18,5,3669","132,114,5,493","132,178,5,1645"]|636148144923200000|13:48:12:320
62|1.1|636147901905598268|71c053|49697.296875|14.20765597823|101.18742280371|47350|57779||49697.296875|151.25||15131.25|149.25|49697.296875|71c053|ESR511|0|2421|-706.25|||3|3|2|1|1|132|5|["132,18,5,3669","132,114,5,493","132,178,5,1645"]|636148144972970000|13:48:17:297
62|1.1|636147901955513259|71c053|49702.296875|14.20171221195|101.18139320687|46700|57120||49702.296875|150.75||15068.75|148.5|49702.296875|71c053|ESR511|0|2421|-731.25|||3|3|2|1|1|132|5|["132,18,5,3669","132,114,5,493","132,178,5,1645"]|636148145022970000|13:48:22:297
62|1.1|636147902005448252|71c053|49707.296875|14.19587573387|101.17559964407|46076|56474||49707.296875|150.25||15006.25|148|49707.296875|71c053|ESR511|0|2421|-750|||3|3|2|1|1|132|5|["132,18,5,3669","132,114,5,493"]|636148145072970000|13:48:27:297
62|1.1|636147902055383245|71c053|49712.28125|14.19075808673|101.17071803097|45550|55906||49712.28125|149.75||14950|147.5|49712.28125|71c053|ESR511|0|2421|-731.25|||3|3|2|1|1|132|5|["132,18,5,3669","132,114,5,493"]|636148145122810000|13:48:32:281
62|1.1|636147902105278234|71c053|49717.28125|14.18503962567|101.16494592581|44928|55272||49717.28125|149||14875|146.75|49717.28125|71c053|ESR511|0|2421|-750|||3|3|2|1|1|132|18|["132,18,5,3669","132,114,5,493"]|636148145172810000|13:48:37:281
62|1.1|636147902155203226|71c053|49722.2578125|14.17947136809|101.15938303264|44329|54655||49722.2578125|148||14762.5|146|49722.2578125|71c053|ESR511|0|2421|-787.5|||3|3|2|1|1|132|18|["132,18,5,3669","132,114,5,493"]|636148145222580000|13:48:42:258
62|1.1|636147902205118217|71c053|49727.2578125|14.17431617008|101.15446386867|43799|54084||49727.2578125|146.25||14637.5|144.5|49727.2578125|71c053|ESR511|0|2421|-1081.25|||3|3|2|1|1|132|5|["132,18,5,3669","132,114,5,493"]|636148145272580000|13:48:47:258
62|1.1|636147902255043209|71c053|49732.2578125|14.16976178599|101.15018306949|43337|53579||49732.2578125|145.75||14556.25|143.5|49732.2578125|71c053|ESR511|0|2421|-1081.25|||3|3|2|1|1|132|5|["132,18,5,3669","132,114,5,493"]|636148145322580000|13:48:52:258
62|1.1|636147902304968201|71c053|49737.2421875|14.16414524872|101.14457726104|42733|52957||49737.2421875|144.75||14450|142.5|49737.2421875|71c053|ESR511|0|2421|-1162.5|||3|3|2|1|1|132|5|["132,18,5,3669","132,114,5,493"]|636148145372420000|13:48:57:242
62|1.1|636147902354893193|71c053|49742.2421875|14.15861990642|101.1391377493|42147|52344||49742.2421875|144.25||14350|141.5|49742.2421875|71c053|ESR511|0|2421|-1200|||3|3|2|1|1|132|18|["132,18,5,3669","132,114,5,493","132,178,4,1645"]|636148145422420000|13:49:02:242
62|1.1|636147902404808184|71c053|49747.21875|14.15369537804|101.13435805999|41632|51799||49747.21875|143.25||14262.5|140.5|49747.21875|71c053|ESR511|0|2421|-1162.5|||3|3|2|1|1|132|18|["132,18,5,3669","132,114,5,493","132,178,4,1645"]|636148145472190000|13:49:07:219
62|1.1|636147902454733176|71c053|49752.21875|14.14812175605|101.12920286198|41076|51181||49752.21875|142||14193.75|140|49752.21875|71c053|ESR511|0|2421|-1006.25|||3|3|2|1|1|132|5|["132,18,5,3669","132,114,5,493","132,178,5,1892"]|636148145522190000|13:49:12:219
62|1.1|636147902504668169|71c053|49757.21875|14.14330451587|101.12431052006|40549|50648||49757.21875|141.5||14131.25|139.25|49757.21875|71c053|ESR511|0|2421|-962.5|||3|3|2|1|1|132|5|["132,18,5,3669","132,114,5,493","132,178,5,1892"]|636148145572190000|13:49:17:219
62|1.1|636147902554573159|71c053|49762.1953125|14.13832634339|101.11956838162|40038|50096||49762.1953125|141||14075|138.75|49762.1953125|71c053|ESR511|0|2421|-825|||3|3|2|1|1|132|5|["132,18,5,3669","132,114,5,493","132,178,5,1892"]|636148145621950000|13:49:22:195
62|1.1|636147902604488150|71c053|49767.1953125|14.13332671327|101.11483160759|39527|49542||49767.1953125|140.25||14006.25|138|49767.1953125|71c053|ESR511|0|2421|-825|||3|3|2|1|1|132|5|["132,18,5,3669","132,114,5,493","132,178,5,1892"]|636148145671950000|13:49:27:195
62|1.1|636147902654423143|71c053|49772.1796875|14.12789793035|101.10938673144|38940|48940||49772.1796875|139.75||13925|137.25|49772.1796875|71c053|ESR511|0|2421|-868.75|||3|3|2|1|1|132|18|["132,18,5,3669","132,114,5,493","132,178,5,1892"]|636148145721800000|13:49:32:180
62|1.1|636147902704338134|71c053|49777.1796875|14.1230431393|101.10454266921|38418|48402||49777.1796875|138.5||13818.75|136.25|49777.1796875|71c053|ESR511|0|2421|-962.5|||3|3|2|1|1|132|18|["132,18,5,3669","132,114,5,493","132,178,5,1892"]|636148145771800000|13:49:37:180
62|1.1|636147902754273127|71c053|49782.1796875|14.11815616179|101.0998702681|37914|47861||49782.1796875|137.5||13693.75|135|49782.1796875|71c053|ESR511|0|2421|-1081.25|||3|3|2|1|1|132|18|["132,18,5,3669","132,114,5,493","132,178,5,1892"]|636148145821800000|13:49:42:180
62|1.1|636147902804178117|71c053|49787.15625|14.11237869222|101.09438784108|37323|47221||49787.15625|135.5||13543.75|133.5|49787.15625|71c053|ESR511|0|2421|-1375|||3|3|2|1|1|132|5|["132,18,5,3669","132,114,5,493","132,178,5,1892"]|636148145871560000|13:49:47:156
62|1.1|636147902854103109|71c053|49792.15625|14.10678361259|101.08971007556|36819|46601||49792.15625|134.25||13406.25|132|49792.15625|71c053|ESR511|0|2421|-1518.75|||3|3|2|1|1|132|5|["132,18,5,3669","132,114,5,493","132,178,5,1892"]|636148145921560000|13:49:52:156
62|1.1|636147902904028101|71c053|49797.140625|14.10141920259|101.08592816651|36411|46007||49797.140625|133||13281.25|130.75|49797.140625|71c053|ESR511|0|2421|-1575|||3|3|2|1|1|132|5|["132,18,5,3669","132,114,5,493","132,178,5,1892"]|636148145971410000|13:49:57:141
62|1.1|636147902953943092|71c053|49802.140625|14.09496045295|101.08248421529|36040|45292||49802.140625|131.75||13143.75|129.25|49802.140625|71c053|ESR511|0|2421|-1575|||3|3|2|1|1|132|5|["132,18,5,3669","132,114,5,493","132,178,5,1892"]|636148146021410000|13:50:02:141
62|1.1|636147903003868084|71c053|49807.140625|14.08870555089|101.0801292393|35787|44599||49807.140625|131||13043.75|128.5|49807.140625|71c053|ESR511|0|2421|-1318.75|||3|3|2|1|1|132|18|["132,18,5,3669","132,114,5,493"]|636148146071410000|13:50:07:141
62|1.1|636147903053793076|71c053|49812.1171875|14.08171036025|101.07790837356|35548|43825||49812.1171875|130.25||12943.75|127.75|49812.1171875|71c053|ESR511|0|2421|-1025|||3|3|2|1|1|132|18|["132,18,5,3669","132,114,5,493"]|636148146121170000|13:50:12:117
62|1.1|636147903103708067|71c053|49817.1171875|14.07533207676|101.07630441497|35376|43119||49817.1171875|129.75||12893.75|127.25|49817.1171875|71c053|ESR511|0|2421|-843.75|||3|3|2|1|1|132|18|["132,18,5,3669","132,114,5,493"]|636148146171170000|13:50:17:117
62|1.1|636147903153633059|71c053|49822.1015625|14.06793991978|101.07486138868|35221|42301||49822.1015625|128.75||12862.5|126.75|49822.1015625|71c053|ESR511|0|2421|-731.25|||3|3|2|1|1|132|5|["132,18,5,3669","132,114,5,493"]|636148146221020000|13:50:22:102
62|1.1|636147903203568052|71c053|49827.1015625|14.06199078909|101.0733700827|35061|41643||49827.1015625|128.25||12812.5|126.25|49827.1015625|71c053|ESR511|0|2421|-731.25|||3|3|2|1|1|132|5|["132,18,5,3669","132,114,5,493"]|636148146271020000|13:50:27:102
62|1.1|636147903253473042|71c053|49832.1015625|14.05498486963|101.07135842895|34845|40867||49832.1015625|127.75||12756.25|125.5|49832.1015625|71c053|ESR511|0|2421|-731.25|||3|3|2|1|1|132|5|["132,18,5,3669","132,114,5,493"]|636148146321020000|13:50:32:102
62|1.1|636147903303398034|71c053|49837.078125|14.04813451806|101.06937359725|34632|40109||49837.078125|127.5||12712.5|125|49837.078125|71c053|ESR511|0|2421|-731.25|||3|3|2|1|1|132|18|["132,18,5,3669","132,114,5,493"]|636148146370780000|13:50:37:078
62|1.1|636147903353323026|71c053|49842.078125|14.04138609028|101.06744240965|34424|39362||49842.078125|127||12656.25|124.5|49842.078125|71c053|ESR511|0|2421|-687.5|||3|3|2|1|1|132|18|["132,18,5,3669","132,114,5,493"]|636148146420780000|13:50:42:078
62|1.1|636147903403248018|71c053|49847.0625|14.03536185785|101.06574725609|34242|38695||49847.0625|126.25||12612.5|124|49847.0625|71c053|ESR511|0|2421|-650|||3|3|2|1|1|132|18|["132,18,5,3669","132,114,5,493"]|636148146470630000|13:50:47:063
62|1.1|636147903453163009|71c053|49852.0625|14.02887092175|101.06401455166|34055|37977||49852.0625|125.25||12531.25|123.5|49852.0625|71c053|ESR511|0|2421|-687.5|||3|3|2|1|1|132|5|["132,18,5,3669","132,114,5,493"]|636148146520630000|13:50:52:063
62|1.1|636147903503098002|71c053|49857.0625|14.02273940112|101.06230866928|33872|37298||49857.0625|125||12487.5|122.75|49857.0625|71c053|ESR511|0|2421|-687.5|||3|3|2|1|1|132|5|["132,18,5,3669","132,114,5,493"]|636148146570630000|13:50:57:063
62|1.1|636147903553012993|71c053|49862.0390625|14.0158622275|101.06040966814|33668|36537||49862.0390625|124.5||12431.25|122.25|49862.0390625|71c053|ESR511|0|2421|-668.75|||3|3|2|1|1|132|5|["132,18,5,3669","132,114,5,493"]|636148146620390000|13:51:02:039
62|1.1|636147903602937985|71c053|49867.0390625|14.00984335948|101.05876279427|33491|35871||49867.0390625|124.25||12381.25|121.75|49867.0390625|71c053|ESR511|0|2421|-650|||3|3|2|1|1|132|18|["132,18,5,3669","132,114,5,493"]|636148146670390000|13:51:07:039
62|1.1|636147903652862977|71c053|49872.015625|14.00371183885|101.05709982717|33312|35192||49872.015625|123.75||12350|121.5|49872.015625|71c053|ESR511|0|2421|-612.5|||3|3|2|1|1|132|18|["132,18,5,3669","132,114,5,493"]|636148146720160000|13:51:12:016
62|1.1|636147903702777968|71c053|49877.015625|13.99653962268|101.055292021|33118|34398||49877.015625|123||12287.5|121|49877.015625|71c053|ESR511|0|2421|-587.5|||3|3|2|1|1|132|18|["132,18,5,3669","132,114,5,493"]|636148146770160000|13:51:17:016
62|1.1|636147903752692959|71c053|49882.015625|13.98965708465|101.05340911309|32915|33636||49882.015625|122.25||12225|120.25|49882.015625|71c053|ESR511|0|2421|-668.75|||3|3|2|1|1|132|5|["132,18,5,3669","132,114,5,493"]|636148146820160000|13:51:22:016
62|1.1|636147903802607950|71c053|49887|13.98367040309|101.05166567984|32728|32974||49887|122||12187.5|119.75|49887|71c053|ESR511|0|2421|-631.25|||3|3|2|1|1|132|5|["132,18,5,3669","132,114,5,493"]|636148146870000000|13:51:27:000
62|1.1|636147903852532942|71c053|49892|13.97752278923|101.04993297541|32541|32294||49892|121.5||12137.5|119.25|49892|71c053|ESR511|0|2421|-612.5|||3|3|2|1|1|132|18|["132,18,5,3669","132,114,5,493"]|636148146920000000|13:51:32:000
62|1.1|636147903902457934|71c053|49896.9765625|13.97121960748|101.04823782185|32359|31596||49896.9765625|121||12081.25|118.75|49896.9765625|71c053|ESR511|0|2421|-612.5|||3|3|2|1|1|132|18|["132,18,5,3669","132,114,5,493"]|636148146969770000|13:51:36:977
62|1.1|636147903952382926|71c053|49901.9765625|13.96389718783|101.04623689692|32144|30786||49901.9765625|120.5||12012.5|118.25|49901.9765625|71c053|ESR511|0|2421|-631.25|||3|3|2|1|1|132|18|["132,18,5,3669"]|636148147019770000|13:51:41:977
62|1.1|636147904002307918|71c053|49906.9765625|13.95666059874|101.04420914994|31926|29984||49906.9765625|119.75||11962.5|117.75|49906.9765625|71c053|ESR511|0|2421|-612.5|||3|3|2|1|1|132|5|["132,18,5,3669"]|636148147069770000|13:51:46:977
62|1.1|636147904052222909|71c053|49911.9609375|13.95134983284|101.04280903893|31775|29397||49911.9609375|119.25||11925|117.25|49911.9609375|71c053|ESR511|0|2421|-587.5|||3|3|2|1|1|132|5|["132,18,5,3669"]|636148147119610000|13:51:51:961
62|1.1|636147904102147901|71c053|49916.9609375|13.9449447273|101.0410763345|31589|28688||49916.9609375|118.75||11868.75|116.75|49916.9609375|71c053|ESR511|0|2421|-612.5|||3|3|2|1|1|132|18|["132,18,5,3669"]|636148147169610000|13:51:56:961
62|1.1|636147904152072893|71c053|49921.9375|13.93769740939|101.03905931634|31372|27886||49921.9375|118.25||11793.75|116|49921.9375|71c053|ESR511|0|2421|-650|||3|3|2|1|1|132|18|["132,18,5,3669"]|636148147219380000|13:52:01:938
62|1.1|636147904201987884|71c053|49926.9375|13.93091679515|101.03722468812|31175|27135||49926.9375|117.5||11737.5|115.25|49926.9375|71c053|ESR511|0|2421|-731.25|||3|3|2|1|1|132|18|["132,18,5,3669"]|636148147269380000|13:52:06:938
62|1.1|636147904251912876|71c053|49931.9375|13.92387332482|101.03519157673|30956|26356||49931.9375|116.75||11675|114.75|49931.9375|71c053|ESR511|0|2421|-706.25|||3|3|2|1|1|132|5|["132,18,5,3669"]|636148147319380000|13:52:11:938
62|1.1|636147904301837868|71c053|49936.921875|13.9185518301|101.03373782162|30799|25767||49936.921875|116.25||11625|114.25|49936.921875|71c053|ESR511|0|2421|-687.5|||3|3|2|1|1|132|5|["132,18,5,3669"]|636148147369220000|13:52:16:922
62|1.1|636147904351752859|71c053|49941.921875|13.91175512263|101.03188710017|30600|25015||49941.921875|116||11556.25|113.5|49941.921875|71c053|ESR511|0|2421|-687.5|||3|3|2|1|1|132|18|["132,18,5,3669"]|636148147419220000|13:52:21:922
62|1.1|636147904401677851|71c053|49946.8984375|13.90524272889|101.03009002282|30407|24294||49946.8984375|115.25||11506.25|113|49946.8984375|71c053|ESR511|0|2421|-706.25|||3|3|2|1|1|132|18|["132,18,5,3669"]|636148147468980000|13:52:26:898
62|1.1|636147904451642847|71c053|49951.8984375|13.89932578466|101.02841096249|30226|23639||49951.8984375|114.75||11450|112.5|49951.8984375|71c053|ESR511|0|2421|-687.5|||3|3|2|1|1|132|18|["132,18,5,3669"]|636148147518980000|13:52:31:898
62|1.1|636147904501527835|71c053|49956.8984375|13.89233059402|101.02665143601|30037|22865||49956.8984375|114||11381.25|111.75|49956.8984375|71c053|ESR511|0|2421|-731.25|||3|3|2|1|1|132|18|["132,18,5,3669"]|636148147568980000|13:52:36:898
62|1.1|636147904551442826|71c053|49961.875|13.88563581034|101.02480071456|29838|22124||49961.875|113.25||11318.75|111.25|49961.875|71c053|ESR511|0|2421|-731.25|||3|3|2|1|1|132|5|["132,18,5,3669"]|636148147618750000|13:52:41:875
62|1.1|636147904601357817|71c053|49966.875|13.87976178139|101.02312165423|29657|21474||49966.875|113||11287.5|110.75|49966.875|71c053|ESR511|0|2421|-650|||3|3|2|1|1|132|5|["132,18,5,3669"]|636148147668750000|13:52:46:875
62|1.1|636147904651282809|71c053|49971.859375|13.87340495554|101.02135139893|29467|20770||49971.859375|112.5||11231.25|110.25|49971.859375|71c053|ESR511|0|2421|-631.25|||3|3|2|1|1|132|18|["132,18,5,3669"]|636148147718590000|13:52:51:859
62|1.1|636147904701217802|71c053|49976.859375|13.86701057882|101.01959187245|29277|20063||49976.859375|112||11181.25|109.75|49976.859375|71c053|ESR511|0|2421|-631.25|||3|3|2|1|1|132|18|["132,18,5,3669"]|636148147768590000|13:52:56:859
62|1.1|636147904751132793|71c053|49981.859375|13.86058938005|101.01781625274|29086|19352||49981.859375|111.5||11131.25|109.25|49981.859375|71c053|ESR511|0|2421|-612.5|||3|3|2|1|1|132|18|["132,18,5,3669"]|636148147818590000|13:53:01:859
62|1.1|636147904801047784|71c053|49986.8359375|13.85373366407|101.01590115837|28880|18593||49986.8359375|111||11087.5|108.75|49986.8359375|71c053|ESR511|0|2421|-612.5|||3|3|2|1|1|132|18|["132,18,5,3669"]|636148147868360000|13:53:06:836
62|1.1|636147904850962775|71c053|49991.8359375|13.84713007536|101.01404507251|28680|17862||49991.8359375|110.25||11025|108.25|49991.8359375|71c053|ESR511|0|2421|-587.5|||3|3|2|1|1|132|5|["132,18,5,3669"]|636148147918360000|13:53:11:836
62|1.1|636147904900887767|71c053|49996.8203125|13.84172811449|101.01252694448|28517|17264||49996.8203125|110||10981.25|107.75|49996.8203125|71c053|ESR511|0|2421|-587.5|||3|3|2|1|1|132|18|["132,18,5,3669"]|636148147968200000|13:53:16:820
62|1.1|636147904950812759|71c053|50001.8203125|13.83563414473|101.01091225707|28342|16590||50001.8203125|109.5||10943.75|107.5|50001.8203125|71c053|ESR511|0|2421|-568.75|||3|3|2|1|1|132|18|["132,18,5,3669"]|636148148018200000|13:53:21:820
62|1.1|636147905000727750|71c053|50006.8203125|13.82877842875|101.00912054413|28150|15831||50006.8203125|109||10881.25|107|50006.8203125|71c053|ESR511|0|2421|-568.75|||3|3|2|1|1|132|18|["132,18,5,3669"]|636148148068200000|13:53:26:820
62|1.1|636147905050652742|71c053|50011.796875|13.82235186557|101.00737711088|27962|15120||50011.796875|108.5||10825|106.25|50011.796875|71c053|ESR511|0|2421|-587.5|||3|3|2|1|1|132|18|["132,18,5,3669"]|636148148117970000|13:53:31:797
62|1.1|636147905100587735|71c053|50016.796875|13.81506699679|101.00530644862|27739|14314||50016.796875|107.75||10775|105.75|50016.796875|71c053|ESR511|0|2421|-612.5|||3|3|2|1|1|132|5|["132,18,5,3669"]|636148148167970000|13:53:36:797
62|1.1|636147905150492725|71c053|50021.78125|13.80961675623|101.00385269351|27583|13711||50021.78125|107.5||10743.75|105.5|50021.78125|71c053|ESR511|0|2421|-568.75|||3|3|2|1|1|132|5|["132,18,5,3669"]|636148148217810000|13:53:41:781
62|1.1|636147905200417717|71c053|50026.78125|13.80303462516|101.00205561616|27389|12982||50026.78125|107||10687.5|105|50026.78125|71c053|ESR511|0|2421|-568.75|||3|3|2|1|1|132|18|["132,18,5,3669"]|636148148267810000|13:53:46:781
62|1.1|636147905250352710|71c053|50031.78125|13.79658123993|101.00029072527|27199|12268||50031.78125|106.5||10643.75|104.25|50031.78125|71c053|ESR511|0|2421|-587.5|||3|3|2|1|1|132|18|["132,18,5,3669"]|636148148317810000|13:53:51:781
62|1.1|636147905300267701|71c053|50036.7578125|13.79049799899|100.99862239376|27019|11595||50036.7578125|106||10600|104|50036.7578125|71c053|ESR511|0|2421|-568.75|||3|3|2|1|1|132|18|["132,18,5,3669"]|636148148367580000|13:53:56:758
62|1.1|636147905350182692|71c053|50041.7578125|13.78364764742|100.99673948585|26816|10837||50041.7578125|105.5||10543.75|103.5|50041.7578125|71c053|ESR511|0|2421|-587.5|||3|3|2|1|1|132|18|["132,18,5,3669"]|636148148417580000|13:54:01:758
62|1.1|636147905400107684|71c053|50046.7421875|13.77716744014|100.99497459496|26626|10120||50046.7421875|105||10493.75|102.75|50046.7421875|71c053|ESR511|0|2421|-612.5|||3|3|2|1|1|132|18|["132,18,5,3669"]|636148148467420000|13:54:06:742
62|1.1|636147905450032676|71c053|50051.7421875|13.77047265646|100.99304340736|26418|9379||50051.7421875|104.5||10437.5|102.25|50051.7421875|71c053|ESR511|0|2421|-612.5|||3|3|2|1|1|132|5|["132,18,5,3669"]|636148148517420000|13:54:11:742
62|1.1|636147905499947667|71c053|50056.7421875|13.76407291533|100.9909727451|26195|8670||50056.7421875|104.25||10387.5|101.75|50056.7421875|71c053|ESR511|0|2421|-612.5|||3|3|2|1|1|132|18|["132,18,5,3669"]|636148148567420000|13:54:16:742
62|1.1|636147905549872659|71c053|50061.71875|13.75796285234|100.98834954861|25912|7994||50061.71875|103.5||10331.25|101.25|50061.71875|71c053|ESR511|0|2421|-612.5|||3|3|2|1|1|132|18|["132,18,5,3669"]|636148148617190000|13:54:21:719
62|1.1|636147905599797651|71c053|50066.71875|13.75300077309|100.98462128366|25509|7445||50066.71875|102.5||10256.25|100.75|50066.71875|71c053|ESR511|0|2421|-650|||3|3|2|1|1|132|18|["132,18,5,3669"]|636148148667190000|13:54:26:719
62|1.1|636147905649712642|71c053|50071.6953125|13.74883799093|100.97970211969|24978|6983||50071.6953125|101.5||10156.25|99.5|50071.6953125|71c053|ESR511|0|2421|-825|||3|3|2|1|1|132|18|["132,18,5,3669"]|636148148716950000|13:54:31:695
62|1.1|636147905699637634|71c053|50076.6953125|13.74595193835|100.97344721763|24301|6664||50076.6953125|100.75||10050|98.5|50076.6953125|71c053|ESR511|0|2421|-962.5|||3|3|2|1|1|132|18|["132,18,5,3669"]|636148148766950000|13:54:36:695
62|1.1|636147905749552625|71c053|50081.6953125|13.74352186062|100.96611943357|23509|6394||50081.6953125|99.75||9950|97.5|50081.6953125|71c053|ESR511|0|2421|-1043.75|||3|3|2|1|1|132|18|["132,18,5,3669"]|636148148816950000|13:54:41:695
62|1.1|636147905799477617|71c053|50086.6796875|13.74185352911|100.95935491256|22778|6209||50086.6796875|99||9856.25|96.5|50086.6796875|71c053|ESR511|0|2421|-1081.25|||3|3|2|1|1|132|18|["132,18,5,3669"]|636148148866800000|13:54:46:680
62|1.1|636147905849402609|71c053|50091.6796875|13.74075382506|100.95385639231|22183|6087||50091.6796875|98||9787.5|95.75|50091.6796875|71c053|ESR511|0|2421|-1043.75|||3|3|2|1|1|132|18|["132,18,5,3669"]|636148148916800000|13:54:51:680
62|1.1|636147905899317600|71c053|50096.65625|13.74112933376|100.94733326975|21478|6128||50096.65625|97.25||9687.5|95|50096.65625|71c053|ESR511|0|2421|-1062.5|||3|3|2|1|1|132|18|["132,18,5,3669"]|636148148966560000|13:54:56:656
62|1.1|636147905949252593|71c053|50101.65625|13.74400465752|100.94029516383|20716|6446||50101.65625|95.75||9581.25|93.75|50101.65625|71c053|ESR511|0|2421|-1162.5|||3|3|2|1|1|132|5|["132,18,5,3669"]|636148149016560000|13:55:01:656
62|1.1|636147905999177585|71c053|50106.65625|13.74620406562|100.93477518594|20119|6688||50106.65625|94.75||9475|92.75|50106.65625|71c053|ESR511|0|2421|-1181.25|||3|3|2|1|1|132|18|["132,18,5,3669"]|636148149066560000|13:55:06:656
62|1.1|636147906049092576|71c053|50111.640625|13.74936906752|100.929764827|19577|7038||50111.640625|93.5||9350|91.5|50111.640625|71c053|ESR511|0|2421|-1281.25|||3|3|2|1|1|132|18|["132,18,5,3669"]|636148149116410000|13:55:11:641
62|1.1|636147906099007567|71c053|50116.640625|13.75313488334|100.9237566878|18927|7454||50116.640625|92||9175|89.5|50116.640625|71c053|ESR511|0|2421|-1931.25|||3|3|2|1|1|132|18|["132,18,5,3669"]|636148149166410000|13:55:16:641
62|1.1|636147906148932559|71c053|50121.6171875|13.75864949682|100.91947588862|18463|8064||50121.6171875|90.25||8987.5|87.75|50121.6171875|71c053|ESR511|0|2421|-2143.75|||3|3|2|1|1|132|18|["132,18,5,3669"]|636148149216170000|13:55:21:617
62|1.1|636147906198847550|71c053|50126.6171875|13.76390125421|100.9164074461|18131|8645||50126.6171875|88.5||8837.5|86.25|50126.6171875|71c053|ESR511|0|2421|-2006.25|||3|3|2|1|1|132|18|["132,18,5,3669"]|636148149266170000|13:55:26:617
62|1.1|636147906248772542|71c053|50131.6171875|13.76983429167|100.91412757185|17884|9301||50131.6171875|87||8687.5|84.75|50131.6171875|71c053|ESR511|0|2421|-1887.5|||3|3|2|1|1|132|18|["132,18,5,3669"]|636148149316170000|13:55:31:617
62|1.1|636147906298697534|71c053|50136.6015625|13.77628231249|100.91150437536|17600|10014||50136.6015625|85.5||8506.25|83|50136.6015625|71c053|ESR511|0|2421|-1931.25|||3|3|2|1|1|132|18|["132,18,5,3669"]|636148149366020000|13:55:36:602
62|1.1|636147906348622526|71c053|50141.6015625|13.78289663002|100.91017936609|17456|10746||50141.6015625|84.25||8387.5|82|50141.6015625|71c053|ESR511|0|2421|-1612.5|||3|3|2|1|1|132|18|["132,18,5,3669"]|636148149416020000|13:55:41:602
62|1.1|636147906398537517|71c053|50146.578125|13.78893695568|100.90944980633|17377|11414||50146.578125|83||8275|80.75|50146.578125|71c053|ESR511|0|2421|-1518.75|||3|3|2|1|1|132|18|["132,18,5,3669"]|636148149465780000|13:55:46:578
62|1.1|636147906448472510|71c053|50151.578125|13.79601797688|100.90895628061|17323|12197||50151.578125|81.75||8137.5|79.5|50151.578125|71c053|ESR511|0|2421|-1537.5|||3|3|2|1|1|132|18|["132,18,5,3669"]|636148149515780000|13:55:51:578
62|1.1|636147906498377500|71c053|50156.578125|13.80232115863|100.91006134907|17442|12895||50156.578125|81||8056.25|78.75|50156.578125|71c053|ESR511|0|2421|-1400|||3|3|2|1|1|132|18|["132,18,5,3669"]|636148149565780000|13:55:56:578
62|1.1|636147906548302492|71c053|50161.5625|13.8086350692|100.91108595138|17552|13593||50161.5625|80||7981.25|77.75|50161.5625|71c053|ESR511|0|2421|-1218.75|||3|3|2|1|1|132|18|["132,18,5,3669"]|636148149615630000|13:56:01:563
62|1.1|636147906598227484|71c053|50166.5625|13.81501335269|100.9119549858|17646|14299||50166.5625|78.75||7893.75|76.75|50166.5625|71c053|ESR511|0|2421|-1218.75|||3|3|2|1|1|132|18|["132,18,5,3669"]|636148149665630000|13:56:06:563
62|1.1|636147906648162477|71c053|50171.5390625|13.82246451818|100.91231440127|17684|15124||50171.5390625|77.5||7756.25|75.5|50171.5390625|71c053|ESR511|0|2421|-1318.75|||3|3|2|1|1|132|5|["132,18,5,3669"]|636148149715390000|13:56:11:539
62|1.1|636147906698067467|71c053|50176.5390625|13.82921831037|100.91290985078|17748|15871||50176.5390625|76.75||7637.5|74.25|50176.5390625|71c053|ESR511|0|2421|-1356.25|||3|3|2|1|1|132|18|["132,18,5,3669"]|636148149765390000|13:56:16:539
62|1.1|636147906747992459|71c053|50181.5390625|13.83515671224|100.91341410532|17802|16528||50181.5390625|75.5||7543.75|73.25|50181.5390625|71c053|ESR511|0|2421|-1337.5|||3|3|2|1|1|132|18|["132,18,5,3669"]|636148149815390000|13:56:21:539
62|1.1|636147906797927452|71c053|50186.515625|13.84120240231|100.91393445309|17858|17197||50186.515625|74.5||7437.5|72.25|50186.515625|71c053|ESR511|0|2421|-1300|||3|3|2|1|1|132|18|["132,18,5,3669"]|636148149865160000|13:56:26:516
62|1.1|636147906847832442|71c053|50191.515625|13.8483317032|100.91451380937|17920|17986||50191.515625|73.5||7312.5|71.25|50191.515625|71c053|ESR511|0|2421|-1300|||3|3|2|1|1|132|18|["132,18,5,3669"]|636148149915160000|13:56:31:516
62|1.1|636147906897757434|71c053|50196.5|13.85408771513|100.91502342832|17974|18623||50196.5|72.25||7212.5|70|50196.5|71c053|ESR511|0|2421|-1300|||3|3|2|1|1|132|18|["132,18,5,3669"]|636148149965000000|13:56:36:500
62|1.1|636147906947682426|71c053|50201.5|13.86123847366|100.91560814901|18037|19414||50201.5|71.5||7131.25|69.25|50201.5|71c053|ESR511|0|2421|-1143.75|||3|3|2|1|1|132|5|["132,18,5,3669"]|636148150015000000|13:56:41:500
62|1.1|636147906997597417|71c053|50206.5|13.86775623181|100.91617677647|18098|20135||50206.5|71.25||7081.25|69|50206.5|71c053|ESR511|0|2421|-787.5|||3|3|2|1|1|132|18|["132,18,5,3669"]|636148150065000000|13:56:46:500
62|1.1|636147907047522409|71c053|50211.4765625|13.87325475206|100.9166756666|18152|20743||50211.4765625|71||7075|69|50211.4765625|71c053|ESR511|0|2421|-493.75|||3|3|2|1|1|132|18|["132,18,5,3669"]|636148150114770000|13:56:51:477
62|1.1|636147907097447401|71c053|50216.4765625|13.87895711989|100.91719064996|18207|21374||50216.4765625|70.5||7037.5|68.5|50216.4765625|71c053|ESR511|0|2421|-475|||3|3|2|1|1|132|18|["132,18,5,3669"]|636148150164770000|13:56:56:477
62|1.1|636147907147372393|71c053|50221.4609375|13.88558216624|100.91773245537|18265|22107||50221.4609375|70.25||7006.25|68|50221.4609375|71c053|ESR511|0|2421|-450|||3|3|2|1|1|132|18|["132,18,5,3669"]|636148150214610000|13:57:01:461
62|1.1|636147907197287384|71c053|50226.4609375|13.89183170389|100.9182849896|18324|22799||50226.4609375|69.75||6975|67.75|50226.4609375|71c053|ESR511|0|2421|-475|||3|3|2|1|1|132|18|["132,18,5,3669"]|636148150264610000|13:57:06:461
62|1.1|636147907247232378|71c053|50231.4609375|13.89710491892|100.91875169327|18374|23382||50231.4609375|69.5||6950|67.5|50231.4609375|71c053|ESR511|0|2421|-412.5|||3|3|2|1|1|132|18|["132,18,5,3669"]|636148150314610000|13:57:11:461
62|1.1|636147907297137368|71c053|50236.4375|13.90354757533|100.91925594781|18428|24095||50236.4375|69||6900|67|50236.4375|71c053|ESR511|0|2421|-431.25|||3|3|2|1|1|132|18|["132,18,5,3669"]|636148150364380000|13:57:16:438
62|1.1|636147907347052359|71c053|50241.4375|13.9087349598|100.91969046502|18475|24669||50241.4375|68.75||6868.75|66.75|50241.4375|71c053|ESR511|0|2421|-431.25|||3|3|2|1|1|132|18|["132,18,5,3669"]|636148150414380000|13:57:21:438
62|1.1|636147907396977351|71c053|50246.421875|13.91501668391|100.92018399074|18528|25364||50246.421875|68.25||6812.5|66.25|50246.421875|71c053|ESR511|0|2421|-475|||3|3|2|1|1|132|18|["132,18,5,3669"]|636148150464220000|13:57:26:422
62|1.1|636147907446902343|71c053|50251.421875|13.9210731028|100.92068824528|18582|26034||50251.421875|67.5||6750|65.5|50251.421875|71c053|ESR511|0|2421|-587.5|||3|3|2|1|1|132|18|["132,18,5,3669"]|636148150514220000|13:57:31:422
62|1.1|636147907496827335|71c053|50256.421875|13.9269739538|100.92120322864|18637|26687||50256.421875|66.75||6668.75|64.75|50256.421875|71c053|ESR511|0|2421|-731.25|||3|3|2|1|1|132|18|["132,18,5,3669"]|636148150564220000|13:57:36:422
62|1.1|636147907546742326|71c053|50261.3984375|13.93189311777|100.92168602554|18689|27231||50261.3984375|66||6600|64|50261.3984375|71c053|ESR511|0|2421|-768.75|||3|3|2|1|1|132|18|["132,18,5,3669"]|636148150613980000|13:57:41:398
62|1.1|636147907596677319|71c053|50266.3984375|13.93754720591|100.9221473648|18738|27857||50266.3984375|65.5||6537.5|63.25|50266.3984375|71c053|ESR511|0|2421|-768.75|||3|3|2|1|1|132|18|["132,18,5,3669"]|636148150663980000|13:57:46:398
62|1.1|636147907646602311|71c053|50271.375|13.94342659927|100.92265698375|18793|28508||50271.375|64.75||6468.75|62.75|50271.375|71c053|ESR511|0|2421|-768.75|||3|3|2|1|1|132|18|["132,18,5,3669"]|636148150713750000|13:57:51:375
62|1.1|636147907696507301|71c053|50276.375|13.94917724679|100.92315587388|18846|29144||50276.375|64.25||6406.25|62|50276.375|71c053|ESR511|0|2421|-768.75|||3|3|2|1|1|132|18|["132,18,5,3669"]|636148150763750000|13:57:56:375
62|1.1|636147907746432293|71c053|50281.375|13.95404813107|100.92362257755|18896|29683||50281.375|63.75||6362.5|61.5|50281.375|71c053|ESR511|0|2421|-731.25|||3|3|2|1|1|132|18|["132,18,5,3669"]|636148150813750000|13:58:01:375
62|1.1|636147907796357285|71c053|50286.359375|13.95992216002|100.92387470482|18923|30333||50286.359375|63||6293.75|61|50286.359375|71c053|ESR511|0|2421|-687.5|||3|3|2|1|1|132|5|["132,18,5,3669"]|636148150863590000|13:58:06:359
62|1.1|636147907846292278|71c053|50291.359375|13.96519537505|100.92319878916|18849|30916||50291.359375|62.5||6250|60.5|50291.359375|71c053|ESR511|0|2421|-668.75|||3|3|2|1|1|132|18|["132,18,5,3669"]|636148150913590000|13:58:11:359
62|1.1|636147907896197268|71c053|50296.3359375|13.97006089492|100.92172894082|18690|31454||50296.3359375|62||6193.75|60|50296.3359375|71c053|ESR511|0|2421|-668.75|||3|3|2|1|1|132|18|["132,18,5,3669"]|636148150963360000|13:58:16:336
62|1.1|636147907946112259|71c053|50301.3359375|13.97535020318|100.91859076097|18351|32039||50301.3359375|61.75||6150|59.5|50301.3359375|71c053|ESR511|0|2421|-650|||3|3|2|1|1|132|18|["132,18,5,3669"]|636148151013360000|13:58:21:336
62|1.1|636147907996037251|71c053|50306.3359375|13.97989922286|100.9145835467|17917|32542||50306.3359375|61.25||6093.75|59|50306.3359375|71c053|ESR511|0|2421|-612.5|||3|3|2|1|1|132|18|["132,18,5,3669"]|636148151063360000|13:58:26:336
62|1.1|636147908045962243|71c053|50311.3203125|13.98326807234|100.910452951|17471|32915||50311.3203125|60.75||6062.5|58.5|50311.3203125|71c053|ESR511|0|2421|-568.75|||3|3|2|1|1|132|18|["132,18,5,3669"]|636148151113200000|13:58:31:320
62|1.1|636147908095897236|71c053|50316.3203125|13.98559622628|100.90553378703|16939|33172||50316.3203125|60.25||6025|58.25|50316.3203125|71c053|ESR511|0|2421|-512.5|||3|3|2|1|1|132|18|["132,18,5,3669"]|636148151163200000|13:58:36:320
62|1.1|636147908145812227|71c053|50321.296875|13.98742012568|100.90103304704|16453|33373||50321.296875|60||5987.5|58|50321.296875|71c053|ESR511|0|2421|-493.75|||3|3|2|1|1|132|18|["132,18,5,3669"]|636148151212970000|13:58:41:297
62|1.1|636147908195727218|71c053|50326.296875|13.9888256011|100.89571691673|15879|33529||50326.296875|59.5||5950|57.5|50326.296875|71c053|ESR511|0|2421|-493.75|||3|3|2|1|1|132|18|["132,18,5,3669"]|636148151262970000|13:58:46:297
62|1.1|636147908245642209|71c053|50331.296875|13.99004332217|100.8903900576|15303|33663||50331.296875|59||5887.5|57|50331.296875|71c053|ESR511|0|2421|-531.25|||3|3|2|1|1|132|18|["132,18,5,3669"]|636148151312970000|13:58:51:297
62|1.1|636147908295567201|71c053|50336.28125|13.99126640765|100.88506319847|14727|33798||50336.28125|58.5||5843.75|56.5|50336.28125|71c053|ESR511|0|2421|-568.75|||3|3|2|1|1|132|18|["132,18,5,3669"]|636148151362810000|13:58:56:281
62|1.1|636147908345342178|71c053|50341.28125|13.99319759525|100.87935546623|14110|34011||50341.28125|58.25||5818.75|56.25|50341.28125|71c053|ESR511|0|2421|-512.5|||3|3|2|1|1|132|5|["132,18,5,3669"]|636148151412810000|13:59:01:281
62|1.1|636147908395407184|71c053|50346.2578125|13.99444750278|100.87367992045|13497|34149||50346.2578125|58||5793.75|55.75|50346.2578125|71c053|ESR511|0|2421|-450|||3|3|2|1|1|132|18|["132,18,5,3669"]|636148151462580000|13:59:06:258
62|1.1|636147908445332176|71c053|50351.2578125|13.99503758788|100.86923818897|13017|34214||50351.2578125|57.75||5768.75|55.5|50351.2578125|71c053|ESR511|0|2421|-412.5|||3|3|2|1|1|132|18|["132,18,5,3669"]|636148151512580000|13:59:11:258
62|1.1|636147908495267169|71c053|50356.2578125|13.99446896042|100.86313349039|12358|34151||50356.2578125|57.5||5743.75|55.25|50356.2578125|71c053|ESR511|0|2421|-375|||3|3|2|1|1|132|18|["132,18,5,3669"]|636148151562580000|13:59:16:258
62|1.1|636147908545172159|71c053|50361.2421875|13.99304202736|100.85765642778|11766|33993||50361.2421875|56.75||5687.5|54.75|50361.2421875|71c053|ESR511|0|2421|-431.25|||3|3|2|1|1|132|18|["132,18,5,3669"]|636148151612420000|13:59:21:242
62|1.1|636147908595087150|71c053|50366.2421875|13.99051002584|100.8527855435|11240|33712||50366.2421875|56.25||5631.25|54.25|50366.2421875|71c053|ESR511|0|2421|-512.5|||3|3|2|1|1|132|18|["132,18,5,3669"]|636148151662420000|13:59:26:242
62|1.1|636147908644872128|71c053|50371.21875|13.98731283748|100.84984584682|10923|33358||50371.21875|55.5||5556.25|53.75|50371.21875|71c053|ESR511|0|2421|-568.75|||3|3|2|1|1|132|18|["132,18,5,3669"]|636148151712190000|13:59:31:219
62|1.1|636147908694947135|71c053|50376.21875|13.98494176826|100.84573134435|10478|33096||50376.21875|55.25||5512.5|53.25|50376.21875|71c053|ESR511|0|2421|-587.5|||3|3|2|1|1|132|18|["132,18,5,3669"]|636148151762190000|13:59:36:219
62|1.1|636147908744852125|71c053|50381.21875|13.98269408047|100.84199235058|10074|32847||50381.21875|54.75||5468.75|52.75|50381.21875|71c053|ESR511|0|2421|-568.75|||3|3|2|1|1|132|5|["132,18,5,3669"]|636148151812190000|13:59:41:219
62|1.1|636147908794627102|71c053|50386.1953125|13.98022108746|100.83723948332|9561|32573||50386.1953125|54.25||5412.5|52.25|50386.1953125|71c053|ESR511|0|2421|-587.5|||3|3|2|1|1|132|18|["132,18,5,3669"]|636148151861950000|13:59:46:195
62|1.1|636147908844552094|71c053|50391.1953125|13.97801631495|100.83361314216|9169|32329||50391.1953125|53.5||5356.25|51.75|50391.1953125|71c053|ESR511|0|2421|-612.5|||3|3|2|1|1|132|18|["132,18,5,3669"]|636148151911950000|13:59:51:195
62|1.1|636147908894477086|71c053|50396.1796875|13.97555941517|100.82946645323|8721|32057||50396.1796875|53.25||5293.75|51|50396.1796875|71c053|ESR511|0|2421|-650|||3|3|2|1|1|132|5|["132,18,5,3669"]|636148151961800000|13:59:56:180
62|1.1|636147908944402078|71c053|50401.1796875|13.9732688121|100.82479941653|8217|31804||50401.1796875|52.75||5231.25|50.25|50401.1796875|71c053|ESR511|0|2421|-687.5|||3|3|2|1|1|132|5|["132,18,5,3669"]|636148152011800000|14:00:01:180
62|1.1|636147908994327070|71c053|50406.1796875|13.9711230481|100.82096922779|7803|31566||50406.1796875|51.5||5156.25|49.5|50406.1796875|71c053|ESR511|0|2421|-750|||3|3|2|1|1|132|5|["132,18,5,3669"]|636148152061800000|14:00:06:180
62|1.1|636147909044242061|71c053|50411.15625|13.96911139435|100.81800270906|7483|31343||50411.15625|51.25||5112.5|49.25|50411.15625|71c053|ESR511|0|2421|-706.25|||3|3|2|1|1|132|18|["132,18,5,3669"]|636148152111560000|14:00:11:156
62|1.1|636147909094157052|71c053|50416.15625|13.96632190115|100.81482697834|7140|31035||50416.15625|51||5087.5|48.75|50416.15625|71c053|ESR511|0|2421|-650|||3|3|2|1|1|132|5|["132,18,5,3669"]|636148152161560000|14:00:16:156
62|1.1|636147909144092045|71c053|50421.140625|13.96283503465|100.81242372266|6880|30649||50421.140625|51||5081.25|48.75|50421.140625|71c053|ESR511|0|2421|-431.25|||3|3|2|1|1|132|5|["132,18,5,3669"]|636148152211410000|14:00:21:141
62|1.1|636147909194007036|71c053|50426.140625|13.95831283702|100.81032087394|6653|30148||50426.140625|51||5087.5|48.75|50426.140625|71c053|ESR511|0|2421|-312.5|||3|3|2|1|1|132|5|["132,18,5,3669"]|636148152261410000|14:00:26:141
62|1.1|636147909243922027|71c053|50431.140625|13.95412859722|100.80934455132|6548|29686||50431.140625|50.75||5075|48.75|50431.140625|71c053|ESR511|0|2421|-312.5|||3|3|2|1|1|132|5|["132,18,5,3669"]|636148152311410000|14:00:31:141
62|1.1|636147909293847019|71c053|50436.1171875|13.94953666226|100.80827166932|6432|29177||50436.1171875|49.5||4968.75|47.75|50436.1171875|71c053|ESR511|0|2421|-493.75|||3|3|2|1|1|132|5|["132,18,5,3669"]|636148152361170000|14:00:36:117
62|1.1|636147909343782012|71c053|50441.1171875|13.94616244837|100.8071880585|6315|28804||50441.1171875|48.75||4887.5|46.75|50441.1171875|71c053|ESR511|0|2421|-750|||3|3|2|1|1|132|5|["132,18,5,3669"]|636148152411170000|14:00:41:117
62|1.1|636147909393687002|71c053|50446.1015625|13.94177436099|100.80553045581|6136|28319||50446.1015625|48||4775|45.75|50446.1015625|71c053|ESR511|0|2421|-962.5|||3|3|2|1|1|132|5|["132,18,5,3669"]|636148152461020000|14:00:46:102
62|1.1|636147909443611994|71c053|50451.1015625|13.93746673976|100.80411425157|5983|27842||50451.1015625|47||4650|44.5|50451.1015625|71c053|ESR511|0|2421|-1218.75|||3|3|2|1|1|132|5|["132,18,5,3669"]|636148152511020000|14:00:51:102
62|1.1|636147909493526985|71c053|50456.1015625|13.93349171195|100.80301991193|5865|27402||50456.1015625|46||4550|43.5|50456.1015625|71c053|ESR511|0|2421|-1262.5|||3|3|2|1|1|132|5|["132,18,5,3669"]|636148152561020000|14:00:56:102
62|1.1|636147909543451977|71c053|50461.078125|13.92929674333|100.80210259782|5766|26938||50461.078125|44.5||4450|42.5|50461.078125|71c053|ESR511|0|2421|-1262.5|||3|3|2|1|1|132|5|["132,18,5,3669"]|636148152610780000|14:01:01:078
62|1.1|636147909593376969|71c053|50466.078125|13.92499448651|100.80100289377|5647|26462||50466.078125|43.75||4350|41.5|50466.078125|71c053|ESR511|0|2421|-1218.75|||3|3|2|1|1|132|5|["132,18,5,3669"]|636148152660780000|14:01:06:078
62|1.1|636147909643301961|71c053|50471.0625|13.92117502659|100.80004802879|5544|26039||50471.0625|43||4281.25|40.75|50471.0625|71c053|ESR511|0|2421|-1143.75|||3|3|2|1|1|132|5|["132,18,5,3669"]|636148152710630000|14:01:11:063
62|1.1|636147909693226953|71c053|50476.0625|13.91723218524|100.7991414435|5446|25603||50476.0625|42.25||4206.25|40|50476.0625|71c053|ESR511|0|2421|-1062.5|||3|3|2|1|1|132|5|["132,18,5,3669"]|636148152760630000|14:01:16:063
62|1.1|636147909743141944|71c053|50481.0625|13.91279581817|100.7980685615|5330|25112||50481.0625|41.75||4131.25|39.25|50481.0625|71c053|ESR511|0|2421|-1006.25|||3|3|2|1|1|132|5|["132,18,5,3669"]|636148152810630000|14:01:21:063
62|1.1|636147909793066936|71c053|50486.0390625|13.90894417179|100.79712978975|5229|24686||50486.0390625|41.25||4081.25|38.75|50486.0390625|71c053|ESR511|0|2421|-906.25|||3|3|2|1|1|132|5|["132,18,5,3669"]|636148152860390000|14:01:26:039
62|1.1|636147909842981927|71c053|50491.0390625|13.90455608441|100.79604081452|5111|24201||50491.0390625|40.5||4043.75|38.5|50491.0390625|71c053|ESR511|0|2421|-750|||3|3|2|1|1|132|5|["132,18,5,3669"]|636148152910390000|14:01:31:039
62|1.1|636147909892906919|71c053|50496.015625|13.90080099741|100.79507522072|5007|23785||50496.015625|40||3993.75|38|50496.015625|71c053|ESR511|0|2421|-687.5|||3|3|2|1|1|132|5|["132,18,5,3669"]|636148152960160000|14:01:36:016
62|1.1|636147909942831911|71c053|50501.015625|13.89663285084|100.79400233872|4891|23324||50501.015625|39.5||3937.5|37.25|50501.015625|71c053|ESR511|0|2421|-668.75|||3|3|2|1|1|132|5|["132,18,5,3669"]|636148153010160000|14:01:41:016
62|1.1|636147909992746902|71c053|50506.015625|13.89286167061|100.79299382964|4782|22907||50506.015625|39||3881.25|37|50506.015625|71c053|ESR511|0|2421|-631.25|||3|3|2|1|1|132|5|["132,18,5,3669"]|636148153060160000|14:01:46:016
62|1.1|636147910042671894|71c053|50511|13.88919777858|100.79199604938|4674|22501||50511|38.25||3818.75|36.25|50511|71c053|ESR511|0|2421|-668.75|||3|3|2|1|1|132|5|["132,18,5,3669"]|636148153110000000|14:01:51:000
62|1.1|636147910092596886|71c053|50516|13.88537295425|100.79101436235|4568|22078||50516|37.25||3718.75|35.25|50516|71c053|ESR511|0|2421|-806.25|||3|3|2|1|1|132|5|["132,18,5,3669"]|636148153160000000|14:01:56:000
62|1.1|636147910142531879|71c053|50520.9765625|13.88125845178|100.78992002271|4450|21623||50520.9765625|36.5||3625|34.25|50520.9765625|71c053|ESR511|0|2421|-962.5|||3|3|2|1|1|132|5|["132,18,5,3669"]|636148153209770000|14:02:00:977
62|1.1|636147910192436869|71c053|50525.9765625|13.87711176285|100.78882568307|4332|21164||50525.9765625|35.75||3518.75|33|50525.9765625|71c053|ESR511|0|2421|-1125|||3|3|2|1|1|132|5|["132,18,5,3669"]|636148153259770000|14:02:05:977
62|1.1|636147910242351860|71c053|50530.9765625|13.87328693852|100.78779571635|4221|20741||50530.9765625|35||3437.5|32.25|50530.9765625|71c053|ESR511|0|2421|-1081.25|||3|3|2|1|1|132|18|["132,18,5,3669"]|636148153309770000|14:02:10:977
62|1.1|636147910292276852|71c053|50535.9609375|13.8689310376|100.78666382584|4098|20259||50535.9609375|33.5||3325|31.25|50535.9609375|71c053|ESR511|0|2421|-1125|||3|3|2|1|1|132|5|["132,18,5,3669"]|636148153359610000|14:02:15:961
62|1.1|636147910342201844|71c053|50540.9609375|13.86513839973|100.78564995235|3989|19839||50540.9609375|32.75||3256.25|30.5|50540.9609375|71c053|ESR511|0|2421|-1043.75|||3|3|2|1|1|132|5|["132,18,5,3669"]|636148153409610000|14:02:20:961
62|1.1|636147910392126836|71c053|50545.9375|13.8613135754|100.7846575365|3882|19416||50545.9375|32.25||3200|30|50545.9375|71c053|ESR511|0|2421|-943.75|||3|3|2|1|1|132|5|["132,18,5,3669"]|636148153459380000|14:02:25:938
62|1.1|636147910442041827|71c053|50550.9375|13.85705423386|100.78354173922|3761|18945||50550.9375|31.5||3118.75|29|50550.9375|71c053|ESR511|0|2421|-925|||3|3|2|1|1|132|5|["132,18,5,3669"]|636148153509380000|14:02:30:938
62|1.1|636147910491966819|71c053|50555.9375|13.85318112984|100.78251713691|3650|18516||50555.9375|30.75||3037.5|28.25|50555.9375|71c053|ESR511|0|2421|-925|||3|3|2|1|1|132|5|["132,18,5,3669"]|636148153559380000|14:02:35:938
62|1.1|636147910541881810|71c053|50560.921875|13.84926511054|100.78148180578|3539|18083||50560.921875|30.25||2956.25|27.5|50560.921875|71c053|ESR511|0|2421|-943.75|||3|3|2|1|1|132|18|["132,18,5,3669"]|636148153609220000|14:02:40:922
62|1.1|636147910591806802|71c053|50565.921875|13.84481801465|100.78029090676|3410|17591||50565.921875|28.75||2868.75|26.75|50565.921875|71c053|ESR511|0|2421|-962.5|||3|3|2|1|1|132|5|["132,18,5,3669"]|636148153659220000|14:02:45:922
62|1.1|636147910641721793|71c053|50570.8984375|13.84063913926|100.77918047389|3290|17129||50570.8984375|28.25||2793.75|26|50570.8984375|71c053|ESR511|0|2421|-943.75|||3|3|2|1|1|132|5|["132,18,5,3669"]|636148153708980000|14:02:50:898
62|1.1|636147910691656786|71c053|50575.8984375|13.83671775555|100.7781666004|3180|16695||50575.8984375|27.5||2725|25.25|50575.8984375|71c053|ESR511|0|2421|-906.25|||3|3|2|1|1|132|5|["132,18,5,3669"]|636148153758980000|14:02:55:898
62|1.1|636147910741581778|71c053|50580.8984375|13.83260861749|100.77709908281|3065|16240||50580.8984375|26.75||2631.25|24.25|50580.8984375|71c053|ESR511|0|2421|-962.5|||3|3|2|1|1|132|5|["132,18,5,3669"]|636148153808980000|14:03:00:898
62|1.1|636147910791496769|71c053|50585.875|13.8287516067|100.77605838727|2953|15813||50585.875|26||2562.5|23.5|50585.875|71c053|ESR511|0|2421|-962.5|||3|3|2|1|1|132|5|["132,18,5,3669"]|636148153858750000|14:03:05:875
62|1.1|636147910841411760|71c053|50590.875|13.82464246864|100.7750015985|2838|15359||50590.875|25.5||2487.5|22.75|50590.875|71c053|ESR511|0|2421|-943.75|||3|3|2|1|1|132|18|["132,18,5,3669"]|636148153908750000|14:03:10:875
62|1.1|636147910891336752|71c053|50595.859375|13.82063525437|100.77389653004|2719|14915||50595.859375|24.5||2437.5|22.25|50595.859375|71c053|ESR511|0|2421|-843.75|||3|3|2|1|1|132|5|["132,18,5,3669"]|636148153958590000|14:03:15:859
62|1.1|636147910941261744|71c053|50600.859375|13.81631690432|100.77273245307|2593|14438||50600.859375|23.75||2368.75|21.75|50600.859375|71c053|ESR511|0|2421|-787.5|||3|3|2|1|1|132|5|["132,18,5,3669"]|636148154008590000|14:03:20:859
62|1.1|636147910991186736|71c053|50605.859375|13.81287831751|100.7717829525|2491|14057||50605.859375|23||2306.25|21.25|50605.859375|71c053|ESR511|0|2421|-768.75|||3|3|2|1|1|132|5|["132,18,5,3669"]|636148154058590000|14:03:25:859
62|1.1|636147911041111728|71c053|50610.8359375|13.80955774772|100.77099974864|2406|13690||50610.8359375|22.25||2225|20.25|50610.8359375|71c053|ESR511|0|2421|-825|||3|3|2|1|1|132|5|["132,18,5,3669"]|636148154108360000|14:03:30:836
62|1.1|636147911091036720|71c053|50615.8359375|13.8062210847|100.77010389217|2309|13321||50615.8359375|21.75||2162.5|19.5|50615.8359375|71c053|ESR511|0|2421|-868.75|||3|3|2|1|1|132|5|["132,18,5,3669"]|636148154158360000|14:03:35:836
62|1.1|636147911140941710|71c053|50620.8203125|13.80286832845|100.76919730688|2211|12950||50620.8203125|21.25||2106.25|19|50620.8203125|71c053|ESR511|0|2421|-843.75|||3|3|2|1|1|132|5|["132,18,5,3669"]|636148154208200000|14:03:40:820
62|1.1|636147911190866702|71c053|50625.8203125|13.79914542791|100.76823171308|2107|12538||50625.8203125|20.5||2018.75|18.25|50625.8203125|71c053|ESR511|0|2421|-843.75|||3|3|2|1|1|132|5|["132,18,5,3669"]|636148154258200000|14:03:45:820
62|1.1|636147911240791694|71c053|50630.8203125|13.79551372234|100.76724466164|2000|12136||50630.8203125|20.25||1950|17.5|50630.8203125|71c053|ESR511|0|2421|-843.75|||3|3|2|1|1|132|18|["132,18,5,3669"]|636148154308200000|14:03:50:820
62|1.1|636147911290706685|71c053|50635.796875|13.7926491274|100.76645072896|1914|11819||50635.796875|19.5||1900|17|50635.796875|71c053|ESR511|0|2421|-806.25|||3|3|2|1|1|132|18|["132,18,5,3669"]|636148154357970000|14:03:55:797
62|1.1|636147911340631677|71c053|50640.796875|13.78924272705|100.76559778777|1822|11442||50640.796875|18.5||1837.5|16.5|50640.796875|71c053|ESR511|0|2421|-750|||3|3|2|1|1|132|5|["132,18,5,3669"]|636148154407970000|14:04:00:797
62|1.1|636147911390566670|71c053|50645.78125|13.78593288608|100.7647019313|1725|11076||50645.78125|18||1787.5|16|50645.78125|71c053|ESR511|0|2421|-706.25|||3|3|2|1|1|132|5|["132,18,5,3669"]|636148154457810000|14:04:05:781
62|1.1|636147911440481661|71c053|50650.78125|13.78268741803|100.76380071042|1628|10717||50650.78125|17.25||1718.75|15.25|50650.78125|71c053|ESR511|0|2421|-750|||3|3|2|1|1|132|5|["132,18,5,3669"]|636148154507810000|14:04:10:781
62|1.1|636147911490396652|71c053|50655.78125|13.77984964514|100.76305505743|1547|10403||50655.78125|16.75||1656.25|14.5|50655.78125|71c053|ESR511|0|2421|-750|||3|3|2|1|1|132|5|["132,18,5,3669"]|636148154557810000|14:04:15:781
62|1.1|636147911540331645|71c053|50660.7578125|13.77686166877|100.76225576034|1461|10072||50660.7578125|16.25||1600|14|50660.7578125|71c053|ESR511|0|2421|-731.25|||3|3|2|1|1|132|5|["132,18,5,3669"]|636148154607580000|14:04:20:758
62|1.1|636147911590236635|71c053|50665.7578125|13.77356792103|100.76139745474|1368|9708||50665.7578125|15.5||1531.25|13.25|50665.7578125|71c053|ESR511|0|2421|-750|||3|3|2|1|1|132|5|["132,18,5,3669"]|636148154657580000|14:04:25:758
62|1.1|636147911640161627|71c053|50670.7421875|13.7706014023|100.7606249797|1284|9380||50670.7421875|15||1481.25|12.75|50670.7421875|71c053|ESR511|0|2421|-731.25|||3|3|2|1|1|132|5|["132,18,5,3669"]|636148154707420000|14:04:30:742
62|1.1|636147911690086619|71c053|50675.7421875|13.76758660388|100.75984177584|1199|9046||50675.7421875|14.5||1425|12.25|50675.7421875|71c053|ESR511|0|2421|-687.5|||3|3|2|1|1|132|5|["132,18,5,3669"]|636148154757420000|14:04:35:742
62|1.1|636147911740011611|71c053|50680.7421875|13.76431431378|100.75895128378|1103|8684||50680.7421875|14||1362.5|11.75|50680.7421875|71c053|ESR511|0|2421|-687.5|||3|3|2|1|1|132|18|["132,18,5,3669"]|636148154807420000|14:04:40:742
62|1.1|636147911789936603|71c053|50685.71875|13.76103665927|100.75809834259|1011|8321||50685.71875|13||1300|11|50685.71875|71c053|ESR511|0|2421|-731.25|||3|3|2|1|1|132|5|["132,18,5,3669"]|636148154857190000|14:04:45:719
62|1.1|636147911839851594|71c053|50690.71875|13.75804331849|100.75732050314|927|7990||50690.71875|12.5||1237.5|10.5|50690.71875|71c053|ESR511|0|2421|-731.25|||3|3|2|1|1|132|5|["132,18,5,3669"]|636148154907190000|14:04:50:719
62|1.1|636147911889776586|71c053|50695.6953125|13.75500169802|100.7565480281|843|7654||50695.6953125|12||1181.25|9.75|50695.6953125|71c053|ESR511|0|2421|-706.25|||3|3|2|1|1|132|5|["132,18,5,3669"]|636148154956950000|14:04:55:695
62|1.1|636147911939711579|71c053|50700.6953125|13.75194934873|100.75574873101|757|7316||50700.6953125|11.5||1131.25|9.25|50700.6953125|71c053|ESR511|0|2421|-668.75|||3|3|2|1|1|132|5|["132,18,5,3669"]|636148155006950000|14:05:00:695
62|1.1|636147911989616569|71c053|50705.6953125|13.74884871975|100.75497089156|673|6973||50705.6953125|11||1068.75|8.75|50705.6953125|71c053|ESR511|0|2421|-687.5|||3|3|2|1|1|132|18|["132,18,5,3669"]|636148155056950000|14:05:05:695
62|1.1|636147912039531560|71c053|50710.6796875|13.74559788729|100.75410722155|580|6613||50710.6796875|10.5||1000|8|50710.6796875|71c053|ESR511|0|2421|-706.25|||3|3|2|1|1|132|18|["132,18,5,3669"]|636148155106800000|14:05:10:680
62|1.1|636147912089456552|71c053|50715.6796875|13.74247580067|100.75332401769|495|6268||50715.6796875|9.5||950|7.5|50715.6796875|71c053|ESR511|0|2421|-687.5|||3|3|2|1|1|132|5|["132,18,5,3669"]|636148155156800000|14:05:15:680
62|1.1|636147912139381544|71c053|50720.65625|13.73926251908|100.75251935619|408|5912||50720.65625|9||881.25|6.75|50720.65625|71c053|ESR511|0|2421|-731.25|||3|3|2|1|1|132|5|["132,18,5,3669"]|636148155206560000|14:05:20:656
62|1.1|636147912189296535|71c053|50725.65625|13.73599559339|100.75167177941|316|5551||50725.65625|8.5||825|6.25|50725.65625|71c053|ESR511|0|2421|-731.25|||3|3|2|1|1|132|5|["132,18,5,3669"]|636148155256560000|14:05:25:656
62|1.1|636147912239221527|71c053|50730.65625|13.73292715087|100.75087784673|230|5212||50730.65625|8||768.75|5.75|50730.65625|71c053|ESR511|0|2421|-706.25|||3|3|2|1|1|132|18|["132,18,5,3669"]|636148155306560000|14:05:30:656
62|1.1|636147912289146519|71c053|50735.640625|13.72962267431|100.74997126144|132|4846||50735.640625|7.5||712.5|5|50735.640625|71c053|ESR511|0|2421|-706.25|||3|3|2|1|1|132|18|["132,18,5,3669"]|636148155356410000|14:05:35:641
62|1.1|636147912339061510|71c053|50740.640625|13.72657568943|100.74917196435|46|4509||50740.640625|6.75||650|4.5|50740.640625|71c053|ESR511|0|2421|-706.25|||3|3|2|1|1|132|18|["132,18,5,3669"]|636148155406410000|14:05:40:641
62|1.1|636147912388986502|71c053|50745.6171875|13.72329267051|100.74831902316|-47|4145||50745.6171875|6.25||587.5|4|50745.6171875|71c053|ESR511|0|2421|-731.25|||3|3|2|1|1|132|18|["132,18,5,3669"]|636148155456170000|14:05:45:617
62|1.1|636147912438911494|71c053|50750.6171875|13.71971460904|100.74733733613|-152|3749||50750.6171875|5.25||525|3.25|50750.6171875|71c053|ESR511|0|2421|-687.5|||3|3|2|1|1|132|5|["132,18,5,3669"]|636148155506170000|14:05:50:617
62|1.1|636147912488836486|71c053|50755.6171875|13.71682319205|100.7466238696|-230|3430||50755.6171875|4.75||468.75|2.75|50755.6171875|71c053|ESR511|0|2421|-706.25|||3|3|2|1|1|132|5|["132,18,5,3669"]|636148155556170000|14:05:55:617
62|1.1|636147912538751477|71c053|50760.6015625|13.71339533406|100.74574410636|-325|3050||50760.6015625|4.25||406.25|2|50760.6015625|71c053|ESR511|0|2421|-731.25|||3|3|2|1|1|132|5|["132,18,5,3669"]|636148155606020000|14:06:00:602
62|1.1|636147912588676469|71c053|50765.6015625|13.71049318825|100.74497163132|-409|2729||50765.6015625|3.75||362.5|1.5|50765.6015625|71c053|ESR511|0|2421|-687.5|||3|3|2|1|1|132|5|["132,18,5,3669"]|636148155656020000|14:06:05:602
62|1.1|636147912638601461|71c053|50770.578125|13.70715116082|100.74402213075|-511|2360||50770.578125|3.25||293.75|1|50770.578125|71c053|ESR511|0|2421|-706.25|||3|3|2|1|1|132|5|["132,18,5,3669"]|636148155705780000|14:06:10:578
62|1.1|636147912688516452|71c053|50775.578125|13.70378231134|100.74311018105|-610|1987||50775.578125|2.25||206.25|0.25|50775.578125|71c053|ESR511|0|2421|-768.75|||3|3|2|1|1|132|5|["132,18,5,3669"]|636148155755780000|14:06:15:578
62|1.1|636147912738441444|71c053|50780.578125|13.70051002124|100.74223041781|-705|1625||50780.578125|2||150|8191.5|50780.578125|71c053|ESR511|0|2421|-787.5|||3|3|2|1|1|132|18|["132,18,5,3669"]|636148155805780000|14:06:20:578
62|1.1|636147912788356435|71c053|50785.5625|13.69724845996|100.74135601898|-800|1264||50785.5625|2||93.75|8191|50785.5625|71c053|ESR511|0|2421|-787.5|||3|3|2|1|1|132|18|["132,18,5,3669"]|636148155855630000|14:06:25:563
62|1.1|636147912838281427|71c053|50790.5625|13.69397080545|100.74047089133|-896|901||50790.5625|2||25|8190.25|50790.5625|71c053|ESR511|0|2421|-787.5|||3|3|2|1|1|132|18|[]|636148155905630000|14:06:30:563
62|1.1|636147912888206419|71c053|50795.5390625|13.69069851535|100.73958576368|-991|539||50795.5390625|2||0|8189.5|50795.5390625|71c053|ESR511|0|2421|-787.5|||3|3|2|1|1|132|18|[]|636148155955390000|14:06:35:539
62|1.1|636147912938121410|X|50800.5390625||||||||||||X|X|X|2421|||||||1|1|0|0|[]|636148156005390000|14:06:40:539
