62|1.1|636147898804368176|76ce87|49386.2421875|4.91133729581|102.91241857654|241417|-971667||49386.2421875|340||33737.5|||76ce87|X|0|1928||||3|3|3|1|1|132|50|["132,50,5"]|636148141862420000|13:43:06:242
62|1.1|636147898844912230|76ce87|49391.2421875|4.91081158363|102.90468846173|240554|-971731||49391.2421875|340||33662.5|||76ce87|X|0|1928||||3|3|3|1|1|132|50|["132,50,5"]|636148141912420000|13:43:11:242
62|1.1|636147898894837222|76ce87|49396.21875|4.91302172055|102.89493059994|239464|-971491||49396.21875|340||33843.75|340.25|49396.21875|76ce87|SIA446|0|1928|0|||3|3|0|1|1|132|50|["132,50,5"]|636148141962190000|13:43:16:219
62|1.1|636147898944762214|76ce87|49401.21875|4.93731713344|102.89792930513|239782|-968786||49401.21875|340||33862.5|340.25|49401.21875|76ce87|SIA446|0|1928|0|||3|3|0|1|1|132|50|["132,50,5"]|636148142012190000|13:43:21:219
62|1.1|636147898994687206|76ce87|49406.21875|4.94574462155|102.89157247928|239067|-967852||49406.21875|340||34000|340.25|49406.21875|76ce87|SIA446|0|1928|0|||3|3|0|1|1|132|50|["132,50,5"]|636148142062190000|13:43:26:219
62|1.1|636147899044602197|76ce87|49411.1953125|4.95648417037|102.88940525764|238818|-966659||49411.1953125|340||34037.5|340.25|49411.1953125|76ce87|SIA446|0|1928|0|||3|3|0|1|1|132|50|["132,50,5"]|636148142111950000|13:43:31:195
62|1.1|636147899094527189|76ce87|49416.1953125|4.96676237993|102.88452364454|238266|-965519||49416.1953125|340||34050|340|49416.1953125|76ce87|SIA446|0|1928|0|||3|3|0|1|1|132|50|["132,50,5"]|636148142161950000|13:43:36:195
62|1.1|636147899144442180|76ce87|49421.1796875|4.97666508079|102.87971713318|237723|-964420||49421.1796875|340||34043.75|340|49421.1796875|76ce87|SIA446|0|1928|0|||3|3|0|1|1|132|50|["132,50,5"]|636148142211800000|13:43:41:180
62|1.1|636147899194367172|76ce87|49426.1796875|4.98556463698|102.87529685934|237224|-963433||49426.1796875|340||34012.5|340|49426.1796875|76ce87|SIA446|0|1928|0|||3|3|0|1|1|132|50|["132,50,5"]|636148142261800000|13:43:46:180
62|1.1|636147899244292164|76ce87|49431.1796875|4.99506500709|102.87094632283|236732|-962379||49431.1796875|340||34012.5|340|49431.1796875|76ce87|SIA446|0|1928|0|||3|3|0|1|1|132|50|["132,50,5"]|636148142311800000|13:43:51:180
62|1.1|636147899294217156|76ce87|49436.15625|5.00492479267|102.86597351476|236171|-961286||49436.15625|340||34018.75|340|49436.15625|76ce87|SIA446|0|1928|0|||3|3|0|1|1|132|50|["132,50,5"]|636148142361560000|13:43:56:156
62|1.1|636147899344142148|76ce87|49441.15625|5.01516008695|102.86108117284|235618|-960150||49441.15625|340||34025|340|49441.15625|76ce87|SIA446|0|1928|0|||3|3|0|1|1|132|50|["132,50,5"]|636148142411560000|13:44:01:156
62|1.1|636147899394057139|76ce87|49446.140625|5.02535783036|102.85622638179|235070|-959019||49446.140625|340||34031.25|340|49446.140625|76ce87|SIA446|0|1928|0|||3|3|0|1|1|132|50|["132,50,5"]|636148142461410000|13:44:06:141
62|1.1|636147899443982131|76ce87|49451.140625|5.03709515944|102.85057765806|234432|-957717||49451.140625|340||34012.5|340|49451.140625|76ce87|SIA446|0|1928|0|||3|3|0|1|1|132|51|["132,50,5"]|636148142511410000|13:44:11:141
62|1.1|636147899494057138|76ce87|49456.140625|5.04605372414|102.84631295211|233950|-956723||49456.140625|340||34012.5|340|49456.140625|76ce87|SIA446|0|1928|0|||3|3|0|1|1|132|51|["132,50,5"]|636148142561410000|13:44:16:141
62|1.1|636147899543822114|76ce87|49461.1171875|5.05719560371|102.84120066938|233372|-955487||49461.1171875|340||34043.75|340|49461.1171875|76ce87|SIA446|0|1928|0|||3|3|0|1|1|132|51|["132,50,5"]|636148142611170000|13:44:21:117
62|1.1|636147899593737105|76ce87|49466.1171875|5.06745235563|102.83650681063|232842|-954349||49466.1171875|340||34093.75|340.25|49466.1171875|76ce87|SIA446|0|1928|0|||3|3|0|1|1|132|50|["132,50,5"]|636148142661170000|13:44:26:117
62|1.1|636147899643662097|76ce87|49471.1015625|5.07717803096|102.83172175691|232301|-953270||49471.1015625|340||33987.5|340|49471.1015625|76ce87|SIA446|0|1928|0|||3|3|0|1|1|132|51|["132,50,5"]|636148142711020000|13:44:31:102
62|1.1|636147899696707401|76ce87|49476.421875|5.08772446102|102.82672212679|231737|-952100||49476.421875|340||33962.5|340|49476.421875|76ce87|SIA446|0|1928|0|||3|3|0|1|1|132|51|["132,50,5"]|636148142764220000|13:44:36:422
62|1.1|636147899746632393|76ce87|49481.3984375|5.09795439089|102.82210336978|231215|-950965||49481.3984375|340||33950|340|49481.3984375|76ce87|SIA446|0|1928|0|||3|3|0|1|1|132|50|["132,50,5"]|636148142813980000|13:44:41:398
62|1.1|636147899796557385|76ce87|49486.3984375|5.10798583759|102.81740951103|230685|-949853||49486.3984375|340||33956.25|340|49486.3984375|76ce87|SIA446|0|1928|0|||3|3|0|1|1|132|50|["132,50,5"]|636148142863980000|13:44:46:398
62|1.1|636147899846472376|76ce87|49491.375|5.11891850517|102.81212556718|230088|-948640||49491.375|340||34012.5|340|49491.375|76ce87|SIA446|0|1928|0|||3|3|0|1|1|132|51|["132,50,5"]|636148142913750000|13:44:51:375
62|1.1|636147899896387367|76ce87|49496.375|5.12963659635|102.80703474209|229513|-947451||49496.375|340||33987.5|340|49496.375|76ce87|SIA446|0|1928|0|||3|3|0|1|1|132|51|["132,50,5"]|636148142963750000|13:44:56:375
62|1.1|636147899946312359|76ce87|49501.375|5.13828402527|102.80277540055|229032|-946492||49501.375|340||33975|340|49501.375|76ce87|SIA446|0|1928|0|||3|3|0|1|1|132|50|["132,50,5"]|636148143013750000|13:45:01:375
62|1.1|636147899996237351|76ce87|49506.359375|5.14776830215|102.79804399093|228499|-945440||49506.359375|340||33981.25|340|49506.359375|76ce87|SIA446|0|1928|0|||3|3|0|1|1|132|50|["132,50,5"]|636148143063590000|13:45:06:359
62|1.1|636147900046162343|76ce87|49511.359375|5.15811088463|102.79304436081|227935|-944293||49511.359375|340||34000|340|49511.359375|76ce87|SIA446|0|1928|0|||3|3|0|1|1|132|50|["132,50,5"]|636148143113590000|13:45:11:359
62|1.1|636147900096077334|76ce87|49516.3359375|5.16891480637|102.78788379839|227352|-943095||49516.3359375|340||34025|340|49516.3359375|76ce87|SIA446|0|1928|0|||3|3|0|1|1|132|50|["132,50,5"]|636148143163360000|13:45:16:336
62|1.1|636147900146002326|76ce87|49521.3359375|5.1792305668|102.78308801585|226810|-941951||49521.3359375|340||34012.5|340|49521.3359375|76ce87|SIA446|0|1928|0|||3|3|0|1|1|132|51|["132,50,5"]|636148143213360000|13:45:21:336
62|1.1|636147900195927318|76ce87|49526.3359375|5.18788872454|102.77895742015|226344|-940990||49526.3359375|340||33943.75|340|49526.3359375|76ce87|SIA446|0|1928|0|||3|3|0|1|1|132|51|["132,50,5"]|636148143263360000|13:45:26:336
62|1.1|636147900245842309|76ce87|49531.3203125|5.1979523577|102.77453714631|225845|-939874||49531.3203125|340||33887.5|340|49531.3203125|76ce87|SIA446|0|1928|0|||3|3|0|1|1|132|50|["132,50,5"]|636148143313200000|13:45:31:320
62|1.1|636147900295777302|76ce87|49536.3203125|5.20668025277|102.77003104191|225336|-938906||49536.3203125|340||33943.75|340|49536.3203125|76ce87|SIA446|0|1928|0|||3|3|0|1|1|132|50|["132,50,5"]|636148143363200000|13:45:36:320
62|1.1|636147900345692293|76ce87|49541.296875|5.21692627587|102.7649831321|224767|-937770||49541.296875|340||34000|340|49541.296875|76ce87|SIA446|0|1928|0|||3|3|0|1|1|132|51|["132,50,5"]|636148143412970000|13:45:41:297
62|1.1|636147900395607284|76ce87|49546.296875|5.22620670517|102.76056285826|224268|-936740||49546.296875|340||34006.25|340|49546.296875|76ce87|SIA446|0|1928|0|||3|3|0|1|1|132|51|["132,50,5"]|636148143462970000|13:45:46:297
62|1.1|636147900445532276|76ce87|49551.296875|5.23628106715|102.75590655038|223742|-935623||49551.296875|340||34037.5|340|49551.296875|76ce87|SIA446|0|1928|0|||3|3|0|1|1|132|51|["132,50,5"]|636148143512970000|13:45:51:297
62|1.1|636147900495457268|76ce87|49556.28125|5.24685431926|102.75099811523|223189|-934450||49556.28125|340||34037.5|340|49556.28125|76ce87|SIA446|0|1928|0|||3|3|0|1|1|132|51|["132,50,5"]|636148143562810000|13:45:56:281
62|1.1|636147900545382260|76ce87|49561.28125|5.25804447852|102.74577317989|222599|-933209||49561.28125|340||34081.25|340|49561.28125|76ce87|SIA446|0|1928|0|||3|3|0|1|1|132|51|["132,50,5"]|636148143612810000|13:46:01:281
62|1.1|636147900595297251|76ce87|49566.2578125|5.26882694262|102.74054824455|222010|-932013||49566.2578125|339.75||34031.25|339.75|49566.2578125|76ce87|SIA446|0|1928|0|||3|3|0|1|1|132|50|["132,50,5"]|636148143662580000|13:46:06:258
62|1.1|636147900645222243|76ce87|49571.2578125|5.27919634715|102.73557007207|221448|-930863||49571.2578125|340||34012.5|340|49571.2578125|76ce87|SIA446|0|1928|0|||3|3|0|1|1|132|50|["132,50,5"]|636148143712580000|13:46:11:258
62|1.1|636147900695147235|76ce87|49576.2578125|5.28910441242|102.73076892512|220906|-929764||49576.2578125|340||33987.5|340|49576.2578125|76ce87|SIA446|0|1928|0|||3|3|0|1|1|132|50|["132,50,5"]|636148143762580000|13:46:16:258
62|1.1|636147900745062226|76ce87|49581.2421875|5.29883008775|102.72605897314|220375|-928685||49581.2421875|340||33987.5|340|49581.2421875|76ce87|SIA446|0|1928|0|||3|3|0|1|1|132|50|["132,50,5"]|636148143812420000|13:46:21:242
62|1.1|636147900794987218|76ce87|49586.2421875|5.30847529693|102.72140266526|219850|-927616||49586.2421875|340.25||33993.75|340|49586.2421875|76ce87|SIA446|0|1928|0|||3|3|0|1|1|132|50|["132,50,5"]|636148143862420000|13:46:26:242
62|1.1|636147900844912210|76ce87|49591.21875|5.31771817536|102.71685364558|219337|-926591||49591.21875|340.25||33981.25|340|49591.21875|76ce87|SIA446|0|1928|0|||3|3|0|1|1|132|50|["132,50,5"]|636148143912190000|13:46:31:219
62|1.1|636147900894837202|76ce87|49596.21875|5.32721854547|102.71235290559|218830|-925537||49596.21875|340.25||33981.25|340|49596.21875|76ce87|SIA446|0|1928|0|||3|3|0|1|1|132|50|["132,50,5"]|636148143962190000|13:46:36:219
62|1.1|636147900944752193|76ce87|49601.21875|5.33610200843|102.70812575051|218353|-924552||49601.21875|340||33912.5|340.25|49601.21875|76ce87|SIA446|0|1928|0|||3|3|0|1|1|132|50|["132,50,5"]|636148144012190000|13:46:41:219
62|1.1|636147900994677185|76ce87|49606.1953125|5.34494255611|102.70386640897|217872|-923572||49606.1953125|339.75||33881.25|340|49606.1953125|76ce87|SIA446|0|1928|0|||3|3|0|1|1|132|50|["132,50,5"]|636148144061950000|13:46:46:195
62|1.1|636147901044592176|76ce87|49611.1953125|5.3551832148|102.69922082991|217348|-922436||49611.1953125|339.75||33931.25|339.75|49611.1953125|76ce87|SIA446|0|1928|0|||3|3|0|1|1|132|50|["132,50,5"]|636148144111950000|13:46:51:195
62|1.1|636147901094517168|76ce87|49616.1796875|5.36528976324|102.69451624234|216817|-921315||49616.1796875|339.75||33962.5|339.75|49616.1796875|76ce87|SIA446|0|1928|0|||3|3|0|1|1|132|50|["132,50,5"]|636148144161800000|13:46:56:180
62|1.1|636147901144282144|76ce87|49621.1796875|5.37532120994|102.68976873949|216282|-920202||49621.1796875|340||33993.75|339.75|49621.1796875|76ce87|SIA446|0|1928|0|||3|3|0|1|1|132|50|["132,50,5"]|636148144211800000|13:47:01:180
62|1.1|636147901194207136|76ce87|49626.1796875|5.38321762146|102.68569178789|215822|-919327||49626.1796875|340||33968.75|340|49626.1796875|76ce87|SIA446|0|1928|0|||3|3|0|1|1|132|51|["132,50,5"]|636148144261800000|13:47:06:180
62|1.1|636147901244132128|76ce87|49631.15625|5.39236930492|102.68126614964|215323|-918312||49631.15625|340||33987.5|340|49631.15625|76ce87|SIA446|0|1928|0|||3|3|0|1|1|132|51|["132,50,5"]|636148144311560000|13:47:11:156
62|1.1|636147901294067121|76ce87|49636.15625|5.40198769205|102.67678150288|214818|-917245||49636.15625|340||33981.25|340|49636.15625|76ce87|SIA446|0|1928|0|||3|3|0|1|1|132|51|["132,50,5"]|636148144361560000|13:47:16:156
62|1.1|636147901343972111|76ce87|49641.140625|5.4124751136|102.67192134742|214270|-916083||49641.140625|340||34018.75|340|49641.140625|76ce87|SIA446|0|1928|0|||3|3|0|1|1|132|51|["132,50,5"]|636148144411410000|13:47:21:141
62|1.1|636147901393907104|76ce87|49646.140625|5.42290889105|102.66705582755|213721|-914925||49646.140625|340||34018.75|340|49646.140625|76ce87|SIA446|0|1928|0|||3|3|0|1|1|132|50|["132,50,5"]|636148144461410000|13:47:26:141
62|1.1|636147901443812094|76ce87|49651.140625|5.43187282016|102.66265701135|213226|-913932||49651.140625|340||33981.25|340|49651.140625|76ce87|SIA446|0|1928|0|||3|3|0|1|1|132|50|["132,50,5"]|636148144511410000|13:47:31:141
62|1.1|636147901493737086|76ce87|49656.1171875|5.44179697866|102.65809726285|212711|-912831||49656.1171875|340||33950|340|49656.1171875|76ce87|SIA446|0|1928|0|||3|3|0|1|1|132|50|["132,50,5"]|636148144561170000|13:47:36:117
62|1.1|636147901543662078|76ce87|49661.1171875|5.45106131473|102.6536179805|212206|-911803||49661.1171875|340||33956.25|340|49661.1171875|76ce87|SIA446|0|1928|0|||3|3|0|1|1|132|50|["132,50,5"]|636148144611170000|13:47:41:117
62|1.1|636147901593577069|76ce87|49666.1015625|5.46138243957|102.64880074032|211663|-910659||49666.1015625|340||33981.25|340|49666.1015625|76ce87|SIA446|0|1928|0|||3|3|0|1|1|132|50|["132,50,5"]|636148144661020000|13:47:46:102
62|1.1|636147901643502061|76ce87|49671.1015625|5.47159627621|102.64400495778|211123|-909526||49671.1015625|340||34000|340|49671.1015625|76ce87|SIA446|0|1928|0|||3|3|0|1|1|132|50|["132,50,5"]|636148144711020000|13:47:51:102
62|1.1|636147901693417052|76ce87|49676.1015625|5.480281256|102.6397241586|210640|-908563||49676.1015625|340||33956.25|340|49676.1015625|76ce87|SIA446|0|1928|0|||3|3|0|1|1|132|51|["132,50,5"]|636148144761020000|13:47:56:102
62|1.1|636147901743342044|76ce87|49681.078125|5.4897226176|102.63524487625|210135|-907516||49681.078125|340||33950|340|49681.078125|76ce87|SIA446|0|1928|0|||3|3|0|1|1|132|51|["132,50,5"]|636148144810780000|13:48:01:078
62|1.1|636147901793267036|76ce87|49686.078125|5.49963068287|102.63067976334|209621|-906417||49686.078125|340||33912.5|340|49686.078125|76ce87|SIA446|0|1928|0|||3|3|0|1|1|132|51|["132,50,5"]|636148144860780000|13:48:06:078
62|1.1|636147901843182027|76ce87|49691.0625|5.50965140075|102.62613074366|209108|-905306||49691.0625|340||33881.25|337.75|49691.0625|76ce87|SIA446|0|1928|0|||3|3|0|1|1|132|51|["132,50,5"]|636148144910630000|13:48:11:063
62|1.1|636147901893107019|76ce87|49696.0625|5.51898010974|102.62151198665|208588|-904272||49696.0625|340||33943.75|337.75|49696.0625|76ce87|SIA446|0|1928|0|||3|3|0|1|1|132|51|["132,50,5"]|636148144960630000|13:48:16:063
62|1.1|636147901943032011|76ce87|49701.0625|5.528560946|102.61690932287|208069|-903210||49701.0625|340||33956.25|337.75|49701.0625|76ce87|SIA446|0|1928|0|||3|3|0|1|1|132|51|["132,50,5"]|636148145010630000|13:48:21:063
62|1.1|636147901992947002|76ce87|49706.0390625|5.53893571494|102.61205453182|207522|-902059||49706.0390625|340||34006.25|337.75|49706.0390625|76ce87|SIA446|0|1928|0|||3|3|0|1|1|132|51|["132,50,5"]|636148145060390000|13:48:26:039
62|1.1|636147902042871994|76ce87|49711.0390625|5.5484629071|102.60751087655|207010|-901003||49711.0390625|340||33981.25|337.75|49711.0390625|76ce87|SIA446|0|1928|0|||3|3|0|1|1|132|51|["132,50,5"]|636148145110390000|13:48:31:039
62|1.1|636147902092796986|76ce87|49716.015625|5.55848898939|102.60300477215|206502|-899891||49716.015625|340||33962.5|337.75|49716.015625|76ce87|SIA446|0|1928|0|||3|3|0|1|1|132|50|["132,50,5"]|636148145160160000|13:48:36:016
62|1.1|636147902142721978|76ce87|49721.015625|5.568794021|102.59800514203|205939|-898748||49721.015625|340||34012.5|337.75|49721.015625|76ce87|SIA446|0|1928|0|||3|3|0|1|1|132|51|["132,50,5"]|636148145210160000|13:48:41:016
62|1.1|636147902192636969|76ce87|49726.015625|5.57892202708|102.59315035098|205392|-897625||49726.015625|340||34012.5|337.75|49726.015625|76ce87|SIA446|0|1928|0|||3|3|0|1|1|132|51|["132,50,5"]|636148145260160000|13:48:46:016
62|1.1|636147902242561961|76ce87|49731|5.58908758403|102.58835456844|204852|-896498||49731|340||34000|337.75|49731|76ce87|SIA446|0|1928|0|||3|3|0|1|1|132|50|["132,50,5"]|636148145310000000|13:48:51:000
62|1.1|636147902292486953|76ce87|49736|5.59895809843|102.58363925205|204321|-895404||49736|340||33981.25|337.75|49736|76ce87|SIA446|0|1928|0|||3|3|0|1|1|132|50|["132,50,5"]|636148145360000000|13:48:56:000
62|1.1|636147902342401944|76ce87|49740.9765625|5.60874278227|102.57897757976|203796|-894319||49740.9765625|340||33968.75|337.75|49740.9765625|76ce87|SIA446|0|1928|0|||3|3|0|1|1|132|50|["132,50,5"]|636148145409770000|13:49:00:977
62|1.1|636147902392336937|76ce87|49745.9765625|5.61853819493|102.57428908542|203268|-893233||49745.9765625|340||33962.5|337.75|49745.9765625|76ce87|SIA446|0|1928|0|||3|3|0|1|1|132|50|["132,50,5"]|636148145459770000|13:49:05:977
62|1.1|636147902442251928|76ce87|49750.9765625|5.62752894609|102.56991172686|202775|-892236||49750.9765625|340||33912.5|337.75|49750.9765625|76ce87|SIA446|0|1928|0|||3|3|0|1|1|132|50|["132,50,5"]|636148145509770000|13:49:10:977
62|1.1|636147902492166919|76ce87|49755.9609375|5.63666453632|102.56545926656|202274|-891223||49755.9609375|340||33937.5|337.75|49755.9609375|76ce87|SIA446|0|1928|0|||3|3|0|1|1|132|51|["132,50,5"]|636148145559610000|13:49:15:961
62|1.1|636147902542091911|76ce87|49760.9609375|5.64613271997|102.56091561129|201762|-890173||49760.9609375|340||33950|337.75|49760.9609375|76ce87|SIA446|0|1928|0|||3|3|0|1|1|132|51|["132,50,5"]|636148145609610000|13:49:20:961
62|1.1|636147902592006902|76ce87|49765.9375|5.65571355623|102.55637195602|201251|-889111||49765.9375|340||33956.25|337.75|49765.9375|76ce87|SIA446|0|1928|0|||3|3|0|1|1|132|51|["132,50,5"]|636148145659380000|13:49:25:938
62|1.1|636147902641931894|76ce87|49770.9375|5.6654606892|102.55176392783|200732|-888030||49770.9375|340||33962.5|337.75|49770.9375|76ce87|SIA446|0|1928|0|||3|3|0|1|1|132|51|["132,50,5"]|636148145709380000|13:49:30:938
62|1.1|636147902691866887|76ce87|49775.9375|5.67598029721|102.54689840796|200184|-886864||49775.9375|340||34012.5|337.75|49775.9375|76ce87|SIA446|0|1928|0|||3|3|0|1|1|132|51|["132,50,5"]|636148145759380000|13:49:35:938
62|1.1|636147902741781878|76ce87|49780.921875|5.68608148124|102.54244594766|199682|-885744||49780.921875|340||34025|337.75|49780.921875|76ce87|SIA446|0|1928|0|||3|3|0|1|1|132|50|["132,50,5"]|636148145809220000|13:49:40:922
62|1.1|636147902791716871|76ce87|49785.921875|5.69634896198|102.53800958059|199182|-884605||49785.921875|340||34037.5|337.75|49785.921875|76ce87|SIA446|0|1928|0|||3|3|0|1|1|132|50|["132,50,5"]|636148145859220000|13:49:45:922
62|1.1|636147902841621861|76ce87|49790.8984375|5.70659498508|102.53359467116|198685|-883469||49790.8984375|340||34050|337.75|49790.8984375|76ce87|SIA446|0|1928|0|||3|3|0|1|1|132|50|["132,50,5"]|636148145908980000|13:49:50:898
62|1.1|636147902891546853|76ce87|49795.8984375|5.71692147433|102.52924949906|198195|-882324||49795.8984375|340||34068.75|337.75|49795.8984375|76ce87|SIA446|0|1928|0|||3|3|0|1|1|132|51|["132,50,5"]|636148145958980000|13:49:55:898
62|1.1|636147902941471845|76ce87|49800.8984375|5.72726942122|102.52480776758|197694|-881176||49800.8984375|340||34093.75|337.75|49800.8984375|76ce87|SIA446|0|1928|0|||3|3|0|1|1|132|50|["132,50,5"]|636148146008980000|13:50:00:898
62|1.1|636147902991386836|76ce87|49805.875|5.73755299519|102.52037676492|197195|-880036||49805.875|340||34106.25|337.75|49805.875|76ce87|SIA446|0|1928|0|||3|3|0|1|1|132|50|["132,50,5"]|636148146058750000|13:50:05:875
62|1.1|636147903041311828|76ce87|49810.875|5.74777219624|102.51572045704|196671|-878903||49810.875|340||34050|337.75|49810.875|76ce87|SIA446|0|1928|0|||3|3|0|1|1|132|50|["132,50,5"]|636148146108750000|13:50:10:875
62|1.1|636147903091226819|76ce87|49815.859375|5.7554218449|102.50980351281|196008|-878056||49815.859375|340||33937.5|337.75|49815.859375|76ce87|SIA446|0|1928|0|||3|3|0|1|1|132|50|["132,50,5"]|636148146158590000|13:50:15:859
62|1.1|636147903141151811|76ce87|49820.859375|5.76573224092|102.50510965406|195479|-876913||49820.859375|340||33918.75|337.75|49820.859375|76ce87|SIA446|0|1928|0|||3|3|0|1|1|132|50|["132,50,5"]|636148146208590000|13:50:20:859
62|1.1|636147903191076803|76ce87|49825.859375|5.77589779787|102.49991154077|194894|-875786||49825.859375|340||34000|337.75|49825.859375|76ce87|SIA446|0|1928|0|||3|3|0|1|1|132|50|["132,50,5"]|636148146258590000|13:50:25:859
62|1.1|636147903241011796|76ce87|49830.8359375|5.78609017687|102.49538934314|194385|-874656||49830.8359375|340||34018.75|337.75|49830.8359375|76ce87|SIA446|0|1928|0|||3|3|0|1|1|132|50|["132,50,5"]|636148146308360000|13:50:30:836
62|1.1|636147903290916786|76ce87|49835.8359375|5.79603579301|102.49036289097|193820|-873554||49835.8359375|340||34006.25|337.75|49835.8359375|76ce87|SIA446|0|1928|0|||3|3|0|1|1|132|50|["132,50,5"]|636148146358360000|13:50:35:836
62|1.1|636147903340831777|76ce87|49840.8203125|5.80586875654|102.48566366781|193291|-872463||49840.8203125|340||34000|337.75|49840.8203125|76ce87|SIA446|0|1928|0|||3|3|0|1|1|132|50|["132,50,5"]|636148146408200000|13:50:40:820
62|1.1|636147903390756769|76ce87|49845.8203125|5.81506335528|102.48118974987|192788|-871444||49845.8203125|340||33937.5|337.75|49845.8203125|76ce87|SIA446|0|1928|0|||3|3|0|1|1|132|50|["132,50,5"]|636148146458200000|13:50:45:820
62|1.1|636147903440681761|76ce87|49850.8203125|5.82445107278|102.4766997387|192283|-870404||49850.8203125|340||33925|337.75|49850.8203125|76ce87|SIA446|0|1928|0|||3|3|0|1|1|132|50|["132,50,5"]|636148146508200000|13:50:50:820
62|1.1|636147903490596752|76ce87|49855.796875|5.83394071407|102.47204343082|191759|-869351||49855.796875|340||33950|337.75|49855.796875|76ce87|SIA446|0|1928|0|||3|3|0|1|1|132|51|["132,50,5"]|636148146557970000|13:50:55:797
62|1.1|636147903540521744|76ce87|49860.796875|5.8436663894|102.46739248735|191236|-868273||49860.796875|340||33962.5|337.75|49860.796875|76ce87|SIA446|0|1928|0|||3|3|0|1|1|132|51|["132,50,5"]|636148146607970000|13:51:00:797
62|1.1|636147903590466738|76ce87|49865.78125|5.85370856492|102.46301512879|190743|-867160||49865.78125|340||33950|337.75|49865.78125|76ce87|SIA446|0|1928|0|||3|3|0|1|1|132|51|["132,50,5"]|636148146657810000|13:51:05:781
62|1.1|636147903640371728|76ce87|49870.78125|5.8639975033|102.45864313464|190251|-866019||49870.78125|340||33937.5|337.75|49870.78125|76ce87|SIA446|0|1928|0|||3|3|0|1|1|132|50|["132,50,5"]|636148146707810000|13:51:10:781
62|1.1|636147903690286719|76ce87|49875.78125|5.87444737398|102.45319825849|189639|-864861||49875.78125|340||34018.75|337.75|49875.78125|76ce87|SIA446|0|1928|0|||3|3|0|1|1|132|51|["132,50,5"]|636148146757810000|13:51:15:781
62|1.1|636147903740211711|76ce87|49880.7578125|5.88378144738|102.44840784036|189101|-863826||49880.7578125|340||33968.75|337.75|49880.7578125|76ce87|SIA446|0|1928|0|||3|3|0|1|1|132|51|["132,50,5"]|636148146807580000|13:51:20:758
62|1.1|636147903790136703|76ce87|49885.7578125|5.89394163992|102.44389637155|188593|-862700||49885.7578125|340||33956.25|337.75|49885.7578125|76ce87|SIA446|0|1928|0|||3|3|0|1|1|132|50|["132,50,5"]|636148146857580000|13:51:25:758
62|1.1|636147903840051694|76ce87|49890.7421875|5.90434323091|102.43858024124|187996|-861547||49890.7421875|340||34006.25|337.75|49890.7421875|76ce87|SIA446|0|1928|0|||3|3|0|1|1|132|51|["132,50,5"]|636148146907420000|13:51:30:742
62|1.1|636147903889976686|76ce87|49895.7421875|5.91449805904|102.43400439951|187481|-860421||49895.7421875|340||34012.5|337.75|49895.7421875|76ce87|SIA446|0|1928|0|||3|3|0|1|1|132|50|["132,50,5"]|636148146957420000|13:51:35:742
62|1.1|636147903939901678|76ce87|49900.7421875|5.92504985351|102.42940710014|186964|-859251||49900.7421875|340||34025|337.75|49900.7421875|76ce87|SIA446|0|1928|0|||3|3|0|1|1|132|50|["132,50,5"]|636148147007420000|13:51:40:742
62|1.1|636147903989826670|76ce87|49905.71875|5.93527978338|102.42483125841|186449|-858117||49905.71875|340||34037.5|337.75|49905.71875|76ce87|SIA446|0|1928|0|||3|3|0|1|1|132|50|["132,50,5"]|636148147057190000|13:51:45:719
62|1.1|636147904039741661|76ce87|49910.71875|5.94475333144|102.41953122133|185854|-857067||49910.71875|340||33981.25|337.75|49910.71875|76ce87|SIA446|0|1928|0|||3|3|0|1|1|132|50|["132,50,5"]|636148147107190000|13:51:50:719
62|1.1|636147904089676654|76ce87|49915.6953125|5.95489743075|102.41495001519|185339|-855943||49915.6953125|340||33975|337.75|49915.6953125|76ce87|SIA446|0|1928|0|||3|3|0|1|1|132|50|["132,50,5"]|636148147156950000|13:51:55:695
62|1.1|636147904139601646|76ce87|49920.6953125|5.9643656144|102.40976263072|184757|-854894||49920.6953125|340||33987.5|337.75|49920.6953125|76ce87|SIA446|0|1928|0|||3|3|0|1|1|132|50|["132,50,5"]|636148147206950000|13:52:00:695
62|1.1|636147904189516637|76ce87|49925.6953125|5.9745579934|102.40521361104|184245|-853764||49925.6953125|340||33975|337.75|49925.6953125|76ce87|SIA446|0|1928|0|||3|3|0|1|1|132|50|["132,50,5"]|636148147256950000|13:52:05:695
62|1.1|636147904239431628|76ce87|49930.6796875|5.98323224437|102.40070214223|183738|-852803||49930.6796875|340||33925|337.75|49930.6796875|76ce87|SIA446|0|1928|0|||3|3|0|1|1|132|50|["132,50,5"]|636148147306800000|13:52:10:680
62|1.1|636147904289356620|76ce87|49935.6796875|5.99333879281|102.39620676665|183233|-851682||49935.6796875|340||33887.5|337.75|49935.6796875|76ce87|SIA446|0|1928|0|||3|3|0|1|1|132|50|["132,50,5"]|636148147356800000|13:52:15:680
62|1.1|636147904339281612|76ce87|49940.65625|6.0019701285|102.39153972995|182709|-850725||49940.65625|340||33956.25|337.75|49940.65625|76ce87|SIA446|0|1928|0|||3|3|0|1|1|132|51|["132,50,5"]|636148147406560000|13:52:20:656
62|1.1|636147904389196603|76ce87|49945.65625|6.01180845644|102.38688878648|182186|-849635||49945.65625|340||33968.75|337.75|49945.65625|76ce87|SIA446|0|1928|0|||3|3|0|1|1|132|51|["132,50,5"]|636148147456560000|13:52:25:656
62|1.1|636147904439121595|76ce87|49950.65625|6.02173261494|102.38222711419|181662|-848535||49950.65625|340||33975|337.75|49950.65625|76ce87|SIA446|0|1928|0|||3|3|0|1|1|132|51|["132,50,5"]|636148147506560000|13:52:30:656
62|1.1|636147904489056588|76ce87|49955.640625|6.03171041754|102.37750106898|181131|-847429||49955.640625|340||33981.25|337.75|49955.640625|76ce87|SIA446|0|1928|0|||3|3|0|1|1|132|51|["132,50,5"]|636148147556410000|13:52:35:641
62|1.1|636147904538961578|76ce87|49960.640625|6.0422568476|102.37253362532|180573|-846260||49960.640625|340||34018.75|337.75|49960.640625|76ce87|SIA446|0|1928|0|||3|3|0|1|1|132|51|["132,50,5"]|636148147606410000|13:52:40:641
62|1.1|636147904588886570|76ce87|49965.6171875|6.05245995542|102.36799533446|180063|-845129||49965.6171875|340||34031.25|337.75|49965.6171875|76ce87|SIA446|0|1928|0|||3|3|0|1|1|132|50|["132,50,5"]|636148147656170000|13:52:45:617
62|1.1|636147904638801561|76ce87|49970.6171875|6.06306539399|102.36280794999|179480|-843953||49970.6171875|340||34031.25|337.75|49970.6171875|76ce87|SIA446|0|1928|0|||3|3|0|1|1|132|83|["132,50,5"]|636148147706170000|13:52:50:617
62|1.1|636147904688726553|76ce87|49975.6171875|6.07251212|102.35813554888|178955|-842906||49975.6171875|340||33975|337.75|49975.6171875|76ce87|SIA446|0|1928|0|||3|3|0|1|1|132|51|["132,50,5"]|636148147756170000|13:52:55:617
62|1.1|636147904738651545|76ce87|49980.6015625|6.08327849087|102.35314128317|178394|-841713||49980.6015625|340||34000|337.75|49980.6015625|76ce87|SIA446|0|1928|0|||3|3|0|1|1|132|50|["132,50,5"]|636148147806020000|13:53:00:602
62|1.1|636147904788566536|76ce87|49985.6015625|6.09380346329|102.34813092423|177831|-840546||49985.6015625|340||34012.5|337.75|49985.6015625|76ce87|SIA446|0|1928|0|||3|3|0|1|1|132|50|["132,50,5"]|636148147856020000|13:53:05:602
62|1.1|636147904838491528|76ce87|49990.578125|6.10417823223|102.34320639585|177278|-839396||49990.578125|340||34012.5|337.75|49990.578125|76ce87|SIA446|0|1928|0|||3|3|0|1|1|132|50|["132,50,5"]|636148147905780000|13:53:10:578
62|1.1|636147904888416520|76ce87|49995.578125|6.1142472298|102.33805656225|176700|-838281||49995.578125|340||33993.75|337.75|49995.578125|76ce87|SIA446|0|1928|0|||3|3|0|1|1|132|83|["132,50,5"]|636148147955780000|13:53:15:578
62|1.1|636147904938331511|76ce87|50000.578125|6.12387098134|102.33345926288|176184|-837214||50000.578125|340||33956.25|337.75|50000.578125|76ce87|SIA446|0|1928|0|||3|3|0|1|1|132|50|["132,50,5"]|636148148005780000|13:53:20:578
62|1.1|636147904988256503|76ce87|50005.5625|6.1344174114|102.32854546332|175632|-836045||50005.5625|340||33987.5|337.75|50005.5625|76ce87|SIA446|0|1928|0|||3|3|0|1|1|132|51|["132,50,5"]|636148148055630000|13:53:25:563
62|1.1|636147905038171494|76ce87|50010.5625|6.14493701941|102.32359411289|175076|-834879||50010.5625|340||34000|337.75|50010.5625|76ce87|SIA446|0|1928|0|||3|3|0|1|1|132|83|["132,50,5"]|636148148105630000|13:53:30:563
62|1.1|636147905088096486|76ce87|50015.5390625|6.15461441505|102.31894316942|174554|-833807||50015.5390625|340||33968.75|337.75|50015.5390625|76ce87|SIA446|0|1928|0|||3|3|0|1|1|132|51|["132,50,5"]|636148148155390000|13:53:35:539
62|1.1|636147905138021478|76ce87|50020.5390625|6.16503746368|102.31430831918|174033|-832651||50020.5390625|339.75||33943.75|337.75|50020.5390625|76ce87|SIA446|0|1928|0|||3|3|0|1|1|132|50|["132,50,5"]|636148148205390000|13:53:40:539
62|1.1|636147905187946470|76ce87|50025.5390625|6.17559462256|102.30919067204|173458|-831481||50025.5390625|340||33987.5|337.75|50025.5390625|76ce87|SIA446|0|1928|0|||3|3|0|1|1|132|50|["132,50,5"]|636148148255390000|13:53:45:539
62|1.1|636147905237861461|76ce87|50030.515625|6.18608740852|102.30448608447|172930|-830318||50030.515625|340||33987.5|337.75|50030.515625|76ce87|SIA446|0|1928|0|||3|3|0|1|1|132|50|["132,50,5"]|636148148305160000|13:53:50:516
62|1.1|636147905287776452|76ce87|50035.515625|6.19660701653|102.29974394603|172397|-829152||50035.515625|340||33987.5|337.75|50035.515625|76ce87|SIA446|0|1928|0|||3|3|0|1|1|132|50|["132,50,5"]|636148148355160000|13:53:55:516
62|1.1|636147905337711445|76ce87|50040.5|6.20706225162|102.29496425672|171860|-827993||50040.5|340||33993.75|337.75|50040.5|76ce87|SIA446|0|1928|0|||3|3|0|1|1|132|50|["132,50,5"]|636148148405000000|13:54:00:500
62|1.1|636147905387626436|76ce87|50045.5|6.21749066466|102.28994316896|171297|-826837||50045.5|340||33987.5|337.75|50045.5|76ce87|SIA446|0|1928|0|||3|3|0|1|1|132|50|["132,50,5"]|636148148455000000|13:54:05:500
62|1.1|636147905437551428|76ce87|50050.5|6.22813901851|102.28448756399|170685|-825657||50050.5|340||34000|337.75|50050.5|76ce87|SIA446|0|1928|0|||3|3|0|1|1|132|50|["132,50,5"]|636148148505000000|13:54:10:500
62|1.1|636147905487486421|76ce87|50055.4765625|6.23861034683|102.27904268784|170074|-824497||50055.4765625|340||33981.25|337.75|50055.4765625|76ce87|SIA446|0|1928|0|||3|3|0|1|1|132|83|["132,50,5"]|636148148554770000|13:54:15:477
62|1.1|636147905537391411|76ce87|50060.4765625|6.24900657341|102.27380165927|169487|-823345||50060.4765625|340||33968.75|337.75|50060.4765625|76ce87|SIA446|0|1928|0|||3|3|0|1|1|132|51|["132,50,5"]|636148148604770000|13:54:20:477
62|1.1|636147905587316403|76ce87|50065.4609375|6.25594275554|102.26784179976|168820|-822577||50065.4609375|340||33943.75|337.75|50065.4609375|76ce87|SIA446|0|1928|0|||3|3|0|1|1|132|50|["132,50,5"]|636148148654610000|13:54:25:461
62|1.1|636147905637231394|76ce87|50070.4609375|6.26623705833|102.26268123734|168242|-821437||50070.4609375|340||33918.75|337.75|50070.4609375|76ce87|SIA446|0|1928|0|||3|3|0|1|1|132|50|["132,50,5"]|636148148704610000|13:54:30:461
62|1.1|636147905687166387|76ce87|50075.4609375|6.27562477583|102.25741875113|167652|-820397||50075.4609375|340||33956.25|337.75|50075.4609375|76ce87|SIA446|0|1928|0|||3|3|0|1|1|132|50|["132,50,5"]|636148148754610000|13:54:35:461
62|1.1|636147905737091379|76ce87|50080.4375|6.2864447908|102.25167883243|167009|-819198||50080.4375|340||34018.75|337.75|50080.4375|76ce87|SIA446|0|1928|0|||3|3|0|1|1|132|51|["132,50,5"]|636148148804380000|13:54:40:438
62|1.1|636147905787006370|76ce87|50085.4375|6.29565011836|102.24655582088|166435|-818178||50085.4375|340||33987.5|337.75|50085.4375|76ce87|SIA446|0|1928|0|||3|3|0|1|1|132|51|["132,50,5"]|636148148854380000|13:54:45:438
62|1.1|636147905836921361|76ce87|50090.421875|6.30552063276|102.24147572461|165865|-817085||50090.421875|340||33981.25|337.75|50090.421875|76ce87|SIA446|0|1928|0|||3|3|0|1|1|132|51|["132,50,5"]|636148148904220000|13:54:50:422
62|1.1|636147905886846353|76ce87|50095.421875|6.31687708873|102.23548367864|165194|-815826||50095.421875|340||34018.75|337.75|50095.421875|76ce87|SIA446|0|1928|0|||3|3|0|1|1|132|83|["132,50,5"]|636148148954220000|13:54:55:422
62|1.1|636147905936771345|76ce87|50100.421875|6.32745034084|102.23006026013|164586|-814655||50100.421875|340||34031.25|337.75|50100.421875|76ce87|SIA446|0|1928|0|||3|3|0|1|1|132|50|["132,50,5"]|636148149004220000|13:55:00:422
62|1.1|636147905986686336|76ce87|50105.3984375|6.33675759219|102.22499625709|164018|-813623||50105.3984375|340||33975|337.75|50105.3984375|76ce87|SIA446|0|1928|0|||3|3|0|1|1|132|50|["132,50,5"]|636148149053980000|13:55:05:398
62|1.1|636147906036631330|76ce87|50110.3984375|6.34582344509|102.22037750008|163500|-812619||50110.3984375|340||33981.25|337.75|50110.3984375|76ce87|SIA446|0|1928|0|||3|3|0|1|1|132|83|["132,50,5"]|636148149103980000|13:55:10:398
62|1.1|636147906086526319|76ce87|50115.375|6.35665418888|102.21495944598|162893|-811419||50115.375|340||34012.5|337.75|50115.375|76ce87|SIA446|0|1928|0|||3|3|0|1|1|132|51|["132,50,5"]|636148149153750000|13:55:15:375
62|1.1|636147906136451311|76ce87|50120.375|6.36692703403|102.20988471412|162324|-810280||50120.375|340||34018.75|337.75|50120.375|76ce87|SIA446|0|1928|0|||3|3|0|1|1|132|50|["132,50,5"]|636148149203750000|13:55:20:375
62|1.1|636147906186386304|76ce87|50125.375|6.37733935384|102.20478852462|161753|-809127||50125.375|340||34031.25|337.75|50125.375|76ce87|SIA446|0|1928|0|||3|3|0|1|1|132|50|["132,50,5"]|636148149253750000|13:55:25:375
62|1.1|636147906236301295|76ce87|50130.359375|6.38774094483|102.19934901288|161143|-807974||50130.359375|340||34018.75|337.75|50130.359375|76ce87|SIA446|0|1928|0|||3|3|0|1|1|132|83|["132,50,5"]|636148149303590000|13:55:30:359
62|1.1|636147906286226287|76ce87|50135.359375|6.39721449289|102.19435474717|160584|-806925||50135.359375|340||33956.25|337.75|50135.359375|76ce87|SIA446|0|1928|0|||3|3|0|1|1|132|83|["132,50,5"]|636148149353590000|13:55:35:359
62|1.1|636147906336141278|76ce87|50140.3359375|6.40640909163|102.18940876115|160030|-805906||50140.3359375|340||33962.5|337.75|50140.3359375|76ce87|SIA446|0|1928|0|||3|3|0|1|1|132|83|["132,50,5"]|636148149403360000|13:55:40:336
62|1.1|636147906386066270|76ce87|50145.3359375|6.41707353871|102.18400143587|159424|-804724||50145.3359375|340||33987.5|337.75|50145.3359375|76ce87|SIA446|0|1928|0|||3|3|0|1|1|132|50|["132,50,5"]|636148149453360000|13:55:45:336
62|1.1|636147906435981261|76ce87|50150.3359375|6.42735711268|102.17889988196|158852|-803585||50150.3359375|340||33993.75|337.75|50150.3359375|76ce87|SIA446|0|1928|0|||3|3|0|1|1|132|50|["132,50,5"]|636148149503360000|13:55:50:336
62|1.1|636147906485906253|76ce87|50155.3203125|6.43776943249|102.17349255668|158247|-802431||50155.3203125|340||34012.5|337.75|50155.3203125|76ce87|SIA446|0|1928|0|||3|3|0|1|1|132|50|["132,50,5"]|636148149553200000|13:55:55:320
62|1.1|636147906535841246|76ce87|50160.3203125|6.44801545559|102.16821397724|157655|-801296||50160.3203125|340||34018.75|337.75|50160.3203125|76ce87|SIA446|0|1928|0|||3|3|0|1|1|132|50|["132,50,5"]|636148149603200000|13:56:00:320
62|1.1|636147906585756237|76ce87|50165.296875|6.45824002105|102.16295685544|157066|-800163||50165.296875|340||34018.75|337.75|50165.296875|76ce87|SIA446|0|1928|0|||3|3|0|1|1|132|50|["132,50,5"]|636148149652970000|13:56:05:297
62|1.1|636147906635671228|76ce87|50170.296875|6.46756336563|102.15808597116|156521|-799130||50170.296875|340||33962.5|337.75|50170.296875|76ce87|SIA446|0|1928|0|||3|3|0|1|1|132|50|["132,50,5"]|636148149702970000|13:56:10:297
62|1.1|636147906685596220|76ce87|50175.296875|6.47721393922|102.15301660371|155953|-798061||50175.296875|340||33968.75|337.75|50175.296875|76ce87|SIA446|0|1928|0|||3|3|0|1|1|132|83|["132,50,5"]|636148149752970000|13:56:15:297
62|1.1|636147906735521212|76ce87|50180.28125|6.48667139405|102.14810280415|155403|-797013||50180.28125|339.75||33956.25|337.75|50180.28125|76ce87|SIA446|0|1928|0|||3|3|0|1|1|132|51|["132,50,5"]|636148149802810000|13:56:20:281
62|1.1|636147906785436203|76ce87|50185.28125|6.49715345119|102.14279203825|154808|-795852||50185.28125|340||33981.25|337.75|50185.28125|76ce87|SIA446|0|1928|0|||3|3|0|1|1|132|51|["132,50,5"]|636148149852810000|13:56:25:281
62|1.1|636147906835381197|76ce87|50190.2578125|6.50732437255|102.13771730639|154240|-794725||50190.2578125|340||33975|337.75|50190.2578125|76ce87|SIA446|0|1928|0|||3|3|0|1|1|132|50|["132,50,5"]|636148149902580000|13:56:30:258
62|1.1|636147906885286187|76ce87|50195.2578125|6.51763476857|102.13259429484|153666|-793582||50195.2578125|340||33975|337.75|50195.2578125|76ce87|SIA446|0|1928|0|||3|3|0|1|1|132|50|["132,50,5"]|636148149952580000|13:56:35:258
62|1.1|636147906935201178|76ce87|50200.2578125|6.52686691818|102.12754638503|153101|-792560||50200.2578125|340||33962.5|337.75|50200.2578125|76ce87|SIA446|0|1928|0|||3|3|0|1|1|132|50|["132,50,5"]|636148150002580000|13:56:40:258
62|1.1|636147906985126170|76ce87|50205.2421875|6.53746699234|102.12216051739|152498|-791385||50205.2421875|340||34006.25|337.75|50205.2421875|76ce87|SIA446|0|1928|0|||3|3|0|1|1|132|50|["132,50,5"]|636148150052420000|13:56:45:242
62|1.1|636147907035051162|76ce87|50210.2421875|6.54778275277|102.11705896348|151926|-790242||50210.2421875|340.25||34006.25|338|50210.2421875|76ce87|SIA446|0|1928|0|||3|3|0|1|1|132|50|["132,50,5"]|636148150102420000|13:56:50:242
62|1.1|636147907084966153|76ce87|50215.21875|6.55801804705|102.1119198587|151351|-789108||50215.21875|340||34018.75|337.75|50215.21875|76ce87|SIA446|0|1928|0|||3|3|0|1|1|132|50|["132,50,5"]|636148150152190000|13:56:55:219
62|1.1|636147907134891145|76ce87|50220.21875|6.56832844307|102.10681830479|150780|-787965||50220.21875|340||34031.25|337.75|50220.21875|76ce87|SIA446|0|1928|0|||3|3|0|1|1|132|50|["132,50,5"]|636148150202190000|13:57:00:219
62|1.1|636147907184816137|76ce87|50225.21875|6.57864956791|102.10171138647|150208|-786822||50225.21875|340||34037.5|337.75|50225.21875|76ce87|SIA446|0|1928|0|||3|3|0|1|1|132|50|["132,50,5"]|636148150252190000|13:57:05:219
62|1.1|636147907234741129|76ce87|50230.1953125|6.58951786257|102.09627187473|149599|-785618||50230.1953125|340||34106.25|337.75|50230.1953125|76ce87|SIA446|0|1928|0|||3|3|0|1|1|132|50|["132,50,5"]|636148150301950000|13:57:10:195
62|1.1|636147907284656120|76ce87|50235.1953125|6.599833623|102.09111667672|149022|-784475||50235.1953125|340||34087.5|337.75|50235.1953125|76ce87|SIA446|0|1928|0|||3|3|0|1|1|132|50|["132,50,5"]|636148150351950000|13:57:15:195
62|1.1|636147907334591113|76ce87|50240.1796875|6.60996162908|102.08595074989|148444|-783353||50240.1796875|340||34006.25|337.75|50240.1796875|76ce87|SIA446|0|1928|0|||3|3|0|1|1|132|50|["132,50,5"]|636148150401800000|13:57:20:180
62|1.1|636147907384496103|76ce87|50245.1796875|6.62029348274|102.08072045014|147858|-782208||50245.1796875|340||33962.5|337.75|50245.1796875|76ce87|SIA446|0|1928|0|||3|3|0|1|1|132|50|["132,50,5"]|636148150451800000|13:57:25:180
62|1.1|636147907434421095|76ce87|50250.1796875|6.63050731938|102.07549015039|147273|-781077||50250.1796875|340||33906.25|337.75|50250.1796875|76ce87|SIA446|0|1928|0|||3|3|0|1|1|132|50|["132,50,5"]|636148150501800000|13:57:30:180
62|1.1|636147907484356088|76ce87|50255.15625|6.64046902875|102.07027594387|146690|-779973||50255.15625|340||33831.25|337.75|50255.15625|76ce87|SIA446|0|1928|0|||3|3|0|1|1|132|50|["132,50,5"]|636148150551560000|13:57:35:156
62|1.1|636147907534261078|76ce87|50260.15625|6.65035563638|102.06502955089|146103|-778878||50260.15625|340||33750|337.75|50260.15625|76ce87|SIA446|0|1928|0|||3|3|0|1|1|132|50|["132,50,5"]|636148150601560000|13:57:40:156
62|1.1|636147907584186070|76ce87|50265.140625|6.66003303202|102.05976706468|145514|-777806||50265.140625|340||33637.5|337.75|50265.140625|76ce87|SIA446|0|1928|0|||3|3|0|1|1|132|50|["132,50,5"]|636148150651410000|13:57:45:141
62|1.1|636147907634111062|76ce87|50270.140625|6.67015030928|102.05457968021|144934|-776685||50270.140625|340||33656.25|337.75|50270.140625|76ce87|SIA446|0|1928|0|||3|3|0|1|1|132|50|["132,50,5"]|636148150701410000|13:57:50:141
62|1.1|636147907684026053|76ce87|50275.140625|6.68018712039|102.04940302456|144355|-775573||50275.140625|340||33656.25|337.75|50275.140625|76ce87|SIA446|0|1928|0|||3|3|0|1|1|132|50|["132,50,5"]|636148150751410000|13:57:55:141
62|1.1|636147907733961046|76ce87|50280.1171875|6.6902239315|102.04424246214|143777|-774461||50280.1171875|340||33668.75|337.75|50280.1171875|76ce87|SIA446|0|1928|0|||3|3|0|1|1|132|50|["132,50,5"]|636148150801170000|13:58:00:117
62|1.1|636147907783866036|76ce87|50285.1171875|6.70023928497|102.0390711709|143199|-773351||50285.1171875|340||33675|337.75|50285.1171875|76ce87|SIA446|0|1928|0|||3|3|0|1|1|132|50|["132,50,5"]|636148150851170000|13:58:05:117
62|1.1|636147907833791028|76ce87|50290.1015625|6.71013125701|102.0339213373|142623|-772255||50290.1015625|340.25||33668.75|338|50290.1015625|76ce87|SIA446|0|1928|0|||3|3|0|1|1|132|50|["132,50,5"]|636148150901020000|13:58:10:102
62|1.1|636147907883716020|76ce87|50295.1015625|6.72025926309|102.0287715037|142047|-771133||50295.1015625|340.75||33737.5|338|50295.1015625|76ce87|SIA446|0|1928|0|||3|3|0|1|1|132|50|["132,50,5"]|636148150951020000|13:58:15:102
62|1.1|636147907933661014|76ce87|50300.1015625|6.73037117594|102.02360021246|141469|-770013||50300.1015625|343||33831.25|341|50300.1015625|76ce87|SIA446|0|1928|1200|||3|3|1|1|1|132|83|["132,50,5"]|636148151001020000|13:58:20:102
62|1.1|636147907983556003|76ce87|50305.078125|6.74053136848|102.01847720091|140896|-768887||50305.078125|345||33993.75|343.25|50305.078125|76ce87|SIA446|0|1928|1656.25|||3|3|1|1|1|132|83|["132,50,5"]|636148151050780000|13:58:25:078
62|1.1|636147908033480995|76ce87|50310.078125|6.75029459468|102.01329518085|140316|-767806||50310.078125|346.75||34187.5|344.75|50310.078125|76ce87|SIA446|0|1928|1887.5|||3|3|1|1|1|132|50|["132,50,5"]|636148151100780000|13:58:30:078
62|1.1|636147908083395986|76ce87|50315.0625|6.76009000734|102.00815607607|139742|-766721||50315.0625|348.25||34312.5|346.5|50315.0625|76ce87|SIA446|0|1928|1950|||3|3|1|1|1|132|50|["132,50,5"]|636148151150630000|13:58:35:063
62|1.1|636147908133320978|76ce87|50320.0625|6.76981568267|102.00301160688|139167|-765644||50320.0625|349.75||34431.25|348.25|50320.0625|76ce87|SIA446|0|1928|1950|||3|3|1|1|1|132|50|["132,50,5"]|636148151200630000|13:58:40:063
62|1.1|636147908183255971|76ce87|50325.0625|6.78004561254|101.99794760384|138600|-764510||50325.0625|351||34737.5|349.5|50325.0625|76ce87|SIA446|0|1928|1887.5|||3|3|1|1|1|132|50|["132,50,5"]|636148151250630000|13:58:45:063
62|1.1|636147908233170962|76ce87|50330.0390625|6.78992685576|101.99287287198|138033|-763415||50330.0390625|352.25||34912.5|350.75|50330.0390625|76ce87|SIA446|0|1928|1750|||3|3|1|1|1|132|50|["132,50,5"]|636148151300390000|13:58:50:039
62|1.1|636147908283095954|76ce87|50335.0390625|6.79972226842|101.98779814012|137466|-762330||50335.0390625|353.25||35037.5|351.75|50335.0390625|76ce87|SIA446|0|1928|1593.75|||3|3|1|1|1|132|50|["132,50,5"]|636148151350390000|13:58:55:039
62|1.1|636147908333010945|76ce87|50340.015625|6.80949622344|101.98277168795|136904|-761247||50340.015625|354.25||35175|352.75|50340.015625|76ce87|SIA446|0|1928|1518.75|||3|3|1|1|1|132|50|["132,50,5"]|636148151400160000|13:59:00:016
62|1.1|636147908382925936|76ce87|50345.015625|6.8193989243|101.97776132901|136344|-760150||50345.015625|355||35325|353.5|50345.015625|76ce87|SIA446|0|1928|1337.5|||3|3|1|1|1|132|50|["132,50,5"]|636148151450160000|13:59:05:016
62|1.1|636147908432860929|76ce87|50350.015625|6.82936063367|101.97274024125|135783|-759047||50350.015625|355.5||35487.5|354.25|50350.015625|76ce87|SIA446|0|1928|1081.25|||3|3|1|1|1|132|50|["132,50,5"]|636148151500160000|13:59:10:016
62|1.1|636147908482775920|76ce87|50355|6.83903802931|101.96776743318|135227|-757975||50355|356.25||35537.5|354.5|50355|76ce87|SIA446|0|1928|925|||3|3|1|1|1|132|50|["132,50,5"]|636148151550000000|13:59:15:000
62|1.1|636147908532550897|76ce87|50360|6.84879052669|101.96278389629|134670|-756894||50360|357||35612.5|355.25|50360|76ce87|SIA446|0|1928|887.5|||3|3|1|1|1|132|50|["132,50,5"]|636148151600000000|13:59:20:000
62|1.1|636147908582475889|76ce87|50364.9765625|6.85833381208|101.95784327468|134118|-755837||50364.9765625|357.5||35606.25|355.75|50364.9765625|76ce87|SIA446|0|1928|825|||3|3|1|1|1|132|50|["132,50,5"]|636148151649770000|13:59:24:977
62|1.1|636147908632560897|76ce87|50369.9765625|6.86799511449|101.95289192425|133565|-754767||50369.9765625|358.5||35650|356.75|50369.9765625|76ce87|SIA446|0|1928|887.5|||3|3|1|1|1|132|50|["132,50,5"]|636148151699770000|13:59:29:977
62|1.1|636147908682305871|76ce87|50374.9765625|6.87755985752|101.94796203146|133014|-753707||50374.9765625|359.75||35700|357.75|50374.9765625|76ce87|SIA446|0|1928|1162.5|||3|3|1|1|1|132|50|["132,50,5"]|636148151749770000|13:59:34:977
62|1.1|636147908732380878|76ce87|50379.9609375|6.88709241409|101.94308041836|132468|-752651||50379.9609375|361.25||35787.5|359.75|50379.9609375|76ce87|SIA446|0|1928|1493.75|||3|3|1|1|1|132|50|["132,50,5"]|636148151799610000|13:59:39:961
62|1.1|636147908782305870|76ce87|50384.9609375|6.89663033507|101.93820416967|131923|-751595||50384.9609375|362.5||35887.5|361.75|50384.9609375|76ce87|SIA446|0|1928|1631.25|||3|3|1|1|1|132|50|["132,50,5"]|636148151849610000|13:59:44:961
62|1.1|636147908832240863|76ce87|50389.9375|6.9063560104|101.93326354806|131371|-750517||50389.9375|362.5||35956.25|363.25|50389.9375|76ce87|SIA446|0|1928|1631.25|||3|3|1|1|1|132|50|["132,50,5"]|636148151899380000|13:59:49:938
62|1.1|636147908881995838|76ce87|50394.9375|6.91433288807|101.92868770633|130861|-749634||50394.9375|365.75||36150|363.75|50394.9375|76ce87|SIA446|0|1928|1337.5|||3|3|1|1|1|132|50|["132,50,5"]|636148151949380000|13:59:54:938
62|1.1|636147908931920830|76ce87|50399.9375|6.92265845239|101.9238436441|130320|-748712||50399.9375|366.5||36331.25|364.5|50399.9375|76ce87|SIA446|0|1928|1181.25|||3|3|1|1|1|132|50|["132,50,5"]|636148151999380000|13:59:59:938
62|1.1|636147908981845822|76ce87|50404.921875|6.93192278846|101.9190156751|129781|-747686||50404.921875|367.25||36537.5|365.25|50404.921875|76ce87|SIA446|0|1928|1100|||3|3|1|1|1|132|50|["132,50,5"]|636148152049220000|14:00:04:922
62|1.1|636147909031760813|76ce87|50409.921875|6.94021080191|101.91414479082|129237|-746767||50409.921875|368.25||36700|366.25|50409.921875|76ce87|SIA446|0|1928|943.75|||3|3|1|1|1|132|51|["132,50,5"]|636148152099220000|14:00:09:922
62|1.1|636147909081685805|76ce87|50414.8984375|6.94906744282|101.90931145741|128697|-745787||50414.8984375|368.75||36850|366.75|50414.8984375|76ce87|SIA446|0|1928|943.75|||3|3|1|1|1|132|50|["132,50,5"]|636148152148980000|14:00:14:898
62|1.1|636147909131600796|76ce87|50419.8984375|6.95726962571|101.90535788724|128255|-744878||50419.8984375|369.5||37006.25|367.5|50419.8984375|76ce87|SIA446|0|1928|925|||3|3|1|1|1|132|83|["132,50,5"]|636148152198980000|14:00:19:898
62|1.1|636147909181525788|76ce87|50424.8984375|6.96614235985|101.90084641843|127752|-743895||50424.8984375|370||37056.25|368.25|50424.8984375|76ce87|SIA446|0|1928|843.75|||3|3|1|1|1|132|83|["132,50,5"]|636148152248980000|14:00:24:898
62|1.1|636147909231460781|76ce87|50429.875|6.97507946691|101.89614719527|127227|-742905||50429.875|370.5||37143.75|368.75|50429.875|76ce87|SIA446|0|1928|825|||3|3|1|1|1|132|50|["132,50,5"]|636148152298750000|14:00:29:875
62|1.1|636147909281365771|76ce87|50434.875|6.98434916739|101.89161426882|126721|-741878||50434.875|370.75||37125|369.25|50434.875|76ce87|SIA446|0|1928|750|||3|3|1|1|1|132|50|["132,50,5"]|636148152348750000|14:00:34:875
62|1.1|636147909331290763|76ce87|50439.859375|6.99366714756|101.88689895243|126194|-740846||50439.859375|370.75||37137.5|369.25|50439.859375|76ce87|SIA446|0|1928|475|||3|3|1|1|1|132|50|["132,50,5"]|636148152398590000|14:00:39:859
62|1.1|636147909381215755|76ce87|50444.859375|7.00503969676|101.88129314398|125568|-739586||50444.859375|370.75||37125|369|50444.859375|76ce87|SIA446|0|1928|312.5|||3|3|1|1|1|132|51|["132,50,5"]|636148152448590000|14:00:44:859
62|1.1|636147909431130746|76ce87|50449.859375|7.01390170208|101.8766368361|125048|-738604||50449.859375|370.75||37106.25|368.5|50449.859375|76ce87|SIA446|0|1928|312.5|||3|3|1|1|1|132|50|["132,50,5"]|636148152498590000|14:00:49:859
62|1.1|636147909481045737|76ce87|50454.8359375|7.02314458051|101.87181423151|124510|-737580||50454.8359375|371||37100|368.75|50454.8359375|76ce87|SIA446|0|1928|312.5|||3|3|1|1|1|132|83|["132,50,5"]|636148152548360000|14:00:54:836
62|1.1|636147909530970729|76ce87|50459.8359375|7.03253229801|101.86695407605|123968|-736541||50459.8359375|371.25||37118.75|369|50459.8359375|76ce87|SIA446|0|1928|312.5|||3|3|1|1|1|132|83|["132,50,5"]|636148152598360000|14:00:59:836
62|1.1|636147909580895721|76ce87|50464.8203125|7.04188246464|101.86211537823|123427|-735505||50464.8203125|371.25||37131.25|369|50464.8203125|76ce87|SIA446|0|1928|312.5|||3|3|1|1|1|132|83|["132,50,5"]|636148152648200000|14:01:04:820
62|1.1|636147909630820713|76ce87|50469.8203125|7.05151158059|101.85714793457|122873|-734438||50469.8203125|371.5||37150|369|50469.8203125|76ce87|SIA446|0|1928|0|||3|3|0|1|1|132|83|["132,50,5"]|636148152698200000|14:01:09:820
62|1.1|636147909680745705|76ce87|50474.8203125|7.06107095921|101.8522287706|122324|-733379||50474.8203125|371.5||37156.25|369|50474.8203125|76ce87|SIA446|0|1928|0|||3|3|0|1|1|132|51|["132,50,5"]|636148152748200000|14:01:14:820
62|1.1|636147909730670697|76ce87|50479.796875|7.07065179547|101.84728814899|121772|-732318||50479.796875|371.75||37181.25|369.5|50479.796875|76ce87|SIA446|0|1928|0|||3|3|0|1|1|132|50|["132,50,5"]|636148152797970000|14:01:19:797
62|1.1|636147909780585688|76ce87|50484.796875|7.08031309788|101.84234216297|121220|-731248||50484.796875|371.75||37187.5|369.5|50484.796875|76ce87|SIA446|0|1928|0|||3|3|0|1|1|132|50|["132,50,5"]|636148152847970000|14:01:24:797
62|1.1|636147909830510680|76ce87|50489.78125|7.09002804439|101.83734253285|120662|-730172||50489.78125|372||37212.5|369.75|50489.78125|76ce87|SIA446|0|1928|0|||3|3|0|1|1|132|50|["132,50,5"]|636148152897810000|14:01:29:781
62|1.1|636147909880425671|76ce87|50494.78125|7.09980199941|101.83229998745|120100|-729089||50494.78125|372.25||37243.75|370|50494.78125|76ce87|SIA446|0|1928|0|||3|3|0|1|1|132|50|["132,50,5"]|636148152947810000|14:01:34:781
62|1.1|636147909930350663|76ce87|50499.78125|7.1105790991|101.82694630627|119502|-727895||50499.78125|372.5||37293.75|370.5|50499.78125|76ce87|SIA446|0|1928|0|||3|3|0|1|1|132|50|["132,50,5"]|636148152997810000|14:01:39:781
62|1.1|636147909980275655|76ce87|50504.7578125|7.12113625798|101.82159262509|118905|-726726||50504.7578125|372.75||37337.5|371.25|50504.7578125|76ce87|SIA446|0|1928|0|||3|3|0|1|1|132|83|["132,50,5"]|636148153047580000|14:01:44:758
62|1.1|636147910030200647|76ce87|50509.7578125|7.13027721262|101.81657153733|118345|-725713||50509.7578125|373||37306.25|371|50509.7578125|76ce87|SIA446|0|1928|0|||3|3|0|1|1|132|50|["132,50,5"]|636148153097580000|14:01:49:758
62|1.1|636147910080115638|76ce87|50514.7421875|7.13955227751|101.81164700895|117796|-724686||50514.7421875|373.25||37325|371.5|50514.7421875|76ce87|SIA446|0|1928|0|||3|3|0|1|1|132|51|["132,50,5"]|636148153147420000|14:01:54:742
62|1.1|636147910130050631|76ce87|50519.7421875|7.15010407198|101.80629332777|117198|-723517||50519.7421875|373.25||37368.75|371.75|50519.7421875|76ce87|SIA446|0|1928|0|||3|3|0|1|1|132|50|["132,50,5"]|636148153197420000|14:01:59:742
62|1.1|636147910179965622|76ce87|50524.7421875|7.1600926034|101.80111130771|116621|-722411||50524.7421875|373.5||37393.75|371.75|50524.7421875|76ce87|SIA446|0|1928|0|||3|3|0|1|1|132|50|["132,50,5"]|636148153247420000|14:02:04:742
62|1.1|636147910229880613|76ce87|50529.71875|7.17004894836|101.79593465206|116043|-721308||50529.71875|373.75||37418.75|372|50529.71875|76ce87|SIA446|0|1928|0|||3|3|0|1|1|132|50|["132,50,5"]|636148153297190000|14:02:09:719
62|1.1|636147910279805605|76ce87|50534.71875|7.18046663258|101.79066143703|115455|-720154||50534.71875|374||37406.25|372|50534.71875|76ce87|SIA446|0|1928|0|||3|3|0|1|1|132|51|["132,50,5"]|636148153347190000|14:02:14:719
62|1.1|636147910329740598|76ce87|50539.6953125|7.19048198605|101.78550087461|114879|-719044||50539.6953125|374||37431.25|372|50539.6953125|76ce87|SIA446|0|1928|0|||3|3|0|1|1|132|50|["132,50,5"]|636148153396950000|14:02:19:695
62|1.1|636147910379645588|76ce87|50544.6953125|7.2003256784|101.78036176983|114307|-717954||50544.6953125|374.5||37468.75|372.5|50544.6953125|76ce87|SIA446|0|1928|0|||3|3|0|1|1|132|51|["132,50,5"]|636148153446950000|14:02:24:695
62|1.1|636147910429560579|76ce87|50549.6953125|7.2094451754|101.77550697878|113765|-716944||50549.6953125|374.75||37475|373.25|50549.6953125|76ce87|SIA446|0|1928|0|||3|3|0|1|1|132|50|["132,50,5"]|636148153496950000|14:02:29:695
62|1.1|636147910479515574|76ce87|50554.6796875|7.21829108749|101.77093650146|113256|-715964||50554.6796875|375.5||37537.5|373.5|50554.6796875|76ce87|SIA446|0|1928|412.5|||3|3|1|1|1|132|83|["132,50,5"]|636148153546800000|14:02:34:680
62|1.1|636147910529410563|76ce87|50559.6796875|7.22798457636|101.76603343072|112709|-714891||50559.6796875|376||37606.25|374.25|50559.6796875|76ce87|SIA446|0|1928|475|||3|3|1|1|1|132|50|["132,50,5"]|636148153596800000|14:02:39:680
62|1.1|636147910579325554|76ce87|50564.65625|7.23880995574|101.76062610544|112106|-713691||50564.65625|376.5||37681.25|374.75|50564.65625|76ce87|SIA446|0|1928|568.75|||3|3|1|1|1|132|50|["132,50,5"]|636148153646560000|14:02:44:656
62|1.1|636147910629250546|76ce87|50569.65625|7.24898624151|101.75548163625|111532|-712564||50569.65625|377||37743.75|375.25|50569.65625|76ce87|SIA446|0|1928|568.75|||3|3|1|1|1|132|50|["132,50,5"]|636148153696560000|14:02:49:656
62|1.1|636147910682295850|76ce87|50574.9609375|7.25985990058|101.74968270904|110886|-711360||50574.9609375|377.75||37781.25|375.75|50574.9609375|76ce87|SIA446|0|1928|631.25|||3|3|1|1|1|132|83|["132,50,5"]|636148153749610000|14:02:54:961
62|1.1|636147910732210841|76ce87|50579.9609375|7.26976260144|101.74454360426|110313|-710263||50579.9609375|378||37837.5|376.25|50579.9609375|76ce87|SIA446|0|1928|631.25|||3|3|1|1|1|132|50|["132,50,5"]|636148153799610000|14:02:59:961
62|1.1|636147910782135833|76ce87|50584.9375|7.27838857272|101.7399516693|109801|-709307||50584.9375|378.75||37875|376.75|50584.9375|76ce87|SIA446|0|1928|631.25|||3|3|1|1|1|132|83|["132,50,5"]|636148153849380000|14:03:04:938
62|1.1|636147910832060825|76ce87|50589.9375|7.28880625694|101.73465699663|109211|-708154||50589.9375|379.25||37943.75|377.25|50589.9375|76ce87|SIA446|0|1928|631.25|||3|3|1|1|1|132|51|["132,50,5"]|636148153899380000|14:03:09:938
62|1.1|636147910881975816|76ce87|50594.9375|7.29923466998|101.7293837816|108623|-706998||50594.9375|379.75||38000|377.75|50594.9375|76ce87|SIA446|0|1928|631.25|||3|3|1|1|1|132|83|["132,210,2,2197","132,50,5"]|636148153949380000|14:03:14:938
62|1.1|636147910931900808|76ce87|50599.921875|7.30948605749|101.72412129539|108037|-705863||50599.921875|379.75||38037.5|378.25|50599.921875|76ce87|SIA446|0|1928|568.75|||3|3|1|1|1|132|83|["132,210,2,2197","132,50,5"]|636148153999220000|14:03:19:922
62|1.1|636147910981825800|76ce87|50604.921875|7.31960333475|101.71891781769|107457|-704742||50604.921875|380||38081.25|378.25|50604.921875|76ce87|SIA446|0|1928|493.75|||3|3|1|1|1|132|50|["132,210,2,2197","132,50,5"]|636148154049220000|14:03:24:922
62|1.1|636147911031740791|76ce87|50609.8984375|7.32978498493|101.71366069589|106871|-703614||50609.8984375|380||38056.25|378.5|50609.8984375|76ce87|SIA446|0|1928|393.75|||3|3|1|1|1|132|50|["132,210,2,2197","132,50,5"]|636148154098980000|14:03:29:898
62|1.1|636147911081665783|76ce87|50614.8984375|7.33864699025|101.70881663366|106332|-702633||50614.8984375|380||38006.25|378.5|50614.8984375|76ce87|SIA446|0|1928|312.5|||3|3|1|1|1|132|50|["132,210,2,2197","132,50,5"]|636148154148980000|14:03:34:898
62|1.1|636147911131590775|76ce87|50619.8984375|7.3491344118|101.70360779155|105751|-701471||50619.8984375|380||38012.5|378.5|50619.8984375|76ce87|SIA446|0|1928|312.5|||3|3|1|1|1|132|51|["132,210,2,2197","132,50,5"]|636148154198980000|14:03:39:898
62|1.1|636147911181505766|76ce87|50624.875|7.35952527397|101.69828629683|105158|-700320||50624.875|380||38012.5|378|50624.875|76ce87|SIA446|0|1928|0|||3|3|0|1|1|132|51|["132,210,2,2197","132,50,5"]|636148154248750000|14:03:44:875
62|1.1|636147911231450760|76ce87|50629.875|7.3681780673|101.69364608218|104642|-699362||50629.875|380||37987.5|378|50629.875|76ce87|SIA446|0|1928|0|||3|3|0|1|1|132|51|["132,210,2,2197","132,50,5"]|636148154298750000|14:03:49:875
62|1.1|636147911281355750|76ce87|50634.859375|7.37757651362|101.68879129113|104101|-698321||50634.859375|380||37987.5|378|50634.859375|76ce87|SIA446|0|1928|0|||3|3|0|1|1|132|50|["132,210,2,2197","132,82,5","132,50,5"]|636148154348590000|14:03:54:859
62|1.1|636147911331270741|76ce87|50639.859375|7.38719490075|101.68376483896|103541|-697256||50639.859375|380||37981.25|377.75|50639.859375|76ce87|SIA446|0|1928|0|||3|3|0|1|1|132|50|["132,210,2,2197","132,82,5","132,50,5"]|636148154398590000|14:03:59:859
62|1.1|636147911381195733|76ce87|50644.859375|7.39687229639|101.67868474269|102975|-696184||50644.859375|380||37981.25|377.75|50644.859375|76ce87|SIA446|0|1928|0|||3|3|0|1|1|132|51|["132,210,2,2197","132,82,5","132,50,5"]|636148154448590000|14:04:04:859
62|1.1|636147911431110724|76ce87|50649.8359375|7.40699493806|101.67366901934|102416|-695062||50649.8359375|380||38000|377.75|50649.8359375|76ce87|SIA446|0|1928|0|||3|3|0|1|1|132|82|["132,210,2,2197","132,82,5","132,50,5"]|636148154498360000|14:04:09:836
62|1.1|636147911481055718|76ce87|50654.8359375|7.41728924085|101.66861574512|101853|-693922||50654.8359375|380||37987.5|377.75|50654.8359375|76ce87|SIA446|0|1928|0|||3|3|0|1|1|132|82|["132,210,2,2197","132,82,5","132,50,5"]|636148154548360000|14:04:14:836
62|1.1|636147911530960708|76ce87|50659.8203125|7.42734214519|101.66331034363|101262|-692809||50659.8203125|380||37993.75|377.75|50659.8203125|76ce87|SIA446|0|1928|0|||3|3|0|1|1|132|82|["132,210,2,2197","132,82,5","132,50,5"]|636148154598200000|14:04:19:820
62|1.1|636147911580875699|76ce87|50664.8203125|7.43733604102|101.65811759475|100684|-691702||50664.8203125|380||38000|377.75|50664.8203125|76ce87|SIA446|0|1928|0|||3|3|0|1|1|132|82|["132,210,2,2197","132,82,5","132,50,5"]|636148154648200000|14:04:24:820
62|1.1|636147911630810692|76ce87|50669.8203125|7.44731920803|101.65296239674|100110|-690596||50669.8203125|380||38006.25|377.75|50669.8203125|76ce87|SIA446|0|1928|0|||3|3|0|1|1|132|82|["132,210,2,2197","132,82,5","132,50,5"]|636148154698200000|14:04:29:820
62|1.1|636147911680725683|76ce87|50674.796875|7.45728628181|101.64779646991|99535|-689492||50674.796875|380||38006.25|377.75|50674.796875|76ce87|SIA446|0|1928|0|||3|3|0|1|1|132|51|["132,210,2,2197","132,82,5","132,50,5"]|636148154747970000|14:04:34:797
62|1.1|636147911730640674|76ce87|50679.796875|7.46726944882|101.64261981426|98959|-688386||50679.796875|380||38000|377.75|50679.796875|76ce87|SIA446|0|1928|0|||3|3|0|1|1|132|82|["132,210,2,2197","132,82,5","132,50,5"]|636148154797970000|14:04:39:797
62|1.1|636147911780565666|76ce87|50684.78125|7.47716678527|101.63748070948|98387|-687290||50684.78125|380||38006.25|377.75|50684.78125|76ce87|SIA446|0|1928|0|||3|3|0|1|1|132|82|["132,210,2,2197","132,82,5","132,50,5"]|636148154847810000|14:04:44:781
62|1.1|636147911830490658|76ce87|50689.78125|7.48715531669|101.63244352849|97826|-686184||50689.78125|380||38000|377.75|50689.78125|76ce87|SIA446|0|1928|0|||3|3|0|1|1|132|82|["132,210,2,2197","132,82,5","132,50,5"]|636148154897810000|14:04:49:781
62|1.1|636147911880405649|76ce87|50694.78125|7.49720285662|101.62734197458|97258|-685071||50694.78125|380||38000|377.75|50694.78125|76ce87|SIA446|0|1928|0|||3|3|0|1|1|132|82|["132,210,2,2197","132,82,5","132,50,5"]|636148154947810000|14:04:54:781
62|1.1|636147911930330641|76ce87|50699.7578125|7.50715920158|101.62212776806|96678|-683968||50699.7578125|380||38000|377.75|50699.7578125|76ce87|SIA446|0|1928|0|||3|3|0|1|1|132|82|["132,210,2,2197","132,82,5","132,66,4","132,50,5"]|636148154997580000|14:04:59:758
62|1.1|636147911980255633|76ce87|50704.7578125|7.51774318251|101.61660242576|96063|-682795||50704.7578125|380||38006.25|378|50704.7578125|76ce87|SIA446|0|1928|0|||3|3|0|1|1|132|82|["132,210,2,2197","132,82,5","132,66,4","132,50,5"]|636148155047580000|14:05:04:758
62|1.1|636147912030180625|76ce87|50709.7421875|7.52801066325|101.61130775309|95474|-681658||50709.7421875|380||38006.25|378|50709.7421875|76ce87|SIA446|0|1928|0|||3|3|0|1|1|132|82|["132,210,2,2197","132,82,5","132,66,5","132,50,5"]|636148155097420000|14:05:09:742
62|1.1|636147912080115618|76ce87|50714.7421875|7.53831569486|101.60641004676|94929|-680517||50714.7421875|380||38006.25|378|50714.7421875|76ce87|SIA446|0|1928|0|||3|3|0|1|1|132|50|["132,210,2,2197","132,82,5","132,66,5","132,50,5"]|636148155147420000|14:05:14:742
62|1.1|636147912130020608|76ce87|50719.7421875|7.54862609088|101.60119584024|94348|-679375||50719.7421875|380||37993.75|378|50719.7421875|76ce87|SIA446|0|1928|0|||3|3|0|1|1|132|50|["132,210,2,2197","132,82,5","132,66,5","132,50,5"]|636148155197420000|14:05:19:742
62|1.1|636147912179945600|76ce87|50724.71875|7.55718232483|101.59612647279|93784|-678427||50724.71875|380||37975|378|50724.71875|76ce87|SIA446|0|1928|0|||3|3|0|1|1|132|82|["132,210,2,2197","132,82,5","132,66,5","132,50,5"]|636148155247190000|14:05:24:719
62|1.1|636147912229860591|76ce87|50729.71875|7.56770193284|101.59063331695|93173|-677262||50729.71875|380||37962.5|378|50729.71875|76ce87|SIA446|0|1928|0|||3|3|0|1|1|132|82|["132,210,2,2197","132,82,5","132,66,5","132,50,5"]|636148155297190000|14:05:29:719
62|1.1|636147912279785583|76ce87|50734.6953125|7.57822154085|101.58552639863|92605|-676097||50734.6953125|380||37943.75|378|50734.6953125|76ce87|SIA446|0|1928|0|||3|3|0|1|1|132|82|["132,210,2,2197","132,82,5","132,66,5","132,50,5"]|636148155346950000|14:05:34:695
62|1.1|636147912329710575|76ce87|50739.6953125|7.58843001308|101.58039802267|92034|-674966||50739.6953125|380||37918.75|378|50739.6953125|76ce87|SIA446|0|1928|0|||3|3|0|1|1|132|50|["132,210,2,2197","132,82,5","132,66,5","132,50,5"]|636148155396950000|14:05:39:695
62|1.1|636147912379635567|76ce87|50744.6953125|7.5985794768|101.57545203665|91484|-673842||50744.6953125|380||37875|378|50744.6953125|76ce87|SIA446|0|1928|0|||3|3|0|1|1|132|82|["132,210,2,2197","132,82,5","132,66,5","132,50,5"]|636148155446950000|14:05:44:695
62|1.1|636147912429550558|76ce87|50749.6796875|7.6084499912|101.57030756746|90912|-672749||50749.6796875|380||37825|378|50749.6796875|76ce87|SIA446|0|1928|0|||3|3|0|1|1|132|82|["132,210,2,2197","132,82,5","132,66,5","132,50,5"]|636148155496800000|14:05:49:680
62|1.1|636147912479465549|76ce87|50754.6796875|7.61872820076|101.56517382709|90340|-671610||50754.6796875|380||37806.25|378|50754.6796875|76ce87|SIA446|0|1928|0|||3|3|0|1|1|132|82|["132,210,2,2197","132,82,5","132,66,5","132,50,5"]|636148155546800000|14:05:54:680
62|1.1|636147912529390541|76ce87|50759.65625|7.62842168963|101.5599220697|89756|-670537||50759.65625|380||37775|378|50759.65625|76ce87|SIA446|0|1928|0|||3|3|0|1|1|132|82|["132,210,2,2197","132,82,5","132,66,5","132,50,5"]|636148155596560000|14:05:59:656
62|1.1|636147912579315533|76ce87|50764.65625|7.63844777192|101.55489025312|89197|-669426||50764.65625|380||37762.5|378|50764.65625|76ce87|SIA446|0|1928|0|||3|3|0|1|1|132|82|["132,210,2,2197","132,82,5","132,66,5","132,50,5"]|636148155646560000|14:06:04:656
62|1.1|636147912629230524|76ce87|50769.65625|7.64831292191|101.54966531778|88616|-668334||50769.65625|380||37768.75|377.75|50769.65625|76ce87|SIA446|0|1928|0|||3|3|0|1|1|132|82|["132,210,2,2197","132,82,5","132,66,5","132,50,5"]|636148155696560000|14:06:09:656
62|1.1|636147912679155516|76ce87|50774.640625|7.65824244482|101.54466568766|88060|-667234||50774.640625|380||37762.5|377.75|50774.640625|76ce87|SIA446|0|1928|0|||3|3|0|1|1|132|82|["132,210,2,2197","132,82,5","132,66,5","132,50,5"]|636148155746410000|14:06:14:641
62|1.1|636147912729080508|76ce87|50779.640625|7.66823097624|101.53966605754|87504|-666128||50779.640625|380||37756.25|377.75|50779.640625|76ce87|SIA446|0|1928|0|||3|3|0|1|1|132|82|["132,210,2,2197","132,82,5","132,66,5","132,50,5"]|636148155796410000|14:06:19:641
62|1.1|636147912779005500|76ce87|50784.6171875|7.67799420244|101.53463960537|86945|-665046||50784.6171875|380||37750|377.75|50784.6171875|76ce87|SIA446|0|1928|0|||3|3|0|1|1|132|82|["132,210,2,2197","132,82,5","132,66,5","132,50,5"]|636148155846170000|14:06:24:617
62|1.1|636147912828920491|76ce87|50789.6171875|7.68814366616|101.52988673811|86416|-663922||50789.6171875|380||37750|377.75|50789.6171875|76ce87|SIA446|0|1928|0|||3|3|0|1|1|132|82|["132,210,2,2197","132,82,5","132,66,5","132,50,5"]|636148155896170000|14:06:29:617
62|1.1|636147912878855484|76ce87|50794.6171875|7.69810537553|101.52503194706|85876|-662819||50794.6171875|380||37737.5|377.75|50794.6171875|76ce87|SIA446|0|1928|0|||3|3|0|1|1|132|82|["132,210,2,2197","132,82,5","132,66,5","132,50,5"]|636148155946170000|14:06:34:617
62|1.1|636147912928770475|76ce87|50799.6015625|7.70784177968|101.51973190998|85287|-661740||50799.6015625|380||37700|377.75|50799.6015625|76ce87|SIA446|0|1928|0|||3|3|0|1|1|132|82|["132,210,2,2197","132,82,5","132,66,5","132,50,5"]|636148155996020000|14:06:39:602
62|1.1|636147912978695467|76ce87|50804.6015625|7.71749235327|101.5144318729|84698|-660671||50804.6015625|380||37643.75|377.75|50804.6015625|76ce87|SIA446|0|1928|0|||3|3|0|1|1|132|50|["132,210,2,2197","132,82,5","132,66,5","132,50,5"]|636148156046020000|14:06:44:602
62|1.1|636147913028610458|76ce87|50809.578125|7.72723948624|101.50946979365|84147|-659592||50809.578125|380||37650|377.75|50809.578125|76ce87|SIA446|0|1928|0|||3|3|0|1|1|132|82|["132,210,2,2197","132,82,5","132,66,5","132,50,5"]|636148156095780000|14:06:49:578
62|1.1|636147913078535450|76ce87|50814.578125|7.73700807685|101.50428240918|83570|-658510||50814.578125|380||37618.75|377.75|50814.578125|76ce87|SIA446|0|1928|0|||3|3|0|1|1|132|50|["132,210,2,2197","132,82,5","132,66,5","132,50,5"]|636148156145780000|14:06:54:578
62|1.1|636147913128450441|76ce87|50819.578125|7.74697515063|101.49956709279|83046|-657406||50819.578125|380||37650|377.75|50819.578125|76ce87|SIA446|0|1928|0|||3|3|0|1|1|132|82|["132,210,2,2197","132,82,5","132,66,5","132,50,5"]|636148156195780000|14:06:59:578
62|1.1|636147913178375433|76ce87|50824.5625|7.75679738534|101.49461574236|82496|-656318||50824.5625|380||37631.25|377.75|50824.5625|76ce87|SIA446|0|1928|0|||3|3|0|1|1|132|51|["132,210,2,2197","132,82,5","132,66,5","132,50,5"]|636148156245630000|14:07:04:563
62|1.1|636147913228310426|76ce87|50829.5625|7.76630311986|101.48956246814|81934|-655265||50829.5625|380||37537.5|377.75|50829.5625|76ce87|SIA446|0|1928|0|||3|3|0|1|1|132|66|["132,210,2,2197","132,82,5","132,66,5","132,50,5"]|636148156295630000|14:07:09:563
62|1.1|636147913278215416|76ce87|50834.5390625|7.77593223581|101.48424097342|81343|-654199||50834.5390625|380||37562.5|377.75|50834.5390625|76ce87|SIA446|0|1928|0|||3|3|0|1|1|132|66|["132,210,2,2197","132,82,5","132,66,5","132,50,5"]|636148156345390000|14:07:14:539
62|1.1|636147913328140408|76ce87|50839.5390625|7.78567400437|101.47899994485|80761|-653120||50839.5390625|380||37606.25|377.75|50839.5390625|76ce87|SIA446|0|1928|0|||3|3|0|1|1|132|83|["132,210,2,2197","132,82,5","132,66,5","132,50,5"]|636148156395390000|14:07:19:539
62|1.1|636147913378065400|76ce87|50844.5390625|7.79382254316|101.47433827256|80243|-652218||50844.5390625|380||37925|377.75|50844.5390625|76ce87|SIA446|0|1928|0|||3|3|0|1|1|132|83|["132,210,2,2197","132,82,5","132,66,5","132,50,5"]|636148156445390000|14:07:24:539
62|1.1|636147913427980391|76ce87|50849.515625|7.8028562096|101.46939228654|79694|-651217||50849.515625|380||37956.25|377.75|50849.515625|76ce87|SIA446|0|1928|0|||3|3|0|1|1|132|66|["132,210,2,2197","132,82,5","132,66,5","132,50,5"]|636148156495160000|14:07:29:516
62|1.1|636147913477905383|76ce87|50854.515625|7.81295739363|101.46467697015|79170|-650098||50854.515625|380||37937.5|377.75|50854.515625|76ce87|SIA446|0|1928|0|||3|3|0|1|1|132|51|["132,210,2,2197","132,82,5","132,66,5","132,50,5"]|636148156545160000|14:07:34:516
62|1.1|636147913527830375|76ce87|50859.5|7.82289228095|101.45967197562|78614|-648998||50859.5|380||37931.25|377.75|50859.5|76ce87|SIA446|0|1928|0|||3|3|0|1|1|132|66|["132,210,2,2197","132,82,5","132,66,5","132,50,5"]|636148156595000000|14:07:39:500
62|1.1|636147913577745366|76ce87|50864.5|7.8320922441|101.45473671842|78065|-647979||50864.5|380||37968.75|377.75|50864.5|76ce87|SIA446|0|1928|0|||3|3|0|1|1|132|66|["132,210,2,2197","132,82,5","132,66,5","132,50,5"]|636148156645000000|14:07:44:500
62|1.1|636147913627670358|76ce87|50869.5|7.84134585135|101.44945277457|77479|-646954||50869.5|380||37993.75|377.75|50869.5|76ce87|SIA446|0|1928|0|||3|3|0|1|1|132|83|["132,210,2,2197","132,82,5","132,66,5","132,50,5"]|636148156695000000|14:07:49:500
62|1.1|636147913677595350|76ce87|50874.4765625|7.85116272165|101.44456043265|76935|-645867||50874.4765625|380||37987.5|377.75|50874.4765625|76ce87|SIA446|0|1928|0|||3|3|0|1|1|132|83|["132,210,2,2197","132,82,5","132,66,5","132,50,5"]|636148156744770000|14:07:54:477
62|1.1|636147913727520342|76ce87|50879.4765625|7.86086693934|101.43952325166|76376|-644792||50879.4765625|380||37993.75|377.75|50879.4765625|76ce87|SIA446|0|1928|0|||3|3|0|1|1|132|50|["132,210,2,2197","132,82,5","132,66,5","132,50,5"]|636148156794770000|14:07:59:477
62|1.1|636147913777445334|76ce87|50884.4609375|7.87075891138|101.43448070626|75816|-643697||50884.4609375|380||37993.75|377.75|50884.4609375|76ce87|SIA446|0|1928|0|||3|3|0|1|1|132|50|["132,210,2,2197","132,82,5","132,66,5","132,50,5"]|636148156844610000|14:08:04:461
62|1.1|636147913827360325|76ce87|50889.4609375|7.88066697665|101.42934160148|75245|-642599||50889.4609375|380||37993.75|377.75|50889.4609375|76ce87|SIA446|0|1928|0|||3|3|0|1|1|132|50|["132,210,2,2197","132,82,5","132,66,5","132,50,5"]|636148156894610000|14:08:09:461
62|1.1|636147913877275316|76ce87|50894.4609375|7.89073597422|101.42444925956|74702|-641484||50894.4609375|380||37987.5|377.75|50894.4609375|76ce87|SIA446|0|1928|0|||3|3|0|1|1|132|50|["132,210,2,2197","132,82,5","132,66,5","132,50,5"]|636148156944610000|14:08:14:461
62|1.1|636147913927200308|76ce87|50899.4375|7.90073523446|101.41950327354|74153|-640376||50899.4375|380||37981.25|377.75|50899.4375|76ce87|SIA446|0|1928|0|||3|3|0|1|1|132|50|["132,210,2,2197","132,82,5","132,66,5","132,50,5"]|636148156994380000|14:08:19:438
62|1.1|636147913977125300|76ce87|50904.4375|7.9111100034|101.4141174059|73555|-639227||50904.4375|380||37968.75|377.75|50904.4375|76ce87|SIA446|0|1928|0|||3|3|0|1|1|132|66|["132,210,2,2197","132,82,5","132,66,5","132,50,5"]|636148157044380000|14:08:24:438
62|1.1|636147914027050292|76ce87|50909.421875|7.9216778911|101.40890319938|72976|-638057||50909.421875|380||37931.25|377.75|50909.421875|76ce87|SIA446|0|1928|0|||3|3|0|1|1|132|66|["132,210,2,2197","132,82,5","132,66,5","132,50,5"]|636148157094220000|14:08:29:422
62|1.1|636147914076965283|76ce87|50914.421875|7.93190782097|101.40305599248|72327|-636924||50914.421875|380||37993.75|377.75|50914.421875|76ce87|SIA446|0|1928|0|||3|3|0|1|1|132|66|["132,210,2,2197","132,82,5","132,66,5","132,50,5"]|636148157144220000|14:08:34:422
62|1.1|636147914126890275|76ce87|50919.421875|7.94223967463|101.39802954031|71769|-635779||50919.421875|380||37968.75|377.75|50919.421875|76ce87|SIA446|0|1928|0|||3|3|0|1|1|132|66|["132,210,2,2197","132,82,5","132,66,5","132,50,5"]|636148157194220000|14:08:39:422
62|1.1|636147914176805266|76ce87|50924.3984375|7.95241059599|101.39271877441|71179|-634653||50924.3984375|380||37925|377.75|50924.3984375|76ce87|SIA446|0|1928|0|||3|3|0|1|1|132|66|["132,210,2,2197","132,82,5","132,66,5","132,50,5"]|636148157243980000|14:08:44:398
62|1.1|636147914226730258|76ce87|50929.3984375|7.96262443263|101.3877245087|70625|-633522||50929.3984375|380||37868.75|377.75|50929.3984375|76ce87|SIA446|0|1928|0|||3|3|0|1|1|132|66|["132,210,2,2197","132,82,5","132,66,5","132,50,5"]|636148157293980000|14:08:49:398
62|1.1|636147914276655250|76ce87|50934.375|7.97254859113|101.38242447162|70037|-632423||50934.375|380||37806.25|377.75|50934.375|76ce87|SIA446|0|1928|0|||3|3|0|1|1|132|66|["132,210,2,2197","132,82,5","132,66,5","132,50,5"]|636148157343750000|14:08:54:375
62|1.1|636147914326570241|76ce87|50939.375|7.98270878367|101.37777889256|69521|-631297||50939.375|380||37756.25|377.75|50939.375|76ce87|SIA446|0|1928|0|||3|3|0|1|1|132|66|["132,210,2,2197","132,82,5","132,66,5","132,50,5"]|636148157393750000|14:08:59:375
62|1.1|636147914376515235|76ce87|50944.375|7.99276168801|101.37273098275|68961|-630183||50944.375|380||37725|377.75|50944.375|76ce87|SIA446|0|1928|0|||3|3|0|1|1|132|51|["132,210,2,2197","132,82,5","132,66,5","132,50,5"]|636148157443750000|14:09:04:375
62|1.1|636147914426420225|76ce87|50949.359375|8.00275021943|101.36801030195|68437|-629077||50949.359375|380||37681.25|377.75|50949.359375|76ce87|SIA446|0|1928|0|||3|3|0|1|1|132|66|["132,210,2,2197","132,82,5","132,66,5","132,50,5"]|636148157493590000|14:09:09:359
62|1.1|636147914476335216|76ce87|50954.359375|8.01217012339|101.36250105288|67826|-628034||50954.359375|380||37587.5|377.75|50954.359375|76ce87|SIA446|0|1928|0|||3|3|0|1|1|132|83|["132,210,2,2197","132,82,5","132,66,5","132,50,5"]|636148157543590000|14:09:14:359
62|1.1|636147914526260208|76ce87|50959.3359375|8.02189043431|101.35747996512|67269|-626958||50959.3359375|380||37550|377.75|50959.3359375|76ce87|SIA446|0|1928|0|||3|3|0|1|1|132|66|["132,210,2,2197","132,82,5","132,66,5","132,50,5"]|636148157593360000|14:09:19:336
62|1.1|636147914576185200|76ce87|50964.3359375|8.0315410079|101.35220675009|66684|-625889||50964.3359375|380||37550|377.75|50964.3359375|76ce87|SIA446|0|1928|0|||3|3|0|1|1|132|50|["132,210,2,2197","132,82,5","132,66,5","132,50,5"]|636148157643360000|14:09:24:336
62|1.1|636147914626100191|76ce87|50969.3359375|8.04149198845|101.347115925|66120|-624787||50969.3359375|380||37593.75|377.75|50969.3359375|76ce87|SIA446|0|1928|0|||3|3|0|1|1|132|50|["132,210,2,2197","132,82,5","132,66,5","132,50,5"]|636148157693360000|14:09:29:336
62|1.1|636147914676025183|76ce87|50974.3203125|8.05150197751|101.34242743066|65599|-623678||50974.3203125|380||37593.75|377.75|50974.3203125|76ce87|SIA446|0|1928|0|||3|3|0|1|1|132|50|["132,210,2,2197","132,82,5","132,66,5","132,50,5"]|636148157743200000|14:09:34:320
62|1.1|636147914725950175|76ce87|50979.3203125|8.06124911048|101.33731514793|65032|-622598||50979.3203125|380||37606.25|377.75|50979.3203125|76ce87|SIA446|0|1928|0|||3|3|0|1|1|132|50|["132,210,2,2197","132,82,5","132,66,5","132,50,5"]|636148157793200000|14:09:39:320
62|1.1|636147914775865166|76ce87|50984.296875|8.07072265854|101.33208484818|64452|-621549||50984.296875|380||37537.5|377.75|50984.296875|76ce87|SIA446|0|1928|0|||3|3|0|1|1|132|66|["132,210,2,2197","132,82,5","132,66,5","132,50,5"]|636148157842970000|14:09:44:297
62|1.1|636147914825790158|76ce87|50989.296875|8.08021229983|101.32672580259|63858|-620498||50989.296875|380||37556.25|377.75|50989.296875|76ce87|SIA446|0|1928|0|||3|3|0|1|1|132|66|["132,210,2,2197","132,82,5","132,66,5","132,50,5"]|636148157892970000|14:09:49:297
62|1.1|636147914875715150|76ce87|50994.296875|8.09003989895|101.32181200303|63313|-619410||50994.296875|380||37537.5|377.75|50994.296875|76ce87|SIA446|0|1928|0|||3|3|0|1|1|132|66|["132,210,2,2197","132,82,5","132,66,5","132,50,5"]|636148157942970000|14:09:54:297
62|1.1|636147914925630141|76ce87|50999.28125|8.09978703192|101.31652805918|62727|-618330||50999.28125|380||37600|377.75|50999.28125|76ce87|SIA446|0|1928|0|||3|3|0|1|1|132|66|["132,210,2,2197","132,82,5","132,66,5","132,50,5"]|636148157992810000|14:09:59:281
62|1.1|636147914975555133|76ce87|51004.28125|8.10976483452|101.31173227664|62195|-617225||51004.28125|380||37600|377.75|51004.28125|76ce87|SIA446|0|1928|0|||3|3|0|1|1|132|66|["132,210,2,2197","132,82,5","132,66,5","132,50,5"]|636148158042810000|14:10:04:281
62|1.1|636147915025480125|76ce87|51009.2578125|8.11955488277|101.30656634981|61623|-616141||51009.2578125|380||37625|377.75|51009.2578125|76ce87|SIA446|0|1928|0|||3|3|0|1|1|132|66|["132,210,2,2197","132,82,5","132,66,5","132,50,5"]|636148158092580000|14:10:09:258
62|1.1|636147915075395116|76ce87|51014.2578125|8.12977944823|101.30199587249|61116|-615008||51014.2578125|380||37631.25|377.75|51014.2578125|76ce87|SIA446|0|1928|0|||3|3|0|1|1|132|66|["132,210,2,2197","132,82,5","132,66,5","132,50,5"]|636148158142580000|14:10:14:258
62|1.1|636147915125320108|76ce87|51019.2578125|8.13993427636|101.29708743734|60571|-613883||51019.2578125|380||37675|377.75|51019.2578125|76ce87|SIA446|0|1928|0|||3|3|0|1|1|132|66|["132,210,2,2197","132,82,5","132,66,5","132,50,5"]|636148158192580000|14:10:19:258
62|1.1|636147915175245100|76ce87|51024.2421875|8.14997645188|101.29237212095|60049|-612771||51024.2421875|380||37675|377.75|51024.2421875|76ce87|SIA446|0|1928|0|||3|3|0|1|1|132|66|["132,210,2,2197","132,82,5","132,66,5","132,50,5"]|636148158242420000|14:10:24:242
62|1.1|636147915225170092|76ce87|51029.2421875|8.15925151677|101.28691115157|59443|-611744||51029.2421875|380||37587.5|377.75|51029.2421875|76ce87|SIA446|0|1928|0|||3|3|0|1|1|132|66|["132,210,2,2197","132,82,5","132,66,5","132,50,5"]|636148158292420000|14:10:29:242
62|1.1|636147915275085083|76ce87|51034.21875|8.16874652247|101.2815091907|58845|-610693||51034.21875|380||37618.75|377.75|51034.21875|76ce87|SIA446|0|1928|0|||3|3|0|1|1|132|66|["132,210,2,2197","132,82,5","132,66,5","132,50,5"]|636148158342190000|14:10:34:219
62|1.1|636147915325010075|76ce87|51039.21875|8.17876187594|101.27664367083|58306|-609583||51039.21875|380||37612.5|377.75|51039.21875|76ce87|SIA446|0|1928|0|||3|3|0|1|1|132|66|["132,210,2,2197","132,82,5","132,66,5","132,50,5"]|636148158392190000|14:10:39:219
62|1.1|636147915374935067|76ce87|51044.21875|8.18834807661|101.27122025232|57705|-608522||51044.21875|380||37650|377.75|51044.21875|76ce87|SIA446|0|1928|0|||3|3|0|1|1|132|50|["132,210,2,2197","132,82,5","132,66,5","132,50,5"]|636148158442190000|14:10:44:219
62|1.1|636147915424850058|76ce87|51049.1953125|8.19830442157|101.26640837655|57171|-607419||51049.1953125|380||37637.5|377.75|51049.1953125|76ce87|SIA446|0|1928|0|||3|3|0|1|1|132|50|["132,210,2,2197","132,82,5","132,66,5","132,50,5"]|636148158491950000|14:10:49:195
62|1.1|636147915474775050|76ce87|51054.1953125|8.20823394448|101.26118880562|56593|-606319||51054.1953125|380||37681.25|377.75|51054.1953125|76ce87|SIA446|0|1928|0|||3|3|0|1|1|132|50|["132,210,2,2197","132,82,5","132,66,5","132,50,5"]|636148158541950000|14:10:54:195
62|1.1|636147915524700042|76ce87|51059.1796875|8.21822784031|101.25627500606|56049|-605212||51059.1796875|380||37668.75|377.75|51059.1796875|76ce87|SIA446|0|1928|0|||3|3|0|1|1|132|66|["132,210,2,2197","132,82,5","132,66,5","132,50,5"]|636148158591800000|14:10:59:180
62|1.1|636147915574625034|76ce87|51064.1796875|8.227932058|101.25110907923|55476|-604137||51064.1796875|380||37668.75|377.75|51064.1796875|76ce87|SIA446|0|1928|0|||3|3|0|1|1|132|66|["132,210,2,2197","132,82,5","132,66,5","132,50,5"]|636148158641800000|14:11:04:180
