62|1.1|636147898317629507|780b75|49338.1171875|18.08797512968|107.14782411912|678900|497761||49338.1171875|280||27906.25|280|49338.1171875|780b75|CSN0361|0|2688|0|||3|3|0|1|1|132|162|["132,162,5"]|636148141381170000|13:42:18:117
62|1.1|636147898317629507|780b75|49338.5|18.08751379042|107.14712138141|678827|497708||49338.5|280||27912.5|280|49338.5|780b75|CSN0361|0|2688|0|||3|3|0|1|1|132|162|["132,162,5"]|636148141385000000|13:42:18:500
62|1.1|636147898367544498|780b75|49343.5|18.06954838133|107.15788775228|680032|495746||49343.5|280||28006.25|280|49343.5|780b75|CSN0361|0|2688|0|||3|3|0|1|1|132|162|["132,162,5"]|636148141435000000|13:42:23:500
62|1.1|636147898417469490|780b75|49348.5|18.06473114115|107.14764709359|678960|495178||49348.5|280||28006.25|280|49348.5|780b75|CSN0361|0|2688|0|||3|3|0|1|1|132|162|["132,162,5"]|636148141485000000|13:42:28:500
62|1.1|636147898467384481|780b75|49353.4765625|18.05879273928|107.13758882484|677911|494486||49353.4765625|280||28000|280|49353.4765625|780b75|CSN0361|0|2688|0|||3|3|0|1|1|132|162|["132,162,5"]|636148141534770000|13:42:33:477
62|1.1|636147898517309473|780b75|49358.4765625|18.05248419312|107.12829766672|676945|493754||49358.4765625|280||28000|280|49358.4765625|780b75|CSN0361|0|2688|0|||3|3|0|1|1|132|162|["132,162,5"]|636148141584770000|13:42:38:477
62|1.1|636147898567234465|780b75|49363.4609375|18.04648141833|107.11896359332|675973|493057||49363.4609375|280||28000|280|49363.4609375|780b75|CSN0361|0|2688|0|||3|3|0|1|1|132|163|["132,162,5"]|636148141634610000|13:42:43:461
62|1.1|636147898617149456|780b75|49368.4609375|18.04048937236|107.10914672302|674950|492360||49368.4609375|280||28000|280|49368.4609375|780b75|CSN0361|0|2688|0|||3|3|0|1|1|132|162|["132,146,4,1824","132,162,5"]|636148141684610000|13:42:48:461
62|1.1|636147898667074448|780b75|49373.4609375|18.03366047843|107.09958197999|673957|491570||49373.4609375|280||27993.75|280|49373.4609375|780b75|CSN0361|0|2688|0|||3|3|0|1|1|132|163|["132,146,4,1824","132,162,5"]|636148141734610000|13:42:53:461
62|1.1|636147898716999440|780b75|49378.4375|18.02785618681|107.09077361877|673040|490897||49378.4375|280||27993.75|280|49378.4375|780b75|CSN0361|0|2688|0|||3|3|0|1|1|132|146|["132,146,4,1824","132,162,5"]|636148141784380000|13:42:58:438
62|1.1|636147898766914431|780b75|49383.4375|18.02218064103|107.0820993678|672137|490238||49383.4375|280||27993.75|280|49383.4375|780b75|CSN0361|0|2688|0|||3|3|0|1|1|132|162|["132,146,4,1824","132,162,5"]|636148141834380000|13:43:03:438
62|1.1|636147898816839423|780b75|49388.421875|18.01548049294|107.07200891259|671087|489462||49388.421875|280||27993.75|280|49388.421875|780b75|CSN0361|0|2688|0|||3|3|0|1|1|132|163|["132,146,4,1824","132,162,5"]|636148141884220000|13:43:08:422
62|1.1|636147898866764415|780b75|49393.421875|18.01007316766|107.0637530856|670227|488835||49393.421875|280||27993.75|280|49393.421875|780b75|CSN0361|0|2688|0|||3|3|0|1|1|132|146|["132,146,4,1824","132,162,5"]|636148141934220000|13:43:13:422
62|1.1|636147898916679406|780b75|49398.421875|18.00348030777|107.05314764703|669122|488068||49398.421875|280||28037.5|280|49398.421875|780b75|CSN0361|0|2688|0|||3|3|0|1|1|132|146|["132,146,5,1824","132,162,5"]|636148141984220000|13:43:18:422
62|1.1|636147898966604398|780b75|49403.3984375|17.99757409236|107.04411398059|668182|487383||49403.3984375|280||28006.25|280|49403.3984375|780b75|CSN0361|0|2688|0|||3|3|0|1|1|132|146|["132,146,5,1824","132,162,5"]|636148142033980000|13:43:23:398
62|1.1|636147899016529390|780b75|49408.3984375|17.99172152105|107.03455996638|667186|486703||49408.3984375|280||28000|280|49408.3984375|780b75|CSN0361|0|2688|0|||3|3|0|1|1|132|162|["132,146,5,1824","132,162,5"]|636148142083980000|13:43:28:398
62|1.1|636147899066444381|780b75|49413.375|17.98569192421|107.02495230807|666184|486002||49413.375|280||27993.75|280|49413.375|780b75|CSN0361|0|2688|0|||3|3|0|1|1|132|162|["132,146,5,1824","132,162,5"]|636148142133750000|13:43:33:375
62|1.1|636147899116369373|780b75|49418.375|17.97974815793|107.01599374337|665252|485313||49418.375|280||27981.25|280|49418.375|780b75|CSN0361|0|2688|0|||3|3|0|1|1|132|146|["132,146,5,1824","132,162,5"]|636148142183750000|13:43:38:375
62|1.1|636147899166284364|780b75|49423.375|17.97368637463|107.00735704327|664353|484612||49423.375|280||27975|280|49423.375|780b75|CSN0361|0|2688|0|||3|3|0|1|1|132|146|["132,146,5,1824","132,162,5"]|636148142233750000|13:43:43:375
62|1.1|636147899216209356|780b75|49428.359375|17.96775333717|106.99798005459|663376|483924||49428.359375|280||27975|280|49428.359375|780b75|CSN0361|0|2688|0|||3|3|0|1|1|132|146|["132,146,5,1824","132,162,5"]|636148142283590000|13:43:48:359
62|1.1|636147899266134348|780b75|49433.359375|17.96123557902|106.98783595528|662319|483167||49433.359375|280||28012.5|280|49433.359375|780b75|CSN0361|0|2688|0|||3|3|0|1|1|132|146|["132,146,5,1824","132,162,5"]|636148142333590000|13:43:53:359
62|1.1|636147899316059340|780b75|49438.3359375|17.95531327038|106.97804590703|661298|482478||49438.3359375|280||28018.75|280|49438.3359375|780b75|CSN0361|0|2688|0|||3|3|0|1|1|132|146|["132,146,5,1824","132,162,5"]|636148142383360000|13:43:58:336
62|1.1|636147899365984332|780b75|49443.3359375|17.94930513118|106.96975789358|660436|481785||49443.3359375|280||27981.25|280|49443.3359375|780b75|CSN0361|0|2688|0|||3|3|0|1|1|132|146|["132,146,5,1824","132,162,5"]|636148142433360000|13:44:03:336
62|1.1|636147899415899323|780b75|49448.3359375|17.94340428018|106.96008586235|659427|481099||49448.3359375|280||27962.5|280|49448.3359375|780b75|CSN0361|0|2688|0|||3|3|0|1|1|132|146|["132,146,5,1824","132,162,5"]|636148142483360000|13:44:08:336
62|1.1|636147899465824315|780b75|49453.3203125|17.93652174215|106.95015097503|658394|480303||49453.3203125|280||28006.25|280|49453.3203125|780b75|CSN0361|0|2688|0|||3|3|0|1|1|132|163|["132,146,5,1824","132,162,5","132,178,4"]|636148142533200000|13:44:13:320
62|1.1|636147899515739306|780b75|49458.3203125|17.93025611127|106.94040920647|657378|479577||49458.3203125|280||28012.5|280|49458.3203125|780b75|CSN0361|0|2688|0|||3|3|0|1|1|132|146|["132,146,5,1824","132,162,5","132,178,4"]|636148142583200000|13:44:18:320
62|1.1|636147899565664298|780b75|49463.296875|17.92429625176|106.93148819264|656449|478887||49463.296875|280||27993.75|280|49463.296875|780b75|CSN0361|0|2688|0|||3|3|0|1|1|132|146|["132,146,5,1824","132,162,5","132,178,4"]|636148142632970000|13:44:23:297
62|1.1|636147899615579289|780b75|49468.296875|17.91817545995|106.92207365309|655468|478177||49468.296875|280||27987.5|280|49468.296875|780b75|CSN0361|0|2688|0|||3|3|0|1|1|132|146|["132,146,5,1824","132,162,5","132,178,4"]|636148142682970000|13:44:28:297
62|1.1|636147899665504281|780b75|49473.296875|17.91177035441|106.91249818124|654471|477436||49473.296875|280||27993.75|280|49473.296875|780b75|CSN0361|0|2688|0|||3|3|0|1|1|132|146|["132,146,5,1824","132,162,5","132,178,4"]|636148142732970000|13:44:33:297
62|1.1|636147899715429273|780b75|49478.28125|17.9056495626|106.90302463318|653483|476727||49478.28125|280||27993.75|280|49478.28125|780b75|CSN0361|0|2688|0|||3|3|0|1|1|132|146|["132,146,5,1824","132,162,5","132,178,4"]|636148142782810000|13:44:38:281
62|1.1|636147899765344264|780b75|49483.28125|17.8998023557|106.89327750021|652466|476047||49483.28125|280||27962.5|280|49483.28125|780b75|CSN0361|0|2688|0|||3|3|0|1|1|132|146|["132,146,5,1824","132,162,5","132,178,4"]|636148142832810000|13:44:43:281
62|1.1|636147899815269256|780b75|49488.2578125|17.89392296234|106.88386832507|651484|475364||49488.2578125|280||27887.5|280|49488.2578125|780b75|CSN0361|0|2688|0|||3|3|0|1|1|132|146|["132,146,5,1824","132,162,5"]|636148142882580000|13:44:48:258
62|1.1|636147899862083937|780b75|49492.9375|17.88828496743|106.87525308261|650586|474712||49492.9375|280||27806.25|280|49492.9375|780b75|CSN0361|0|2688|0|||3|3|0|1|1|132|146|["132,146,5,1824","132,162,5"]|636148142929380000|13:44:52:938
62|1.1|636147899912008929|780b75|49497.9375|17.88228755705|106.86575807691|649596|474016||49497.9375|280||27768.75|280|49497.9375|780b75|CSN0361|0|2688|0|||3|3|0|1|1|132|146|["132,146,5,1824","132,162,5"]|636148142979380000|13:44:57:938
62|1.1|636147899961933921|780b75|49502.9375|17.87643498574|106.85637035941|648616|473337||49502.9375|280||27756.25|280|49502.9375|780b75|CSN0361|0|2688|0|||3|3|0|1|1|132|146|["132,146,5,1824","132,162,5"]|636148143029380000|13:45:02:938
62|1.1|636147900011848912|780b75|49507.921875|17.87093110108|106.84648375178|647583|472695||49507.921875|280||27756.25|280|49507.921875|780b75|CSN0361|0|2688|0|||3|3|0|1|1|132|162|["132,146,5,1824","132,162,5"]|636148143079220000|13:45:07:922
62|1.1|636147900061773904|780b75|49512.921875|17.86343702031|106.83830839094|646737|471838||49512.921875|280||27975|280|49512.921875|780b75|CSN0361|0|2688|0|||3|3|0|1|1|132|162|["132,146,5,1824","132,162,5"]|636148143129220000|13:45:12:922
62|1.1|636147900111688895|780b75|49517.8984375|17.85712310974|106.82870609704|645736|471107||49517.8984375|280||28012.5|280|49517.8984375|780b75|CSN0361|0|2688|0|||3|3|0|1|1|132|163|["132,146,5,1824","132,162,5","132,178,4"]|636148143178980000|13:45:17:898
62|1.1|636147900161633889|780b75|49522.8984375|17.85139928427|106.81995674433|644824|470444||49522.8984375|280||27987.5|280|49522.8984375|780b75|CSN0361|0|2688|0|||3|3|0|1|1|132|163|["132,146,5,1824","132,162,5","132,178,4"]|636148143228980000|13:45:22:898
62|1.1|636147900211538879|780b75|49527.8984375|17.84564327234|106.81115911193|643906|469778||49527.8984375|280||27968.75|280|49527.8984375|780b75|CSN0361|0|2688|0|||3|3|0|1|1|132|163|["132,178,5,1865","132,146,5,1824","132,162,5"]|636148143278980000|13:45:27:898
62|1.1|636147900261463871|780b75|49532.875|17.83976924339|106.80256532711|643011|469100||49532.875|280||27962.5|280|49532.875|780b75|CSN0361|0|2688|0|||3|3|0|1|1|132|178|["132,178,5,1865","132,146,5,1824","132,162,5"]|636148143328750000|13:45:32:875
62|1.1|636147900311378862|780b75|49537.875|17.83390057885|106.79341900806|642057|468419||49537.875|280||27962.5|280|49537.875|780b75|CSN0361|0|2688|0|||3|3|0|1|1|132|146|["132,178,5,1865","132,146,5,1824","132,162,5"]|636148143378750000|13:45:37:875
62|1.1|636147900361303854|780b75|49542.859375|17.82799436344|106.78422977373|641098|467736||49542.859375|280||27956.25|280|49542.859375|780b75|CSN0361|0|2688|0|||3|3|0|1|1|132|178|["132,178,5,1865","132,146,5,1824","132,162,5"]|636148143428590000|13:45:42:859
62|1.1|636147900411218845|780b75|49547.859375|17.82206132598|106.77442899666|640074|467047||49547.859375|280||27931.25|280|49547.859375|780b75|CSN0361|0|2688|0|||3|3|0|1|1|132|178|["132,178,5,1865","132,146,5,1824","132,162,5"]|636148143478590000|13:45:47:859
62|1.1|636147900461143837|780b75|49552.859375|17.81583861038|106.7646872281|639058|466326||49552.859375|280||27918.75|280|49552.859375|780b75|CSN0361|0|2688|0|||3|3|0|1|1|132|178|["132,178,5,1865","132,146,5,1824","132,162,5"]|636148143528590000|13:45:52:859
62|1.1|636147900511068829|780b75|49557.8359375|17.80987875087|106.75463968817|638008|465634||49557.8359375|280||27881.25|280|49557.8359375|780b75|CSN0361|0|2688|0|||3|3|0|1|1|132|178|["132,178,5,1865","132,146,5,1824","132,162,5"]|636148143578360000|13:45:57:836
62|1.1|636147900560993821|780b75|49562.8359375|17.80413883217|106.74464042793|636962|464966||49562.8359375|280||27862.5|280|49562.8359375|780b75|CSN0361|0|2688|0|||3|3|0|1|1|132|178|["132,178,5,1865","132,146,5,1824","132,162,5"]|636148143628360000|13:46:02:836
62|1.1|636147900610918813|780b75|49567.8203125|17.79854911695|106.73471626943|635924|464316||49567.8203125|280||27831.25|280|49567.8203125|780b75|CSN0361|0|2688|0|||3|3|0|1|1|132|163|["132,178,5,1865","132,146,5,1824","132,162,5"]|636148143678200000|13:46:07:820
62|1.1|636147900660843805|780b75|49572.8203125|17.79081363773|106.7256879674|634988|463429||49572.8203125|280||27987.5|280|49572.8203125|780b75|CSN0361|0|2688|0|||3|3|0|1|1|132|163|["132,178,5,1865","132,146,5,1824","132,162,5"]|636148143728200000|13:46:12:820
62|1.1|636147900710748795|780b75|49577.8203125|17.78496106642|106.71596765648|633972|462750||49577.8203125|280||27993.75|280|49577.8203125|780b75|CSN0361|0|2688|0|||3|3|0|1|1|132|178|["132,178,5,1865","132,146,5,1824","132,162,5"]|636148143778200000|13:46:17:820
62|1.1|636147900760673787|780b75|49582.796875|17.77918359685|106.70638682022|632971|462079||49582.796875|280||27968.75|280|49582.796875|780b75|CSN0361|0|2688|0|||3|3|0|1|1|132|178|["132,178,5,1865","132,146,5,1824","132,162,5"]|636148143827970000|13:46:22:797
62|1.1|636147900810598779|780b75|49587.796875|17.7733095679|106.69684889924|631975|461398||49587.796875|280||27912.5|280|49587.796875|780b75|CSN0361|0|2688|0|||3|3|0|1|1|132|178|["132,178,5,1865","132,146,5,1824","132,162,5"]|636148143877970000|13:46:27:797
62|1.1|636147900860523771|780b75|49592.78125|17.7676232933|106.68735389354|630982|460739||49592.78125|280||27862.5|280|49592.78125|780b75|CSN0361|0|2688|0|||3|3|0|1|1|132|178|["132,178,5,1865","132,146,5,1824","132,162,5"]|636148143927810000|13:46:32:781
62|1.1|636147900910438762|780b75|49597.78125|17.76131474714|106.67830413387|630039|460011||49597.78125|280||27812.5|280|49597.78125|780b75|CSN0361|0|2688|0|||3|3|0|1|1|132|178|["132,178,5,1865","132,146,5,1824","132,162,5"]|636148143977810000|13:46:37:781
62|1.1|636147900960383756|780b75|49602.78125|17.75532270117|106.66922755215|629092|459319||49602.78125|280||27762.5|280|49602.78125|780b75|CSN0361|0|2688|0|||3|3|0|1|1|132|178|["132,178,5,1865","132,146,5,1824","132,162,5"]|636148144027810000|13:46:42:781
62|1.1|636147901010268744|780b75|49607.7578125|17.74743701847|106.66079469963|628219|458417||49607.7578125|280||27981.25|280|49607.7578125|780b75|CSN0361|0|2688|0|||3|3|0|1|1|132|163|["132,178,5,1865","132,146,5,1824","132,162,5"]|636148144077580000|13:46:47:758
62|1.1|636147901060223739|780b75|49612.7578125|17.74156298952|106.65126214306|627223|457737||49612.7578125|280||27975|280|49612.7578125|780b75|CSN0361|0|2688|0|||3|3|0|1|1|132|178|["132,178,5,1865","132,146,5,1824","132,162,5"]|636148144127580000|13:46:52:758
62|1.1|636147901109978714|780b75|49617.7421875|17.73549584181|106.64196025612|626252|457036||49617.7421875|280||27962.5|280|49617.7421875|780b75|CSN0361|0|2688|0|||3|3|0|1|1|132|178|["132,178,5,1865","132,146,5,1824","132,162,5"]|636148144177420000|13:46:57:742
62|1.1|636147901160043720|780b75|49622.7421875|17.72879032931|106.63318408136|625339|456265||49622.7421875|280||27987.5|280|49622.7421875|780b75|CSN0361|0|2688|0|||3|3|0|1|1|132|163|["132,178,5,1865","132,146,5,1824","132,162,5"]|636148144227420000|13:47:02:742
62|1.1|636147901209968712|780b75|49627.7421875|17.72287338508|106.62461175418|624445|455583||49627.7421875|280||27987.5|280|49627.7421875|780b75|CSN0361|0|2688|0|||3|3|0|1|1|132|163|["132,178,5,1865","132,146,5,1824","132,162,5"]|636148144277420000|13:47:07:742
62|1.1|636147901259873702|780b75|49632.71875|17.71710127992|106.61568001153|623512|454915||49632.71875|280||27968.75|280|49632.71875|780b75|CSN0361|0|2688|0|||3|3|0|1|1|132|178|["132,178,5,1865","132,146,5,1824","132,162,5"]|636148144327190000|13:47:12:719
62|1.1|636147901309658680|780b75|49637.71875|17.71084637786|106.60638885341|622543|454193||49637.71875|280||27987.5|280|49637.71875|780b75|CSN0361|0|2688|0|||3|3|0|1|1|132|178|["132,178,5,1865","132,146,5,1824","132,162,5"]|636148144377190000|13:47:17:719
62|1.1|636147901359573671|780b75|49642.6953125|17.70494552686|106.5968348392|621544|453510||49642.6953125|280||27981.25|280|49642.6953125|780b75|CSN0361|0|2688|0|||3|3|0|1|1|132|178|["132,178,5,1865","132,146,5,1824","132,162,5"]|636148144426950000|13:47:22:695
62|1.1|636147901409508664|780b75|49647.6953125|17.69837412461|106.58699114685|620516|452751||49647.6953125|280||28006.25|280|49647.6953125|780b75|CSN0361|0|2688|0|||3|3|0|1|1|132|163|["132,178,5,1865","132,146,5,1824","132,162,5"]|636148144476950000|13:47:27:695
62|1.1|636147901459433656|780b75|49652.6953125|17.69264493473|106.57813987035|619592|452089||49652.6953125|280||27987.5|280|49652.6953125|780b75|CSN0361|0|2688|0|||3|3|0|1|1|132|163|["132,178,5,1865","132,146,5,1824","132,162,5"]|636148144526950000|13:47:32:695
62|1.1|636147901509338646|780b75|49657.6796875|17.68666898199|106.56878433931|618614|451398||49657.6796875|280||27981.25|280|49657.6796875|780b75|CSN0361|0|2688|0|||3|3|0|1|1|132|178|["132,178,5,1865","132,146,5,1824","132,162,5"]|636148144576800000|13:47:37:680
62|1.1|636147901559273639|780b75|49662.6796875|17.68077885981|106.55904793516|617596|450716||49662.6796875|280||27956.25|280|49662.6796875|780b75|CSN0361|0|2688|0|||3|3|0|1|1|132|178|["132,178,5,1865","132,146,5,1824","132,162,5"]|636148144626800000|13:47:42:680
62|1.1|636147901609178629|780b75|49667.65625|17.67478681384|106.54942418362|616590|450023||49667.65625|280||27931.25|280|49667.65625|780b75|CSN0361|0|2688|0|||3|3|0|1|1|132|178|["132,178,5,1865","132,146,5,1824","132,162,5"]|636148144676560000|13:47:47:656
62|1.1|636147901659113622|780b75|49672.65625|17.66893424253|106.53990772028|615594|449345||49672.65625|280||27881.25|280|49672.65625|780b75|CSN0361|0|2688|0|||3|3|0|1|1|132|178|["132,178,5,1865","132,146,5,1824","132,162,5"]|636148144726560000|13:47:52:656
62|1.1|636147901709028613|780b75|49677.65625|17.66208389096|106.53013912967|614576|448556||49677.65625|280||27981.25|280|49677.65625|780b75|CSN0361|0|2688|0|||3|3|0|1|1|132|163|["132,178,5,1865","132,146,5,1824","132,162,5"]|636148144776560000|13:47:57:656
62|1.1|636147901758953605|780b75|49682.640625|17.65570024306|106.52073531894|613594|447820||49682.640625|280||27993.75|280|49682.640625|780b75|CSN0361|0|2688|0|||3|3|0|1|1|132|163|["132,178,5,1865","132,146,5,1824","132,162,5"]|636148144826410000|13:48:02:641
62|1.1|636147901808888598|780b75|49687.640625|17.64972965473|106.51107401653|612584|447129||49687.640625|280||28000|280|49687.640625|780b75|CSN0361|0|2688|0|||3|3|0|1|1|132|178|["132,178,5,1865","132,146,5,1824","132,162,5"]|636148144876410000|13:48:07:641
62|1.1|636147901858813590|780b75|49692.6171875|17.64324944745|106.50248559612|611689|446384||49692.6171875|280||27981.25|280|49692.6171875|780b75|CSN0361|0|2688|0|||3|3|0|1|1|132|178|["132,178,5,1865","132,146,5,1824","132,162,5"]|636148144926170000|13:48:12:617
62|1.1|636147901908728581|780b75|49697.6171875|17.6373754185|106.49279747166|610675|445704||49697.6171875|280||27975|280|49697.6171875|780b75|CSN0361|0|2688|0|||3|3|0|1|1|132|178|["132,178,5,1865","132,146,5,1824","132,162,5"]|636148144976170000|13:48:17:617
62|1.1|636147901958643572|780b75|49702.6171875|17.63173205918|106.48526584002|609890|445056||49702.6171875|280||27987.5|280|49702.6171875|780b75|CSN0361|0|2688|0|||3|3|0|1|1|132|147|["132,178,5,1865","132,146,5,1824","132,162,5"]|636148145026170000|13:48:22:617
62|1.1|636147902008558563|780b75|49707.6015625|17.62545033507|106.4757064614|608892|444331||49707.6015625|280||28000|280|49707.6015625|780b75|CSN0361|0|2688|0|||3|3|0|1|1|132|178|["132,178,5,1865","132,146,5,1824","132,162,5"]|636148145076020000|13:48:27:602
62|1.1|636147902058473554|780b75|49712.6015625|17.61938318736|106.46639921005|607919|443631||49712.6015625|280||28000|280|49712.6015625|780b75|CSN0361|0|2688|0|||3|3|0|1|1|132|178|["132,178,5,1865","132,146,5,1824","132,162,5"]|636148145126020000|13:48:32:602
62|1.1|636147902108408547|780b75|49717.578125|17.61348770077|106.45665207708|606899|442949||49717.578125|280||28000|280|49717.578125|780b75|CSN0361|0|2688|0|||3|3|0|1|1|132|178|["132,178,5,1865","132,146,5,1824","132,162,5"]|636148145175780000|13:48:37:578
62|1.1|636147902158333539|780b75|49722.578125|17.60750638362|106.44697468144|605886|442257||49722.578125|280||27975|280|49722.578125|780b75|CSN0361|0|2688|0|||3|3|0|1|1|132|147|["132,178,5,1865","132,146,5,1824","132,162,5"]|636148145225780000|13:48:42:578
62|1.1|636147902208248530|780b75|49727.578125|17.60165381231|106.43700224325|604842|441578||49727.578125|280||27925|280|49727.578125|780b75|CSN0361|0|2688|0|||3|3|0|1|1|132|178|["132,178,5,1865","132,146,5,1824","132,162,5"]|636148145275780000|13:48:47:578
62|1.1|636147902258173522|780b75|49732.5625|17.59533990174|106.42898781471|604008|440855||49732.5625|280||27956.25|280|49732.5625|780b75|CSN0361|0|2688|0|||3|3|0|1|1|132|147|["132,178,5,1865","132,146,5,1824","132,162,5"]|636148145325630000|13:48:52:563
62|1.1|636147902308108515|780b75|49737.5625|17.5890957285|106.42068370803|603142|440138||49737.5625|280||27981.25|280|49737.5625|780b75|CSN0361|0|2688|0|||3|3|0|1|1|132|147|["132,178,5,1865","132,146,5,1824","132,162,5"]|636148145375630000|13:48:57:563
62|1.1|636147902358023506|780b75|49742.5390625|17.58313586899|106.41168759246|602202|439451||49742.5390625|280||27981.25|280|49742.5390625|780b75|CSN0361|0|2688|0|||3|3|0|1|1|132|147|["132,178,5,1865","132,146,5,1824","132,162,5"]|636148145425390000|13:49:02:539
62|1.1|636147902407948498|780b75|49747.5390625|17.57709017892|106.40247690049|601239|438754||49747.5390625|280||27993.75|280|49747.5390625|780b75|CSN0361|0|2688|0|||3|3|0|1|1|132|178|["132,178,5,1865","132,146,5,1824","132,162,5"]|636148145475390000|13:49:07:539
62|1.1|636147902457853488|780b75|49752.5390625|17.5709640227|106.39313209827|600262|438047||49752.5390625|280||27993.75|280|49752.5390625|780b75|CSN0361|0|2688|0|||3|3|0|1|1|132|147|["132,178,5,1865","132,146,5,1824","132,162,5"]|636148145525390000|13:49:12:539
62|1.1|636147902507778480|780b75|49757.515625|17.56452136629|106.38339032971|599244|437304||49757.515625|280||28018.75|280|49757.515625|780b75|CSN0361|0|2688|0|||3|3|0|1|1|132|147|["132,178,5,1865","132,146,5,1824","132,162,5"]|636148145575160000|13:49:17:516
62|1.1|636147902557703472|780b75|49762.515625|17.55852395591|106.37365392556|598224|436611||49762.515625|280||28031.25|280|49762.515625|780b75|CSN0361|0|2688|0|||3|3|0|1|1|132|178|["132,178,5,1865","132,146,5,1824","132,162,5"]|636148145625160000|13:49:22:516
62|1.1|636147902607618463|780b75|49767.5|17.55232269795|106.36468463204|597287|435897||49767.5|280||27993.75|280|49767.5|780b75|CSN0361|0|2688|0|||3|3|0|1|1|132|178|["132,178,5,1865","132,146,5,1824","132,162,5"]|636148145675000000|13:49:27:500
62|1.1|636147902657553456|780b75|49772.5|17.54608925353|106.35561341473|596340|435180||49772.5|280||27987.5|280|49772.5|780b75|CSN0361|0|2688|0|||3|3|0|1|1|132|178|["132,178,5,1865","132,146,5,1824","132,162,5"]|636148145725000000|13:49:32:500
62|1.1|636147902707458446|780b75|49777.5|17.53942665631|106.34585555294|595320|434413||49777.5|280||28006.25|280|49777.5|780b75|CSN0361|0|2688|0|||3|3|0|1|1|132|178|["132,178,5,1865","132,146,5,1824","132,162,5"]|636148145775000000|13:49:37:500
62|1.1|636147902757383438|780b75|49782.4765625|17.53345070357|106.33604404705|594293|433722||49782.4765625|280||28006.25|280|49782.4765625|780b75|CSN0361|0|2688|0|||3|3|0|1|1|132|178|["132,178,5,1865","132,146,5,1824","132,162,5"]|636148145824770000|13:49:42:477
62|1.1|636147902807308430|780b75|49787.4765625|17.52753912375|106.32724641465|593373|433041||49787.4765625|280||27987.5|280|49787.4765625|780b75|CSN0361|0|2688|0|||3|3|0|1|1|132|147|["132,178,5,1865","132,146,5,1824","132,162,5"]|636148145874770000|13:49:47:477
62|1.1|636147902857233422|780b75|49792.4609375|17.52154707778|106.31786942597|592392|432350||49792.4609375|280||27987.5|280|49792.4609375|780b75|CSN0361|0|2688|0|||3|3|0|1|1|132|163|["132,178,5,1865","132,146,5,1824","132,162,5"]|636148145924610000|13:49:52:461
62|1.1|636147902907148413|780b75|49797.4609375|17.51514197224|106.30836369145|591398|431612||49797.4609375|280||28000|280|49797.4609375|780b75|CSN0361|0|2688|0|||3|3|0|1|1|132|178|["132,178,5,1865","132,146,5,1824","132,162,5"]|636148145974610000|13:49:57:461
62|1.1|636147902957063404|780b75|49802.4609375|17.50897826515|106.29887405016|590405|430902||49802.4609375|280||28006.25|280|49802.4609375|780b75|CSN0361|0|2688|0|||3|3|0|1|1|132|178|["132,178,5,1865","132,146,5,1824","132,162,5"]|636148146024610000|13:50:02:461
62|1.1|636147903006998397|780b75|49807.4375|17.50301840564|106.28979746844|589456|430215||49807.4375|280||27993.75|280|49807.4375|780b75|CSN0361|0|2688|0|||3|3|0|1|1|132|178|["132,178,5,1865","132,146,5,1824","132,162,5"]|636148146074380000|13:50:07:438
62|1.1|636147903056913388|780b75|49812.4375|17.49687079178|106.28068870026|588503|429507||49812.4375|280||27993.75|280|49812.4375|780b75|CSN0361|0|2688|0|||3|3|0|1|1|132|178|["132,178,5,1865","132,146,5,1824","132,162,5"]|636148146124380000|13:50:12:438
62|1.1|636147903106828379|780b75|49817.421875|17.49052469475|106.27104349108|587494|428776||49817.421875|280||28000|280|49817.421875|780b75|CSN0361|0|2688|0|||3|3|0|1|1|132|178|["132,178,5,1865","132,146,5,1824","132,162,5"]|636148146174220000|13:50:17:422
62|1.1|636147903156763372|780b75|49822.421875|17.48439317412|106.2618274347|586530|428070||49822.421875|280||27993.75|280|49822.421875|780b75|CSN0361|0|2688|0|||3|3|0|1|1|132|178|["132,178,5,1865","132,146,5,1824","132,162,5"]|636148146224220000|13:50:22:422
62|1.1|636147903206678363|780b75|49827.421875|17.47797197535|106.25194619148|585496|427330||49827.421875|280||28012.5|280|49827.421875|780b75|CSN0361|0|2688|0|||3|3|0|1|1|132|178|["132,178,5,1865","132,146,5,1824","132,162,5"]|636148146274220000|13:50:27:422
62|1.1|636147903256603355|780b75|49832.3984375|17.47143275956|106.24178063453|584432|426577||49832.3984375|280||28018.75|280|49832.3984375|780b75|CSN0361|0|2688|0|||3|3|0|1|1|132|163|["132,178,5,1865","132,146,5,1824","132,162,5"]|636148146323980000|13:50:32:398
62|1.1|636147903306538348|780b75|49837.3984375|17.46542462036|106.2320549592|583413|425883||49837.3984375|280||28037.5|280|49837.3984375|780b75|CSN0361|0|2688|0|||3|3|0|1|1|132|178|["132,178,5,1865","132,146,5,1824","132,162,5"]|636148146373980000|13:50:37:398
62|1.1|636147903356443338|780b75|49842.375|17.45922872681|106.2231500386|582482|425171||49842.375|280||27993.75|280|49842.375|780b75|CSN0361|0|2688|0|||3|3|0|1|1|132|178|["132,178,5,1865","132,146,5,1824","132,162,5"]|636148146423750000|13:50:42:375
62|1.1|636147903406358329|780b75|49847.375|17.45322058761|106.21427194005|581553|424480||49847.375|280||27975|280|49847.375|780b75|CSN0361|0|2688|0|||3|3|0|1|1|132|147|["132,178,5,1865","132,146,5,1824","132,162,5"]|636148146473750000|13:50:47:375
62|1.1|636147903456293322|780b75|49852.375|17.44685303294|106.205125621|580597|423748||49852.375|280||27981.25|280|49852.375|780b75|CSN0361|0|2688|0|||3|3|0|1|1|132|178|["132,178,5,1865","132,146,5,1824","132,162,5"]|636148146523750000|13:50:52:375
62|1.1|636147903506208313|780b75|49857.359375|17.44083952933|106.19556087797|579595|423055||49857.359375|280||27975|280|49857.359375|780b75|CSN0361|0|2688|0|||3|3|0|1|1|132|178|["132,178,5,1865","132,146,5,1824","132,162,5"]|636148146573590000|13:50:57:359
62|1.1|636147903556143306|780b75|49862.359375|17.43474019516|106.18593712643|578587|422352||49862.359375|280||27968.75|280|49862.359375|780b75|CSN0361|0|2688|0|||3|3|0|1|1|132|178|["132,178,5,1865","132,146,5,1824","132,162,5"]|636148146623590000|13:51:02:359
62|1.1|636147903606048296|780b75|49867.3359375|17.42852820838|106.17629191725|577577|421636||49867.3359375|280||27956.25|280|49867.3359375|780b75|CSN0361|0|2688|0|||3|3|0|1|1|132|178|["132,178,5,1865","132,146,5,1824","132,162,5"]|636148146673360000|13:51:07:336
62|1.1|636147903655973288|780b75|49872.3359375|17.42274000999|106.16633020788|576532|420967||49872.3359375|280||27931.25|280|49872.3359375|780b75|CSN0361|0|2688|0|||3|3|0|1|1|132|178|["132,178,5,1865","132,146,5,1824","132,162,5"]|636148146723360000|13:51:12:336
62|1.1|636147903705888279|780b75|49877.3359375|17.41585210755|106.15677082926|575533|420176||49877.3359375|280||27993.75|280|49877.3359375|780b75|CSN0361|0|2688|0|||3|3|0|1|1|132|178|["132,178,5,1865","132,146,5,1824","132,162,5"]|636148146773360000|13:51:17:336
62|1.1|636147903755823272|780b75|49882.3203125|17.40980641748|106.14723827269|574534|419480||49882.3203125|280||27987.5|280|49882.3203125|780b75|CSN0361|0|2688|0|||3|3|0|1|1|132|178|["132,178,5,1865","132,146,5,1824","132,162,5"]|636148146823200000|13:51:22:320
62|1.1|636147903805738263|780b75|49887.3203125|17.40377682064|106.13890734396|573663|418788||49887.3203125|280||27968.75|280|49887.3203125|780b75|CSN0361|0|2688|0|||3|3|0|1|1|132|178|["132,178,5,1865","132,146,5,1824","132,162,5"]|636148146873200000|13:51:27:320
62|1.1|636147903855663255|780b75|49892.296875|17.39782768995|106.12926749919|572653|418102||49892.296875|280||27950|280|49892.296875|780b75|CSN0361|0|2688|0|||3|3|0|1|1|132|178|["132,178,5,1865","132,146,5,1824","132,162,5"]|636148146922970000|13:51:32:297
62|1.1|636147903905588247|780b75|49897.296875|17.39173372019|106.11965984088|571646|417400||49897.296875|280||27937.5|280|49897.296875|780b75|CSN0361|0|2688|0|||3|3|0|1|1|132|178|["132,178,5,1865","132,146,5,1824","132,162,5"]|636148146972970000|13:51:37:297
62|1.1|636147903955513239|780b75|49902.296875|17.38509794502|106.11099095432|570741|416641||49902.296875|280||27981.25|280|49902.296875|780b75|CSN0361|0|2688|0|||3|3|0|1|1|132|163|["132,178,5,1865","132,146,5,1824","132,162,5"]|636148147022970000|13:51:42:297
62|1.1|636147904005428230|780b75|49907.28125|17.37901470408|106.10157105036|569754|415940||49907.28125|280||27981.25|280|49907.28125|780b75|CSN0361|0|2688|0|||3|3|0|1|1|132|178|["132,178,5,1865","132,146,5,1824","132,162,5"]|636148147072810000|13:51:47:281
62|1.1|636147904055343221|780b75|49912.28125|17.3726954291|106.09291289262|568849|415216||49912.28125|280||27987.5|280|49912.28125|780b75|CSN0361|0|2688|0|||3|3|0|1|1|132|147|["132,178,5,1865","132,146,5,1824","132,162,5"]|636148147122810000|13:51:52:281
62|1.1|636147904105268213|780b75|49917.2578125|17.36655854406|106.08354663276|567868|414510||49917.2578125|280||27987.5|280|49917.2578125|780b75|CSN0361|0|2688|0|||3|3|0|1|1|132|178|["132,178,5,1865","132,146,5,1824","132,162,5"]|636148147172580000|13:51:57:258
62|1.1|636147904155193205|780b75|49922.2578125|17.36074352362|106.07357955898|566822|413838||49922.2578125|280||27981.25|280|49922.2578125|780b75|CSN0361|0|2688|0|||3|3|0|1|1|132|178|["132,178,5,1865","132,146,5,1824","132,162,5"]|636148147222580000|13:52:02:258
62|1.1|636147904205128198|780b75|49927.2578125|17.35486413026|106.06349983259|565764|413159||49927.2578125|280||27975|280|49927.2578125|780b75|CSN0361|0|2688|0|||3|3|0|1|1|132|178|["132,178,5,1865","132,146,5,1824","132,162,5"]|636148147272580000|13:52:07:258
62|1.1|636147904255033188|780b75|49932.2421875|17.34897400808|106.05341474179|564705|412479||49932.2421875|280||28000|280|49932.2421875|780b75|CSN0361|0|2688|0|||3|3|0|1|1|132|178|["132,178,5,1865","132,146,5,1824","132,162,5"]|636148147322420000|13:52:12:242
62|1.1|636147904304958180|780b75|49937.2421875|17.34336283522|106.04336720186|563650|411829||49937.2421875|280||27962.5|280|49937.2421875|780b75|CSN0361|0|2688|0|||3|3|0|1|1|132|178|["132,178,5,1865","132,146,5,1824","132,162,5"]|636148147372420000|13:52:17:242
62|1.1|636147904354873171|780b75|49942.21875|17.33757463683|106.0336254333|562627|411162||49942.21875|280||27937.5|280|49942.21875|780b75|CSN0361|0|2688|0|||3|3|0|1|1|132|178|["132,178,5,1865","132,146,5,1824","132,162,5"]|636148147422190000|13:52:22:219
62|1.1|636147904404808164|780b75|49947.21875|17.33192054869|106.02384611387|561600|410508||49947.21875|280||27925|280|49947.21875|780b75|CSN0361|0|2688|0|||3|3|0|1|1|132|178|["132,178,5,1865","132,146,5,1824","132,162,5"]|636148147472190000|13:52:27:219
62|1.1|636147904454713154|780b75|49952.21875|17.32617526558|106.01400242152|560567|409845||49952.21875|280||27918.75|280|49952.21875|780b75|CSN0361|0|2688|0|||3|3|0|1|1|132|178|["132,178,5,1865","132,146,5,1824","132,162,5"]|636148147522190000|13:52:32:219
62|1.1|636147904504638146|780b75|49957.1953125|17.32034951632|106.00435184793|559554|409173||49957.1953125|280||27918.75|280|49957.1953125|780b75|CSN0361|0|2688|0|||3|3|0|1|1|132|178|["132,178,5,1865","132,146,5,1824","132,162,5"]|636148147571950000|13:52:37:195
62|1.1|636147904554573139|780b75|49962.1953125|17.31449694501|105.99481392695|558554|408499||49962.1953125|280||27906.25|280|49962.1953125|780b75|CSN0361|0|2688|0|||3|3|0|1|1|132|178|["132,178,5,1865","132,146,5,1824","132,162,5"]|636148147621950000|13:52:42:195
62|1.1|636147904604488130|780b75|49967.1796875|17.30861755165|105.98515262454|557540|407821||49967.1796875|280||27918.75|280|49967.1796875|780b75|CSN0361|0|2688|0|||3|3|0|1|1|132|178|["132,178,5,1865","132,146,5,1824","132,162,5"]|636148147671800000|13:52:47:180
62|1.1|636147904654413122|780b75|49972.1796875|17.30324241283|105.97503534728|556476|407198||49972.1796875|280||27943.75|280|49972.1796875|780b75|CSN0361|0|2688|0|||3|3|0|1|1|132|178|["132,178,5,1865","132,146,5,1824","132,162,5"]|636148147721800000|13:52:52:180
62|1.1|636147904704338114|780b75|49977.1796875|17.29687485816|105.96798114813|555741|406474||49977.1796875|280||27956.25|280|49977.1796875|780b75|CSN0361|0|2688|0|||3|3|0|1|1|132|178|["132,178,5,1865","132,146,5,1824","132,162,5"]|636148147771800000|13:52:57:180
62|1.1|636147904754253105|780b75|49982.15625|17.29052876113|105.9586309815|554762|405745||49982.15625|280||27987.5|280|49982.15625|780b75|CSN0361|0|2688|0|||3|3|0|1|1|132|178|["132,178,5,1865","132,146,5,1824","132,162,5"]|636148147821560000|13:53:02:156
62|1.1|636147904804188098|780b75|49987.15625|17.28495513914|105.94864245008|553712|405101||49987.15625|280||28000|280|49987.15625|780b75|CSN0361|0|2688|0|||3|3|0|1|1|132|178|["132,178,5,1865","132,146,5,1824","132,162,5"]|636148147871560000|13:53:07:156
62|1.1|636147904854093088|780b75|49992.140625|17.27937615274|105.93967852097|552771|404459||49992.140625|280||27987.5|280|49992.140625|780b75|CSN0361|0|2688|0|||3|3|0|1|1|132|178|["132,178,5,1865","132,146,5,1824","132,162,5"]|636148147921410000|13:53:12:141
62|1.1|636147904904018080|780b75|49997.140625|17.27285303018|105.92999576092|551757|403710||49997.140625|280||28006.25|280|49997.140625|780b75|CSN0361|0|2688|0|||3|3|0|1|1|132|178|["132,178,5,1865","132,146,5,1824","132,162,5"]|636148147971410000|13:53:17:141
62|1.1|636147904953943072|780b75|50002.140625|17.26700045887|105.92040956025|550750|403036||50002.140625|280||28000|280|50002.140625|780b75|CSN0361|0|2688|0|||3|3|0|1|1|132|178|["132,178,5,1865","132,146,5,1824","132,162,5"]|636148148021410000|13:53:22:141
62|1.1|636147905003858063|780b75|50007.1171875|17.26125517576|105.91080726635|549742|402374||50007.1171875|280||28000|280|50007.1171875|780b75|CSN0361|0|2688|0|||3|3|0|1|1|132|178|["132,178,5,1865","132,146,5,1824","132,162,5"]|636148148071170000|13:53:27:117
62|1.1|636147905053793056|780b75|50012.1171875|17.25587467253|105.90143564208|548757|401753||50012.1171875|280||27981.25|280|50012.1171875|780b75|CSN0361|0|2688|0|||3|3|0|1|1|132|178|["132,178,5,1865","132,146,5,1824","132,162,5"]|636148148121170000|13:53:32:117
62|1.1|636147905103698046|780b75|50017.1015625|17.250333237|105.89221422129|547789|401114||50017.1015625|280||27975|280|50017.1015625|780b75|CSN0361|0|2688|0|||3|3|0|1|1|132|178|["132,178,5,1865","132,146,5,1824","132,162,5"]|636148148171020000|13:53:37:102
62|1.1|636147905153633039|780b75|50022.1015625|17.24434655544|105.88146394365|546658|400422||50022.1015625|280||28018.75|280|50022.1015625|780b75|CSN0361|0|2688|0|||3|3|0|1|1|132|178|["132,178,5,1865","132,146,5,1824","132,162,5"]|636148148221020000|13:53:42:102
62|1.1|636147905203558031|780b75|50027.1015625|17.23862272997|105.87145395459|545607|399762||50027.1015625|280||28025|280|50027.1015625|780b75|CSN0361|0|2688|0|||3|3|0|1|1|132|178|["132,178,5,1865","132,146,5,1824","132,162,5"]|636148148271020000|13:53:47:102
62|1.1|636147905253473022|780b75|50032.078125|17.23298473506|105.86147078758|544557|399111||50032.078125|280||28037.5|280|50032.078125|780b75|CSN0361|0|2688|0|||3|3|0|1|1|132|178|["132,178,5,1865","132,146,5,1824","132,162,5"]|636148148320780000|13:53:52:078
62|1.1|636147905303388013|780b75|50037.078125|17.22714825698|105.85323105382|543694|398442||50037.078125|280||27981.25|280|50037.078125|780b75|CSN0361|0|2688|0|||3|3|0|1|1|132|178|["132,178,5,1865","132,146,5,1824","132,162,5"]|636148148370780000|13:53:57:078
62|1.1|636147905353313005|780b75|50042.0625|17.22142979592|105.84411692123|542737|397785||50042.0625|280||27981.25|280|50042.0625|780b75|CSN0361|0|2688|0|||3|3|0|1|1|132|178|["132,178,5,1865","132,146,5,1824","132,162,5"]|636148148420630000|13:54:02:063
62|1.1|636147905403247998|780b75|50047.0625|17.21521244473|105.83404792366|541680|397070||50047.0625|280||28006.25|280|50047.0625|780b75|CSN0361|0|2688|0|||3|3|0|1|1|132|178|["132,178,5,1865","132,146,5,1824","132,162,5"]|636148148470630000|13:54:07:063
62|1.1|636147905453152988|780b75|50052.0625|17.20918284789|105.8234478495|540565|396374||50052.0625|280||28037.5|280|50052.0625|780b75|CSN0361|0|2688|0|||3|3|0|1|1|132|178|["132,178,5,1865","132,146,4,1824","132,162,5"]|636148148520630000|13:54:12:063
62|1.1|636147905503067979|780b75|50057.0390625|17.2033946495|105.81345395367|539515|395707||50057.0390625|280||28056.25|277.25|50057.0390625|780b75|CSN0361|0|2688|0|||3|3|0|1|1|132|178|["132,178,5,1865","132,146,4,1824","132,162,5"]|636148148570390000|13:54:17:039
62|1.1|636147905553002972|780b75|50062.0390625|17.19715584067|105.8040286853|538526|394991||50062.0390625|280||28012.5|277.25|50062.0390625|780b75|CSN0361|0|2688|0|||3|3|0|1|1|132|178|["132,178,5,1865","132,146,5,1840","132,162,5"]|636148148620390000|13:54:22:039
62|1.1|636147905602917963|780b75|50067.015625|17.19158758309|105.79393823009|537465|394348||50067.015625|280||28018.75|277.25|50067.015625|780b75|CSN0361|0|2688|0|||3|3|0|1|1|132|178|["132,178,5,1865","132,146,5,1840","132,162,5"]|636148148670160000|13:54:27:016
62|1.1|636147905652842955|780b75|50072.015625|17.18591740172|105.78588088627|536620|393699||50072.015625|280||27975|277.25|50072.015625|780b75|CSN0361|0|2688|0|||3|3|0|1|1|132|178|["132,178,5,1865","132,146,5,1840","132,162,5"]|636148148720160000|13:54:32:016
62|1.1|636147905702767947|780b75|50077.015625|17.18040815265|105.77660582138|535645|393064||50077.015625|280||27962.5|277.25|50077.015625|780b75|CSN0361|0|2688|0|||3|3|0|1|1|132|178|["132,178,5,1865","132,146,5,1840","132,162,5"]|636148148770160000|13:54:37:016
62|1.1|636147905752692939|780b75|50082|17.17433564053|105.76668702729|534603|392366||50082|280||27993.75|277.25|50082|780b75|CSN0361|0|2688|0|||3|3|0|1|1|132|178|["132,178,5,1865","132,146,5,1840","132,162,5"]|636148148820000000|13:54:42:000
62|1.1|636147905802627932|780b75|50087|17.168794205|105.75734222507|533621|391728||50087|280||27987.5|277.25|50087|780b75|CSN0361|0|2688|0|||3|3|0|1|1|132|178|["132,178,5,1865","132,146,5,1840","132,162,5"]|636148148870000000|13:54:47:000
62|1.1|636147905852532922|780b75|50091.9765625|17.16309720158|105.74803497372|532643|391073||50091.9765625|280||27987.5|277.25|50091.9765625|780b75|CSN0361|0|2688|0|||3|3|0|1|1|132|178|["132,178,5,1865","132,146,5,1840","132,162,5"]|636148148919770000|13:54:51:977
62|1.1|636147905902447913|780b75|50096.9765625|17.15737337611|105.73854533243|531646|390415||50096.9765625|280||27987.5|277.25|50096.9765625|780b75|CSN0361|0|2688|0|||3|3|0|1|1|132|178|["132,178,5,1865","132,146,5,1840","132,162,5"]|636148148969770000|13:54:56:977
62|1.1|636147905952382906|780b75|50101.9765625|17.15156908449|105.72913079288|530656|389747||50101.9765625|280||27993.75|277.25|50101.9765625|780b75|CSN0361|0|2688|0|||3|3|0|1|1|132|178|["132,178,5,1865","132,146,5,1840","132,162,5"]|636148149019770000|13:55:01:977
62|1.1|636147906002287896|780b75|50106.9609375|17.14541610622|105.71899205798|529591|389040||50106.9609375|280||28012.5|277.25|50106.9609375|780b75|CSN0361|0|2688|0|||3|3|0|1|1|132|178|["132,178,5,1865","132,146,5,1840","132,162,5"]|636148149069610000|13:55:06:961
62|1.1|636147906052222889|780b75|50111.9609375|17.1393435941|105.70921810296|528564|388342||50111.9609375|280||28000|277.25|50111.9609375|780b75|CSN0361|0|2688|0|||3|3|0|1|1|132|147|["132,178,5,1865","132,146,5,1840","132,162,5"]|636148149119610000|13:55:11:961
62|1.1|636147906102137880|780b75|50116.9375|17.13364122627|105.69973919049|527567|387686||50116.9375|280||28006.25|277.25|50116.9375|780b75|CSN0361|0|2688|0|||3|3|0|1|1|132|178|["132,178,5,1865","132,146,5,1840","132,162,5"]|636148149169380000|13:55:16:938
62|1.1|636147906152052871|780b75|50121.9375|17.12782620583|105.68986331168|526529|387017||50121.9375|280||28012.5|277.25|50121.9375|780b75|CSN0361|0|2688|0|||3|3|0|1|1|132|178|["132,178,5,1865","132,146,5,1840","132,162,5"]|636148149219380000|13:55:21:938
62|1.1|636147906201977863|780b75|50126.9375|17.12209165154|105.68056142474|525551|386358||50126.9375|280||27993.75|277.25|50126.9375|780b75|CSN0361|0|2688|0|||3|3|0|1|1|132|178|["132,178,5,1865","132,146,5,1840","132,162,5"]|636148149269380000|13:55:26:938
62|1.1|636147906251902855|780b75|50131.921875|17.11639464812|105.671366826|524585|385704||50131.921875|280||27987.5|277.25|50131.921875|780b75|CSN0361|0|2688|0|||3|3|0|1|1|132|178|["132,178,5,1865","132,146,5,1840","132,162,5"]|636148149319220000|13:55:31:922
62|1.1|636147906301817846|780b75|50136.921875|17.11022021221|105.66128709961|523525|384994||50136.921875|280||28000|277.25|50136.921875|780b75|CSN0361|0|2688|0|||3|3|0|1|1|132|178|["132,178,5,1865","132,146,5,1840","132,162,5"]|636148149369220000|13:55:36:922
62|1.1|636147906351752839|780b75|50141.8984375|17.10405650512|105.65024714383|522363|384284||50141.8984375|280||28025|277.25|50141.8984375|780b75|CSN0361|0|2688|0|||3|3|0|1|1|132|178|["132,178,5,1865","132,146,5,1840","132,162,5"]|636148149418980000|13:55:41:898
62|1.1|636147906401667830|780b75|50146.8984375|17.0980376371|105.64017814626|521304|383591||50146.8984375|280||28025|277.25|50146.8984375|780b75|CSN0361|0|2688|0|||3|3|0|1|1|132|178|["132,178,5,1865","132,146,5,1840","132,162,5"]|636148149468980000|13:55:46:898
62|1.1|636147906451582821|780b75|50151.8984375|17.09204559113|105.63064558969|520302|382904||50151.8984375|280||27993.75|277.25|50151.8984375|780b75|CSN0361|0|2688|0|||3|3|0|1|1|132|147|["132,178,5,1865","132,146,5,1840","132,162,5"]|636148149518980000|13:55:51:898
62|1.1|636147906501507813|780b75|50156.875|17.08642368945|105.62171921145|519364|382259||50156.875|280||27981.25|277.25|50156.875|780b75|CSN0361|0|2688|0|||3|3|0|1|1|132|163|["132,178,5,1865","132,146,5,1840","132,162,5"]|636148149568750000|13:55:56:875
62|1.1|636147906551432805|780b75|50161.875|17.08086616069|105.61282501967|518429|381621||50161.875|280||27975|277.25|50161.875|780b75|CSN0361|0|2688|0|||3|3|0|1|1|132|178|["132,178,5,1865","132,146,5,1840","132,162,5"]|636148149618750000|13:56:01:875
62|1.1|636147906601357797|780b75|50166.859375|17.07490630118|105.60283648825|517379|380936||50166.859375|280||27993.75|277.25|50166.859375|780b75|CSN0361|0|2688|0|||3|3|0|1|1|132|178|["132,178,5,1865","132,146,5,1840","132,162,5"]|636148149668590000|13:56:06:859
62|1.1|636147906651272788|780b75|50171.859375|17.06889816198|105.5927245754|516314|380245||50171.859375|280||28006.25|277.25|50171.859375|780b75|CSN0361|0|2688|0|||3|3|0|1|1|132|178|["132,178,5,1865","132,146,5,1840","132,162,5"]|636148149718590000|13:56:11:859
62|1.1|636147906701197780|780b75|50176.859375|17.0629007516|105.58293452715|515285|379557||50176.859375|280||28006.25|277.25|50176.859375|780b75|CSN0361|0|2688|0|||3|3|0|1|1|132|178|["132,178,5,1865","132,146,5,1840","132,162,5"]|636148149768590000|13:56:16:859
62|1.1|636147906751122772|780b75|50181.8359375|17.05737004489|105.57404569978|514350|378922||50181.8359375|280||27987.5|277.25|50181.8359375|780b75|CSN0361|0|2688|0|||3|3|0|1|1|132|178|["132,178,5,1865","132,146,5,1840","132,162,5"]|636148149818360000|13:56:21:836
62|1.1|636147906801037763|780b75|50186.8359375|17.05159793973|105.56447559234|513343|378259||50186.8359375|280||27968.75|277.25|50186.8359375|780b75|CSN0361|0|2688|0|||3|3|0|1|1|132|178|["132,178,5,1865","132,146,5,1840","132,162,5"]|636148149868360000|13:56:26:836
62|1.1|636147906850972756|780b75|50191.8203125|17.04588484308|105.55493767136|512340|377603||50191.8203125|280||27968.75|277.25|50191.8203125|780b75|CSN0361|0|2688|0|||3|3|0|1|1|132|178|["132,178,5,1865","132,146,5,1840","132,162,5"]|636148149918200000|13:56:31:820
62|1.1|636147906900877746|780b75|50196.8203125|17.04019856848|105.5449813264|511292|376948||50196.8203125|280||27950|277.25|50196.8203125|780b75|CSN0361|0|2688|0|||3|3|0|1|1|132|178|["132,178,5,1865","132,146,5,1840","132,162,5"]|636148149968200000|13:56:36:820
62|1.1|636147906950802738|780b75|50201.8203125|17.03449620065|105.53506253231|510247|376292||50201.8203125|280||27956.25|277.25|50201.8203125|780b75|CSN0361|0|2688|0|||3|3|0|1|1|132|178|["132,178,5,1865","132,146,5,1840","132,162,5"]|636148150018200000|13:56:41:820
62|1.1|636147907000737731|780b75|50206.796875|17.02841295971|105.5252939417|509220|375595||50206.796875|280||27981.25|277.25|50206.796875|780b75|CSN0361|0|2688|0|||3|3|0|1|1|132|178|["132,178,5,1865","132,146,5,1840","132,162,5"]|636148150067970000|13:56:46:797
62|1.1|636147907050642721|780b75|50211.796875|17.02296271915|105.51536441879|508174|374967||50211.796875|280||27975|277.25|50211.796875|780b75|CSN0361|0|2688|0|||3|3|0|1|1|132|162|["132,178,5,1865","132,146,5,1840","132,162,5"]|636148150117970000|13:56:51:797
62|1.1|636147907100577714|780b75|50216.78125|17.0173569107|105.50555827731|507141|374322||50216.78125|280||27975|277.25|50216.78125|780b75|CSN0361|0|2688|0|||3|3|0|1|1|132|178|["132,178,5,1865","132,146,5,1840","132,162,5"]|636148150167810000|13:56:56:781
62|1.1|636147907150492705|780b75|50221.78125|17.01139168678|105.49613837335|506150|373638||50221.78125|280||27975|277.25|50221.78125|780b75|CSN0361|0|2688|0|||3|3|0|1|1|132|178|["132,178,5,1865","132,146,5,1840","132,162,5"]|636148150217810000|13:57:01:781
62|1.1|636147907200427698|780b75|50226.78125|17.00551229342|105.48647170653|505133|372964||50226.78125|280||27981.25|277.25|50226.78125|780b75|CSN0361|0|2688|0|||3|3|0|1|1|132|178|["132,178,5,1865","132,146,5,1840","132,162,5"]|636148150267810000|13:57:06:781
62|1.1|636147907250332688|780b75|50231.7578125|16.99965972211|105.47684259058|504120|372292||50231.7578125|280||27993.75|277.25|50231.7578125|780b75|CSN0361|0|2688|0|||3|3|0|1|1|132|162|["132,178,5,1865","132,146,5,1840","132,162,5"]|636148150317580000|13:57:11:758
62|1.1|636147907300257680|780b75|50236.7578125|16.99373204906|105.46718665258|503103|371612||50236.7578125|280||28012.5|277.25|50236.7578125|780b75|CSN0361|0|2688|0|||3|3|0|1|1|132|178|["132,178,5,1865","132,146,5,1840","132,162,5"]|636148150367580000|13:57:16:758
62|1.1|636147907350172671|780b75|50241.7421875|16.98766490135|105.45760045191|502095|370917||50241.7421875|280||28043.75|277.25|50241.7421875|780b75|CSN0361|0|2688|0|||3|3|0|1|1|132|178|["132,178,5,1865","132,146,5,1840","132,162,5"]|636148150417420000|13:57:21:742
62|1.1|636147907400097663|780b75|50246.7421875|16.98198399116|105.44782649689|501066|370264||50246.7421875|280||28037.5|277.25|50246.7421875|780b75|CSN0361|0|2688|0|||3|3|0|1|1|132|162|["132,178,5,1865","132,146,5,1840","132,162,5"]|636148150467420000|13:57:26:742
62|1.1|636147907450022655|780b75|50251.7421875|16.97553060593|105.4395170258|500194|369529||50251.7421875|280||27975|277.25|50251.7421875|780b75|CSN0361|0|2688|0|||3|3|0|1|1|132|147|["132,178,5,1865","132,146,5,1840","132,162,5"]|636148150517420000|13:57:31:742
62|1.1|636147907499947647|780b75|50256.71875|16.9702573909|105.43170108043|499373|368926||50256.71875|280||27975|277.25|50256.71875|780b75|CSN0361|0|2688|0|||3|3|0|1|1|132|147|["132,178,5,1865","132,146,5,1840","132,162,5"]|636148150567190000|13:57:36:719
62|1.1|636147907549862638|780b75|50261.71875|16.96418487878|105.42241528672|498396|368231||50261.71875|280||27987.5|277.25|50261.71875|780b75|CSN0361|0|2688|0|||3|3|0|1|1|132|163|["132,178,5,1865","132,146,5,1840","132,162,5"]|636148150617190000|13:57:41:719
62|1.1|636147907599787630|780b75|50266.6953125|16.95838595157|105.41345672202|497454|367568||50266.6953125|280||28000|277.25|50266.6953125|780b75|CSN0361|0|2688|0|||3|3|0|1|1|132|162|["132,178,5,1865","132,146,5,1840","132,162,5"]|636148150666950000|13:57:46:695
62|1.1|636147907649712622|780b75|50271.6953125|16.95244218529|105.40387052135|496445|366886||50271.6953125|280||28006.25|277.25|50271.6953125|780b75|CSN0361|0|2688|0|||3|3|0|1|1|132|162|["132,178,5,1865","132,146,5,1840","132,162,5"]|636148150716950000|13:57:51:695
62|1.1|636147907699637614|780b75|50276.6953125|16.94629457143|105.39412338838|495419|366182||50276.6953125|280||28012.5|277.25|50276.6953125|780b75|CSN0361|0|2688|0|||3|3|0|1|1|132|162|["132,178,5,1865","132,146,5,1840","132,162,5"]|636148150766950000|13:57:56:695
62|1.1|636147907749562606|780b75|50281.6796875|16.94042590689|105.38365742447|494316|365508||50281.6796875|280||28000|277.25|50281.6796875|780b75|CSN0361|0|2688|0|||3|3|0|1|1|132|147|["132,178,5,1865","132,146,5,1840","132,162,5"]|636148150816800000|13:58:01:680
62|1.1|636147907799467596|780b75|50286.6796875|16.93527070888|105.37491343617|493395|364916||50286.6796875|280||28000|277.25|50286.6796875|780b75|CSN0361|0|2688|0|||3|3|0|1|1|132|162|["132,178,5,1865","132,146,5,1840","132,162,5"]|636148150866800000|13:58:06:680
62|1.1|636147907849392588|780b75|50291.65625|16.92904799328|105.36478543009|492328|364203||50291.65625|280||27993.75|277.25|50291.65625|780b75|CSN0361|0|2688|0|||3|3|0|1|1|132|163|["132,178,5,1865","132,146,5,1840","132,162,5"]|636148150916560000|13:58:11:656
62|1.1|636147907899317580|780b75|50296.65625|16.92377477825|105.35618091645|491422|363599||50296.65625|280||28000|277.25|50296.65625|780b75|CSN0361|0|2688|0|||3|3|0|1|1|132|162|["132,178,5,1865","132,146,5,1840","132,162,5"]|636148150966560000|13:58:16:656
62|1.1|636147907949242572|780b75|50301.65625|16.91796512222|105.34684147864|490439|362933||50301.65625|280||28000|277.25|50301.65625|780b75|CSN0361|0|2688|0|||3|3|0|1|1|132|162|["132,178,5,1865","132,146,5,1840","132,162,5"]|636148151016560000|13:58:21:656
62|1.1|636147907999177565|780b75|50306.640625|16.91212327973|105.33731428648|489436|362264||50306.640625|280||28000|277.25|50306.640625|780b75|CSN0361|0|2688|0|||3|3|0|1|1|132|162|["132,178,5,1865","132,146,5,1840","132,162,5"]|636148151066410000|13:58:26:641
62|1.1|636147908049082555|780b75|50311.640625|16.90592202177|105.3270789922|488357|361553||50311.640625|280||28018.75|277.25|50311.640625|780b75|CSN0361|0|2688|0|||3|3|0|1|1|132|162|["132,178,5,1865","132,146,5,1840","132,162,5"]|636148151116410000|13:58:31:641
62|1.1|636147908099007547|780b75|50316.6171875|16.90006408605|105.31726748631|487324|360881||50316.6171875|280||28025|277.25|50316.6171875|780b75|CSN0361|0|2688|0|||3|3|0|1|1|132|162|["132,178,5,1865","132,146,5,1840","132,162,5"]|636148151166170000|13:58:36:617
62|1.1|636147908148932539|780b75|50321.6171875|16.89432416735|105.30796023496|486343|360224||50321.6171875|280||27993.75|277.25|50321.6171875|780b75|CSN0361|0|2688|0|||3|3|0|1|1|132|162|["132,178,5,1865","132,146,5,1840","132,162,5"]|636148151216170000|13:58:41:617
62|1.1|636147908198867532|780b75|50326.6171875|16.88851987573|105.29797170354|485291|359558||50326.6171875|280||27993.75|277.25|50326.6171875|780b75|CSN0361|0|2688|0|||3|3|0|1|1|132|162|["132,178,5,1865","132,146,5,1840","132,162,5"]|636148151266170000|13:58:46:617
62|1.1|636147908248762521|780b75|50331.6015625|16.88224888044|105.28798853653|484239|358840||50331.6015625|280||28006.25|277.25|50331.6015625|780b75|CSN0361|0|2688|0|||3|3|0|1|1|132|162|["132,178,5,1865","132,146,5,1840","132,162,5"]|636148151316020000|13:58:51:602
62|1.1|636147908298707515|780b75|50336.6015625|16.87644458882|105.27798927629|483185|358174||50336.6015625|280||28018.75|277.25|50336.6015625|780b75|CSN0361|0|2688|0|||3|3|0|1|1|132|162|["132,178,5,1865","132,146,5,1840","132,162,5"]|636148151366020000|13:58:56:602
62|1.1|636147908348772521|780b75|50341.578125|16.87089778888|105.2689824319|482236|357539||50341.578125|280||27987.5|277.25|50341.578125|780b75|CSN0361|0|2688|0|||3|3|0|1|1|132|162|["132,178,5,1865","132,146,5,1840","132,162,5"]|636148151415780000|13:59:01:578
62|1.1|636147908398537497|780b75|50346.578125|16.86525979397|105.26043692677|481336|356895||50346.578125|280||27987.5|277.25|50346.578125|780b75|CSN0361|0|2688|0|||3|3|0|1|1|132|162|["132,178,5,1865","132,146,5,1840","132,162,5"]|636148151465780000|13:59:06:578
62|1.1|636147908448462489|780b75|50351.578125|16.85950378204|105.25121550598|480365|356236||50351.578125|280||27987.5|277.25|50351.578125|780b75|CSN0361|0|2688|0|||3|3|0|1|1|132|163|["132,178,5,1865","132,146,5,1840","132,162,5"]|636148151515780000|13:59:11:578
62|1.1|636147908498377480|780b75|50356.5625|16.85369412601|105.2416239409|479355|355571||50356.5625|280||27993.75|277.25|50356.5625|780b75|CSN0361|0|2688|0|||3|3|0|1|1|132|162|["132,178,5,1865","132,146,5,1840","132,162,5"]|636148151565630000|13:59:16:563
62|1.1|636147908548292471|780b75|50361.5625|16.84788446998|105.23231132514|478373|354906||50361.5625|280||28000|277.25|50361.5625|780b75|CSN0361|0|2688|0|||3|3|0|1|1|132|162|["132,178,5,1865","132,146,5,1840","132,162,5"]|636148151615630000|13:59:21:563
62|1.1|636147908598237465|780b75|50366.5390625|16.84214991569|105.22269830242|477360|354249||50366.5390625|280||28000|277.25|50366.5390625|780b75|CSN0361|0|2688|0|||3|3|0|1|1|132|162|["132,178,5,1865","132,146,5,1840","132,162,5"]|636148151665390000|13:59:26:539
62|1.1|636147908648142455|780b75|50371.5390625|16.83585209835|105.21245227932|476280|353528||50371.5390625|280||28012.5|277.25|50371.5390625|780b75|CSN0361|0|2688|0|||3|3|0|1|1|132|162|["132,178,5,1865","132,146,5,1840","132,162,5"]|636148151715390000|13:59:31:539
62|1.1|636147908697917432|780b75|50376.5390625|16.83004780673|105.20255494287|475236|352863||50376.5390625|280||28031.25|277.25|50376.5390625|780b75|CSN0361|0|2688|0|||3|3|0|1|1|132|162|["132,178,5,1865","132,146,5,1840","132,162,5"]|636148151765390000|13:59:36:539
62|1.1|636147908747982438|780b75|50381.515625|16.82421132865|105.19260932673|474188|352194||50381.515625|280||28043.75|277.25|50381.515625|780b75|CSN0361|0|2688|0|||3|3|0|1|1|132|162|["132,178,5,1865","132,146,5,1840","132,162,5"]|636148151815160000|13:59:41:516
62|1.1|636147908797757415|780b75|50386.515625|16.81842849467|105.18387606725|473268|351534||50386.515625|280||27993.75|277.25|50386.515625|780b75|CSN0361|0|2688|0|||3|3|0|1|1|132|162|["132,178,5,1865","132,146,5,1840","132,162,5"]|636148151865160000|13:59:46:516
62|1.1|636147908847852424|780b75|50391.5|16.81272612684|105.17455272267|472285|350881||50391.5|280||27987.5|277.25|50391.5|780b75|CSN0361|0|2688|0|||3|3|0|1|1|132|162|["132,178,5,1865","132,146,5,1840","132,162,5"]|636148151915000000|13:59:51:500
62|1.1|636147908897607399|780b75|50396.5|16.80651414006|105.16447299628|471222|350171||50396.5|280||28000|277.25|50396.5|780b75|CSN0361|0|2688|0|||3|3|0|1|1|132|162|["132,178,5,1865","132,146,5,1840","132,162,5"]|636148151965000000|13:59:56:500
62|1.1|636147908947522390|780b75|50401.5|16.80072594167|105.15458102424|470179|349507||50401.5|280||28006.25|277.25|50401.5|780b75|CSN0361|0|2688|0|||3|3|0|1|1|132|162|["132,178,5,1865","132,146,5,1840","132,162,5"]|636148152015000000|14:00:01:500
62|1.1|636147908997437381|780b75|50406.4765625|16.79493774328|105.14471050984|469138|348845||50406.4765625|280||28018.75|277.25|50406.4765625|780b75|CSN0361|0|2688|0|||3|3|0|1|1|132|162|["132,178,5,1865","132,146,5,1840","132,162,5"]|636148152064770000|14:00:06:477
62|1.1|636147909047362373|780b75|50411.4765625|16.78878476501|105.13519941091|468136|348142||50411.4765625|280||28006.25|277.25|50411.4765625|780b75|CSN0361|0|2688|0|||3|3|0|1|1|132|162|["132,178,5,1865","132,146,5,1840","132,162,5"]|636148152114770000|14:00:11:477
62|1.1|636147909097287365|780b75|50416.4609375|16.78283026991|105.12577950695|467143|347461||50416.4609375|280||28000|277.25|50416.4609375|780b75|CSN0361|0|2688|0|||3|3|0|1|1|132|162|["132,178,5,1865","132,146,5,1840","132,162,5"]|636148152164610000|14:00:16:461
62|1.1|636147909147202356|780b75|50421.4609375|16.77725128351|105.11624158597|466137|346822||50421.4609375|280||27993.75|277.25|50421.4609375|780b75|CSN0361|0|2688|0|||3|3|0|1|1|132|162|["132,178,5,1865","132,146,5,1840","132,162,5"]|636148152214610000|14:00:21:461
62|1.1|636147909197127348|780b75|50426.4609375|16.77169375475|105.10725619922|465189|346187||50426.4609375|280||27981.25|277.25|50426.4609375|780b75|CSN0361|0|2688|0|||3|3|0|1|1|132|162|["132,178,5,1865","132,146,5,1840","132,162,5"]|636148152264610000|14:00:26:461
62|1.1|636147909247062341|780b75|50431.4375|16.76618987009|105.09838346508|464254|345558||50431.4375|280||27975|277.25|50431.4375|780b75|CSN0361|0|2688|0|||3|3|0|1|1|132|162|["132,178,5,1865","132,146,5,1840","132,162,5"]|636148152314380000|14:00:31:438
62|1.1|636147909296977332|780b75|50436.4375|16.76053041754|105.08901184081|463265|344910||50436.4375|280||27987.5|277.25|50436.4375|780b75|CSN0361|0|2688|0|||3|3|0|1|1|132|162|["132,178,5,1865","132,146,5,1840","132,162,5"]|636148152364380000|14:00:36:438
62|1.1|636147909346902324|780b75|50441.421875|16.7543935325|105.07928616548|462240|344209||50441.421875|280||28000|277.25|50441.421875|780b75|CSN0361|0|2688|0|||3|3|0|1|1|132|162|["132,178,5,1865","132,146,5,1840","132,162,5"]|636148152414220000|14:00:41:422
62|1.1|636147909396807314|780b75|50446.421875|16.74858387647|105.0696946004|461228|343545||50446.421875|280||28006.25|277.25|50446.421875|780b75|CSN0361|0|2688|0|||3|3|0|1|1|132|162|["132,178,5,1865","132,146,5,1840","132,162,5"]|636148152464220000|14:00:46:422
62|1.1|636147909446742307|780b75|50451.421875|16.74283859336|105.06043562874|460251|342888||50451.421875|280||28000|277.25|50451.421875|780b75|CSN0361|0|2688|0|||3|3|0|1|1|132|162|["132,178,5,1865","132,146,5,1840","132,162,5"]|636148152514220000|14:00:51:422
62|1.1|636147909496817314|780b75|50456.3984375|16.73710940348|105.05101036037|459257|342233||50456.3984375|280||27993.75|277.25|50456.3984375|780b75|CSN0361|0|2688|0|||3|3|0|1|1|132|162|["132,178,5,1865","132,146,5,1840","132,162,5"]|636148152563980000|14:00:56:398
62|1.1|636147909546572289|780b75|50461.3984375|16.73094569639|105.04119349007|458222|341529||50461.3984375|280||28012.5|277.25|50461.3984375|780b75|CSN0361|0|2688|0|||3|3|0|1|1|132|146|["132,178,5,1865","132,146,5,1840","132,162,5"]|636148152613980000|14:01:01:398
62|1.1|636147909596507282|780b75|50466.375|16.72514140477|105.03125323834|457173|340865||50466.375|280||28012.5|277.25|50466.375|780b75|CSN0361|0|2688|0|||3|3|0|1|1|132|162|["132,178,5,1865","132,146,5,1840","132,162,5"]|636148152663750000|14:01:06:375
62|1.1|636147909646412272|780b75|50471.375|16.71885968066|105.02126470692|456119|340147||50471.375|280||28018.75|277.25|50471.375|780b75|CSN0361|0|2688|0|||3|3|0|1|1|132|162|["132,178,5,1865","132,146,5,1840","132,162,5"]|636148152713750000|14:01:11:375
62|1.1|636147909696337264|780b75|50476.375|16.71298565171|105.01158731128|455098|339476||50476.375|280||28025|277.25|50476.375|780b75|CSN0361|0|2688|0|||3|3|0|1|1|132|146|["132,178,5,1865","132,146,5,1840","132,162,5"]|636148152763750000|14:01:16:375
62|1.1|636147909746272257|780b75|50481.359375|16.70695069046|105.00211912763|454099|338787||50481.359375|280||28006.25|277.25|50481.359375|780b75|CSN0361|0|2688|0|||3|3|0|1|1|132|146|["132,178,5,1865","132,146,5,1840","132,162,5"]|636148152813590000|14:01:21:359
62|1.1|636147909796187248|780b75|50486.359375|16.70123759381|104.9930908256|453147|338135||50486.359375|280||27987.5|277.25|50486.359375|780b75|CSN0361|0|2688|0|||3|3|0|1|1|132|162|["132,178,5,1865","132,146,5,1840","132,162,5"]|636148152863590000|14:01:26:359
62|1.1|636147909846112240|780b75|50491.3359375|16.69572298033|104.98427709997|452217|337506||50491.3359375|280||27981.25|277.25|50491.3359375|780b75|CSN0361|0|2688|0|||3|3|0|1|1|132|146|["132,178,5,1865","132,146,5,1840","132,162,5"]|636148152913360000|14:01:31:336
62|1.1|636147909896037232|780b75|50496.3359375|16.69011180747|104.97546873875|451288|336865||50496.3359375|280||27987.5|277.25|50496.3359375|780b75|CSN0361|0|2688|0|||3|3|0|1|1|132|163|["132,178,5,1865","132,146,5,1840","132,162,5"]|636148152963360000|14:01:36:336
62|1.1|636147909945952223|780b75|50501.3359375|16.68435579554|104.96622049591|450312|336208||50501.3359375|280||27975|277.25|50501.3359375|780b75|CSN0361|0|2688|0|||3|3|0|1|1|132|146|["132,178,5,1865","132,146,5,1840","132,162,5"]|636148153013360000|14:01:41:336
62|1.1|636147909995877215|780b75|50506.3203125|16.67852468187|104.9565055494|449287|335542||50506.3203125|280||28000|277.25|50506.3203125|780b75|CSN0361|0|2688|0|||3|3|0|1|1|132|147|["132,178,5,1865","132,146,5,1840","132,162,5"]|636148153063200000|14:01:46:320
62|1.1|636147910045792206|780b75|50511.3203125|16.67268820379|104.94713392513|448298|334875||50511.3203125|280||28000|277.25|50511.3203125|780b75|CSN0361|0|2688|0|||3|3|0|1|1|132|147|["132,178,5,1865","132,146,5,1840","132,162,5"]|636148153113200000|14:01:51:320
62|1.1|636147910095727199|780b75|50516.296875|16.66649231024|104.93732778365|447263|334168||50516.296875|280||28018.75|277.25|50516.296875|780b75|CSN0361|0|2688|0|||3|3|0|1|1|132|146|["132,178,5,1865","132,146,5,1840","132,162,5"]|636148153162970000|14:01:56:297
62|1.1|636147910145632189|780b75|50521.296875|16.66054317955|104.92768793888|446246|333489||50521.296875|280||28025|277.25|50521.296875|780b75|CSN0361|0|2688|0|||3|3|0|1|1|132|146|["132,178,5,1865","132,146,5,1840","132,162,5"]|636148153212970000|14:02:01:297
62|1.1|636147910195557181|780b75|50526.296875|16.65426681985|104.91639049142|445052|332770||50526.296875|280||28025|277.25|50526.296875|780b75|CSN0361|0|2688|0|||3|3|0|1|1|132|163|["132,178,5,1865","132,146,5,1840","132,162,5"]|636148153262970000|14:02:06:297
62|1.1|636147910245482173|780b75|50531.28125|16.6486073673|104.90728708765|444091|332125||50531.28125|280||28000|277.25|50531.28125|780b75|CSN0361|0|2688|0|||3|3|0|1|1|132|163|["132,178,5,1865","132,146,5,1840","132,162,5"]|636148153312810000|14:02:11:281
62|1.1|636147910295397164|780b75|50536.28125|16.64278161804|104.89747021735|443054|331459||50536.28125|280||28000|277.25|50536.28125|780b75|CSN0361|0|2688|0|||3|3|0|1|1|132|146|["132,178,5,1865","132,146,5,1840","132,162,5"]|636148153362810000|14:02:16:281
62|1.1|636147910345332157|780b75|50541.2578125|16.63717580959|104.88887106812|442147|330820||50541.2578125|280||27968.75|277.25|50541.2578125|780b75|CSN0361|0|2688|0|||3|3|0|1|1|132|146|["132,178,5,1865","132,146,5,1840","132,162,5"]|636148153412580000|14:02:21:258
62|1.1|636147910395247148|780b75|50546.2578125|16.63137151797|104.87977839317|441187|330158||50546.2578125|280||27993.75|277.25|50546.2578125|780b75|CSN0361|0|2688|0|||3|3|0|1|1|132|163|["132,178,5,1865","132,146,5,1840","132,162,5"]|636148153462580000|14:02:26:258
62|1.1|636147910445162139|780b75|50551.2578125|16.62556186194|104.87028875188|440185|329495||50551.2578125|280||27987.5|277.25|50551.2578125|780b75|CSN0361|0|2688|0|||3|3|0|1|1|132|146|["132,178,5,1865","132,146,5,1840","132,162,5"]|636148153512580000|14:02:31:258
62|1.1|636147910495097132|780b75|50556.2421875|16.61982730765|104.86057380537|439159|328840||50556.2421875|280||27987.5|277.25|50556.2421875|780b75|CSN0361|0|2688|0|||3|3|0|1|1|132|146|["132,178,5,1865","132,146,5,1840","132,162,5"]|636148153562420000|14:02:36:242
62|1.1|636147910545012123|780b75|50561.2421875|16.61413566864|104.85141139309|438191|328191||50561.2421875|280||27993.75|277.25|50561.2421875|780b75|CSN0361|0|2688|0|||3|3|0|1|1|132|147|["132,178,5,1865","132,146,5,1840","132,162,5"]|636148153612420000|14:02:41:242
62|1.1|636147910594927114|780b75|50566.21875|16.60798805478|104.84166426012|437162|327490||50566.21875|280||28006.25|277.25|50566.21875|780b75|CSN0361|0|2688|0|||3|3|0|1|1|132|146|["132,178,5,1865","132,146,5,1840","132,162,5"]|636148153662190000|14:02:46:219
62|1.1|636147910644852106|780b75|50571.21875|16.6022588649|104.8322658138|436169|326836||50571.21875|280||28000|277.25|50571.21875|780b75|CSN0361|0|2688|0|||3|3|0|1|1|132|147|["132,178,5,1865","132,146,5,1840","132,162,5"]|636148153712190000|14:02:51:219
62|1.1|636147910694777098|780b75|50576.21875|16.59655649707|104.82276544369|435166|326185||50576.21875|280||27993.75|277.25|50576.21875|780b75|CSN0361|0|2688|0|||3|3|0|1|1|132|146|["132,178,5,1865","132,146,5,1840","132,162,5"]|636148153762190000|14:02:56:219
62|1.1|636147910744692089|780b75|50581.1953125|16.5908326716|104.81353865849|434191|325532||50581.1953125|280||27993.75|277.25|50581.1953125|780b75|CSN0361|0|2688|0|||3|3|0|1|1|132|163|["132,178,5,1865","132,146,5,1840","132,162,5"]|636148153811950000|14:03:01:195
62|1.1|636147910794617081|780b75|50586.1953125|16.5846636001|104.80371642378|433154|324829||50586.1953125|280||28006.25|277.25|50586.1953125|780b75|CSN0361|0|2688|0|||3|3|0|1|1|132|163|["132,178,5,1865","132,146,5,1840","132,162,5"]|636148153861950000|14:03:06:195
62|1.1|636147910844552074|780b75|50591.1796875|16.57893977463|104.79429115541|432158|324176||50591.1796875|280||28000|277.25|50591.1796875|780b75|CSN0361|0|2688|0|||3|3|0|1|1|132|147|["132,178,5,1865","132,146,5,1840","132,162,5"]|636148153911800000|14:03:11:180
62|1.1|636147910894467065|780b75|50596.1796875|16.57317839829|104.78527894661|431207|323519||50596.1796875|280||27993.75|277.25|50596.1796875|780b75|CSN0361|0|2688|0|||3|3|0|1|1|132|147|["132,178,5,1865","132,146,5,1840","132,162,5"]|636148153961800000|14:03:16:180
62|1.1|636147910944382056|780b75|50601.1796875|16.5672292676|104.77604143259|430231|322842||50601.1796875|280||27993.75|277.25|50601.1796875|780b75|CSN0361|0|2688|0|||3|3|0|1|1|132|146|["132,178,5,1865","132,146,5,1840","132,162,5"]|636148154011800000|14:03:21:180
62|1.1|636147910994317049|780b75|50606.15625|16.56120503517|104.76683074062|429259|322156||50606.15625|280||27993.75|277.25|50606.15625|780b75|CSN0361|0|2688|0|||3|3|0|1|1|132|146|["132,178,5,1865","132,146,5,1840","132,162,5"]|636148154061560000|14:03:26:156
62|1.1|636147911044222039|780b75|50611.15625|16.55433859037|104.75797946412|428327|321378||50611.15625|280||28000|277.25|50611.15625|780b75|CSN0361|0|2688|0|||3|3|0|1|1|132|163|["132,178,5,1865","132,146,5,1840","132,162,5"]|636148154111560000|14:03:31:156
62|1.1|636147911094167033|780b75|50616.140625|16.54737022178|104.74837717022|427314|320587||50616.140625|280||28018.75|277.25|50616.140625|780b75|CSN0361|0|2688|0|||3|3|0|1|1|132|163|["132,178,5,1865","132,146,5,1840","132,162,5"]|636148154161410000|14:03:36:141
62|1.1|636147911144062022|780b75|50621.140625|16.53959182728|104.73985312273|426419|319708||50621.140625|280||28025|277.25|50621.140625|780b75|CSN0361|0|2688|0|||3|3|0|1|1|132|147|["132,178,5,1865","132,146,5,1840","132,162,5"]|636148154211410000|14:03:41:141
62|1.1|636147911193997015|780b75|50626.140625|16.53269856043|104.73165630425|425556|318928||50626.140625|280||28006.25|277.25|50626.140625|780b75|CSN0361|0|2688|0|||3|3|0|1|1|132|146|["132,178,5,1865","132,146,5,1840","132,162,5"]|636148154261410000|14:03:46:141
62|1.1|636147911243922007|780b75|50631.1171875|16.52561217482|104.72343266372|424691|318126||50631.1171875|280||27993.75|277.25|50631.1171875|780b75|CSN0361|0|2688|0|||3|3|0|1|1|132|146|["132,178,5,1865","132,146,5,1840","132,162,5"]|636148154311170000|14:03:51:117
62|1.1|636147911293836998|780b75|50636.1171875|16.51843459424|104.7151607435|423821|317315||50636.1171875|280||27993.75|277.25|50636.1171875|780b75|CSN0361|0|2688|0|||3|3|0|1|1|132|146|["132,178,5,1865","132,146,5,1840","132,162,5"]|636148154361170000|14:03:56:117
62|1.1|636147911343751989|780b75|50641.1015625|16.51125164925|104.70693710297|422956|316503||50641.1015625|280||27993.75|277.25|50641.1015625|780b75|CSN0361|0|2688|0|||3|3|0|1|1|132|146|["132,178,5,1865","132,146,5,1840","132,162,5"]|636148154411020000|14:04:01:102
62|1.1|636147911393696983|780b75|50646.1015625|16.50303337313|104.69826821641|422046|315575||50646.1015625|280||28006.25|277.25|50646.1015625|780b75|CSN0361|0|2688|0|||3|3|0|1|1|132|163|["132,178,5,1865","132,146,5,1840","132,162,5"]|636148154461020000|14:04:06:102
62|1.1|636147911443601973|780b75|50651.1015625|16.49546419062|104.68911653295|421082|314719||50651.1015625|280||28018.75|277.25|50651.1015625|780b75|CSN0361|0|2688|0|||3|3|0|1|1|132|146|["132,178,5,1865","132,146,5,1840","132,162,5"]|636148154511020000|14:04:11:102
62|1.1|636147911493516964|780b75|50656.078125|16.48811494892|104.68010432415|420133|313887||50656.078125|280||28025|277.25|50656.078125|780b75|CSN0361|0|2688|0|||3|3|0|1|1|132|146|["132,178,5,1865","132,146,5,1840","132,162,5"]|636148154560780000|14:04:16:078
62|1.1|636147911543441956|780b75|50661.078125|16.48126459735|104.67218645499|419300|313113||50661.078125|280||27993.75|277.25|50661.078125|780b75|CSN0361|0|2688|0|||3|3|0|1|1|132|146|["132,178,5,1865","132,146,5,1840","132,162,5"]|636148154610780000|14:04:21:078
62|1.1|636147911593366948|780b75|50666.0625|16.47459127131|104.66476747596|418520|312359||50666.0625|280||27981.25|277.25|50666.0625|780b75|CSN0361|0|2688|0|||3|3|0|1|1|132|163|["132,178,5,1865","132,146,5,1840","132,162,5"]|636148154660630000|14:04:26:063
62|1.1|636147911643291940|780b75|50671.0625|16.46763899595|104.65688179326|417690|311573||50671.0625|280||27981.25|277.25|50671.0625|780b75|CSN0361|0|2688|0|||3|3|0|1|1|132|147|["132,178,5,1865","132,146,5,1840","132,162,5"]|636148154710630000|14:04:31:063
62|1.1|636147911693206931|780b75|50676.0625|16.4600483558|104.64820754229|416777|310716||50676.0625|280||27993.75|277.25|50676.0625|780b75|CSN0361|0|2688|0|||3|3|0|1|1|132|146|["132,178,5,1865","132,146,5,1840","132,162,5"]|636148154760630000|14:04:36:063
62|1.1|636147911743131923|780b75|50681.0390625|16.45251672416|104.6391470538|415823|309864||50681.0390625|280||28018.75|277.25|50681.0390625|780b75|CSN0361|0|2688|0|||3|3|0|1|1|132|146|["132,178,5,1865","132,146,5,1840","132,162,5"]|636148154810390000|14:04:41:039
62|1.1|636147911793046914|780b75|50686.0390625|16.4450280078|104.63056936221|414920|309018||50686.0390625|280||28012.5|277.75|50686.0390625|780b75|CSN0361|0|2688|0|||3|3|0|1|1|132|146|["132,178,5,1865","132,146,5,1840","132,162,5"]|636148154860390000|14:04:46:039
62|1.1|636147911842971906|780b75|50691.015625|16.43774313902|104.62193802652|414011|308194||50691.015625|280||28025|277.75|50691.015625|780b75|CSN0361|0|2688|0|||3|3|0|1|1|132|146|["132,178,5,1865","132,146,5,1840","132,162,5"]|636148154910160000|14:04:51:016
62|1.1|636147911892896898|780b75|50696.015625|16.4310268977|104.61433665755|413211|307436||50696.015625|280||27987.5|277.75|50696.015625|780b75|CSN0361|0|2688|0|||3|3|0|1|1|132|147|["132,178,5,1865","132,146,5,1840","132,162,5"]|636148154960160000|14:04:56:016
62|1.1|636147911942821890|780b75|50701.015625|16.42428383433|104.60662263597|412399|306674||50701.015625|280||27987.5|277.75|50701.015625|780b75|CSN0361|0|2688|0|||3|3|0|1|1|132|147|["132,178,5,1865","132,146,5,1840","132,162,5"]|636148155010160000|14:05:01:016
62|1.1|636147911992736881|780b75|50706|16.4171867199|104.59809858848|411501|305872||50706|280||27987.5|277.75|50706|780b75|CSN0361|0|2688|0|||3|3|0|1|1|132|146|["132,178,5,1865","132,146,5,1840","132,162,5"]|636148155060000000|14:05:06:000
62|1.1|636147912042661873|780b75|50711|16.4094619695|104.58926340521|410571|304999||50711|280||28012.5|277.75|50711|780b75|CSN0361|0|2688|0|||3|3|0|1|1|132|146|["132,178,5,1865","132,146,5,1840","132,162,5"]|636148155110000000|14:05:11:000
62|1.1|636147912092586865|780b75|50715.9765625|16.40220928718|104.58069107803|409668|304179||50715.9765625|280||28018.75|277.75|50715.9765625|780b75|CSN0361|0|2688|0|||3|3|0|1|1|132|146|["132,178,5,1865","132,146,5,1840","132,162,5"]|636148155159770000|14:05:15:977
62|1.1|636147912142511857|780b75|50720.9765625|16.39473129964|104.57194172532|408746|303334||50720.9765625|280||28000|277.75|50720.9765625|780b75|CSN0361|0|2688|0|||3|3|0|1|1|132|163|["132,178,5,1865","132,146,5,1840","132,162,5"]|636148155209770000|14:05:20:977
62|1.1|636147912192426848|780b75|50725.9765625|16.38766100726|104.56389511032|407899|302536||50725.9765625|280||27993.75|277.75|50725.9765625|780b75|CSN0361|0|2688|0|||3|3|0|1|1|132|146|["132,178,5,1865","132,146,5,1840","132,162,5"]|636148155259770000|14:05:25:977
62|1.1|636147912242351840|780b75|50730.9609375|16.3806014437|104.55582167327|407049|301738||50730.9609375|280||27987.5|277.75|50730.9609375|780b75|CSN0361|0|2688|0|||3|3|0|1|1|132|146|["132,178,5,1865","132,146,5,1840","132,162,5"]|636148155309610000|14:05:30:961
62|1.1|636147912292266831|780b75|50735.9609375|16.37340240548|104.54740491398|406162|300925||50735.9609375|280||27981.25|277.75|50735.9609375|780b75|CSN0361|0|2688|0|||3|3|0|1|1|132|146|["132,178,5,1865","132,146,5,1840","132,162,5"]|636148155359610000|14:05:35:961
62|1.1|636147912342191823|780b75|50740.9375|16.36620336726|104.53868238332|405243|300111||50740.9375|280||27975|277.75|50740.9375|780b75|CSN0361|0|2688|0|||3|3|0|1|1|132|146|["132,178,5,1865","132,146,5,1840","132,162,5"]|636148155409380000|14:05:40:938
62|1.1|636147912392106814|780b75|50745.9375|16.35843570158|104.52986329328|404314|299234||50745.9375|280||28000|277.75|50745.9375|780b75|CSN0361|0|2688|0|||3|3|0|1|1|132|147|["132,178,5,1865","132,146,5,1840","132,162,5"]|636148155459380000|14:05:45:938
62|1.1|636147912442031806|780b75|50750.9375|16.35122057013|104.52123195759|403404|298419||50750.9375|280||28000|277.75|50750.9375|780b75|CSN0361|0|2688|0|||3|3|0|1|1|132|146|["132,178,5,1865","132,146,5,1840","132,162,5"]|636148155509380000|14:05:50:938
62|1.1|636147912491946797|780b75|50755.921875|16.34345826886|104.51196225711|402427|297542||50755.921875|280||28018.75|277.75|50755.921875|780b75|CSN0361|0|2688|0|||3|3|0|1|1|132|146|["132,178,5,1865","132,146,5,1840","132,162,5"]|636148155559220000|14:05:55:922
62|1.1|636147912541871789|780b75|50760.921875|16.33653281555|104.50400147267|401588|296760||50760.921875|280||27993.75|277.75|50760.921875|780b75|CSN0361|0|2688|0|||3|3|0|1|1|132|146|["132,178,5,1865","132,146,5,1840","132,162,5"]|636148155609220000|14:06:00:922
62|1.1|636147912591796781|780b75|50765.8984375|16.32952153168|104.49606751028|400753|295969||50765.8984375|280||27987.5|277.75|50765.8984375|780b75|CSN0361|0|2688|0|||3|3|0|1|1|132|146|["132,178,5,1865","132,146,5,1840","132,162,5"]|636148155658980000|14:06:05:898
62|1.1|636147912641711772|780b75|50770.8984375|16.32246196812|104.48807990379|399911|295172||50770.8984375|280||27981.25|277.75|50770.8984375|780b75|CSN0361|0|2688|0|||3|3|0|1|1|132|146|["132,178,5,1865","132,146,5,1840","132,162,5"]|636148155708980000|14:06:10:898
62|1.1|636147912691636764|780b75|50775.8984375|16.315316574|104.48031760252|399094|294366||50775.8984375|280||27981.25|277.75|50775.8984375|780b75|CSN0361|0|2688|0|||3|3|0|1|1|132|163|["132,178,5,1865","132,146,5,1840","132,162,5"]|636148155758980000|14:06:15:898
62|1.1|636147912741561756|780b75|50780.875|16.30740943366|104.47074213067|398084|293472||50780.875|280||28018.75|277.75|50780.875|780b75|CSN0361|0|2688|0|||3|3|0|1|1|132|146|["132,178,5,1865","132,146,5,1840","132,162,5"]|636148155808750000|14:06:20:875
62|1.1|636147912791486748|780b75|50785.875|16.29974905618|104.46148315901|397107|292607||50785.875|280||28025|277.75|50785.875|780b75|CSN0361|0|2688|0|||3|3|0|1|1|132|146|["132,178,5,1865","132,146,5,1840","132,162,5"]|636148155858750000|14:06:25:875
62|1.1|636147912841401739|780b75|50790.859375|16.29281823846|104.45371012892|396288|291825||50790.859375|280||28000|277.75|50790.859375|780b75|CSN0361|0|2688|0|||3|3|0|1|1|132|146|["132,178,5,1865","132,146,5,1840","132,162,5"]|636148155908590000|14:06:30:859
62|1.1|636147912891326731|780b75|50795.859375|16.28557628496|104.44504660677|395374|291007||50795.859375|280||28000|277.75|50795.859375|780b75|CSN0361|0|2688|0|||3|3|0|1|1|132|146|["132,178,5,1865","132,146,5,1840","132,162,5"]|636148155958590000|14:06:35:859
62|1.1|636147912941251723|780b75|50800.859375|16.27777106841|104.43598075387|394418|290126||50800.859375|280||28006.25|277.75|50800.859375|780b75|CSN0361|0|2688|0|||3|3|0|1|1|132|163|["132,178,5,1865","132,146,5,1840","132,162,5"]|636148156008590000|14:06:40:859
62|1.1|636147912991166714|780b75|50805.8359375|16.27099581858|104.42834183403|393613|289362||50805.8359375|280||27987.5|277.75|50805.8359375|780b75|CSN0361|0|2688|0|||3|3|0|1|1|132|146|["132,178,5,1865","132,146,5,1840","132,162,5"]|636148156058360000|14:06:45:836
62|1.1|636147913041101707|780b75|50810.8359375|16.26399526353|104.4204937022|392786|288572||50810.8359375|280||27981.25|277.75|50810.8359375|780b75|CSN0361|0|2688|0|||3|3|0|1|1|132|146|["132,178,5,1865","132,146,5,1840","132,162,5"]|636148156108360000|14:06:50:836
62|1.1|636147913091006697|780b75|50815.8203125|16.25640462338|104.41184090887|391874|287716||50815.8203125|280||27993.75|277.75|50815.8203125|780b75|CSN0361|0|2688|0|||3|3|0|1|1|132|146|["132,178,5,1865","132,146,5,1840","132,162,5"]|636148156158200000|14:06:55:820
62|1.1|636147913140941690|780b75|50820.8203125|16.24911439019|104.40333831902|390977|286892||50820.8203125|280||27993.75|277.75|50820.8203125|780b75|CSN0361|0|2688|0|||3|3|0|1|1|132|146|["132,178,5,1865","132,146,5,1840","132,162,5"]|636148156208200000|14:07:00:820
62|1.1|636147913190856681|780b75|50825.8203125|16.24222648775|104.39558674657|390160|286116||50825.8203125|280||27987.5|277.75|50825.8203125|780b75|CSN0361|0|2688|0|||3|3|0|1|1|132|146|["132,178,5,1865","132,146,5,1840","132,162,5"]|636148156258200000|14:07:05:820
62|1.1|636147913240781673|780b75|50830.796875|16.23501672071|104.38714852964|389270|285302||50830.796875|280||27987.5|277.75|50830.796875|780b75|CSN0361|0|2688|0|||3|3|0|1|1|132|146|["132,178,5,1865","132,146,5,1840","132,162,5"]|636148156307970000|14:07:10:797
62|1.1|636147913290696664|780b75|50835.796875|16.22762992814|104.37813095643|388318|284468||50835.796875|280||27993.75|277.75|50835.796875|780b75|CSN0361|0|2688|0|||3|3|0|1|1|132|146|["132,178,5,1865","132,146,5,1840","132,162,5"]|636148156357970000|14:07:15:797
62|1.1|636147913340621656|780b75|50840.78125|16.21995882184|104.36891490005|387345|283602||50840.78125|280||28037.5|277.75|50840.78125|780b75|CSN0361|0|2688|0|||3|3|0|1|1|132|146|["132,178,5,1865","132,146,5,1840","132,162,5"]|636148156407810000|14:07:20:781
62|1.1|636147913390536647|780b75|50845.78125|16.21134894379|104.35870106341|386267|282630||50845.78125|280||28143.75|277.75|50845.78125|780b75|CSN0361|0|2688|0|||3|3|0|1|1|132|146|["132,178,5,1865","132,146,5,1840","132,162,5"]|636148156457810000|14:07:25:781
62|1.1|636147913440461639|780b75|50850.78125|16.20355982047|104.34959229523|385306|281751||50850.78125|280||28193.75|277.75|50850.78125|780b75|CSN0361|0|2688|0|||3|3|0|1|1|132|146|["132,178,5,1865","132,146,5,1840","132,162,5"]|636148156507810000|14:07:30:781
62|1.1|636147913490386631|780b75|50855.7578125|16.19543273932|104.3402421286|384319|280834||50855.7578125|280||28243.75|277.75|50855.7578125|780b75|CSN0361|0|2688|0|||3|3|0|1|1|132|146|["132,178,5,1865","132,146,5,1840","132,162,5"]|636148156557580000|14:07:35:758
62|1.1|636147913540301622|780b75|50860.7578125|16.1879118365|104.33153569117|383401|279986||50860.7578125|280||28243.75|277.75|50860.7578125|780b75|CSN0361|0|2688|0|||3|3|0|1|1|132|146|["132,178,5,1865","132,146,5,1840","132,162,5"]|636148156607580000|14:07:40:758
62|1.1|636147913590226614|780b75|50865.7421875|16.17963455187|104.3218958464|382383|279052||50865.7421875|280||28306.25|277.75|50865.7421875|780b75|CSN0361|0|2688|0|||3|3|0|1|1|132|146|["132,178,5,1865","132,146,5,1840","132,162,5"]|636148156657420000|14:07:45:742
62|1.1|636147913640151606|780b75|50870.7421875|16.17227458135|104.31332888363|381479|278222||50870.7421875|280||28281.25|277.75|50870.7421875|780b75|CSN0361|0|2688|0|||3|3|0|1|1|132|146|["132,178,5,1865","132,146,5,1840","132,162,5"]|636148156707420000|14:07:50:742
62|1.1|636147913690076598|780b75|50875.7421875|16.16493070406|104.3049979549|380600|277394||50875.7421875|280||28231.25|277.75|50875.7421875|780b75|CSN0361|0|2688|0|||3|3|0|1|1|132|146|["132,178,5,1865","132,146,5,1840","132,162,5"]|636148156757420000|14:07:55:742
62|1.1|636147913739991589|780b75|50880.71875|16.15774239466|104.29677967878|379733|276584||50880.71875|280||28187.5|277.75|50880.71875|780b75|CSN0361|0|2688|0|||3|3|0|1|1|132|146|["132,178,5,1865","132,146,5,1840","132,162,5"]|636148156807190000|14:08:00:719
62|1.1|636147913789926582|780b75|50885.71875|16.1510583398|104.28919976745|378933|275830||50885.71875|280||28081.25|277.75|50885.71875|780b75|CSN0361|0|2688|0|||3|3|0|1|1|132|146|["132,178,5,1865","132,146,5,1840","132,162,5"]|636148156857190000|14:08:05:719
62|1.1|636147913839841573|780b75|50890.6953125|16.14399341183|104.28104049984|378072|275034||50890.6953125|280||28037.5|277.75|50890.6953125|780b75|CSN0361|0|2688|0|||3|3|0|1|1|132|147|["132,178,5,1865","132,146,5,1840","132,162,5"]|636148156906950000|14:08:10:695
62|1.1|636147913889766565|780b75|50895.6953125|16.13624183938|104.27220531657|377139|274160||50895.6953125|280||28075|277.75|50895.6953125|780b75|CSN0361|0|2688|0|||3|3|0|1|1|132|146|["132,178,5,1865","132,146,5,1840","132,162,5"]|636148156956950000|14:08:15:695
62|1.1|636147913939691557|780b75|50900.6953125|16.12909644526|104.26394412517|376267|273354||50900.6953125|280||28043.75|277.75|50900.6953125|780b75|CSN0361|0|2688|0|||3|3|0|1|1|132|146|["132,178,5,1865","132,146,5,1840","132,162,5"]|636148157006950000|14:08:20:695
62|1.1|636147913989606548|780b75|50905.6796875|16.121661373|104.25547908619|375373|272516||50905.6796875|280||28050|277.75|50905.6796875|780b75|CSN0361|0|2688|0|||3|3|0|1|1|132|146|["132,178,5,1865","132,146,5,1840","132,162,5"]|636148157056800000|14:08:25:680
62|1.1|636147914039521539|780b75|50910.6796875|16.11668856493|104.25018977793|374816|271956||50910.6796875|280||27975|277.75|50910.6796875|780b75|CSN0361|0|2688|0|||3|3|0|1|1|132|163|["132,178,5,1865","132,146,5,1840","132,162,5"]|636148157106800000|14:08:30:680
62|1.1|636147914089446531|780b75|50915.65625|16.10976847603|104.24206806119|373958|271176||50915.65625|280||27931.25|277.75|50915.65625|780b75|CSN0361|0|2688|0|||3|3|0|1|1|132|147|["132,178,5,1865","132,146,5,1840","132,162,5"]|636148157156560000|14:08:35:656
62|1.1|636147914139371523|780b75|50920.65625|16.10236559023|104.23403217501|373110|270342||50920.65625|280||27968.75|277.75|50920.65625|780b75|CSN0361|0|2688|0|||3|3|0|1|1|132|146|["132,178,5,1865","132,146,5,1840","132,162,5"]|636148157206560000|14:08:40:656
62|1.1|636147914189286514|780b75|50925.65625|16.09560106922|104.22603920411|372266|269580||50925.65625|280||27968.75|277.75|50925.65625|780b75|CSN0361|0|2688|0|||3|3|0|1|1|132|146|["132,178,5,1865","132,146,5,1840","132,162,5"]|636148157256560000|14:08:45:656
62|1.1|636147914239211506|780b75|50930.640625|16.08873998883|104.21816961464|371435|268806||50930.640625|280||27981.25|277.75|50930.640625|780b75|CSN0361|0|2688|0|||3|3|0|1|1|132|146|["132,178,5,1865","132,146,5,1840","132,162,5"]|636148157306410000|14:08:50:641
62|1.1|636147914289136498|780b75|50935.640625|16.08177162024|104.21043413542|370618|268021||50935.640625|280||27987.5|277.75|50935.640625|780b75|CSN0361|0|2688|0|||3|3|0|1|1|132|146|["132,178,5,1865","132,146,5,1840","132,162,5"]|636148157356410000|14:08:55:641
62|1.1|636147914339051489|780b75|50940.6171875|16.07474424314|104.20233924073|369763|267229||50940.6171875|280||27993.75|277.75|50940.6171875|780b75|CSN0361|0|2688|0|||3|3|0|1|1|132|147|["132,178,5,1865","132,146,5,1840","132,162,5"]|636148157406170000|14:09:00:617
62|1.1|636147914388976481|780b75|50945.6171875|16.0673735438|104.19354697274|368834|266398||50945.6171875|280||27987.5|277.75|50945.6171875|780b75|CSN0361|0|2688|0|||3|3|0|1|1|132|146|["132,178,5,1865","132,146,5,1840","132,162,5"]|636148157456170000|14:09:05:617
62|1.1|636147914438901473|780b75|50950.6171875|16.0596487934|104.18452939953|367881|265527||50950.6171875|280||28025|277.75|50950.6171875|780b75|CSN0361|0|2688|0|||3|3|0|1|1|132|146|["132,178,5,1865","132,146,5,1840","132,162,5"]|636148157506170000|14:09:10:617
62|1.1|636147914488816464|780b75|50955.6015625|16.05206351766|104.17560302129|366938|264672||50955.6015625|280||28031.25|277.75|50955.6015625|780b75|CSN0361|0|2688|0|||3|3|0|1|1|132|146|["132,178,5,1865","132,146,5,1840","132,162,5"]|636148157556020000|14:09:15:602
62|1.1|636147914538741456|780b75|50960.6015625|16.042804546|104.16497612508|365815|263629||50960.6015625|280||28143.75|277.75|50960.6015625|780b75|CSN0361|0|2688|0|||3|3|0|1|1|132|146|["132,178,5,1865","132,146,5,1840","132,162,5"]|636148157606020000|14:09:20:602
62|1.1|636147914588666448|780b75|50965.578125|16.03499396504|104.15596928069|364863|262749||50965.578125|280||28137.5|277.75|50965.578125|780b75|CSN0361|0|2688|0|||3|3|0|1|1|132|146|["132,178,5,1865","132,146,5,1840","132,162,5"]|636148157655780000|14:09:25:578
62|1.1|636147914638591440|780b75|50970.578125|16.02708146029|104.14694097866|363909|261858||50970.578125|280||28112.5|277.75|50970.578125|780b75|CSN0361|0|2688|0|||3|3|0|1|1|132|146|["132,178,5,1865","132,146,5,1840","132,162,5"]|636148157705780000|14:09:30:578
62|1.1|636147914688506431|780b75|50975.578125|16.01935134548|104.13815407508|362981|260987||50975.578125|280||28081.25|277.75|50975.578125|780b75|CSN0361|0|2688|0|||3|3|0|1|1|132|146|["132,178,5,1865","132,146,5,1840","132,162,5"]|636148157755780000|14:09:35:578
62|1.1|636147914738431423|780b75|50980.5625|16.01235079043|104.13002162952|362121|260198||50980.5625|280||28050|277.75|50980.5625|780b75|CSN0361|0|2688|0|||3|3|0|1|1|132|146|["132,178,5,1865","132,146,5,1840","132,162,5"]|636148157805630000|14:09:40:563
62|1.1|636147914788356415|780b75|50985.5625|16.00477624351|104.12127764122|361197|259345||50985.5625|280||28056.25|277.75|50985.5625|780b75|CSN0361|0|2688|0|||3|3|0|1|1|132|178|["132,178,5,1865","132,146,5,1840","132,162,5"]|636148157855630000|14:09:45:563
62|1.1|636147914838271406|780b75|50990.5390625|15.99773277318|104.11315056007|360338|258552||50990.5390625|280||28012.5|277.75|50990.5390625|780b75|CSN0361|0|2688|0|||3|3|0|1|1|132|178|["132,178,5,1865","132,146,5,1840","132,162,5"]|636148157905390000|14:09:50:539
62|1.1|636147914888196398|780b75|50995.5390625|15.99099507422|104.10550091141|359529|257793||50995.5390625|280||27943.75|277.75|50995.5390625|780b75|CSN0361|0|2688|0|||3|3|0|1|1|132|146|["132,178,5,1865","132,146,5,1840","132,162,5"]|636148157955390000|14:09:55:539
62|1.1|636147914938111389|780b75|51000.5390625|15.98364583252|104.09690712659|358621|256965||51000.5390625|280||27931.25|277.75|51000.5390625|780b75|CSN0361|0|2688|0|||3|3|0|1|1|132|178|["132,178,5,1865","132,146,5,1840","132,162,5"]|636148158005390000|14:10:00:539
62|1.1|636147914988036381|780b75|51005.515625|15.97635559933|104.08855474022|357738|256144||51005.515625|280||27925|277.75|51005.515625|780b75|CSN0361|0|2688|0|||3|3|0|1|1|132|163|["132,178,5,1865","132,146,5,1840","132,162,5"]|636148158055160000|14:10:05:516
62|1.1|636147915037961373|780b75|51010.515625|15.96916192552|104.08026136236|356861|255334||51010.515625|280||27912.5|277.75|51010.515625|780b75|CSN0361|0|2688|0|||3|3|0|1|1|132|147|["132,178,5,1865","132,146,5,1840","132,162,5"]|636148158105160000|14:10:10:516
62|1.1|636147915087876364|780b75|51015.5|15.96298748961|104.07335736669|356131|254639||51015.5|280||27975|277.75|51015.5|780b75|CSN0361|0|2688|0|||3|3|0|1|1|132|147|["132,178,5,1865","132,146,5,1840","132,162,5"]|636148158155000000|14:10:15:500
62|1.1|636147915137811357|780b75|51020.5|15.95661457053|104.06626025226|355381|253922||51020.5|280||27962.5|277.75|51020.5|780b75|CSN0361|0|2688|0|||3|3|0|1|1|132|178|["132,178,5,1865","132,146,5,1840","132,162,5"]|636148158205000000|14:10:20:500
62|1.1|636147915187726348|780b75|51025.5|15.94950672728|104.05810634906|354519|253121||51025.5|280||27950|277.75|51025.5|780b75|CSN0361|0|2688|0|||3|3|0|1|1|132|178|["132,178,5,1865","132,146,5,1840","132,162,5"]|636148158255000000|14:10:25:500
62|1.1|636147915237641339|780b75|51030.4765625|15.94235060434|104.0497593271|353636|252315||51030.4765625|280||27937.5|277.75|51030.4765625|780b75|CSN0361|0|2688|0|||3|3|0|1|1|132|178|["132,178,5,1865","132,146,5,1840","132,162,5"]|636148158304770000|14:10:30:477
62|1.1|636147915287566331|780b75|51035.4765625|15.93516229494|104.04143376278|352755|251506||51035.4765625|280||27937.5|277.75|51035.4765625|780b75|CSN0361|0|2688|0|||3|3|0|1|1|132|178|["132,178,5,1865","132,146,5,1840","132,162,5"]|636148158354770000|14:10:35:477
62|1.1|636147915337491323|780b75|51040.4609375|15.92821538399|104.03343542747|351909|250724||51040.4609375|280||27906.25|277.75|51040.4609375|780b75|CSN0361|0|2688|0|||3|3|0|1|1|132|178|["132,178,5,1865","132,146,5,1840","132,162,5"]|636148158404610000|14:10:40:461
62|1.1|636147915387406314|780b75|51045.4609375|15.92060865061|104.02483091383|350999|249868||51045.4609375|280||27993.75|277.75|51045.4609375|780b75|CSN0361|0|2688|0|||3|3|0|1|1|132|178|["132,178,5,1865","132,146,5,1840","132,162,5"]|636148158454610000|14:10:45:461
62|1.1|636147915437331306|780b75|51050.4609375|15.91308774779|104.01622103578|350089|249021||51050.4609375|280||28062.5|277.75|51050.4609375|780b75|CSN0361|0|2688|0|||3|3|0|1|1|132|178|["132,178,5,1865","132,146,5,1840","132,162,5"]|636148158504610000|14:10:50:461
62|1.1|636147915487256298|780b75|51055.4375|15.9057975146|104.007863285|349204|248201||51055.4375|280||28075|277.75|51055.4375|780b75|CSN0361|0|2688|0|||3|3|0|1|1|132|163|["132,178,5,1865","132,146,5,1840","132,162,5"]|636148158554380000|14:10:55:438
62|1.1|636147915537171289|780b75|51060.4375|15.8984482729|103.99947334776|348317|247374||51060.4375|280||28075|277.75|51060.4375|780b75|CSN0361|0|2688|0|||3|3|0|1|1|132|147|["132,178,5,1865","132,146,5,1840","132,162,5"]|636148158604380000|14:11:00:438
62|1.1|636147915587096281|780b75|51065.421875|15.89144771785|103.99152329214|347476|246586||51065.421875|280||27993.75|277.75|51065.421875|780b75|CSN0361|0|2688|0|||3|3|0|1|1|132|178|["132,178,5,1865","132,146,5,1840","132,162,5"]|636148158654220000|14:11:05:422
