62|1.1|636147897456473400|880447|49252.3984375|10.96387771738|100.25167121654|-54361|-301122||49252.3984375|340||33993.75|337.25|49252.3984375|880447|AIQ3183|0|2653|0|||3|3|0|1|1|132|83|["132,18,5,3730","132,210,2,2132","132,82,5","132,66,2","132,50,5"]|636148140523980000|13:40:52:398
62|1.1|636147897506408393|880447|49257.375|10.97509469869|100.25205208965|-54318|-299881||49257.375|340||34000|337.25|49257.375|880447|AIQ3183|0|2653|0|||3|3|0|1|1|132|83|["132,18,5,3730","132,210,2,2132","132,82,5","132,50,5"]|636148140573750000|13:40:57:375
62|1.1|636147897556323384|880447|49262.375|10.98595226453|100.25243832717|-54273|-298679||49262.375|340||34006.25|337.25|49262.375|880447|AIQ3183|0|2653|0|||3|3|0|1|1|132|83|["132,18,5,3730","132,210,2,2132","132,82,5","132,50,5"]|636148140623750000|13:41:02:375
62|1.1|636147897606238375|880447|49267.375|10.99622510968|100.25281383587|-54230|-297542||49267.375|340||34000|337.25|49267.375|880447|AIQ3183|0|2653|0|||3|3|0|1|1|132|18|["132,18,5,3730","132,210,2,2132","132,82,5","132,50,5"]|636148140673750000|13:41:07:375
62|1.1|636147897656163367|880447|49272.359375|11.00655159893|100.25316788693|-54189|-296399||49272.359375|340||34000|337.25|49272.359375|880447|AIQ3183|0|2653|0|||3|3|0|1|1|132|18|["132,18,5,3730","132,210,2,2132","132,82,5","132,50,5"]|636148140723590000|13:41:12:359
62|1.1|636147897706088359|880447|49277.359375|11.01717313073|100.25357021768|-54143|-295224||49277.359375|340||34006.25|337.25|49277.359375|880447|AIQ3183|0|2653|0|||3|3|0|1|1|132|18|["132,18,5,3730","132,210,2,2132","132,82,5","132,50,5"]|636148140773590000|13:41:17:359
62|1.1|636147897756003350|880447|49282.3359375|11.02826673061|100.25391353992|-54103|-293996||49282.3359375|340||34006.25|337.25|49282.3359375|880447|AIQ3183|0|2653|0|||3|3|0|1|1|132|83|["132,18,5,3730","132,210,2,2132","132,82,5"]|636148140823360000|13:41:22:336
62|1.1|636147897805928342|880447|49287.3359375|11.03853421135|100.2542783198|-54061|-292860||49287.3359375|340||34000|337.25|49287.3359375|880447|AIQ3183|0|2653|0|||3|3|0|1|1|132|83|["132,18,5,3730","132,210,2,2132","132,82,5"]|636148140873360000|13:41:27:336
62|1.1|636147897855853334|880447|49292.3359375|11.04912355669|100.25466992173|-54016|-291688||49292.3359375|340||34006.25|337.25|49292.3359375|880447|AIQ3183|0|2653|0|||3|3|0|1|1|132|83|["132,18,5,3730","132,210,2,2132","132,82,5"]|636148140923360000|13:41:32:336
62|1.1|636147897905778326|880447|49297.3203125|11.06083406372|100.25503470161|-53974|-290392||49297.3203125|340||34006.25|337.25|49297.3203125|880447|AIQ3183|0|2653|0|||3|3|0|1|1|132|5|["132,18,5,3730","132,210,2,2132","132,82,5"]|636148140973200000|13:41:37:320
62|1.1|636147897955693317|880447|49302.3203125|11.07092988334|100.25541021031|-53931|-289275||49302.3203125|340||33981.25|337.25|49302.3203125|880447|AIQ3183|0|2653|0|||3|3|0|1|1|132|18|["132,18,5,3730","132,210,2,2132","132,82,5"]|636148141023200000|13:41:42:320
62|1.1|636147898005618309|880447|49307.296875|11.08106325383|100.25576962578|-53889|-288153||49307.296875|340||33987.5|337.25|49307.296875|880447|AIQ3183|0|2653|0|||3|3|0|1|1|132|18|["132,18,5,3730","132,210,2,2132","132,82,5"]|636148141072970000|13:41:47:297
62|1.1|636147898055533300|880447|49312.296875|11.09146484482|100.25614513448|-53846|-287002||49312.296875|340||33968.75|337.25|49312.296875|880447|AIQ3183|0|2653|0|||3|3|0|1|1|132|18|["132,18,5,3730","132,210,2,2132","132,82,5"]|636148141122970000|13:41:52:297
62|1.1|636147898105458292|880447|49317.296875|11.10186643581|100.25648309231|-53807|-285851||49317.296875|339.75||33968.75|337.25|49317.296875|880447|AIQ3183|0|2653|0|||3|3|0|1|1|132|18|["132,18,5,3730","132,210,2,2132","132,82,5"]|636148141172970000|13:41:57:297
62|1.1|636147898155373283|880447|49322.28125|11.11336236644|100.25686396542|-53763|-284579||49322.28125|339.75||33981.25|337.25|49322.28125|880447|AIQ3183|0|2653|0|||3|3|0|1|1|132|18|["132,18,5,3730","132,210,2,2132","132,82,5"]|636148141222810000|13:42:02:281
62|1.1|636147898205298275|880447|49327.28125|11.12495485645|100.2572287453|-53721|-283296||49327.28125|339.75||33975|337.25|49327.28125|880447|AIQ3183|0|2653|0|||3|3|0|1|1|132|5|["132,18,5,3730","132,210,2,2132","132,82,5"]|636148141272810000|13:42:07:281
62|1.1|636147898255233268|880447|49332.2578125|11.13593580372|100.257604254|-53678|-282081||49332.2578125|339.75||33981.25|337.25|49332.2578125|880447|AIQ3183|0|2653|0|||3|3|0|1|1|132|18|["132,18,5,3730","132,210,2,2132","132,82,5"]|636148141322580000|13:42:12:258
62|1.1|636147898305158260|880447|49337.2578125|11.14535034327|100.25795294065|-53638|-281039||49337.2578125|339.75||33962.5|337.25|49337.2578125|880447|AIQ3183|0|2653|0|||3|3|0|1|1|132|18|["132,18,5,3730","132,210,2,2132","132,82,5"]|636148141372580000|13:42:17:258
62|1.1|636147898355073251|880447|49342.2578125|11.15503310332|100.25828553407|-53599|-279967||49342.2578125|339.75||33975|337.25|49342.2578125|880447|AIQ3183|0|2653|0|||3|3|0|1|1|132|83|["132,18,5,3730","132,210,2,2132","132,82,5"]|636148141422580000|13:42:22:258
62|1.1|636147898405008244|880447|49347.2421875|11.16644320339|100.25863958513|-53558|-278705||49347.2421875|339.75||33975|337.25|49347.2421875|880447|AIQ3183|0|2653|0|||3|3|0|1|1|132|83|["132,18,5,3730","132,210,2,2132","132,82,5"]|636148141472420000|13:42:27:242
62|1.1|636147898454903233|880447|49352.2421875|11.17716665898|100.25898827178|-53518|-277518||49352.2421875|339.75||33981.25|337.25|49352.2421875|880447|AIQ3183|0|2653|0|||3|3|0|1|1|132|18|["132,18,5,3730","132,210,2,2132","132,82,5"]|636148141522420000|13:42:32:242
62|1.1|636147898504838226|880447|49357.21875|11.18854457259|100.25937987371|-53473|-276259||49357.21875|339.75||33981.25|337.25|49357.21875|880447|AIQ3183|0|2653|0|||3|3|0|1|1|132|5|["132,18,5,3730","132,210,2,2132","132,82,5"]|636148141572190000|13:42:37:219
62|1.1|636147898554753217|880447|49362.21875|11.19852237519|100.25977684005|-53428|-275155||49362.21875|339.75||33975|337.25|49362.21875|880447|AIQ3183|0|2653|0|||3|3|0|1|1|132|18|["132,18,5,3730","132,210,2,2132","132,82,5"]|636148141622190000|13:42:42:219
62|1.1|636147898604678209|880447|49367.21875|11.20853772866|100.26013625552|-53386|-274047||49367.21875|339.75||33968.75|337.25|49367.21875|880447|AIQ3183|0|2653|0|||3|3|0|1|1|132|18|["132,18,5,3730","132,210,2,2132","132,82,5"]|636148141672190000|13:42:47:219
62|1.1|636147898654593200|880447|49372.1953125|11.21854771772|100.26051176422|-53343|-272939||49372.1953125|339.75||33975|337.25|49372.1953125|880447|AIQ3183|0|2653|0|||3|3|0|1|1|132|83|["132,18,5,3730","132,210,2,2132","132,82,5"]|636148141721950000|13:42:52:195
62|1.1|636147898704518192|880447|49377.1953125|11.22899222399|100.26089263733|-53299|-271783||49377.1953125|339.5||33962.5|337|49377.1953125|880447|AIQ3183|0|2653|0|||3|3|0|1|1|132|83|["132,18,5,3730","132,210,2,2132","132,82,5"]|636148141771950000|13:42:57:195
62|1.1|636147898754453185|880447|49382.1796875|11.23958693374|100.26126278162|-53257|-270611||49382.1796875|339.5||33950|337|49382.1796875|880447|AIQ3183|0|2653|0|||3|3|0|1|1|132|5|["132,18,5,3730","132,210,2,2132","132,82,5"]|636148141821800000|13:43:02:180
62|1.1|636147898804368176|880447|49387.1796875|11.25020846554|100.26163292591|-53214|-269435||49387.1796875|339.5||33950|337|49387.1796875|880447|AIQ3183|0|2653|0|||3|3|0|1|1|132|5|["132,18,5,3730","132,210,2,2132","132,82,5"]|636148141871800000|13:43:07:180
62|1.1|636147898854283167|880447|49392.1796875|11.26153809946|100.26200843461|-53171|-268181||49392.1796875|339.5||33956.25|337|49392.1796875|880447|AIQ3183|0|2653|0|||3|3|0|1|1|132|18|["132,18,5,3730","132,210,2,2132","132,82,5"]|636148141921800000|13:43:12:180
62|1.1|636147898904208159|880447|49397.15625|11.27243858058|100.26238394331|-53128|-266975||49397.15625|339.75||33956.25|337.25|49397.15625|880447|AIQ3183|0|2653|0|||3|3|0|1|1|132|18|["132,18,5,3730","132,210,2,2132","132,82,5"]|636148141971560000|13:43:17:156
62|1.1|636147898954123150|880447|49402.15625|11.2832854176|100.26278090965|-53082|-265775||49402.15625|339.75||33975|337.25|49402.15625|880447|AIQ3183|0|2653|0|||3|3|0|1|1|132|83|["132,18,5,3730","132,210,2,2132","132,82,5"]|636148142021560000|13:43:22:156
62|1.1|636147899004048142|880447|49407.140625|11.29398205114|100.26315641835|-53039|-264591||49407.140625|339.75||33987.5|337.25|49407.140625|880447|AIQ3183|0|2653|0|||3|3|0|1|1|132|18|["132,18,5,3730","132,210,2,2132","132,82,5"]|636148142071410000|13:43:27:141
62|1.1|636147899053973134|880447|49412.140625|11.30409396399|100.26353192705|-52996|-263472||49412.140625|339.75||33981.25|337.25|49412.140625|880447|AIQ3183|0|2653|0|||3|3|0|1|1|132|5|["132,18,5,3730","132,210,2,2132","132,82,5"]|636148142121410000|13:43:32:141
62|1.1|636147899103898126|880447|49417.140625|11.31453847026|100.26390743575|-52953|-262316||49417.140625|339.75||33981.25|337.25|49417.140625|880447|AIQ3183|0|2653|0|||3|3|0|1|1|132|18|["132,18,5,3730","132,210,2,2132","132,82,5"]|636148142171410000|13:43:37:141
62|1.1|636147899153813117|880447|49422.1171875|11.32603440089|100.26428294445|-52909|-261044||49422.1171875|339.75||33987.5|337.25|49422.1171875|880447|AIQ3183|0|2653|0|||3|3|0|1|1|132|18|["132,18,5,3730","132,210,2,2132","132,82,5"]|636148142221170000|13:43:42:117
62|1.1|636147899203738109|880447|49427.1171875|11.33695097524|100.26470136843|-52862|-259836||49427.1171875|339.75||33993.75|337.25|49427.1171875|880447|AIQ3183|0|2653|0|||3|3|0|1|1|132|18|["132,18,5,3730","132,210,2,2132","132,82,5"]|636148142271170000|13:43:47:117
62|1.1|636147899253653100|880447|49432.1015625|11.34785682077|100.26508760595|-52817|-258629||49432.1015625|339.75||34000|337.25|49432.1015625|880447|AIQ3183|0|2653|0|||3|3|0|1|1|132|18|["132,18,5,3730","132,210,2,2132","132,82,5"]|636148142321020000|13:43:52:102
62|1.1|636147899303578092|880447|49437.1015625|11.35881094599|100.26547920788|-52772|-257417||49437.1015625|340||34018.75|337.25|49437.1015625|880447|AIQ3183|0|2653|0|||3|3|0|1|1|132|83|["132,18,5,3730","132,210,2,2132","132,82,5"]|636148142371020000|13:43:57:102
62|1.1|636147899353503084|880447|49442.1015625|11.36963096096|100.26592981832|-52721|-256220||49442.1015625|340||34043.75|337.25|49442.1015625|880447|AIQ3183|0|2653|0|||3|3|0|1|1|132|83|["132,18,5,3730","132,210,2,2132","132,82,5"]|636148142421020000|13:44:02:102
62|1.1|636147899403418075|880447|49447.078125|11.37900258523|100.26623022528|-52686|-255183||49447.078125|340||34000|337.25|49447.078125|880447|AIQ3183|0|2653|0|||3|3|0|1|1|132|18|["132,18,5,3730","132,210,2,2132","132,82,5"]|636148142470780000|13:44:07:078
62|1.1|636147899453363069|880447|49452.078125|11.38980650697|100.26664328485|-52638|-253987||49452.078125|340||34000|337.25|49452.078125|880447|AIQ3183|0|2653|0|||3|3|0|1|1|132|18|["132,18,5,3730","132,210,2,2132","132,82,5"]|636148142520780000|13:44:12:078
62|1.1|636147899503268059|880447|49457.0625|11.40062652194|100.26706707324|-52590|-252790||49457.0625|340||34018.75|337.75|49457.0625|880447|AIQ3183|0|2653|0|||3|3|0|1|1|132|18|["132,18,5,3730","132,210,2,2132","132,82,5"]|636148142570630000|13:44:17:063
62|1.1|636147899553183050|880447|49462.0625|11.41167184213|100.26748013281|-52543|-251568||49462.0625|340||34037.5|337.75|49462.0625|880447|AIQ3183|0|2653|0|||3|3|0|1|1|132|18|["132,18,5,3730","132,210,2,2132","132,82,5"]|636148142620630000|13:44:22:063
62|1.1|636147899603108042|880447|49467.0625|11.42273861996|100.26780736182|-52505|-250343||49467.0625|340||34062.5|337.75|49467.0625|880447|AIQ3183|0|2653|0|||3|3|0|1|1|132|83|["132,18,5,3730","132,210,2,2132","132,82,5"]|636148142670630000|13:44:27:063
62|1.1|636147899653033034|880447|49472.0390625|11.4336498299|100.26831698077|-52447|-249136||49472.0390625|340||34081.25|337.75|49472.0390625|880447|AIQ3183|0|2653|0|||3|3|0|1|1|132|18|["132,18,5,3730","132,210,2,2132","132,82,5"]|636148142720390000|13:44:32:039
62|1.1|636147899702948025|880447|49477.0390625|11.44484535357|100.26848864189|-52426|-247897||49477.0390625|340||34087.5|337.75|49477.0390625|880447|AIQ3183|0|2653|0|||3|3|0|1|1|132|83|["132,18,5,3730","132,210,2,2132","132,82,5"]|636148142770390000|13:44:37:039
62|1.1|636147899752873017|880447|49482.015625|11.45457639331|100.26880514208|-52390|-246820||49482.015625|340||34006.25|337.75|49482.015625|880447|AIQ3183|0|2653|0|||3|3|0|1|1|132|18|["132,18,5,3730","132,210,2,2132","132,82,5"]|636148142820160000|13:44:42:016
62|1.1|636147899802808010|880447|49487.015625|11.46504772163|100.26907872699|-52358|-245661||49487.015625|340||33993.75|337.75|49487.015625|880447|AIQ3183|0|2653|0|||3|3|0|1|1|132|18|["132,18,5,3730","132,210,2,2132","132,82,5"]|636148142870160000|13:44:47:016
62|1.1|636147899852713000|880447|49492.015625|11.47640954201|100.26949178656|-52310|-244404||49492.015625|340||34000|337.75|49492.015625|880447|AIQ3183|0|2653|0|||3|3|0|1|1|132|18|["132,18,5,3730","132,210,2,2132","132,82,5"]|636148142920160000|13:44:52:016
62|1.1|636147899902637992|880447|49497|11.48779282003|100.26990484613|-52263|-243144||49497|340.25||34018.75|337.75|49497|880447|AIQ3183|0|2653|0|||3|3|0|1|1|132|83|["132,18,5,3730","132,210,2,2132","132,82,5"]|636148142970000000|13:44:57:000
62|1.1|636147899952562984|880447|49502|11.49807102959|100.27028035483|-52220|-242007||49502|340||34000|337.75|49502|880447|AIQ3183|0|2653|0|||3|3|0|1|1|132|18|["132,18,5,3730","132,210,2,2132","132,82,5"]|636148143020000000|13:45:02:000
62|1.1|636147900002477975|880447|49506.9765625|11.50812929834|100.27065586353|-52177|-240894||49506.9765625|340||33993.75|337.75|49506.9765625|880447|AIQ3183|0|2653|0|||3|3|0|1|1|132|5|["132,18,5,3730","132,210,2,2132","132,82,5"]|636148143069770000|13:45:06:977
62|1.1|636147900052402967|880447|49511.9765625|11.51936773729|100.27105282987|-52131|-239650||49511.9765625|340.25||34000|337.75|49511.9765625|880447|AIQ3183|0|2653|0|||3|3|0|1|1|132|18|["132,18,5,3730","132,210,2,2132","132,82,5"]|636148143119770000|13:45:11:977
62|1.1|636147900102327959|880447|49516.9765625|11.5301555658|100.27143906739|-52087|-238457||49516.9765625|340.25||34006.25|338|49516.9765625|880447|AIQ3183|0|2653|0|||3|3|0|1|1|132|18|["132,18,5,3730","132,210,2,2132","132,82,5"]|636148143169770000|13:45:16:977
62|1.1|636147900152262952|880447|49521.9609375|11.54020310573|100.27182530491|-52043|-237345||49521.9609375|340.25||34018.75|338|49521.9609375|880447|AIQ3183|0|2653|0|||3|3|0|1|1|132|18|["132,18,5,3730","132,210,2,2132","132,82,5"]|636148143219610000|13:45:21:961
62|1.1|636147900205288254|880447|49527.2578125|11.55098556983|100.27217935597|-52002|-236152||49527.2578125|340||34006.25|337.75|49527.2578125|880447|AIQ3183|0|2653|0|||3|3|0|1|1|132|5|["132,18,5,3730","132,210,2,2132","132,82,5"]|636148143272580000|13:45:27:258
62|1.1|636147900255213246|880447|49532.2578125|11.56170902542|100.27256559349|-51957|-234965||49532.2578125|340||34006.25|337.75|49532.2578125|880447|AIQ3183|0|2653|0|||3|3|0|1|1|132|5|["132,18,5,3730","132,210,2,2132","132,82,5"]|636148143322580000|13:45:32:258
62|1.1|636147900305128237|880447|49537.2578125|11.57243248101|100.27295719542|-51913|-233779||49537.2578125|340||34006.25|337.75|49537.2578125|880447|AIQ3183|0|2653|0|||3|3|0|1|1|132|18|["132,18,5,3730","132,210,2,2132","132,82,5"]|636148143372580000|13:45:37:258
62|1.1|636147900355053229|880447|49542.2421875|11.58472234432|100.27334343294|-51868|-232419||49542.2421875|340||34031.25|337.75|49542.2421875|880447|AIQ3183|0|2653|0|||3|3|0|1|1|132|18|["132,18,5,3730","132,210,2,2132","132,82,5"]|636148143422420000|13:45:42:242
62|1.1|636147900404968220|880447|49547.2421875|11.59494690978|100.27370821282|-51826|-231288||49547.2421875|340.25||34025|338|49547.2421875|880447|AIQ3183|0|2653|0|||3|3|0|1|1|132|83|["132,18,5,3730","132,210,2,2132","132,82,5"]|636148143472420000|13:45:47:242
62|1.1|636147900454893212|880447|49552.21875|11.60565427214|100.27408372152|-51783|-230103||49552.21875|340.25||34031.25|338|49552.21875|880447|AIQ3183|0|2653|0|||3|3|0|1|1|132|5|["132,18,5,3730","132,210,2,2132","132,82,5"]|636148143522190000|13:45:52:219
62|1.1|636147900504818204|880447|49557.21875|11.61730040625|100.27448605227|-51737|-228814||49557.21875|340.25||34037.5|338|49557.21875|880447|AIQ3183|0|2653|0|||3|3|0|1|1|132|18|["132,18,5,3730","132,210,2,2132","132,82,5"]|636148143572190000|13:45:57:219
62|1.1|636147900554733195|880447|49562.21875|11.62737476823|100.27486156097|-51694|-227699||49562.21875|340.25||34025|338|49562.21875|880447|AIQ3183|0|2653|0|||3|3|0|1|1|132|5|["132,18,5,3730","132,210,2,2132","132,82,5"]|636148143622190000|13:46:02:219
62|1.1|636147900604658187|880447|49567.1953125|11.63766370661|100.27523706967|-51651|-226561||49567.1953125|340.25||34025|338|49567.1953125|880447|AIQ3183|0|2653|0|||3|3|0|1|1|132|5|["132,18,5,3730","132,210,2,2132","132,82,5"]|636148143671950000|13:46:07:195
62|1.1|636147900654583179|880447|49572.1953125|11.64803847555|100.27559112073|-51610|-225413||49572.1953125|340.25||34025|338|49572.1953125|880447|AIQ3183|0|2653|0|||3|3|0|1|1|132|18|["132,18,5,3730","132,210,2,2132","132,82,5"]|636148143721950000|13:46:12:195
62|1.1|636147900704498170|880447|49577.1796875|11.65944321121|100.27598272266|-51565|-224151||49577.1796875|340.25||34031.25|338|49577.1796875|880447|AIQ3183|0|2653|0|||3|3|0|1|1|132|18|["132,18,5,3730","132,210,2,2132","132,82,5"]|636148143771800000|13:46:17:180
62|1.1|636147900754423162|880447|49582.1796875|11.67032223469|100.276379689|-51520|-222947||49582.1796875|340.25||34037.5|338|49582.1796875|880447|AIQ3183|0|2653|0|||3|3|0|1|1|132|83|["132,18,5,3730","132,210,2,2132","132,82,5"]|636148143821800000|13:46:22:180
62|1.1|636147900804198139|880447|49587.1796875|11.68203274172|100.27673374006|-51479|-221652||49587.1796875|340.25||34031.25|338|49587.1796875|880447|AIQ3183|0|2653|0|||3|3|0|1|1|132|18|["132,18,5,3730","132,210,2,2132","132,82,5"]|636148143871800000|13:46:27:180
62|1.1|636147900854113130|880447|49592.15625|11.69313707042|100.27710388435|-51436|-220423||49592.15625|340.25||34031.25|338|49592.15625|880447|AIQ3183|0|2653|0|||3|3|0|1|1|132|18|["132,18,5,3730","132,210,2,2132","132,82,5"]|636148143921560000|13:46:32:156
62|1.1|636147900904028121|880447|49597.15625|11.7031577883|100.27747402864|-51394|-219314||49597.15625|340.25||34025|338|49597.15625|880447|AIQ3183|0|2653|0|||3|3|0|1|1|132|5|["132,18,5,3730","132,210,2,2132","132,82,5"]|636148143971560000|13:46:37:156
62|1.1|636147900953953113|880447|49602.140625|11.71388124389|100.27785490175|-51350|-218128||49602.140625|340.25||34025|338|49602.140625|880447|AIQ3183|0|2653|0|||3|3|0|1|1|132|18|["132,18,5,3730","132,210,2,2132","132,82,5"]|636148144021410000|13:46:42:141
62|1.1|636147901003878105|880447|49607.140625|11.72503921669|100.27823577486|-51306|-216893||49607.140625|340.25||34025|338|49607.140625|880447|AIQ3183|0|2653|0|||3|3|0|1|1|132|18|["132,18,5,3730","132,210,2,2132","132,82,5"]|636148144071410000|13:46:47:141
62|1.1|636147901053803097|880447|49612.140625|11.73590214694|100.27861128356|-51263|-215691||49612.140625|340.25||34031.25|338|49612.140625|880447|AIQ3183|0|2653|0|||3|3|0|1|1|132|18|["132,18,5,3730","132,210,2,2132","132,82,5"]|636148144121410000|13:46:52:141
62|1.1|636147901103718088|880447|49617.1171875|11.74668997545|100.279061894|-51212|-214497||49617.1171875|340.25||34037.5|338|49617.1171875|880447|AIQ3183|0|2653|0|||3|3|0|1|1|132|18|["132,18,5,3730","132,210,2,2132","132,82,5"]|636148144171170000|13:46:57:117
62|1.1|636147901153653081|880447|49622.1171875|11.75596504034|100.27938912301|-51174|-213471||49622.1171875|340.25||34018.75|338|49622.1171875|880447|AIQ3183|0|2653|0|||3|3|0|1|1|132|18|["132,18,5,3730","132,210,2,2132","132,82,5"]|636148144221170000|13:47:02:117
62|1.1|636147901203718087|880447|49627.1015625|11.76620033462|100.27971098761|-51137|-212339||49627.1015625|340.25||34025|338|49627.1015625|880447|AIQ3183|0|2653|0|||3|3|0|1|1|132|5|["132,18,5,3730","132,210,2,2132","132,82,5"]|636148144271020000|13:47:07:102
62|1.1|636147901253493064|880447|49632.1015625|11.77703107841|100.28010795395|-51092|-211140||49632.1015625|340.25||34025|338|49632.1015625|880447|AIQ3183|0|2653|0|||3|3|0|1|1|132|5|["132,18,5,3730","132,210,2,2132","132,82,5"]|636148144321020000|13:47:12:102
62|1.1|636147901303408055|880447|49637.1015625|11.78781890692|100.2805102847|-51046|-209947||49637.1015625|340.25||34031.25|338|49637.1015625|880447|AIQ3183|0|2653|0|||3|3|0|1|1|132|18|["132,18,5,3730","132,210,2,2132","132,82,5"]|636148144371020000|13:47:17:102
62|1.1|636147901353353049|880447|49642.078125|11.79863355748|100.28086433576|-51005|-208750||49642.078125|340.25||34025|338|49642.078125|880447|AIQ3183|0|2653|0|||3|3|0|1|1|132|18|["132,18,5,3730","132,210,2,2132","132,82,5"]|636148144420780000|13:47:22:078
62|1.1|636147901403248038|880447|49647.078125|11.8095340386|100.28125057328|-50961|-207544||49647.078125|340.25||34031.25|338|49647.078125|880447|AIQ3183|0|2653|0|||3|3|0|1|1|132|18|["132,18,5,3730","132,210,2,2132","132,82,5"]|636148144470780000|13:47:27:078
62|1.1|636147901453173030|880447|49652.0625|11.82057399438|100.2815831667|-50922|-206322||49652.0625|340.25||34043.75|338|49652.0625|880447|AIQ3183|0|2653|0|||3|3|0|1|1|132|18|["132,18,5,3730","132,210,2,2132","132,82,5"]|636148144520630000|13:47:32:063
62|1.1|636147901503098022|880447|49657.0625|11.83196263681|100.2819586754|-50879|-205063||49657.0625|340.25||34068.75|338|49657.0625|880447|AIQ3183|0|2653|0|||3|3|0|1|1|132|18|["132,18,5,3730","132,210,2,2132","132,82,5"]|636148144570630000|13:47:37:063
62|1.1|636147901553013013|880447|49662.0625|11.84296504172|100.28263459106|-50803|-203845||49662.0625|340.25||34093.75|338|49662.0625|880447|AIQ3183|0|2653|0|||3|3|0|1|1|132|18|["132,18,5,3730","132,210,2,2132","132,82,5"]|636148144620630000|13:47:42:063
62|1.1|636147901602938005|880447|49667.0390625|11.85397281104|100.28321394734|-50738|-202627||49667.0390625|340||34100|338|49667.0390625|880447|AIQ3183|0|2653|0|||3|3|0|1|1|132|5|["132,18,5,3730","132,210,2,2132","132,82,5"]|636148144670390000|13:47:47:039
62|1.1|636147901652862997|880447|49672.0390625|11.86496985154|100.28365382896|-50688|-201410||49672.0390625|340||34093.75|337.75|49672.0390625|880447|AIQ3183|0|2653|0|||3|3|0|1|1|132|18|["132,18,5,3730","132,210,2,2132","132,82,5"]|636148144720390000|13:47:52:039
62|1.1|636147901702777988|880447|49677.015625|11.87576304446|100.28437802431|-50607|-200216||49677.015625|340||34081.25|337.75|49677.015625|880447|AIQ3183|0|2653|0|||3|3|0|1|1|132|18|["132,18,5,3730","132,210,2,2132","132,82,5"]|636148144770160000|13:47:57:016
62|1.1|636147901752702980|880447|49682.015625|11.88660988148|100.28486618562|-50551|-199016||49682.015625|340||34075|337.75|49682.015625|880447|AIQ3183|0|2653|0|||3|3|0|1|1|132|18|["132,18,5,3730","132,210,2,2132","132,82,5"]|636148144820160000|13:48:02:016
62|1.1|636147901802627972|880447|49687.015625|11.89732260825|100.28521487227|-50511|-197831||49687.015625|339.75||34056.25|337.5|49687.015625|880447|AIQ3183|0|2653|0|||3|3|0|1|1|132|18|["132,18,5,3730","132,210,2,2132","132,82,5"]|636148144870160000|13:48:07:016
62|1.1|636147901852552964|880447|49692|11.90809434353|100.28552600805|-50475|-196639||49692|339.75||34037.5|337.5|49692|880447|AIQ3183|0|2653|0|||3|3|0|1|1|132|18|["132,18,5,3730","132,210,2,2132","132,82,5"]|636148144920000000|13:48:12:000
62|1.1|636147901902627971|880447|49697|11.91894118055|100.28568157594|-50456|-195439||49697|339.75||34031.25|337.5|49697|880447|AIQ3183|0|2653|0|||3|3|0|1|1|132|5|["132,18,5,3730","132,210,2,2132","132,82,5"]|636148144970000000|13:48:17:000
62|1.1|636147901952392947|880447|49701.9765625|11.9296431785|100.28627702545|-50389|-194255||49701.9765625|339.75||34018.75|337.5|49701.9765625|880447|AIQ3183|0|2653|0|||3|3|0|1|1|132|18|["132,18,5,3730","132,210,2,2132","132,82,5"]|636148145019770000|13:48:21:977
62|1.1|636147902002317939|880447|49706.9765625|11.9404256426|100.2867866444|-50331|-193062||49706.9765625|339.75||34012.5|337.5|49706.9765625|880447|AIQ3183|0|2653|0|||3|3|0|1|1|132|18|["132,18,5,3730","132,210,2,2132","132,82,5"]|636148145069770000|13:48:26:977
62|1.1|636147902052232930|880447|49711.9765625|11.9511544626|100.2874303736|-50259|-191875||49711.9765625|339.75||34012.5|337.5|49711.9765625|880447|AIQ3183|0|2653|0|||3|3|0|1|1|132|18|["132,18,5,3730","132,210,2,2132","132,82,5"]|636148145119770000|13:48:31:977
62|1.1|636147902102167923|880447|49716.9609375|11.96187255378|100.28804191634|-50190|-190689||49716.9609375|339.75||34006.25|337.5|49716.9609375|880447|AIQ3183|0|2653|0|||3|3|0|1|1|132|18|["132,18,5,3730","132,210,2,2132","132,82,5"]|636148145169610000|13:48:36:961
62|1.1|636147902152072913|880447|49721.9609375|11.97266038229|100.28847643355|-50141|-189495||49721.9609375|339.75||34000|337.5|49721.9609375|880447|AIQ3183|0|2653|0|||3|3|0|1|1|132|18|["132,18,5,3730","132,210,2,2132","132,82,5"]|636148145219610000|13:48:41:961
62|1.1|636147902202007906|880447|49726.9375|11.9834482108|100.28901287455|-50080|-188302||49726.9375|339.75||34006.25|337.75|49726.9375|880447|AIQ3183|0|2653|0|||3|3|0|1|1|132|18|["132,18,5,3730","132,210,2,2132","132,82,5"]|636148145269380000|13:48:46:938
62|1.1|636147902251922897|880447|49731.9375|11.99434869192|100.28918990008|-50059|-187096||49731.9375|340||34025|337.75|49731.9375|880447|AIQ3183|0|2653|0|||3|3|0|1|1|132|18|["132,18,5,3730","132,210,2,2132","132,82,5"]|636148145319380000|13:48:51:938
62|1.1|636147902301837888|880447|49736.9375|12.00507214751|100.29008575655|-49959|-185910||49736.9375|340||34025|337.75|49736.9375|880447|AIQ3183|0|2653|0|||3|3|0|1|1|132|18|["132,18,5,3730","132,210,2,2132","132,82,5"]|636148145369380000|13:48:56:938
62|1.1|636147902351762880|880447|49741.921875|12.01586534043|100.29040762115|-49922|-184715||49741.921875|340||34031.25|337.75|49741.921875|880447|AIQ3183|0|2653|0|||3|3|0|1|1|132|18|["132,18,5,3730","132,210,2,2132","132,82,5"]|636148145419220000|13:49:01:922
62|1.1|636147902401677871|880447|49746.921875|12.02674972832|100.29051490935|-49908|-183511||49746.921875|340||34037.5|337.75|49746.921875|880447|AIQ3183|0|2653|0|||3|3|0|1|1|132|18|["132,18,5,3730","132,210,2,2132","132,82,5"]|636148145469220000|13:49:06:922
62|1.1|636147902451602863|880447|49751.8984375|12.0374141754|100.29134102849|-49816|-182331||49751.8984375|340||34037.5|337.75|49751.8984375|880447|AIQ3183|0|2653|0|||3|3|0|1|1|132|18|["132,18,5,3730","132,210,2,2132","132,82,5"]|636148145518980000|13:49:11:898
62|1.1|636147902501527855|880447|49756.8984375|12.04835220739|100.29122301147|-49827|-181121||49756.8984375|340.25||34050|337.75|49756.8984375|880447|AIQ3183|0|2653|0|||3|3|0|1|1|132|18|["132,18,5,3730","132,210,2,2132","132,82,5"]|636148145568980000|13:49:16:898
62|1.1|636147902551452847|880447|49761.8984375|12.05819053533|100.29041298556|-49913|-180032||49761.8984375|340.25||34025|338|49761.8984375|880447|AIQ3183|0|2653|0|||3|3|0|1|1|132|18|["132,18,5,3730","132,210,2,2132","132,82,5"]|636148145618980000|13:49:21:898
62|1.1|636147902601367838|880447|49766.875|12.06906955881|100.29068657047|-49881|-178828||49766.875|340.25||34031.25|338|49766.875|880447|AIQ3183|0|2653|0|||3|3|0|1|1|132|18|["132,18,5,3730","132,210,2,2132","132,82,5"]|636148145668750000|13:49:26:875
62|1.1|636147902651302831|880447|49771.875|12.07925120899|100.29077240103|-49870|-177702||49771.875|340.25||34018.75|338|49771.875|880447|AIQ3183|0|2653|0|||3|3|0|1|1|132|18|["132,18,5,3730","132,210,2,2132","132,82,5"]|636148145718750000|13:49:31:875
62|1.1|636147902701217822|880447|49776.859375|12.08978154582|100.29095479097|-49848|-176537||49776.859375|340.25||34025|338|49776.859375|880447|AIQ3183|0|2653|0|||3|3|0|1|1|132|18|["132,18,5,3730","132,210,2,2132","132,82,5"]|636148145768590000|13:49:36:859
62|1.1|636147902751132813|880447|49781.859375|12.10148132403|100.29120155383|-49819|-175243||49781.859375|340.25||34031.25|338|49781.859375|880447|AIQ3183|0|2653|0|||3|3|0|1|1|132|18|["132,18,5,3730","132,210,2,2132","132,82,5"]|636148145818590000|13:49:41:859
62|1.1|636147902801057805|880447|49786.859375|12.11253737304|100.29144831669|-49790|-174019||49786.859375|340.25||34031.25|338|49786.859375|880447|AIQ3183|0|2653|0|||3|3|0|1|1|132|18|["132,18,5,3730","132,210,2,2132","132,82,5"]|636148145868590000|13:49:46:859
62|1.1|636147902850982797|880447|49791.8359375|12.12426933771|100.2918291898|-49746|-172721||49791.8359375|340.25||34031.25|338|49791.8359375|880447|AIQ3183|0|2653|0|||3|3|0|1|1|132|18|["132,18,5,3730","132,210,2,2132","132,82,5"]|636148145918360000|13:49:51:836
62|1.1|636147902900907789|880447|49796.8359375|12.13420422503|100.29221542732|-49702|-171622||49796.8359375|340.25||34031.25|338|49796.8359375|880447|AIQ3183|0|2653|0|||3|3|0|1|1|132|18|["132,18,5,3730","132,210,2,2132","132,82,5"]|636148145968360000|13:49:56:836
62|1.1|636147902950822780|880447|49801.8203125|12.14568406243|100.29262848689|-49655|-170352||49801.8203125|340.25||34025|338|49801.8203125|880447|AIQ3183|0|2653|0|||3|3|0|1|1|132|18|["132,18,5,3730","132,210,2,2132","132,82,5"]|636148146018200000|13:50:01:820
62|1.1|636147903000747772|880447|49806.8203125|12.15698150989|100.2930630041|-49605|-169102||49806.8203125|340.25||34031.25|338|49806.8203125|880447|AIQ3183|0|2653|0|||3|3|0|1|1|132|18|["132,18,5,3730","132,210,2,2132","132,82,5"]|636148146068200000|13:50:06:820
62|1.1|636147903050672764|880447|49811.8203125|12.16803219449|100.29340096193|-49566|-167879||49811.8203125|340.25||34031.25|338|49811.8203125|880447|AIQ3183|0|2653|0|||3|3|0|1|1|132|18|["132,18,5,3730","132,210,2,2132","132,82,5"]|636148146118200000|13:50:11:820
62|1.1|636147903100587755|880447|49816.796875|12.17892194679|100.29389985206|-49510|-166675||49816.796875|340.25||34043.75|338|49816.796875|880447|AIQ3183|0|2653|0|||3|3|0|1|1|132|18|["132,18,5,3730","132,210,2,2132","132,82,5"]|636148146167970000|13:50:16:797
62|1.1|636147903150512747|880447|49821.796875|12.18775176565|100.29428608958|-49466|-165698||49821.796875|340||34000|337.75|49821.796875|880447|AIQ3183|0|2653|0|||3|3|0|1|1|132|18|["132,18,5,3730","132,210,2,2132","132,82,5"]|636148146217970000|13:50:21:797
62|1.1|636147903200437739|880447|49826.78125|12.19939789976|100.29471524238|-49417|-164409||49826.78125|340||34000|337.75|49826.78125|880447|AIQ3183|0|2653|0|||3|3|0|1|1|132|18|["132,18,5,3730","132,210,2,2132","132,82,5"]|636148146267810000|13:50:26:781
62|1.1|636147903250352730|880447|49831.78125|12.21021791473|100.29510684431|-49372|-163212||49831.78125|340||33987.5|337.75|49831.78125|880447|AIQ3183|0|2653|0|||3|3|0|1|1|132|18|["132,18,5,3730","132,210,2,2132","132,82,5"]|636148146317810000|13:50:31:781
62|1.1|636147903300277722|880447|49836.78125|12.22015280205|100.29553599711|-49323|-162113||49836.78125|340||33993.75|337.75|49836.78125|880447|AIQ3183|0|2653|0|||3|3|0|1|1|132|18|["132,18,5,3730","132,210,2,2132","132,82,5"]|636148146367810000|13:50:36:781
62|1.1|636147903350192713|880447|49841.7578125|12.23111765609|100.29598660755|-49272|-160900||49841.7578125|340||33993.75|337.75|49841.7578125|880447|AIQ3183|0|2653|0|||3|3|0|1|1|132|18|["132,18,5,3730","132,210,2,2132","132,82,5"]|636148146417580000|13:50:41:758
62|1.1|636147903400117705|880447|49846.7578125|12.24208251013|100.29656059942|-49208|-159686||49846.7578125|340||34000|337.75|49846.7578125|880447|AIQ3183|0|2653|0|||3|3|0|1|1|132|18|["132,18,5,3730","132,210,2,2132","132,82,5"]|636148146467580000|13:50:46:758
62|1.1|636147903450042697|880447|49851.7421875|12.25332094908|100.29702730309|-49155|-158443||49851.7421875|340||34012.5|337.75|49851.7421875|880447|AIQ3183|0|2653|0|||3|3|0|1|1|132|18|["132,18,5,3730","132,210,2,2132","132,82,5"]|636148146517420000|13:50:51:742
62|1.1|636147903499957688|880447|49856.7421875|12.2637386333|100.29733843887|-49119|-157291||49856.7421875|340||34006.25|337.75|49856.7421875|880447|AIQ3183|0|2653|0|||3|3|0|1|1|132|18|["132,18,5,3730","132,210,2,2132","132,82,5"]|636148146567420000|13:50:56:742
62|1.1|636147903549892681|880447|49861.7421875|12.27537403859|100.29772467639|-49075|-156003||49861.7421875|340||34006.25|337.75|49861.7421875|880447|AIQ3183|0|2653|0|||3|3|0|1|1|132|18|["132,18,5,3730","132,210,2,2132","132,82,5"]|636148146617420000|13:51:01:742
62|1.1|636147903599807672|880447|49866.71875|12.28667685046|100.29803581217|-49038|-154753||49866.71875|340||34006.25|337.75|49866.71875|880447|AIQ3183|0|2653|0|||3|3|0|1|1|132|18|["132,18,5,3730","132,210,2,2132","132,82,5"]|636148146667190000|13:51:06:719
62|1.1|636147903649732664|880447|49871.71875|12.296837043|100.29840059205|-48997|-153629||49871.71875|340||34000|337.75|49871.71875|880447|AIQ3183|0|2653|0|||3|3|0|1|1|132|18|["132,18,5,3730","132,210,2,2132","132,82,5"]|636148146717190000|13:51:11:719
62|1.1|636147903699647655|880447|49876.6953125|12.30695968467|100.29873854988|-48958|-152509||49876.6953125|340||34000|337.75|49876.6953125|880447|AIQ3183|0|2653|0|||3|3|0|1|1|132|18|["132,18,5,3730","132,210,2,2132","132,82,5"]|636148146766950000|13:51:16:695
62|1.1|636147903749572647|880447|49881.6953125|12.31739346212|100.29909796535|-48917|-151354||49881.6953125|340||33993.75|337.75|49881.6953125|880447|AIQ3183|0|2653|0|||3|3|0|1|1|132|18|["132,18,5,3730","132,210,2,2132","132,82,5"]|636148146816950000|13:51:21:695
62|1.1|636147903799497639|880447|49886.6953125|12.32804181597|100.29943592318|-48878|-150176||49886.6953125|340||34000|337.75|49886.6953125|880447|AIQ3183|0|2653|0|||3|3|0|1|1|132|18|["132,18,5,3730","132,210,2,2132"]|636148146866950000|13:51:26:695
62|1.1|636147903849412630|880447|49891.6796875|12.33901739883|100.29974705896|-48842|-148962||49891.6796875|340||34000|337.75|49891.6796875|880447|AIQ3183|0|2653|0|||3|3|0|1|1|132|18|["132,18,5,3730","132,210,2,2132"]|636148146916800000|13:51:31:680
62|1.1|636147903899337622|880447|49896.6796875|12.34992860877|100.30011183884|-48800|-147755||49896.6796875|340||34012.5|337.75|49896.6796875|880447|AIQ3183|0|2653|0|||3|3|0|1|1|132|18|["132,18,5,3730","132,210,2,2132"]|636148146966800000|13:51:36:680
62|1.1|636147903949252613|880447|49901.65625|12.3607808102|100.30048734754|-48757|-146554||49901.65625|340||34000|337.75|49901.65625|880447|AIQ3183|0|2653|0|||3|3|0|1|1|132|18|["132,18,5,3730","132,210,2,2132"]|636148147016560000|13:51:41:656
62|1.1|636147903999177605|880447|49906.65625|12.37280781742|100.30087894947|-48712|-145224||49906.65625|340||34006.25|337.75|49906.65625|880447|AIQ3183|0|2653|0|||3|3|0|1|1|132|18|["132,18,5,3730","132,210,2,2132"]|636148147066560000|13:51:46:656
62|1.1|636147904049102597|880447|49911.65625|12.38458806178|100.30126518699|-48668|-143920||49911.65625|340||34000|337.75|49911.65625|880447|AIQ3183|0|2653|0|||3|3|0|1|1|132|83|["132,18,5,3730","132,210,2,2132"]|636148147116560000|13:51:51:656
62|1.1|636147904099017588|880447|49916.640625|12.39501111041|100.30166215333|-48623|-142767||49916.640625|340||34000|337.75|49916.640625|880447|AIQ3183|0|2653|0|||3|3|0|1|1|132|83|["132,18,5,3730","132,210,2,2132"]|636148147166410000|13:51:56:641
62|1.1|636147904148942580|880447|49921.640625|12.40605106619|100.30203766203|-48580|-141546||49921.640625|340||34000|337.75|49921.640625|880447|AIQ3183|0|2653|0|||3|3|0|1|1|132|210|["132,18,5,3730","132,210,2,2132"]|636148147216410000|13:52:01:641
62|1.1|636147904198867572|880447|49926.6171875|12.41717685253|100.30242389955|-48536|-140315||49926.6171875|340||34000|337.75|49926.6171875|880447|AIQ3183|0|2653|0|||3|3|0|1|1|132|210|["132,18,5,3730","132,210,2,2132"]|636148147266170000|13:52:06:617
62|1.1|636147904248792564|880447|49931.6171875|12.4268166973|100.30281013707|-48492|-139249||49931.6171875|340||34000|337.75|49931.6171875|880447|AIQ3183|0|2653|0|||3|3|0|1|1|132|5|["132,18,5,3730","132,210,2,2132"]|636148147316170000|13:52:11:617
62|1.1|636147904298707555|880447|49936.6171875|12.43747041556|100.303201739|-48447|-138070||49936.6171875|340||34000|337.75|49936.6171875|880447|AIQ3183|0|2653|0|||3|3|0|1|1|132|210|["132,18,5,3730","132,210,2,2132"]|636148147366170000|13:52:16:617
62|1.1|636147904348632547|880447|49941.6015625|12.44797929475|100.30358797652|-48403|-136907||49941.6015625|340||33993.75|337.75|49941.6015625|880447|AIQ3183|0|2653|0|||3|3|0|1|1|132|210|["132,18,5,3730","132,210,2,2132"]|636148147416020000|13:52:21:602
62|1.1|636147904398557539|880447|49946.6015625|12.46015114104|100.30399567168|-48357|-135560||49946.6015625|339||33900|336.75|49946.6015625|880447|AIQ3183|0|2653|0|||3|3|0|1|1|132|210|["132,18,5,3730","132,210,2,2132"]|636148147466020000|13:52:26:602
62|1.1|636147904448472530|880447|49951.578125|12.47144322409|100.3043819092|-48312|-134311||49951.578125|337.5||33775|335.5|49951.578125|880447|AIQ3183|0|2653|0|||3|3|0|1|1|132|83|["132,18,5,3730","132,210,2,2132"]|636148147515780000|13:52:31:578
62|1.1|636147904498397522|880447|49956.578125|12.4824992731|100.30477887554|-48267|-133088||49956.578125|333.25||33400|331.25|49956.578125|880447|AIQ3183|0|2653|-2462.5|||3|3|2|1|1|132|5|["132,18,5,3730","132,210,2,2132"]|636148147565780000|13:52:36:578
62|1.1|636147904548322514|880447|49961.578125|12.49251999098|100.30515438424|-48224|-131979||49961.578125|330.75||33100|327.75|49961.578125|880447|AIQ3183|0|2653|-3187.5|||3|3|2|1|1|132|5|["132,18,5,3730","132,210,2,2132"]|636148147615780000|13:52:41:578
62|1.1|636147904598247506|880447|49966.5625|12.50332391272|100.30555135058|-48179|-130784||49966.5625|330||32875|325.25|49966.5625|880447|AIQ3183|0|2653|-3206.25|||3|3|2|1|1|132|210|["132,18,5,3730","132,210,2,2132"]|636148147665630000|13:52:46:563
62|1.1|636147904648162497|880447|49971.5625|12.51384352073|100.3059375881|-48135|-129620||49971.5625|328||32656.25|323.25|49971.5625|880447|AIQ3183|0|2653|-2975|||3|3|2|1|1|132|210|["132,18,5,3730","132,210,2,2132"]|636148147715630000|13:52:51:563
62|1.1|636147904698077488|880447|49976.5390625|12.52442213725|100.30632382562|-48091|-128450||49976.5390625|325||32437.5|321|49976.5390625|880447|AIQ3183|0|2653|-2893.75|||3|3|2|1|1|132|210|["132,18,5,3730","132,210,2,2132"]|636148147765390000|13:52:56:539
62|1.1|636147904748012481|880447|49981.5390625|12.53526897427|100.30674761401|-48043|-127250||49981.5390625|323||32200|319|49981.5390625|880447|AIQ3183|0|2653|-2718.75|||3|3|2|1|1|132|210|["132,18,5,3730","132,210,2,2132"]|636148147815390000|13:53:01:539
62|1.1|636147904797927472|880447|49986.5390625|12.546818549|100.3073323347|-47977|-125972||49986.5390625|320||31906.25|316.5|49986.5390625|880447|AIQ3183|0|2653|-2837.5|||3|3|2|1|1|132|210|["132,18,5,3730","132,210,2,2132"]|636148147865390000|13:53:06:539
62|1.1|636147904847842463|880447|49991.515625|12.55813208969|100.30782586042|-47921|-124721||49991.515625|313.75||31575|311.5|49991.515625|880447|AIQ3183|0|2653|-3168.75|||3|3|2|1|1|132|5|["132,18,5,3730","132,210,2,2132"]|636148147915160000|13:53:11:516
62|1.1|636147904897767455|880447|49996.515625|12.56928469808|100.30852323372|-47843|-123487||49996.515625|310.25||31218.75|307.5|49996.515625|880447|AIQ3183|0|2653|-3900|||3|3|2|1|1|132|5|["132,18,5,3730","132,210,2,2132"]|636148147965160000|13:53:16:516
62|1.1|636147904947692447|880447|50001.5|12.58041584883|100.30965512423|-47718|-122255||50001.5|306.75||30825|303.75|50001.5|880447|AIQ3183|0|2653|-4250|||3|3|2|1|1|132|5|["132,18,5,3730","132,210,2,2132","132,114,4"]|636148148015000000|13:53:21:500
62|1.1|636147904997607438|880447|50006.5|12.59153090635|100.31015937877|-47661|-121026||50006.5|303||30412.5|301|50006.5|880447|AIQ3183|0|2653|-3800|||3|3|2|1|1|132|83|["132,18,5,3730","132,210,2,2132","132,114,4"]|636148148065000000|13:53:26:500
62|1.1|636147905047532430|880447|50011.5|12.60327359984|100.30947273429|-47734|-119727||50011.5|300.75||29937.5|297.75|50011.5|880447|AIQ3183|0|2653|-4018.75|||3|3|2|1|1|132|83|["132,18,5,3730","132,210,2,2132","132,114,4"]|636148148115000000|13:53:31:500
62|1.1|636147905097457422|880447|50016.4765625|12.61439938618|100.30969803951|-47707|-118496||50016.4765625|297.75||29687.5|295|50016.4765625|880447|AIQ3183|0|2653|-3506.25|||3|3|2|1|1|132|5|["132,18,5,3730","132,210,2,2132","132,114,4"]|636148148164770000|13:53:36:477
62|1.1|636147905147372413|880447|50021.4765625|12.62445765493|100.30997698883|-47675|-117383||50021.4765625|297||29468.75|293|50021.4765625|880447|AIQ3183|0|2653|-3068.75|||3|3|2|1|1|132|114|["132,18,5,3730","132,114,5,558","132,210,2,2132"]|636148148214770000|13:53:41:477
62|1.1|636147905197297405|880447|50026.4609375|12.6352240258|100.31033103989|-47634|-116192||50026.4609375|294.75||29206.25|291.25|50026.4609375|880447|AIQ3183|0|2653|-2737.5|||3|3|2|1|1|132|114|["132,18,5,3730","132,114,5,558","132,210,2,2132"]|636148148264610000|13:53:46:461
62|1.1|636147905247222397|880447|50031.4609375|12.64602258313|100.31073873505|-47587|-114997||50031.4609375|292.75||28943.75|288.75|50031.4609375|880447|AIQ3183|0|2653|-2656.25|||3|3|2|1|1|132|114|["132,18,5,3730","132,114,5,558","132,210,2,2132"]|636148148314610000|13:53:51:461
62|1.1|636147905297157390|880447|50036.4609375|12.6569498863|100.31121080313|-47534|-113788||50036.4609375|290.5||28693.75|287|50036.4609375|880447|AIQ3183|0|2653|-2537.5|||3|3|2|1|1|132|114|["132,18,5,3730","132,114,5,558","132,210,2,2132"]|636148148364610000|13:53:56:461
62|1.1|636147905347062380|880447|50041.4375|12.66694378213|100.31144683717|-47507|-112683||50041.4375|288.5||28706.25|285|50041.4375|880447|AIQ3183|0|2653|-2443.75|||3|3|2|1|1|132|114|["132,18,5,3730","132,114,5,558","132,210,2,2132"]|636148148414380000|13:54:01:438
62|1.1|636147905396987372|880447|50046.4375|12.67879912823|100.31177406618|-47469|-111371||50046.4375|286.5||28493.75|283|50046.4375|880447|AIQ3183|0|2653|-2462.5|||3|3|2|1|1|132|114|["132,18,5,3730","132,114,5,558","132,210,2,2132"]|636148148464380000|13:54:06:438
62|1.1|636147905446912364|880447|50051.421875|12.68979080432|100.31223004103|-47417|-110155||50051.421875|284.25||28287.5|281|50051.421875|880447|AIQ3183|0|2653|-2418.75|||3|3|2|1|1|132|114|["132,18,5,3730","132,114,5,558","132,210,2,2132"]|636148148514220000|13:54:11:422
62|1.1|636147905496827355|880447|50056.421875|12.70079857364|100.31276111762|-47357|-108937||50056.421875|281||28087.5|278.75|50056.421875|880447|AIQ3183|0|2653|-2481.25|||3|3|2|1|1|132|83|["132,18,5,3730","132,114,5,558","132,210,2,2132"]|636148148564220000|13:54:16:422
62|1.1|636147905546752347|880447|50061.421875|12.71174733445|100.31327073657|-47300|-107726||50061.421875|280.25||27893.75|276.75|50061.421875|880447|AIQ3183|0|2653|-2481.25|||3|3|2|1|1|132|114|["132,18,5,3730","132,114,5,558","132,210,2,2132"]|636148148614220000|13:54:21:422
62|1.1|636147905596667338|880447|50066.3984375|12.72240105271|100.31402711838|-47216|-106547||50066.3984375|277||27700|274.75|50066.3984375|880447|AIQ3183|0|2653|-2481.25|||3|3|2|1|1|132|83|["132,18,5,3730","132,114,5,558","132,210,2,2132"]|636148148663980000|13:54:26:398
62|1.1|636147905646592330|880447|50071.3984375|12.73297430482|100.31484787311|-47125|-105377||50071.3984375|275.5||27500|273|50071.3984375|880447|AIQ3183|0|2653|-2325|||3|3|2|1|1|132|83|["132,18,5,3730","132,114,5,558","132,210,2,2132"]|636148148713980000|13:54:31:398
62|1.1|636147905696517322|880447|50076.375|12.74348318401|100.31442408472|-47169|-104215||50076.375|274.25||27256.25|271.5|50076.375|880447|AIQ3183|0|2653|-2362.5|||3|3|2|1|1|132|114|["132,18,5,3730","132,114,5,558","132,210,2,2132"]|636148148763750000|13:54:36:375
62|1.1|636147905746442314|880447|50081.375|12.75278507095|100.31465475435|-47142|-103186||50081.375|271.5||27075|268.5|50081.375|880447|AIQ3183|0|2653|-2462.5|||3|3|2|1|1|132|5|["132,18,5,3730","132,114,5,558","132,210,2,2132"]|636148148813750000|13:54:41:375
62|1.1|636147905796367306|880447|50086.375|12.76265558535|100.3148961528|-47114|-102094||50086.375|270.25||26893.75|266.75|50086.375|880447|AIQ3183|0|2653|-2400|||3|3|2|1|1|132|114|["132,18,5,3730","132,114,5,558","132,210,2,2132"]|636148148863750000|13:54:46:375
62|1.1|636147905846282297|880447|50091.359375|12.7726065659|100.3151107292|-47088|-100993||50091.359375|268||26700|264.75|50091.359375|880447|AIQ3183|0|2653|-2418.75|||3|3|2|1|1|132|114|["132,18,5,3730","132,114,5,558","132,210,2,2132"]|636148148913590000|13:54:51:359
62|1.1|636147905896207289|880447|50096.359375|12.78280967372|100.31533603442|-47062|-99864||50096.359375|266||26500|262.75|50096.359375|880447|AIQ3183|0|2653|-2400|||3|3|2|1|1|132|210|["132,18,5,3730","132,114,5,558","132,210,2,2132"]|636148148963590000|13:54:56:359
62|1.1|636147905946122280|880447|50101.3359375|12.7932059003|100.31565253461|-47026|-98714||50101.3359375|263.25||26306.25|260.75|50101.3359375|880447|AIQ3183|0|2653|-2362.5|||3|3|2|1|1|132|83|["132,18,5,3730","132,114,5,558","132,210,2,2132"]|636148149013360000|13:55:01:336
62|1.1|636147905996047272|880447|50106.3359375|12.80365040657|100.31600658567|-46985|-97559||50106.3359375|261.75||26118.75|259|50106.3359375|880447|AIQ3183|0|2653|-2306.25|||3|3|2|1|1|132|83|["132,18,5,3730","132,114,5,558","132,210,2,2132"]|636148149063360000|13:55:06:336
62|1.1|636147906045972264|880447|50111.3359375|12.8151999813|100.31637672996|-46943|-96281||50111.3359375|261||25881.25|256.5|50111.3359375|880447|AIQ3183|0|2653|-2400|||3|3|2|1|1|132|5|["132,18,5,3730","132,114,5,558","132,210,2,2132"]|636148149113360000|13:55:11:336
62|1.1|636147906095887255|880447|50116.3203125|12.824694987|100.31673614543|-46902|-95231||50116.3203125|257.5||25687.5|254.75|50116.3203125|880447|AIQ3183|0|2653|-2381.25|||3|3|2|1|1|132|83|["132,18,5,3730","132,114,5,558","132,210,2,2132"]|636148149163200000|13:55:16:320
62|1.1|636147906145812247|880447|50121.3203125|12.83462987432|100.31711165413|-46859|-94131||50121.3203125|255.5||25500|252.75|50121.3203125|880447|AIQ3183|0|2653|-2381.25|||3|3|2|1|1|132|83|["132,18,5,3730","132,114,5,558","132,210,2,2132"]|636148149213200000|13:55:21:320
62|1.1|636147906195737239|880447|50126.296875|12.84468277866|100.31746034078|-46819|-93019||50126.296875|253||25300|250.75|50126.296875|880447|AIQ3183|0|2653|-2381.25|||3|3|2|1|1|132|5|["132,18,5,3730","132,210,2,2132"]|636148149262970000|13:55:26:297
62|1.1|636147906245652230|880447|50131.296875|12.85572809885|100.31781975625|-46779|-91797||50131.296875|251.5||25087.5|248.75|50131.296875|880447|AIQ3183|0|2653|-2400|||3|3|2|1|1|132|5|["132,18,5,3730","132,210,2,2132"]|636148149312970000|13:55:31:297
62|1.1|636147906295587223|880447|50136.296875|12.86672513935|100.31817380731|-46738|-90581||50136.296875|249.75||24875|246.75|50136.296875|880447|AIQ3183|0|2653|-2443.75|||3|3|2|1|1|132|5|["132,18,5,3730","132,210,2,2132"]|636148149362970000|13:55:36:297
62|1.1|636147906345492213|880447|50141.28125|12.87628988238|100.31855468042|-46695|-89523||50141.28125|248||24706.25|244.75|50141.28125|880447|AIQ3183|0|2653|-2418.75|||3|3|2|1|1|132|210|["132,18,5,3730","132,210,2,2132"]|636148149412810000|13:55:41:281
62|1.1|636147906395417205|880447|50146.28125|12.88592972715|100.31890336707|-46655|-88456||50146.28125|247||24493.75|242.75|50146.28125|880447|AIQ3183|0|2653|-2400|||3|3|2|1|1|132|210|["132,18,5,3730","132,210,2,2132"]|636148149462810000|13:55:46:281
62|1.1|636147906445342197|880447|50151.2578125|12.89637959783|100.31926278254|-46614|-87300||50151.2578125|243||24287.5|240.5|50151.2578125|880447|AIQ3183|0|2653|-2443.75|||3|3|2|1|1|132|5|["132,18,5,3730","132,210,2,2132"]|636148149512580000|13:55:51:258
62|1.1|636147906495257188|880447|50156.2578125|12.90731762982|100.31963829124|-46571|-86090||50156.2578125|241.5||24075|238.5|50156.2578125|880447|AIQ3183|0|2653|-2481.25|||3|3|2|1|1|132|5|["132,18,5,3730","132,210,2,2132"]|636148149562580000|13:55:56:258
62|1.1|636147906545182180|880447|50161.2578125|12.91699502546|100.32000843553|-46529|-85019||50161.2578125|239.75||23893.75|236.75|50161.2578125|880447|AIQ3183|0|2653|-2381.25|||3|3|2|1|1|132|5|["132,18,5,3730","132,114,4,558","132,210,2,2132"]|636148149612580000|13:56:01:258
62|1.1|636147906595107172|880447|50166.2421875|12.92652221762|100.32037321541|-46488|-83965||50166.2421875|238.25||23718.75|235|50166.2421875|880447|AIQ3183|0|2653|-2281.25|||3|3|2|1|1|132|114|["132,18,5,3730","132,114,4,558","132,210,2,2132"]|636148149662420000|13:56:06:242
62|1.1|636147906645042165|880447|50171.2421875|12.93597430804|100.32073263088|-46447|-82919||50171.2421875|236.5||23543.75|233.25|50171.2421875|880447|AIQ3183|0|2653|-2262.5|||3|3|2|1|1|132|114|["132,18,5,3730","132,114,5,568","132,210,2,2132"]|636148149712420000|13:56:11:242
62|1.1|636147906694947155|880447|50176.21875|12.94672995009|100.32108131753|-46407|-81730||50176.21875|234||23343.75|231.25|50176.21875|880447|AIQ3183|0|2653|-2325|||3|3|2|1|1|132|83|["132,18,5,3730","132,114,5,568","132,210,2,2132"]|636148149762190000|13:56:16:219
62|1.1|636147906744872147|880447|50181.21875|12.95711544785|100.32144609741|-46366|-80581||50181.21875|232||23150|229.25|50181.21875|880447|AIQ3183|0|2653|-2343.75|||3|3|2|1|1|132|83|["132,18,5,3730","132,114,5,568","132,210,2,2132"]|636148149812190000|13:56:21:219
62|1.1|636147906794797139|880447|50186.21875|12.96731855567|100.32181087729|-46324|-79452||50186.21875|230.5||22962.5|227.5|50186.21875|880447|AIQ3183|0|2653|-2262.5|||3|3|2|1|1|132|83|["132,18,5,3730","132,114,5,568","132,210,2,2132"]|636148149862190000|13:56:26:219
62|1.1|636147906844712130|880447|50191.1953125|12.97579432347|100.32215419953|-46285|-78514||50191.1953125|229||22793.75|225.5|50191.1953125|880447|AIQ3183|0|2653|-2262.5|||3|3|2|1|1|132|114|["132,18,5,3730","132,114,5,568","132,210,2,2132"]|636148149911950000|13:56:31:195
62|1.1|636147906894637122|880447|50196.1953125|12.98493527811|100.32248679295|-46247|-77503||50196.1953125|226.75||22600|223.75|50196.1953125|880447|AIQ3183|0|2653|-2281.25|||3|3|2|1|1|132|83|["132,18,5,3730","132,114,5,568","132,210,2,2132"]|636148149961950000|13:56:36:195
62|1.1|636147906944562114|880447|50201.1796875|12.99535296233|100.3228354796|-46207|-76351||50201.1796875|225.25||22400|222|50201.1796875|880447|AIQ3183|0|2653|-2262.5|||3|3|2|1|1|132|83|["132,18,5,3730","132,114,5,568","132,210,2,2132"]|636148150011800000|13:56:41:180
62|1.1|636147906994487106|880447|50206.1796875|13.00571163804|100.32317343743|-46169|-75204||50206.1796875|222.5||22187.5|220|50206.1796875|880447|AIQ3183|0|2653|-2343.75|||3|3|2|1|1|132|83|["132,18,5,3730","132,114,5,568","132,210,2,2132"]|636148150061800000|13:56:46:180
62|1.1|636147907044412098|880447|50211.1796875|13.01587719499|100.32352748849|-46129|-74080||50211.1796875|222||21993.75|218|50211.1796875|880447|AIQ3183|0|2653|-2381.25|||3|3|2|1|1|132|210|["132,18,5,3730","132,114,5,568","132,210,2,2132"]|636148150111800000|13:56:51:180
62|1.1|636147907094327089|880447|50216.15625|13.0247338359|100.3238547175|-46091|-73100||50216.15625|220||21825|216.25|50216.15625|880447|AIQ3183|0|2653|-2343.75|||3|3|2|1|1|132|210|["132,18,5,3730","132,114,5,568","132,210,2,2132"]|636148150161560000|13:56:56:156
62|1.1|636147907144252081|880447|50221.15625|13.03403572284|100.32418194651|-46054|-72071||50221.15625|216.75||21625|214.25|50221.15625|880447|AIQ3183|0|2653|-2343.75|||3|3|2|1|1|132|5|["132,18,5,3730","132,114,5,568","132,210,2,2132"]|636148150211560000|13:57:01:156
62|1.1|636147907194177073|880447|50226.140625|13.04429783917|100.32452526875|-46015|-70936||50226.140625|215.25||21418.75|212.25|50226.140625|880447|AIQ3183|0|2653|-2325|||3|3|2|1|1|132|5|["132,18,5,3730","132,210,2,2132"]|636148150261410000|13:57:06:141
62|1.1|636147907244092064|880447|50231.140625|13.0544526673|100.3248739554|-45975|-69812||50231.140625|212.5||21225|210.25|50231.140625|880447|AIQ3183|0|2653|-2343.75|||3|3|2|1|1|132|83|["132,18,5,3730","132,210,2,2132"]|636148150311410000|13:57:11:141
62|1.1|636147907294017056|880447|50236.140625|13.064484114|100.32522264205|-45936|-68702||50236.140625|211||21031.25|208.25|50236.140625|880447|AIQ3183|0|2653|-2343.75|||3|3|2|1|1|132|83|["132,18,5,3730","132,210,2,2132"]|636148150361410000|13:57:16:141
62|1.1|636147907343942048|880447|50241.1171875|13.07432244194|100.3255713287|-45896|-67614||50241.1171875|209.5||20843.75|206.5|50241.1171875|880447|AIQ3183|0|2653|-2362.5|||3|3|2|1|1|132|83|["132,18,5,3730","132,210,2,2132"]|636148150411170000|13:57:21:117
62|1.1|636147907393847038|880447|50246.1171875|13.0840642105|100.32593074417|-45855|-66537||50246.1171875|207.75||20662.5|205|50246.1171875|880447|AIQ3183|0|2653|-2143.75|||3|3|2|1|1|132|83|["132,18,5,3730","132,210,2,2132"]|636148150461170000|13:57:26:117
62|1.1|636147907443772030|880447|50251.1015625|13.09362358912|100.32628479523|-45815|-65479||50251.1015625|207||20493.75|203.25|50251.1015625|880447|AIQ3183|0|2653|-2068.75|||3|3|2|1|1|132|5|["132,18,5,3730","132,210,2,2132"]|636148150511020000|13:57:31:102
62|1.1|636147907493697022|880447|50256.1015625|13.10307031513|100.32662811747|-45776|-64434||50256.1015625|204||20337.5|201.5|50256.1015625|880447|AIQ3183|0|2653|-2087.5|||3|3|2|1|1|132|83|["132,18,5,3730","132,114,5,570","132,210,2,2132"]|636148150561020000|13:57:36:102
62|1.1|636147907543622014|880447|50261.1015625|13.11140124386|100.32697143971|-45737|-63512||50261.1015625|202.5||20200|200|50261.1015625|880447|AIQ3183|0|2653|-2025|||3|3|2|1|1|132|83|["132,18,5,3730","132,114,5,570","132,210,2,2132"]|636148150611020000|13:57:41:102
62|1.1|636147907593547006|880447|50266.078125|13.12034371533|100.32727184667|-45703|-62523||50266.078125|200.25||20037.5|198.25|50266.078125|880447|AIQ3183|0|2653|-2006.25|||3|3|2|1|1|132|5|["132,18,5,3730","132,114,5,570","132,210,2,2132"]|636148150660780000|13:57:46:078
62|1.1|636147907643471998|880447|50271.078125|13.12940956823|100.32752933835|-45673|-61520||50271.078125|199.5||19862.5|196.5|50271.078125|880447|AIQ3183|0|2653|-2006.25|||3|3|2|1|1|132|114|["132,18,5,3730","132,114,5,570","132,210,2,2132"]|636148150710780000|13:57:51:078
62|1.1|636147907693386989|880447|50276.0625|13.13896358244|100.32745960102|-45679|-60463||50276.0625|197.75||19756.25|195.5|50276.0625|880447|AIQ3183|0|2653|-1850|||3|3|2|1|1|132|83|["132,18,5,3730","132,114,5,570","132,210,2,2132"]|636148150760630000|13:57:56:063
62|1.1|636147907743301980|880447|50281.0625|13.1489735715|100.32735767723|-45688|-59355||50281.0625|196.75||19625|194.25|50281.0625|880447|AIQ3183|0|2653|-1693.75|||3|3|2|1|1|132|83|["132,18,5,3730","132,114,5,570","132,210,2,2132"]|636148150810630000|13:58:01:063
62|1.1|636147907793236973|880447|50286.0625|13.158361289|100.32720210934|-45703|-58317||50286.0625|195.75||19525|193.5|50286.0625|880447|AIQ3183|0|2653|-1262.5|||3|3|2|1|1|132|83|["132,18,5,3730","132,114,5,570","132,210,2,2132"]|636148150860630000|13:58:06:063
62|1.1|636147907843151964|880447|50291.0390625|13.16783483706|100.32713237201|-45709|-57269||50291.0390625|195.25||19412.5|192.75|50291.0390625|880447|AIQ3183|0|2653|-1181.25|||3|3|2|1|1|132|114|["132,18,5,3730","132,114,5,570","132,210,2,2132"]|636148150910390000|13:58:11:039
62|1.1|636147907893076956|880447|50296.0390625|13.17698115611|100.32666030393|-45758|-56257||50296.0390625|194||19356.25|191.75|50296.0390625|880447|AIQ3183|0|2653|-1143.75|||3|3|2|1|1|132|83|["132,18,5,3730","132,114,5,570"]|636148150960390000|13:58:16:039
62|1.1|636147907942991947|880447|50301.015625|13.1860416446|100.32617214262|-45810|-55254||50301.015625|193||19281.25|190.75|50301.015625|880447|AIQ3183|0|2653|-1162.5|||3|3|2|1|1|132|5|["132,18,5,3730","132,114,5,570"]|636148151010160000|13:58:21:016
62|1.1|636147907992916939|880447|50306.015625|13.19530598067|100.32587710007|-45840|-54229||50306.015625|192||19181.25|189.75|50306.015625|880447|AIQ3183|0|2653|-1143.75|||3|3|2|1|1|132|5|["132,18,5,3730","132,114,5,570"]|636148151060160000|13:58:26:016
62|1.1|636147908042841931|880447|50311.015625|13.20450594382|100.32560351516|-45868|-53211||50311.015625|191.25||19093.75|188.75|50311.015625|880447|AIQ3183|0|2653|-1143.75|||3|3|2|1|1|132|114|["132,18,5,3730","132,114,5,570"]|636148151110160000|13:58:31:016
62|1.1|636147908092756922|880447|50316|13.21371663579|100.3253567523|-45893|-52192||50316|190.25||19000|188|50316|880447|AIQ3183|0|2653|-1143.75|||3|3|2|1|1|132|114|["132,18,5,3730","132,114,5,570"]|636148151160000000|13:58:36:000
62|1.1|636147908142681914|880447|50321|13.22411286237|100.32510998944|-45917|-51042||50321|189.25||18875|186.75|50321|880447|AIQ3183|0|2653|-1200|||3|3|2|1|1|132|114|["132,18,5,3730","132,114,5,570"]|636148151210000000|13:58:41:000
62|1.1|636147908192606906|880447|50325.9765625|13.23243306228|100.3249812436|-45930|-50121||50325.9765625|187.75||18787.5|185.75|50325.9765625|880447|AIQ3183|0|2653|-1200|||3|3|2|1|1|132|5|["132,18,5,3730","132,114,5,570"]|636148151259770000|13:58:45:977
62|1.1|636147908242531898|880447|50330.9765625|13.24178859332|100.32479885366|-45948|-49086||50330.9765625|186.75||18681.25|184.75|50330.9765625|880447|AIQ3183|0|2653|-1200|||3|3|2|1|1|132|83|["132,18,5,3730","132,114,5,570"]|636148151309770000|13:58:50:977
62|1.1|636147908292446889|880447|50335.9765625|13.25179858238|100.32459500608|-45968|-47979||50335.9765625|186||18568.75|183.75|50335.9765625|880447|AIQ3183|0|2653|-1237.5|||3|3|2|1|1|132|83|["132,18,5,3730","132,114,5,570"]|636148151359770000|13:58:55:977
62|1.1|636147908342371881|880447|50340.9609375|13.26180320703|100.32438579409|-45989|-46872||50340.9609375|185.25||18450|182.5|50340.9609375|880447|AIQ3183|0|2653|-1262.5|||3|3|2|1|1|132|114|["132,18,5,3730","132,114,5,570"]|636148151409610000|13:59:00:961
62|1.1|636147908392286872|880447|50345.9609375|13.27059547502|100.32418194651|-46009|-45899||50345.9609375|184.25||18375|181.5|50345.9609375|880447|AIQ3183|0|2653|-1237.5|||3|3|2|1|1|132|114|["132,18,5,3730","132,114,5,570"]|636148151459610000|13:59:05:961
62|1.1|636147908442221865|880447|50350.9375|13.27910879369|100.32398346334|-46029|-44957||50350.9375|183.25||18281.25|180.75|50350.9375|880447|AIQ3183|0|2653|-1200|||3|3|2|1|1|132|114|["132,18,5,3730","132,114,5,570"]|636148151509380000|13:59:10:938
62|1.1|636147908492126855|880447|50355.9375|13.28897930809|100.32379570899|-46048|-43865||50355.9375|182||18162.5|179.75|50355.9375|880447|AIQ3183|0|2653|-1218.75|||3|3|2|1|1|132|114|["132,18,5,3730","132,114,5,570"]|636148151559380000|13:59:15:938
62|1.1|636147908542051847|880447|50360.9375|13.29812026273|100.32361868346|-46065|-42854||50360.9375|180.75||18050|178.5|50360.9375|880447|AIQ3183|0|2653|-1262.5|||3|3|2|1|1|132|5|["132,18,5,3730","132,114,5,570"]|636148151609380000|13:59:20:938
62|1.1|636147908591826824|880447|50365.921875|13.30692325954|100.32343629352|-46083|-41880||50365.921875|179.75||17956.25|177.5|50365.921875|880447|AIQ3183|0|2653|-1218.75|||3|3|2|1|1|132|5|["132,18,5,3730","132,114,5,570"]|636148151659220000|13:59:25:922
62|1.1|636147908641891830|880447|50370.921875|13.31589791747|100.32326999681|-46100|-40887||50370.921875|179||17856.25|176.5|50370.921875|880447|AIQ3183|0|2653|-1200|||3|3|2|1|1|132|114|["132,18,5,3730","132,114,5,570"]|636148151709220000|13:59:30:922
62|1.1|636147908691826823|880447|50375.8984375|13.32576306746|100.32308760687|-46117|-39796||50375.8984375|178||17756.25|175.75|50375.8984375|880447|AIQ3183|0|2653|-1181.25|||3|3|2|1|1|132|114|["132,18,5,3730","132,114,5,570"]|636148151758980000|13:59:35:898
62|1.1|636147908741741814|880447|50380.8984375|13.33460897955|100.32290521693|-46135|-38817||50380.8984375|177||17662.5|174.75|50380.8984375|880447|AIQ3183|0|2653|-1181.25|||3|3|2|1|1|132|114|["132,18,5,3730","132,114,5,570"]|636148151808980000|13:59:40:898
62|1.1|636147908791506790|880447|50385.8984375|13.3434870781|100.32273355581|-46152|-37835||50385.8984375|176||17575|173.5|50385.8984375|880447|AIQ3183|0|2653|-1200|||3|3|2|1|1|132|114|["132,18,5,3730","132,114,5,570"]|636148151858980000|13:59:45:898
62|1.1|636147908841431782|880447|50390.875|13.3531966602|100.32257262351|-46168|-36760||50390.875|174.5||17437.5|172.5|50390.875|880447|AIQ3183|0|2653|-1218.75|||3|3|2|1|1|132|5|["132,18,5,3730","132,114,5,570"]|636148151908750000|13:59:50:875
62|1.1|636147908891346773|880447|50395.875|13.36256292006|100.32237950475|-46187|-35724||50395.875|174||17331.25|171.5|50395.875|880447|AIQ3183|0|2653|-1237.5|||3|3|2|1|1|132|114|["132,18,5,3730","132,114,5,570"]|636148151958750000|13:59:55:875
62|1.1|636147908941281766|880447|50400.859375|13.37085629792|100.32219711481|-46205|-34807||50400.859375|173||17256.25|170.5|50400.859375|880447|AIQ3183|0|2653|-1218.75|||3|3|2|1|1|132|114|["132,18,5,3730","132,114,5,570"]|636148152008590000|14:00:00:859
62|1.1|636147908991196757|880447|50405.859375|13.37993287964|100.32202008928|-46223|-33802||50405.859375|172.25||17156.25|169.75|50405.859375|880447|AIQ3183|0|2653|-1143.75|||3|3|2|1|1|132|114|["132,18,5,3730","132,114,5,570"]|636148152058590000|14:00:05:859
62|1.1|636147909041121749|880447|50410.859375|13.38958881764|100.32183233493|-46241|-32734||50410.859375|171.5||17075|169|50410.859375|880447|AIQ3183|0|2653|-1081.25|||3|3|2|1|1|132|114|["132,18,5,3730","132,114,5,570"]|636148152108590000|14:00:10:859
62|1.1|636147909091036740|880447|50415.8359375|13.39755496649|100.32166067381|-46258|-31853||50415.8359375|170.75||17012.5|168.25|50415.8359375|880447|AIQ3183|0|2653|-981.25|||3|3|2|1|1|132|114|["132,18,5,3730","132,114,5,570"]|636148152158360000|14:00:15:836
62|1.1|636147909140961732|880447|50420.8359375|13.40538164068|100.32150510592|-46273|-30987||50420.8359375|169.75||16962.5|167.75|50420.8359375|880447|AIQ3183|0|2653|-906.25|||3|3|2|1|1|132|5|["132,18,5,3730","132,114,5,570"]|636148152208360000|14:00:20:836
62|1.1|636147909190886724|880447|50425.8203125|13.4137608491|100.32134953803|-46289|-30059||50425.8203125|169.25||16887.5|167|50425.8203125|880447|AIQ3183|0|2653|-887.5|||3|3|2|1|1|132|114|["132,18,5,3730","132,114,5,570"]|636148152258200000|14:00:25:820
62|1.1|636147909240821717|880447|50430.8203125|13.42215078634|100.3211725125|-46306|-29131||50430.8203125|168.5||16825|166.25|50430.8203125|880447|AIQ3183|0|2653|-868.75|||3|3|2|1|1|132|114|["132,18,5,3730","132,114,5,570"]|636148152308200000|14:00:30:820
62|1.1|636147909290726707|880447|50435.8203125|13.43138293595|100.32099548697|-46324|-28110||50435.8203125|167.75||16737.5|165.5|50435.8203125|880447|AIQ3183|0|2653|-906.25|||3|3|2|1|1|132|114|["132,18,5,3730","132,114,5,570"]|636148152358200000|14:00:35:820
62|1.1|636147909340651699|880447|50440.796875|13.44036295829|100.32082919026|-46340|-27116||50440.796875|167||16662.5|164.75|50440.796875|880447|AIQ3183|0|2653|-906.25|||3|3|2|1|1|132|114|["132,18,5,3730","132,114,5,570"]|636148152407970000|14:00:40:797
62|1.1|636147909390576691|880447|50445.796875|13.44810380192|100.32065752914|-46357|-26260||50445.796875|166||16600|164|50445.796875|880447|AIQ3183|0|2653|-868.75|||3|3|2|1|1|132|5|["132,18,5,3730","132,114,5,570"]|636148152457970000|14:00:45:797
62|1.1|636147909440491682|880447|50450.78125|13.45635962891|100.32050196125|-46372|-25346||50450.78125|165.5||16531.25|163.5|50450.78125|880447|AIQ3183|0|2653|-825|||3|3|2|1|1|132|5|["132,18,5,3730","132,114,5,570"]|636148152507810000|14:00:50:781
62|1.1|636147909490416674|880447|50455.78125|13.4646691|100.32033030013|-46389|-24427||50455.78125|165||16462.5|162.75|50455.78125|880447|AIQ3183|0|2653|-806.25|||3|3|2|1|1|132|114|["132,18,5,3730","132,114,5,570"]|636148152557810000|14:00:55:781
62|1.1|636147909540341666|880447|50460.78125|13.4729302914|100.32016936783|-46405|-23513||50460.78125|164.5||16400|162.25|50460.78125|880447|AIQ3183|0|2653|-750|||3|3|2|1|1|132|114|["132,18,5,3730","132,114,5,570"]|636148152607810000|14:01:00:781
62|1.1|636147909590256657|880447|50465.7578125|13.47955533775|100.31998161348|-46424|-22780||50465.7578125|163.75||16356.25|161.75|50465.7578125|880447|AIQ3183|0|2653|-731.25|||3|3|2|1|1|132|114|["132,18,5,3730","132,114,5,570"]|636148152657580000|14:01:05:758
62|1.1|636147909640181649|880447|50470.7578125|13.48680802007|100.31982068118|-46440|-21977||50470.7578125|162.75||16287.5|160.75|50470.7578125|880447|AIQ3183|0|2653|-825|||3|3|2|1|1|132|114|["132,18,5,3730","132,114,5,570"]|636148152707580000|14:01:10:758
62|1.1|636147909690096640|880447|50475.7421875|13.49545008458|100.31964902006|-46457|-21021||50475.7421875|161.5||16150|159.5|50475.7421875|880447|AIQ3183|0|2653|-1043.75|||3|3|2|1|1|132|5|["132,18,5,3730","132,114,5,570"]|636148152757420000|14:01:15:742
62|1.1|636147909740021632|880447|50480.7421875|13.50263302957|100.31948272335|-46473|-20226||50480.7421875|160.25||16031.25|158.25|50480.7421875|880447|AIQ3183|0|2653|-1218.75|||3|3|2|1|1|132|5|["132,18,5,3730","132,114,5,570"]|636148152807420000|14:01:20:742
62|1.1|636147909789946624|880447|50485.7421875|13.51076547513|100.31932715546|-46489|-19327||50485.7421875|159.25||15887.5|156.75|50485.7421875|880447|AIQ3183|0|2653|-1400|||3|3|2|1|1|132|114|["132,18,5,3730","132,114,5,570"]|636148152857420000|14:01:25:742
62|1.1|636147909839861615|880447|50490.71875|13.5185814205|100.31916085875|-46505|-18462||50490.71875|157.75||15768.75|155.25|50490.71875|880447|AIQ3183|0|2653|-1537.5|||3|3|2|1|1|132|114|["132,18,5,3730","132,114,5,570"]|636148152907190000|14:01:30:719
62|1.1|636147909889806609|880447|50495.71875|13.52552296704|100.31901065527|-46520|-17694||50495.71875|156.25||15618.75|154|50495.71875|880447|AIQ3183|0|2653|-1556.25|||3|3|2|1|1|132|114|["132,18,5,3730","132,114,5,570"]|636148152957190000|14:01:35:719
62|1.1|636147909939711599|880447|50500.6953125|13.53282392905|100.31887118061|-46534|-16886||50500.6953125|154.75||15450|152.25|50500.6953125|880447|AIQ3183|0|2653|-1712.5|||3|3|2|1|1|132|114|["132,18,5,3730","132,114,5,570"]|636148153006950000|14:01:40:695
62|1.1|636147909989626590|880447|50505.6953125|13.54167520555|100.31871024831|-46549|-15907||50505.6953125|153.25||15293.75|151|50505.6953125|880447|AIQ3183|0|2653|-1693.75|||3|3|2|1|1|132|5|["132,18,5,3730","132,114,5,570"]|636148153056950000|14:01:45:695
62|1.1|636147910039551582|880447|50510.6953125|13.54892252346|100.31857613806|-46563|-15105||50510.6953125|152.75||15193.75|150.25|50510.6953125|880447|AIQ3183|0|2653|-1418.75|||3|3|2|1|1|132|114|["132,18,5,3730","132,114,5,570"]|636148153106950000|14:01:50:695
62|1.1|636147910089486575|880447|50515.6796875|13.55629858721|100.31842057017|-46578|-14289||50515.6796875|151.75||15106.25|149.25|50515.6796875|880447|AIQ3183|0|2653|-1218.75|||3|3|2|1|1|132|114|["132,18,5,3730","132,114,5,570"]|636148153156800000|14:01:55:680
62|1.1|636147910139391565|880447|50520.6796875|13.56459732948|100.3182757311|-46592|-13371||50520.6796875|151||15012.5|148.5|50520.6796875|880447|AIQ3183|0|2653|-1125|||3|3|2|1|1|132|114|["132,18,5,3730","132,114,5,570"]|636148153206800000|14:02:00:680
62|1.1|636147910189316557|880447|50525.65625|13.57283169883|100.31810943439|-46608|-12460||50525.65625|150.25||14950|148.25|50525.65625|880447|AIQ3183|0|2653|-1025|||3|3|2|1|1|132|114|["132,18,5,3730","132,114,5,570"]|636148153256560000|14:02:05:656
62|1.1|636147910239251550|880447|50530.65625|13.5804867119|100.31793777327|-46625|-11613||50530.65625|149||14887.5|147|50530.65625|880447|AIQ3183|0|2653|-981.25|||3|3|2|1|1|132|5|["132,18,5,3730","132,114,5,570"]|636148153306560000|14:02:10:656
62|1.1|636147910289156540|880447|50535.65625|13.58747117372|100.31778220538|-46641|-10840||50535.65625|148.25||14812.5|146.25|50535.65625|880447|AIQ3183|0|2653|-943.75|||3|3|2|1|1|132|5|["132,18,5,3730","132,114,5,570"]|636148153356560000|14:02:15:656
62|1.1|636147910339101534|880447|50540.640625|13.59558752605|100.31761054426|-46658|-9942||50540.640625|147.5||14725|145.25|50540.640625|880447|AIQ3183|0|2653|-981.25|||3|3|2|1|1|132|114|["132,18,5,3730","132,114,5,570"]|636148153406410000|14:02:20:641
62|1.1|636147910389006524|880447|50545.640625|13.60366632751|100.31745497637|-46673|-9048||50545.640625|146.5||14618.75|144.25|50545.640625|880447|AIQ3183|0|2653|-1062.5|||3|3|2|1|1|132|114|["132,18,5,3730","132,114,5,570"]|636148153456410000|14:02:25:641
62|1.1|636147910438931516|880447|50550.6171875|13.61070443343|100.31729940848|-46689|-8270||50550.6171875|145.5||14525|143.25|50550.6171875|880447|AIQ3183|0|2653|-1100|||3|3|2|1|1|132|114|["132,18,5,3730","132,114,5,570"]|636148153506170000|14:02:30:617
62|1.1|636147910488846507|880447|50555.6171875|13.61879396371|100.31712238295|-46706|-7374||50555.6171875|144.75||14425|142.25|50555.6171875|880447|AIQ3183|0|2653|-1125|||3|3|2|1|1|132|114|["132,18,5,3730","132,114,5,570"]|636148153556170000|14:02:35:617
62|1.1|636147910538791501|880447|50560.6171875|13.62676547697|100.3169346286|-46725|-6492||50560.6171875|143.5||14331.25|141.25|50560.6171875|880447|AIQ3183|0|2653|-1143.75|||3|3|2|1|1|132|5|["132,18,5,3730","132,114,5,570"]|636148153606170000|14:02:40:617
62|1.1|636147910588696491|880447|50565.6015625|13.63447413414|100.3167736963|-46741|-5640||50565.6015625|143||14256.25|140.5|50565.6015625|880447|AIQ3183|0|2653|-1100|||3|3|2|1|1|132|5|["132,18,5,3730","132,114,5,570"]|636148153656020000|14:02:45:602
62|1.1|636147910638611482|880447|50570.6015625|13.64123865515|100.316612764|-46757|-4891||50570.6015625|142.5||14187.5|139.75|50570.6015625|880447|AIQ3183|0|2653|-1062.5|||3|3|2|1|1|132|18|["132,18,5,3730","132,114,5,570"]|636148153706020000|14:02:50:602
62|1.1|636147910688536474|880447|50575.578125|13.6486147189|100.31643573847|-46774|-4075||50575.578125|141.75||14106.25|139.25|50575.578125|880447|AIQ3183|0|2653|-962.5|||3|3|2|1|1|132|18|["132,18,5,3730","132,114,5,570"]|636148153755780000|14:02:55:578
62|1.1|636147910738481468|880447|50580.578125|13.65600687588|100.31628017058|-46790|-3257||50580.578125|141||14031.25|138.5|50580.578125|880447|AIQ3183|0|2653|-906.25|||3|3|2|1|1|132|18|["132,18,5,3730","132,114,5,570"]|636148153805780000|14:03:00:578
62|1.1|636147910788376457|880447|50585.578125|13.66360824485|100.3165591199|-46758|-2416||50585.578125|139||13906.25|137|50585.578125|880447|AIQ3183|0|2653|-1237.5|||3|3|2|1|1|132|5|["132,18,5,3730"]|636148153855780000|14:03:05:578
62|1.1|636147910838301449|880447|50590.5625|13.67065707959|100.3165054758|-46763|-1636||50590.5625|138.5||13825|136|50590.5625|880447|AIQ3183|0|2653|-1318.75|||3|3|2|1|1|132|18|["132,18,5,3730"]|636148153905630000|14:03:10:563
62|1.1|636147910888236442|880447|50595.5625|13.67839792322|100.32007817286|-46375|-781||50595.5625|136.75||13650|134.75|50595.5625|880447|AIQ3183|0|2653|-1400|||3|3|2|1|1|132|5|["132,18,5,3730"]|636148153955630000|14:03:15:563
62|1.1|636147910938151433|880447|50600.5390625|13.68543066473|100.32391909042|-45958|-3||50600.5390625|136||13512.5|133.25|50600.5390625|880447|AIQ3183|0|2653|-1493.75|||3|3|2|1|1|132|18|["132,18,5,3730"]|636148154005390000|14:03:20:539
62|1.1|636147910991186736|880447|50605.859375|13.69172311766|100.3284681101|-45465|692||50605.859375|135||13412.5|132.25|50605.859375|880447|AIQ3183|0|2653|-1375|||3|3|2|1|1|132|18|["132,18,5,3730"]|636148154058590000|14:03:25:859
62|1.1|636147911041111728|880447|50610.8359375|13.69788146034|100.33342482494|-44927|1373||50610.8359375|133.75||13300|131|50610.8359375|880447|AIQ3183|0|2653|-1337.5|||3|3|2|1|1|132|18|["132,18,5,3730"]|636148154108360000|14:03:30:836
62|1.1|636147911091036720|880447|50615.8359375|13.70459770166|100.33727110691|-44510|2115||50615.8359375|132||13168.75|129.75|50615.8359375|880447|AIQ3183|0|2653|-1356.25|||3|3|2|1|1|132|5|["132,18,5,3730"]|636148154158360000|14:03:35:836
62|1.1|636147911140941710|880447|50620.8203125|13.71062193409|100.3404307444|-44167|2781||50620.8203125|130.75||13050|128.5|50620.8203125|880447|AIQ3183|0|2653|-1418.75|||3|3|2|1|1|132|5|["132,18,5,3730"]|636148154208200000|14:03:40:820
62|1.1|636147911190866702|880447|50625.8203125|13.71652278509|100.34383178034|-43798|3433||50625.8203125|130||12937.5|127.25|50625.8203125|880447|AIQ3183|0|2653|-1437.5|||3|3|2|1|1|132|18|["132,18,5,3730"]|636148154258200000|14:03:45:820
62|1.1|636147911240791694|880447|50630.8203125|13.72265430572|100.34732401125|-43419|4111||50630.8203125|128.75||12825|126.25|50630.8203125|880447|AIQ3183|0|2653|-1437.5|||3|3|2|1|1|132|18|["132,18,5,3730"]|636148154308200000|14:03:50:820
62|1.1|636147911290706685|880447|50635.796875|13.7289199366|100.3508913439|-43032|4803||50635.796875|127.5||12687.5|125|50635.796875|880447|AIQ3183|0|2653|-1456.25|||3|3|2|1|1|132|18|["132,18,5,3730"]|636148154357970000|14:03:55:797
62|1.1|636147911340631677|880447|50640.796875|13.73606533072|100.35492001581|-42595|5593||50640.796875|126||12543.75|123.5|50640.796875|880447|AIQ3183|0|2653|-1556.25|||3|3|2|1|1|132|18|["132,18,5,3730"]|636148154407970000|14:04:00:797
62|1.1|636147911390566670|880447|50645.78125|13.74206810551|100.35851953492|-42205|6257||50645.78125|124.75||12393.75|122|50645.78125|880447|AIQ3183|0|2653|-1593.75|||3|3|2|1|1|132|18|["132,18,5,3730"]|636148154457810000|14:04:05:781
62|1.1|636147911440481661|880447|50650.78125|13.74882726211|100.36243018981|-41780|7004||50650.78125|123.25||12287.5|120.75|50650.78125|880447|AIQ3183|0|2653|-1556.25|||3|3|2|1|1|132|5|["132,18,5,3730"]|636148154507810000|14:04:10:781
62|1.1|636147911490396652|880447|50655.78125|13.7553664779|100.36621746327|-41370|7727||50655.78125|122.5||12156.25|119.75|50655.78125|880447|AIQ3183|0|2653|-1493.75|||3|3|2|1|1|132|5|["132,18,5,3730"]|636148154557810000|14:04:15:781
62|1.1|636147911540331645|880447|50660.7578125|13.76201298189|100.37013884698|-40945|8461||50660.7578125|121.75||12068.75|118.75|50660.7578125|880447|AIQ3183|0|2653|-1418.75|||3|3|2|1|1|132|18|["132,18,5,3730"]|636148154607580000|14:04:20:758
62|1.1|636147911590236635|880447|50665.7578125|13.76760806152|100.37358816261|-40571|9080||50665.7578125|120.75||12031.25|118.5|50665.7578125|880447|AIQ3183|0|2653|-925|||3|3|2|1|1|132|18|["132,18,5,3730"]|636148154657580000|14:04:25:758
62|1.1|636147911640161627|880447|50670.7421875|13.77416873495|100.37737543607|-40160|9805||50670.7421875|120||11931.25|117.5|50670.7421875|880447|AIQ3183|0|2653|-962.5|||3|3|2|1|1|132|18|["132,18,5,3730"]|636148154707420000|14:04:30:742
62|1.1|636147911690086619|880447|50675.7421875|13.78049873875|100.38110370102|-39755|10505||50675.7421875|118.75||11843.75|116.5|50675.7421875|880447|AIQ3183|0|2653|-1125|||3|3|2|1|1|132|18|["132,18,5,3730"]|636148154757420000|14:04:35:742
62|1.1|636147911740011611|880447|50680.7421875|13.78682337814|100.38485342361|-39349|11204||50680.7421875|117.75||11756.25|115.25|50680.7421875|880447|AIQ3183|0|2653|-1200|||3|3|2|1|1|132|18|["132,18,5,3730"]|636148154807420000|14:04:40:742
62|1.1|636147911789936603|880447|50685.71875|13.79180691503|100.38783603557|-39026|11755||50685.71875|116.25||11612.5|114|50685.71875|880447|AIQ3183|0|2653|-1318.75|||3|3|2|1|1|132|5|["132,18,5,3730"]|636148154857190000|14:04:45:719
62|1.1|636147911839851594|880447|50690.71875|13.79785796951|100.39140336822|-38639|12424||50690.71875|115.25||11506.25|112.75|50690.71875|880447|AIQ3183|0|2653|-1375|||3|3|2|1|1|132|18|["132,18,5,3730"]|636148154907190000|14:04:50:719
62|1.1|636147911889776586|880447|50695.6953125|13.80465467698|100.39526037901|-38221|13175||50695.6953125|114.25||11362.5|111.5|50695.6953125|880447|AIQ3183|0|2653|-1400|||3|3|2|1|1|132|18|["132,18,5,3730"]|636148154956950000|14:04:55:695
62|1.1|636147911939711579|880447|50700.6953125|13.81090421463|100.3989028134|-37826|13866||50700.6953125|113.5||11243.75|110.75|50700.6953125|880447|AIQ3183|0|2653|-1218.75|||3|3|2|1|1|132|18|["132,18,5,3730"]|636148155006950000|14:05:00:695
62|1.1|636147911989616569|880447|50705.6953125|13.81711620141|100.40254524779|-37431|14553||50705.6953125|113||11162.5|110.5|50705.6953125|880447|AIQ3183|0|2653|-943.75|||3|3|2|1|1|132|18|["132,18,5,3730"]|636148155056950000|14:05:05:695
62|1.1|636147912039531560|880447|50710.6796875|13.82191198395|100.40547421565|-37114|15083||50710.6796875|112.25||11206.25|110.25|50710.6796875|880447|AIQ3183|0|2653|-631.25|||3|3|2|1|1|132|5|["132,18,5,3730"]|636148155106800000|14:05:10:680
62|1.1|636147912089456552|880447|50715.6796875|13.82768945352|100.40889670923|-36743|15722||50715.6796875|112||11150|109.75|50715.6796875|880447|AIQ3183|0|2653|-650|||3|3|2|1|1|132|18|["132,18,5,3730"]|636148155156800000|14:05:15:680
62|1.1|636147912139381544|880447|50720.65625|13.83405164378|100.41259278772|-36342|16425||50720.65625|111.25||11087.5|109|50720.65625|880447|AIQ3183|0|2653|-687.5|||3|3|2|1|1|132|18|["132,18,5,3730"]|636148155206560000|14:05:20:656
62|1.1|636147912189296535|880447|50725.65625|13.83960917254|100.41594017956|-35980|17039||50725.65625|110.75||11056.25|108.5|50725.65625|880447|AIQ3183|0|2653|-650|||3|3|2|1|1|132|114|["132,18,5,3730","132,114,4,570"]|636148155256560000|14:05:25:656
62|1.1|636147912239221527|880447|50730.65625|13.84547783708|100.41943777488|-35601|17688||50730.65625|110.25||11006.25|108|50730.65625|880447|AIQ3183|0|2653|-631.25|||3|3|2|1|1|132|114|["132,18,5,3730","132,114,4,570"]|636148155306560000|14:05:30:656
62|1.1|636147912289146519|880447|50735.640625|13.85164154417|100.42304802281|-35209|18370||50735.640625|109.75||10956.25|107.75|50735.640625|880447|AIQ3183|0|2653|-587.5|||3|3|2|1|1|132|114|["132,18,5,3730","132,114,5,601"]|636148155356410000|14:05:35:641
62|1.1|636147912339061510|880447|50740.640625|13.85682356423|100.42614328738|-34874|18942||50740.640625|109||10906.25|107.25|50740.640625|880447|AIQ3183|0|2653|-568.75|||3|3|2|1|1|132|5|["132,18,5,3730","132,114,5,601"]|636148155406410000|14:05:40:641
62|1.1|636147912388996503|880447|50745.6171875|13.86191438932|100.42914735698|-34548|19505||50745.6171875|108.5||10850|106.5|50745.6171875|880447|AIQ3183|0|2653|-650|||3|3|2|1|1|132|114|["132,18,5,3730","132,114,5,601"]|636148155456170000|14:05:45:617
62|1.1|636147912438921495|880447|50750.6171875|13.86720369758|100.43229626565|-34207|20090||50750.6171875|107.75||10768.75|105.75|50750.6171875|880447|AIQ3183|0|2653|-731.25|||3|3|2|1|1|132|114|["132,18,5,3730","132,114,5,601"]|636148155506170000|14:05:50:617
62|1.1|636147912488836486|880447|50755.6171875|13.87250909907|100.4354344455|-33867|20677||50755.6171875|106.75||10675|104.75|50755.6171875|880447|AIQ3183|0|2653|-943.75|||3|3|2|1|1|132|114|["132,18,5,3730","132,114,5,601"]|636148155556170000|14:05:55:617
62|1.1|636147912538771479|880447|50760.6015625|13.87843677212|100.43883548144|-33499|21332||50760.6015625|105.75||10568.75|103.75|50760.6015625|880447|AIQ3183|0|2653|-1043.75|||3|3|2|1|1|132|114|["132,18,5,3730","132,114,5,601"]|636148155606020000|14:06:00:602
62|1.1|636147912588676469|880447|50765.6015625|13.8843268943|100.44226870384|-33127|21983||50765.6015625|104.5||10450|102.5|50765.6015625|880447|AIQ3183|0|2653|-1162.5|||3|3|2|1|1|132|5|["132,18,5,3730","132,114,5,601"]|636148155656020000|14:06:05:602
62|1.1|636147912638601461|880447|50770.578125|13.88990051629|100.44555708717|-32771|22599||50770.578125|103.75||10331.25|101.5|50770.578125|880447|AIQ3183|0|2653|-1218.75|||3|3|2|1|1|132|114|["132,18,5,3730","132,114,5,601"]|636148155705780000|14:06:10:578
62|1.1|636147912688526453|880447|50775.578125|13.895431223|100.44881864845|-32417|23211||50775.578125|102.25||10200|100.25|50775.578125|880447|AIQ3183|0|2653|-1281.25|||3|3|2|1|1|132|114|["132,18,5,3730","132,114,5,601"]|636148155755780000|14:06:15:578
62|1.1|636147912738451445|880447|50780.578125|13.90089219238|100.4520641165|-32066|23814||50780.578125|100.75||10043.75|98.5|50780.578125|880447|AIQ3183|0|2653|-1518.75|||3|3|2|1|1|132|114|["132,18,5,3730","132,114,5,601"]|636148155805780000|14:06:20:578
62|1.1|636147912788366436|880447|50785.5625|13.90629951766|100.45524521163|-31721|24412||50785.5625|99.5||9900|97.25|50785.5625|880447|AIQ3183|0|2653|-1593.75|||3|3|2|1|1|132|114|["132,18,5,3730","132,114,5,601"]|636148155855630000|14:06:25:563
62|1.1|636147912838281427|880447|50790.5625|13.91110602902|100.45813126421|-31409|24944||50790.5625|98.5||9800|96|50790.5625|880447|AIQ3183|0|2653|-1537.5|||3|3|2|1|1|132|114|["132,18,5,3730","132,114,5,601"]|636148155905630000|14:06:30:563
62|1.1|636147912888206419|880447|50795.5390625|13.9169425071|100.46144110518|-31050|25589||50795.5390625|97||9681.25|95|50795.5390625|880447|AIQ3183|0|2653|-1475|||3|3|2|1|1|132|5|["132,18,5,3730","132,114,5,601"]|636148155955390000|14:06:35:539
62|1.1|636147912938121410|880447|50800.5390625|13.92195823045|100.46444517478|-30725|26144||50800.5390625|96.25||9575|93.75|50800.5390625|880447|AIQ3183|0|2653|-1418.75|||3|3|2|1|1|132|114|["132,18,5,3730","132,114,5,601"]|636148156005390000|14:06:40:539
62|1.1|636147912988056403|880447|50805.5390625|13.92771960679|100.46781402426|-30360|26780||50805.5390625|95.25||9475|92.75|50805.5390625|880447|AIQ3183|0|2653|-1375|||3|3|2|1|1|132|114|["132,18,5,3730","132,114,5,601"]|636148156055390000|14:06:45:539
62|1.1|636147913037971394|880447|50810.515625|13.93333077965|100.47111850082|-30002|27401||50810.515625|94.25||9362.5|91.75|50810.515625|880447|AIQ3183|0|2653|-1318.75|||3|3|2|1|1|132|114|["132,18,5,3730","132,114,5,601"]|636148156105160000|14:06:50:516
62|1.1|636147913087896386|880447|50815.515625|13.93824457921|100.47410647719|-29679|27944||50815.515625|93.25||9287.5|91|50815.515625|880447|AIQ3183|0|2653|-1200|||3|3|2|1|1|132|18|["132,18,5,3730","132,114,5,601"]|636148156155160000|14:06:55:516
62|1.1|636147913137811377|880447|50820.5|13.94327103138|100.47713200443|-29351|28500||50820.5|92||9181.25|90|50820.5|880447|AIQ3183|0|2653|-1181.25|||3|3|2|1|1|132|114|["132,18,5,3730","132,114,5,601"]|636148156205000000|14:07:00:500
62|1.1|636147913187736369|880447|50825.5|13.94844232262|100.48021117577|-29018|29072||50825.5|91.25||9087.5|89|50825.5|880447|AIQ3183|0|2653|-1181.25|||3|3|2|1|1|132|18|["132,18,5,3730","132,114,5,601"]|636148156255000000|14:07:05:500
62|1.1|636147913237651360|880447|50830.5|13.95436999567|100.4836068473|-28650|29727||50830.5|90||8975|87.75|50830.5|880447|AIQ3183|0|2653|-1218.75|||3|3|2|1|1|132|114|["132,18,5,3730","132,114,5,601"]|636148156305000000|14:07:10:500
62|1.1|636147913287576352|880447|50835.4765625|13.96012064319|100.48698106119|-28285|30363||50835.4765625|88.75||8850|86.5|50835.4765625|880447|AIQ3183|0|2653|-1337.5|||3|3|2|1|1|132|18|["132,18,5,3730","132,114,5,601"]|636148156354770000|14:07:15:477
62|1.1|636147913337501344|880447|50840.4765625|13.96572645164|100.4903123598|-27924|30983||50840.4765625|87.5||8718.75|85.25|50840.4765625|880447|AIQ3183|0|2653|-1418.75|||3|3|2|1|1|132|18|["132,18,5,3730","132,114,5,601"]|636148156404770000|14:07:20:477
62|1.1|636147913387416335|880447|50845.4609375|13.9711766922|100.49355782785|-27573|31586||50845.4609375|86.5||8593.75|84|50845.4609375|880447|AIQ3183|0|2653|-1418.75|||3|3|2|1|1|132|18|["132,18,5,3730","132,114,5,601"]|636148156454610000|14:07:25:461
62|1.1|636147913437341327|880447|50850.4609375|13.97561305927|100.49630977018|-27275|32076||50850.4609375|85.25||8506.25|83|50850.4609375|880447|AIQ3183|0|2653|-1356.25|||3|3|2|1|1|132|18|["132,18,5,3730","132,114,5,601"]|636148156504610000|14:07:30:461
62|1.1|636147913487266319|880447|50855.4609375|13.98129933387|100.49961424674|-26917|32705||50855.4609375|84.25||8381.25|81.75|50855.4609375|880447|AIQ3183|0|2653|-1356.25|||3|3|2|1|1|132|5|["132,18,5,3730","132,114,5,601"]|636148156554610000|14:07:35:461
62|1.1|636147913537181310|880447|50860.4375|13.98666374387|100.50280070628|-26573|33298||50860.4375|84.25||8268.75|80.75|50860.4375|880447|AIQ3183|0|2653|-1337.5|||3|3|2|1|1|132|18|["132,18,5,3730","132,114,5,601"]|636148156604380000|14:07:40:438
62|1.1|636147913587106302|880447|50865.4375|13.99153999256|100.50573503855|-26255|33837||50865.4375|82.5||8187.5|80|50865.4375|880447|AIQ3183|0|2653|-1262.5|||3|3|2|1|1|132|5|["132,18,5,3730","132,114,5,601"]|636148156654380000|14:07:45:438
62|1.1|636147913637031294|880447|50870.421875|13.99677029231|100.50884639635|-25918|34416||50870.421875|82.25||8087.5|79|50870.421875|880447|AIQ3183|0|2653|-1237.5|||3|3|2|1|1|132|18|["132,18,5,3730"]|636148156704220000|14:07:50:422
62|1.1|636147913686956286|880447|50875.421875|14.00256921952|100.51213477968|-25562|35057||50875.421875|80.75||7962.5|78|50875.421875|880447|AIQ3183|0|2653|-1237.5|||3|3|2|1|1|132|5|["132,18,5,3730"]|636148156754220000|14:07:55:422
62|1.1|636147913736871277|880447|50880.421875|14.00800873126|100.51532123922|-25218|35658||50880.421875|80||7856.25|76.75|50880.421875|880447|AIQ3183|0|2653|-1262.5|||3|3|2|1|1|132|18|["132,18,5,3730"]|636148156804220000|14:08:00:422
62|1.1|636147913786806270|880447|50885.3984375|14.0133945989|100.5184755123|-24876|36254||50885.3984375|78.5||7756.25|76|50885.3984375|880447|AIQ3183|0|2653|-1218.75|||3|3|2|1|1|132|5|["132,18,5,3730"]|636148156853980000|14:08:05:398
62|1.1|636147913836721261|880447|50890.3984375|14.01879655977|100.52161369215|-24536|36852||50890.3984375|77.5||7662.5|74.75|50890.3984375|880447|AIQ3183|0|2653|-1218.75|||3|3|2|1|1|132|5|["132,18,5,3730"]|636148156903980000|14:08:10:398
62|1.1|636147913886636252|880447|50895.375|14.02298079957|100.52419933777|-24257|37314||50895.375|75.5||7537.5|73.5|50895.375|880447|AIQ3183|0|2653|-1300|||3|3|2|1|1|132|5|["132,18,5,3730"]|636148156953750000|14:08:15:375
62|1.1|636147913936581246|880447|50900.375|14.02801798056|100.52718194973|-23934|37871||50900.375|74.5||7425|72.25|50900.375|880447|AIQ3183|0|2653|-1375|||3|3|2|1|1|132|5|["132,18,5,3730"]|636148157003750000|14:08:20:375
62|1.1|636147913986486236|880447|50905.375|14.03371498398|100.53048106188|-23577|38501||50905.375|73.5||7287.5|71|50905.375|880447|AIQ3183|0|2653|-1456.25|||3|3|2|1|1|132|5|["132,18,5,3730"]|636148157053750000|14:08:25:375
62|1.1|636147914036401227|880447|50910.359375|14.0392510551|100.53372652993|-23226|39113||50910.359375|72.5||7162.5|69.5|50910.359375|880447|AIQ3183|0|2653|-1537.5|||3|3|2|1|1|132|5|["132,18,5,3730"]|636148157103590000|14:08:30:359
62|1.1|636147914086336220|880447|50915.359375|14.04471738889|100.53693444711|-22879|39718||50915.359375|71.5||7031.25|68.25|50915.359375|880447|AIQ3183|0|2653|-1537.5|||3|3|2|1|1|132|5|["132,18,5,3730"]|636148157153590000|14:08:35:359
62|1.1|636147914136251211|880447|50920.3359375|14.04973311224|100.53997606758|-22550|40272||50920.3359375|69.5||6918.75|67.25|50920.3359375|880447|AIQ3183|0|2653|-1475|||3|3|2|1|1|132|5|["132,18,5,3730"]|636148157203360000|14:08:40:336
62|1.1|636147914186166202|880447|50925.3359375|14.0551297087|100.54314643389|-22207|40869||50925.3359375|68.5||6806.25|66|50925.3359375|880447|AIQ3183|0|2653|-1456.25|||3|3|2|1|1|132|5|["132,18,5,3730"]|636148157253360000|14:08:45:336
62|1.1|636147914236091194|880447|50930.3359375|14.05981283863|100.54600030001|-21898|41387||50930.3359375|67.75||6725|65.25|50930.3359375|880447|AIQ3183|0|2653|-1300|||3|3|2|1|1|132|5|["132,18,5,3730"]|636148157303360000|14:08:50:336
62|1.1|636147914286016186|880447|50935.3203125|14.06524162155|100.5491599375|-21556|41988||50935.3203125|66.75||6612.5|64.25|50935.3203125|880447|AIQ3183|0|2653|-1262.5|||3|3|2|1|1|132|5|["132,18,5,3730"]|636148157353200000|14:08:55:320
62|1.1|636147914335941178|880447|50940.3203125|14.07062748919|100.55231957499|-21215|42583||50940.3203125|65.75||6493.75|63.25|50940.3203125|880447|AIQ3183|0|2653|-1281.25|||3|3|2|1|1|132|5|["132,18,5,3730"]|636148157403200000|14:09:00:320
62|1.1|636147914385856169|880447|50945.296875|14.07539644968|100.5552217208|-20901|43110||50945.296875|65||6412.5|62.25|50945.296875|880447|AIQ3183|0|2653|-1237.5|||3|3|2|1|1|132|5|["132,18,5,3730"]|636148157452970000|14:09:05:297
62|1.1|636147914435791162|880447|50950.296875|14.08006348638|100.55794147667|-20607|43627||50950.296875|63.25||6318.75|61.25|50950.296875|880447|AIQ3183|0|2653|-1200|||3|3|2|1|1|132|5|["132,18,5,3730"]|636148157502970000|14:09:10:297
62|1.1|636147914485716154|880447|50955.296875|14.08511139619|100.56089190217|-20288|44185||50955.296875|62.5||6225|60.25|50955.296875|880447|AIQ3183|0|2653|-1200|||3|3|2|1|1|132|5|["132,18,5,3730"]|636148157552970000|14:09:15:297
62|1.1|636147914535621144|880447|50960.28125|14.09017539923|100.56386914972|-19966|44745||50960.28125|61.5||6112.5|59.25|50960.28125|880447|AIQ3183|0|2653|-1200|||3|3|2|1|1|132|5|["132,18,5,3730"]|636148157602810000|14:09:20:281
62|1.1|636147914585556137|880447|50965.28125|14.09585630942|100.56710388895|-19616|45373||50965.28125|60.75||5993.75|58.25|50965.28125|880447|AIQ3183|0|2653|-1237.5|||3|3|2|1|1|132|5|["132,18,5,3730"]|636148157652810000|14:09:25:281
62|1.1|636147914635471128|880447|50970.2578125|14.10142993141|100.57037617905|-19262|45990||50970.2578125|60||5875|56.75|50970.2578125|880447|AIQ3183|0|2653|-1300|||3|3|2|1|1|132|18|["132,18,5,3730"]|636148157702580000|14:09:30:258
62|1.1|636147914685396120|880447|50975.2578125|14.1059843155|100.57347680803|-18927|46493||50975.2578125|57.5||5737.5|55.5|50975.2578125|880447|AIQ3183|0|2653|-1418.75|||3|3|2|1|1|132|5|["132,18,5,3730"]|636148157752580000|14:09:35:258
62|1.1|636147914735311111|880447|50980.2578125|14.11042604698|100.57677592018|-18570|46984||50980.2578125|56.5||5618.75|54.25|50980.2578125|880447|AIQ3183|0|2653|-1437.5|||3|3|2|1|1|132|5|["132,18,5,3730"]|636148157802580000|14:09:40:258
62|1.1|636147914785226102|880447|50985.2421875|14.11503407517|100.58084214296|-18131|47494||50985.2421875|55.25||5468.75|52.75|50985.2421875|880447|AIQ3183|0|2653|-1493.75|||3|3|2|1|1|132|5|["132,18,5,3730"]|636148157852420000|14:09:45:242
62|1.1|636147914835151094|880447|50990.2421875|14.11883207745|100.58579349339|-17596|47914||50990.2421875|54.25||5331.25|51.5|50990.2421875|880447|AIQ3183|0|2653|-1537.5|||3|3|2|1|1|132|5|["132,18,5,3730"]|636148157902420000|14:09:50:242
62|1.1|636147914885076086|880447|50995.21875|14.12113340934|100.59132956451|-16998|48168||50995.21875|53.25||5231.25|50.25|50995.21875|880447|AIQ3183|0|2653|-1518.75|||3|3|2|1|1|132|5|["132,18,5,3730"]|636148157952190000|14:09:55:219
62|1.1|636147914935001078|880447|51000.21875|14.12060769716|100.59828720428|-16247|48109||51000.21875|51.5||5137.5|49.25|51000.21875|880447|AIQ3183|0|2653|-1418.75|||3|3|2|1|1|132|5|["132,18,5,3730"]|636148158002190000|14:10:00:219
62|1.1|636147914984926070|880447|51005.21875|14.12041994281|100.60434362317|-15593|48088||51005.21875|50.75||5056.25|48.5|51005.21875|880447|AIQ3183|0|2653|-1281.25|||3|3|2|1|1|132|5|["132,18,5,3730"]|636148158052190000|14:10:05:219
62|1.1|636147915034841061|880447|51010.1953125|14.11945434901|100.61012645715|-14968|47981||51010.1953125|50.25||4993.75|48|51010.1953125|880447|AIQ3183|0|2653|-1100|||3|3|2|1|1|132|5|["132,18,5,3730"]|636148158101950000|14:10:10:195
62|1.1|636147915084766053|880447|51015.1953125|14.11734613588|100.61613459635|-14320|47747||51015.1953125|49.75||4918.75|47.5|51015.1953125|880447|AIQ3183|0|2653|-887.5|||3|3|2|1|1|132|5|["132,18,5,3730"]|636148158151950000|14:10:15:195
62|1.1|636147915134691045|880447|51020.1796875|14.11527547362|100.62100011622|-13794|47518||51020.1796875|49.5||4900|47|51020.1796875|880447|AIQ3183|0|2653|-731.25|||3|3|2|1|1|132|5|["132,18,5,3730"]|636148158201800000|14:10:20:180
62|1.1|636147915184606036|880447|51025.1796875|14.11235723458|100.62616067864|-13238|47195||51025.1796875|49||4856.25|46.75|51025.1796875|880447|AIQ3183|0|2653|-650|||3|3|2|1|1|132|5|["132,18,5,3730"]|636148158251800000|14:10:25:180
62|1.1|636147915234531028|880447|51030.1796875|14.10968039399|100.63048975751|-12770|46898||51030.1796875|48.5||4812.5|46.25|51030.1796875|880447|AIQ3183|0|2653|-631.25|||3|3|2|1|1|132|5|["132,18,5,3730"]|636148158301800000|14:10:30:180
62|1.1|636147915284456020|880447|51035.15625|14.10720203657|100.63529090446|-12252|46624||51035.15625|48||4768.75|45.5|51035.15625|880447|AIQ3183|0|2653|-631.25|||3|3|2|1|1|132|18|["132,18,5,3730"]|636148158351560000|14:10:35:156
62|1.1|636147915334381012|880447|51040.15625|14.10471831474|100.640086687|-11734|46348||51040.15625|47.25||4718.75|45|51040.15625|880447|AIQ3183|0|2653|-687.5|||3|3|2|1|1|132|18|["132,18,5,3730"]|636148158401560000|14:10:40:156
62|1.1|636147915384296003|880447|51045.140625|14.10169815191|100.64343407884|-11373|46014||51045.140625|46.75||4643.75|44.25|51045.140625|880447|AIQ3183|0|2653|-668.75|||3|3|2|1|1|132|18|["132,18,5,3730"]|636148158451410000|14:10:45:141
62|1.1|636147915434220995|880447|51050.140625|14.09888183666|100.64817085287|-10861|45703||51050.140625|46||4575|43.75|51050.140625|880447|AIQ3183|0|2653|-668.75|||3|3|2|1|1|132|5|["132,18,5,3730"]|636148158501410000|14:10:50:141
62|1.1|636147915484135986|880447|51055.140625|14.0962210893|100.65268768609|-10374|45408||51055.140625|45.5||4518.75|43.25|51055.140625|880447|AIQ3183|0|2653|-668.75|||3|3|2|1|1|132|5|["132,18,5,3730"]|636148158551410000|14:10:55:141
62|1.1|636147915534070979|880447|51060.1171875|14.09396267269|100.65649641719|-9962|45158||51060.1171875|45||4468.75|42.75|51060.1171875|880447|AIQ3183|0|2653|-687.5|||3|3|2|1|1|132|5|["132,18,5,3730"]|636148158601170000|14:11:00:117
62|1.1|636147915583985970|880447|51065.1171875|14.09173644254|100.66038561444|-9543|44912||51065.1171875|44.5||4412.5|42|51065.1171875|880447|AIQ3183|0|2653|-668.75|||3|3|2|1|1|132|18|["132,18,5,3730"]|636148158651170000|14:11:05:117
