62|1.1|636147897409668720|881043|49247.71875|11.69694043711|100.36797162534|-41526|-220018||49247.71875|320||32000|317.75|49247.71875|881043|NOK7115|0|2517|0|||3|3|0|1|1|132|210|["132,18,5,3699","132,210,2,2118","132,82,5"]|636148140477190000|13:40:47:719
62|1.1|636147897459593712|881043|49252.6953125|11.70784628264|100.36779459981|-41543|-218811||49252.6953125|320||32000|317.75|49252.6953125|881043|NOK7115|0|2517|0|||3|3|0|1|1|132|82|["132,18,5,3699","132,210,2,2118","132,82,5"]|636148140526950000|13:40:52:695
62|1.1|636147897509518704|881043|49257.6953125|11.71770070381|100.36756929459|-41566|-217721||49257.6953125|320||31993.75|317.75|49257.6953125|881043|NOK7115|0|2517|0|||3|3|0|1|1|132|82|["132,18,5,3699","132,210,2,2118","132,82,5"]|636148140576950000|13:40:57:695
62|1.1|636147897559443696|881043|49262.6953125|11.72857972729|100.36729034527|-41595|-216517||49262.6953125|320||31993.75|317.75|49262.6953125|881043|NOK7115|0|2517|0|||3|3|0|1|1|132|82|["132,18,5,3699","132,210,2,2118","132,82,5"]|636148140626950000|13:41:02:695
62|1.1|636147897609358687|881043|49267.6796875|11.73903496238|100.36698993831|-41626|-215360||49267.6796875|320||31993.75|317.75|49267.6796875|881043|NOK7115|0|2517|0|||3|3|0|1|1|132|82|["132,18,5,3699","132,210,2,2118","132,82,5"]|636148140676800000|13:41:07:680
62|1.1|636147897659283679|881043|49272.6796875|11.74971013828|100.36668953135|-41657|-214179||49272.6796875|320||32000|317.75|49272.6796875|881043|NOK7115|0|2517|0|||3|3|0|1|1|132|210|["132,18,5,3699","132,210,2,2118","132,82,5"]|636148140726800000|13:41:12:680
62|1.1|636147897709208671|881043|49277.65625|11.76130262829|100.36630329383|-41697|-212896||49277.65625|320||32006.25|317.75|49277.65625|881043|NOK7115|0|2517|0|||3|3|0|1|1|132|210|["132,18,5,3699","132,210,2,2118","132,82,5"]|636148140776560000|13:41:17:656
62|1.1|636147897759123662|881043|49282.65625|11.77287366066|100.36594924277|-41734|-211616||49282.65625|320||32000|317.75|49282.65625|881043|NOK7115|0|2517|0|||3|3|0|1|1|132|83|["132,18,5,3699","132,210,2,2118","132,82,5"]|636148140826560000|13:41:22:656
62|1.1|636147897809048654|881043|49287.65625|11.78252959866|100.36562737817|-41767|-210547||49287.65625|320||32000|317.75|49287.65625|881043|NOK7115|0|2517|0|||3|3|0|1|1|132|210|["132,18,5,3699","132,210,2,2118","132,82,5"]|636148140876560000|13:41:27:656
62|1.1|636147897858963645|881043|49292.640625|11.79319404574|100.36528942034|-41803|-209367||49292.640625|320||32000|317.75|49292.640625|881043|NOK7115|0|2517|0|||3|3|0|1|1|132|210|["132,18,5,3699","132,210,2,2118","132,82,5"]|636148140926410000|13:41:32:641
62|1.1|636147897908888637|881043|49297.640625|11.80509230712|100.36491927605|-41841|-208051||49297.640625|320||32006.25|317.75|49297.640625|881043|NOK7115|0|2517|0|||3|3|0|1|1|132|210|["132,18,5,3699","132,210,2,2118","132,82,5"]|636148140976410000|13:41:37:641
62|1.1|636147897958803628|881043|49302.6171875|11.81621809346|100.36464569114|-41869|-206820||49302.6171875|320||32012.5|317.75|49302.6171875|881043|NOK7115|0|2517|0|||3|3|0|1|1|132|210|["132,18,5,3699","132,210,2,2118","132,82,5"]|636148141026170000|13:41:42:617
62|1.1|636147898008728620|881043|49307.6171875|11.82747262564|100.36437210623|-41897|-205574||49307.6171875|320||32018.75|317.75|49307.6171875|881043|NOK7115|0|2517|0|||3|3|0|1|1|132|210|["132,18,5,3699","132,210,2,2118","132,82,5"]|636148141076170000|13:41:47:617
62|1.1|636147898058653612|881043|49312.6171875|11.83863059844|100.36413070778|-41921|-204339||49312.6171875|320||32025|317.75|49312.6171875|881043|NOK7115|0|2517|0|||3|3|0|1|1|132|210|["132,18,5,3699","132,210,2,2118","132,82,5"]|636148141126170000|13:41:52:617
62|1.1|636147898108578604|881043|49317.6015625|11.84981539329|100.36367473293|-41969|-203102||49317.6015625|320||32025|317.75|49317.6015625|881043|NOK7115|0|2517|0|||3|3|0|1|1|132|210|["132,18,5,3699","132,210,2,2118","132,82,5"]|636148141176020000|13:41:57:602
62|1.1|636147898158493595|881043|49322.6015625|11.86095190845|100.36332068187|-42006|-201869||49322.6015625|320||32031.25|317.75|49322.6015625|881043|NOK7115|0|2517|0|||3|3|0|1|1|132|210|["132,18,5,3699","132,210,2,2118","132,82,5"]|636148141226020000|13:42:02:602
62|1.1|636147898208418587|881043|49327.578125|11.87193822013|100.36295590199|-42044|-200654||49327.578125|320||32031.25|317.75|49327.578125|881043|NOK7115|0|2517|0|||3|3|0|1|1|132|210|["132,18,5,3699","132,210,2,2118","132,82,5"]|636148141275780000|13:42:07:578
62|1.1|636147898258333578|881043|49332.578125|11.88294062504|100.36258039329|-42083|-199436||49332.578125|320||32025|317.75|49332.578125|881043|NOK7115|0|2517|0|||3|3|0|1|1|132|210|["132,18,5,3699","132,210,2,2118","132,82,5"]|636148141325780000|13:42:12:578
62|1.1|636147898308258570|881043|49337.578125|11.89387329262|100.36243018981|-42097|-198226||49337.578125|320||32025|317.75|49337.578125|881043|NOK7115|0|2517|0|||3|3|0|1|1|132|18|["132,18,5,3699","132,210,2,2118","132,82,5"]|636148141375780000|13:42:17:578
62|1.1|636147898358183562|881043|49342.5625|11.90481132461|100.36203322347|-42139|-197016||49342.5625|320||32018.75|317.75|49342.5625|881043|NOK7115|0|2517|0|||3|3|0|1|1|132|18|["132,18,5,3699","132,210,2,2118","132,82,5"]|636148141425630000|13:42:22:563
62|1.1|636147898408108554|881043|49347.5625|11.91579227188|100.36157724862|-42187|-195801||49347.5625|320||32018.75|317.75|49347.5625|881043|NOK7115|0|2517|0|||3|3|0|1|1|132|5|["132,18,5,3699","132,210,2,2118","132,82,5"]|636148141475630000|13:42:27:563
62|1.1|636147898458023545|881043|49352.5390625|11.92645135455|100.36138949427|-42206|-194622||49352.5390625|320||32006.25|317.75|49352.5390625|881043|NOK7115|0|2517|0|||3|3|0|1|1|132|210|["132,18,5,3699","132,210,2,2118","132,82,5"]|636148141525390000|13:42:32:539
62|1.1|636147898507948537|881043|49357.5390625|11.93744303064|100.36105690085|-42240|-193405||49357.5390625|320||32000|317.75|49357.5390625|881043|NOK7115|0|2517|0|||3|3|0|1|1|132|18|["132,18,5,3699","132,210,2,2118","132,82,5"]|636148141575390000|13:42:37:539
62|1.1|636147898557873529|881043|49362.5390625|11.94846689319|100.36078331594|-42268|-192185||49362.5390625|320||32000|317.75|49362.5390625|881043|NOK7115|0|2517|0|||3|3|0|1|1|132|18|["132,18,5,3699","132,210,2,2118","132,82,5"]|636148141625390000|13:42:42:539
62|1.1|636147898607788520|881043|49367.515625|11.95813356001|100.36052045985|-42295|-191116||49367.515625|320||32000|317.75|49367.515625|881043|NOK7115|0|2517|0|||3|3|0|1|1|132|210|["132,18,5,3699","132,210,2,2118","132,82,5"]|636148141675160000|13:42:47:516
62|1.1|636147898657713512|881043|49372.515625|11.96799871|100.36032197668|-42315|-190024||49372.515625|320||32000|317.75|49372.515625|881043|NOK7115|0|2517|0|||3|3|0|1|1|132|5|["132,18,5,3699","132,210,2,2118","132,82,5"]|636148141725160000|13:42:52:516
62|1.1|636147898707638504|881043|49377.5|11.97873289441|100.36007521382|-42340|-188836||49377.5|320||32000|317.75|49377.5|881043|NOK7115|0|2517|0|||3|3|0|1|1|132|5|["132,18,5,3699","132,210,2,2118","132,82,5"]|636148141775000000|13:42:57:500
62|1.1|636147898757563496|881043|49382.5|11.99055605405|100.35978017127|-42370|-187528||49382.5|320||32006.25|317.75|49382.5|881043|NOK7115|0|2517|0|||3|3|0|1|1|132|18|["132,18,5,3699","132,210,2,2118","132,82,5"]|636148141825000000|13:43:02:500
62|1.1|636147898807478487|881043|49387.5|12.002330934|100.35947976431|-42401|-186225||49387.5|320||32012.5|317.75|49387.5|881043|NOK7115|0|2517|0|||3|3|0|1|1|132|18|["132,18,5,3699","132,210,2,2118","132,82,5"]|636148141875000000|13:43:07:500
62|1.1|636147898857403479|881043|49392.4765625|12.01364447469|100.35917935735|-42432|-184974||49392.4765625|320||32012.5|317.75|49392.4765625|881043|NOK7115|0|2517|0|||3|3|0|1|1|132|18|["132,18,5,3699","132,210,2,2118","132,82,5"]|636148141924770000|13:43:12:477
62|1.1|636147898907328471|881043|49397.4765625|12.02495801538|100.35886822157|-42464|-183721||49397.4765625|320||32018.75|317.75|49397.4765625|881043|NOK7115|0|2517|0|||3|3|0|1|1|132|18|["132,18,5,3699","132,210,2,2118","132,82,5"]|636148141974770000|13:43:17:477
62|1.1|636147898957243462|881043|49402.4609375|12.03351961374|100.35855172138|-42497|-182774||49402.4609375|320||32000|317.75|49402.4609375|881043|NOK7115|0|2517|0|||3|3|0|1|1|132|83|["132,18,5,3699","132,210,2,2118","132,82,5"]|636148142024610000|13:43:22:461
62|1.1|636147899007168454|881043|49407.4609375|12.04413041672|100.35822449237|-42531|-181600||49407.4609375|320||32000|317.75|49407.4609375|881043|NOK7115|0|2517|0|||3|3|0|1|1|132|83|["132,18,5,3699","132,210,2,2118","132,82,5"]|636148142074610000|13:43:27:461
62|1.1|636147899057083445|881043|49412.4609375|12.05496652492|100.35792408541|-42562|-180401||49412.4609375|320||32006.25|317.75|49412.4609375|881043|NOK7115|0|2517|0|||3|3|0|1|1|132|5|["132,18,5,3699","132,210,2,2118","132,82,5"]|636148142124610000|13:43:32:461
62|1.1|636147899107008437|881043|49417.4375|12.06594747219|100.35759149199|-42596|-179186||49417.4375|320||32000|317.75|49417.4375|881043|NOK7115|0|2517|0|||3|3|0|1|1|132|5|["132,18,5,3699","132,210,2,2118","132,82,5"]|636148142174380000|13:43:37:438
62|1.1|636147899156933429|881043|49422.4375|12.07762042835|100.35726426298|-42630|-177894||49422.4375|320||32006.25|317.75|49422.4375|881043|NOK7115|0|2517|0|||3|3|0|1|1|132|5|["132,18,5,3699","132,210,2,2118","132,82,5"]|636148142224380000|13:43:42:438
62|1.1|636147899206848420|881043|49427.421875|12.08879449438|100.35695849161|-42661|-176658||49427.421875|320||32006.25|317.75|49427.421875|881043|NOK7115|0|2517|0|||3|3|0|1|1|132|18|["132,18,5,3699","132,210,2,2118","132,82,5"]|636148142274220000|13:43:47:422
62|1.1|636147899256773412|881043|49432.421875|12.09956086525|100.35664199142|-42694|-175467||49432.421875|320||32006.25|317.75|49432.421875|881043|NOK7115|0|2517|0|||3|3|0|1|1|132|18|["132,18,5,3699","132,210,2,2118","132,82,5"]|636148142324220000|13:43:52:422
62|1.1|636147899306698404|881043|49437.421875|12.11008583767|100.35632012682|-42727|-174302||49437.421875|320||32006.25|317.75|49437.421875|881043|NOK7115|0|2517|0|||3|3|0|1|1|132|18|["132,18,5,3699","132,210,2,2118","132,82,5"]|636148142374220000|13:43:57:422
62|1.1|636147899356613395|881043|49442.3984375|12.12065908978|100.35599826222|-42760|-173132||49442.3984375|320||32000|317.75|49442.3984375|881043|NOK7115|0|2517|0|||3|3|0|1|1|132|5|["132,18,5,3699","132,210,2,2118","132,82,5"]|636148142423980000|13:44:02:398
62|1.1|636147899406538387|881043|49447.3984375|12.13158639295|100.35568176203|-42793|-171923||49447.3984375|320||32000|317.75|49447.3984375|881043|NOK7115|0|2517|0|||3|3|0|1|1|132|5|["132,18,5,3699","132,210,2,2118","132,82,5"]|636148142473980000|13:44:07:398
62|1.1|636147899456453378|881043|49452.375|12.14344173905|100.35535453302|-42826|-170611||49452.375|320||32006.25|317.75|49452.375|881043|NOK7115|0|2517|0|||3|3|0|1|1|132|18|["132,18,5,3699","132,210,2,2118","132,82,5"]|636148142523750000|13:44:12:375
62|1.1|636147899506378370|881043|49457.375|12.15460507626|100.35507021929|-42856|-169376||49457.375|320||32012.5|317.75|49457.375|881043|NOK7115|0|2517|0|||3|3|0|1|1|132|18|["132,18,5,3699","132,210,2,2118","132,82,5"]|636148142573750000|13:44:17:375
62|1.1|636147899556303362|881043|49462.375|12.16500666725|100.3547537191|-42888|-168225||49462.375|320||32000|317.75|49462.375|881043|NOK7115|0|2517|0|||3|3|0|1|1|132|18|["132,18,5,3699","132,210,2,2118","132,82,5"]|636148142623750000|13:44:22:375
62|1.1|636147899606228354|881043|49467.359375|12.17562819905|100.35447476978|-42917|-167050||49467.359375|320||32000|317.75|49467.359375|881043|NOK7115|0|2517|0|||3|3|0|1|1|132|18|["132,18,5,3699","132,210,2,2118","132,82,5"]|636148142673590000|13:44:27:359
62|1.1|636147899656143345|881043|49472.359375|12.1874567231|100.35415826959|-42949|-165741||49472.359375|320||32006.25|317.75|49472.359375|881043|NOK7115|0|2517|0|||3|3|0|1|1|132|18|["132,18,5,3699","132,210,2,2118","132,82,5"]|636148142723590000|13:44:32:359
62|1.1|636147899706078338|881043|49477.3359375|12.19858250944|100.35384713381|-42981|-164510||49477.3359375|320||32012.5|317.75|49477.3359375|881043|NOK7115|0|2517|0|||3|3|0|1|1|132|18|["132,18,5,3699","132,210,2,2118","132,82,5"]|636148142773360000|13:44:37:336
62|1.1|636147899755993329|881043|49482.3359375|12.2097726687|100.3535735489|-43009|-163272||49482.3359375|320||32018.75|317.75|49482.3359375|881043|NOK7115|0|2517|0|||3|3|0|1|1|132|18|["132,18,5,3699","132,210,2,2118","132,82,5"]|636148142823360000|13:44:42:336
62|1.1|636147899805918321|881043|49487.3359375|12.22090381945|100.35327314194|-43040|-162040||49487.3359375|320||32018.75|317.75|49487.3359375|881043|NOK7115|0|2517|0|||3|3|0|1|1|132|18|["132,18,5,3699","132,210,2,2118","132,82,5"]|636148142873360000|13:44:47:336
62|1.1|636147899855833312|881043|49492.3203125|12.23192231759|100.35305856554|-43061|-160821||49492.3203125|320||32025|317.75|49492.3203125|881043|NOK7115|0|2517|0|||3|3|0|1|1|132|18|["132,18,5,3699","132,210,2,2118","132,82,5"]|636148142923200000|13:44:52:320
62|1.1|636147899905758304|881043|49497.3203125|12.24302128188|100.35275815858|-43092|-159593||49497.3203125|320||32031.25|317.75|49497.3203125|881043|NOK7115|0|2517|0|||3|3|0|1|1|132|18|["132,18,5,3699","132,210,2,2118","132,82,5"]|636148142973200000|13:44:57:320
62|1.1|636147899955683296|881043|49502.296875|12.25404514443|100.35240410752|-43129|-158373||49502.296875|320||32031.25|317.75|49502.296875|881043|NOK7115|0|2517|0|||3|3|0|1|1|132|18|["132,18,5,3699","132,210,2,2118","132,82,5"]|636148143022970000|13:45:02:297
62|1.1|636147900005598287|881043|49507.296875|12.26480078648|100.3526079551|-43104|-157183||49507.296875|320||32037.5|317.75|49507.296875|881043|NOK7115|0|2517|0|||3|3|0|1|1|132|5|["132,18,5,3699","132,210,2,2118","132,82,5"]|636148143072970000|13:45:07:297
62|1.1|636147900055533280|881043|49512.296875|12.2755939794|100.35257576864|-43106|-155989||49512.296875|320||32037.5|317.75|49512.296875|881043|NOK7115|0|2517|0|||3|3|0|1|1|132|5|["132,18,5,3699","132,210,2,2118","132,82,5"]|636148143122970000|13:45:12:297
62|1.1|636147900105448271|881043|49517.28125|12.28639253673|100.35226999727|-43138|-154794||49517.28125|319.75||32025|317.75|49517.28125|881043|NOK7115|0|2517|0|||3|3|0|1|1|132|18|["132,18,5,3699","132,210,2,2118","132,82,5"]|636148143172810000|13:45:17:281
62|1.1|636147900155363262|881043|49522.28125|12.29727156021|100.35199641236|-43166|-153590||49522.28125|318.75||31987.5|316.5|49522.28125|881043|NOK7115|0|2517|0|||3|3|0|1|1|132|83|["132,18,5,3699","132,210,2,2118","132,82,5"]|636148143222810000|13:45:22:281
62|1.1|636147900205288254|881043|49527.2578125|12.3081559481|100.35170136981|-43196|-152386||49527.2578125|318.25||31925|315.75|49527.2578125|881043|NOK7115|0|2517|-887.5|||3|3|2|1|1|132|18|["132,18,5,3699","132,210,2,2118","132,82,5"]|636148143272580000|13:45:27:258
62|1.1|636147900255233248|881043|49532.2578125|12.31900814953|100.35157262397|-43208|-151185||49532.2578125|317.5||31850|314.5|49532.2578125|881043|NOK7115|0|2517|-1262.5|||3|3|2|1|1|132|18|["132,18,5,3699","132,210,2,2118"]|636148143322580000|13:45:32:258
62|1.1|636147900305138238|881043|49537.2578125|12.3299354527|100.35127758142|-43238|-149976||49537.2578125|316.75||31750|314|49537.2578125|881043|NOK7115|0|2517|-1143.75|||3|3|2|1|1|132|18|["132,18,5,3699","132,210,2,2118"]|636148143372580000|13:45:37:258
62|1.1|636147900355053229|881043|49542.2421875|12.33953238219|100.35025834352|-43347|-148914||49542.2421875|315.75||31575|313.25|49542.2421875|881043|NOK7115|0|2517|-1006.25|||3|3|2|1|1|132|18|["132,18,5,3699","132,210,2,2118"]|636148143422420000|13:45:42:242
62|1.1|636147900404978221|881043|49547.2421875|12.35137699947|100.34967362283|-43409|-147604||49547.2421875|315||31468.75|312.5|49547.2421875|881043|NOK7115|0|2517|-981.25|||3|3|2|1|1|132|18|["132,18,5,3699","132,210,2,2118"]|636148143472420000|13:45:47:242
62|1.1|636147900454893212|881043|49552.21875|12.3623364891|100.34945368202|-43431|-146391||49552.21875|314.25||31393.75|311.5|49552.21875|881043|NOK7115|0|2517|-962.5|||3|3|2|1|1|132|18|["132,18,5,3699","132,210,2,2118"]|636148143522190000|13:45:52:219
62|1.1|636147900504818204|881043|49557.21875|12.37336035165|100.34913181742|-43464|-145171||49557.21875|313.5||31318.75|310.75|49557.21875|881043|NOK7115|0|2517|-943.75|||3|3|2|1|1|132|18|["132,18,5,3699","132,210,2,2118"]|636148143572190000|13:45:57:219
62|1.1|636147900554743196|881043|49562.21875|12.38435202774|100.34892260543|-43485|-143955||49562.21875|312.5||31243.75|310|49562.21875|881043|NOK7115|0|2517|-981.25|||3|3|2|1|1|132|18|["132,18,5,3699","132,210,2,2118"]|636148143622190000|13:46:02:219
62|1.1|636147900604668188|881043|49567.1953125|12.39525250886|100.34889041897|-43487|-142749||49567.1953125|311.75||31156.25|309|49567.1953125|881043|NOK7115|0|2517|-1006.25|||3|3|2|1|1|132|18|["132,18,5,3699","132,210,2,2118"]|636148143671950000|13:46:07:195
62|1.1|636147900654593180|881043|49572.1953125|12.4061100747|100.34918009711|-43453|-141548||49572.1953125|310.75||31062.5|308|49572.1953125|881043|NOK7115|0|2517|-1043.75|||3|3|2|1|1|132|18|["132,18,5,3699","132,210,2,2118"]|636148143721950000|13:46:12:195
62|1.1|636147900704508171|881043|49577.1796875|12.41704810669|100.34857391878|-43517|-140338||49577.1796875|309.5||30975|307.25|49577.1796875|881043|NOK7115|0|2517|-1025|||3|3|2|1|1|132|5|["132,18,5,3699","132,210,2,2118"]|636148143771800000|13:46:17:180
62|1.1|636147900754423162|881043|49582.1796875|12.42781984197|100.34877776636|-43493|-139146||49582.1796875|309||30887.5|306.5|49582.1796875|881043|NOK7115|0|2517|-1043.75|||3|3|2|1|1|132|18|["132,18,5,3699","132,210,2,2118"]|636148143821800000|13:46:22:180
62|1.1|636147900804198139|881043|49587.1796875|12.43868277222|100.34824132536|-43550|-137944||49587.1796875|308.25||30800|305.5|49587.1796875|881043|NOK7115|0|2517|-1025|||3|3|2|1|1|132|18|["132,18,5,3699","132,210,2,2118"]|636148143871800000|13:46:27:180
62|1.1|636147900854273146|881043|49592.15625|12.44940622781|100.34818231685|-43554|-136757||49592.15625|307.25||30712.5|304.75|49592.15625|881043|NOK7115|0|2517|-1025|||3|3|2|1|1|132|18|["132,18,5,3699","132,210,2,2118"]|636148143921560000|13:46:32:156
62|1.1|636147900904188137|881043|49597.15625|12.46015114104|100.34797310486|-43575|-135568||49597.15625|306.25||30618.75|304|49597.15625|881043|NOK7115|0|2517|-981.25|||3|3|2|1|1|132|83|["132,18,5,3699","132,210,2,2118"]|636148143971560000|13:46:37:156
62|1.1|636147900954113129|881043|49602.140625|12.4709121475|100.34752785883|-43621|-134378||49602.140625|305.5||30543.75|303.25|49602.140625|881043|NOK7115|0|2517|-962.5|||3|3|2|1|1|132|83|["132,18,5,3699","132,210,2,2118"]|636148144021410000|13:46:42:141
62|1.1|636147901004038121|881043|49607.140625|12.4816409675|100.34727036715|-43648|-133191||49607.140625|304.75||30450|302.25|49607.140625|881043|NOK7115|0|2517|-1006.25|||3|3|2|1|1|132|18|["132,18,5,3699","132,210,2,2118"]|636148144071410000|13:46:47:141
62|1.1|636147901053953112|881043|49612.140625|12.49235905868|100.34704506193|-43670|-132005||49612.140625|304||30362.5|301.75|49612.140625|881043|NOK7115|0|2517|-1043.75|||3|3|2|1|1|132|18|["132,18,5,3699","132,210,2,2118"]|636148144121410000|13:46:52:141
62|1.1|636147901103728089|881043|49617.1171875|12.50296986166|100.34710407044|-43662|-130831||49617.1171875|303||30281.25|300.5|49617.1171875|881043|NOK7115|0|2517|-687.5|||3|3|2|1|1|132|5|["132,18,5,3699","132,210,2,2118"]|636148144171170000|13:46:57:117
62|1.1|636147901153653081|881043|49622.1171875|12.51374159694|100.34655153621|-43720|-129639||49622.1171875|302.25||30193.75|300|49622.1171875|881043|NOK7115|0|2517|-687.5|||3|3|2|1|1|132|18|["132,18,5,3699","132,210,2,2118"]|636148144221170000|13:47:02:117
62|1.1|636147901203728088|881043|49627.1015625|12.52433630669|100.34661590913|-43711|-128467||49627.1015625|301.25||30112.5|299|49627.1015625|881043|NOK7115|0|2517|-825|||3|3|2|1|1|132|18|["132,18,5,3699","132,210,2,2118"]|636148144271020000|13:47:07:102
62|1.1|636147901253493064|881043|49632.1015625|12.53508658433|100.34606873931|-43769|-127277||49632.1015625|299.5||29993.75|297.25|49632.1015625|881043|NOK7115|0|2517|-1337.5|||3|3|2|1|1|132|18|["132,18,5,3699","132,210,2,2118"]|636148144321020000|13:47:12:102
62|1.1|636147901303408055|881043|49637.1015625|12.54455476798|100.34449696718|-43938|-126230||49637.1015625|297.75||29762.5|295|49637.1015625|881043|NOK7115|0|2517|-1912.5|||3|3|2|1|1|132|18|["132,18,5,3699","132,210,2,2118"]|636148144371020000|13:47:17:102
62|1.1|636147901353353049|881043|49642.078125|12.55608288507|100.34388542444|-44002|-124954||49642.078125|295||29531.25|292.75|49642.078125|881043|NOK7115|0|2517|-2262.5|||3|3|2|1|1|132|83|["132,18,5,3699","132,210,2,2118"]|636148144420780000|13:47:22:078
62|1.1|636147901403278041|881043|49647.078125|12.56662931513|100.34334898344|-44059|-123787||49647.078125|293.25||29331.25|291|49647.078125|881043|NOK7115|0|2517|-2243.75|||3|3|2|1|1|132|83|["132,18,5,3699","132,210,2,2118"]|636148144470780000|13:47:27:078
62|1.1|636147901453193032|881043|49652.0625|12.57663930419|100.34294665269|-44101|-122679||49652.0625|292||29143.75|289|49652.0625|881043|NOK7115|0|2517|-2262.5|||3|3|2|1|1|132|18|["132,18,5,3699","132,210,2,2118"]|636148144520630000|13:47:32:063
62|1.1|636147901503108023|881043|49657.0625|12.58728229363|100.34250140666|-44147|-121502||49657.0625|289.75||28956.25|286.75|49657.0625|881043|NOK7115|0|2517|-2381.25|||3|3|2|1|1|132|18|["132,18,5,3699","132,210,2,2118"]|636148144570630000|13:47:37:063
62|1.1|636147901553023014|881043|49662.0625|12.59728691828|100.34228146585|-44169|-120395||49662.0625|287.25||28725|284.75|49662.0625|881043|NOK7115|0|2517|-2400|||3|3|2|1|1|132|83|["132,18,5,3699","132,210,2,2118"]|636148144620630000|13:47:42:063
62|1.1|636147901602938005|881043|49667.0390625|12.60828932319|100.34202933858|-44195|-119177||49667.0390625|285.25||28506.25|282.75|49667.0390625|881043|NOK7115|0|2517|-2418.75|||3|3|2|1|1|132|83|["132,18,5,3699","132,210,2,2118"]|636148144670390000|13:47:47:039
62|1.1|636147901652882999|881043|49672.0390625|12.61895913468|100.34165919429|-44233|-117997||49672.0390625|283.75||28300|280.75|49672.0390625|881043|NOK7115|0|2517|-2443.75|||3|3|2|1|1|132|18|["132,18,5,3699","132,210,2,2118"]|636148144720390000|13:47:52:039
62|1.1|636147901702797990|881043|49677.015625|12.62959675971|100.34136951615|-44263|-116820||49677.015625|281.75||28093.75|278.75|49677.015625|881043|NOK7115|0|2517|-2443.75|||3|3|2|1|1|132|18|["132,18,5,3699","132,210,2,2118"]|636148144770160000|13:47:57:016
62|1.1|636147901752702980|881043|49682.015625|12.64018074064|100.34123004149|-44276|-115649||49682.015625|279.5||27887.5|276.5|49682.015625|881043|NOK7115|0|2517|-2462.5|||3|3|2|1|1|132|18|["132,18,5,3699","132,210,2,2118"]|636148144820160000|13:48:02:016
62|1.1|636147901802627972|881043|49687.015625|12.65068425542|100.34113348211|-44284|-114487||49687.015625|277.5||27681.25|274.5|49687.015625|881043|NOK7115|0|2517|-2481.25|||3|3|2|1|1|132|18|["132,18,5,3699","132,210,2,2118"]|636148144870160000|13:48:07:016
62|1.1|636147901852562965|881043|49692|12.66100538026|100.34084916838|-44314|-113345||49692|275.5||27475|272.5|49692|881043|NOK7115|0|2517|-2462.5|||3|3|2|1|1|132|18|["132,18,5,3699","132,210,2,2118"]|636148144920000000|13:48:12:000
62|1.1|636147901902627971|881043|49697|12.6712192169|100.34114957534|-44279|-112215||49697|273.5||27275|271|49697|881043|NOK7115|0|2517|-2262.5|||3|3|2|1|1|132|18|["132,18,5,3699","132,210,2,2118"]|636148144970000000|13:48:17:000
62|1.1|636147901952392947|881043|49701.9765625|12.68148669764|100.34095109217|-44299|-111079||49701.9765625|271.5||27075|269|49701.9765625|881043|NOK7115|0|2517|-2343.75|||3|3|2|1|1|132|18|["132,18,5,3699","132,210,2,2118"]|636148145019770000|13:48:21:977
62|1.1|636147902002317939|881043|49706.9765625|12.69161470372|100.34120858385|-44269|-109959||49706.9765625|269.5||26875|266.5|49706.9765625|881043|NOK7115|0|2517|-2556.25|||3|3|2|1|1|132|18|["132,18,5,3699","132,210,2,2118"]|636148145069770000|13:48:26:977
62|1.1|636147902052252932|881043|49711.9765625|12.701849998|100.3409671854|-44294|-108826||49711.9765625|267.5||26675|264.75|49711.9765625|881043|NOK7115|0|2517|-2381.25|||3|3|2|1|1|132|18|["132,18,5,3699","132,210,2,2118"]|636148145119770000|13:48:31:977
62|1.1|636147902102167923|881043|49716.9609375|12.71195118203|100.34089744807|-44299|-107708||49716.9609375|265.5||26481.25|262.75|49716.9609375|881043|NOK7115|0|2517|-2381.25|||3|3|2|1|1|132|18|["132,18,5,3699","132,210,2,2118"]|636148145169610000|13:48:36:961
62|1.1|636147902152092915|881043|49721.9609375|12.72217574749|100.33968509141|-44429|-106577||49721.9609375|263.75||26275|260.75|49721.9609375|881043|NOK7115|0|2517|-2362.5|||3|3|2|1|1|132|18|["132,18,5,3699","132,210,2,2118"]|636148145219610000|13:48:41:961
62|1.1|636147902202007906|881043|49726.9375|12.73233594003|100.33902526898|-44499|-105453||49726.9375|261.75||26081.25|258.75|49726.9375|881043|NOK7115|0|2517|-2362.5|||3|3|2|1|1|132|18|["132,18,5,3699","132,210,2,2118"]|636148145269380000|13:48:46:938
62|1.1|636147902251922897|881043|49731.9375|12.74244785288|100.338606845|-44542|-104334||49731.9375|259.75||25887.5|256.75|49731.9375|881043|NOK7115|0|2517|-2381.25|||3|3|2|1|1|132|18|["132,18,5,3699","132,210,2,2118"]|636148145319380000|13:48:51:938
62|1.1|636147902301847889|881043|49736.9375|12.75165318044|100.33829570922|-44575|-103316||49736.9375|257.75||25718.75|255|49736.9375|881043|NOK7115|0|2517|-2325|||3|3|2|1|1|132|18|["132,18,5,3699","132,210,2,2118"]|636148145369380000|13:48:56:938
62|1.1|636147902351762880|881043|49741.921875|12.76101407589|100.33797920903|-44607|-102280||49741.921875|255.75||25537.5|253|49741.921875|881043|NOK7115|0|2517|-2306.25|||3|3|2|1|1|132|18|["132,18,5,3699","132,210,2,2118"]|636148145419220000|13:49:01:922
62|1.1|636147902401687872|881043|49746.921875|12.771587328|100.33765198002|-44641|-101110||49746.921875|253.75||25325|251|49746.921875|881043|NOK7115|0|2517|-2362.5|||3|3|2|1|1|132|18|["132,18,5,3699","132,210,2,2118"]|636148145469220000|13:49:06:922
62|1.1|636147902451612864|881043|49751.8984375|12.78068000295|100.33738375952|-44668|-100104||49751.8984375|252||25150|249.25|49751.8984375|881043|NOK7115|0|2517|-2306.25|||3|3|2|1|1|132|18|["132,18,5,3699","132,210,2,2118"]|636148145518980000|13:49:11:898
62|1.1|636147902501537856|881043|49756.8984375|12.7913820009|100.3371048102|-44697|-98920||49756.8984375|249.25||24931.25|247.25|49756.8984375|881043|NOK7115|0|2517|-2262.5|||3|3|2|1|1|132|83|["132,18,5,3699","132,210,2,2118"]|636148145568980000|13:49:16:898
62|1.1|636147902551472849|881043|49761.8984375|12.80020109094|100.33684195411|-44724|-97944||49761.8984375|248||24756.25|245.25|49761.8984375|881043|NOK7115|0|2517|-2262.5|||3|3|2|1|1|132|18|["132,18,5,3699","132,210,2,2118"]|636148145618980000|13:49:21:898
62|1.1|636147902601377839|881043|49766.875|12.81000186801|100.33653618274|-44755|-96860||49766.875|246.25||24581.25|243.5|49766.875|881043|NOK7115|0|2517|-2243.75|||3|3|2|1|1|132|18|["132,18,5,3699","132,210,2,2118"]|636148145668750000|13:49:26:875
62|1.1|636147902651302831|881043|49771.875|12.82111156112|100.33622504696|-44787|-95630||49771.875|244.5||24381.25|241.75|49771.875|881043|NOK7115|0|2517|-2225|||3|3|2|1|1|132|18|["132,18,5,3699","132,210,2,2118"]|636148145718750000|13:49:31:875
62|1.1|636147902701217822|881043|49776.859375|12.83130394012|100.33588172472|-44822|-94503||49776.859375|242.25||24212.5|240|49776.859375|881043|NOK7115|0|2517|-2143.75|||3|3|2|1|1|132|5|["132,18,5,3699","132,210,2,2118"]|636148145768590000|13:49:36:859
62|1.1|636147902751142814|881043|49781.859375|12.83975288587|100.3356027754|-44851|-93568||49781.859375|241||24068.75|238.5|49781.859375|881043|NOK7115|0|2517|-2068.75|||3|3|2|1|1|132|18|["132,18,5,3699","132,210,2,2118"]|636148145818590000|13:49:41:859
62|1.1|636147902801057805|881043|49786.859375|12.84946783238|100.33530236844|-44882|-92493||49786.859375|239.25||23912.5|236.75|49786.859375|881043|NOK7115|0|2517|-2068.75|||3|3|2|1|1|132|18|["132,18,5,3699","132,210,2,2118"]|636148145868590000|13:49:46:859
62|1.1|636147902850982797|881043|49791.8359375|12.86005181331|100.33498586825|-44914|-91322||49791.8359375|237.75||23725|235|49791.8359375|881043|NOK7115|0|2517|-2087.5|||3|3|2|1|1|132|18|["132,18,5,3699","132,210,2,2118"]|636148145918360000|13:49:51:836
62|1.1|636147902900907789|881043|49796.8359375|12.86960582752|100.33468546129|-44945|-90265||49796.8359375|236||23562.5|233.25|49796.8359375|881043|NOK7115|0|2517|-2068.75|||3|3|2|1|1|132|18|["132,18,5,3699","132,210,2,2118"]|636148145968360000|13:49:56:836
62|1.1|636147902950822780|881043|49801.8203125|12.87903109589|100.33439578315|-44975|-89222||49801.8203125|234.5||23406.25|231.75|49801.8203125|881043|NOK7115|0|2517|-1950|||3|3|2|1|1|132|18|["132,18,5,3699","132,210,2,2118"]|636148146018200000|13:50:01:820
62|1.1|636147903000757773|881043|49806.8203125|12.8883168896|100.3341007406|-45005|-88195||49806.8203125|232.75||23250|230.25|49806.8203125|881043|NOK7115|0|2517|-1868.75|||3|3|2|1|1|132|18|["132,18,5,3699","132,210,2,2118"]|636148146068200000|13:50:06:820
62|1.1|636147903050672764|881043|49811.8203125|12.89899742991|100.33380033364|-45036|-87013||49811.8203125|231.25||23062.5|228.5|49811.8203125|881043|NOK7115|0|2517|-1968.75|||3|3|2|1|1|132|18|["132,18,5,3699","132,210,2,2118"]|636148146118200000|13:50:11:820
62|1.1|636147903100587755|881043|49816.796875|12.90960286848|100.33348383345|-45068|-85839||49816.796875|229.5||22912.5|227|49816.796875|881043|NOK7115|0|2517|-1831.25|||3|3|2|1|1|132|5|["132,18,5,3699","132,210,2,2118"]|636148146167970000|13:50:16:797
62|1.1|636147903150512747|881043|49821.796875|12.91754219528|100.33323170618|-45094|-84961||49821.796875|228.5||22800|226|49821.796875|881043|NOK7115|0|2517|-1675|||3|3|2|1|1|132|18|["132,18,5,3699","132,210,2,2118"]|636148146217970000|13:50:21:797
62|1.1|636147903200437739|881043|49826.78125|12.92671533638|100.33295275686|-45123|-83946||49826.78125|227.25||22681.25|224.75|49826.78125|881043|NOK7115|0|2517|-1556.25|||3|3|2|1|1|132|18|["132,18,5,3699","132,210,2,2118"]|636148146267810000|13:50:26:781
62|1.1|636147903250352730|881043|49831.78125|12.93722421557|100.33266844313|-45152|-82783||49831.78125|225.75||22550|223.25|49831.78125|881043|NOK7115|0|2517|-1556.25|||3|3|2|1|1|132|18|["132,18,5,3699","132,210,2,2118"]|636148146317810000|13:50:31:781
62|1.1|636147903300277722|881043|49836.78125|12.94749706072|100.33235730735|-45183|-81647||49836.78125|224.25||22418.75|222|49836.78125|881043|NOK7115|0|2517|-1556.25|||3|3|2|1|1|132|83|["132,18,5,3699","132,210,2,2118"]|636148146367810000|13:50:36:781
62|1.1|636147903350202714|881043|49841.7578125|12.95586554032|100.33212127331|-45208|-80721||49841.7578125|223.25||22312.5|220.75|49841.7578125|881043|NOK7115|0|2517|-1556.25|||3|3|2|1|1|132|18|["132,18,5,3699","132,210,2,2118"]|636148146417580000|13:50:41:758
62|1.1|636147903400117705|881043|49846.7578125|12.96514596962|100.33185305281|-45235|-79694||49846.7578125|222||22187.5|219.5|49846.7578125|881043|NOK7115|0|2517|-1537.5|||3|3|2|1|1|132|18|["132,18,5,3699","132,210,2,2118"]|636148146467580000|13:50:46:758
62|1.1|636147903450042697|881043|49851.7421875|12.97540808595|100.33158483231|-45262|-78559||49851.7421875|220.75||22062.5|218.25|49851.7421875|881043|NOK7115|0|2517|-1493.75|||3|3|2|1|1|132|18|["132,18,5,3699","132,210,2,2118"]|636148146517420000|13:50:51:742
62|1.1|636147903499967689|881043|49856.7421875|12.98520349861|100.33132197622|-45289|-77475||49856.7421875|219.5||21943.75|217|49856.7421875|881043|NOK7115|0|2517|-1518.75|||3|3|2|1|1|132|18|["132,18,5,3699","132,210,2,2118"]|636148146567420000|13:50:56:742
62|1.1|636147903549892681|881043|49861.7421875|12.99465022462|100.33104839131|-45317|-76430||49861.7421875|218.25||21812.5|215.75|49861.7421875|881043|NOK7115|0|2517|-1493.75|||3|3|2|1|1|132|18|["132,18,5,3699","132,210,2,2118"]|636148146617420000|13:51:01:742
62|1.1|636147903599807672|881043|49866.71875|13.00423106088|100.33076944199|-45345|-75370||49866.71875|217.25||21693.75|215|49866.71875|881043|NOK7115|0|2517|-1456.25|||3|3|2|1|1|132|18|["132,18,5,3699","132,210,2,2118"]|636148146667190000|13:51:06:719
62|1.1|636147903649732664|881043|49871.71875|13.01323790527|100.33049585708|-45373|-74373||49871.71875|216||21575|213.75|49871.71875|881043|NOK7115|0|2517|-1437.5|||3|3|2|1|1|132|18|["132,18,5,3699","132,210,2,2118"]|636148146717190000|13:51:11:719
62|1.1|636147903699667657|881043|49876.6953125|13.02260416513|100.33023300099|-45400|-73337||49876.6953125|214.75||21462.5|212.5|49876.6953125|881043|NOK7115|0|2517|-1437.5|||3|3|2|1|1|132|18|["132,18,5,3699","132,210,2,2118"]|636148146766950000|13:51:16:695
62|1.1|636147903749572647|881043|49881.6953125|13.03214745052|100.32994332285|-45430|-72281||49881.6953125|213.25||21325|211.25|49881.6953125|881043|NOK7115|0|2517|-1456.25|||3|3|2|1|1|132|5|["132,18,5,3699","132,210,2,2118"]|636148146816950000|13:51:21:695
62|1.1|636147903799497639|881043|49886.6953125|13.04180875293|100.32965900912|-45458|-71212||49886.6953125|212.25||21212.5|210|49886.6953125|881043|NOK7115|0|2517|-1456.25|||3|3|2|1|1|132|18|["132,18,5,3699","132,210,2,2118"]|636148146866950000|13:51:26:695
62|1.1|636147903849412630|881043|49891.6796875|13.05287016635|100.32940688185|-45484|-69988||49891.6796875|211||21056.25|208.75|49891.6796875|881043|NOK7115|0|2517|-1556.25|||3|3|2|1|1|132|18|["132,18,5,3699","132,210,2,2118"]|636148146916800000|13:51:31:680
62|1.1|636147903899347623|881043|49896.6796875|13.06294989274|100.32912793253|-45512|-68873||49896.6796875|210||20925|207.25|49896.6796875|881043|NOK7115|0|2517|-1575|||3|3|2|1|1|132|5|["132,18,5,3699","132,210,2,2118"]|636148146966800000|13:51:36:680
62|1.1|636147903949262614|881043|49901.65625|13.07295451739|100.32885434762|-45540|-67766||49901.65625|209.25||20806.25|206|49901.65625|881043|NOK7115|0|2517|-1556.25|||3|3|2|1|1|132|83|["132,18,5,3699","132,210,2,2118"]|636148147016560000|13:51:41:656
62|1.1|636147903999177605|881043|49906.65625|13.08266409949|100.32857003389|-45569|-66692||49906.65625|208||20681.25|205|49906.65625|881043|NOK7115|0|2517|-1518.75|||3|3|2|1|1|132|83|["132,18,5,3699","132,210,2,2118"]|636148147066560000|13:51:46:656
62|1.1|636147904049102597|881043|49911.65625|13.09107012996|100.32829644898|-45597|-65762||49911.65625|206.75||20568.75|203.75|49911.65625|881043|NOK7115|0|2517|-1475|||3|3|2|1|1|132|5|["132,18,5,3699","132,210,2,2118"]|636148147116560000|13:51:51:656
62|1.1|636147904099047591|881043|49916.640625|13.10049539833|100.32804968612|-45622|-64719||49916.640625|204.75||20437.5|202.5|49916.640625|881043|NOK7115|0|2517|-1475|||3|3|2|1|1|132|83|["132,18,5,3699","132,210,2,2118"]|636148147166410000|13:51:56:641
62|1.1|636147904148942580|881043|49921.640625|13.11008696341|100.32779755885|-45648|-63658||49921.640625|203.5||20312.5|201.25|49921.640625|881043|NOK7115|0|2517|-1493.75|||3|3|2|1|1|132|5|["132,18,5,3699"]|636148147216410000|13:52:01:641
62|1.1|636147904198867572|881043|49926.6171875|13.11825159543|100.32755079599|-45673|-62754||49926.6171875|202.25||20212.5|200|49926.6171875|881043|NOK7115|0|2517|-1456.25|||3|3|2|1|1|132|83|["132,18,5,3699"]|636148147266170000|13:52:06:617
62|1.1|636147904248802565|881043|49931.6171875|13.12701704137|100.32727721108|-45701|-61785||49931.6171875|201.5||20100|199|49931.6171875|881043|NOK7115|0|2517|-1400|||3|3|2|1|1|132|5|["132,18,5,3699"]|636148147316170000|13:52:11:617
62|1.1|636147904298717556|881043|49936.6171875|13.13691437782|100.32700899058|-45728|-60690||49936.6171875|200.5||19975|197.75|49936.6171875|881043|NOK7115|0|2517|-1418.75|||3|3|2|1|1|132|5|["132,18,5,3699"]|636148147366170000|13:52:16:617
62|1.1|636147904348652549|881043|49941.6015625|13.14675807017|100.32672467685|-45757|-59601||49941.6015625|198.25||19825|196.25|49941.6015625|881043|NOK7115|0|2517|-1518.75|||3|3|2|1|1|132|83|["132,18,5,3699"]|636148147416020000|13:52:21:602
62|1.1|636147904398557539|881043|49946.6015625|13.15633354202|100.32645109194|-45785|-58541||49946.6015625|197.25||19700|195|49946.6015625|881043|NOK7115|0|2517|-1518.75|||3|3|2|1|1|132|83|["132,18,5,3699"]|636148147466020000|13:52:26:602
62|1.1|636147904448482531|881043|49951.578125|13.16455718255|100.32619896467|-45811|-57631||49951.578125|196||19587.5|193.75|49951.578125|881043|NOK7115|0|2517|-1493.75|||3|3|2|1|1|132|5|["132,18,5,3699"]|636148147515780000|13:52:31:578
62|1.1|636147904498397522|881043|49956.578125|13.17373568806|100.32592537976|-45839|-56616||49956.578125|196||19468.75|192.5|49956.578125|881043|NOK7115|0|2517|-1493.75|||3|3|2|1|1|132|18|["132,18,5,3699"]|636148147565780000|13:52:36:578
62|1.1|636147904548342516|881043|49961.578125|13.18261915102|100.32565715926|-45866|-55633||49961.578125|194.75||19350|191.25|49961.578125|881043|NOK7115|0|2517|-1493.75|||3|3|2|1|1|132|18|["132,18,5,3699"]|636148147615780000|13:52:41:578
62|1.1|636147904598247506|881043|49966.5625|13.19150797839|100.32540503199|-45892|-54649||49966.5625|193.5||19225|190|49966.5625|881043|NOK7115|0|2517|-1493.75|||3|3|2|1|1|132|18|["132,18,5,3699"]|636148147665630000|13:52:46:563
62|1.1|636147904648162497|881043|49971.5625|13.20189347615|100.32526019292|-45905|-53500||49971.5625|191.5||19081.25|188.75|49971.5625|881043|NOK7115|0|2517|-1493.75|||3|3|2|1|1|132|83|["132,18,5,3699"]|636148147715630000|13:52:51:563
62|1.1|636147904698087489|881043|49976.5390625|13.21120609191|100.32502952329|-45929|-52470||49976.5390625|191||18962.5|187.5|49976.5390625|881043|NOK7115|0|2517|-1493.75|||3|3|2|1|1|132|18|["132,18,5,3699"]|636148147765390000|13:52:56:539
62|1.1|636147904748012481|881043|49981.5390625|13.22070646202|100.32493296391|-45937|-51419||49981.5390625|189.5||18831.25|186.25|49981.5390625|881043|NOK7115|0|2517|-1493.75|||3|3|2|1|1|132|5|["132,18,5,3699"]|636148147815390000|13:53:01:539
62|1.1|636147904797927472|881043|49986.5390625|13.22877989907|100.32489541304|-45940|-50526||49986.5390625|187.25||18712.5|185.25|49986.5390625|881043|NOK7115|0|2517|-1475|||3|3|2|1|1|132|83|["132,18,5,3699"]|636148147865390000|13:53:06:539
62|1.1|636147904847852464|881043|49991.515625|13.23721275159|100.32475057397|-45954|-49592||49991.515625|186||18600|184|49991.515625|881043|NOK7115|0|2517|-1456.25|||3|3|2|1|1|132|83|["132,18,5,3699"]|636148147915160000|13:53:11:516
62|1.1|636147904897777456|881043|49996.515625|13.24602111281|100.32468620105|-45959|-48618||49996.515625|185||18481.25|182.75|49996.515625|881043|NOK7115|0|2517|-1456.25|||3|3|2|1|1|132|83|["132,18,5,3699"]|636148147965160000|13:53:16:516
62|1.1|636147904947722450|881043|50001.5|13.2562081274|100.3245520908|-45972|-47491||50001.5|184||18343.75|181.5|50001.5|881043|NOK7115|0|2517|-1493.75|||3|3|2|1|1|132|83|["132,18,5,3699"]|636148148015000000|13:53:21:500
62|1.1|636147904997617439|881043|50006.5|13.26644878609|100.32445016701|-45981|-46358||50006.5|182.25||18212.5|180|50006.5|881043|NOK7115|0|2517|-1518.75|||3|3|2|1|1|132|5|["132,18,5,3699"]|636148148065000000|13:53:26:500
62|1.1|636147905047542431|881043|50011.5|13.27577749508|100.32430532794|-45995|-45326||50011.5|181.25||18093.75|178.75|50011.5|881043|NOK7115|0|2517|-1518.75|||3|3|2|1|1|132|5|["132,18,5,3699"]|636148148115000000|13:53:31:500
62|1.1|636147905097457422|881043|50016.4765625|13.28360953368|100.32414439564|-46011|-44459||50016.4765625|180.25||18000|178|50016.4765625|881043|NOK7115|0|2517|-1437.5|||3|3|2|1|1|132|5|["132,18,5,3699"]|636148148164770000|13:53:36:477
62|1.1|636147905147382414|881043|50021.4765625|13.2929543359|100.3239620057|-46029|-43425||50021.4765625|179.75||17887.5|176.75|50021.4765625|881043|NOK7115|0|2517|-1437.5|||3|3|2|1|1|132|18|["132,18,5,3699"]|636148148214770000|13:53:41:477
62|1.1|636147905197297405|881043|50026.4609375|13.30117261202|100.3238010734|-46045|-42516||50026.4609375|178.5||17781.25|175.5|50026.4609375|881043|NOK7115|0|2517|-1475|||3|3|2|1|1|132|18|["132,18,5,3699"]|636148148264610000|13:53:46:461
62|1.1|636147905247222397|881043|50031.4609375|13.30969665951|100.32364550551|-46060|-41573||50031.4609375|176.75||17612.5|174|50031.4609375|881043|NOK7115|0|2517|-1518.75|||3|3|2|1|1|132|5|["132,18,5,3699"]|636148148314610000|13:53:51:461
62|1.1|636147905297157390|881043|50036.4609375|13.31980320795|100.3234792088|-46076|-40455||50036.4609375|176||17462.5|172.75|50036.4609375|881043|NOK7115|0|2517|-1518.75|||3|3|2|1|1|132|18|["132,18,5,3699"]|636148148364610000|13:53:56:461
62|1.1|636147905347072381|881043|50041.4375|13.32817168755|100.32329681886|-46094|-39529||50041.4375|173.5||17343.75|171.5|50041.4375|881043|NOK7115|0|2517|-1518.75|||3|3|2|1|1|132|5|["132,18,5,3699"]|636148148414380000|13:54:01:438
62|1.1|636147905396987372|881043|50046.4375|13.33707124374|100.32312515774|-46111|-38544||50046.4375|173.5||17218.75|170.25|50046.4375|881043|NOK7115|0|2517|-1518.75|||3|3|2|1|1|132|18|["132,18,5,3699"]|636148148464380000|13:54:06:438
62|1.1|636147905446912364|881043|50051.421875|13.3458474185|100.32295886103|-46127|-37573||50051.421875|172.25||17087.5|169|50051.421875|881043|NOK7115|0|2517|-1518.75|||3|3|2|1|1|132|18|["132,18,5,3699"]|636148148514220000|13:54:11:422
62|1.1|636147905496827355|881043|50056.421875|13.3546450509|100.32277110668|-46146|-36600||50056.421875|170.5||16993.75|167.75|50056.421875|881043|NOK7115|0|2517|-1456.25|||3|3|2|1|1|132|5|["132,18,5,3699"]|636148148564220000|13:54:16:422
62|1.1|636147905546752347|881043|50061.421875|13.36351778504|100.32259944556|-46163|-35618||50061.421875|169.75||16881.25|166.75|50061.421875|881043|NOK7115|0|2517|-1456.25|||3|3|2|1|1|132|18|["132,18,5,3699"]|636148148614220000|13:54:21:422
62|1.1|636147905596677339|881043|50066.3984375|13.37338829944|100.32235804711|-46187|-34526||50066.3984375|167.25||16731.25|165.5|50066.3984375|881043|NOK7115|0|2517|-1418.75|||3|3|2|1|1|132|5|["132,18,5,3699"]|636148148663980000|13:54:26:398
62|1.1|636147905646592330|881043|50071.3984375|13.38249170321|100.32218638599|-46204|-33519||50071.3984375|167.25||16600|164.5|50071.3984375|881043|NOK7115|0|2517|-1418.75|||3|3|2|1|1|132|18|["132,18,5,3699"]|636148148713980000|13:54:31:398
62|1.1|636147905696527323|881043|50076.375|13.39222810736|100.321977174|-46225|-32442||50076.375|165.25||16468.75|162.75|50076.375|881043|NOK7115|0|2517|-1537.5|||3|3|2|1|1|132|5|["132,18,5,3699"]|636148148763750000|13:54:36:375
62|1.1|636147905746442314|881043|50081.375|13.40010842565|100.32178405524|-46244|-31570||50081.375|164.25||16362.5|161.5|50081.375|881043|NOK7115|0|2517|-1518.75|||3|3|2|1|1|132|5|["132,18,5,3699"]|636148148813750000|13:54:41:375
62|1.1|636147905796367306|881043|50086.375|13.40902943948|100.3216016653|-46262|-30583||50086.375|163.5||16237.5|160.25|50086.375|881043|NOK7115|0|2517|-1518.75|||3|3|2|1|1|132|18|["132,18,5,3699"]|636148148863750000|13:54:46:375
62|1.1|636147905846282297|881043|50091.359375|13.41720480032|100.32135490244|-46287|-29679||50091.359375|161.25||16125|159.25|50091.359375|881043|NOK7115|0|2517|-1418.75|||3|3|2|1|1|132|5|["132,18,5,3699"]|636148148913590000|13:54:51:359
62|1.1|636147905896227291|881043|50096.359375|13.4264745008|100.32115105486|-46308|-28653||50096.359375|160.25||15993.75|158|50096.359375|881043|NOK7115|0|2517|-1437.5|||3|3|2|1|1|132|5|["132,18,5,3699"]|636148148963590000|13:54:56:359
62|1.1|636147905946132281|881043|50101.3359375|13.43542770109|100.3209579361|-46327|-27662||50101.3359375|160||15868.75|156.75|50101.3359375|881043|NOK7115|0|2517|-1456.25|||3|3|2|1|1|132|18|["132,18,5,3699"]|636148149013360000|13:55:01:336
62|1.1|636147905996057273|881043|50106.3359375|13.44493880002|100.32074872411|-46348|-26610||50106.3359375|158||15725|155.5|50106.3359375|881043|NOK7115|0|2517|-1518.75|||3|3|2|1|1|132|5|["132,18,5,3699"]|636148149063360000|13:55:06:336
62|1.1|636147906045972264|881043|50111.3359375|13.45288885564|100.32055024094|-46368|-25730||50111.3359375|157||15618.75|154|50111.3359375|881043|NOK7115|0|2517|-1537.5|||3|3|2|1|1|132|5|["132,18,5,3699"]|636148149113360000|13:55:11:336
62|1.1|636147906095897256|881043|50116.3203125|13.46159529307|100.32036248659|-46386|-24767||50116.3203125|156||15493.75|152.75|50116.3203125|881043|NOK7115|0|2517|-1537.5|||3|3|2|1|1|132|18|["132,18,5,3699"]|636148149163200000|13:55:16:320
62|1.1|636147906145812247|881043|50121.3203125|13.47034464578|100.32017473224|-46405|-23799||50121.3203125|154.75||15375|151.5|50121.3203125|881043|NOK7115|0|2517|-1556.25|||3|3|2|1|1|132|18|["132,18,5,3699"]|636148149213200000|13:55:21:320
62|1.1|636147906195737239|881043|50126.296875|13.48001667701|100.31997088466|-46425|-22729||50126.296875|152.75||15218.75|150.25|50126.296875|881043|NOK7115|0|2517|-1556.25|||3|3|2|1|1|132|5|["132,18,5,3699"]|636148149262970000|13:55:26:297
62|1.1|636147906245652230|881043|50131.296875|13.4880579276|100.31979385913|-46443|-21839||50131.296875|151.75||15112.5|149|50131.296875|881043|NOK7115|0|2517|-1493.75|||3|3|2|1|1|132|5|["132,18,5,3699"]|636148149312970000|13:55:31:297
62|1.1|636147906295597224|881043|50136.296875|13.4963727631|100.31960074037|-46462|-20919||50136.296875|150.75||15000|148|50136.296875|881043|NOK7115|0|2517|-1437.5|||3|3|2|1|1|132|5|["132,18,5,3699"]|636148149362970000|13:55:36:297
62|1.1|636147906345502214|881043|50141.28125|13.50497191233|100.31940762161|-46481|-19968||50141.28125|149.75||14887.5|146.75|50141.28125|881043|NOK7115|0|2517|-1456.25|||3|3|2|1|1|132|18|["132,18,5,3699"]|636148149412810000|13:55:41:281
62|1.1|636147906395427206|881043|50146.28125|13.51489070642|100.31924668931|-46497|-18871||50146.28125|148.5||14725|145.5|50146.28125|881043|NOK7115|0|2517|-1493.75|||3|3|2|1|1|132|18|["132,18,5,3699"]|636148149462810000|13:55:46:281
62|1.1|636147906445352198|881043|50151.2578125|13.52396728814|100.31907502819|-46514|-17866||50151.2578125|147.25||14600|144|50151.2578125|881043|NOK7115|0|2517|-1518.75|||3|3|2|1|1|132|18|["132,18,5,3699"]|636148149512580000|13:55:51:258
62|1.1|636147906495267189|881043|50156.2578125|13.53302241222|100.31888727384|-46532|-16864||50156.2578125|146||14475|142.75|50156.2578125|881043|NOK7115|0|2517|-1518.75|||3|3|2|1|1|132|18|["132,18,5,3699"]|636148149562580000|13:55:56:258
62|1.1|636147906545192181|881043|50161.2578125|13.54197561251|100.31872634154|-46548|-15874||50161.2578125|144.75||14350|141.5|50161.2578125|881043|NOK7115|0|2517|-1518.75|||3|3|2|1|1|132|18|["132,18,5,3699"]|636148149612580000|13:56:01:258
62|1.1|636147906595117173|881043|50166.2421875|13.54896007433|100.31850103632|-46571|-15101||50166.2421875|143.25||14250|140.5|50166.2421875|881043|NOK7115|0|2517|-1456.25|||3|3|2|1|1|132|5|["132,18,5,3699"]|636148149662420000|13:56:06:242
62|1.1|636147906645042165|881043|50171.2421875|13.55729636747|100.31831328197|-46589|-14178||50171.2421875|142.5||14137.5|139.25|50171.2421875|881043|NOK7115|0|2517|-1437.5|||3|3|2|1|1|132|18|["132,18,5,3699"]|636148149712420000|13:56:11:242
62|1.1|636147906694957156|881043|50176.21875|13.56668944938|100.31813089203|-46607|-13139||50176.21875|141.25||14006.25|138|50176.21875|881043|NOK7115|0|2517|-1437.5|||3|3|2|1|1|132|18|["132,18,5,3699"]|636148149762190000|13:56:16:219
62|1.1|636147906744872147|881043|50181.21875|13.57470924233|100.31793777327|-46626|-12252||50181.21875|139||13881.25|136.75|50181.21875|881043|NOK7115|0|2517|-1493.75|||3|3|2|1|1|132|5|["132,18,5,3699"]|636148149812190000|13:56:21:219
62|1.1|636147906794797139|881043|50186.21875|13.58330839156|100.31775538333|-46645|-11301||50186.21875|138.5||13756.25|135.5|50186.21875|881043|NOK7115|0|2517|-1518.75|||3|3|2|1|1|132|18|["132,18,5,3699"]|636148149862190000|13:56:26:219
62|1.1|636147906844742133|881043|50191.1953125|13.59186462551|100.31756226457|-46664|-10354||50191.1953125|137.5||13631.25|134.25|50191.1953125|881043|NOK7115|0|2517|-1475|||3|3|2|1|1|132|18|["132,18,5,3699"]|636148149911950000|13:56:31:195
62|1.1|636147906894637122|881043|50196.1953125|13.60053351207|100.31736914581|-46683|-9395||50196.1953125|136.75||13518.75|133.5|50196.1953125|881043|NOK7115|0|2517|-1300|||3|3|2|1|1|132|18|["132,18,5,3699"]|636148149961950000|13:56:36:195
62|1.1|636147906944562114|881043|50201.1796875|13.60922922068|100.31718139146|-46702|-8433||50201.1796875|136||13418.75|133|50201.1796875|881043|NOK7115|0|2517|-1100|||3|3|2|1|1|132|18|["132,18,5,3699"]|636148150011800000|13:56:41:180
62|1.1|636147906994487106|881043|50206.1796875|13.6178766496|100.31702582357|-46717|-7476||50206.1796875|135.5||13425|132.75|50206.1796875|881043|NOK7115|0|2517|-925|||3|3|2|1|1|132|18|["132,18,5,3699"]|636148150061800000|13:56:46:180
62|1.1|636147907044422099|881043|50211.1796875|13.62626122243|100.3168809845|-46731|-6548||50211.1796875|135.25||13412.5|132.5|50211.1796875|881043|NOK7115|0|2517|-731.25|||3|3|2|1|1|132|18|["132,18,5,3699"]|636148150111800000|13:56:51:180
62|1.1|636147907094337090|881043|50216.15625|13.63446340532|100.31670932338|-46748|-5641||50216.15625|135.5||13437.5|133.5|50216.15625|881043|NOK7115|0|2517|0|||3|3|0|1|1|132|5|["132,18,5,3699"]|636148150161560000|13:56:56:156
62|1.1|636147907144262082|881043|50221.15625|13.642231071|100.31659667077|-46759|-4781||50221.15625|135.5||13468.75|133.5|50221.15625|881043|NOK7115|0|2517|0|||3|3|0|1|1|132|5|["132,18,5,3699"]|636148150211560000|13:57:01:156
62|1.1|636147907194177073|881043|50226.140625|13.64985389761|100.31643037406|-46775|-3938||50226.140625|135.5||13493.75|133.75|50226.140625|881043|NOK7115|0|2517|0|||3|3|0|1|1|132|18|["132,18,5,3699"]|636148150261410000|13:57:06:141
62|1.1|636147907244092064|881043|50231.140625|13.65728360546|100.31631235704|-46786|-3116||50231.140625|135.75||13537.5|133.75|50231.140625|881043|NOK7115|0|2517|0|||3|3|0|1|1|132|18|["132,18,5,3699"]|636148150311410000|13:57:11:141
62|1.1|636147907294017056|881043|50236.140625|13.66295915124|100.31681124717|-46731|-2488||50236.140625|134.5||13475|132.75|50236.140625|881043|NOK7115|0|2517|0|||3|3|0|1|1|132|5|["132,18,5,3699"]|636148150361410000|13:57:16:141
62|1.1|636147907343962050|881043|50241.1171875|13.6702869353|100.31838838371|-46559|-1677||50241.1171875|133.25||13368.75|131.25|50241.1171875|881043|NOK7115|0|2517|-981.25|||3|3|2|1|1|132|5|["132,18,5,3699"]|636148150411170000|13:57:21:117
62|1.1|636147907393857039|881043|50246.1171875|13.67711046482|100.32044831715|-46335|-923||50246.1171875|132||13225|129.5|50246.1171875|881043|NOK7115|0|2517|-1631.25|||3|3|2|1|1|132|5|["132,18,5,3699"]|636148150461170000|13:57:26:117
62|1.1|636147907443782031|881043|50251.1015625|13.68376769763|100.32315197979|-46041|-187||50251.1015625|130.75||13062.5|128.25|50251.1015625|881043|NOK7115|0|2517|-1712.5|||3|3|2|1|1|132|5|["132,18,5,3699"]|636148150511020000|13:57:31:102
62|1.1|636147907496827335|881043|50256.421875|13.69070387976|100.32677295654|-45648|580||50256.421875|130||12912.5|127|50256.421875|881043|NOK7115|0|2517|-1612.5|||3|3|2|1|1|132|18|["132,18,5,3699"]|636148150564220000|13:57:36:422
62|1.1|636147907546742326|881043|50261.3984375|13.69759714661|100.33186914604|-45096|1341||50261.3984375|127.75||12762.5|125.75|50261.3984375|881043|NOK7115|0|2517|-1575|||3|3|2|1|1|132|5|["132,18,5,3699"]|636148150613980000|13:57:41:398
62|1.1|636147907596657317|881043|50266.3984375|13.70372330283|100.33559204658|-44692|2019||50266.3984375|126.25||12625|124.25|50266.3984375|881043|NOK7115|0|2517|-1556.25|||3|3|2|1|1|132|5|["132,18,5,3699"]|636148150663980000|13:57:46:398
62|1.1|636147907646602311|881043|50271.375|13.7099835693|100.33944369296|-44274|2711||50271.375|125||12468.75|122.75|50271.375|881043|NOK7115|0|2517|-1612.5|||3|3|2|1|1|132|5|["132,18,5,3699"]|636148150713750000|13:57:51:375
62|1.1|636147907696507301|881043|50276.375|13.71660325124|100.34337580549|-43847|3442||50276.375|124||12331.25|121.25|50276.375|881043|NOK7115|0|2517|-1675|||3|3|2|1|1|132|5|["132,18,5,3699"]|636148150763750000|13:57:56:375
62|1.1|636147907746422292|881043|50281.375|13.7223217123|100.34669637528|-43487|4074||50281.375|122.75||12206.25|120|50281.375|881043|NOK7115|0|2517|-1631.25|||3|3|2|1|1|132|5|["132,18,5,3699"]|636148150813750000|13:58:01:375
62|1.1|636147907796347284|881043|50286.359375|13.72825474976|100.35019933501|-43107|4730||50286.359375|122||12087.5|118.75|50286.359375|881043|NOK7115|0|2517|-1593.75|||3|3|2|1|1|132|18|["132,18,5,3699"]|636148150863590000|13:58:06:359
62|1.1|636147907846282277|881043|50291.359375|13.73499244872|100.35400806611|-42694|5475||50291.359375|120.25||12006.25|118|50291.359375|881043|NOK7115|0|2517|-1437.5|||3|3|2|1|1|132|5|["132,18,5,3699"]|636148150913590000|13:58:11:359
62|1.1|636147907896187267|881043|50296.3359375|13.74092548618|100.3575432123|-42311|6131||50296.3359375|119.25||11912.5|117|50296.3359375|881043|NOK7115|0|2517|-1318.75|||3|3|2|1|1|132|5|["132,18,5,3699"]|636148150963360000|13:58:16:336
62|1.1|636147907946112259|881043|50301.3359375|13.74706773563|100.36117491787|-41917|6809||50301.3359375|118.25||11806.25|116|50301.3359375|881043|NOK7115|0|2517|-1281.25|||3|3|2|1|1|132|5|["132,18,5,3699"]|636148151013360000|13:58:21:336
62|1.1|636147907996037251|881043|50306.3359375|13.75382152782|100.36504265748|-41497|7556||50306.3359375|117.5||11700|115|50306.3359375|881043|NOK7115|0|2517|-1237.5|||3|3|2|1|1|132|5|["132,18,5,3699"]|636148151063360000|13:58:26:336
62|1.1|636147908045952242|881043|50311.3203125|13.76037683684|100.36885675299|-41083|8281||50311.3203125|117||11618.75|114|50311.3203125|881043|NOK7115|0|2517|-1218.75|||3|3|2|1|1|132|5|["132,18,5,3699"]|636148151113200000|13:58:31:320
62|1.1|636147908095877234|881043|50316.3203125|13.76679803561|100.37262256881|-40675|8991||50316.3203125|116.5||11562.5|113.5|50316.3203125|881043|NOK7115|0|2517|-1025|||3|3|2|1|1|132|18|["132,18,5,3699"]|636148151163200000|13:58:36:320
62|1.1|636147908145802226|881043|50321.296875|13.77180839455|100.37575001984|-40336|9544||50321.296875|115.75||11562.5|113.5|50321.296875|881043|NOK7115|0|2517|-612.5|||3|3|2|1|1|132|5|["132,18,5,3699"]|636148151212970000|13:58:41:297
62|1.1|636147908195727218|881043|50326.296875|13.77738201654|100.37907058963|-39976|10160||50326.296875|115.25||11518.75|113.25|50326.296875|881043|NOK7115|0|2517|-550|||3|3|2|1|1|132|5|["132,18,5,3699"]|636148151262970000|13:58:46:297
62|1.1|636147908245642209|881043|50331.296875|13.78379248649|100.38278812576|-39573|10869||50331.296875|114.75||11462.5|112.75|50331.296875|881043|NOK7115|0|2517|-587.5|||3|3|2|1|1|132|5|["132,18,5,3699"]|636148151312970000|13:58:51:297
62|1.1|636147908295567201|881043|50336.28125|13.78936610848|100.38610333114|-39213|11485||50336.28125|114.25||11406.25|112|50336.28125|881043|NOK7115|0|2517|-631.25|||3|3|2|1|1|132|5|["132,18,5,3699"]|636148151362810000|13:58:56:281
62|1.1|636147908345342178|881043|50341.28125|13.79524550184|100.38960092646|-38834|12135||50341.28125|113.5||11356.25|111.5|50341.28125|881043|NOK7115|0|2517|-706.25|||3|3|2|1|1|132|18|["132,18,5,3699"]|636148151412810000|13:59:01:281
62|1.1|636147908395407184|881043|50346.2578125|13.80138775129|100.39316825911|-38448|12814||50346.2578125|113||11237.5|110.5|50346.2578125|881043|NOK7115|0|2517|-806.25|||3|3|2|1|1|132|18|["132,18,5,3699"]|636148151462580000|13:59:06:258
62|1.1|636147908445172160|881043|50351.2578125|13.80650539843|100.3963278966|-38105|13380||50351.2578125|112.25||11162.5|109.5|50351.2578125|881043|NOK7115|0|2517|-868.75|||3|3|2|1|1|132|18|["132,18,5,3699"]|636148151512580000|13:59:11:258
62|1.1|636147908495257168|881043|50356.2578125|13.81261009701|100.39990059366|-37718|14055||50356.2578125|111.25||11062.5|108.75|50356.2578125|881043|NOK7115|0|2517|-906.25|||3|3|2|1|1|132|18|["132,18,5,3699"]|636148151562580000|13:59:16:258
62|1.1|636147908545172159|881043|50361.2421875|13.8178618544|100.4030870532|-37373|14635||50361.2421875|109.75||10975|107.75|50361.2421875|881043|NOK7115|0|2517|-962.5|||3|3|2|1|1|132|5|["132,18,5,3699"]|636148151612420000|13:59:21:242
62|1.1|636147908594937135|881043|50366.2421875|13.82320480676|100.40624669069|-37030|15226||50366.2421875|108.75||10881.25|106.75|50366.2421875|881043|NOK7115|0|2517|-1025|||3|3|2|1|1|132|5|["132,18,5,3699"]|636148151662420000|13:59:26:242
62|1.1|636147908644862127|881043|50371.21875|13.8290198272|100.40961554017|-36665|15869||50371.21875|108||10781.25|105.75|50371.21875|881043|NOK7115|0|2517|-1081.25|||3|3|2|1|1|132|5|["132,18,5,3699"]|636148151712190000|13:59:31:219
62|1.1|636147908694947135|881043|50376.21875|13.83499041553|100.4131184999|-36285|16529||50376.21875|107||10656.25|104.75|50376.21875|881043|NOK7115|0|2517|-1181.25|||3|3|2|1|1|132|5|["132,18,5,3699"]|636148151762190000|13:59:36:219
62|1.1|636147908744712111|881043|50381.21875|13.84025826615|100.41634251031|-35936|17111||50381.21875|106.25||10575|103.75|50381.21875|881043|NOK7115|0|2517|-1181.25|||3|3|2|1|1|132|5|["132,18,5,3699"]|636148151812190000|13:59:41:219
62|1.1|636147908794627102|881043|50386.1953125|13.84546710826|100.41949141898|-35595|17687||50386.1953125|105||10468.75|102.75|50386.1953125|881043|NOK7115|0|2517|-1181.25|||3|3|2|1|1|132|114|["132,18,5,3699","132,114,5,578"]|636148151861950000|13:59:46:195
62|1.1|636147908844552094|881043|50391.1953125|13.85111046758|100.42278516672|-35238|18311||50391.1953125|103.25||10331.25|101.25|50391.1953125|881043|NOK7115|0|2517|-1318.75|||3|3|2|1|1|132|5|["132,18,5,3699","132,114,5,578"]|636148151911950000|13:59:51:195
62|1.1|636147908894467085|881043|50396.1796875|13.85697376771|100.42625057558|-34862|18959||50396.1796875|102.25||10206.25|100|50396.1796875|881043|NOK7115|0|2517|-1456.25|||3|3|2|1|1|132|5|["132,18,5,3699","132,114,5,578"]|636148151961800000|13:59:56:180
62|1.1|636147908944392077|881043|50401.1796875|13.86223088951|100.42941021307|-34520|19540||50401.1796875|101||10081.25|98.75|50401.1796875|881043|NOK7115|0|2517|-1456.25|||3|3|2|1|1|132|5|["132,18,5,3699","132,114,5,578"]|636148152011800000|14:00:01:180
62|1.1|636147908994327070|881043|50406.1796875|13.86753092659|100.43255912174|-34179|20126||50406.1796875|100||9962.5|97.5|50406.1796875|881043|NOK7115|0|2517|-1493.75|||3|3|2|1|1|132|5|["132,18,5,3699","132,114,5,578"]|636148152061800000|14:00:06:180
62|1.1|636147909044232060|881043|50411.15625|13.873437142|100.43596552209|-33810|20779||50411.15625|99||9806.25|96.25|50411.15625|881043|NOK7115|0|2517|-1537.5|||3|3|2|1|1|132|18|["132,18,5,3699","132,114,5,578"]|636148152111560000|14:00:11:156
62|1.1|636147909094157052|881043|50416.15625|13.87878009436|100.43916807486|-33463|21370||50416.15625|98||9718.75|95|50416.15625|881043|NOK7115|0|2517|-1518.75|||3|3|2|1|1|132|18|["132,18,5,3699","132,114,5,578"]|636148152161560000|14:00:16:156
62|1.1|636147909144092045|881043|50421.140625|13.88468094536|100.44261202608|-33090|22022||50421.140625|97||9625|94|50421.140625|881043|NOK7115|0|2517|-1456.25|||3|3|2|1|1|132|18|["132,18,5,3699","132,114,5,578"]|636148152211410000|14:00:21:141
62|1.1|636147909194007036|881043|50426.140625|13.89023310971|100.44593259587|-32730|22636||50426.140625|95.5||9550|93.5|50426.140625|881043|NOK7115|0|2517|-1181.25|||3|3|2|1|1|132|5|["132,18,5,3699","132,114,5,578"]|636148152261410000|14:00:26:141
62|1.1|636147909243922027|881043|50431.140625|13.89529711275|100.44896885193|-32401|23196||50431.140625|94.75||9456.25|92.5|50431.140625|881043|NOK7115|0|2517|-1162.5|||3|3|2|1|1|132|5|["132,18,5,3699","132,114,4,578"]|636148152311410000|14:00:31:141
62|1.1|636147909293847019|881043|50436.1171875|13.9010102094|100.452332337|-32037|23828||50436.1171875|93.75||9343.75|91.5|50436.1171875|881043|NOK7115|0|2517|-1181.25|||3|3|2|1|1|132|114|["132,18,5,3699","132,114,4,578"]|636148152361170000|14:00:36:117
62|1.1|636147909343782012|881043|50441.1171875|13.90681986543|100.45573873735|-31668|24470||50441.1171875|93.25||9256.25|90.5|50441.1171875|881043|NOK7115|0|2517|-1162.5|||3|3|2|1|1|132|114|["132,18,5,3699","132,114,5,581"]|636148152411170000|14:00:41:117
62|1.1|636147909393687002|881043|50446.1015625|13.91189459729|100.45878572223|-31338|25031||50446.1015625|92.75||9231.25|90.5|50446.1015625|881043|NOK7115|0|2517|-706.25|||3|3|2|1|1|132|114|["132,18,5,3699","132,114,5,581"]|636148152461020000|14:00:46:102
62|1.1|636147909443611994|881043|50451.1015625|13.91757550748|100.46212774966|-30976|25659||50451.1015625|92.5||9187.5|90.25|50451.1015625|881043|NOK7115|0|2517|-550|||3|3|2|1|1|132|114|["132,18,5,3699","132,114,5,581"]|636148152511020000|14:00:51:102
62|1.1|636147909493526985|881043|50456.1015625|13.92274679872|100.46523910746|-30639|26231||50456.1015625|92||9187.5|90|50456.1015625|881043|NOK7115|0|2517|-375|||3|3|2|1|1|132|5|["132,18,5,3699","132,114,5,581"]|636148152561020000|14:00:56:102
62|1.1|636147909543451977|881043|50461.078125|13.92737092014|100.46796959215|-30343|26742||50461.078125|91.75||9168.75|89.75|50461.078125|881043|NOK7115|0|2517|-393.75|||3|3|2|1|1|132|5|["132,18,5,3699","132,114,5,581"]|636148152610780000|14:01:01:078
62|1.1|636147909593376969|881043|50466.078125|13.93289089803|100.47119360256|-29994|27352||50466.078125|91.25||9118.75|89.25|50466.078125|881043|NOK7115|0|2517|-450|||3|3|2|1|1|132|114|["132,18,5,3699","132,114,5,581"]|636148152660780000|14:01:06:078
62|1.1|636147909643301961|881043|50471.0625|13.93837868946|100.4743800621|-29649|27959||50471.0625|90.5||9043.75|88.5|50471.0625|881043|NOK7115|0|2517|-631.25|||3|3|2|1|1|132|114|["132,18,5,3699","132,114,5,581"]|636148152710630000|14:01:11:063
62|1.1|636147909693226953|881043|50476.0625|13.94314764995|100.47721783499|-29342|28486||50476.0625|89.75||8975|87.75|50476.0625|881043|NOK7115|0|2517|-706.25|||3|3|2|1|1|132|114|["132,18,5,3699","132,114,5,581"]|636148152760630000|14:01:16:063
62|1.1|636147909743141944|881043|50481.0625|13.94787905957|100.48003951465|-29036|29010||50481.0625|89.25||8893.75|86.75|50481.0625|881043|NOK7115|0|2517|-787.5|||3|3|2|1|1|132|18|["132,18,5,3699","132,114,5,581"]|636148152810630000|14:01:21:063
62|1.1|636147909793066936|881043|50486.0390625|13.95337757982|100.48315623686|-28699|29618||50486.0390625|88.5||8793.75|86|50486.0390625|881043|NOK7115|0|2517|-868.75|||3|3|2|1|1|132|18|["132,18,5,3699","132,114,5,581"]|636148152860390000|14:01:26:039
62|1.1|636147909842981927|881043|50491.0390625|13.95855423547|100.48616567087|-28373|30190||50491.0390625|87.25||8706.25|85|50491.0390625|881043|NOK7115|0|2517|-943.75|||3|3|2|1|1|132|5|["132,18,5,3699","132,114,5,581"]|636148152910390000|14:01:31:039
62|1.1|636147909892906919|881043|50496.015625|13.96369334025|100.48911609637|-28054|30758||50496.015625|86.75||8631.25|84.25|50496.015625|881043|NOK7115|0|2517|-943.75|||3|3|2|1|1|132|18|["132,18,5,3699","132,114,5,581"]|636148152960160000|14:01:36:016
62|1.1|636147909942831911|881043|50501.015625|13.96866614832|100.49209870833|-27731|31308||50501.015625|86||8550|83.5|50501.015625|881043|NOK7115|0|2517|-943.75|||3|3|2|1|1|132|18|["132,18,5,3699"]|636148153010160000|14:01:41:016
62|1.1|636147909992746902|881043|50506.015625|13.97363359198|100.49501694737|-27415|31857||50506.015625|85.25||8481.25|82.75|50506.015625|881043|NOK7115|0|2517|-906.25|||3|3|2|1|1|132|18|["132,18,5,3699"]|636148153060160000|14:01:46:016
62|1.1|636147910042671894|881043|50511|13.97787684029|100.49764014386|-27131|32327||50511|84.25||8400|82|50511|881043|NOK7115|0|2517|-943.75|||3|3|2|1|1|132|18|["132,18,5,3699"]|636148153110000000|14:01:51:000
62|1.1|636147910092596886|881043|50516|13.98304276712|100.50063348464|-26807|32898||50516|83||8293.75|81|50516|881043|NOK7115|0|2517|-1025|||3|3|2|1|1|132|5|["132,18,5,3699"]|636148153160000000|14:01:56:000
62|1.1|636147910142531879|881043|50520.9765625|13.98742012568|100.50327813877|-26521|33382||50520.9765625|82.5||8218.75|80.25|50520.9765625|881043|NOK7115|0|2517|-981.25|||3|3|2|1|1|132|18|["132,18,5,3699"]|636148153209770000|14:02:00:977
62|1.1|636147910192436869|881043|50525.9765625|13.99208179797|100.50602471669|-26224|33897||50525.9765625|81.75||8131.25|79.25|50525.9765625|881043|NOK7115|0|2517|-1006.25|||3|3|2|1|1|132|18|["132,18,5,3699"]|636148153259770000|14:02:05:977
62|1.1|636147910242371862|881043|50530.9765625|13.99726381803|100.50899659983|-25902|34470||50530.9765625|80.75||8025|78.25|50530.9765625|881043|NOK7115|0|2517|-1062.5|||3|3|2|1|1|132|18|["132,18,5,3699"]|636148153309770000|14:02:10:977
62|1.1|636147910292276852|881043|50535.9609375|14.00179674448|100.51168416924|-25611|34972||50535.9609375|79.75||7943.75|77.5|50535.9609375|881043|NOK7115|0|2517|-1062.5|||3|3|2|1|1|132|18|["132,18,5,3699"]|636148153359610000|14:02:15:961
62|1.1|636147910342201844|881043|50540.9609375|14.0065817982|100.5145058489|-25306|35500||50540.9609375|78.75||7856.25|76.5|50540.9609375|881043|NOK7115|0|2517|-1100|||3|3|2|1|1|132|18|["132,18,5,3699"]|636148153409610000|14:02:20:961
62|1.1|636147910392126836|881043|50545.9375|14.01136685192|100.51733825738|-24999|36030||50545.9375|78||7768.75|75.5|50545.9375|881043|NOK7115|0|2517|-1081.25|||3|3|2|1|1|132|18|["132,18,5,3699"]|636148153459380000|14:02:25:938
62|1.1|636147910442051828|881043|50550.9375|14.0162377362|100.52021358114|-24688|36568||50550.9375|77.25||7681.25|74.75|50550.9375|881043|NOK7115|0|2517|-1043.75|||3|3|2|1|1|132|18|["132,18,5,3699"]|636148153509380000|14:02:30:938
62|1.1|636147910491966819|881043|50555.9375|14.02182745142|100.52340540509|-24343|37186||50555.9375|76.75||7618.75|74.25|50555.9375|881043|NOK7115|0|2517|-925|||3|3|2|1|1|132|18|["132,18,5,3699"]|636148153559380000|14:02:35:938
62|1.1|636147910541891811|881043|50560.921875|14.02673588657|100.52634510177|-24025|37729||50560.921875|76.25||7575|74|50560.921875|881043|NOK7115|0|2517|-768.75|||3|3|2|1|1|132|18|["132,18,5,3699"]|636148153609220000|14:02:40:922
62|1.1|636147910591806802|881043|50565.921875|14.03097913488|100.52893074739|-23745|38198||50565.921875|75.75||7537.5|73.5|50565.921875|881043|NOK7115|0|2517|-650|||3|3|2|1|1|132|18|["132,18,5,3699","132,114,4,581"]|636148153659220000|14:02:45:922
62|1.1|636147910641731794|881043|50570.8984375|14.03553888338|100.53165586767|-23450|38703||50570.8984375|75.25||7493.75|73|50570.8984375|881043|NOK7115|0|2517|-631.25|||3|3|2|1|1|132|18|["132,18,5,3699","132,114,4,581"]|636148153708980000|14:02:50:898
62|1.1|636147910691656786|881043|50575.8984375|14.04028638623|100.53445072528|-23148|39228||50575.8984375|74.25||7412.5|72.25|50575.8984375|881043|NOK7115|0|2517|-706.25|||3|3|2|1|1|132|18|["132,18,5,3699","132,114,4,581"]|636148153758980000|14:02:55:898
62|1.1|636147910741581778|881043|50580.8984375|14.04491050765|100.53717584556|-22853|39739||50580.8984375|73.5||7318.75|71.25|50580.8984375|881043|NOK7115|0|2517|-868.75|||3|3|2|1|1|132|18|["132,18,5,3699","132,114,4,581"]|636148153808980000|14:03:00:898
62|1.1|636147910791496769|881043|50585.875|14.04941124764|100.53984732174|-22564|40237||50585.875|72.75||7243.75|70.5|50585.875|881043|NOK7115|0|2517|-906.25|||3|3|2|1|1|132|18|["132,18,5,3699","132,114,4,581"]|636148153858750000|14:03:05:875
62|1.1|636147910841421761|881043|50590.875|14.05348819924|100.54230422152|-22298|40688||50590.875|71.5||7156.25|69.5|50590.875|881043|NOK7115|0|2517|-962.5|||3|3|2|1|1|132|5|["132,18,5,3699","132,114,4,581"]|636148153908750000|14:03:10:875
62|1.1|636147910891346753|881043|50595.859375|14.05777972724|100.5447611213|-22032|41162||50595.859375|71||7081.25|68.75|50595.859375|881043|NOK7115|0|2517|-962.5|||3|3|2|1|1|132|18|["132,18,5,3699","132,114,4,581"]|636148153958590000|14:03:15:859
62|1.1|636147910941261744|881043|50600.859375|14.06171183977|100.54714291934|-21775|41597||50600.859375|70.25||7012.5|68|50600.859375|881043|NOK7115|0|2517|-943.75|||3|3|2|1|1|132|18|["132,18,5,3699"]|636148154008590000|14:03:20:859
62|1.1|636147910991186736|881043|50605.859375|14.06584779988|100.54957836148|-21511|42054||50605.859375|69.5||6925|67.25|50605.859375|881043|NOK7115|0|2517|-943.75|||3|3|2|1|1|132|18|["132,18,5,3699"]|636148154058590000|14:03:25:859
62|1.1|636147911041121729|881043|50610.8359375|14.07001058204|100.55203526126|-21245|42515||50610.8359375|68.25||6812.5|66.25|50610.8359375|881043|NOK7115|0|2517|-1006.25|||3|3|2|1|1|132|18|["132,18,5,3699"]|636148154108360000|14:03:30:836
62|1.1|636147911091046721|881043|50615.8359375|14.07482782222|100.55480329682|-20946|43047||50615.8359375|67.25||6693.75|65|50615.8359375|881043|NOK7115|0|2517|-1162.5|||3|3|2|1|1|132|18|["132,18,5,3699"]|636148154158360000|14:03:35:836
62|1.1|636147911140951711|881043|50620.8203125|14.07941439277|100.55754451033|-20650|43555||50620.8203125|65.75||6568.75|63.75|50620.8203125|881043|NOK7115|0|2517|-1300|||3|3|2|1|1|132|5|["132,18,5,3699"]|636148154208200000|14:03:40:820
62|1.1|636147911190866702|881043|50625.8203125|14.08357181052|100.55992630837|-20392|44014||50625.8203125|65||6462.5|62.75|50625.8203125|881043|NOK7115|0|2517|-1318.75|||3|3|2|1|1|132|18|["132,18,5,3699"]|636148154258200000|14:03:45:820
62|1.1|636147911240801695|881043|50630.8203125|14.08760048243|100.56232419964|-20133|44460||50630.8203125|63.75||6356.25|61.5|50630.8203125|881043|NOK7115|0|2517|-1318.75|||3|3|2|1|1|132|18|["132,18,5,3699"]|636148154308200000|14:03:50:820
62|1.1|636147911290716686|881043|50635.796875|14.09167743403|100.56474354855|-19871|44911||50635.796875|62.75||6243.75|60.5|50635.796875|881043|NOK7115|0|2517|-1337.5|||3|3|2|1|1|132|18|["132,18,5,3699"]|636148154357970000|14:03:55:797
62|1.1|636147911340641678|881043|50640.796875|14.09588313147|100.56722190597|-19603|45376||50640.796875|61.5||6143.75|59.25|50640.796875|881043|NOK7115|0|2517|-1337.5|||3|3|2|1|1|132|18|["132,18,5,3699"]|636148154407970000|14:04:00:797
62|1.1|636147911390566670|881043|50645.78125|14.10068427842|100.56994702625|-19309|45907||50645.78125|60.5||6018.75|58.25|50645.78125|881043|NOK7115|0|2517|-1356.25|||3|3|2|1|1|132|18|["132,18,5,3699"]|636148154457810000|14:04:05:781
62|1.1|636147911440491662|881043|50650.78125|14.10535131512|100.57264532448|-19017|46423||50650.78125|59.25||5906.25|57|50650.78125|881043|NOK7115|0|2517|-1356.25|||3|3|2|1|1|132|18|["132,18,5,3699"]|636148154507810000|14:04:10:781
62|1.1|636147911490416654|881043|50655.78125|14.10970185163|100.57545091091|-18713|46904||50655.78125|58.5||5793.75|56|50655.78125|881043|NOK7115|0|2517|-1337.5|||3|3|2|1|1|132|18|["132,18,5,3699"]|636148154557810000|14:04:15:781
62|1.1|636147911540341646|881043|50660.7578125|14.11361787093|100.57857299753|-18376|47337||50660.7578125|57.5||5718.75|55|50660.7578125|881043|NOK7115|0|2517|-1262.5|||3|3|2|1|1|132|5|["132,18,5,3699"]|636148154607580000|14:04:20:758
62|1.1|636147911590246636|881043|50665.7578125|14.11678287283|100.58226907602|-17977|47687||50665.7578125|56.75||5662.5|54.5|50665.7578125|881043|NOK7115|0|2517|-1125|||3|3|2|1|1|132|18|["132,18,5,3699"]|636148154657580000|14:04:25:758
62|1.1|636147911640171628|881043|50670.7421875|14.11947580665|100.58636212085|-17535|47985||50670.7421875|56.25||5600|54|50670.7421875|881043|NOK7115|0|2517|-906.25|||3|3|2|1|1|132|18|["132,18,5,3699"]|636148154707420000|14:04:30:742
62|1.1|636147911690366647|881043|50675.7421875|14.12117632462|100.59129201364|-17002|48173||50675.7421875|55.75||5537.5|53.25|50675.7421875|881043|NOK7115|0|2517|-843.75|||3|3|2|1|1|132|5|["132,18,5,3699"]|636148154757420000|14:04:35:742
62|1.1|636147911740011611|881043|50680.7421875|14.12185224028|100.59651694898|-16438|48247||50680.7421875|55||5456.25|52.75|50680.7421875|881043|NOK7115|0|2517|-843.75|||3|3|2|1|1|132|5|["132,18,5,3699"]|636148154807420000|14:04:40:742
62|1.1|636147911789936603|881043|50685.71875|14.12190588438|100.60089430754|-15965|48253||50685.71875|54.25||5375|51.75|50685.71875|881043|NOK7115|0|2517|-868.75|||3|3|2|1|1|132|5|["132,18,5,3699"]|636148154857190000|14:04:45:719
62|1.1|636147911839861595|881043|50690.71875|14.12092419735|100.60585102238|-15430|48144||50690.71875|52.25||5231.25|50.25|50690.71875|881043|NOK7115|0|2517|-1218.75|||3|3|2|1|1|132|5|["132,18,5,3699"]|636148154907190000|14:04:50:719
62|1.1|636147911889776586|881043|50695.6953125|14.12000688324|100.61051269467|-14927|48042||50695.6953125|51.25||5093.75|48.75|50695.6953125|881043|NOK7115|0|2517|-1418.75|||3|3|2|1|1|132|5|["132,18,5,3699"]|636148154956950000|14:04:55:695
62|1.1|636147911939711579|881043|50700.6953125|14.11862822987|100.61491151087|-14452|47889||50700.6953125|50.25||4962.5|47.5|50700.6953125|881043|NOK7115|0|2517|-1575|||3|3|2|1|1|132|5|["132,18,5,3699"]|636148155006950000|14:05:00:695
62|1.1|636147911989616569|881043|50705.6953125|14.1169277119|100.61852712321|-14061|47701||50705.6953125|49.25||4856.25|46.5|50705.6953125|881043|NOK7115|0|2517|-1456.25|||3|3|2|1|1|132|5|["132,18,5,3699"]|636148155056950000|14:05:05:695
62|1.1|636147912039541561|881043|50710.6796875|14.11470684616|100.62211054909|-13675|47455||50710.6796875|48.25||4750|45.5|50710.6796875|881043|NOK7115|0|2517|-1375|||3|3|2|1|1|132|5|["132,18,5,3699"]|636148155106800000|14:05:10:680
62|1.1|636147912089466553|881043|50715.6796875|14.11212656495|100.62601047516|-13254|47169||50715.6796875|47.5||4637.5|44.5|50715.6796875|881043|NOK7115|0|2517|-1356.25|||3|3|2|1|1|132|5|["132,18,5,3699"]|636148155156800000|14:05:15:680
62|1.1|636147912139391545|881043|50720.65625|14.10968039399|100.62999086738|-12824|46898||50720.65625|45.75||4525|43.25|50720.65625|881043|NOK7115|0|2517|-1356.25|||3|3|2|1|1|132|5|["132,18,5,3699"]|636148155206560000|14:05:20:656
62|1.1|636147912189306536|881043|50725.65625|14.10742197738|100.63379423407|-12413|46648||50725.65625|45.5||4412.5|42.25|50725.65625|881043|NOK7115|0|2517|-1337.5|||3|3|2|1|1|132|18|["132,18,5,3699"]|636148155256560000|14:05:25:656
62|1.1|636147912239231528|881043|50730.65625|14.10513673872|100.63760832958|-12002|46395||50730.65625|44.5||4312.5|41.25|50730.65625|881043|NOK7115|0|2517|-1300|||3|3|2|1|1|132|18|["132,18,5,3699"]|636148155306560000|14:05:30:656
62|1.1|636147912289146519|881043|50735.640625|14.10304998323|100.64166382354|-11564|46164||50735.640625|42.25||4206.25|40.25|50735.640625|881043|NOK7115|0|2517|-1281.25|||3|3|2|1|1|132|5|["132,18,5,3699"]|636148155356410000|14:05:35:641
62|1.1|636147912339071511|881043|50740.640625|14.10085593954|100.64551546992|-11148|45921||50740.640625|42.25||4100|39.25|50740.640625|881043|NOK7115|0|2517|-1281.25|||3|3|2|1|1|132|18|["132,18,5,3699"]|636148155406410000|14:05:40:641
62|1.1|636147912388996503|881043|50745.6171875|14.09881209933|100.64923300605|-10747|45695||50745.6171875|40||3962.5|37.75|50745.6171875|881043|NOK7115|0|2517|-1400|||3|3|2|1|1|132|5|["132,18,5,3699"]|636148155456170000|14:05:45:617
62|1.1|636147912438921495|881043|50750.6171875|14.09690773378|100.65261794876|-10381|45484||50750.6171875|39||3862.5|36.75|50750.6171875|881043|NOK7115|0|2517|-1375|||3|3|2|1|1|132|5|["132,18,5,3699"]|636148155506170000|14:05:50:617
62|1.1|636147912488846487|881043|50755.6171875|14.09494972413|100.65614773054|-10000|45267||50755.6171875|38||3750|35.5|50755.6171875|881043|NOK7115|0|2517|-1375|||3|3|2|1|1|132|5|["132,18,5,3699"]|636148155556170000|14:05:55:617
62|1.1|636147912538771479|881043|50760.6015625|14.0927342228|100.66011202953|-9572|45022||50760.6015625|37||3618.75|34.25|50760.6015625|881043|NOK7115|0|2517|-1400|||3|3|2|1|1|132|5|["132,18,5,3699"]|636148155606020000|14:06:00:602
62|1.1|636147912588676469|881043|50765.6015625|14.090695747|100.66368472659|-9186|44796||50765.6015625|36.25||3537.5|33.25|50765.6015625|881043|NOK7115|0|2517|-1337.5|||3|3|2|1|1|132|5|["132,18,5,3699"]|636148155656020000|14:06:05:602
62|1.1|636147912638611462|881043|50770.578125|14.0883354066|100.6677133985|-8751|44535||50770.578125|34.5||3443.75|32.5|50770.578125|881043|NOK7115|0|2517|-1262.5|||3|3|2|1|1|132|5|["132,18,5,3699"]|636148155705780000|14:06:10:578
62|1.1|636147912688526453|881043|50775.578125|14.08643640546|100.67096423096|-8400|44325||50775.578125|33.75||3362.5|31.5|50775.578125|881043|NOK7115|0|2517|-1200|||3|3|2|1|1|132|5|["132,18,5,3699"]|636148155755780000|14:06:15:578
62|1.1|636147912738451445|881043|50780.578125|14.08425309059|100.6746334874|-8004|44083||50780.578125|33||3275|30.75|50780.578125|881043|NOK7115|0|2517|-1162.5|||3|3|2|1|1|132|5|["132,18,5,3699"]|636148155805780000|14:06:20:578
62|1.1|636147912788366436|881043|50785.5625|14.08192493665|100.67866752372|-7568|43825||50785.5625|32||3150|29.75|50785.5625|881043|NOK7115|0|2517|-1143.75|||3|3|2|1|1|132|5|["132,18,5,3699"]|636148155855630000|14:06:25:563
62|1.1|636147912838301429|881043|50790.5625|14.07960751153|100.68261036507|-7143|43569||50790.5625|31.5||3068.75|28.75|50790.5625|881043|NOK7115|0|2517|-1143.75|||3|3|2|1|1|132|5|["132,18,5,3699"]|636148155905630000|14:06:30:563
62|1.1|636147912888206419|881043|50795.5390625|14.07741346784|100.68602749424|-6774|43326||50795.5390625|30.5||2987.5|27.75|50795.5390625|881043|NOK7115|0|2517|-1125|||3|3|2|1|1|132|5|["132,18,5,3699"]|636148155955390000|14:06:35:539
62|1.1|636147912938141412|881043|50800.5390625|14.07388905047|100.68859168222|-6497|42936||50800.5390625|29||2887.5|27|50800.5390625|881043|NOK7115|0|2517|-1143.75|||3|3|2|1|1|132|5|["132,18,5,3699"]|636148156005390000|14:06:40:539
62|1.1|636147912988056403|881043|50805.5390625|14.0698281921|100.69065698007|-6274|42486||50805.5390625|28.25||2793.75|26|50805.5390625|881043|NOK7115|0|2517|-1143.75|||3|3|2|1|1|132|5|["132,18,5,3699"]|636148156055390000|14:06:45:539
62|1.1|636147913037971394|881043|50810.515625|14.06620721535|100.69291539668|-6030|42086||50810.515625|28||2712.5|25|50810.515625|881043|NOK7115|0|2517|-1125|||3|3|2|1|1|132|18|["132,18,5,3699"]|636148156105160000|14:06:50:516
62|1.1|636147913087906387|881043|50815.515625|14.06068187305|100.69113977697|-6222|41475||50815.515625|27||2631.25|24.25|50815.515625|881043|NOK7115|0|2517|-1081.25|||3|3|2|1|1|132|5|["132,18,5,3699"]|636148156155160000|14:06:55:516
62|1.1|636147913137811377|881043|50820.5|14.05654054853|100.68884380949|-6470|41017||50820.5|26.25||2543.75|23.5|50820.5|881043|NOK7115|0|2517|-1062.5|||3|3|2|1|1|132|18|["132,18,5,3699"]|636148156205000000|14:07:00:500
62|1.1|636147913187736369|881043|50825.5|14.05356330098|100.68637618089|-6737|40687||50825.5|25.25||2450|22.5|50825.5|881043|NOK7115|0|2517|-1062.5|||3|3|2|1|1|132|18|["132,18,5,3699"]|636148156255000000|14:07:05:500
62|1.1|636147913237661361|881043|50830.5|14.05051095169|100.68388709465|-7006|40350||50830.5|24.5||2375|21.75|50830.5|881043|NOK7115|0|2517|-1062.5|||3|3|2|1|1|132|18|["132,18,5,3699"]|636148156305000000|14:07:10:500
62|1.1|636147913287576352|881043|50835.4765625|14.04789311961|100.68000862622|-7425|40060||50835.4765625|23.5||2306.25|21|50835.4765625|881043|NOK7115|0|2517|-981.25|||3|3|2|1|1|132|5|["132,18,5,3699"]|636148156354770000|14:07:15:477
62|1.1|636147913337511345|881043|50840.4765625|14.04500170262|100.67771265874|-7673|39740||50840.4765625|23||2256.25|20.5|50840.4765625|881043|NOK7115|0|2517|-868.75|||3|3|2|1|1|132|5|["132,18,5,3699"]|636148156404770000|14:07:20:477
62|1.1|636147913387426336|881043|50845.4609375|14.04165431078|100.67562053884|-7899|39370||50845.4609375|22.5||2206.25|20|50845.4609375|881043|NOK7115|0|2517|-787.5|||3|3|2|1|1|132|5|["132,18,5,3699"]|636148156454610000|14:07:25:461
62|1.1|636147913437341327|881043|50850.4609375|14.03755590154|100.67351232571|-8127|38916||50850.4609375|21.75||2137.5|19.25|50850.4609375|881043|NOK7115|0|2517|-768.75|||3|3|2|1|1|132|5|["132,18,5,3699"]|636148156504610000|14:07:30:461
62|1.1|636147913487276320|881043|50855.4609375|14.03355941609|100.67149530755|-8345|38474||50855.4609375|21.5||2081.25|18.75|50855.4609375|881043|NOK7115|0|2517|-731.25|||3|3|2|1|1|132|18|["132,18,5,3699"]|636148156554610000|14:07:35:461
62|1.1|636147913537191311|881043|50860.4375|14.03026030394|100.67020784915|-8484|38109||50860.4375|20.75||2062.5|18.5|50860.4375|881043|NOK7115|0|2517|-587.5|||3|3|2|1|1|132|5|["132,18,5,3699"]|636148156604380000|14:07:40:438
62|1.1|636147913587106302|881043|50865.4375|14.02681098831|100.66837858534|-8682|37728||50865.4375|20.25||2012.5|18.25|50865.4375|881043|NOK7115|0|2517|-568.75|||3|3|2|1|1|132|5|["132,18,5,3699"]|636148156654380000|14:07:45:438
62|1.1|636147913637031294|881043|50870.421875|14.02295397752|100.66630792308|-8906|37301||50870.421875|20||1981.25|17.75|50870.421875|881043|NOK7115|0|2517|-512.5|||3|3|2|1|1|132|5|["132,18,5,3699"]|636148156704220000|14:07:50:422
62|1.1|636147913686956286|881043|50875.421875|14.01959049245|100.66443037958|-9109|36929||50875.421875|19.75||1956.25|17.5|50875.421875|881043|NOK7115|0|2517|-475|||3|3|2|1|1|132|5|["132,18,5,3699"]|636148156754220000|14:07:55:422
62|1.1|636147913736881278|881043|50880.421875|14.01584613427|100.66239726819|-9328|36515||50880.421875|19.5||1925|17|50880.421875|881043|NOK7115|0|2517|-450|||3|3|2|1|1|132|5|["132,18,5,3699"]|636148156804220000|14:08:00:422
62|1.1|636147913786806270|881043|50885.3984375|14.01230562367|100.66043925854|-9540|36123||50885.3984375|19||1868.75|16.75|50885.3984375|881043|NOK7115|0|2517|-475|||3|3|2|1|1|132|18|["132,18,5,3699"]|636148156853980000|14:08:05:398
62|1.1|636147913836721261|881043|50890.3984375|14.00944639314|100.6587548338|-9722|35807||50890.3984375|18.25||1787.5|16|50890.3984375|881043|NOK7115|0|2517|-550|||3|3|2|1|1|132|18|["132,18,5,3699"]|636148156903980000|14:08:10:398
62|1.1|636147913886666255|881043|50895.375|14.0062062895|100.65696312086|-9916|35448||50895.375|18.25||1781.25|16|50895.375|881043|NOK7115|0|2517|0|||3|3|0|1|1|132|5|["132,18,5,3699"]|636148156953750000|14:08:15:375
62|1.1|636147913936581246|881043|50900.375|14.00343825394|100.65534843345|-10090|35142||50900.375|18.25||1800|16|50900.375|881043|NOK7115|0|2517|0|||3|3|0|1|1|132|5|["132,18,5,3699"]|636148157003750000|14:08:20:375
62|1.1|636147913986486236|881043|50905.375|14.0001981503|100.65357281374|-10282|34784||50905.375|18||1793.75|16|50905.375|881043|NOK7115|0|2517|0|||3|3|0|1|1|132|5|["132,18,5,3699"]|636148157053750000|14:08:25:375
62|1.1|636147914036411228|881043|50910.359375|13.99741938592|100.65206005012|-10446|34477||50910.359375|17.25||1737.5|15.25|50910.359375|881043|NOK7115|0|2517|0|||3|3|0|1|1|132|5|["132,18,5,3699"]|636148157103590000|14:08:30:359
62|1.1|636147914086336220|881043|50915.359375|13.99423292638|100.6503327101|-10633|34124||50915.359375|16.75||1675|14.75|50915.359375|881043|NOK7115|0|2517|0|||3|3|0|1|1|132|5|["132,18,5,3699"]|636148157153590000|14:08:35:359
62|1.1|636147914136261212|881043|50920.3359375|13.99139515349|100.64871802269|-10807|33810||50920.3359375|16.25||1606.25|14|50920.3359375|881043|NOK7115|0|2517|-612.5|||3|3|2|1|1|132|18|["132,18,5,3699"]|636148157203360000|14:08:40:336
62|1.1|636147914186176203|881043|50925.3359375|13.98836426184|100.64701750472|-10991|33475||50925.3359375|15||1493.75|13|50925.3359375|881043|NOK7115|0|2517|-806.25|||3|3|2|1|1|132|5|["132,18,5,3699"]|636148157253360000|14:08:45:336
62|1.1|636147914236091194|881043|50930.3359375|13.98555867541|100.64542427495|-11163|33164||50930.3359375|14.5||1443.75|12.5|50930.3359375|881043|NOK7115|0|2517|-806.25|||3|3|2|1|1|132|5|["132,18,5,3699"]|636148157303360000|14:08:50:336
62|1.1|636147914286016186|881043|50935.3203125|13.98274236016|100.64383104518|-11336|32853||50935.3203125|14||1393.75|11.75|50935.3203125|881043|NOK7115|0|2517|-768.75|||3|3|2|1|1|132|5|["132,18,5,3699"]|636148157353200000|14:08:55:320
62|1.1|636147914335941178|881043|50940.3203125|13.9799743246|100.64225927305|-11506|32547||50940.3203125|13.5||1331.25|11.25|50940.3203125|881043|NOK7115|0|2517|-731.25|||3|3|2|1|1|132|5|["132,18,5,3699"]|636148157403200000|14:09:00:320
62|1.1|636147914385876171|881043|50945.296875|13.97721701786|100.64067140769|-11677|32242||50945.296875|13.25||1262.5|10.75|50945.296875|881043|NOK7115|0|2517|-731.25|||3|3|2|1|1|132|18|["132,18,5,3699"]|636148157452970000|14:09:05:297
62|1.1|636147914435781161|881043|50950.296875|13.97447043994|100.6391210932|-11845|31938||50950.296875|12.5||1206.25|10|50950.296875|881043|NOK7115|0|2517|-706.25|||3|3|2|1|1|132|18|["132,18,5,3699"]|636148157502970000|14:09:10:297
62|1.1|636147914485716154|881043|50955.296875|13.97173995525|100.63758687194|-12011|31636||50955.296875|11.5||1156.25|9.5|50955.296875|881043|NOK7115|0|2517|-687.5|||3|3|2|1|1|132|5|["132,18,5,3699"]|636148157552970000|14:09:15:297
62|1.1|636147914535621144|881043|50960.28125|13.9689772841|100.63603655745|-12179|31331||50960.28125|11.25||1112.5|9|50960.28125|881043|NOK7115|0|2517|-668.75|||3|3|2|1|1|132|5|["132,18,5,3699"]|636148157602810000|14:09:20:281
62|1.1|636147914585556137|881043|50965.28125|13.96620924854|100.63447551414|-12347|31024||50965.28125|10.5||1050|8.5|50965.28125|881043|NOK7115|0|2517|-668.75|||3|3|2|1|1|132|5|["132,18,5,3699"]|636148157652810000|14:09:25:281
62|1.1|636147914635471128|881043|50970.2578125|13.96321590776|100.63282327586|-12526|30693||50970.2578125|10||981.25|7.75|50970.2578125|881043|NOK7115|0|2517|-706.25|||3|3|2|1|1|132|5|["132,18,5,3699"]|636148157702580000|14:09:30:258
62|1.1|636147914685386119|881043|50975.2578125|13.96029766872|100.63120858845|-12701|30370||50975.2578125|9.5||925|7.25|50975.2578125|881043|NOK7115|0|2517|-706.25|||3|3|2|1|1|132|5|["132,18,5,3699"]|636148157752580000|14:09:35:258
62|1.1|636147914735311111|881043|50980.2578125|13.95752426875|100.62966900278|-12867|30064||50980.2578125|9.25||862.5|6.75|50980.2578125|881043|NOK7115|0|2517|-706.25|||3|3|2|1|1|132|18|["132,18,5,3699"]|636148157802580000|14:09:40:258
62|1.1|636147914785226102|881043|50985.2421875|13.95467040263|100.62807577301|-13039|29748||50985.2421875|8.5||793.75|6|50985.2421875|881043|NOK7115|0|2517|-706.25|||3|3|2|1|1|132|18|["132,18,5,3699"]|636148157852420000|14:09:45:242
62|1.1|636147914835151094|881043|50990.2421875|13.95211157906|100.62664883995|-13194|29465||50990.2421875|7.5||750|5.5|50990.2421875|881043|NOK7115|0|2517|-687.5|||3|3|2|1|1|132|5|["132,18,5,3699"]|636148157902420000|14:09:50:242
62|1.1|636147914885076086|881043|50995.21875|13.94939182319|100.62514144074|-13357|29164||50995.21875|7||706.25|5|50995.21875|881043|NOK7115|0|2517|-668.75|||3|3|2|1|1|132|5|["132,18,5,3699"]|636148157952190000|14:09:55:219
62|1.1|636147914935001078|881043|51000.21875|13.94662915204|100.62359649066|-13524|28859||51000.21875|6.5||650|4.5|51000.21875|881043|NOK7115|0|2517|-650|||3|3|2|1|1|132|5|["132,18,5,3699"]|636148158002190000|14:10:00:219
62|1.1|636147914984926070|881043|51005.21875|13.94385575207|100.62205154058|-13691|28552||51005.21875|5.75||587.5|3.75|51005.21875|881043|NOK7115|0|2517|-687.5|||3|3|2|1|1|132|5|["132,18,5,3699"]|636148158052190000|14:10:05:219
62|1.1|636147915034841061|881043|51010.1953125|13.94098042831|100.62042075994|-13867|28234||51010.1953125|5.25||531.25|3.25|51010.1953125|881043|NOK7115|0|2517|-706.25|||3|3|2|1|1|132|5|["132,18,5,3699"]|636148158101950000|14:10:10:195
62|1.1|636147915084766053|881043|51015.1953125|13.93810510455|100.61881680135|-14041|27916||51015.1953125|4.75||487.5|2.75|51015.1953125|881043|NOK7115|0|2517|-706.25|||3|3|2|1|1|132|5|["132,18,5,3699"]|636148158151950000|14:10:15:195
62|1.1|636147915134691045|881043|51020.1796875|13.93520295874|100.61720211394|-14215|27595||51020.1796875|4.25||418.75|2|51020.1796875|881043|NOK7115|0|2517|-687.5|||3|3|2|1|1|132|5|["132,18,5,3699"]|636148158201800000|14:10:20:180
62|1.1|636147915184606036|881043|51025.1796875|13.93237591467|100.61561961299|-14387|27282||51025.1796875|4||375|1.5|51025.1796875|881043|NOK7115|0|2517|-687.5|||3|3|2|1|1|132|18|["132,18,5,3699"]|636148158251800000|14:10:25:180
62|1.1|636147915234531028|881043|51030.1796875|13.92937720948|100.61394591707|-14568|26950||51030.1796875|3||293.75|0.75|51030.1796875|881043|NOK7115|0|2517|-731.25|||3|3|2|1|1|132|5|["132,18,5,3699"]|636148158301800000|14:10:30:180
62|1.1|636147915284446019|881043|51035.15625|13.92650725013|100.61233659407|-14742|26633||51035.15625|2.75||250|0.25|51035.15625|881043|NOK7115|0|2517|-706.25|||3|3|2|1|1|132|18|["132,18,5,3699"]|636148158351560000|14:10:35:156
62|1.1|636147915334381012|881043|51040.15625|13.92334761264|100.61054488113|-14936|26283||51040.15625|2||168.75|8191.75|51040.15625|881043|NOK7115|0|2517|-731.25|||3|3|2|1|1|132|5|["132,18,5,3699"]|636148158401560000|14:10:40:156
62|1.1|636147915384296003|881043|51045.140625|13.92034890745|100.60882826993|-15121|25952||51045.140625|1.5||118.75|8191.25|51045.140625|881043|NOK7115|0|2517|-687.5|||3|3|2|1|1|132|18|["132,18,5,3699"]|636148158451410000|14:10:45:141
62|1.1|636147915434210994|881043|51050.140625|13.91738238872|100.60717066724|-15301|25624||51050.140625|1.5||56.25|8191.25|51050.140625|881043|NOK7115|0|2517|-450|||3|3|2|1|1|132|18|["132,18,5,3699"]|636148158501410000|14:10:50:141
62|1.1|636147915484135986|881043|51055.140625|13.9144212344|100.6054862425|-15483|25296||51055.140625|1.5||6.25|8191.5|51055.140625|881043|NOK7115|0|2517|0|||3|3|0|1|1|132|18|["132,18,5,3699"]|636148158551410000|14:10:55:141
62|1.1|636147915534060978|881043|51060.1171875|13.91145471567|100.60381254658|-15664|24968||51060.1171875|1.5||0|8191.5|51060.1171875|881043|NOK7115|0|2517|0|||3|3|0|1|1|132|18|["132,18,5,3699"]|636148158601170000|14:11:00:117
62|1.1|636147915583975969|881043|51065.1171875|13.90847746812|100.60214421507|-15845|24639||51065.1171875|1.75||0|8191.75|51065.1171875|881043|NOK7115|0|2517|0|||3|3|3|1|1|132|18|["132,18,5,3699"]|636148158651170000|14:11:05:117
