62|1.1|636147897419029656|8838eb|49248.65625|18.7693195726|101.82416754189|113613|563216||49248.65625|349.75||34937.5|347|49248.65625|8838eb|X|0|1575|0|||3|3|0|1|1|132|194|["132,98,5,3856","132,114,5,358","132,194,5,3508","132,178,5,1596","132,146,5,1747"]|636148140486560000|13:40:48:656
62|1.1|636147897468964649|8838eb|49253.640625|18.77974262123|101.82732181497|113940|564374||49253.640625|350||34937.5|347.25|49253.640625|8838eb|X|0|1575|0|||3|3|0|1|1|132|194|["132,98,5,3856","132,114,5,358","132,194,5,3508","132,178,5,1596","132,146,5,1747"]|636148140536410000|13:40:53:641
62|1.1|636147897518879640|8838eb|49258.640625|18.79027295806|101.8305565542|114276|565544||49258.640625|349.75||34912.5|347.25|49258.640625|8838eb|X|0|1575|0|||3|3|0|1|1|132|98|["132,98,5,3856","132,114,5,358","132,194,5,3508","132,178,5,1596","132,146,5,1747"]|636148140586410000|13:40:58:641
62|1.1|636147897568794631|8838eb|49263.6171875|18.80036877768|101.83389858163|114623|566665||49263.6171875|349.75||34950|347|49263.6171875|8838eb|X|0|1575|0|||3|3|0|1|1|132|114|["132,98,5,3856","132,114,5,358","132,194,5,3508","132,178,5,1596","132,146,5,1747"]|636148140636170000|13:41:03:617
62|1.1|636147897618729624|8838eb|49268.6171875|18.81068453811|101.83703139707|114948|567811||49268.6171875|349.75||34956.25|347|49268.6171875|8838eb|X|0|1575|0|||3|3|0|1|1|132|114|["132,98,5,3856","132,114,5,358","132,194,5,3508","132,178,5,1596","132,146,5,1747"]|636148140686170000|13:41:08:617
62|1.1|636147897668644615|8838eb|49273.6171875|18.82099493413|101.8402661363|115283|568957||49273.6171875|350||34975|347.25|49273.6171875|8838eb|X|0|1575|0|||3|3|0|1|1|132|114|["132,98,5,3856","132,114,5,358","132,194,5,3508","132,178,5,1596","132,146,5,1747"]|636148140736170000|13:41:13:617
62|1.1|636147897718579608|8838eb|49278.6015625|18.83123559282|101.84324338385|115592|570094||49278.6015625|350||35006.25|347.25|49278.6015625|8838eb|X|0|1575|0|||3|3|0|1|1|132|146|["132,98,5,3856","132,114,5,358","132,194,5,3508","132,178,5,1596","132,146,5,1747"]|636148140786020000|13:41:18:602
62|1.1|636147897768484598|8838eb|49283.6015625|18.84171764996|101.8461669873|115894|571259||49283.6015625|350||35000|347.25|49283.6015625|8838eb|X|0|1575|0|||3|3|0|1|1|132|146|["132,98,5,3856","132,114,5,358","132,194,5,3508","132,178,5,1596","132,146,5,1747"]|636148140836020000|13:41:23:602
62|1.1|636147897818409590|8838eb|49288.578125|18.8523069953|101.84929980274|116219|572435||49288.578125|350||34968.75|347.25|49288.578125|8838eb|X|0|1575|0|||3|3|0|1|1|132|114|["132,98,5,3856","132,114,5,358","132,194,5,3508","132,178,5,1596","132,146,5,1747"]|636148140885780000|13:41:28:578
62|1.1|636147897868344583|8838eb|49293.578125|18.86284269654|101.85252917756|116554|573606||49293.578125|350||34943.75|347.25|49293.578125|8838eb|X|0|1575|0|||3|3|0|1|1|132|114|["132,98,5,3856","132,114,5,358","132,194,5,3508","132,178,5,1596","132,146,5,1747"]|636148140935780000|13:41:33:578
62|1.1|636147897918249573|8838eb|49298.578125|18.87328720281|101.85562444213|116874|574766||49298.578125|350||34943.75|347.25|49298.578125|8838eb|X|0|1575|0|||3|3|0|1|1|132|146|["132,98,5,3856","132,114,5,358","132,194,5,3508","132,178,5,1596","132,146,5,1747"]|636148140985780000|13:41:38:578
62|1.1|636147897968184566|8838eb|49303.5625|18.88365124293|101.8591488595|117240|575918||49303.5625|350||34931.25|347.25|49303.5625|8838eb|X|0|1575|0|||3|3|0|1|1|132|98|["132,98,5,3856","132,114,5,358","132,194,5,3508","132,178,5,1596","132,146,5,1747"]|636148141035630000|13:41:43:563
62|1.1|636147898018099557|8838eb|49308.5625|18.89398309659|101.86228703935|117565|577065||49308.5625|349.75||34931.25|347|49308.5625|8838eb|X|0|1575|0|||3|3|0|1|1|132|98|["132,98,5,3856","132,114,5,358","132,194,5,3508","132,178,5,1596","132,146,5,1747"]|636148141085630000|13:41:48:563
62|1.1|636147898068014548|8838eb|49313.5390625|18.90427739938|101.86546813448|117895|578209||49313.5390625|349.75||34925|347|49313.5390625|8838eb|X|0|1575|0|||3|3|0|1|1|132|98|["132,98,5,3856","132,114,5,358","132,194,5,3508","132,178,5,1596","132,146,5,1747"]|636148141135390000|13:41:53:539
62|1.1|636147898117939540|8838eb|49318.5390625|18.91462534627|101.86850439054|118209|579359||49318.5390625|349.75||34931.25|347|49318.5390625|8838eb|X|0|1575|0|||3|3|0|1|1|132|98|["132,98,5,3856","132,114,5,358","132,194,5,3508","132,178,5,1596","132,146,5,1747"]|636148141185390000|13:41:58:539
62|1.1|636147898167874533|8838eb|49323.5390625|18.92492501347|101.87173912977|118544|580503||49323.5390625|349.75||34937.5|347|49323.5390625|8838eb|X|0|1575|0|||3|3|0|1|1|132|98|["132,98,5,3856","132,114,5,358","132,194,5,3508","132,178,5,1596","132,146,5,1747"]|636148141235390000|13:42:03:539
62|1.1|636147898217799525|8838eb|49328.515625|18.93515494334|101.8748665808|118868|581640||49328.515625|350||34950|347.25|49328.515625|8838eb|X|0|1575|0|||3|3|0|1|1|132|98|["132,98,5,3856","132,114,5,358","132,194,5,3508","132,178,5,1596","132,146,5,1747"]|636148141285160000|13:42:08:516
62|1.1|636147898267714516|8838eb|49333.515625|18.9455940852|101.87791893009|119184|582800||49333.515625|350||34956.25|347.25|49333.515625|8838eb|X|0|1575|0|||3|3|0|1|1|132|98|["132,98,5,3856","132,114,5,358","132,194,5,3508","132,178,5,1596","132,146,5,1747"]|636148141335160000|13:42:13:516
62|1.1|636147898317639508|8838eb|49338.5|18.95610296439|101.88081571149|119483|583967||49338.5|350||34950|347.25|49338.5|8838eb|X|0|1575|0|||3|3|0|1|1|132|114|["132,98,5,3856","132,114,5,358","132,194,5,3508","132,178,5,1596","132,146,5,1747"]|636148141385000000|13:42:18:500
62|1.1|636147898367544498|8838eb|49343.5|18.96631680103|101.88411482364|119825|585102||49343.5|350||34968.75|347|49343.5|8838eb|X|0|1575|0|||3|3|0|1|1|132|146|["132,98,5,3856","132,114,5,358","132,194,5,3508","132,178,5,1596","132,146,5,1747"]|636148141435000000|13:42:23:500
62|1.1|636147898417469490|8838eb|49348.5|18.97662719705|101.8873656561|120162|586248||49348.5|349.75||34962.5|347|49348.5|8838eb|X|0|1575|0|||3|3|0|1|1|132|146|["132,98,5,3856","132,114,5,358","132,194,5,3508","132,178,5,1596","132,146,5,1747"]|636148141485000000|13:42:28:500
62|1.1|636147898467394482|8838eb|49353.4765625|18.98694295748|101.8900478611|120439|587394||49353.4765625|350||34981.25|347|49353.4765625|8838eb|X|0|1575|0|||3|3|0|1|1|132|114|["132,98,5,3856","132,114,5,358","132,194,5,3508","132,178,5,1596","132,146,5,1747"]|636148141534770000|13:42:33:477
62|1.1|636147898517319474|8838eb|49358.4765625|18.99739282816|101.89330942238|120776|588555||49358.4765625|350||34968.75|347|49358.4765625|8838eb|X|0|1575|0|||3|3|0|1|1|132|114|["132,98,5,3856","132,114,5,358","132,194,5,3508","132,178,5,1596","132,146,5,1747"]|636148141584770000|13:42:38:477
62|1.1|636147898567234465|8838eb|49363.4609375|19.00777296151|101.89649051751|121105|589709||49363.4609375|349.75||34950|347|49363.4609375|8838eb|X|0|1575|0|||3|3|0|1|1|132|114|["132,98,5,3856","132,114,5,358","132,194,5,3508","132,178,5,1596","132,146,5,1747"]|636148141634610000|13:42:43:461
62|1.1|636147898617149456|8838eb|49368.4609375|19.01816918809|101.89983790935|121452|590864||49368.4609375|349.75||34943.75|347.25|49368.4609375|8838eb|X|0|1575|0|||3|3|0|1|1|132|146|["132,98,5,3856","132,114,5,358","132,194,5,3508","132,178,5,1596","132,146,5,1747"]|636148141684610000|13:42:48:461
62|1.1|636147898667084449|8838eb|49373.4609375|19.02857614349|101.90290635187|121769|592021||49373.4609375|349.75||34931.25|347|49373.4609375|8838eb|X|0|1575|0|||3|3|0|1|1|132|114|["132,98,5,3856","132,114,5,358","132,194,5,3508","132,178,5,1596","132,146,5,1747"]|636148141734610000|13:42:53:461
62|1.1|636147898716999440|8838eb|49378.4375|19.03882216659|101.90618937079|122109|593159||49378.4375|349.75||34937.5|347|49378.4375|8838eb|X|0|1575|0|||3|3|0|1|1|132|114|["132,98,5,3856","132,114,5,358","132,194,5,3508","132,178,5,1596","132,146,5,1747"]|636148141784380000|13:42:58:438
62|1.1|636147898766944434|8838eb|49383.4375|19.04926130845|101.9090378725|122403|594319||49383.4375|350||34943.75|347|49383.4375|8838eb|X|0|1575|0|||3|3|0|1|1|132|114|["132,98,5,3856","132,114,5,358","132,194,5,3508","132,178,5,1596","132,146,5,1747"]|636148141834380000|13:43:03:438
62|1.1|636147898816849424|8838eb|49388.421875|19.05963071298|101.91233162024|122744|595471||49388.421875|350||34937.5|347.25|49388.421875|8838eb|X|0|1575|0|||3|3|0|1|1|132|146|["132,98,5,3856","132,114,5,358","132,194,5,3508","132,178,5,1596","132,146,5,1747"]|636148141884220000|13:43:08:422
62|1.1|636147898866764415|8838eb|49393.421875|19.07002157515|101.91526595251|123047|596626||49393.421875|350||34950|347.25|49393.421875|8838eb|X|0|1575|0|||3|3|0|1|1|132|146|["132,98,5,3856","132,114,5,358","132,194,5,3508","132,178,5,1596","132,146,5,1747"]|636148141934220000|13:43:13:422
62|1.1|636147898916689407|8838eb|49398.421875|19.08035342881|101.91840413236|123371|597774||49398.421875|350||34968.75|347.25|49398.421875|8838eb|X|0|1575|0|||3|3|0|1|1|132|146|["132,98,5,3856","132,114,5,358","132,194,5,3508","132,178,5,1596","132,146,5,1747"]|636148141984220000|13:43:18:422
62|1.1|636147898966604398|8838eb|49403.3984375|19.0907550198|101.92146721047|123688|598930||49403.3984375|350||34962.5|347.25|49403.3984375|8838eb|X|0|1575|0|||3|3|0|1|1|132|146|["132,98,5,3856","132,114,5,358","132,194,5,3508","132,178,4,1596","132,146,5,1747"]|636148142033980000|13:43:23:398
62|1.1|636147899016539391|8838eb|49408.3984375|19.10112978874|101.92476632262|124029|600083||49408.3984375|350||34968.75|347.25|49408.3984375|8838eb|X|0|1575|0|||3|3|0|1|1|132|146|["132,98,5,3856","132,114,5,358","132,194,5,3508","132,178,4,1596","132,146,5,1747"]|636148142083980000|13:43:28:398
62|1.1|636147899066474384|8838eb|49413.375|19.11158502383|101.92785622278|124348|601245||49413.375|350||34943.75|347.25|49413.375|8838eb|X|0|1575|0|||3|3|0|1|1|132|146|["132,98,5,3856","132,114,5,358","132,194,5,3508","132,178,5,1854","132,146,5,1747"]|636148142133750000|13:43:33:375
62|1.1|636147899116369373|8838eb|49418.375|19.12193833513|101.93077982623|124650|602396||49418.375|350||34962.5|347.25|49418.375|8838eb|X|0|1575|0|||3|3|0|1|1|132|146|["132,114,5,358","132,194,5,3508","132,178,5,1854","132,146,5,1747"]|636148142183750000|13:43:38:375
62|1.1|636147899166294365|8838eb|49423.375|19.13237211258|101.93409503161|124993|603555||49423.375|350||34950|347.25|49423.375|8838eb|X|0|1575|0|||3|3|0|1|1|132|146|["132,114,5,358","132,194,5,3508","132,178,5,1854","132,146,5,1747"]|636148142233750000|13:43:43:375
62|1.1|636147899216209356|8838eb|49428.359375|19.14280052562|101.93760335575|125356|604714||49428.359375|350||34925|347.25|49428.359375|8838eb|X|0|1575|0|||3|3|0|1|1|132|146|["132,114,5,358","132,194,5,3508","132,178,5,1854","132,146,5,1747"]|636148142283590000|13:43:48:359
62|1.1|636147899266144349|8838eb|49433.359375|19.15327185394|101.940956112|125703|605878||49433.359375|349.75||34893.75|347|49433.359375|8838eb|X|0|1575|0|||3|3|0|1|1|132|146|["132,114,5,358","132,194,5,3508","132,178,5,1854","132,146,5,1747"]|636148142333590000|13:43:53:359
62|1.1|636147899316059340|8838eb|49438.3359375|19.16362516524|101.94393335955|126010|607029||49438.3359375|349.75||34906.25|349.75|49438.3359375|8838eb|X|0|1575|0|||3|3|0|1|1|132|146|["132,114,5,358","132,194,5,3508","132,178,5,1854","132,146,5,1747"]|636148142383360000|13:43:58:336
62|1.1|636147899365984332|8838eb|49443.3359375|19.17405357828|101.94713591232|126341|608188||49443.3359375|350||34906.25|349.75|49443.3359375|8838eb|X|0|1575|0|||3|3|0|1|1|132|146|["132,114,5,358","132,194,5,3508","132,178,5,1854","132,146,5,1747"]|636148142433360000|13:44:03:336
62|1.1|636147899415899323|8838eb|49448.3359375|19.1844176184|101.95025263453|126662|609340||49448.3359375|349.75||34918.75|349.75|49448.3359375|8838eb|X|0|1575|0|||3|3|0|1|1|132|146|["132,114,5,358","132,194,5,3508","132,178,5,1854","132,146,5,1747"]|636148142483360000|13:44:08:336
62|1.1|636147899465834316|8838eb|49453.3203125|19.19489431113|101.95372877221|127022|610505||49453.3203125|349.75||34887.5|349.75|49453.3203125|8838eb|X|0|1575|0|||3|3|0|1|1|132|146|["132,114,5,358","132,194,5,3508","132,178,5,1854","132,146,5,1747"]|636148142533200000|13:44:13:320
62|1.1|636147899515749307|8838eb|49458.3203125|19.20545147001|101.95690986734|127350|611678||49458.3203125|350||34868.75|349.75|49458.3203125|8838eb|X|0|1575|0|||3|3|0|1|1|132|146|["132,114,5,358","132,194,5,3508","132,178,5,1854","132,146,5,1747"]|636148142583200000|13:44:18:320
62|1.1|636147899565664298|8838eb|49463.296875|19.21571895075|101.9600534116|127675|612820||49463.296875|350||34906.25|350|49463.296875|8838eb|X|0|1575|0|||3|3|0|1|1|132|146|["132,114,5,358","132,194,5,3508","132,178,5,1854","132,146,5,1747"]|636148142632970000|13:44:23:297
62|1.1|636147899615589290|8838eb|49468.296875|19.22610444851|101.96299310828|127978|613974||49468.296875|350||34931.25|350|49468.296875|8838eb|X|0|1575|0|||3|3|0|1|1|132|146|["132,114,5,358","132,194,5,3508","132,178,5,1854","132,146,5,1747"]|636148142682970000|13:44:28:297
62|1.1|636147899665514282|8838eb|49473.296875|19.2364523954|101.96578796589|128266|615124||49473.296875|349.75||34956.25|349.75|49473.296875|8838eb|X|0|1575|0|||3|3|0|1|1|132|146|["132,114,5,358","132,194,5,3508","132,178,5,1854","132,146,5,1747"]|636148142732970000|13:44:33:297
62|1.1|636147899715439274|8838eb|49478.28125|19.24678424906|101.96876521344|128573|616272||49478.28125|349.75||34956.25|349.75|49478.28125|8838eb|X|0|1575|0|||3|3|0|1|1|132|146|["132,114,5,358","132,194,5,3508","132,178,5,1854","132,146,5,1747"]|636148142782810000|13:44:38:281
62|1.1|636147899765354265|8838eb|49483.28125|19.25728239943|101.97199995267|128906|617439||49483.28125|350||34943.75|349.75|49483.28125|8838eb|X|0|1575|0|||3|3|0|1|1|132|146|["132,114,5,358","132,194,5,3508","132,178,5,1854","132,146,5,1747"]|636148142832810000|13:44:43:281
62|1.1|636147899815279257|8838eb|49488.2578125|19.26765716837|101.97520250544|129237|618592||49488.2578125|350||34943.75|350|49488.2578125|8838eb|X|0|1575|0|||3|3|0|1|1|132|146|["132,114,5,358","132,194,5,3508","132,178,5,1854","132,146,5,1747"]|636148142882580000|13:44:48:258
62|1.1|636147899865194248|8838eb|49493.2578125|19.278080217|101.97838896498|129566|619751||49493.2578125|350||34950|350|49493.2578125|8838eb|X|0|1575|0|||3|3|0|1|1|132|146|["132,114,5,358","132,194,5,3508","132,178,5,1854","132,146,5,1747"]|636148142932580000|13:44:53:258
62|1.1|636147899915119240|8838eb|49498.2578125|19.28853545209|101.98152714483|129889|620913||49498.2578125|350||34956.25|350|49498.2578125|8838eb|X|0|1575|0|||3|3|0|1|1|132|146|["132,114,5,358","132,194,5,3508","132,178,5,1854","132,146,5,1747"]|636148142982580000|13:44:58:258
62|1.1|636147899965044232|8838eb|49503.2421875|19.29869564463|101.98476188406|130223|622043||49503.2421875|349.75||34975|350|49503.2421875|8838eb|X|0|1575|0|||3|3|0|1|1|132|146|["132,114,5,358","132,194,5,3508","132,178,5,1854","132,146,5,1747"]|636148143032420000|13:45:03:242
62|1.1|636147900014959223|8838eb|49508.2421875|19.30911869326|101.98763720782|130519|623202||49508.2421875|349.75||34981.25|349.75|49508.2421875|8838eb|X|0|1575|0|||3|3|0|1|1|132|146|["132,114,5,358","132,194,5,3508","132,178,5,1854","132,146,5,1747"]|636148143082420000|13:45:08:242
62|1.1|636147900064884215|8838eb|49513.21875|19.31951491984|101.99075929444|130841|624357||49513.21875|350||34975|349.75|49513.21875|8838eb|X|0|1575|0|||3|3|0|1|1|132|146|["132,114,5,358","132,194,5,3508","132,178,5,1854","132,146,5,1747"]|636148143132190000|13:45:13:219
62|1.1|636147900114809207|8838eb|49518.21875|19.32993796847|101.99397794044|131173|625516||49518.21875|350||34975|350|49518.21875|8838eb|X|0|1575|0|||3|3|0|1|1|132|146|["132,114,5,358","132,194,5,3508","132,178,5,1854","132,146,5,1747"]|636148143182190000|13:45:18:219
62|1.1|636147900164734199|8838eb|49523.21875|19.34038783915|101.99735751874|131522|626678||49523.21875|350||34968.75|350|49523.21875|8838eb|X|0|1575|0|||3|3|0|1|1|132|146|["132,114,5,358","132,194,5,3508","132,178,5,1854","132,146,5,1747"]|636148143232190000|13:45:23:219
62|1.1|636147900214649190|8838eb|49528.1953125|19.35077333691|102.00073173263|131870|627832||49528.1953125|350||34962.5|350|49528.1953125|8838eb|X|0|1575|0|||3|3|0|1|1|132|146|["132,114,5,358","132,194,5,3508","132,178,5,1854","132,146,5,1747"]|636148143281950000|13:45:28:195
62|1.1|636147900264574182|8838eb|49533.1953125|19.36127685169|102.00391282776|132198|629000||49533.1953125|349.75||34937.5|349.75|49533.1953125|8838eb|X|0|1575|0|||3|3|0|1|1|132|146|["132,114,5,358","132,194,5,3508","132,178,5,1854","132,146,5,1747"]|636148143331950000|13:45:33:195
62|1.1|636147900314489173|8838eb|49538.1796875|19.37167307827|102.00702954997|132519|630156||49538.1796875|350||34950|349.75|49538.1796875|8838eb|X|0|1575|0|||3|3|0|1|1|132|146|["132,114,5,358","132,194,5,3508","132,178,5,1854","132,146,5,1747"]|636148143381800000|13:45:38:180
62|1.1|636147900364414165|8838eb|49543.1796875|19.38221950833|102.01043058591|132870|631329||49543.1796875|350||34931.25|350|49543.1796875|8838eb|X|0|1575|0|||3|3|0|1|1|132|146|["132,114,5,358","132,194,5,3508","132,178,5,1854","132,146,5,1747"]|636148143431800000|13:45:43:180
62|1.1|636147900414339157|8838eb|49548.1796875|19.39276593839|102.01340783346|133176|632501||49548.1796875|350||34931.25|350|49548.1796875|8838eb|X|0|1575|0|||3|3|0|1|1|132|146|["132,114,5,358","132,194,5,3508","132,178,5,1854","132,146,5,1747"]|636148143481800000|13:45:48:180
62|1.1|636147900464254148|8838eb|49553.15625|19.40321580907|102.01650846244|133495|633663||49553.15625|350||34937.5|350|49553.15625|8838eb|X|0|1575|0|||3|3|0|1|1|132|146|["132,114,5,358","132,194,5,3508","132,178,5,1854","132,146,5,1747"]|636148143531560000|13:45:53:156
62|1.1|636147900514179140|8838eb|49558.15625|19.41359057801|102.01963591347|133817|634817||49558.15625|350||34962.5|350|49558.15625|8838eb|X|0|1575|0|||3|3|0|1|1|132|146|["132,114,5,358","132,194,5,3508","132,178,5,1854","132,146,5,1747"]|636148143581560000|13:45:58:156
62|1.1|636147900564104132|8838eb|49563.140625|19.42404044869|102.02267216953|134129|635978||49563.140625|350||34962.5|350|49563.140625|8838eb|X|0|1575|0|||3|3|0|1|1|132|146|["132,114,5,358","132,194,5,3508","132,178,5,1854","132,146,5,1747"]|636148143631410000|13:46:03:141
62|1.1|636147900614019123|8838eb|49568.140625|19.43459760757|102.02610539193|134484|637152||49568.140625|350||34943.75|350|49568.140625|8838eb|X|0|1575|0|||3|3|0|1|1|132|146|["132,114,5,358","132,194,5,3508","132,178,5,1854","132,146,5,1747"]|636148143681410000|13:46:08:141
62|1.1|636147900663954116|8838eb|49573.140625|19.44509039353|102.029468877|134830|638319||49573.140625|350||34937.5|350|49573.140625|8838eb|X|0|1575|0|||3|3|0|1|1|132|146|["132,114,5,358","132,194,5,3508","132,178,5,1854","132,146,5,1747"]|636148143731410000|13:46:13:141
62|1.1|636147900713869107|8838eb|49578.1171875|19.45552417098|102.03267142977|135160|639480||49578.1171875|350||34943.75|350|49578.1171875|8838eb|X|0|1575|0|||3|3|0|1|1|132|146|["132,114,5,358","132,194,5,3508","132,178,5,1854","132,146,5,1747"]|636148143781170000|13:46:18:117
62|1.1|636147900763794099|8838eb|49583.1171875|19.4659954993|102.03572377906|135474|640644||49583.1171875|350||34956.25|350|49583.1171875|8838eb|X|0|1575|0|||3|3|0|1|1|132|146|["132,114,5,358","132,194,5,3508","132,178,5,1854","132,146,5,1747"]|636148143831170000|13:46:23:117
62|1.1|636147900813699089|8838eb|49588.1015625|19.47644536998|102.03899070475|135810|641806||49588.1015625|350||34956.25|350|49588.1015625|8838eb|X|0|1575|0|||3|3|0|1|1|132|146|["132,114,5,358","132,194,5,3508","132,178,5,1854","132,146,5,1747"]|636148143881020000|13:46:28:102
62|1.1|636147900863624081|8838eb|49593.1015625|19.48701325768|102.04210742696|136131|642981||49593.1015625|350||34950|350|49593.1015625|8838eb|X|0|1575|0|||3|3|0|1|1|132|146|["132,114,5,358","132,194,5,3508","132,178,5,1854","132,146,5,1747"]|636148143931020000|13:46:33:102
62|1.1|636147900913399058|8838eb|49598.1015625|19.49765624712|102.04537435265|136467|644164||49598.1015625|350||34931.25|350|49598.1015625|8838eb|X|0|1575|0|||3|3|0|1|1|132|146|["132,114,5,358","132,194,5,3508","132,178,5,1854","132,146,5,1747"]|636148143981020000|13:46:38:102
62|1.1|636147900963474065|8838eb|49603.078125|19.50811684662|102.0486734648|136807|645328||49603.078125|350||34931.25|350|49603.078125|8838eb|X|0|1575|0|||3|3|0|1|1|132|146|["132,114,5,358","132,194,5,3508","132,178,5,1854","132,146,5,1747"]|636148144030780000|13:46:43:078
62|1.1|636147901013409058|8838eb|49608.078125|19.51861499699|102.0518384667|137132|646495||49608.078125|350||34943.75|350|49608.078125|8838eb|X|0|1575|0|||3|3|0|1|1|132|146|["132,114,5,358","132,194,5,3508","132,178,5,1854","132,146,5,1747"]|636148144080780000|13:46:48:078
62|1.1|636147901063164033|8838eb|49613.0625|19.52922579997|102.05522340941|137481|647675||49613.0625|350||34918.75|350|49613.0625|8838eb|X|0|1575|0|||3|3|0|1|1|132|146|["132,114,5,358","132,194,5,3508","132,178,5,1854","132,146,5,1747"]|636148144130630000|13:46:53:063
62|1.1|636147901113079024|8838eb|49618.0625|19.53958984009|102.05837768249|137806|648828||49618.0625|349.75||34950|350|49618.0625|8838eb|X|0|1575|0|||3|3|0|1|1|132|146|["132,114,5,358","132,194,5,3508","132,178,5,1854","132,146,5,1747"]|636148144180630000|13:46:58:063
62|1.1|636147901163004016|8838eb|49623.0625|19.55015236338|102.06141930296|138118|650002||49623.0625|350||34943.75|350|49623.0625|8838eb|X|0|1575|0|||3|3|0|1|1|132|146|["132,114,5,358","132,194,5,3508","132,178,5,1854","132,146,5,1747"]|636148144230630000|13:47:03:063
62|1.1|636147901212929008|8838eb|49628.0390625|19.56065051375|102.06470232188|138456|651170||49628.0390625|350||34943.75|350|49628.0390625|8838eb|X|0|1575|0|||3|3|0|1|1|132|146|["132,114,5,358","132,194,5,3508","132,178,5,1854","132,146,5,1747"]|636148144280390000|13:47:08:039
62|1.1|636147901262854000|8838eb|49633.0390625|19.57119694381|102.06767956943|138761|652342||49633.0390625|350||34950|350|49633.0390625|8838eb|X|0|1575|0|||3|3|0|1|1|132|146|["132,114,5,358","132,194,5,3508","132,178,5,1854","132,146,5,1747"]|636148144330390000|13:47:13:039
62|1.1|636147901312768991|8838eb|49638.015625|19.58158244157|102.07093040189|139096|653498||49638.015625|350||34968.75|350|49638.015625|8838eb|X|0|1575|0|||3|3|0|1|1|132|146|["132,114,5,358","132,194,5,3508","132,178,5,1854","132,146,5,1747"]|636148144380160000|13:47:18:016
62|1.1|636147901362693983|8838eb|49643.015625|19.59212350722|102.07436362429|139449|654670||49643.015625|350||34956.25|350|49643.015625|8838eb|X|0|1575|0|||3|3|0|1|1|132|146|["132,114,5,358","132,194,5,3508","132,178,5,1854","132,146,5,1747"]|636148144430160000|13:47:23:016
62|1.1|636147901412608974|8838eb|49648.015625|19.60277722548|102.07765200762|139787|655855||49648.015625|350||34937.5|350|49648.015625|8838eb|X|0|1575|0|||3|3|0|1|1|132|146|["132,114,5,358","132,194,5,3508","132,178,5,1854","132,146,5,1747"]|636148144480160000|13:47:28:016
62|1.1|636147901462533966|8838eb|49653|19.61322709616|102.080967213|140128|657017||49653|350||34943.75|350|49653|8838eb|X|0|1575|0|||3|3|0|1|1|132|146|["132,114,5,358","132,194,5,3508","132,178,5,1854","132,146,5,1747"]|636148144530000000|13:47:33:000
62|1.1|636147901512458958|8838eb|49658|19.62388081442|102.08371379092|140409|658202||49658|350||34950|350|49658|8838eb|X|0|1575|0|||3|3|0|1|1|132|146|["132,114,5,358","132,194,5,3508","132,178,5,1854","132,146,5,1747"]|636148144580000000|13:47:38:000
62|1.1|636147901562373949|8838eb|49662.9765625|19.63447552417|102.08676614021|140722|659380||49662.9765625|350||34950|350|49662.9765625|8838eb|X|0|1575|0|||3|3|0|1|1|132|146|["132,114,5,358","132,194,5,3508","132,178,5,1854","132,146,5,1747"]|636148144629770000|13:47:42:977
62|1.1|636147901612308942|8838eb|49667.9765625|19.64491466603|102.0901939982|141075|660541||49667.9765625|350||34962.5|350|49667.9765625|8838eb|X|0|1575|0|||3|3|0|1|1|132|146|["132,114,5,358","132,194,5,3508","132,178,5,1854","132,146,5,1747"]|636148144679770000|13:47:47:977
62|1.1|636147901662223933|8838eb|49672.9765625|19.65556301988|102.09338582215|141403|661726||49672.9765625|350||34943.75|350|49672.9765625|8838eb|X|0|1575|0|||3|3|0|1|1|132|146|["132,114,5,358","132,194,5,3508","132,178,5,1854","132,146,5,1747"]|636148144729770000|13:47:52:977
62|1.1|636147901712138924|8838eb|49677.9609375|19.66593778882|102.09642744262|141715|662880||49677.9609375|350||34981.25|350|49677.9609375|8838eb|X|0|1575|0|||3|3|0|1|1|132|146|["132,114,5,358","132,194,5,3508","132,178,5,1854","132,146,5,1747"]|636148144779610000|13:47:57:961
62|1.1|636147901762063916|8838eb|49682.9609375|19.67658614267|102.09989821589|142072|664064||49682.9609375|349.75||34950|350|49682.9609375|8838eb|X|0|1575|0|||3|3|0|1|1|132|146|["132,114,5,358","132,194,5,3508","132,178,5,1854","132,146,5,1747"]|636148144829610000|13:48:02:961
62|1.1|636147901811988908|8838eb|49687.9375|19.68710575068|102.10283254816|142372|665234||49687.9375|350||34962.5|350|49687.9375|8838eb|X|0|1575|0|||3|3|0|1|1|132|146|["132,114,5,358","132,194,5,3508","132,178,5,1854","132,146,5,1747"]|636148144879380000|13:48:07:938
62|1.1|636147901861923901|8838eb|49692.9375|19.69751270608|102.10608338062|142706|666392||49692.9375|350||34993.75|350|49692.9375|8838eb|X|0|1575|0|||3|3|0|1|1|132|146|["132,114,5,358","132,194,5,3508","132,178,5,1854","132,146,5,1747"]|636148144929380000|13:48:12:938
62|1.1|636147901911998908|8838eb|49697.9375|19.70820397521|102.10953269625|143061|667581||49697.9375|350||34962.5|350|49697.9375|8838eb|X|0|1575|0|||3|3|0|1|1|132|146|["132,114,5,358","132,194,5,3508","132,178,5,1854","132,146,5,1747"]|636148144979380000|13:48:17:938
62|1.1|636147901961753883|8838eb|49702.921875|19.71889524434|102.11284253722|143401|668771||49702.921875|350||34937.5|350|49702.921875|8838eb|X|0|1575|0|||3|3|0|1|1|132|146|["132,114,5,358","132,194,5,3508","132,178,5,1854","132,146,5,1747"]|636148145029220000|13:48:22:922
62|1.1|636147902011678875|8838eb|49707.921875|19.7293343862|102.11651179366|143779|669932||49707.921875|350||34950|350|49707.921875|8838eb|X|0|1575|0|||3|3|0|1|1|132|146|["132,114,5,358","132,194,5,3508","132,178,5,1854","132,146,5,1747"]|636148145079220000|13:48:27:922
62|1.1|636147902061593866|8838eb|49712.8984375|19.73984326539|102.1192691004|144061|671101||49712.8984375|350||34975|350|49712.8984375|8838eb|X|0|1575|0|||3|3|0|1|1|132|146|["132,114,5,358","132,194,5,3508","132,178,5,1854","132,146,5,1747"]|636148145128980000|13:48:32:898
62|1.1|636147902111518858|8838eb|49717.8984375|19.75043797514|102.12277206013|144421|672280||49717.8984375|350||34962.5|350|49717.8984375|8838eb|X|0|1575|0|||3|3|0|1|1|132|146|["132,114,5,358","132,194,5,3508","132,178,5,1854","132,146,5,1747"]|636148145178980000|13:48:37:898
62|1.1|636147902161443850|8838eb|49722.8984375|19.7609844052|102.12594242644|144746|673453||49722.8984375|350||34981.25|350|49722.8984375|8838eb|X|0|1575|0|||3|3|0|1|1|132|146|["132,114,5,358","132,194,5,3508","132,178,5,1854","132,146,5,1747"]|636148145228980000|13:48:42:898
62|1.1|636147902211358841|8838eb|49727.875|19.77162203023|102.12916107244|145076|674636||49727.875|349.75||34962.5|350|49727.875|8838eb|X|0|1575|0|||3|3|0|1|1|132|146|["132,114,5,358","132,194,5,3508","132,178,5,1854","132,146,5,1747"]|636148145278750000|13:48:47:875
62|1.1|636147902261303835|8838eb|49732.875|19.78238303669|102.13266403217|145436|675834||49732.875|349.75||34912.5|349.75|49732.875|8838eb|X|0|1575|0|||3|3|0|1|1|132|146|["132,194,5,3508","132,178,5,1854","132,146,5,1747"]|636148145328750000|13:48:52:875
62|1.1|636147902311238828|8838eb|49737.859375|19.79295092439|102.13570565264|145747|677009||49737.859375|350||34937.5|350|49737.859375|8838eb|X|0|1575|0|||3|3|0|1|1|132|146|["132,194,5,3508","132,178,5,1854","132,146,5,1747"]|636148145378590000|13:48:57:859
62|1.1|636147902361123816|8838eb|49742.859375|19.80339543066|102.13865607814|146049|678171||49742.859375|350||34987.5|350|49742.859375|8838eb|X|0|1575|0|||3|3|0|1|1|132|146|["132,194,5,3508","132,178,5,1854","132,146,5,1747"]|636148145428590000|13:49:02:859
62|1.1|636147902411058809|8838eb|49747.859375|19.81383457252|102.14191763942|146384|679333||49747.859375|350||35025|350|49747.859375|8838eb|X|0|1575|0|||3|3|0|1|1|132|146|["132,194,5,3508","132,178,5,1854","132,146,5,1747"]|636148145478590000|13:49:07:859
62|1.1|636147902461003803|8838eb|49752.8359375|19.82462240103|102.14554398058|146757|680533||49752.8359375|350||34950|350|49752.8359375|8838eb|X|0|1575|0|||3|3|0|1|1|132|146|["132,194,5,3508","132,178,5,1854","132,146,5,1747"]|636148145528360000|13:49:12:836
62|1.1|636147902510888791|8838eb|49757.8359375|19.8352278396|102.14894501652|147106|681713||49757.8359375|350||34950|350|49757.8359375|8838eb|X|0|1575|0|||3|3|0|1|1|132|146|["132,194,5,3508","132,146,5,1747"]|636148145578360000|13:49:17:836
62|1.1|636147902560813783|8838eb|49762.8203125|19.8459030155|102.15217975575|147437|682901||49762.8203125|350||34931.25|350|49762.8203125|8838eb|X|0|1575|0|||3|3|0|1|1|132|146|["132,194,5,3508","132,146,5,1747"]|636148145628200000|13:49:22:820
62|1.1|636147902610738775|8838eb|49767.8203125|19.85657282699|102.15531257119|147758|684088||49767.8203125|350||34925|350|49767.8203125|8838eb|X|0|1575|0|||3|3|0|1|1|132|146|["132,194,5,3508","132,146,5,1747"]|636148145678200000|13:49:27:820
62|1.1|636147902660663767|8838eb|49772.8203125|19.86729628258|102.15878870887|148115|685281||49772.8203125|350||34887.5|350|49772.8203125|8838eb|X|0|1575|0|||3|3|0|1|1|132|146|["132,194,5,3508","132,146,5,1747"]|636148145728200000|13:49:32:820
62|1.1|636147902710578758|8838eb|49777.796875|19.87781052618|102.16181423611|148424|686451||49777.796875|350||34931.25|350|49777.796875|8838eb|X|0|1575|0|||3|3|0|1|1|132|146|["132,194,5,3508","132,146,5,1747"]|636148145777970000|13:49:37:797
62|1.1|636147902760503750|8838eb|49782.796875|19.88852325295|102.16457690726|148706|687643||49782.796875|350||34950|350|49782.796875|8838eb|X|0|1575|0|||3|3|0|1|1|132|146|["132,194,5,3508","132,146,5,1747"]|636148145827970000|13:49:42:797
62|1.1|636147902810418741|8838eb|49787.78125|19.89942373407|102.16643299312|148892|688854||49787.78125|350||34950|350|49787.78125|8838eb|X|0|1575|0|||3|3|0|1|1|132|146|["132,194,5,3508","132,146,5,1747"]|636148145877810000|13:49:47:781
62|1.1|636147902860343733|8838eb|49792.78125|19.91082310532|102.16546739932|148782|690120||49792.78125|350||34950|350|49792.78125|8838eb|X|0|1575|0|||3|3|0|1|1|132|146|["132,194,5,3508","132,146,5,1747"]|636148145927810000|13:49:52:781
62|1.1|636147902910268725|8838eb|49797.78125|19.92204008663|102.16345038116|148561|691364||49797.78125|350||34975|350|49797.78125|8838eb|X|0|1575|0|||3|3|0|1|1|132|146|["132,194,5,3508","132,146,5,1747"]|636148145977810000|13:49:57:781
62|1.1|636147902960183716|8838eb|49802.7578125|19.93325170353|102.16146018505|148343|692607||49802.7578125|350||34918.75|350|49802.7578125|8838eb|X|0|1575|0|||3|3|0|1|1|132|146|["132,194,5,3508","132,146,5,1747"]|636148146027580000|13:50:02:758
62|1.1|636147903010108708|8838eb|49807.7578125|19.94416291347|102.15835955607|148009|693816||49807.7578125|350||34893.75|350|49807.7578125|8838eb|X|0|1575|0|||3|3|0|1|1|132|146|["132,194,5,3508","132,146,5,1747"]|636148146077580000|13:50:07:758
62|1.1|636147903060023699|8838eb|49812.7421875|19.95452695359|102.15352622266|147493|694963||49812.7421875|350||34881.25|350|49812.7421875|8838eb|X|0|1575|0|||3|3|0|1|1|132|146|["132,194,5,3508","132,146,5,1747"]|636148146127420000|13:50:12:742
62|1.1|636147903109948691|8838eb|49817.7421875|19.96498218868|102.1497389492|147087|696122||49817.7421875|350||34843.75|350|49817.7421875|8838eb|X|0|1575|0|||3|3|0|1|1|132|146|["132,114,4,358","132,194,5,3508","132,146,5,1747"]|636148146177420000|13:50:17:742
62|1.1|636147903159893685|8838eb|49822.7421875|19.9750780083|102.14471249703|146552|697239||49822.7421875|349.75||34800|349.75|49822.7421875|8838eb|X|0|1575|0|||3|3|0|1|1|132|146|["132,114,4,358","132,194,5,3508","132,146,5,1747"]|636148146227420000|13:50:22:742
62|1.1|636147903209798675|8838eb|49827.71875|19.98522747202|102.13978260424|146026|698363||49827.71875|349.75||34775|349.75|49827.71875|8838eb|X|0|1575|0|||3|3|0|1|1|132|146|["132,114,5,546","132,194,5,3508","132,146,5,1747"]|636148146277190000|13:50:27:719
62|1.1|636147903259723667|8838eb|49832.71875|19.99492096089|102.1345576689|145470|699435||49832.71875|349.75||34793.75|349.75|49832.71875|8838eb|X|0|1575|0|||3|3|0|1|1|132|146|["132,114,5,546","132,194,5,3508","132,146,5,1747"]|636148146327190000|13:50:32:719
62|1.1|636147903309648659|8838eb|49837.6953125|20.00556931474|102.1312317347|145112|700615||49837.6953125|349.75||34812.5|349.75|49837.6953125|8838eb|X|0|1575|0|||3|3|0|1|1|132|146|["132,114,5,546","132,194,5,3508","132,146,5,1747"]|636148146376950000|13:50:37:695
62|1.1|636147903359553649|8838eb|49842.6953125|20.01586898194|102.12718696956|144680|701756||49842.6953125|349.75||34850|349.75|49842.6953125|8838eb|X|0|1575|0|||3|3|0|1|1|132|146|["132,114,5,546","132,194,5,3508","132,146,5,1747"]|636148146426950000|13:50:42:695
62|1.1|636147903409478641|8838eb|49847.6953125|20.02612573386|102.12296517889|144229|702892||49847.6953125|349.75||34887.5|349.75|49847.6953125|8838eb|X|0|1575|0|||3|3|0|1|1|132|146|["132,114,5,546","132,194,5,3508","132,146,5,1747"]|636148146476950000|13:50:47:695
62|1.1|636147903459403633|8838eb|49852.6796875|20.03638248578|102.11859854915|143763|704029||49852.6796875|349.75||34900|349.75|49852.6796875|8838eb|X|0|1575|0|||3|3|0|1|1|132|146|["132,114,5,546","132,194,5,3508","132,146,5,1747"]|636148146526800000|13:50:52:680
62|1.1|636147903509328625|8838eb|49857.6796875|20.04683235646|102.11478445364|143354|705186||49857.6796875|350||34912.5|350|49857.6796875|8838eb|X|0|1575|0|||3|3|0|1|1|132|146|["132,114,5,546","132,194,5,3508","132,146,5,1747"]|636148146576800000|13:50:57:680
62|1.1|636147903559243616|8838eb|49862.65625|20.05684234552|102.10997257787|142842|706294||49862.65625|350||34943.75|350|49862.65625|8838eb|X|0|1575|0|||3|3|0|1|1|132|146|["132,114,5,546","132,194,5,3508","132,146,5,1747"]|636148146626560000|13:51:02:656
62|1.1|636147903609168608|8838eb|49867.65625|20.06707227539|102.10586880422|142403|707427||49867.65625|350||34968.75|350|49867.65625|8838eb|X|0|1575|0|||3|3|0|1|1|132|146|["132,114,5,546","132,194,5,3508","132,146,5,1747"]|636148146676560000|13:51:07:656
62|1.1|636147903659093600|8838eb|49872.65625|20.07724856116|102.10154508976|141942|708555||49872.65625|350||34987.5|350|49872.65625|8838eb|X|0|1575|0|||3|3|0|1|1|132|146|["132,114,5,546","132,194,5,3508","132,146,5,1747"]|636148146726560000|13:51:12:656
62|1.1|636147903709008591|8838eb|49877.640625|20.0872478214|102.09718382443|141476|709662||49877.640625|350||35006.25|350|49877.640625|8838eb|X|0|1575|0|||3|3|0|1|1|132|194|["132,194,5,3508","132,146,5,1747"]|636148146776410000|13:51:17:641
62|1.1|636147903758933583|8838eb|49882.640625|20.09742410717|102.09286010997|141015|710789||49882.640625|350||35006.25|350|49882.640625|8838eb|X|0|1575|0|||3|3|0|1|1|132|194|["132,194,5,3508","132,146,5,1747"]|636148146826410000|13:51:22:641
62|1.1|636147903808858575|8838eb|49887.6171875|20.10737508772|102.08767808991|140464|711891||49887.6171875|350||35075|350|49887.6171875|8838eb|X|0|1575|0|||3|3|0|1|1|132|146|["132,194,5,3508","132,146,5,1747"]|636148146876170000|13:51:27:617
62|1.1|636147903861903879|8838eb|49892.9375|20.11843113673|102.08339192632|140006|713115||49892.9375|349.75||35050|349.75|49892.9375|8838eb|X|0|1575|0|||3|3|0|1|1|132|146|["132,194,5,3508","132,146,5,1747"]|636148146929380000|13:51:32:938
62|1.1|636147903911818870|8838eb|49897.921875|20.12865570219|102.07929888149|139569|714248||49897.921875|349.75||35037.5|349.75|49897.921875|8838eb|X|0|1575|0|||3|3|0|1|1|132|146|["132,194,5,3508","132,146,5,1747"]|636148146979220000|13:51:37:922
62|1.1|636147903961733861|8838eb|49902.921875|20.13896609821|102.07502344672|139113|715390||49902.921875|349.75||35012.5|349.75|49902.921875|8838eb|X|0|1575|0|||3|3|0|1|1|132|146|["132,194,5,3508","132,146,5,1747"]|636148147029220000|13:51:42:922
62|1.1|636147904011658853|8838eb|49907.8984375|20.14938378243|102.07091430866|138674|716544||49907.8984375|349.75||34962.5|349.75|49907.8984375|8838eb|X|0|1575|0|||3|3|0|1|1|132|146|["132,194,5,3508","132,146,5,1747"]|636148147078980000|13:51:47:898
62|1.1|636147904061583845|8838eb|49912.8984375|20.1597746446|102.06669251799|138223|717695||49912.8984375|350||34931.25|350|49912.8984375|8838eb|X|0|1575|0|||3|3|0|1|1|132|146|["132,194,5,3508","132,146,5,1747"]|636148147128980000|13:51:52:898
62|1.1|636147904111498836|8838eb|49917.8984375|20.17005285416|102.06227760856|137753|718834||49917.8984375|350||34937.5|350|49917.8984375|8838eb|X|0|1575|0|||3|3|0|1|1|132|146|["132,194,5,3508","132,146,5,1747"]|636148147178980000|13:51:57:898
62|1.1|636147904161423828|8838eb|49922.875|20.1802666908|102.05803972466|137300|719966||49922.875|350||34931.25|350|49922.875|8838eb|X|0|1575|0|||3|3|0|1|1|132|146|["132,194,5,3508","132,146,5,1747"]|636148147228750000|13:52:02:875
62|1.1|636147904211348820|8838eb|49927.875|20.19050198508|102.05357653554|136825|721099||49927.875|350||34943.75|350|49927.875|8838eb|X|0|1575|0|||3|3|0|1|1|132|146|["132,194,5,3508","132,146,5,1747"]|636148147278750000|13:52:07:875
62|1.1|636147904261283813|8838eb|49932.859375|20.20035104184|102.04888267679|136326|722190||49932.859375|350||35018.75|350|49932.859375|8838eb|X|0|1575|0|||3|3|0|1|1|132|146|["132,194,5,3508","132,146,5,1747"]|636148147328590000|13:52:12:859
62|1.1|636147904311188803|8838eb|49937.859375|20.2106828955|102.04469307258|135878|723335||49937.859375|349.75||34987.5|350|49937.859375|8838eb|X|0|1575|0|||3|3|0|1|1|132|146|["132,194,5,3508","132,146,5,1747"]|636148147378590000|13:52:17:859
62|1.1|636147904361113795|8838eb|49942.859375|20.22083235922|102.04027816315|135408|724459||49942.859375|349.75||34987.5|349.75|49942.859375|8838eb|X|0|1575|0|||3|3|0|1|1|132|146|["132,194,5,3508","132,146,5,1747"]|636148147428590000|13:52:22:859
62|1.1|636147904411028786|8838eb|49947.8359375|20.2310676535|102.03609928776|134963|725593||49947.8359375|349.75||34968.75|349.75|49947.8359375|8838eb|X|0|1575|0|||3|3|0|1|1|132|146|["132,194,5,3508","132,146,5,1747"]|636148147478360000|13:52:27:836
62|1.1|636147904460953778|8838eb|49952.8359375|20.24124930368|102.03162536982|134486|726721||49952.8359375|349.75||34975|349.75|49952.8359375|8838eb|X|0|1575|0|||3|3|0|1|1|132|146|["132,194,5,3508","132,146,5,1747"]|636148147528360000|13:52:32:836
62|1.1|636147904510888771|8838eb|49957.8203125|20.25141486063|102.02721046039|134016|727847||49957.8203125|350||34981.25|350|49957.8203125|8838eb|X|0|1575|0|||3|3|0|1|1|132|146|["132,194,5,3508","132,146,5,1747"]|636148147578200000|13:52:37:820
62|1.1|636147904560793761|8838eb|49962.8203125|20.26170379901|102.02291893239|133558|728987||49962.8203125|350||34956.25|350|49962.8203125|8838eb|X|0|1575|0|||3|3|0|1|1|132|146|["132,194,5,3508","132,146,5,1747"]|636148147628200000|13:52:42:820
62|1.1|636147904610718753|8838eb|49967.8203125|20.27170305925|102.0185254806|133091|730095||49967.8203125|350||35000|350|49967.8203125|8838eb|X|0|1575|0|||3|3|0|1|1|132|146|["132,194,5,3508","132,146,5,1747"]|636148147678200000|13:52:47:820
62|1.1|636147904660643745|8838eb|49972.796875|20.28177205682|102.01419640173|132630|731211||49972.796875|350||35018.75|350|49972.796875|8838eb|X|0|1575|0|||3|3|0|1|1|132|146|["132,194,5,3508","132,146,5,1747"]|636148147727970000|13:52:52:797
62|1.1|636147904710558736|8838eb|49977.796875|20.29201807992|102.01012481454|132196|732346||49977.796875|350||34993.75|350|49977.796875|8838eb|X|0|1575|0|||3|3|0|1|1|132|146|["132,194,5,3508","132,146,5,1747"]|636148147777970000|13:52:57:797
62|1.1|636147904760493729|8838eb|49982.78125|20.30222118774|102.00582792213|131738|733477||49982.78125|350||34975|350|49982.78125|8838eb|X|0|1575|0|||3|3|0|1|1|132|146|["132,194,5,3508","132,146,5,1747"]|636148147827810000|13:53:02:781
62|1.1|636147904810408720|8838eb|49987.78125|20.31232237177|102.00128426686|131255|734596||49987.78125|350||34993.75|350|49987.78125|8838eb|X|0|1575|0|||3|3|0|1|1|132|146|["132,194,5,3508","132,146,5,1747"]|636148147877810000|13:53:07:781
62|1.1|636147904860333712|8838eb|49992.78125|20.32256839487|101.99697664563|130796|735731||49992.78125|350||34975|350|49992.78125|8838eb|X|0|1575|0|||3|3|0|1|1|132|146|["132,194,5,3508","132,146,5,1747"]|636148147927810000|13:53:12:781
62|1.1|636147904910268705|8838eb|49997.7578125|20.33264275685|101.99247054123|130317|736847||49997.7578125|350||34987.5|350|49997.7578125|8838eb|X|0|1575|0|||3|3|0|1|1|132|146|["132,194,5,3508","132,146,5,1747"]|636148147977580000|13:53:17:758
62|1.1|636147904960163694|8838eb|50002.7578125|20.34285659349|101.98829703025|129872|737979||50002.7578125|350||34975|350|50002.7578125|8838eb|X|0|1575|0|||3|3|0|1|1|132|146|["132,194,5,3508","132,146,5,1747"]|636148148027580000|13:53:22:758
62|1.1|636147905010088686|8838eb|50007.7421875|20.35288804019|101.98389821405|129404|739091||50007.7421875|350||34987.5|350|50007.7421875|8838eb|X|0|1575|0|||3|3|0|1|1|132|146|["132,194,5,3508","132,146,5,1747"]|636148148077420000|13:53:27:742
62|1.1|636147905060013678|8838eb|50012.7421875|20.36310187683|101.97953158431|128940|740222||50012.7421875|350||34981.25|350|50012.7421875|8838eb|X|0|1575|0|||3|3|0|1|1|132|146|["132,194,5,3508","132,146,5,1747"]|636148148127420000|13:53:32:742
62|1.1|636147905109928669|8838eb|50017.7421875|20.37318696763|101.9751274037|128471|741340||50017.7421875|350||34975|350|50017.7421875|8838eb|X|0|1575|0|||3|3|0|1|1|132|194|["132,194,5,3508","132,146,5,1747"]|636148148177420000|13:53:37:742
62|1.1|636147905159853661|8838eb|50022.71875|20.38340080427|101.97117383353|128050|742472||50022.71875|350||34956.25|350|50022.71875|8838eb|X|0|1575|0|||3|3|0|1|1|132|146|["132,194,5,3508","132,146,5,1747"]|636148148227190000|13:53:42:719
62|1.1|636147905209788654|8838eb|50027.71875|20.39346443743|101.96652825447|127556|743587||50027.71875|350||34993.75|350|50027.71875|8838eb|X|0|1575|0|||3|3|0|1|1|132|146|["132,194,5,3508","132,146,5,1747"]|636148148277190000|13:53:47:719
62|1.1|636147905259703645|8838eb|50032.6953125|20.40358171469|101.9619309551|127068|744708||50032.6953125|349.75||34987.5|350|50032.6953125|8838eb|X|0|1575|0|||3|3|0|1|1|132|146|["132,194,5,3508","132,146,5,1747"]|636148148326950000|13:53:52:695
62|1.1|636147905309628637|8838eb|50037.6953125|20.41380091574|101.95783791027|126632|745841||50037.6953125|349.75||34956.25|349.75|50037.6953125|8838eb|X|0|1575|0|||3|3|0|1|1|132|146|["132,194,5,3508","132,146,5,1747"]|636148148376950000|13:53:57:695
62|1.1|636147905359553629|8838eb|50042.6953125|20.42392355741|101.95310113624|126129|746962||50042.6953125|349.75||34968.75|349.75|50042.6953125|8838eb|X|0|1575|0|||3|3|0|1|1|132|146|["132,194,5,3508","132,146,5,1747"]|636148148426950000|13:54:02:695
62|1.1|636147905409468620|8838eb|50047.6796875|20.43404619908|101.94897590495|125690|748084||50047.6796875|349.75||34962.5|347.75|50047.6796875|8838eb|X|0|1575|0|||3|3|0|1|1|132|146|["132,194,5,3508","132,146,5,1747"]|636148148476800000|13:54:07:680
62|1.1|636147905459393612|8838eb|50052.6796875|20.44429222218|101.94477020751|125243|749220||50052.6796875|350||34943.75|348|50052.6796875|8838eb|X|0|1575|0|||3|3|0|1|1|132|146|["132,194,5,3508","132,146,5,1747"]|636148148526800000|13:54:12:680
62|1.1|636147905509318604|8838eb|50057.65625|20.45435049093|101.94055378125|124794|750335||50057.65625|350||34956.25|348|50057.65625|8838eb|X|0|1575|0|||3|3|0|1|1|132|146|["132,194,5,3508","132,146,5,1747"]|636148148576560000|13:54:17:656
62|1.1|636147905559233595|8838eb|50062.65625|20.46433902235|101.93619251592|124331|751442||50062.65625|350||34993.75|348|50062.65625|8838eb|X|0|1575|0|||3|3|0|1|1|132|146|["132,194,5,3508","132,146,5,1747"]|636148148626560000|13:54:22:656
62|1.1|636147905609148586|8838eb|50067.65625|20.4743972911|101.93174542003|123859|752557||50067.65625|350||35012.5|348|50067.65625|8838eb|X|0|1575|0|||3|3|0|1|1|132|146|["132,194,5,3508","132,146,5,1747"]|636148148676560000|13:54:27:656
62|1.1|636147905659073578|8838eb|50072.640625|20.4846433142|101.92755581582|123413|753692||50072.640625|350||34975|348|50072.640625|8838eb|X|0|1575|0|||3|3|0|1|1|132|146|["132,194,5,3508","132,146,5,1747"]|636148148726410000|13:54:32:641
62|1.1|636147905709008571|8838eb|50077.640625|20.4948356932|101.9234681354|122978|754822||50077.640625|350||34956.25|348|50077.640625|8838eb|X|0|1575|0|||3|3|0|1|1|132|146|["132,194,5,3508","132,146,5,1747"]|636148148776410000|13:54:37:641
62|1.1|636147905758913561|8838eb|50082.6171875|20.5047598517|101.91904249715|122508|755922||50082.6171875|350||34975|348|50082.6171875|8838eb|X|0|1575|0|||3|3|0|1|1|132|194|["132,194,5,3508","132,146,5,1747"]|636148148826170000|13:54:42:617
62|1.1|636147905808838553|8838eb|50087.6171875|20.5147912984|101.9148314353|122060|757034||50087.6171875|350||34993.75|348|50087.6171875|8838eb|X|0|1575|0|||3|3|0|1|1|132|146|["132,194,5,3508","132,146,5,1747"]|636148148876170000|13:54:47:617
62|1.1|636147905858753544|8838eb|50092.6171875|20.52483883833|101.91069547519|121621|758148||50092.6171875|350||34993.75|348|50092.6171875|8838eb|X|0|1575|0|||3|3|0|1|1|132|146|["132,194,5,3508","132,146,5,1747"]|636148148926170000|13:54:52:617
62|1.1|636147905908678536|8838eb|50097.6015625|20.53486492062|101.90643613365|121168|759259||50097.6015625|350||34993.75|348|50097.6015625|8838eb|X|0|1575|0|||3|3|0|1|1|132|146|["132,194,5,3508","132,146,5,1747"]|636148148976020000|13:54:57:602
62|1.1|636147905958603528|8838eb|50102.6015625|20.54493391819|101.90189247838|120686|760375||50102.6015625|350||35006.25|348|50102.6015625|8838eb|X|0|1575|0|||3|3|0|1|1|132|146|["132,194,5,3508","132,146,5,1747"]|636148149026020000|13:55:02:602
62|1.1|636147906008518519|8838eb|50107.578125|20.55499218694|101.89757412833|120228|761490||50107.578125|350||35000|348|50107.578125|8838eb|X|0|1575|0|||3|3|0|1|1|132|146|["132,194,5,3508","132,146,5,1747"]|636148149075780000|13:55:07:578
62|1.1|636147906058453512|8838eb|50112.578125|20.56510409979|101.89336306648|119780|762611||50112.578125|350||34987.5|348|50112.578125|8838eb|X|0|1575|0|||3|3|0|1|1|132|146|["132,194,5,3508","132,146,5,1747"]|636148149125780000|13:55:12:578
62|1.1|636147906108368503|8838eb|50117.578125|20.57521601264|101.88901252997|119318|763732||50117.578125|350||34975|348|50117.578125|8838eb|X|0|1575|0|||3|3|0|1|1|132|146|["132,194,5,3508","132,146,5,1747"]|636148149175780000|13:55:17:578
62|1.1|636147906158303496|8838eb|50122.5625|20.58523136611|101.88466735787|118857|764842||50122.5625|350||34981.25|348|50122.5625|8838eb|X|0|1575|0|||3|3|0|1|1|132|146|["132,194,5,3508","132,146,5,1747"]|636148149225630000|13:55:22:563
62|1.1|636147906208218487|8838eb|50127.5625|20.59523599076|101.88022562639|118386|765952||50127.5625|349.75||34987.5|347.75|50127.5625|8838eb|X|0|1575|0|||3|3|0|1|1|132|146|["132,194,5,3508","132,146,5,1747"]|636148149275630000|13:55:27:563
62|1.1|636147906258133478|8838eb|50132.5390625|20.60513332721|101.87591800516|117929|767049||50132.5390625|349.75||35000|347.75|50132.5390625|8838eb|X|0|1575|0|||3|3|0|1|1|132|146|["132,194,5,3508","132,146,5,1747"]|636148149325390000|13:55:32:539
62|1.1|636147906308058470|8838eb|50137.5390625|20.61525060447|101.87166402803|117477|768170||50137.5390625|349.75||34981.25|347.75|50137.5390625|8838eb|X|0|1575|0|||3|3|0|1|1|132|146|["132,194,5,3508","132,146,5,1747"]|636148149375390000|13:55:37:539
62|1.1|636147906357983462|8838eb|50142.5390625|20.62541079701|101.86727594065|117012|769297||50142.5390625|350||34962.5|348|50142.5390625|8838eb|X|0|1575|0|||3|3|0|1|1|132|146|["132,194,5,3508","132,146,5,1747"]|636148149425390000|13:55:42:539
62|1.1|636147906407898453|8838eb|50147.515625|20.63548515899|101.8627966583|116537|770414||50147.515625|350||34962.5|348|50147.515625|8838eb|X|0|1575|0|||3|3|0|1|1|132|146|["132,194,5,3508","132,146,5,1747"]|636148149475160000|13:55:47:516
62|1.1|636147906457823445|8838eb|50152.515625|20.64539322426|101.8586124185|116092|771512||50152.515625|350||35000|348|50152.515625|8838eb|X|0|1575|0|||3|3|0|1|1|132|146|["132,194,5,3508","132,146,5,1747"]|636148149525160000|13:55:52:516
62|1.1|636147906507748437|8838eb|50157.5|20.65529592512|101.85429943286|115635|772610||50157.5|350||35018.75|348|50157.5|8838eb|X|0|1575|0|||3|3|0|1|1|132|146|["132,194,5,3508","132,146,5,1747"]|636148149575000000|13:55:57:500
62|1.1|636147906557663428|8838eb|50162.5|20.66525763449|101.85004545573|115184|773715||50162.5|350||35025|348|50162.5|8838eb|X|0|1575|0|||3|3|0|1|1|132|146|["132,194,5,3508","132,146,5,1747"]|636148149625000000|13:56:02:500
62|1.1|636147906607588420|8838eb|50167.5|20.67537491175|101.84549107164|114701|774837||50167.5|350||35012.5|348|50167.5|8838eb|X|0|1575|0|||3|3|0|1|1|132|146|["132,194,5,3508","132,146,5,1747"]|636148149675000000|13:56:07:500
62|1.1|636147906657503411|8838eb|50172.4765625|20.6853258923|101.84115126395|114241|775940||50172.4765625|350||35018.75|348|50172.4765625|8838eb|X|0|1575|0|||3|3|0|1|1|132|146|["132,194,5,3508","132,146,5,1747"]|636148149724770000|13:56:12:477
62|1.1|636147906707428403|8838eb|50177.4765625|20.69537879664|101.83665588837|113765|777055||50177.4765625|350||35025|348|50177.4765625|8838eb|X|0|1575|0|||3|3|0|1|1|132|146|["132,194,5,3508","132,146,5,1747"]|636148149774770000|13:56:17:477
62|1.1|636147906757353395|8838eb|50182.4609375|20.70539415011|101.83267549615|113342|778165||50182.4609375|350||35018.75|348|50182.4609375|8838eb|X|0|1575|0|||3|3|0|1|1|132|146|["132,194,5,3508","132,146,5,1747"]|636148149824610000|13:56:22:461
62|1.1|636147906807278387|8838eb|50187.4609375|20.7155275206|101.8285717225|112907|779289||50187.4609375|350||34993.75|348|50187.4609375|8838eb|X|0|1575|0|||3|3|0|1|1|132|146|["132,194,5,3508","132,146,5,1747"]|636148149874610000|13:56:27:461
62|1.1|636147906857193378|8838eb|50192.4609375|20.72544631469|101.82425337245|112449|780389||50192.4609375|350||35000|348|50192.4609375|8838eb|X|0|1575|0|||3|3|0|1|1|132|194|["132,194,5,3508","132,146,5,1747"]|636148149924610000|13:56:32:461
62|1.1|636147906907118370|8838eb|50197.4375|20.73533292232|101.82000475973|111999|781485||50197.4375|350||35018.75|348|50197.4375|8838eb|X|0|1575|0|||3|3|0|1|1|132|194|["132,194,5,3508","132,146,5,1747"]|636148149974380000|13:56:37:438
62|1.1|636147906957033361|8838eb|50202.4375|20.74531608933|101.81571859614|111544|782592||50202.4375|349.75||35006.25|347.75|50202.4375|8838eb|X|0|1575|0|||3|3|0|1|1|132|194|["132,194,5,3508","132,146,5,1747"]|636148150024380000|13:56:42:438
62|1.1|636147907006958353|8838eb|50207.421875|20.75569085827|101.81151826311|111099|783743||50207.421875|349.75||34925|347.75|50207.421875|8838eb|X|0|1575|0|||3|3|0|1|1|132|146|["132,194,5,3508","132,146,5,1747"]|636148150074220000|13:56:47:422
62|1.1|636147907056883345|8838eb|50212.421875|20.76560965236|101.80707116722|110628|784843||50212.421875|349.75||34950|347.75|50212.421875|8838eb|X|0|1575|0|||3|3|0|1|1|132|146|["132,194,5,3508","132,146,5,1747"]|636148150124220000|13:56:52:422
62|1.1|636147907106798336|8838eb|50217.421875|20.77534605651|101.80281182568|110177|785923||50217.421875|349.75||34987.5|347.75|50217.421875|8838eb|X|0|1575|0|||3|3|0|1|1|132|194|["132,194,5,3508","132,146,5,1747"]|636148150174220000|13:56:57:422
62|1.1|636147907156723328|8838eb|50222.3984375|20.78517902004|101.79876169613|109748|787013||50222.3984375|350||35025|348|50222.3984375|8838eb|X|0|1575|0|||3|3|0|1|1|132|194|["132,194,5,3508","132,146,5,1747"]|636148150223980000|13:57:02:398
62|1.1|636147907206648320|8838eb|50227.3984375|20.7955108737|101.79466328689|109313|788159||50227.3984375|350||34962.5|348|50227.3984375|8838eb|X|0|1575|0|||3|3|0|1|1|132|146|["132,194,5,3508","132,146,5,1747"]|636148150273980000|13:57:07:398
62|1.1|636147907256573312|8838eb|50232.375|20.80549940512|101.79039858094|108861|789267||50232.375|350||34956.25|348|50232.375|8838eb|X|0|1575|0|||3|3|0|1|1|132|146|["132,194,5,3508","132,146,5,1747"]|636148150323750000|13:57:12:375
62|1.1|636147907306488303|8838eb|50237.375|20.81548793654|101.785924663|108388|790375||50237.375|350||34931.25|348|50237.375|8838eb|X|0|1575|0|||3|3|0|1|1|132|194|["132,194,5,3508","132,146,5,1747"]|636148150373750000|13:57:17:375
62|1.1|636147907356413295|8838eb|50242.375|20.82530480684|101.78162777059|107933|791463||50242.375|350||34987.5|348|50242.375|8838eb|X|0|1575|0|||3|3|0|1|1|132|194|["132,194,5,3508","132,146,5,1747"]|636148150423750000|13:57:22:375
62|1.1|636147907406328286|8838eb|50247.359375|20.8352611518|101.77742207315|107487|792568||50247.359375|350||34987.5|348|50247.359375|8838eb|X|0|1575|0|||3|3|0|1|1|132|194|["132,194,5,3508","132,146,5,1747"]|636148150473590000|13:57:27:359
62|1.1|636147907456253278|8838eb|50252.359375|20.84520140353|101.77285159583|107004|793670||50252.359375|350||35012.5|348|50252.359375|8838eb|X|0|1575|0|||3|3|0|1|1|132|194|["132,194,5,3508","132,146,5,1747"]|636148150523590000|13:57:32:359
62|1.1|636147907506178270|8838eb|50257.3359375|20.85512019762|101.76872636454|106567|794770||50257.3359375|349.75||35012.5|348|50257.3359375|8838eb|X|0|1575|0|||3|3|0|1|1|132|194|["132,194,5,3508","132,146,5,1747"]|636148150573360000|13:57:37:336
62|1.1|636147907556103262|8838eb|50262.3359375|20.86495852556|101.76448848064|106119|795862||50262.3359375|349.75||35037.5|347.75|50262.3359375|8838eb|X|0|1575|0|||3|3|0|1|1|132|194|["132,194,5,3508","132,146,5,1747"]|636148150623360000|13:57:42:336
62|1.1|636147907606028254|8838eb|50267.3359375|20.87503288754|101.76003065593|105647|796979||50267.3359375|350||35000|347.75|50267.3359375|8838eb|X|0|1575|0|||3|3|0|1|1|132|194|["132,194,5,3508","132,146,5,1747"]|636148150673360000|13:57:47:336
62|1.1|636147907655943245|8838eb|50272.3203125|20.88501605455|101.75556746681|105175|798086||50272.3203125|350||34993.75|348|50272.3203125|8838eb|X|0|1575|0|||3|3|0|1|1|132|194|["132,194,5,3508","132,146,5,1747"]|636148150723200000|13:57:52:320
62|1.1|636147907705868237|8838eb|50277.3203125|20.8949670351|101.75130812527|104724|799190||50277.3203125|350||35006.25|348|50277.3203125|8838eb|X|0|1575|0|||3|3|0|1|1|132|194|["132,194,5,3508","132,146,5,1747"]|636148150773200000|13:57:57:320
62|1.1|636147907755783228|8838eb|50282.296875|20.90499311739|101.74693076671|104261|800302||50282.296875|350||34987.5|348|50282.296875|8838eb|X|0|1575|0|||3|3|0|1|1|132|194|["132,194,5,3508","132,146,5,1747"]|636148150822970000|13:58:02:297
62|1.1|636147907805708220|8838eb|50287.296875|20.91490118266|101.74291282362|103836|801402||50287.296875|350||35000|348|50287.296875|8838eb|X|0|1575|0|||3|3|0|1|1|132|194|["132,194,5,3508","132,146,5,1747"]|636148150872970000|13:58:07:297
62|1.1|636147907855623211|8838eb|50292.296875|20.92483606998|101.73856228711|103376|802503||50292.296875|350||35012.5|348|50292.296875|8838eb|X|0|1575|0|||3|3|0|1|1|132|194|["132,194,5,3508","132,146,5,1747"]|636148150922970000|13:58:12:297
62|1.1|636147907905558204|8838eb|50297.28125|20.93487288109|101.73423320824|102918|803617||50297.28125|350||34987.5|348|50297.28125|8838eb|X|0|1575|0|||3|3|0|1|1|132|194|["132,194,5,3508","132,146,5,1747"]|636148150972810000|13:58:17:281
62|1.1|636147907955483196|8838eb|50302.28125|20.94501161599|101.72983439204|102453|804742||50302.28125|350||34962.5|348|50302.28125|8838eb|X|0|1575|0|||3|3|0|1|1|132|194|["132,194,5,3508","132,146,5,1747"]|636148151022810000|13:58:22:281
62|1.1|636147908005388186|8838eb|50307.2578125|20.95500551182|101.72544630466|101989|805850||50307.2578125|350||34956.25|348|50307.2578125|8838eb|X|0|1575|0|||3|3|0|1|1|132|194|["132,194,5,3508","132,146,5,1747"]|636148151072580000|13:58:27:258
62|1.1|636147908055323179|8838eb|50312.2578125|20.96500477206|101.72124597163|101545|806959||50312.2578125|350||34956.25|348|50312.2578125|8838eb|X|0|1575|0|||3|3|0|1|1|132|194|["132,194,5,3508","132,146,5,1747"]|636148151122580000|13:58:32:258
62|1.1|636147908105088155|8838eb|50317.2578125|20.9750040323|101.71698663009|101094|808069||50317.2578125|350||34956.25|348|50317.2578125|8838eb|X|0|1575|0|||3|3|0|1|1|132|194|["132,194,5,3508","132,146,5,1747"]|636148151172580000|13:58:37:258
62|1.1|636147908155153161|8838eb|50322.2421875|20.98495501285|101.71288285644|100660|809173||50322.2421875|350||34956.25|348|50322.2421875|8838eb|X|0|1575|0|||3|3|0|1|1|132|194|["132,194,5,3508","132,146,5,1747"]|636148151222420000|13:58:42:242
62|1.1|636147908204938139|8838eb|50327.2421875|20.99500791719|101.70872007428|100220|810289||50327.2421875|350||34937.5|348|50327.2421875|8838eb|X|0|1575|0|||3|3|0|1|1|132|194|["132,194,5,3508","132,146,5,1747"]|636148151272420000|13:58:47:242
62|1.1|636147908255013146|8838eb|50332.21875|21.00507691476|101.70466994473|99792|811406||50332.21875|350||34900|348|50332.21875|8838eb|X|0|1575|0|||3|3|0|1|1|132|194|["132,194,5,3508","132,146,5,1747"]|636148151322190000|13:58:52:219
62|1.1|636147908304928137|8838eb|50337.21875|21.01501180208|101.7004159676|99342|812509||50337.21875|350||34925|348|50337.21875|8838eb|X|0|1575|0|||3|3|0|1|1|132|194|["132,194,5,3508","132,146,5,1747"]|636148151372190000|13:58:57:219
62|1.1|636147908354843128|8838eb|50342.21875|21.02485013002|101.69617271929|98894|813600||50342.21875|350||34962.5|350|50342.21875|8838eb|X|0|1575|0|||3|3|0|1|1|132|194|["132,194,5,3508","132,146,5,1747"]|636148151422190000|13:59:02:219
62|1.1|636147908404768120|8838eb|50347.1953125|21.03470455119|101.69178999632|98431|814693||50347.1953125|350||34987.5|350|50347.1953125|8838eb|X|0|1575|0|||3|3|0|1|1|132|194|["132,194,5,3508","132,146,5,1747"]|636148151471950000|13:59:07:195
62|1.1|636147908454693112|8838eb|50352.1953125|21.04458579441|101.68734290043|97961|815790||50352.1953125|350||35006.25|350|50352.1953125|8838eb|X|0|1575|0|||3|3|0|1|1|132|194|["132,194,5,3508","132,146,5,1747"]|636148151521950000|13:59:12:195
62|1.1|636147908504608103|8838eb|50357.1796875|21.05452068173|101.68302455038|97505|816892||50357.1796875|350||35012.5|350|50357.1796875|8838eb|X|0|1575|0|||3|3|0|1|1|132|194|["132,194,5,3508","132,146,5,1747"]|636148151571800000|13:59:17:180
62|1.1|636147908554373079|8838eb|50362.1796875|21.06455749284|101.67860964095|97039|818006||50362.1796875|349.75||34993.75|350|50362.1796875|8838eb|X|0|1575|0|||3|3|0|1|1|132|194|["132,194,5,3508","132,146,5,1747"]|636148151621800000|13:59:22:180
62|1.1|636147908604458087|8838eb|50367.1796875|21.07462649041|101.67431274854|96585|819123||50367.1796875|350||34968.75|349.75|50367.1796875|8838eb|X|0|1575|0|||3|3|0|1|1|132|194|["132,194,5,3508","132,146,5,1747"]|636148151671800000|13:59:27:180
62|1.1|636147908654223063|8838eb|50372.15625|21.0846525727|101.6699997629|96130|820236||50372.15625|350||34950|350|50372.15625|8838eb|X|0|1575|0|||3|3|0|1|1|132|194|["132,194,5,3508","132,146,5,1747"]|636148151721560000|13:59:32:156
62|1.1|636147908704138054|8838eb|50377.15625|21.09457136679|101.66568677726|95674|821336||50377.15625|350||34975|350|50377.15625|8838eb|X|0|1575|0|||3|3|0|1|1|132|194|["132,194,5,3508","132,146,5,1747"]|636148151771560000|13:59:37:156
62|1.1|636147908754063046|8838eb|50382.140625|21.10450625411|101.66122895255|95204|822439||50382.140625|350||34981.25|350|50382.140625|8838eb|X|0|1575|0|||3|3|0|1|1|132|194|["132,194,5,3508","132,146,5,1747"]|636148151821410000|13:59:42:141
62|1.1|636147908803988038|8838eb|50387.140625|21.11447332789|101.65681404312|94738|823545||50387.140625|350||34975|350|50387.140625|8838eb|X|0|1575|0|||3|3|0|1|1|132|194|["132,194,5,3508","132,146,5,1747"]|636148151871410000|13:59:47:141
62|1.1|636147908853903029|8838eb|50392.140625|21.12446185931|101.65244741338|94277|824653||50392.140625|350||34968.75|350|50392.140625|8838eb|X|0|1575|0|||3|3|0|1|1|132|194|["132,194,5,3508","132,146,5,1747"]|636148151921410000|13:59:52:141
62|1.1|636147908903978036|8838eb|50397.1171875|21.13456304334|101.6480056819|93809|825774||50397.1171875|350||34950|350|50397.1171875|8838eb|X|0|1575|0|||3|3|0|1|1|132|194|["132,194,5,3508","132,146,5,1747"]|636148151971170000|13:59:57:117
62|1.1|636147908953753013|8838eb|50402.1171875|21.14453548153|101.64364978098|93349|826881||50402.1171875|350||34968.75|350|50402.1171875|8838eb|X|0|1575|0|||3|3|0|1|1|132|194|["132,194,5,3508","132,146,5,1747"]|636148152021170000|14:00:02:117
62|1.1|636147909003668004|8838eb|50407.1015625|21.15461520792|101.63921341391|92881|828000||50407.1015625|350||34956.25|350|50407.1015625|8838eb|X|0|1575|0|||3|3|0|1|1|132|194|["132,194,5,3508","132,146,5,1747"]|636148152071020000|14:00:07:102
62|1.1|636147909053612998|8838eb|50412.1015625|21.16443744263|101.6350238097|92439|829090||50412.1015625|350||35000|350|50412.1015625|8838eb|X|0|1575|0|||3|3|0|1|1|132|194|["132,194,5,3508","132,146,5,1747"]|636148152121020000|14:00:12:102
62|1.1|636147909103527989|8838eb|50417.1015625|21.17451180461|101.63059817145|91972|830208||50417.1015625|350||34968.75|350|50417.1015625|8838eb|X|0|1575|0|||3|3|0|1|1|132|194|["132,194,5,3508","132,146,5,1747"]|636148152171020000|14:00:17:102
62|1.1|636147909153432979|8838eb|50422.078125|21.18453252249|101.62660705041|91551|831320||50422.078125|350||34950|350|50422.078125|8838eb|X|0|1575|0|||3|3|0|1|1|132|194|["132,194,5,3508","132,146,5,1747"]|636148152220780000|14:00:22:078
62|1.1|636147909203357971|8838eb|50427.078125|21.19455860478|101.62232625123|91099|832433||50427.078125|349.75||34956.25|349.75|50427.078125|8838eb|X|0|1575|0|||3|3|0|1|1|132|194|["132,194,5,3508","132,146,5,1747"]|636148152270780000|14:00:27:078
62|1.1|636147909253282963|8838eb|50432.0625|21.20418772073|101.61824393522|90668|833502||50432.0625|350||35025|350|50432.0625|8838eb|X|0|1575|0|||3|3|0|1|1|132|194|["132,194,5,3508","132,146,5,1747"]|636148152320630000|14:00:32:063
62|1.1|636147909303207955|8838eb|50437.0625|21.21421380302|101.61395240722|90216|834615||50437.0625|350||35006.25|350|50437.0625|8838eb|X|0|1575|0|||3|3|0|1|1|132|194|["132,194,5,3508","132,146,5,1747"]|636148152370630000|14:00:37:063
62|1.1|636147909353122946|8838eb|50442.0625|21.22435790233|101.60982181152|89780|835741||50442.0625|350||34981.25|350|50442.0625|8838eb|X|0|1575|0|||3|3|0|1|1|132|194|["132,194,5,3508","132,146,5,1747"]|636148152420630000|14:00:42:063
62|1.1|636147909403047938|8838eb|50447.0390625|21.2351242732|101.60652269937|89431|836937||50447.0390625|350||34818.75|350|50447.0390625|8838eb|X|0|1575|0|||3|3|0|1|1|132|194|["132,194,5,3508","132,146,5,1747"]|636148152470390000|14:00:47:039
62|1.1|636147909452972930|8838eb|50452.0390625|21.24570825413|101.60349717213|89110|838113||50452.0390625|350||34837.5|350|50452.0390625|8838eb|X|0|1575|0|||3|3|0|1|1|132|194|["132,194,5,3508","132,146,5,1747"]|636148152520390000|14:00:52:039
62|1.1|636147909502887921|8838eb|50457.015625|21.2562064045|101.60107245881|88852|839279||50457.015625|350||34881.25|350|50457.015625|8838eb|X|0|1575|0|||3|3|0|1|1|132|194|["132,194,5,3508","132,146,5,1747"]|636148152570160000|14:00:57:016
62|1.1|636147909552812913|8838eb|50462.015625|21.26738047053|101.59891060158|88621|840521||50462.015625|350||34900|350|50462.015625|8838eb|X|0|1575|0|||3|3|0|1|1|132|194|["132,194,5,3508","132,146,5,1747"]|636148152620160000|14:01:02:016
62|1.1|636147909602727904|8838eb|50467.015625|21.278468706|101.59747830411|88466|841753||50467.015625|350||34906.25|350|50467.015625|8838eb|X|0|1575|0|||3|3|0|1|1|132|194|["132,194,5,3508","132,146,5,1747"]|636148152670160000|14:01:07:016
62|1.1|636147909652652896|8838eb|50472|21.28944428886|101.5966682782|88376|842973||50472|349.75||34900|349.75|50472|8838eb|X|0|1575|0|||3|3|0|1|1|132|194|["132,194,5,3508","132,146,5,1747"]|636148152720000000|14:01:12:000
62|1.1|636147909702577888|8838eb|50477|21.30027503265|101.59664682056|88369|844178||50477|349.75||34931.25|349.75|50477|8838eb|X|0|1575|0|||3|3|0|1|1|132|194|["132,194,5,3508","132,146,5,1747"]|636148152770000000|14:01:17:000
62|1.1|636147909752502880|8838eb|50481.9765625|21.311191607|101.59578315055|88274|845391||50481.9765625|349.75||34912.5|349.75|50481.9765625|8838eb|X|0|1575|0|||3|3|0|1|1|132|194|["132,194,5,3508","132,146,5,1747"]|636148152819770000|14:01:21:977
62|1.1|636147909802427872|8838eb|50486.9765625|21.32209745253|101.59671119348|88365|846605||50486.9765625|349.75||34875|349.75|50486.9765625|8838eb|X|0|1575|0|||3|3|0|1|1|132|194|["132,194,5,3508","132,146,5,1747"]|636148152869770000|14:01:26:977
62|1.1|636147909852342863|8838eb|50491.9765625|21.33262778936|101.59675410876|88364|847776||50491.9765625|350||34918.75|349.75|50491.9765625|8838eb|X|0|1575|0|||3|3|0|1|1|132|194|["132,194,5,3508","132,146,5,1747"]|636148152919770000|14:01:31:977
62|1.1|636147909902267855|8838eb|50496.9609375|21.34342098228|101.59415773432|88088|848975||50496.9609375|350||34968.75|350|50496.9609375|8838eb|X|0|1575|0|||3|3|0|1|1|132|194|["132,194,5,3508","132,146,5,1747"]|636148152969610000|14:01:36:961
62|1.1|636147909952182846|8838eb|50501.9609375|21.3543214634|101.59240893666|87901|850187||50501.9609375|350||34962.5|350|50501.9609375|8838eb|X|0|1575|0|||3|3|0|1|1|132|194|["132,194,5,3508","132,146,5,1747"]|636148153019610000|14:01:41:961
62|1.1|636147910002107838|8838eb|50506.9375|21.36490007992|101.59147016491|87797|851363||50506.9375|350||34981.25|350|50506.9375|8838eb|X|0|1575|0|||3|3|0|1|1|132|194|["132,194,5,3508","132,146,5,1747"]|636148153069380000|14:01:46:938
62|1.1|636147910052022829|8838eb|50511.9375|21.37536067942|101.59059576608|87701|852526||50511.9375|350||35006.25|350|50511.9375|8838eb|X|0|1575|0|||3|3|0|1|1|132|194|["132,194,5,3508","132,146,5,1747"]|636148153119380000|14:01:51:938
62|1.1|636147910101947821|8838eb|50516.9375|21.38639527079|101.58848755295|87476|853753||50516.9375|350||34968.75|350|50516.9375|8838eb|X|0|1575|0|||3|3|0|1|1|132|194|["132,194,5,3508","132,146,5,1747"]|636148153169380000|14:01:56:938
62|1.1|636147910151872813|8838eb|50521.921875|21.3971294552|101.58664756032|87279|854945||50521.921875|350||34950|350|50521.921875|8838eb|X|0|1575|0|||3|3|0|1|1|132|194|["132,194,5,3508","132,146,5,1747"]|636148153219220000|14:02:01:922
62|1.1|636147910201787804|8838eb|50526.921875|21.40768124967|101.5849202203|87094|856118||50526.921875|349.75||34956.25|349.75|50526.921875|8838eb|X|0|1575|0|||3|3|0|1|1|132|194|["132,194,5,3508","132,146,5,1747"]|636148153269220000|14:02:06:922
62|1.1|636147910251722797|8838eb|50531.8984375|21.41812575594|101.58260815959|86848|857279||50531.8984375|349.75||34943.75|349.75|50531.8984375|8838eb|X|0|1575|0|||3|3|0|1|1|132|194|["132,194,5,3508","132,146,5,1747"]|636148153318980000|14:02:11:898
62|1.1|636147910301637788|8838eb|50536.8984375|21.42880093184|101.57934659831|86503|858465||50536.8984375|350||34906.25|349.75|50536.8984375|8838eb|X|0|1575|0|||3|3|0|1|1|132|194|["132,194,5,3508","132,146,5,1747"]|636148153368980000|14:02:16:898
62|1.1|636147910351552779|8838eb|50541.8984375|21.43903086171|101.57607430821|86157|859602||50541.8984375|350||34900|350|50541.8984375|8838eb|X|0|1575|0|||3|3|0|1|1|132|194|["132,194,5,3508","132,146,5,1747"]|636148153418980000|14:02:21:898
62|1.1|636147910401477771|8838eb|50546.875|21.44913741015|101.57194907692|85723|860724||50546.875|350||34868.75|350|50546.875|8838eb|X|0|1575|0|||3|3|0|1|1|132|194|["132,194,5,3508"]|636148153468750000|14:02:26:875
62|1.1|636147910451402763|8838eb|50551.875|21.45939952648|101.56719620966|85223|861863||50551.875|350||34843.75|350|50551.875|8838eb|X|0|1575|0|||3|3|0|1|1|132|194|["132,194,5,3508","132,146,4,1747"]|636148153518750000|14:02:31:875
62|1.1|636147910501327755|8838eb|50556.859375|21.46959726989|101.56215366426|84693|862995||50556.859375|350||34793.75|350|50556.859375|8838eb|X|0|1575|0|||3|3|0|1|1|132|194|["132,194,5,3508","132,146,4,1747"]|636148153568590000|14:02:36:859
62|1.1|636147910551242746|8838eb|50561.859375|21.47995058119|101.55769047514|84224|864145||50561.859375|350||34762.5|350|50561.859375|8838eb|X|0|1575|0|||3|3|0|1|1|132|194|["132,194,5,3508","132,146,4,1747"]|636148153618590000|14:02:41:859
62|1.1|636147910601167738|8838eb|50566.859375|21.49023415516|101.55377445584|83811|865287||50566.859375|350||34737.5|350|50566.859375|8838eb|X|0|1575|0|||3|3|0|1|1|132|194|["132,194,5,3508","132,146,4,1855"]|636148153668590000|14:02:46:859
62|1.1|636147910651102731|8838eb|50571.8359375|21.49991691521|101.54901622417|83311|866362||50571.8359375|350||34787.5|350|50571.8359375|8838eb|X|0|1575|0|||3|3|0|1|1|132|194|["132,194,5,3508","132,146,4,1855"]|636148153718360000|14:02:51:836
62|1.1|636147910701007721|8838eb|50576.8359375|21.50977670079|101.54451548418|82838|867458||50576.8359375|350||34843.75|350|50576.8359375|8838eb|X|0|1575|0|||3|3|0|1|1|132|194|["132,194,5,3508","132,146,4,1855"]|636148153768360000|14:02:56:836
62|1.1|636147910750932713|8838eb|50581.8203125|21.51989397805|101.53995037127|82358|868580||50581.8203125|349.75||34825|349.75|50581.8203125|8838eb|X|0|1575|0|||3|3|0|1|1|132|194|["132,194,5,3508","132,146,4,1855"]|636148153818200000|14:03:01:820
62|1.1|636147910800847704|8838eb|50586.8203125|21.53009708587|101.53560519917|81901|869714||50586.8203125|350||34843.75|350|50586.8203125|8838eb|X|0|1575|0|||3|3|0|1|1|132|194|["132,194,5,3508","132,146,4,1855"]|636148153868200000|14:03:06:820
62|1.1|636147910850782697|8838eb|50591.8203125|21.54047185481|101.53113128123|81430|870866||50591.8203125|350||34837.5|350|50591.8203125|8838eb|X|0|1575|0|||3|3|0|1|1|132|194|["132,194,5,3508","132,146,4,1855"]|636148153918200000|14:03:11:820
62|1.1|636147910900697688|8838eb|50596.796875|21.55073933555|101.52673246503|80968|872006||50596.796875|350||34856.25|350|50596.796875|8838eb|X|0|1575|0|||3|3|0|1|1|132|194|["132,194,5,3508"]|636148153967970000|14:03:16:797
62|1.1|636147910950622680|8838eb|50601.796875|21.56141451145|101.52178647901|80448|873192||50601.796875|350||34837.5|350|50601.796875|8838eb|X|0|1575|0|||3|3|0|1|1|132|194|["132,194,5,3508"]|636148154017970000|14:03:21:797
62|1.1|636147911000537671|8838eb|50606.78125|21.57198776356|101.51698533206|79944|874366||50606.78125|350||34837.5|350|50606.78125|8838eb|X|0|1575|0|||3|3|0|1|1|132|194|["132,194,5,3508"]|636148154067810000|14:03:26:781
62|1.1|636147911050462663|8838eb|50611.78125|21.58201384585|101.51279036344|79503|875480||50611.78125|350||34881.25|350|50611.78125|8838eb|X|0|1575|0|||3|3|0|1|1|132|194|["132,194,5,3508"]|636148154117810000|14:03:31:781
62|1.1|636147911100377654|8838eb|50616.78125|21.59192191112|101.50878314917|79081|876581||50616.78125|350||34925|350|50616.78125|8838eb|X|0|1575|0|||3|3|0|1|1|132|194|["132,194,5,3508"]|636148154167810000|14:03:36:781
62|1.1|636147911150302646|8838eb|50621.7578125|21.60182997639|101.50473301962|78655|877681||50621.7578125|350||34950|350|50621.7578125|8838eb|X|0|1575|0|||3|3|0|1|1|132|194|["132,194,5,3508"]|636148154217580000|14:03:41:758
62|1.1|636147911200237639|8838eb|50626.7578125|21.61160929582|101.50079017827|78241|878768||50626.7578125|350||34987.5|350|50626.7578125|8838eb|X|0|1575|0|||3|3|0|1|1|132|194|["132,194,5,3508"]|636148154267580000|14:03:46:758
62|1.1|636147911250152630|8838eb|50631.7421875|21.6213617932|101.49684733692|77827|879851||50631.7421875|350||35018.75|350|50631.7421875|8838eb|X|0|1575|0|||3|3|0|1|1|132|194|["132,194,5,3508"]|636148154317420000|14:03:51:742
62|1.1|636147911300067621|8838eb|50636.7421875|21.63120012114|101.49282402942|77404|880944||50636.7421875|350||35031.25|350|50636.7421875|8838eb|X|0|1575|0|||3|3|0|1|1|132|194|["132,194,5,3508"]|636148154367420000|14:03:56:742
62|1.1|636147911349992613|8838eb|50641.7421875|21.64125302548|101.48853786583|76953|882061||50641.7421875|350||35025|350|50641.7421875|8838eb|X|0|1575|0|||3|3|0|1|1|132|194|["132,194,5,3508"]|636148154417420000|14:04:01:742
62|1.1|636147911399917605|8838eb|50646.71875|21.65155269268|101.48389228677|76466|883205||50646.71875|350||34987.5|350|50646.71875|8838eb|X|0|1575|0|||3|3|0|1|1|132|194|["132,194,5,3508"]|636148154467190000|14:04:06:719
62|1.1|636147911449832596|8838eb|50651.71875|21.66137492739|101.47991725896|76048|884296||50651.71875|350||35012.5|350|50651.71875|8838eb|X|0|1575|0|||3|3|0|1|1|132|194|["132,194,5,3508"]|636148154517190000|14:04:11:719
62|1.1|636147911499757588|8838eb|50656.6953125|21.67146001819|101.47556135804|75590|885417||50656.6953125|350||34993.75|350|50656.6953125|8838eb|X|0|1575|0|||3|3|0|1|1|132|194|["132,194,5,3508"]|636148154566950000|14:04:16:695
62|1.1|636147911549682580|8838eb|50661.6953125|21.68101939681|101.47186527955|75202|886479||50661.6953125|350||35037.5|350|50661.6953125|8838eb|X|0|1575|0|||3|3|0|1|1|132|194|["132,194,5,3508"]|636148154616950000|14:04:21:695
62|1.1|636147911599597571|8838eb|50666.6953125|21.69127614873|101.46734844633|74728|887618||50666.6953125|350||35000|350|50666.6953125|8838eb|X|0|1575|0|||3|3|0|1|1|132|194|["132,194,5,3508"]|636148154666950000|14:04:26:695
62|1.1|636147911649522563|8838eb|50671.6796875|21.70135587512|101.46296035895|74267|888738||50671.6796875|349.75||34975|349.75|50671.6796875|8838eb|X|0|1575|0|||3|3|0|1|1|132|194|["132,194,5,3508"]|636148154716800000|14:04:31:680
62|1.1|636147911699447555|8838eb|50676.6796875|21.71165017791|101.45839524604|73788|889882||50676.6796875|349.75||34931.25|349.75|50676.6796875|8838eb|X|0|1575|0|||3|3|0|1|1|132|194|["132,194,5,3508"]|636148154766800000|14:04:36:680
62|1.1|636147911749362546|8838eb|50681.65625|21.72174063312|101.45401252307|73328|891003||50681.65625|350||34925|350|50681.65625|8838eb|X|0|1575|0|||3|3|0|1|1|132|194|["132,194,5,3508"]|636148154816560000|14:04:41:656
62|1.1|636147911799287538|8838eb|50686.65625|21.73155750342|101.44993557147|72900|892094||50686.65625|349.75||34956.25|349.75|50686.65625|8838eb|X|0|1575|0|||3|3|0|1|1|132|194|["132,194,5,3508"]|636148154866560000|14:04:46:656
62|1.1|636147911849212530|8838eb|50691.65625|21.74175524683|101.44546165353|72431|893227||50691.65625|349.75||34925|349.75|50691.65625|8838eb|X|0|1575|0|||3|3|0|1|1|132|194|["132,194,5,3508"]|636148154916560000|14:04:51:656
62|1.1|636147911899137522|8838eb|50696.640625|21.75201199875|101.44083753211|71946|894366||50696.640625|350||34912.5|350|50696.640625|8838eb|X|0|1575|0|||3|3|0|1|1|132|194|["132,194,5,3508"]|636148154966410000|14:04:56:641
62|1.1|636147911949052513|8838eb|50701.640625|21.76199516576|101.43656209734|71497|895476||50701.640625|350||34931.25|350|50701.640625|8838eb|X|0|1575|0|||3|3|0|1|1|132|194|["132,194,5,3508"]|636148155016410000|14:05:01:641
62|1.1|636147911998977505|8838eb|50706.6171875|21.77209098538|101.43212036586|71032|896597||50706.6171875|350||34931.25|350|50706.6171875|8838eb|X|0|1575|0|||3|3|0|1|1|132|194|["132,194,5,3508"]|636148155066170000|14:05:06:617
62|1.1|636147912048892496|8838eb|50711.6171875|21.7822404491|101.42767863438|70566|897725||50711.6171875|350||34931.25|350|50711.6171875|8838eb|X|0|1575|0|||3|3|0|1|1|132|194|["132,194,5,3508"]|636148155116170000|14:05:11:617
62|1.1|636147912098827489|8838eb|50716.6171875|21.79219142965|101.42346757253|70124|898831||50716.6171875|350||34956.25|350|50716.6171875|8838eb|X|0|1575|0|||3|3|0|1|1|132|194|["132,194,5,3508"]|636148155166170000|14:05:16:617
62|1.1|636147912148742480|8838eb|50721.6015625|21.80238380865|101.41889709521|69645|899964||50721.6015625|350||34937.5|350|50721.6015625|8838eb|X|0|1575|0|||3|3|0|1|1|132|194|["132,194,5,3508"]|636148155216020000|14:05:21:602
62|1.1|636147912198667472|8838eb|50726.6015625|21.81276930641|101.4141174059|69144|901118||50726.6015625|350||34900|350|50726.6015625|8838eb|X|0|1575|0|||3|3|0|1|1|132|194|["132,194,5,3508"]|636148155266020000|14:05:26:602
62|1.1|636147912248592464|8838eb|50731.578125|21.82285976162|101.40967031001|68678|902239||50731.578125|350||34912.5|350|50731.578125|8838eb|X|0|1575|0|||3|3|0|1|1|132|194|["132,194,5,3508"]|636148155315780000|14:05:31:578
62|1.1|636147912298507455|8838eb|50736.578125|21.83327744584|101.40477796809|68166|903397||50736.578125|350||34881.25|350|50736.578125|8838eb|X|0|1575|0|||3|3|0|1|1|132|194|["132,194,5,3508"]|636148155365780000|14:05:36:578
62|1.1|636147912348432447|8838eb|50741.578125|21.84343227397|101.40023431282|67690|904525||50741.578125|350||34893.75|350|50741.578125|8838eb|X|0|1575|0|||3|3|0|1|1|132|194|["132,194,5,3508"]|636148155415780000|14:05:41:578
62|1.1|636147912398347438|8838eb|50746.5625|21.85336716129|101.39595351364|67241|905630||50746.5625|350||34931.25|350|50746.5625|8838eb|X|0|1575|0|||3|3|0|1|1|132|194|["132,194,5,3508"]|636148155465630000|14:05:46:563
62|1.1|636147912448272430|8838eb|50751.5625|21.8634039724|101.39159761272|66785|906745||50751.5625|350||34956.25|350|50751.5625|8838eb|X|0|1575|0|||3|3|0|1|1|132|194|["132,194,5,3508"]|636148155515630000|14:05:51:563
62|1.1|636147912498187421|8838eb|50756.5390625|21.87348369879|101.38712369478|66316|907865||50756.5390625|350||34968.75|350|50756.5390625|8838eb|X|0|1575|0|||3|3|0|1|1|132|194|["132,194,5,3508"]|636148155565390000|14:05:56:539
62|1.1|636147912548112413|8838eb|50761.5390625|21.88370289984|101.382521031|65834|909001||50761.5390625|350||34950|350|50761.5390625|8838eb|X|0|1575|0|||3|3|0|1|1|132|194|["132,194,5,3508"]|636148155615390000|14:06:01:539
62|1.1|636147912598037405|8838eb|50766.5390625|21.89368606685|101.37825096064|65387|910111||50766.5390625|350||34981.25|350|50766.5390625|8838eb|X|0|1575|0|||3|3|0|1|1|132|194|["132,194,5,3508"]|636148155665390000|14:06:06:539
62|1.1|636147912647952396|8838eb|50771.515625|21.90377115765|101.37380386475|64921|911231||50771.515625|350||34981.25|350|50771.515625|8838eb|X|0|1575|0|||3|3|0|1|1|132|194|["132,194,5,3508"]|636148155715160000|14:06:11:516
62|1.1|636147912697877388|8838eb|50776.515625|21.91390989255|101.3692709383|64446|912359||50776.515625|350||34975|350|50776.515625|8838eb|X|0|1575|0|||3|3|0|1|1|132|194|["132,194,5,3508"]|636148155765160000|14:06:16:516
62|1.1|636147912747802380|8838eb|50781.5|21.92399498335|101.36477556272|63976|913479||50781.5|350||34975|350|50781.5|8838eb|X|0|1575|0|||3|3|0|1|1|132|194|["132,194,5,3508"]|636148155815000000|14:06:21:500
62|1.1|636147912797717371|8838eb|50786.5|21.93390841303|101.36054840764|63533|914582||50786.5|350||35012.5|350|50786.5|8838eb|X|0|1575|0|||3|3|0|1|1|132|194|["132,194,5,3508"]|636148155865000000|14:06:26:500
62|1.1|636147912847642363|8838eb|50791.5|21.94414907172|101.3558599133|63043|915720||50791.5|350||34981.25|350|50791.5|8838eb|X|0|1575|0|||3|3|0|1|1|132|194|["132,194,5,3508"]|636148155915000000|14:06:31:500
62|1.1|636147912897567355|8838eb|50796.4765625|21.95423952693|101.35133235126|62569|916841||50796.4765625|349.75||34968.75|349.75|50796.4765625|8838eb|X|0|1575|0|||3|3|0|1|1|132|194|["132,194,5,3508"]|636148155964770000|14:06:36:477
62|1.1|636147912947492347|8838eb|50801.4765625|21.96412613456|101.34718566233|62135|917941||50801.4765625|349.75||35000|349.75|50801.4765625|8838eb|X|0|1575|0|||3|3|0|1|1|132|194|["132,194,5,3508"]|636148156014770000|14:06:41:477
62|1.1|636147912997417339|8838eb|50806.4609375|21.97414685244|101.34276538849|61673|919055||50806.4609375|350||35006.25|350|50806.4609375|8838eb|X|0|1575|0|||3|3|0|1|1|132|194|["132,194,5,3508"]|636148156064610000|14:06:46:461
62|1.1|636147913047332330|8838eb|50811.4609375|21.98423730765|101.3382646485|61202|920176||50811.4609375|350||35000|350|50811.4609375|8838eb|X|0|1575|0|||3|3|0|1|1|132|194|["132,194,5,3508"]|636148156114610000|14:06:51:461
62|1.1|636147913097257322|8838eb|50816.4609375|21.99415073733|101.33404285783|60760|921279||50816.4609375|350||35031.25|350|50816.4609375|8838eb|X|0|1575|0|||3|3|0|1|1|132|194|["132,194,5,3508"]|636148156164610000|14:06:56:461
62|1.1|636147913147172313|8838eb|50821.4375|22.0037905821|101.33023412673|60361|922350||50821.4375|349.75||35087.5|349.75|50821.4375|8838eb|X|0|1575|0|||3|3|0|1|1|132|194|["132,194,5,3508"]|636148156214380000|14:07:01:438
62|1.1|636147913197097305|8838eb|50826.4375|22.01388103731|101.32576020879|59893|923472||50826.4375|349.75||35056.25|349.75|50826.4375|8838eb|X|0|1575|0|||3|3|0|1|1|132|194|["132,194,5,3508"]|636148156264380000|14:07:06:438
62|1.1|636147913247012296|8838eb|50831.421875|22.02392857724|101.32135066377|59432|924589||50831.421875|349.75||35025|349.75|50831.421875|8838eb|X|0|1575|0|||3|3|0|1|1|132|194|["132,194,5,3508"]|636148156314220000|14:07:11:422
62|1.1|636147913296937288|8838eb|50836.421875|22.03380445605|101.31720397484|58998|925687||50836.421875|349.75||35037.5|349.75|50836.421875|8838eb|X|0|1575|0|||3|3|0|1|1|132|194|["132,194,5,3508"]|636148156364220000|14:07:16:422
62|1.1|636147913346862280|8838eb|50841.421875|22.04365351281|101.31311093001|58570|926782||50841.421875|349.75||35056.25|349.75|50841.421875|8838eb|X|0|1575|0|||3|3|0|1|1|132|194|["132,194,5,3508"]|636148156414220000|14:07:21:422
62|1.1|636147913396797273|8838eb|50846.3984375|22.05350256957|101.30898569872|58139|927877||50846.3984375|349.75||35056.25|349.75|50846.3984375|8838eb|X|0|1575|0|||3|3|0|1|1|132|194|["132,194,5,3508"]|636148156463980000|14:07:26:398
62|1.1|636147913446712264|8838eb|50851.3984375|22.0634428213|101.30479609451|57701|928983||50851.3984375|349.75||35043.75|349.75|50851.3984375|8838eb|X|0|1575|0|||3|3|0|1|1|132|194|["132,194,5,3508"]|636148156513980000|14:07:31:398
62|1.1|636147913496627255|8838eb|50856.375|22.07328114924|101.30068159204|57270|930077||50856.375|349.75||35043.75|349.75|50856.375|8838eb|X|0|1575|0|||3|3|0|1|1|132|194|["132,194,5,3508"]|636148156563750000|14:07:36:375
62|1.1|636147913546552247|8838eb|50861.375|22.08323212979|101.29643297932|56826|931183||50861.375|349.75||35037.5|349.75|50861.375|8838eb|X|0|1575|0|||3|3|0|1|1|132|194|["132,194,5,3508"]|636148156613750000|14:07:41:375
62|1.1|636147913596477239|8838eb|50866.375|22.09323139003|101.29211999368|56376|932295||50866.375|349.75||35018.75|349.75|50866.375|8838eb|X|0|1575|0|||3|3|0|1|1|132|194|["132,194,5,3508"]|636148156663750000|14:07:46:375
62|1.1|636147913646392230|8838eb|50871.359375|22.10299461623|101.28813423705|55959|933381||50871.359375|350||35043.75|350|50871.359375|8838eb|X|0|1575|0|||3|3|0|1|1|132|194|["132,194,5,3508"]|636148156713590000|14:07:51:359
62|1.1|636147913696307221|8838eb|50876.359375|22.11297778324|101.28383734464|55510|934491||50876.359375|350||35031.25|350|50876.359375|8838eb|X|0|1575|0|||3|3|0|1|1|132|194|["132,194,5,3508"]|636148156763590000|14:07:56:359
62|1.1|636147913746232213|8838eb|50881.3359375|22.12295558584|101.27949753695|55057|935601||50881.3359375|350||35018.75|350|50881.3359375|8838eb|X|0|1575|0|||3|3|0|1|1|132|194|["132,194,5,3508"]|636148156813360000|14:08:01:336
62|1.1|636147913796157205|8838eb|50886.3359375|22.13304067664|101.27508262752|54595|936722||50886.3359375|349.75||34981.25|349.75|50886.3359375|8838eb|X|0|1575|0|||3|3|0|1|1|132|194|["132,194,5,3508"]|636148156863360000|14:08:06:336
62|1.1|636147913846082197|8838eb|50891.3359375|22.14283072489|101.27113442176|54183|937812||50891.3359375|350||35012.5|350|50891.3359375|8838eb|X|0|1575|0|||3|3|0|1|1|132|194|["132,194,5,3508"]|636148156913360000|14:08:11:336
62|1.1|636147913896007189|8838eb|50896.3203125|22.15287826482|101.26669805469|53720|938929||50896.3203125|350||34987.5|350|50896.3203125|8838eb|X|0|1575|0|||3|3|0|1|1|132|194|["132,194,5,3508"]|636148156963200000|14:08:16:320
62|1.1|636147913945922180|8838eb|50901.3203125|22.16287752506|101.26247626402|53279|940041||50901.3203125|350||34981.25|350|50901.3203125|8838eb|X|0|1575|0|||3|3|0|1|1|132|194|["132,194,5,3508"]|636148157013200000|14:08:21:320
62|1.1|636147913995847172|8838eb|50906.296875|22.17295188704|101.25802380372|52814|941161||50906.296875|350||34956.25|350|50906.296875|8838eb|X|0|1575|0|||3|3|0|1|1|132|194|["132,194,5,3508"]|636148157062970000|14:08:26:297
62|1.1|636147914045762163|8838eb|50911.296875|22.18302624902|101.25364644516|52357|942282||50911.296875|350||34943.75|350|50911.296875|8838eb|X|0|1575|0|||3|3|0|1|1|132|194|["132,194,5,3508"]|636148157112970000|14:08:31:297
62|1.1|636147914095687155|8838eb|50916.296875|22.19302550926|101.24938710362|51912|943394||50916.296875|350||34950|350|50916.296875|8838eb|X|0|1575|0|||3|3|0|1|1|132|194|["132,194,5,3508"]|636148157162970000|14:08:36:297
62|1.1|636147914145602146|8838eb|50921.28125|22.20326080354|101.24459132108|51412|944532||50921.28125|350||34906.25|350|50921.28125|8838eb|X|0|1575|0|||3|3|0|1|1|132|194|["132,194,5,3508"]|636148157212810000|14:08:41:281
62|1.1|636147914195527138|8838eb|50926.28125|22.21326006378|101.24037489482|50972|945644||50926.28125|350||34918.75|350|50926.28125|8838eb|X|0|1575|0|||3|3|0|1|1|132|194|["132,194,5,3508"]|636148157262810000|14:08:46:281
62|1.1|636147914245452130|8838eb|50931.2578125|22.22343634955|101.23571858694|50486|946776||50931.2578125|350||34893.75|350|50931.2578125|8838eb|X|0|1575|0|||3|3|0|1|1|132|194|["132,194,5,3508"]|636148157312580000|14:08:51:258
62|1.1|636147914295377122|8838eb|50936.2578125|22.23361799973|101.23112128757|50006|947909||50936.2578125|350||34881.25|350|50936.2578125|8838eb|X|0|1575|0|||3|3|0|1|1|132|194|["132,194,5,3508"]|636148157362580000|14:08:56:258
62|1.1|636147914345292113|8838eb|50941.2578125|22.24358507351|101.22694241218|49570|949018||50941.2578125|350||34912.5|350|50941.2578125|8838eb|X|0|1575|0|||3|3|0|1|1|132|194|["132,194,5,3508"]|636148157412580000|14:09:01:258
62|1.1|636147914395217105|8838eb|50946.2421875|22.25358433375|101.22265088418|49123|950130||50946.2421875|350||34925|350|50946.2421875|8838eb|X|0|1575|0|||3|3|0|1|1|132|194|["132,194,5,3508"]|636148157462420000|14:09:06:242
62|1.1|636147914445132096|8838eb|50951.2421875|22.2635889584|101.21838081382|48677|951243||50951.2421875|350||34943.75|350|50951.2421875|8838eb|X|0|1575|0|||3|3|0|1|1|132|194|["132,194,5,3508"]|636148157512420000|14:09:11:242
62|1.1|636147914498177400|8838eb|50956.5390625|22.27409247318|101.21407319259|48228|952412||50956.5390625|350||34981.25|350|50956.5390625|8838eb|X|0|1575|0|||3|3|0|1|1|132|194|["132,194,5,3508"]|636148157565390000|14:09:16:539
62|1.1|636147914548102392|8838eb|50961.5390625|22.28401663168|101.21000696981|47804|953516||50961.5390625|350||35000|350|50961.5390625|8838eb|X|0|1575|0|||3|3|0|1|1|132|194|["132,194,5,3508"]|636148157615390000|14:09:21:539
62|1.1|636147914598017383|8838eb|50966.515625|22.29413390894|101.20544722131|47328|954641||50966.515625|350||34975|350|50966.515625|8838eb|X|0|1575|0|||3|3|0|1|1|132|194|["132,194,5,3508"]|636148157665160000|14:09:26:516
62|1.1|636147914647942375|8838eb|50971.515625|22.30415462682|101.20110741362|46876|955756||50971.515625|350||34981.25|350|50971.515625|8838eb|X|0|1575|0|||3|3|0|1|1|132|194|["132,194,5,3508"]|636148157715160000|14:09:31:516
62|1.1|636147914697867367|8838eb|50976.5|22.31413779383|101.19685343649|46432|956867||50976.5|350||34981.25|350|50976.5|8838eb|X|0|1575|0|||3|3|0|1|1|132|194|["132,194,5,3508"]|636148157765000000|14:09:36:500
62|1.1|636147914747782358|8838eb|50981.5|22.32431944401|101.19222395066|45950|957999||50981.5|350||34956.25|350|50981.5|8838eb|X|0|1575|0|||3|3|0|1|1|132|194|["132,194,5,3508"]|636148157815000000|14:09:41:500
62|1.1|636147914797707350|8838eb|50986.5|22.33465666208|101.18724577818|45431|959150||50986.5|349.75||34893.75|349.75|50986.5|8838eb|X|0|1575|0|||3|3|0|1|1|132|194|["132,194,5,3508"]|636148157865000000|14:09:46:500
62|1.1|636147914847622341|8838eb|50991.4765625|22.34454326971|101.18321710627|45011|960249||50991.4765625|349.75||34925|349.75|50991.4765625|8838eb|X|0|1575|0|||3|3|0|1|1|132|194|["132,194,5,3508"]|636148157914770000|14:09:51:477
62|1.1|636147914897557334|8838eb|50996.4765625|22.35450497908|101.17903286647|44575|961358||50996.4765625|350||34956.25|350|50996.4765625|8838eb|X|0|1575|0|||3|3|0|1|1|132|194|["132,194,5,3508"]|636148157964770000|14:09:56:477
62|1.1|636147914947472325|8838eb|51001.4609375|22.3644398664|101.174918364|44146|962463||51001.4609375|350||34975|350|51001.4609375|8838eb|X|0|1575|0|||3|3|0|1|1|132|194|["132,194,5,3508"]|636148158014610000|14:10:01:461
62|1.1|636147914997397317|8838eb|51006.4609375|22.37437475372|101.17075021743|43712|963569||51006.4609375|350||35000|350|51006.4609375|8838eb|X|0|1575|0|||3|3|0|1|1|132|194|["132,194,5,3508"]|636148158064610000|14:10:06:461
62|1.1|636147915047312308|8838eb|51011.4609375|22.38433646309|101.16664644378|43284|964677||51011.4609375|350||35018.75|350|51011.4609375|8838eb|X|0|1575|0|||3|3|0|1|1|132|194|["132,194,5,3508"]|636148158114610000|14:10:11:461
62|1.1|636147915097237300|8838eb|51016.4375|22.3942123419|101.16262850069|42866|965776||51016.4375|350||35031.25|350|51016.4375|8838eb|X|0|1575|0|||3|3|0|1|1|132|194|["132,194,5,3508"]|636148158164380000|14:10:16:438
62|1.1|636147915147162292|8838eb|51021.4375|22.40442617854|101.15789709107|42373|966913||51021.4375|350||34987.5|350|51021.4375|8838eb|X|0|1575|0|||3|3|0|1|1|132|194|["132,194,5,3508"]|636148158214380000|14:10:21:438
62|1.1|636147915197077283|8838eb|51026.421875|22.41452199816|101.15338025785|41903|968036||51026.421875|350||34962.5|350|51026.421875|8838eb|X|0|1575|0|||3|3|0|1|1|132|194|["132,194,5,3508"]|636148158264220000|14:10:26:422
62|1.1|636147915247012276|8838eb|51031.421875|22.4244676143|101.14930867066|41479|969143||51031.421875|350||34987.5|350|51031.421875|8838eb|X|0|1575|0|||3|3|0|1|1|132|194|["132,194,5,3508"]|636148158314220000|14:10:31:422
62|1.1|636147915296917266|8838eb|51036.421875|22.4344454169|101.14517807496|41049|970254||51036.421875|350||34993.75|350|51036.421875|8838eb|X|0|1575|0|||3|3|0|1|1|132|194|["132,194,5,3508"]|636148158364220000|14:10:36:422
62|1.1|636147915346842258|8838eb|51041.3984375|22.44451977888|101.14075780112|40589|971375||51041.3984375|349.75||34968.75|349.75|51041.3984375|8838eb|X|0|1575|0|||3|3|0|1|1|132|194|["132,194,5,3508"]|636148158413980000|14:10:41:398
62|1.1|636147915396767250|8838eb|51046.3984375|22.45449221707|101.13664866306|40161|972485||51046.3984375|349.75||34975|349.75|51046.3984375|8838eb|X|0|1575|0|||3|3|0|1|1|132|194|["132,194,5,3508"]|636148158463980000|14:10:46:398
62|1.1|636147915446692242|8838eb|51051.375|22.46451829936|101.13228739773|39707|973601||51051.375|350||34968.75|350|51051.375|8838eb|X|0|1575|0|||3|3|0|1|1|132|194|["132,194,5,3508"]|636148158513750000|14:10:51:375
62|1.1|636147915496607233|8838eb|51056.375|22.47471067836|101.12765254749|39225|974735||51056.375|350||34937.5|350|51056.375|8838eb|X|0|1575|0|||3|3|0|1|1|132|194|["132,194,5,3508"]|636148158563750000|14:10:56:375
62|1.1|636147915546532225|8838eb|51061.375|22.48481186239|101.12328055334|38770|975859||51061.375|350||34931.25|350|51061.375|8838eb|X|0|1575|0|||3|3|0|1|1|132|194|["132,194,5,3508"]|636148158613750000|14:11:01:375
62|1.1|636147915596457217|8838eb|51066.359375|22.49471456325|101.11926797466|38353|976962||51066.359375|350||34962.5|350|51066.359375|8838eb|X|0|1575|0|||3|3|0|1|1|132|194|["132,194,5,3508"]|636148158663590000|14:11:06:359
