62|1.1|636147897456473400|884208|49252.3984375|10.06517274567|99.3020955448|-158743|-400244||49252.3984375|359.75||35918.75|357.25|49252.3984375|884208|BKP279|0|2568|0|||3|3|0|1|1|132|82|["132,18,5,3752","132,210,2,2125","132,82,5","132,66,5","132,50,5"]|636148140523980000|13:40:52:398
62|1.1|636147897506408393|884208|49257.375|10.05398795082|99.30010534869|-158967|-401481||49257.375|359.75||35950|357.25|49257.375|884208|BKP279|0|2568|0|||3|3|0|1|1|132|82|["132,18,5,3752","132,210,2,2125","132,82,5","132,66,5","132,50,5"]|636148140573750000|13:40:57:375
62|1.1|636147897556313383|884208|49262.375|10.04318939349|99.29802395761|-159202|-402675||49262.375|359.75||35943.75|357.5|49262.375|884208|BKP279|0|2568|0|||3|3|0|1|1|132|66|["132,18,5,3752","132,210,2,2125","132,82,5","132,66,5","132,50,5"]|636148140623750000|13:41:02:375
62|1.1|636147897606238375|884208|49267.375|10.03331887909|99.29632343964|-159395|-403767||49267.375|359.75||35981.25|357.5|49267.375|884208|BKP279|0|2568|0|||3|3|0|1|1|132|83|["132,18,5,3752","132,210,2,2125","132,82,5","132,66,5","132,50,5"]|636148140673750000|13:41:07:375
62|1.1|636147897656153366|884208|49272.359375|10.0221126266|99.29440298086|-159612|-405007||49272.359375|359.75||35975|357.5|49272.359375|884208|BKP279|0|2568|0|||3|3|0|1|1|132|50|["132,18,5,3752","132,210,2,2125","132,82,5","132,66,5","132,50,5"]|636148140723590000|13:41:12:359
62|1.1|636147897706078358|884208|49277.359375|10.01129261163|99.29240205593|-159838|-406204||49277.359375|359.75||35975|357.5|49277.359375|884208|BKP279|0|2568|0|||3|3|0|1|1|132|50|["132,18,5,3752","132,210,2,2125","132,82,5","132,66,5","132,50,5"]|636148140773590000|13:41:17:359
62|1.1|636147897756003350|884208|49282.3359375|10.00009708796|99.2904547751|-160058|-407443||49282.3359375|359.75||35968.75|357.5|49282.3359375|884208|BKP279|0|2568|0|||3|3|0|1|1|132|50|["132,210,2,2125","132,82,5","132,66,5","132,50,5"]|636148140823360000|13:41:22:336
62|1.1|636147897805918341|884208|49287.3359375|9.9897652343|99.28860405365|-160267|-408586||49287.3359375|359.75||35981.25|357.5|49287.3359375|884208|BKP279|0|2568|0|||3|3|0|1|1|132|50|["132,210,2,2125","132,82,5","132,66,5","132,50,5"]|636148140873360000|13:41:27:336
62|1.1|636147897855853334|884208|49292.3359375|9.97819420193|99.2865923999|-160495|-409866||49292.3359375|359.75||35968.75|357.5|49292.3359375|884208|BKP279|0|2568|0|||3|3|0|1|1|132|5|["132,210,2,2125","132,82,5","132,66,5","132,50,5"]|636148140923360000|13:41:32:336
62|1.1|636147897905768325|884208|49297.3203125|9.96731517845|99.28465048348|-160714|-411070||49297.3203125|359.75||35968.75|357.5|49297.3203125|884208|BKP279|0|2568|0|||3|3|0|1|1|132|50|["132,210,2,2125","132,82,5","132,66,5","132,50,5"]|636148140973200000|13:41:37:320
62|1.1|636147897955693317|884208|49302.3203125|9.95636641764|99.2826227365|-160943|-412281||49302.3203125|359.75||35987.5|357.5|49302.3203125|884208|BKP279|0|2568|0|||3|3|0|1|1|132|83|["132,210,2,2125","132,82,5","132,66,5","132,50,5"]|636148141023200000|13:41:42:320
62|1.1|636147898005608308|884208|49307.296875|9.94657100498|99.28084711679|-161144|-413365||49307.296875|359.75||35987.5|357.5|49307.296875|884208|BKP279|0|2568|0|||3|3|0|1|1|132|50|["132,210,2,2125","132,82,5","132,66,5","132,50,5"]|636148141072970000|13:41:47:297
62|1.1|636147898055533300|884208|49312.296875|9.93572953237|99.27875499689|-161380|-414564||49312.296875|359.75||35993.75|357.5|49312.296875|884208|BKP279|0|2568|0|||3|3|0|1|1|132|66|["132,210,2,2125","132,82,5","132,66,5","132,50,5"]|636148141122970000|13:41:52:297
62|1.1|636147898105448291|884208|49317.296875|9.92440526286|99.2767218855|-161610|-415817||49317.296875|359.75||35968.75|357.5|49317.296875|884208|BKP279|0|2568|0|||3|3|0|1|1|132|66|["132,210,2,2125","132,82,5","132,66,5","132,50,5"]|636148141172970000|13:41:57:297
62|1.1|636147898155373283|884208|49322.28125|9.91330093416|99.27475314703|-161832|-417046||49322.28125|359.75||35975|357.5|49322.28125|884208|BKP279|0|2568|0|||3|3|0|1|1|132|66|["132,210,2,2125","132,82,5","132,66,5","132,50,5"]|636148141222810000|13:42:02:281
62|1.1|636147898205298275|884208|49327.28125|9.90238435981|99.27272540005|-162061|-418253||49327.28125|359.75||35975|357.5|49327.28125|884208|BKP279|0|2568|0|||3|3|0|1|1|132|66|["132,210,2,2125","132,82,5","132,66,5","132,50,5"]|636148141272810000|13:42:07:281
62|1.1|636147898255223267|884208|49332.2578125|9.8924011928|99.27092295829|-162265|-419358||49332.2578125|359.5||35993.75|357.5|49332.2578125|884208|BKP279|0|2568|0|||3|3|0|1|1|132|66|["132,210,2,2125","132,82,5","132,66,5","132,50,5"]|636148141322580000|13:42:12:258
62|1.1|636147898305138258|884208|49337.2578125|9.88168310162|99.2688362028|-162500|-420544||49337.2578125|359||35993.75|357|49337.2578125|884208|BKP279|0|2568|0|||3|3|0|1|1|132|66|["132,210,2,2125","132,82,5","132,66,5","132,50,5"]|636148141372580000|13:42:17:258
62|1.1|636147898355073251|884208|49342.2578125|9.87092209516|99.26675481172|-162735|-421735||49342.2578125|358.5||35981.25|356|49342.2578125|884208|BKP279|0|2568|0|||3|3|0|1|1|132|66|["132,210,2,2125","132,82,5","132,66,5","132,50,5"]|636148141422580000|13:42:22:258
62|1.1|636147898404998243|884208|49347.2421875|9.86019863957|99.26449639511|-162990|-422921||49347.2421875|357.5||35937.5|355|49347.2421875|884208|BKP279|0|2568|0|||3|3|0|1|1|132|66|["132,210,2,2125","132,82,5","132,66,5","132,50,5"]|636148141472420000|13:42:27:242
62|1.1|636147898454903233|884208|49352.2421875|9.84915868379|99.26230235142|-163237|-424142||49352.2421875|356.75||35762.5|354.25|49352.2421875|884208|BKP279|0|2568|0|||3|3|0|1|1|132|50|["132,210,2,2125","132,82,5","132,66,5","132,50,5"]|636148141522420000|13:42:32:242
62|1.1|636147898504828225|884208|49357.21875|9.83837621969|99.26001174835|-163495|-425335||49357.21875|356||35643.75|353.75|49357.21875|884208|BKP279|0|2568|-887.5|||3|3|2|1|1|132|50|["132,210,2,2125","132,82,5","132,66,5","132,50,5"]|636148141572190000|13:42:37:219
62|1.1|636147898554753217|884208|49362.21875|9.82748646739|99.25809665398|-163712|-426540||49362.21875|355.25||35556.25|353|49362.21875|884208|BKP279|0|2568|-768.75|||3|3|2|1|1|132|50|["132,210,2,2125","132,82,5","132,66,5","132,50,5"]|636148141622190000|13:42:42:219
62|1.1|636147898604668208|884208|49367.21875|9.81670400329|99.25600989849|-163947|-427733||49367.21875|354.5||35462.5|352|49367.21875|884208|BKP279|0|2568|-768.75|||3|3|2|1|1|132|50|["132,210,2,2125","132,82,5","132,66,5","132,50,5"]|636148141672190000|13:42:47:219
62|1.1|636147898654593200|884208|49372.1953125|9.80585716627|99.25402506679|-164172|-428933||49372.1953125|353.75||35387.5|351.25|49372.1953125|884208|BKP279|0|2568|-825|||3|3|2|1|1|132|50|["132,210,2,2125","132,82,5","132,66,5","132,50,5"]|636148141721950000|13:42:52:195
62|1.1|636147898704518192|884208|49377.1953125|9.79509615981|99.251777379|-164425|-430123||49377.1953125|352.75||35293.75|350.25|49377.1953125|884208|BKP279|0|2568|-943.75|||3|3|2|1|1|132|50|["132,210,2,2125","132,82,5","132,66,5","132,50,5"]|636148141771950000|13:42:57:195
62|1.1|636147898754453185|884208|49382.1796875|9.78432442453|99.24977108966|-164652|-431315||49382.1796875|351.5||35181.25|348.75|49382.1796875|884208|BKP279|0|2568|-1262.5|||3|3|2|1|1|132|50|["132,210,2,2125","132,82,5","132,66,5","132,50,5"]|636148141821800000|13:43:02:180
62|1.1|636147898804368176|884208|49387.1796875|9.77343467223|99.24782380883|-164872|-432520||49387.1796875|349.5||35037.5|347.5|49387.1796875|884208|BKP279|0|2568|-1693.75|||3|3|2|1|1|132|66|["132,210,2,2125","132,82,5","132,66,5","132,50,5"]|636148141871800000|13:43:07:180
62|1.1|636147898854283167|884208|49392.1796875|9.76258783521|99.2456083075|-165122|-433720||49392.1796875|347.75||34856.25|345.75|49392.1796875|884208|BKP279|0|2568|-1831.25|||3|3|2|1|1|132|66|["132,210,2,2125","132,82,5","132,66,5","132,50,5"]|636148141921800000|13:43:12:180
62|1.1|636147898904198158|884208|49397.15625|9.75169808291|99.24365029785|-165344|-434925||49397.15625|345.5||34656.25|343.5|49397.15625|884208|BKP279|0|2568|-2381.25|||3|3|2|1|1|132|66|["132,210,2,2125","132,82,5","132,66,5","132,50,5"]|636148141971560000|13:43:17:156
62|1.1|636147898954123150|884208|49402.15625|9.74076541533|99.24159036441|-165576|-436135||49402.15625|343.25||34443.75|341.5|49402.15625|884208|BKP279|0|2568|-2362.5|||3|3|2|1|1|132|66|["132,210,2,2125","132,82,5","132,66,5","132,50,5"]|636148142021560000|13:43:22:156
62|1.1|636147899004038141|884208|49407.140625|9.73025117173|99.24070523676|-165680|-437298||49407.140625|340.75||34118.75|339|49407.140625|884208|BKP279|0|2568|-2656.25|||3|3|2|1|1|132|66|["132,210,2,2125","132,82,5","132,66,5","132,50,5"]|636148142071410000|13:43:27:141
62|1.1|636147899053963133|884208|49412.140625|9.71868013936|99.23978255824|-165788|-438579||49412.140625|337.5||33793.75|336.25|49412.140625|884208|BKP279|0|2568|-2837.5|||3|3|2|1|1|132|83|["132,210,2,2125","132,82,5","132,66,5","132,50,5"]|636148142121410000|13:43:32:141
62|1.1|636147899103888125|884208|49417.140625|9.70830000601|99.23810886232|-165978|-439728||49417.140625|335.25||33525|333.5|49417.140625|884208|BKP279|0|2568|-3131.25|||3|3|2|1|1|132|83|["132,210,2,2125","132,82,5","132,66,5","132,50,5"]|636148142171410000|13:43:37:141
62|1.1|636147899153813117|884208|49422.1171875|9.69729223669|99.23583971689|-166234|-440946||49422.1171875|333||33287.5|330.25|49422.1171875|884208|BKP279|0|2568|-3368.75|||3|3|2|1|1|132|66|["132,210,2,2125","132,82,5","132,66,5","132,50,5"]|636148142221170000|13:43:42:117
62|1.1|636147899203728108|884208|49427.1171875|9.68449275443|99.23370468171|-166476|-442363||49427.1171875|329.5||32937.5|328|49427.1171875|884208|BKP279|0|2568|-2993.75|||3|3|2|1|1|132|51|["132,210,2,2125","132,82,5","132,66,5","132,50,5"]|636148142271170000|13:43:47:117
62|1.1|636147899253653100|884208|49432.1015625|9.67514795221|99.23200416374|-166669|-443397||49432.1015625|327.5||32718.75|325.5|49432.1015625|884208|BKP279|0|2568|-3150|||3|3|2|1|1|132|66|["132,210,2,2125","132,82,5","132,66,5","132,50,5"]|636148142321020000|13:43:52:102
62|1.1|636147899303578092|884208|49437.1015625|9.66274543629|99.22976720477|-166922|-444769||49437.1015625|324.5||32412.5|322.75|49437.1015625|884208|BKP279|0|2568|-3168.75|||3|3|2|1|1|132|50|["132,210,2,2125","132,82,5","132,66,5","132,50,5"]|636148142371020000|13:43:57:102
62|1.1|636147899353493083|884208|49442.1015625|9.65285882866|99.22806132239|-167115|-445863||49442.1015625|322||32150|320|49442.1015625|884208|BKP279|0|2568|-3168.75|||3|3|2|1|1|132|50|["132,210,2,2125","132,82,5","132,66,5","132,50,5"]|636148142421020000|13:44:02:102
62|1.1|636147899403418075|884208|49447.078125|9.64178668642|99.22606576187|-167341|-447088||49447.078125|319.5||31875|317|49447.078125|884208|BKP279|0|2568|-3268.75|||3|3|2|1|1|132|50|["132,210,2,2125","132,82,5","132,66,5","132,50,5"]|636148142470780000|13:44:07:078
62|1.1|636147899453343067|884208|49452.078125|9.63065553567|99.22390926905|-167585|-448320||49452.078125|317||31606.25|314.5|49452.078125|884208|BKP279|0|2568|-3250|||3|3|2|1|1|132|50|["132,210,2,2125","132,82,5","132,66,5","132,50,5"]|636148142520780000|13:44:12:078
62|1.1|636147899503258058|884208|49457.0625|9.61961021548|99.22169913213|-167835|-449542||49457.0625|314.5||31356.25|312|49457.0625|884208|BKP279|0|2568|-3187.5|||3|3|2|1|1|132|50|["132,210,2,2125","132,82,5","132,66,5","132,50,5"]|636148142570630000|13:44:17:063
62|1.1|636147899553183050|884208|49462.0625|9.60848442914|99.21964992751|-168067|-450773||49462.0625|311.5||31112.5|309.25|49462.0625|884208|BKP279|0|2568|-3187.5|||3|3|2|1|1|132|66|["132,210,2,2125","132,82,5","132,66,5","132,50,5"]|636148142620630000|13:44:22:063
62|1.1|636147899603108042|884208|49467.0625|9.59756249038|99.21725203624|-168337|-451981||49467.0625|308.75||30887.5|306.25|49467.0625|884208|BKP279|0|2568|-3268.75|||3|3|2|1|1|132|66|["132,210,2,2125","132,82,5","132,66,5","132,50,5"]|636148142670630000|13:44:27:063
62|1.1|636147899653023033|884208|49472.0390625|9.58659227193|99.21531548423|-168556|-453195||49472.0390625|305.75||30656.25|303.5|49472.0390625|884208|BKP279|0|2568|-3250|||3|3|2|1|1|132|83|["132,210,2,2125","132,82,5","132,66,5","132,50,5"]|636148142720390000|13:44:32:039
62|1.1|636147899702948025|884208|49477.0390625|9.57628187591|99.21361496626|-168749|-454336||49477.0390625|303.75||30350|302|49477.0390625|884208|BKP279|0|2568|-2856.25|||3|3|2|1|1|132|66|["132,210,2,2125","132,82,5","132,66,5","132,50,5"]|636148142770390000|13:44:37:039
62|1.1|636147899752873017|884208|49482.015625|9.56522046249|99.21151211754|-168987|-455560||49482.015625|301.75||30118.75|299.75|49482.015625|884208|BKP279|0|2568|-2581.25|||3|3|2|1|1|132|66|["132,210,2,2125","132,82,5","132,66,5","132,50,5"]|636148142820160000|13:44:42:016
62|1.1|636147899802798009|884208|49487.015625|9.5541751423|99.20943609087|-169222|-456782||49487.015625|299.75||29906.25|297.5|49487.015625|884208|BKP279|0|2568|-2500|||3|3|2|1|1|132|66|["132,210,2,2125","132,82,5","132,66,5","132,50,5"]|636148142870160000|13:44:47:016
62|1.1|636147899852713000|884208|49492.015625|9.54323711031|99.20740834389|-169451|-457993||49492.015625|297.5||29731.25|295.5|49492.015625|884208|BKP279|0|2568|-2500|||3|3|2|1|1|132|66|["132,210,2,2125","132,82,5","132,66,5","132,50,5"]|636148142920160000|13:44:52:016
62|1.1|636147899902637992|884208|49497|9.53243855298|99.20535377486|-169684|-459188||49497|295.5||29587.5|293.25|49497|884208|BKP279|0|2568|-2537.5|||3|3|2|1|1|132|66|["132,210,2,2125","132,82,5","132,66,5","132,50,5"]|636148142970000000|13:44:57:000
62|1.1|636147899952562984|884208|49502|9.52153807186|99.20335821434|-169910|-460394||49502|293.5||29418.75|291.25|49502|884208|BKP279|0|2568|-2500|||3|3|2|1|1|132|66|["132,210,2,2125","132,82,5","132,66,5","132,50,5"]|636148143020000000|13:45:02:000
62|1.1|636147900002477975|884208|49506.9765625|9.51086289596|99.20126073003|-170147|-461575||49506.9765625|291.5||29250|289.5|49506.9765625|884208|BKP279|0|2568|-2443.75|||3|3|2|1|1|132|66|["132,210,2,2125","132,82,5","132,66,5","132,50,5"]|636148143069770000|13:45:06:977
62|1.1|636147900052402967|884208|49511.9765625|9.50005360981|99.19923834746|-170376|-462771||49511.9765625|289.75||29106.25|287.75|49511.9765625|884208|BKP279|0|2568|-2325|||3|3|2|1|1|132|66|["132,210,2,2125","132,82,5","132,66,5","132,50,5"]|636148143119770000|13:45:11:977
62|1.1|636147900102317958|884208|49516.9765625|9.48930869658|99.1973822616|-170586|-463960||49516.9765625|287.5||28906.25|285.75|49516.9765625|884208|BKP279|0|2568|-2262.5|||3|3|2|1|1|132|50|["132,210,2,2125","132,82,5","132,66,5","132,50,5"]|636148143169770000|13:45:16:977
62|1.1|636147900152252951|884208|49521.9609375|9.47875690211|99.19549398928|-170800|-465128||49521.9609375|285.75||28743.75|283.75|49521.9609375|884208|BKP279|0|2568|-2306.25|||3|3|2|1|1|132|50|["132,210,2,2125","132,82,5","132,66,5","132,50,5"]|636148143219610000|13:45:21:961
62|1.1|636147900202167942|884208|49526.9609375|9.4680227177|99.19372909839|-171001|-466316||49526.9609375|283.75||28587.5|281.75|49526.9609375|884208|BKP279|0|2568|-2343.75|||3|3|2|1|1|132|50|["132,210,2,2125","132,82,5","132,66,5","132,50,5"]|636148143269610000|13:45:26:961
62|1.1|636147900252082933|884208|49531.9375|9.45747092323|99.19184082607|-171215|-467484||49531.9375|282||28456.25|279.75|49531.9375|884208|BKP279|0|2568|-2362.5|||3|3|2|1|1|132|50|["132,210,2,2125","132,82,5","132,66,5","132,50,5"]|636148143319380000|13:45:31:938
62|1.1|636147900302007925|884208|49536.9375|9.44676356087|99.19008129959|-171415|-468668||49536.9375|279.75||28268.75|277.75|49536.9375|884208|BKP279|0|2568|-2400|||3|3|2|1|1|132|66|["132,210,2,2125","132,82,5","132,66,5","132,50,5"]|636148143369380000|13:45:36:938
62|1.1|636147900351932917|884208|49541.9375|9.43613130025|99.18816620522|-171632|-469845||49541.9375|277.75||28087.5|276.25|49541.9375|884208|BKP279|0|2568|-2143.75|||3|3|2|1|1|132|66|["132,210,2,2125","132,82,5","132,66,5","132,50,5"]|636148143419380000|13:45:41:938
62|1.1|636147900401847908|884208|49546.921875|9.4255902346|99.18651396694|-171820|-471012||49546.921875|275.75||27918.75|274|49546.921875|884208|BKP279|0|2568|-2325|||3|3|2|1|1|132|66|["132,210,2,2125","132,82,5","132,66,5","132,50,5"]|636148143469220000|13:45:46:922
62|1.1|636147900451772900|884208|49551.921875|9.41501161808|99.18463642344|-172033|-472183||49551.921875|273.75||27737.5|271.75|49551.921875|884208|BKP279|0|2568|-2500|||3|3|2|1|1|132|66|["132,210,2,2125","132,82,5","132,66,5","132,50,5"]|636148143519220000|13:45:51:922
62|1.1|636147900501697892|884208|49556.8984375|9.40453492535|99.18293054106|-172227|-473342||49556.8984375|271.5||27568.75|270.25|49556.8984375|884208|BKP279|0|2568|-2306.25|||3|3|2|1|1|132|83|["132,210,2,2125","132,82,5","132,66,5","132,50,5"]|636148143568980000|13:45:56:898
62|1.1|636147900551612883|884208|49561.8984375|9.39481461443|99.18133194688|-172409|-474418||49561.8984375|270||27062.5|268.25|49561.8984375|884208|BKP279|0|2568|-2262.5|||3|3|2|1|1|132|66|["132,210,2,2125","132,82,5","132,66,5","132,50,5"]|636148143618980000|13:46:01:898
62|1.1|636147900598417563|884208|49566.578125|9.38488509152|99.17975481034|-172589|-475517||49566.578125|268||26831.25|266.25|49566.578125|884208|BKP279|0|2568|-2343.75|||3|3|2|1|1|132|66|["132,210,2,2125","132,82,5","132,66,5","132,50,5"]|636148143665780000|13:46:06:578
62|1.1|636147900648342555|884208|49571.578125|9.37435475469|99.17783435156|-172806|-476683||49571.578125|267||26650|264.25|49571.578125|884208|BKP279|0|2568|-2362.5|||3|3|2|1|1|132|210|["132,210,2,2125","132,82,5","132,66,5","132,50,5"]|636148143715780000|13:46:11:578
62|1.1|636147900698267547|884208|49576.5625|9.36386196873|99.17593535042|-173022|-477844||49576.5625|264||26500|262.25|49576.5625|884208|BKP279|0|2568|-2381.25|||3|3|2|1|1|132|66|["132,210,2,2125","132,82,5","132,66,5","132,50,5"]|636148143765630000|13:46:16:563
62|1.1|636147900748182538|884208|49581.5625|9.35336381836|99.17404171369|-173236|-479006||49581.5625|262||26381.25|260.25|49581.5625|884208|BKP279|0|2568|-2362.5|||3|3|2|1|1|132|66|["132,210,2,2125","132,82,5","132,66,5","132,50,5"]|636148143815630000|13:46:21:563
62|1.1|636147900798107530|884208|49586.5390625|9.34338601576|99.17253431448|-173408|-480110||49586.5390625|259.75||26012.5|258.5|49586.5390625|884208|BKP279|0|2568|-2343.75|||3|3|2|1|1|132|66|["132,210,2,2125","132,82,5","132,66,5","132,50,5"]|636148143865390000|13:46:26:539
62|1.1|636147900847882507|884208|49591.5390625|9.33361206074|99.17071041508|-173615|-481192||49591.5390625|257.75||25831.25|256.25|49591.5390625|884208|BKP279|0|2568|-2400|||3|3|2|1|1|132|66|["132,210,2,2125","132,82,5","132,66,5","132,50,5"]|636148143915390000|13:46:31:539
62|1.1|636147900897947513|884208|49596.5390625|9.32307099509|99.16870949015|-173842|-482358||49596.5390625|255.75||25656.25|254.5|49596.5390625|884208|BKP279|0|2568|-2343.75|||3|3|2|1|1|132|66|["132,210,2,2125","132,82,5","132,66,5","132,50,5"]|636148143965390000|13:46:36:539
62|1.1|636147900947722490|884208|49601.515625|9.31248701416|99.16693923485|-174043|-483530||49601.515625|253.75||25400|252.5|49601.515625|884208|BKP279|0|2568|-2343.75|||3|3|2|1|1|132|66|["132,210,2,2125","132,82,5","132,66,5","132,50,5"]|636148144015160000|13:46:41:516
62|1.1|636147900997787496|884208|49606.515625|9.3020478723|99.16501341166|-174261|-484685||49606.515625|252||25206.25|250|49606.515625|884208|BKP279|0|2568|-2481.25|||3|3|2|1|1|132|50|["132,210,2,2125","132,82,5","132,66,5","132,50,5"]|636148144065160000|13:46:46:516
62|1.1|636147901047562473|884208|49611.5|9.29176429833|99.1629427494|-174495|-485823||49611.5|249.75||25037.5|248|49611.5|884208|BKP279|0|2568|-2537.5|||3|3|2|1|1|132|66|["132,210,2,2125","132,82,5","132,66,5","132,50,5"]|636148144115000000|13:46:51:500
62|1.1|636147901097637480|884208|49616.5|9.28162556343|99.16071115484|-174747|-486945||49616.5|247.75||24925|246|49616.5|884208|BKP279|0|2568|-2443.75|||3|3|2|1|1|132|66|["132,210,2,2125","132,82,5","132,66,5","132,50,5"]|636148144165000000|13:46:56:500
62|1.1|636147901147402456|884208|49621.5|9.271309803|99.15892480631|-174950|-488086||49621.5|246||24812.5|244.25|49621.5|884208|BKP279|0|2568|-2362.5|||3|3|2|1|1|132|66|["132,210,2,2125","132,82,5","132,66,5","132,50,5"]|636148144215000000|13:47:01:500
62|1.1|636147901197327448|884208|49626.4765625|9.26104232226|99.15713845778|-175153|-489223||49626.4765625|245.25||24750|243|49626.4765625|884208|BKP279|0|2568|-1968.75|||3|3|2|1|1|132|83|["132,210,2,2125","132,82,5","132,66,5","132,50,5"]|636148144264770000|13:47:06:477
62|1.1|636147901247262441|884208|49631.4765625|9.25089822295|99.15513216844|-175380|-490346||49631.4765625|245||24662.5|242|49631.4765625|884208|BKP279|0|2568|-1593.75|||3|3|2|1|1|132|210|["132,210,2,2125","132,82,5","132,66,5","132,50,5"]|636148144314770000|13:47:11:477
62|1.1|636147901297167431|884208|49636.4609375|9.24120473408|99.15372132861|-175541|-491419||49636.4609375|244||24331.25|241.75|49636.4609375|884208|BKP279|0|2568|-1125|||3|3|2|1|1|132|210|["132,210,2,2125","132,82,5","132,66,5","132,50,5"]|636148144364610000|13:47:16:461
62|1.1|636147901347102424|884208|49641.4609375|9.23147369434|99.15218710735|-175716|-492496||49641.4609375|243||24225|240.75|49641.4609375|884208|BKP279|0|2568|-1062.5|||3|3|2|1|1|132|210|["132,210,2,2125","132,82,5","132,66,5","132,50,5"]|636148144414610000|13:47:21:461
62|1.1|636147901397027416|884208|49646.4609375|9.22262778225|99.15073871665|-175881|-493475||49646.4609375|242||24162.5|240|49646.4609375|884208|BKP279|0|2568|-962.5|||3|3|2|1|1|132|210|["132,210,2,2125","132,82,5","132,66,5","132,50,5"]|636148144464610000|13:47:26:461
62|1.1|636147901446932406|884208|49651.4375|9.21245149648|99.14907574955|-176070|-494602||49651.4375|240.75||24056.25|239|49651.4375|884208|BKP279|0|2568|-1025|||3|3|2|1|1|132|51|["132,210,2,2125","132,82,5","132,66,5","132,50,5"]|636148144514380000|13:47:31:438
62|1.1|636147901496857398|884208|49656.4375|9.20276337202|99.14643645983|-176367|-495673||49656.4375|240||23968.75|238|49656.4375|884208|BKP279|0|2568|-1062.5|||3|3|2|1|1|132|210|["132,210,2,2125","132,82,5","132,66,5","132,50,5"]|636148144564380000|13:47:36:438
62|1.1|636147901546782390|884208|49661.421875|9.19415349397|99.14238633028|-176818|-496625||49661.421875|240||23931.25|237.5|49661.421875|884208|BKP279|0|2568|-1006.25|||3|3|2|1|1|132|210|["132,210,2,2125","132,82,5","132,66,5","132,50,5"]|636148144614220000|13:47:41:422
62|1.1|636147901596697381|884208|49666.421875|9.18491061554|99.13814308197|-177291|-497646||49666.421875|238.5||23875|237|49666.421875|884208|BKP279|0|2568|-906.25|||3|3|2|1|1|132|51|["132,210,2,2125","132,82,5","132,66,5","132,50,5"]|636148144664220000|13:47:46:422
62|1.1|636147901646632374|884208|49671.421875|9.17704102607|99.13409831683|-177741|-498515||49671.421875|238||23812.5|236|49671.421875|884208|BKP279|0|2568|-843.75|||3|3|2|1|1|132|210|["132,210,2,2125","132,82,5","132,66,5","132,50,5"]|636148144714220000|13:47:51:422
62|1.1|636147901696547365|884208|49676.3984375|9.16851697858|99.12896994087|-178311|-499457||49676.3984375|238||23700|235.5|49676.3984375|884208|BKP279|0|2568|-825|||3|3|2|1|1|132|210|["132,210,2,2125","132,82,5","132,66,5","132,50,5"]|636148144763980000|13:47:56:398
62|1.1|636147901746462356|884208|49681.3984375|9.16088342315|99.12349287826|-178919|-500299||49681.3984375|236.25||23631.25|234.75|49681.3984375|884208|BKP279|0|2568|-843.75|||3|3|2|1|1|132|83|["132,210,2,2125","132,82,5","132,66,5","132,50,5"]|636148144813980000|13:48:01:398
62|1.1|636147901796387348|884208|49686.375|9.15441394469|99.11837523112|-179486|-501013||49686.375|236||23568.75|234.25|49686.375|884208|BKP279|0|2568|-887.5|||3|3|2|1|1|132|210|["132,210,2,2125","132,82,5","132,66,5","132,50,5"]|636148144863750000|13:48:06:375
62|1.1|636147901846312340|884208|49691.375|9.14722027088|99.11277478708|-180107|-501806||49691.375|234.75||23500|233.25|49691.375|884208|BKP279|0|2568|-887.5|||3|3|2|1|1|132|50|["132,210,2,2125","132,82,5","132,66,5","132,50,5"]|636148144913750000|13:48:11:375
62|1.1|636147901896237332|884208|49696.375|9.13999441061|99.1070992413|-180737|-502603||49696.375|233.75||23425|232.5|49696.375|884208|BKP279|0|2568|-943.75|||3|3|2|1|1|132|51|["132,210,2,2125","132,82,5","132,66,5","132,50,5"]|636148144963750000|13:48:16:375
62|1.1|636147901946152323|884208|49701.359375|9.13263444009|99.1011447462|-181397|-503415||49701.359375|232.75||23400|231.5|49701.359375|884208|BKP279|0|2568|-1043.75|||3|3|2|1|1|132|51|["132,210,2,2125","132,82,5","132,66,5","132,50,5"]|636148145013590000|13:48:21:359
62|1.1|636147901996067314|884208|49706.359375|9.12444835043|99.09517952228|-182059|-504318||49706.359375|231||23225|229.75|49706.359375|884208|BKP279|0|2568|-1400|||3|3|2|1|1|132|83|["132,210,2,2125","132,82,5","132,66,5","132,50,5"]|636148145063590000|13:48:26:359
62|1.1|636147902046002307|884208|49711.3359375|9.11819344837|99.0900940616|-182623|-505008||49711.3359375|230||23125|227.75|49711.3359375|884208|BKP279|0|2568|-1912.5|||3|3|2|1|1|132|210|["132,210,2,2125","132,82,5","132,66,5","132,50,5"]|636148145113360000|13:48:31:336
62|1.1|636147902095917298|884208|49716.3359375|9.110913944|99.08439705818|-183255|-505811||49716.3359375|228||22962.5|225.75|49716.3359375|884208|BKP279|0|2568|-2325|||3|3|2|1|1|132|210|["132,210,2,2125","132,66,5","132,50,5"]|636148145163360000|13:48:36:336
62|1.1|636147902145842290|884208|49721.3359375|9.10367735491|99.07859813097|-183898|-506609||49721.3359375|227||22750|224.25|49721.3359375|884208|BKP279|0|2568|-2187.5|||3|3|2|1|1|132|210|["132,210,2,2125","132,66,5","132,50,5"]|636148145213360000|13:48:41:336
62|1.1|636147902195757281|884208|49726.3203125|9.09646758787|99.07285821227|-184535|-507404||49726.3203125|225||22531.25|222.5|49726.3203125|884208|BKP279|0|2568|-2125|||3|3|2|1|1|132|210|["132,210,2,2125","132,66,5","132,50,5"]|636148145263200000|13:48:46:320
62|1.1|636147902245692274|884208|49731.3203125|9.08989082121|99.06767619221|-185110|-508130||49731.3203125|224||22337.5|221.25|49731.3203125|884208|BKP279|0|2568|-1931.25|||3|3|2|1|1|132|210|["132,210,2,2125","132,66,5","132,50,5"]|636148145313200000|13:48:51:320
62|1.1|636147902295607265|884208|49736.296875|9.0829653679|99.06237079072|-185699|-508894||49736.296875|222||22168.75|220.25|49736.296875|884208|BKP279|0|2568|-1693.75|||3|3|2|1|1|132|51|["132,210,2,2125","132,66,5","132,50,5"]|636148145362970000|13:48:56:297
62|1.1|636147902345522256|884208|49741.296875|9.07550347359|99.05674888904|-186323|-509717||49741.296875|220.25||22018.75|218.75|49741.296875|884208|BKP279|0|2568|-1631.25|||3|3|2|1|1|132|83|["132,210,2,2125","132,66,5","132,50,5"]|636148145412970000|13:49:01:297
62|1.1|636147902395447248|884208|49746.296875|9.06937195296|99.05208721675|-186840|-510393||49746.296875|219||21875|217.25|49746.296875|884208|BKP279|0|2568|-1693.75|||3|3|2|1|1|132|210|["132,210,2,2125","132,66,5","132,50,5"]|636148145462970000|13:49:06:297
62|1.1|636147902445372240|884208|49751.28125|9.06175985517|99.0464277642|-187468|-511233||49751.28125|217||21662.5|215.25|49751.28125|884208|BKP279|0|2568|-1987.5|||3|3|2|1|1|132|210|["132,210,2,2125","132,66,5","132,50,5"]|636148145512810000|13:49:11:281
62|1.1|636147902495287231|884208|49756.28125|9.05470565602|99.04115991358|-188053|-512011||49756.28125|216||21475|213.25|49756.28125|884208|BKP279|0|2568|-2262.5|||3|3|2|1|1|132|210|["132,210,2,2125","132,66,5","132,50,5"]|636148145562810000|13:49:16:281
62|1.1|636147902545222224|884208|49761.2578125|9.04795722824|99.03613882582|-188610|-512756||49761.2578125|214||21331.25|211.75|49761.2578125|884208|BKP279|0|2568|-2125|||3|3|2|1|1|132|210|["132,210,2,2125","132,82,5","132,66,5","132,50,5"]|636148145612580000|13:49:21:258
62|1.1|636147902595137215|884208|49766.2578125|9.041176614|99.03098362781|-189183|-513504||49766.2578125|212||21193.75|210.25|49766.2578125|884208|BKP279|0|2568|-1968.75|||3|3|2|1|1|132|210|["132,210,2,2125","132,82,5","132,66,5","132,50,5"]|636148145662580000|13:49:26:258
62|1.1|636147902645052206|884208|49771.2578125|9.03316218546|99.02508277681|-189838|-514388||49771.2578125|210.25||21012.5|208.75|49771.2578125|884208|BKP279|0|2568|-1887.5|||3|3|2|1|1|132|83|["132,210,2,2125","132,82,5","132,66,5","132,50,5"]|636148145712580000|13:49:31:258
62|1.1|636147902694977198|884208|49776.2421875|9.02635474917|99.02001340936|-190401|-515139||49776.2421875|209||20893.75|207.5|49776.2421875|884208|BKP279|0|2568|-1656.25|||3|3|2|1|1|132|50|["132,210,2,2125","132,82,5","132,66,5","132,50,5"]|636148145762420000|13:49:36:242
62|1.1|636147902744902190|884208|49781.2421875|9.01948293996|99.01487430458|-190972|-515897||49781.2421875|207.75||20743.75|206.25|49781.2421875|884208|BKP279|0|2568|-1631.25|||3|3|2|1|1|132|50|["132,210,2,2125","132,82,5","132,66,5","132,50,5"]|636148145812420000|13:49:41:242
62|1.1|636147902794827182|884208|49786.21875|9.01214979149|99.00930068259|-191591|-516706||49786.21875|206.5||20587.5|204.5|49786.21875|884208|BKP279|0|2568|-1712.5|||3|3|2|1|1|132|50|["132,210,2,2125","132,82,5","132,66,5","132,50,5"]|636148145862190000|13:49:46:219
62|1.1|636147902844742173|884208|49791.21875|9.00552474514|99.0042635016|-192150|-517437||49791.21875|205||20500|203.5|49791.21875|884208|BKP279|0|2568|-1631.25|||3|3|2|1|1|132|210|["132,210,2,2125","132,82,5","132,66,5","132,50,5"]|636148145912190000|13:49:51:219
62|1.1|636147902894667165|884208|49796.21875|8.99843835953|98.99882935427|-192753|-518218||49796.21875|204||20375|202.25|49796.21875|884208|BKP279|0|2568|-1556.25|||3|3|2|1|1|132|210|["132,210,2,2125","132,82,5","132,66,5","132,50,5"]|636148145962190000|13:49:56:219
62|1.1|636147902944592157|884208|49801.1953125|8.99090136348|98.99311625762|-193387|-519050||49801.1953125|202.5||20256.25|201|49801.1953125|884208|BKP279|0|2568|-1518.75|||3|3|2|1|1|132|83|["132,210,2,2125","132,82,5","132,66,5","132,50,5"]|636148146011950000|13:50:01:195
62|1.1|636147902994507148|884208|49806.1953125|8.98471619875|98.9884384921|-193907|-519732||49806.1953125|201||20125|199.75|49806.1953125|884208|BKP279|0|2568|-1518.75|||3|3|2|1|1|132|51|["132,210,2,2125","132,82,5","132,66,5","132,50,5"]|636148146061950000|13:50:06:195
62|1.1|636147903044432140|884208|49811.1796875|8.97778001662|98.98322964999|-194486|-520497||49811.1796875|200||19987.5|198.25|49811.1796875|884208|BKP279|0|2568|-1575|||3|3|2|1|1|132|210|["132,210,2,2125","132,82,5","132,66,5","132,50,5"]|636148146111800000|13:50:11:180
62|1.1|636147903094357132|884208|49816.1796875|8.97072045306|98.97821392664|-195043|-521276||49816.1796875|199||19843.75|196.75|49816.1796875|884208|BKP279|0|2568|-1631.25|||3|3|2|1|1|132|210|["132,210,2,2125","132,82,5","132,66,5","132,50,5"]|636148146161800000|13:50:16:180
62|1.1|636147903144292125|884208|49821.1796875|8.96431534752|98.97390630541|-195522|-521983||49821.1796875|197||19718.75|195|49821.1796875|884208|BKP279|0|2568|-1831.25|||3|3|2|1|1|132|210|["132,210,2,2125","132,82,5","132,66,5","132,50,5"]|636148146211800000|13:50:21:180
62|1.1|636147903194197115|884208|49826.15625|8.95724505514|98.97009757431|-195946|-522764||49826.15625|195||19531.25|193|49826.15625|884208|BKP279|0|2568|-2087.5|||3|3|2|1|1|132|210|["132,210,2,2125","132,82,5","132,66,5","132,50,5"]|636148146261560000|13:50:26:156
62|1.1|636147903244142109|884208|49831.15625|8.94861908386|98.96653560607|-196345|-523717||49831.15625|191.75||19200|189.75|49831.15625|884208|BKP279|0|2568|-3087.5|||3|3|2|1|1|132|83|["132,210,2,2125","132,82,5","132,66,5","132,50,5"]|636148146311560000|13:50:31:156
62|1.1|636147903294037098|884208|49836.140625|8.94184383403|98.96331696007|-196704|-524466||49836.140625|190||18987.5|188.25|49836.140625|884208|BKP279|0|2568|-2600|||3|3|2|1|1|132|210|["132,210,2,2125","132,82,5","132,66,5","132,50,5"]|636148146361410000|13:50:36:141
62|1.1|636147903343962090|884208|49841.140625|8.93426928711|98.95966916127|-197111|-525303||49841.140625|188||18787.5|186.25|49841.140625|884208|BKP279|0|2568|-2306.25|||3|3|2|1|1|132|210|["132,210,2,2125","132,82,5","132,66,5","132,50,5"]|636148146411410000|13:50:41:141
62|1.1|636147903393887082|884208|49846.140625|8.9259490872|98.95554929439|-197570|-526222||49846.140625|187||18562.5|184.5|49846.140625|884208|BKP279|0|2568|-2243.75|||3|3|2|1|1|132|210|["132,210,2,2125","132,82,5","132,66,5","132,50,5"]|636148146461410000|13:50:46:141
62|1.1|636147903443802073|884208|49851.1171875|8.91748404822|98.95139724105|-198034|-527158||49851.1171875|185||18475|183.5|49851.1171875|884208|BKP279|0|2568|-1731.25|||3|3|2|1|1|132|51|["132,210,2,2125","132,82,5","132,66,5","132,50,5"]|636148146511170000|13:50:51:117
62|1.1|636147903493727065|884208|49856.1171875|8.91061760342|98.9480444848|-198408|-527916||49856.1171875|183.75||18368.75|182.25|49856.1171875|884208|BKP279|0|2568|-1493.75|||3|3|2|1|1|132|50|["132,210,2,2125","132,82,5","132,66,5","132,50,5"]|636148146561170000|13:50:56:117
62|1.1|636147903543642056|884208|49861.1015625|8.90369215011|98.94469172855|-198782|-528681||49861.1015625|182.5||18250|181|49861.1015625|884208|BKP279|0|2568|-1493.75|||3|3|2|1|1|132|50|["132,210,2,2125","132,82,5","132,66,5","132,50,5"]|636148146611020000|13:51:01:102
62|1.1|636147903593587050|884208|49866.1015625|8.89564553511|98.94076498043|-199221|-529570||49866.1015625|181||18075|179.5|49866.1015625|884208|BKP279|0|2568|-1675|||3|3|2|1|1|132|210|["132,210,2,2125","132,82,5","132,66,5","132,50,5"]|636148146661020000|13:51:06:102
62|1.1|636147903643492040|884208|49871.1015625|8.8881299967|98.93701525784|-199639|-530400||49871.1015625|179||17918.75|177.25|49871.1015625|884208|BKP279|0|2568|-2025|||3|3|2|1|1|132|210|["132,210,2,2125","132,82,5","132,66,5","132,50,5"]|636148146711020000|13:51:11:102
62|1.1|636147903693427033|884208|49876.078125|8.88097387376|98.93333527258|-200050|-531191||49876.078125|177||17706.25|175.25|49876.078125|884208|BKP279|0|2568|-2225|||3|3|2|1|1|132|210|["132,210,2,2125","132,82,5","132,66,5","132,50,5"]|636148146760780000|13:51:16:078
62|1.1|636147903743332023|884208|49881.078125|8.87228889397|98.92911884632|-200520|-532151||49881.078125|173.25||17337.5|171.5|49881.078125|884208|BKP279|0|2568|-3368.75|||3|3|2|1|1|132|51|["132,210,2,2125","132,82,5","132,66,5","132,50,5"]|636148146810780000|13:51:21:078
62|1.1|636147903793257015|884208|49886.0625|8.86499866078|98.92532620845|-200943|-532956||49886.0625|171||17062.5|168.75|49886.0625|884208|BKP279|0|2568|-3387.5|||3|3|2|1|1|132|210|["132,210,2,2125","132,82,5","132,66,5","132,50,5"]|636148146860630000|13:51:26:063
62|1.1|636147903843182007|884208|49891.0625|8.85802492778|98.92178569785|-201339|-533726||49891.0625|168||16762.5|165.75|49891.0625|884208|BKP279|0|2568|-3425|||3|3|2|1|1|132|210|["132,210,2,2125","132,82,5","132,66,5","132,50,5"]|636148146910630000|13:51:31:063
62|1.1|636147903893096998|884208|49896.0625|8.85044501645|98.91791259383|-201771|-534564||49896.0625|165||16462.5|162.75|49896.0625|884208|BKP279|0|2568|-3543.75|||3|3|2|1|1|132|210|["132,210,2,2125","132,82,5","132,66,5","132,50,5"]|636148146960630000|13:51:36:063
62|1.1|636147903943021990|884208|49901.0390625|8.84334790202|98.91427552385|-202176|-535348||49901.0390625|162||16181.25|160|49901.0390625|884208|BKP279|0|2568|-3406.25|||3|3|2|1|1|132|210|["132,210,2,2125","132,82,5","132,66,5","132,50,5"]|636148147010390000|13:51:41:039
62|1.1|636147903992936981|884208|49906.0390625|8.83497405801|98.91024685194|-202626|-536273||49906.0390625|160||15837.5|157.25|49906.0390625|884208|BKP279|0|2568|-3368.75|||3|3|2|1|1|132|210|["132,210,2,2125","132,82,5","132,66,5","132,50,5"]|636148147060390000|13:51:46:039
62|1.1|636147904042861973|884208|49911.015625|8.82700790916|98.90637911233|-203058|-537153||49911.015625|158||15537.5|155|49911.015625|884208|BKP279|0|2568|-3150|||3|3|2|1|1|132|210|["132,210,2,2125","132,82,5","132,66,5"]|636148147110160000|13:51:51:016
62|1.1|636147904092796966|884208|49916.015625|8.81949773516|98.90230216073|-203513|-537983||49916.015625|156||15562.5|154.25|49916.015625|884208|BKP279|0|2568|-2187.5|||3|3|2|1|1|132|210|["132,210,2,2125","132,82,5","132,66,5"]|636148147160160000|13:51:56:016
62|1.1|636147904142701956|884208|49921.015625|8.81096295885|98.89805354801|-203987|-538925||49921.015625|155||15375|152.75|49921.015625|884208|BKP279|0|2568|-1868.75|||3|3|2|1|1|132|210|["132,210,2,2125","132,82,5","132,66,5"]|636148147210160000|13:52:01:016
62|1.1|636147904192636949|884208|49926|8.80306118292|98.89394977436|-204445|-539798||49926|153||15193.75|151|49926|884208|BKP279|0|2568|-1887.5|||3|3|2|1|1|132|210|["132,210,2,2125","132,82,5","132,66,5"]|636148147260000000|13:52:06:000
62|1.1|636147904242551940|884208|49931|8.79493410177|98.88992646686|-204894|-540696||49931|151||15006.25|149|49931|884208|BKP279|0|2568|-2068.75|||3|3|2|1|1|132|210|["132,210,2,2125","132,82,5","132,66,5"]|636148147310000000|13:52:11:000
62|1.1|636147904292486933|884208|49935.9765625|8.78685530031|98.88585487967|-205349|-541589||49935.9765625|149||14825|146.75|49935.9765625|884208|BKP279|0|2568|-2225|||3|3|2|1|1|132|210|["132,210,2,2125","132,82,5","132,66,5","132,50,4"]|636148147359770000|13:52:15:977
62|1.1|636147904342411925|884208|49940.9765625|8.77940413482|98.88209442826|-205769|-542412||49940.9765625|146||14612.5|144.75|49940.9765625|884208|BKP279|0|2568|-2362.5|||3|3|2|1|1|132|83|["132,210,2,2125","132,82,5","132,66,5","132,50,4"]|636148147409770000|13:52:20:977
62|1.1|636147904392316915|884208|49945.9765625|8.77230165598|98.87844126505|-206177|-543197||49945.9765625|144.25||14412.5|142.5|49945.9765625|884208|BKP279|0|2568|-2443.75|||3|3|2|1|1|132|210|["132,210,2,2125","132,82,5","132,66,5","132,50,4"]|636148147459770000|13:52:25:977
62|1.1|636147904442241907|884208|49950.9609375|8.76458226999|98.87450378811|-206616|-544049||49950.9609375|143||14218.75|140.5|49950.9609375|884208|BKP279|0|2568|-2418.75|||3|3|2|1|1|132|210|["132,210,2,2125","132,82,5","132,66,5","132,50,4"]|636148147509610000|13:52:30:961
62|1.1|636147904492156898|884208|49955.9609375|8.7573456809|98.87119931155|-206986|-544849||49955.9609375|141||14100|139.25|49955.9609375|884208|BKP279|0|2568|-2162.5|||3|3|2|1|1|132|210|["132,210,2,2125","132,82,5","132,66,5","132,50,4"]|636148147559610000|13:52:35:961
62|1.1|636147904542091891|884208|49960.9375|8.74933125236|98.8674174025|-207409|-545735||49960.9375|139||13906.25|137.25|49960.9375|884208|BKP279|0|2568|-2225|||3|3|2|1|1|132|210|["132,210,2,2125","132,82,5","132,66,5","132,50,4"]|636148147609380000|13:52:40:938
62|1.1|636147904592006882|884208|49965.9375|8.74265792632|98.86367304432|-207826|-546472||49965.9375|138||13750|135.75|49965.9375|884208|BKP279|0|2568|-2068.75|||3|3|2|1|1|132|210|["132,210,2,2125","132,82,5","132,66,5","132,50,4"]|636148147659380000|13:52:45:938
62|1.1|636147904641921873|884208|49970.9375|8.73521748965|98.85995550819|-208241|-547293||49970.9375|136||13587.5|133.75|49970.9375|884208|BKP279|0|2568|-2225|||3|3|2|1|1|132|210|["132,210,2,2125","132,82,5","132,66,5","132,50,4"]|636148147709380000|13:52:50:938
62|1.1|636147904691846865|884208|49975.921875|8.72711723055|98.85563179373|-208724|-548188||49975.921875|134||13318.75|131.5|49975.921875|884208|BKP279|0|2568|-2381.25|||3|3|2|1|1|132|210|["132,210,2,2125","132,82,5","132,66,5","132,50,4"]|636148147759220000|13:52:55:922
62|1.1|636147904741771857|884208|49980.921875|8.71937102251|98.8517533253|-209157|-549044||49980.921875|132||13118.75|129.75|49980.921875|884208|BKP279|0|2568|-2343.75|||3|3|2|1|1|132|210|["132,210,2,2125","132,82,5","132,66,5"]|636148147809220000|13:53:00:922
62|1.1|636147904791686848|884208|49985.8984375|8.71283717113|98.84836838259|-209535|-549766||49985.8984375|130||12968.75|128|49985.8984375|884208|BKP279|0|2568|-2281.25|||3|3|2|1|1|132|210|["132,210,2,2125","132,82,5","132,66,5"]|636148147858980000|13:53:05:898
62|1.1|636147904841611840|884208|49990.8984375|8.70528944626|98.84438262596|-209980|-550600||49990.8984375|128||12793.75|125.75|49990.8984375|884208|BKP279|0|2568|-2325|||3|3|2|1|1|132|210|["132,210,2,2125","132,82,5","132,66,5"]|636148147908980000|13:53:10:898
62|1.1|636147904891526831|884208|49995.8984375|8.6977470858|98.84054707281|-210409|-551433||49995.8984375|126||12606.25|123.75|49995.8984375|884208|BKP279|0|2568|-2362.5|||3|3|2|1|1|132|210|["132,210,2,2125","132,82,5","132,66,5"]|636148147958980000|13:53:15:898
62|1.1|636147904941471825|884208|50000.875|8.69074116634|98.83708702836|-210795|-552207||50000.875|124||12362.5|122|50000.875|884208|BKP279|0|2568|-2343.75|||3|3|2|1|1|132|210|["132,210,2,2125","132,82,5","132,66,5"]|636148148008750000|13:53:20:875
62|1.1|636147904991376815|884208|50005.875|8.68325244998|98.833353399|-211212|-553034||50005.875|122||12156.25|119.75|50005.875|884208|BKP279|0|2568|-2443.75|||3|3|2|1|1|132|210|["132,210,2,2125","132,82,5","132,66,5"]|636148148058750000|13:53:25:875
62|1.1|636147905041291806|884208|50010.859375|8.67649329338|98.82991481219|-211596|-553781||50010.859375|120||12000|118.25|50010.859375|884208|BKP279|0|2568|-2125|||3|3|2|1|1|132|210|["132,210,2,2125","132,82,5","132,66,5"]|636148148108590000|13:53:30:859
62|1.1|636147905091216798|884208|50015.859375|8.66901530584|98.8262723778|-212004|-554607||50015.859375|119||11818.75|117.25|50015.859375|884208|BKP279|0|2568|-1812.5|||3|3|2|1|1|132|210|["132,210,2,2125","132,82,5","132,66,5"]|636148148158590000|13:53:35:859
62|1.1|636147905141161792|884208|50020.859375|8.66134956395|98.82269968074|-212403|-555454||50020.859375|117||11637.5|115.25|50020.859375|884208|BKP279|0|2568|-1693.75|||3|3|2|1|1|132|210|["132,210,2,2125","132,82,5","132,66,5"]|636148148208590000|13:53:40:859
62|1.1|636147905191066782|884208|50025.8359375|8.65384475436|98.81863345796|-212857|-556283||50025.8359375|116||11462.5|114|50025.8359375|884208|BKP279|0|2568|-1675|||3|3|2|1|1|132|210|["132,210,2,2125","132,82,5","132,66,5"]|636148148258360000|13:53:45:836
62|1.1|636147905240981773|884208|50030.8359375|8.6458732411|98.81529143053|-213231|-557164||50030.8359375|114||11281.25|112.25|50030.8359375|884208|BKP279|0|2568|-1793.75|||3|3|2|1|1|132|210|["132,210,2,2125","132,82,5","132,66,5"]|636148148308360000|13:53:50:836
62|1.1|636147905290916766|884208|50035.8203125|8.63835770269|98.81105891104|-213704|-557994||50035.8203125|112||11131.25|110|50035.8203125|884208|BKP279|0|2568|-2143.75|||3|3|2|1|1|132|210|["132,210,2,2125","132,82,5","132,66,5"]|636148148358200000|13:53:55:820
62|1.1|636147905340821756|884208|50040.8203125|8.63080461341|98.80745402752|-214107|-558829||50040.8203125|110||10956.25|108|50040.8203125|884208|BKP279|0|2568|-2362.5|||3|3|2|1|1|132|210|["132,210,2,2125","132,82,5","132,66,5"]|636148148408200000|13:54:00:820
62|1.1|636147905390746748|884208|50045.8203125|8.62338026997|98.80358628791|-214539|-559649||50045.8203125|108||10781.25|106|50045.8203125|884208|BKP279|0|2568|-2325|||3|3|2|1|1|132|210|["132,210,2,2125","132,82,5","132,66,5"]|636148148458200000|13:54:05:820
62|1.1|636147905440671740|884208|50050.796875|8.61594519771|98.79991703147|-214949|-560471||50050.796875|106||10606.25|104.25|50050.796875|884208|BKP279|0|2568|-2262.5|||3|3|2|1|1|132|210|["132,210,2,2125","132,82,5","132,66,5"]|636148148507970000|13:54:10:797
62|1.1|636147905490596732|884208|50055.796875|8.60828482023|98.79685931777|-215292|-561317||50055.796875|105||10431.25|102.75|50055.796875|884208|BKP279|0|2568|-2068.75|||3|3|2|1|1|132|210|["132,210,2,2125","132,82,5","132,66,5"]|636148148557970000|13:54:15:797
62|1.1|636147905540511723|884208|50060.78125|8.60087120561|98.79366212941|-215650|-562137||50060.78125|104||10300|102|50060.78125|884208|BKP279|0|2568|-1831.25|||3|3|2|1|1|132|210|["132,210,2,2125","132,82,5","132,66,5"]|636148148607810000|13:54:20:781
62|1.1|636147905590436715|884208|50065.78125|8.59325374341|98.79096919559|-215953|-562979||50065.78125|103||10212.5|101|50065.78125|884208|BKP279|0|2568|-1518.75|||3|3|2|1|1|132|210|["132,210,2,2125","132,82,5","132,66,5"]|636148148657810000|13:54:25:781
62|1.1|636147905640361707|884208|50070.78125|8.58618345103|98.78746087145|-216345|-563760||50070.78125|102.25||10156.25|100.5|50070.78125|884208|BKP279|0|2568|-1100|||3|3|2|1|1|132|83|["132,210,2,2125","132,82,5","132,66,5"]|636148148707810000|13:54:30:781
62|1.1|636147905690286699|884208|50075.7578125|8.57918289598|98.78421003899|-216709|-564534||50075.7578125|102||10106.25|100|50075.7578125|884208|BKP279|0|2568|-887.5|||3|3|2|1|1|132|210|["132,210,2,2125","132,82,5","132,66,5"]|636148148757580000|13:54:35:758
62|1.1|636147905740201690|884208|50080.7578125|8.57156006937|98.78243978369|-216910|-565378||50080.7578125|101||10050|99.5|50080.7578125|884208|BKP279|0|2568|-843.75|||3|3|2|1|1|132|210|["132,210,2,2125","132,82,5","132,66,5"]|636148148807580000|13:54:40:758
62|1.1|636147905790126682|884208|50085.7421875|8.56538563346|98.77833064563|-217368|-566059||50085.7421875|100.25||10012.5|98.5|50085.7421875|884208|BKP279|0|2568|-806.25|||3|3|2|1|1|132|66|["132,210,2,2125","132,82,5","132,66,5"]|636148148857420000|13:54:45:742
62|1.1|636147905840051674|884208|50090.7421875|8.55893224823|98.77494570292|-217746|-566772||50090.7421875|99.75||9956.25|97.75|50090.7421875|884208|BKP279|0|2568|-750|||3|3|2|1|1|132|66|["132,210,2,2125","132,82,5","132,66,5"]|636148148907420000|13:54:50:742
62|1.1|636147905889976666|884208|50095.7421875|8.55490357632|98.76958129292|-218341|-567215||50095.7421875|99||9912.5|97.5|50095.7421875|884208|BKP279|0|2568|-612.5|||3|3|2|1|1|132|210|["132,210,2,2125","132,82,5","132,66,5"]|636148148957420000|13:54:55:742
62|1.1|636147905939891657|884208|50100.71875|8.54915829321|98.76628754518|-218709|-567849||50100.71875|98.25||9850|96.75|50100.71875|884208|BKP279|0|2568|-668.75|||3|3|2|1|1|132|83|["132,210,2,2125","132,82,5","132,66,5"]|636148149007190000|13:55:00:719
62|1.1|636147905989806648|884208|50105.71875|8.54271027239|98.76266120402|-219114|-568561||50105.71875|97.75||9775|96.25|50105.71875|884208|BKP279|0|2568|-731.25|||3|3|2|1|1|132|83|["132,210,2,2125","132,82,5","132,66,5"]|636148149057190000|13:55:05:719
62|1.1|636147906039731640|884208|50110.6953125|8.53678796375|98.75943719361|-219474|-569215||50110.6953125|97.25||9725|95.5|50110.6953125|884208|BKP279|0|2568|-768.75|||3|3|2|1|1|132|66|["132,210,2,2125","132,82,5","132,66,5"]|636148149106950000|13:55:10:695
62|1.1|636147906089656632|884208|50115.6953125|8.53035603616|98.75604152208|-219853|-569926||50115.6953125|96.5||9656.25|95|50115.6953125|884208|BKP279|0|2568|-750|||3|3|2|1|1|132|66|["132,210,2,2125","132,82,5","132,66,5"]|636148149156950000|13:55:15:695
62|1.1|636147906139581624|884208|50120.6953125|8.52403676118|98.75280678285|-220215|-570624||50120.6953125|96||9587.5|94.25|50120.6953125|884208|BKP279|0|2568|-750|||3|3|2|1|1|132|66|["132,210,2,2125","132,82,5","132,66,5"]|636148149206950000|13:55:20:695
62|1.1|636147906189496615|884208|50125.6796875|8.51881182584|98.7502586881|-220500|-571201||50125.6796875|95.5||9568.75|93.75|50125.6796875|884208|BKP279|0|2568|-706.25|||3|3|2|1|1|132|66|["132,210,2,2125","132,82,5","132,66,5"]|636148149256800000|13:55:25:680
62|1.1|636147906239421607|884208|50130.6796875|8.51197220309|98.74689520303|-220876|-571957||50130.6796875|94.75||9493.75|93.25|50130.6796875|884208|BKP279|0|2568|-668.75|||3|3|2|1|1|132|83|["132,210,2,2125","132,82,5","132,66,5"]|636148149306800000|13:55:30:680
62|1.1|636147906289346599|884208|50135.65625|8.50703158148|98.74459387114|-221134|-572503||50135.65625|94.25||9437.5|92.75|50135.65625|884208|BKP279|0|2568|-668.75|||3|3|2|1|1|132|83|["132,210,2,2125","132,82,5","132,66,5"]|636148149356560000|13:55:35:656
62|1.1|636147906339261590|884208|50140.65625|8.5007659506|98.74153615744|-221476|-573195||50140.65625|93.75||9368.75|92.25|50140.65625|884208|BKP279|0|2568|-650|||3|3|2|1|1|132|83|["132,210,2,2125","132,82,5","132,66,5"]|636148149406560000|13:55:40:656
62|1.1|636147906389196583|884208|50145.65625|8.49469343848|98.7384569861|-221821|-573866||50145.65625|93.5||9318.75|91.75|50145.65625|884208|BKP279|0|2568|-631.25|||3|3|2|1|1|132|66|["132,210,2,2125","132,82,5","132,66,5"]|636148149456560000|13:55:45:656
62|1.1|636147906439101573|884208|50150.640625|8.48883550276|98.7353992724|-222162|-574513||50150.640625|92.75||9268.75|91.25|50150.640625|884208|BKP279|0|2568|-631.25|||3|3|2|1|1|132|66|["132,82,5","132,66,5"]|636148149506410000|13:55:50:641
62|1.1|636147906489036566|884208|50155.640625|8.4834925504|98.73257222833|-222478|-575103||50155.640625|92||9243.75|90.5|50155.640625|884208|BKP279|0|2568|-668.75|||3|3|2|1|1|132|66|["132,82,5","132,66,5"]|636148149556410000|13:55:55:641
62|1.1|636147906538951557|884208|50160.6171875|8.47806376748|98.72984710805|-222783|-575703||50160.6171875|90.75||9118.75|89.25|50160.6171875|884208|BKP279|0|2568|-1043.75|||3|3|2|1|1|132|83|["132,82,5","132,66,5"]|636148149606170000|13:56:00:617
62|1.1|636147906588866548|884208|50165.6171875|8.47214682325|98.72680012317|-223124|-576357||50165.6171875|89.75||9037.5|88|50165.6171875|884208|BKP279|0|2568|-1262.5|||3|3|2|1|1|132|83|["132,82,5","132,66,5"]|636148149656170000|13:56:05:617
62|1.1|636147906638801541|884208|50170.6171875|8.4665410148|98.7239730791|-223440|-576976||50170.6171875|89||8900|87|50170.6171875|884208|BKP279|0|2568|-1318.75|||3|3|2|1|1|132|66|["132,82,5","132,66,5"]|636148149706170000|13:56:10:617
62|1.1|636147906688716532|884208|50175.6015625|8.46081718933|98.72089927217|-223784|-577608||50175.6015625|88.25||8806.25|86.25|50175.6015625|884208|BKP279|0|2568|-1200|||3|3|2|1|1|132|66|["132,82,5","132,66,5"]|636148149756020000|13:56:15:602
62|1.1|636147906738641524|884208|50180.6015625|8.45537767759|98.71837263506|-224067|-578209||50180.6015625|87.5||8712.5|85.5|50180.6015625|884208|BKP279|0|2568|-1081.25|||3|3|2|1|1|132|66|["132,210,2,2183","132,82,5","132,66,5"]|636148149806020000|13:56:20:602
62|1.1|636147906788556515|884208|50185.578125|8.44993816585|98.71560996391|-224376|-578811||50185.578125|86.75||8650|85|50185.578125|884208|BKP279|0|2568|-943.75|||3|3|2|1|1|132|66|["132,210,2,2183","132,82,5","132,66,5"]|636148149855780000|13:56:25:578
62|1.1|636147906838491508|884208|50190.578125|8.44501900188|98.71324962351|-224640|-579354||50190.578125|86||8600|84.25|50190.578125|884208|BKP279|0|2568|-887.5|||3|3|2|1|1|132|66|["132,210,2,2183","132,82,5","132,66,5"]|636148149905780000|13:56:30:578
62|1.1|636147906888396498|884208|50195.578125|8.43978333772|98.7106693423|-224929|-579932||50195.578125|85||8525|83.5|50195.578125|884208|BKP279|0|2568|-887.5|||3|3|2|1|1|132|83|["132,210,2,2183","132,82,5","132,66,5"]|636148149955780000|13:56:35:578
62|1.1|636147906938321490|884208|50200.5625|8.43454767356|98.70800323053|-225227|-580511||50200.5625|84.5||8450|82.75|50200.5625|884208|BKP279|0|2568|-887.5|||3|3|2|1|1|132|66|["132,210,2,2183","132,82,5","132,66,5"]|636148150005630000|13:56:40:563
62|1.1|636147906988246482|884208|50205.5625|8.42868437343|98.70494015242|-225570|-581158||50205.5625|83.75||8375|82|50205.5625|884208|BKP279|0|2568|-868.75|||3|3|2|1|1|132|66|["132,210,2,2184","132,82,5","132,66,5"]|636148150055630000|13:56:45:563
62|1.1|636147907038181475|884208|50210.5390625|8.42288008181|98.7020862863|-225890|-581800||50210.5390625|82.75||8262.5|81.25|50210.5390625|884208|BKP279|0|2568|-943.75|||3|3|2|1|1|132|66|["132,210,2,2184","132,82,5","132,66,5"]|636148150105390000|13:56:50:539
62|1.1|636147907088086465|884208|50215.5390625|8.41755322268|98.69921096254|-226211|-582388||50215.5390625|81.25||8168.75|80|50215.5390625|884208|BKP279|0|2568|-1143.75|||3|3|2|1|1|132|66|["132,210,2,2184","132,82,5","132,66,5"]|636148150155390000|13:56:55:539
62|1.1|636147907138011457|884208|50220.5390625|8.41190449895|98.6964000117|-226525|-583012||50220.5390625|79.75||8006.25|78.25|50220.5390625|884208|BKP279|0|2568|-1575|||3|3|2|1|1|132|83|["132,210,2,2184","132,82,5","132,66,5"]|636148150205390000|13:57:00:539
62|1.1|636147907187926448|884208|50225.515625|8.40625577522|98.69330474713|-226871|-583636||50225.515625|78.75||7881.25|77|50225.515625|884208|BKP279|0|2568|-1631.25|||3|3|2|1|1|132|66|["132,210,2,2184","132,82,5","132,66,5"]|636148150255160000|13:57:05:516
62|1.1|636147907237851440|884208|50230.515625|8.40047294124|98.69025239784|-227213|-584275||50230.515625|77.75||7756.25|75.75|50230.515625|884208|BKP279|0|2568|-1593.75|||3|3|2|1|1|132|66|["132,210,2,2184","132,82,5","132,66,5"]|636148150305160000|13:57:10:516
62|1.1|636147907287776432|884208|50235.5|8.39551086199|98.68784914216|-227482|-584823||50235.5|76.5||7656.25|74.75|50235.5|884208|BKP279|0|2568|-1475|||3|3|2|1|1|132|66|["132,210,2,2184","132,82,5","132,66,5"]|636148150355000000|13:57:15:500
62|1.1|636147907337701424|884208|50240.5|8.38977094329|98.68496845399|-227805|-585458||50240.5|75||7493.75|73.25|50240.5|884208|BKP279|0|2568|-1493.75|||3|3|2|1|1|132|66|["132,210,2,2184","132,82,5","132,66,5"]|636148150405000000|13:57:20:500
62|1.1|636147907387616415|884208|50245.5|8.38412221956|98.68211458787|-228124|-586082||50245.5|73.75||7356.25|71.75|50245.5|884208|BKP279|0|2568|-1556.25|||3|3|2|1|1|132|66|["132,82,5","132,66,5"]|636148150455000000|13:57:25:500
62|1.1|636147907437541407|884208|50250.4765625|8.3787256231|98.67981862039|-228382|-586678||50250.4765625|72||7212.5|70.5|50250.4765625|884208|BKP279|0|2568|-1612.5|||3|3|2|1|1|132|83|["132,82,5","132,66,5"]|636148150504770000|13:57:30:477
62|1.1|636147907487456398|884208|50255.4765625|8.37340412838|98.67726516123|-228668|-587266||50255.4765625|71||7093.75|69.25|50255.4765625|884208|BKP279|0|2568|-1537.5|||3|3|2|1|1|132|83|["132,82,5","132,66,5"]|636148150554770000|13:57:35:477
62|1.1|636147907537391391|884208|50260.4609375|8.36844204913|98.67477607499|-228946|-587814||50260.4609375|70||6981.25|68|50260.4609375|884208|BKP279|0|2568|-1493.75|||3|3|2|1|1|132|66|["132,82,5","132,66,5"]|636148150604610000|13:57:40:461
62|1.1|636147907587306382|884208|50265.4609375|8.36329221553|98.6720992344|-229246|-588383||50265.4609375|68.75||6868.75|67|50265.4609375|884208|BKP279|0|2568|-1475|||3|3|2|1|1|132|66|["132,82,5","132,66,5"]|636148150654610000|13:57:45:461
62|1.1|636147907637221373|884208|50270.4609375|8.35747719509|98.66924000387|-229566|-589026||50270.4609375|67.75||6743.75|65.75|50270.4609375|884208|BKP279|0|2568|-1437.5|||3|3|2|1|1|132|66|["132,82,5","132,66,5"]|636148150704610000|13:57:50:461
62|1.1|636147907687146365|884208|50275.4375|8.35183383577|98.66643978185|-229880|-589649||50275.4375|66.5||6643.75|65|50275.4375|884208|BKP279|0|2568|-1318.75|||3|3|2|1|1|132|83|["132,82,5","132,66,5"]|636148150754380000|13:57:55:438
62|1.1|636147907737071357|884208|50280.4375|8.34665181571|98.66372002598|-230184|-590222||50280.4375|65.5||6550|64|50280.4375|884208|BKP279|0|2568|-1281.25|||3|3|2|1|1|132|66|["132,82,5","132,66,5"]|636148150804380000|13:58:00:438
62|1.1|636147907787006350|884208|50285.421875|8.34159317708|98.66116656682|-230470|-590780||50285.421875|64.5||6456.25|63|50285.421875|884208|BKP279|0|2568|-1237.5|||3|3|2|1|1|132|66|["132,82,5","132,66,5"]|636148150854220000|13:58:05:422
62|1.1|636147907836911340|884208|50290.421875|8.33573524136|98.65817859045|-230804|-591428||50290.421875|63.5||6337.5|62|50290.421875|884208|BKP279|0|2568|-1218.75|||3|3|2|1|1|132|66|["132,82,5","132,66,5"]|636148150904220000|13:58:10:422
62|1.1|636147907886836332|884208|50295.421875|8.33003287353|98.65549102104|-231106|-592058||50295.421875|62.5||6231.25|60.75|50295.421875|884208|BKP279|0|2568|-1262.5|||3|3|2|1|1|132|66|["132,82,5","132,66,5"]|636148150954220000|13:58:15:422
62|1.1|636147907936751323|884208|50300.3984375|8.32445388713|98.65285173132|-231401|-592675||50300.3984375|61.25||6112.5|59.75|50300.3984375|884208|BKP279|0|2568|-1281.25|||3|3|2|1|1|132|66|["132,82,5","132,66,5"]|636148151003980000|13:58:20:398
62|1.1|636147907986676315|884208|50305.3984375|8.31962055372|98.65025535688|-231692|-593208||50305.3984375|60||6018.75|58.5|50305.3984375|884208|BKP279|0|2568|-1318.75|||3|3|2|1|1|132|66|["132,82,5","132,66,5"]|636148151053980000|13:58:25:398
62|1.1|636147908036611308|884208|50310.375|8.31461019478|98.64781991474|-231965|-593762||50310.375|58.75||5893.75|57.25|50310.375|884208|BKP279|0|2568|-1400|||3|3|2|1|1|132|83|["132,82,5","132,66,5"]|636148151103750000|13:58:30:375
62|1.1|636147908086526299|884208|50315.375|8.30913849658|98.64489631129|-232292|-594366||50315.375|57.25||5743.75|55.75|50315.375|884208|BKP279|0|2568|-1475|||3|3|2|1|1|132|66|["132,82,5","132,66,5"]|636148151153750000|13:58:35:375
62|1.1|636147908136441290|884208|50320.375|8.3037848154|98.64225702157|-232587|-594958||50320.375|56||5581.25|54.25|50320.375|884208|BKP279|0|2568|-1631.25|||3|3|2|1|1|132|66|["132,82,5","132,66,5"]|636148151203750000|13:58:40:375
62|1.1|636147908186366282|884208|50325.359375|8.29843113422|98.63953190129|-232892|-595550||50325.359375|54.75||5443.75|52.75|50325.359375|884208|BKP279|0|2568|-1693.75|||3|3|2|1|1|132|66|["132,82,5","132,66,5"]|636148151253590000|13:58:45:359
62|1.1|636147908236281273|884208|50330.359375|8.29315791919|98.63688188275|-233189|-596132||50330.359375|53.5||5318.75|51.75|50330.359375|884208|BKP279|0|2568|-1631.25|||3|3|2|1|1|132|66|["132,82,5","132,66,5"]|636148151303590000|13:58:50:359
62|1.1|636147908286206265|884208|50335.3359375|8.28831385696|98.63430696595|-233477|-596667||50335.3359375|52.25||5231.25|50.75|50335.3359375|884208|BKP279|0|2568|-1475|||3|3|2|1|1|132|83|["132,82,5","132,66,5"]|636148151353360000|13:58:55:336
62|1.1|636147908336131257|884208|50340.3359375|8.28348588796|98.6319198035|-233745|-597201||50340.3359375|51.25||5131.25|49.75|50340.3359375|884208|BKP279|0|2568|-1375|||3|3|2|1|1|132|66|["132,82,5","132,66,5"]|636148151403360000|13:59:00:336
62|1.1|636147908386056249|884208|50345.3359375|8.27859891045|98.62946290372|-234020|-597740||50345.3359375|50||5025|48.5|50345.3359375|884208|BKP279|0|2568|-1337.5|||3|3|2|1|1|132|66|["132,82,5","132,66,5"]|636148151453360000|13:59:05:336
62|1.1|636147908435971240|884208|50350.3203125|8.27303601728|98.62665195288|-234335|-598355||50350.3203125|49.25||4912.5|47.5|50350.3203125|884208|BKP279|0|2568|-1281.25|||3|3|2|1|1|132|66|["132,82,5","132,66,5"]|636148151503200000|13:59:10:320
62|1.1|636147908485886231|884208|50355.3203125|8.26767697169|98.62387855291|-234645|-598947||50355.3203125|48.75||4831.25|46.75|50355.3203125|884208|BKP279|0|2568|-1162.5|||3|3|2|1|1|132|66|["132,82,5","132,66,5"]|636148151553200000|13:59:15:320
62|1.1|636147908535661208|884208|50360.296875|8.26282754505|98.62138946667|-234924|-599483||50360.296875|48.25||4806.25|46.75|50360.296875|884208|BKP279|0|2568|-906.25|||3|3|2|1|1|132|66|["132,82,5","132,66,5"]|636148151602970000|13:59:20:297
62|1.1|636147908585736215|884208|50365.296875|8.2575972453|98.61868580403|-235227|-600061||50365.296875|47.75||4737.5|46|50365.296875|884208|BKP279|0|2568|-843.75|||3|3|2|1|1|132|82|["132,82,5","132,66,5"]|636148151652970000|13:59:25:297
62|1.1|636147908635661207|884208|50370.296875|8.25291947978|98.61644884506|-235478|-600578||50370.296875|47||4712.5|45.5|50370.296875|884208|BKP279|0|2568|-706.25|||3|3|2|1|1|132|83|["132,82,5","132,66,5"]|636148151702970000|13:59:30:297
62|1.1|636147908685576198|884208|50375.28125|8.24830072277|98.61412605553|-235738|-601088||50375.28125|46.75||4668.75|45|50375.28125|884208|BKP279|0|2568|-668.75|||3|3|2|1|1|132|82|["132,82,5","132,66,5"]|636148151752810000|13:59:35:281
62|1.1|636147908735351175|884208|50380.28125|8.24392872862|98.61193737625|-235983|-601571||50380.28125|46||4631.25|44.5|50380.28125|884208|BKP279|0|2568|-612.5|||3|3|2|1|1|132|82|["132,82,5","132,66,5"]|636148151802810000|13:59:40:281
62|1.1|636147908785276167|884208|50385.2578125|8.23920268341|98.60950193411|-236256|-602093||50385.2578125|45.5||4581.25|44|50385.2578125|884208|BKP279|0|2568|-612.5|||3|3|2|1|1|132|82|["132,82,5","132,66,5"]|636148151852580000|13:59:45:258
62|1.1|636147908835191158|884208|50390.2578125|8.23414404478|98.60691628849|-236545|-602652||50390.2578125|45||4512.5|43.5|50390.2578125|884208|BKP279|0|2568|-650|||3|3|2|1|1|132|82|["132,82,5","132,66,5"]|636148151902580000|13:59:50:258
62|1.1|636147908885116150|884208|50395.2578125|8.22962721156|98.60458813455|-236806|-603151||50395.2578125|44.5||4462.5|42.75|50395.2578125|884208|BKP279|0|2568|-650|||3|3|2|1|1|132|82|["132,82,5","132,66,5"]|636148151952580000|13:59:55:258
62|1.1|636147908935031141|884208|50400.2421875|8.22469731877|98.60209904831|-237085|-603696||50400.2421875|44||4393.75|42.25|50400.2421875|884208|BKP279|0|2568|-650|||3|3|2|1|1|132|82|["132,82,5","132,66,5"]|636148152002420000|14:00:00:242
62|1.1|636147908984956133|884208|50405.2421875|8.22035214667|98.60009812338|-237310|-604176||50405.2421875|43.5||4356.25|42|50405.2421875|884208|BKP279|0|2568|-587.5|||3|3|2|1|1|132|83|["132,82,5","132,66,5"]|636148152052420000|14:00:05:242
62|1.1|636147909034881125|884208|50410.21875|8.21631811035|98.59804891876|-237539|-604622||50410.21875|42.75||4312.5|41.5|50410.21875|884208|BKP279|0|2568|-568.75|||3|3|2|1|1|132|82|["132,82,5","132,66,5"]|636148152102190000|14:00:10:219
62|1.1|636147909084806117|884208|50415.21875|8.21159206514|98.59553301047|-237821|-605144||50415.21875|42.25||4250|40.75|50415.21875|884208|BKP279|0|2568|-631.25|||3|3|2|1|1|132|82|["132,82,5","132,66,5"]|636148152152190000|14:00:15:219
62|1.1|636147909134721108|884208|50420.21875|8.20741855416|98.59347844144|-238051|-605605||50420.21875|42||4206.25|40.25|50420.21875|884208|BKP279|0|2568|-631.25|||3|3|2|1|1|132|82|["132,82,5","132,66,5"]|636148152202190000|14:00:20:219
62|1.1|636147909184646100|884208|50425.1953125|8.20316994144|98.59118783837|-238307|-606074||50425.1953125|41.25||4156.25|39.75|50425.1953125|884208|BKP279|0|2568|-587.5|||3|3|2|1|1|132|82|["132,82,5","132,66,5"]|636148152251950000|14:00:25:195
62|1.1|636147909234571092|884208|50430.1953125|8.19868529468|98.58882749797|-238572|-606569||50430.1953125|40.75||4087.5|39.25|50430.1953125|884208|BKP279|0|2568|-587.5|||3|3|2|1|1|132|82|["132,82,5","132,66,5"]|636148152301950000|14:00:30:195
62|1.1|636147909284496084|884208|50435.1796875|8.1946190719|98.58693386124|-238784|-607019||50435.1796875|40.25||4043.75|38.75|50435.1796875|884208|BKP279|0|2568|-531.25|||3|3|2|1|1|132|83|["132,82,5","132,66,5"]|636148152351800000|14:00:35:180
62|1.1|636147909334411075|884208|50440.1796875|8.19074596788|98.5850348601|-238997|-607447||50440.1796875|40||4000|38.5|50440.1796875|884208|BKP279|0|2568|-531.25|||3|3|2|1|1|132|82|["132,82,5","132,66,5"]|636148152401800000|14:00:40:180
62|1.1|636147909384326066|884208|50445.1796875|8.18643298224|98.58293737579|-239232|-607923||50445.1796875|39.5||3937.5|37.75|50445.1796875|884208|BKP279|0|2568|-568.75|||3|3|2|1|1|132|82|["132,82,5","132,66,5"]|636148152451800000|14:00:45:180
62|1.1|636147909434261059|884208|50450.15625|8.18258670027|98.5809042644|-239460|-608348||50450.15625|39||3900|37.25|50450.15625|884208|BKP279|0|2568|-568.75|||3|3|2|1|1|132|83|["132,82,5","132,66,5"]|636148152501560000|14:00:50:156
62|1.1|636147909484186051|884208|50455.15625|8.17837563842|98.57884433096|-239691|-608814||50455.15625|38.5||3837.5|36.75|50455.15625|884208|BKP279|0|2568|-612.5|||3|3|2|1|1|132|83|["132,82,5","132,66,5"]|636148152551560000|14:00:55:156
62|1.1|636147909534091041|884208|50460.140625|8.17457763614|98.57681658398|-239918|-609233||50460.140625|37.75||3775|36|50460.140625|884208|BKP279|0|2568|-687.5|||3|3|2|1|1|132|83|["132,82,5","132,66,5"]|636148152601410000|14:01:00:141
62|1.1|636147909584026034|884208|50465.140625|8.17045240485|98.57466009116|-240160|-609689||50465.140625|37||3712.5|35.5|50465.140625|884208|BKP279|0|2568|-750|||3|3|2|1|1|132|83|["132,82,5","132,66,5"]|636148152651410000|14:01:05:141
62|1.1|636147909633941025|884208|50470.140625|8.16638618207|98.57268598828|-240381|-610138||50470.140625|35.75||3600|34.25|50470.140625|884208|BKP279|0|2568|-868.75|||3|3|2|1|1|132|83|["132,82,5","132,66,5"]|636148152701410000|14:01:10:141
62|1.1|636147909683866017|884208|50475.1171875|8.16287785793|98.57096401267|-240574|-610526||50475.1171875|35.25||3525|33.5|50475.1171875|884208|BKP279|0|2568|-887.5|||3|3|2|1|1|132|83|["132,82,5","132,66,5"]|636148152751170000|14:01:15:117
62|1.1|636147909733781008|884208|50480.1171875|8.15906376242|98.56898454538|-240796|-610947||50480.1171875|34.5||3456.25|33|50480.1171875|884208|BKP279|0|2568|-887.5|||3|3|2|1|1|132|83|["132,82,5","132,66,5"]|636148152801170000|14:01:20:117
62|1.1|636147909783726002|884208|50485.1015625|8.15487952262|98.56694606958|-241024|-611410||50485.1015625|34||3400|32.5|50485.1015625|884208|BKP279|0|2568|-787.5|||3|3|2|1|1|132|83|["132,66,5"]|636148152851020000|14:01:25:102
62|1.1|636147909833630992|884208|50490.1015625|8.15151603755|98.56535820422|-241203|-611781||50490.1015625|33.5||3356.25|32|50490.1015625|884208|BKP279|0|2568|-706.25|||3|3|2|1|1|132|83|["132,66,5"]|636148152901020000|14:01:30:102
62|1.1|636147909883545983|884208|50495.1015625|8.14793261167|98.56364159302|-241395|-612177||50495.1015625|33.25||3312.5|31.5|50495.1015625|884208|BKP279|0|2568|-631.25|||3|3|2|1|1|132|83|["132,66,5"]|636148152951020000|14:01:35:102
62|1.1|636147909933480976|884208|50500.078125|8.14410778734|98.5617533207|-241607|-612600||50500.078125|33||3268.75|31.25|50500.078125|884208|BKP279|0|2568|-587.5|||3|3|2|1|1|132|66|["132,66,5"]|636148153000780000|14:01:40:078
62|1.1|636147909983385966|884208|50505.078125|8.14025614096|98.55936079384|-241874|-613025||50505.078125|32.5||3218.75|30.75|50505.078125|884208|BKP279|0|2568|-568.75|||3|3|2|1|1|132|66|["132,66,5"]|636148153050780000|14:01:45:078
62|1.1|636147910033310958|884208|50510.0625|8.13637767253|98.55726330953|-242109|-613454||50510.0625|31.75||3143.75|30|50510.0625|884208|BKP279|0|2568|-631.25|||3|3|2|1|1|132|66|["132,66,5"]|636148153100630000|14:01:50:063
62|1.1|636147910083235950|884208|50515.0625|8.13417826443|98.5526338237|-242623|-613694||50515.0625|31.25||3056.25|29.75|50515.0625|884208|BKP279|0|2568|0|||3|3|0|1|1|132|66|["132,66,5"]|636148153150630000|14:01:55:063
62|1.1|636147910133150941|884208|50520.0625|8.13143705092|98.54971558466|-242947|-613995||50520.0625|31||3050|29.5|50520.0625|884208|BKP279|0|2568|0|||3|3|0|1|1|132|66|["132,66,5"]|636148153200630000|14:02:00:063
62|1.1|636147910183075933|884208|50525.0390625|8.13051973681|98.54522020908|-243445|-614093||50525.0390625|31||3043.75|29.5|50525.0390625|884208|BKP279|0|2568|0|||3|3|0|1|1|132|66|["132,66,5"]|636148153250390000|14:02:05:039
62|1.1|636147910233020927|884208|50530.0390625|8.12973653295|98.54126663891|-243882|-614177||50530.0390625|30.75||3031.25|29.25|50530.0390625|884208|BKP279|0|2568|0|||3|3|0|1|1|132|66|["132,66,5"]|636148153300390000|14:02:10:039
62|1.1|636147910282925917|884208|50535.015625|8.12951122773|98.53724333141|-244327|-614199||50535.015625|30.75||3037.5|29|50535.015625|884208|BKP279|0|2568|0|||3|3|0|1|1|132|66|["132,66,5"]|636148153350160000|14:02:15:016
62|1.1|636147910332840908|884208|50540.015625|8.1297097109|98.53329512565|-244763|-614174||50540.015625|30.75||3037.5|29|50540.015625|884208|BKP279|0|2568|0|||3|3|0|1|1|132|66|["132,66,5"]|636148153400160000|14:02:20:016
62|1.1|636147910382785902|884208|50545.015625|8.12931274456|98.529191352|-245217|-614214||50545.015625|30.75||3056.25|29|50545.015625|884208|BKP279|0|2568|0|||3|3|0|1|1|132|66|["132,66,5"]|636148153450160000|14:02:25:016
62|1.1|636147910432680891|884208|50550|8.12923227841|98.52518413773|-245660|-614220||50550|30.75||3056.25|29|50550|884208|BKP279|0|2568|0|||3|3|0|1|1|132|66|["132,66,5"]|636148153500000000|14:02:30:000
62|1.1|636147910482615884|884208|50555|8.12866901536|98.52099453352|-246123|-614279||50555|30.75||3068.75|29|50555|884208|BKP279|0|2568|0|||3|3|0|1|1|132|66|["132,66,5"]|636148153550000000|14:02:35:000
62|1.1|636147910532570879|884208|50559.9765625|8.1283686084|98.51699804807|-246565|-614309||50559.9765625|30.75||3068.75|29|50559.9765625|884208|BKP279|0|2568|0|||3|3|0|1|1|132|66|["132,66,5"]|636148153599770000|14:02:39:977
62|1.1|636147910582445866|884208|50564.9765625|8.12786435386|98.51303911349|-247003|-614362||50564.9765625|30.75||3068.75|29|50564.9765625|884208|BKP279|0|2568|0|||3|3|0|1|1|132|66|["132,66,5"]|636148153649770000|14:02:44:977
62|1.1|636147910632380859|884208|50569.9765625|8.1275103028|98.50894606866|-247456|-614398||50569.9765625|30.75||3068.75|29|50569.9765625|884208|BKP279|0|2568|0|||3|3|0|1|1|132|66|["132,66,5"]|636148153699770000|14:02:49:977
62|1.1|636147910682295850|884208|50574.9609375|8.12704359913|98.50499249849|-247893|-614446||50574.9609375|30.75||3068.75|29|50574.9609375|884208|BKP279|0|2568|0|||3|3|0|1|1|132|66|["132,66,5"]|636148153749610000|14:02:54:961
62|1.1|636147910732210841|884208|50579.9609375|8.12677001422|98.50086190279|-248350|-614473||50579.9609375|30.75||3068.75|29|50579.9609375|884208|BKP279|0|2568|0|||3|3|0|1|1|132|66|["132,66,5"]|636148153799610000|14:02:59:961
62|1.1|636147910782135833|884208|50584.9375|8.12639450552|98.49687078175|-248791|-614511||50584.9375|30.75||3068.75|29|50584.9375|884208|BKP279|0|2568|0|||3|3|0|1|1|132|66|["132,66,5"]|636148153849380000|14:03:04:938
62|1.1|636147910832060825|884208|50589.9375|8.12615310707|98.49277773692|-249243|-614535||50589.9375|30.75||3068.75|29|50589.9375|884208|BKP279|0|2568|0|||3|3|0|1|1|132|66|["132,66,5"]|636148153899380000|14:03:09:938
62|1.1|636147910881975816|884208|50594.9375|8.1257936916|98.48877588706|-249686|-614571||50594.9375|30.75||3068.75|29|50594.9375|884208|BKP279|0|2568|0|||3|3|0|1|1|132|66|["132,66,5"]|636148153949380000|14:03:14:938
62|1.1|636147910931900808|884208|50599.921875|8.12556302197|98.48468820664|-250138|-614594||50599.921875|30.75||3075|29|50599.921875|884208|BKP279|0|2568|0|||3|3|0|1|1|132|66|["132,66,5"]|636148153999220000|14:03:19:922
62|1.1|636147910981825800|884208|50604.921875|8.12527870824|98.48069172119|-250580|-614622||50604.921875|30.75||3075|29|50604.921875|884208|BKP279|0|2568|0|||3|3|0|1|1|132|66|["132,66,5"]|636148154049220000|14:03:24:922
62|1.1|636147911031740791|884208|50609.8984375|8.12501048774|98.47666841369|-251025|-614648||50609.8984375|31.25||3125|29.5|50609.8984375|884208|BKP279|0|2568|0|||3|3|0|1|1|132|66|["132,66,5"]|636148154098980000|14:03:29:898
62|1.1|636147911081665783|884208|50614.8984375|8.12473153842|98.47272557234|-251461|-614676||50614.8984375|31||3106.25|29.75|50614.8984375|884208|BKP279|0|2568|0|||3|3|0|1|1|132|66|["132,66,5"]|636148154148980000|14:03:34:898
62|1.1|636147911131590775|884208|50619.8984375|8.12443113146|98.46879345981|-251896|-614706||50619.8984375|30.25||3012.5|28.5|50619.8984375|884208|BKP279|0|2568|0|||3|3|0|1|1|132|66|["132,66,5"]|636148154198980000|14:03:39:898
62|1.1|636147911181515767|884208|50624.875|8.12413608891|98.46495790666|-252319|-614736||50624.875|29.75||2931.25|28|50624.875|884208|BKP279|0|2568|-475|||3|3|2|1|1|132|66|["132,66,5"]|636148154248750000|14:03:44:875
62|1.1|636147911231450760|884208|50629.875|8.12383568195|98.46117599761|-252738|-614766||50629.875|29||2843.75|27.25|50629.875|884208|BKP279|0|2568|-612.5|||3|3|2|1|1|132|66|["132,66,5"]|636148154298750000|14:03:49:875
62|1.1|636147911281365751|884208|50634.859375|8.1235942835|98.45739408856|-253156|-614789||50634.859375|28.25||2768.75|26.5|50634.859375|884208|BKP279|0|2568|-731.25|||3|3|2|1|1|132|66|["132,66,5"]|636148154348590000|14:03:54:859
62|1.1|636147911331280742|884208|50639.859375|8.12330996977|98.45368191684|-253566|-614818||50639.859375|27.25||2656.25|25.5|50639.859375|884208|BKP279|0|2568|-887.5|||3|3|2|1|1|132|66|["132,66,5"]|636148154398590000|14:03:59:859
62|1.1|636147911381195733|884208|50644.859375|8.12310612219|98.4499590163|-253978|-614837||50644.859375|26.5||2581.25|24.5|50644.859375|884208|BKP279|0|2568|-943.75|||3|3|2|1|1|132|66|["132,66,5"]|636148154448590000|14:04:04:859
62|1.1|636147911431120725|884208|50649.8359375|8.12288081697|98.44635949719|-254376|-614859||50649.8359375|25.75||2506.25|24.25|50649.8359375|884208|BKP279|0|2568|0|||3|3|0|1|1|132|66|["132,66,5"]|636148154498360000|14:04:09:836
62|1.1|636147911481065719|884208|50654.8359375|8.12266624057|98.4427170628|-254779|-614880||50654.8359375|25||2443.75|23.75|50654.8359375|884208|BKP279|0|2568|0|||3|3|0|1|1|132|66|["132,66,5"]|636148154548360000|14:04:14:836
62|1.1|636147911530960708|884208|50659.8203125|8.1224141133|98.43922483189|-255165|-614905||50659.8203125|24.25||2362.5|22.75|50659.8203125|884208|BKP279|0|2568|0|||3|3|0|1|1|132|66|["132,66,5"]|636148154598200000|14:04:19:820
62|1.1|636147911580885700|884208|50664.8203125|8.12221563013|98.43567895688|-255557|-614924||50664.8203125|23.5||2293.75|22.25|50664.8203125|884208|BKP279|0|2568|0|||3|3|0|1|1|132|66|["132,66,5"]|636148154648200000|14:04:24:820
62|1.1|636147911630810692|884208|50669.8203125|8.12199032491|98.43232083622|-255928|-614946||50669.8203125|22.75||2218.75|21|50669.8203125|884208|BKP279|0|2568|-612.5|||3|3|2|1|1|132|66|["132,66,5"]|636148154698200000|14:04:29:820
62|1.1|636147911680735684|884208|50674.796875|8.12174356205|98.42887152059|-256310|-614970||50674.796875|22||2143.75|20.25|50674.796875|884208|BKP279|0|2568|-768.75|||3|3|2|1|1|132|66|["132,66,5"]|636148154747970000|14:04:34:797
62|1.1|636147911730650675|884208|50679.796875|8.12151289242|98.42560995931|-256670|-614993||50679.796875|21.5||2100|19.5|50679.796875|884208|BKP279|0|2568|-787.5|||3|3|2|1|1|132|66|["132,66,5"]|636148154797970000|14:04:39:797
62|1.1|636147911780575667|884208|50684.78125|8.12130904484|98.42220355896|-257047|-615013||50684.78125|20.75||2031.25|18.75|50684.78125|884208|BKP279|0|2568|-787.5|||3|3|2|1|1|132|66|["132,66,5"]|636148154847810000|14:04:44:781
62|1.1|636147911830490658|884208|50689.78125|8.12111056167|98.41896345532|-257405|-615032||50689.78125|20.25||1981.25|18.25|50689.78125|884208|BKP279|0|2568|-768.75|||3|3|2|1|1|132|66|["132,66,5"]|636148154897810000|14:04:49:781
62|1.1|636147911880415650|884208|50694.78125|8.12089598527|98.41582527547|-257752|-615053||50694.78125|19.5||1912.5|17.75|50694.78125|884208|BKP279|0|2568|-768.75|||3|3|2|1|1|132|66|["132,66,5"]|636148154947810000|14:04:54:781
62|1.1|636147911930330641|884208|50699.7578125|8.12071895974|98.41253689214|-258115|-615070||50699.7578125|18.75||1831.25|17|50699.7578125|884208|BKP279|0|2568|-787.5|||3|3|2|1|1|132|66|["132,66,5"]|636148154997580000|14:04:59:758
62|1.1|636147911980255633|884208|50704.7578125|8.12056339185|98.40945235639|-258457|-615085||50704.7578125|18.25||1781.25|16.25|50704.7578125|884208|BKP279|0|2568|-768.75|||3|3|2|1|1|132|66|["132,66,5"]|636148155047580000|14:05:04:758
62|1.1|636147912030180625|884208|50709.7421875|8.12036490868|98.40630881213|-258804|-615104||50709.7421875|17.75||1743.75|15.75|50709.7421875|884208|BKP279|0|2568|-731.25|||3|3|2|1|1|132|66|["132,66,5"]|636148155097420000|14:05:09:742
62|1.1|636147912080115618|884208|50714.7421875|8.1201610611|98.4032886493|-259138|-615124||50714.7421875|17.25||1693.75|15.5|50714.7421875|884208|BKP279|0|2568|-687.5|||3|3|2|1|1|132|66|["132,66,5"]|636148155147420000|14:05:14:742
62|1.1|636147912130020608|884208|50719.7421875|8.11995721352|98.40017192709|-259483|-615144||50719.7421875|16.75||1650|15|50719.7421875|884208|BKP279|0|2568|-650|||3|3|2|1|1|132|66|["132,66,5"]|636148155197420000|14:05:19:742
62|1.1|636147912179945600|884208|50724.71875|8.11979091681|98.39717858631|-259814|-615160||50724.71875|16.25||1593.75|14.5|50724.71875|884208|BKP279|0|2568|-612.5|||3|3|2|1|1|132|66|["132,66,5"]|636148155247190000|14:05:24:719
62|1.1|636147912229860591|884208|50729.71875|8.11960316246|98.39400822|-260164|-615178||50729.71875|15.5||1512.5|13.75|50729.71875|884208|BKP279|0|2568|-650|||3|3|2|1|1|132|66|["132,66,5"]|636148155297190000|14:05:29:719
62|1.1|636147912279785583|884208|50734.6953125|8.11938858606|98.39096123512|-260501|-615199||50734.6953125|14.75||1437.5|13|50734.6953125|884208|BKP279|0|2568|-731.25|||3|3|2|1|1|132|66|["132,66,5"]|636148155346950000|14:05:34:695
62|1.1|636147912329710575|884208|50739.6953125|8.11920619612|98.38780159763|-260851|-615217||50739.6953125|14||1356.25|12.25|50739.6953125|884208|BKP279|0|2568|-787.5|||3|3|2|1|1|132|66|["132,66,5"]|636148155396950000|14:05:39:695
62|1.1|636147912379635567|884208|50744.6953125|8.11902917059|98.38475997716|-261187|-615234||50744.6953125|13.25||1287.5|11.5|50744.6953125|884208|BKP279|0|2568|-843.75|||3|3|2|1|1|132|66|["132,66,5"]|636148155446950000|14:05:44:695
62|1.1|636147912429560559|884208|50749.6796875|8.11884678065|98.3816164329|-261534|-615251||50749.6796875|12.75||1243.75|10.75|50749.6796875|884208|BKP279|0|2568|-825|||3|3|2|1|1|132|66|["132,66,5"]|636148155496800000|14:05:49:680
62|1.1|636147912479475550|884208|50754.6796875|8.11866975512|98.37860163448|-261868|-615268||50754.6796875|12.25||1200|10.25|50754.6796875|884208|BKP279|0|2568|-768.75|||3|3|2|1|1|132|66|["132,66,5"]|636148155546800000|14:05:54:680
62|1.1|636147912529410543|884208|50759.65625|8.11848736518|98.37559220047|-262200|-615286||50759.65625|11.75||1150|10|50759.65625|884208|BKP279|0|2568|-687.5|||3|3|2|1|1|132|66|["132,66,5"]|636148155596560000|14:05:59:656
62|1.1|636147912579315533|884208|50764.65625|8.11828888201|98.37245938503|-262547|-615305||50764.65625|11.25||1100|9.5|50764.65625|884208|BKP279|0|2568|-650|||3|3|2|1|1|132|66|["132,66,5"]|636148155646560000|14:06:04:656
62|1.1|636147912629240525|884208|50769.65625|8.11810649207|98.36941776456|-262883|-615323||50769.65625|10.5||1018.75|8.75|50769.65625|884208|BKP279|0|2568|-668.75|||3|3|2|1|1|132|66|["132,66,5"]|636148155696560000|14:06:09:656
62|1.1|636147912679165517|884208|50774.640625|8.1179080089|98.36631177117|-263227|-615342||50774.640625|9.75||943.75|8|50774.640625|884208|BKP279|0|2568|-731.25|||3|3|2|1|1|132|66|["132,66,5"]|636148155746410000|14:06:14:641
62|1.1|636147912729090509|884208|50779.640625|8.11772025455|98.36326478629|-263563|-615360||50779.640625|9.25||900|7.5|50779.640625|884208|BKP279|0|2568|-750|||3|3|2|1|1|132|66|["132,66,5"]|636148155796410000|14:06:19:641
62|1.1|636147912779005500|884208|50784.6171875|8.11752177138|98.36019097936|-263903|-615379||50784.6171875|8.5||825|6.75|50784.6171875|884208|BKP279|0|2568|-768.75|||3|3|2|1|1|132|66|["132,66,5"]|636148155846170000|14:06:24:617
62|1.1|636147912828930492|884208|50789.6171875|8.11733938144|98.35717081653|-264237|-615397||50789.6171875|8||781.25|6.25|50789.6171875|884208|BKP279|0|2568|-750|||3|3|2|1|1|132|66|["132,66,5"]|636148155896170000|14:06:29:617
62|1.1|636147912878855484|884208|50794.6171875|8.1171569915|98.35410773842|-264576|-615415||50794.6171875|7.25||700|5.5|50794.6171875|884208|BKP279|0|2568|-768.75|||3|3|2|1|1|132|66|["132,66,5"]|636148155946170000|14:06:34:617
62|1.1|636147912928770475|884208|50799.6015625|8.11695850833|98.35111439764|-264907|-615434||50799.6015625|6.75||656.25|5|50799.6015625|884208|BKP279|0|2568|-750|||3|3|2|1|1|132|66|["132,66,5"]|636148155996020000|14:06:39:602
62|1.1|636147912978695467|884208|50804.6015625|8.11676002516|98.34807814158|-265243|-615453||50804.6015625|6.25||612.5|4.5|50804.6015625|884208|BKP279|0|2568|-706.25|||3|3|2|1|1|132|66|["132,66,5"]|636148156046020000|14:06:44:602
62|1.1|636147913028610458|884208|50809.578125|8.11656154199|98.34509552962|-265572|-615473||50809.578125|5.75||562.5|4|50809.578125|884208|BKP279|0|2568|-650|||3|3|2|1|1|132|66|["132,66,5"]|636148156095780000|14:06:49:578
62|1.1|636147913078555452|884208|50814.578125|8.11633623677|98.3420807312|-265906|-615495||50814.578125|5||481.25|3.5|50814.578125|884208|BKP279|0|2568|-668.75|||3|3|2|1|1|132|66|["132,66,5"]|636148156145780000|14:06:54:578
62|1.1|636147913128460442|884208|50819.578125|8.11612166037|98.33908739042|-266237|-615516||50819.578125|4.5||443.75|2.75|50819.578125|884208|BKP279|0|2568|-668.75|||3|3|2|1|1|132|66|["132,66,5"]|636148156195780000|14:06:59:578
62|1.1|636147913178375433|884208|50824.5625|8.11589635515|98.33612087169|-266565|-615538||50824.5625|4||393.75|2.25|50824.5625|884208|BKP279|0|2568|-668.75|||3|3|2|1|1|132|66|["132,66,5"]|636148156245630000|14:07:04:563
62|1.1|636147913228310426|884208|50829.5625|8.11564422788|98.33313289532|-266896|-615564||50829.5625|3.25||318.75|1.75|50829.5625|884208|BKP279|0|2568|-687.5|||3|3|2|1|1|132|66|["132,66,5"]|636148156295630000|14:07:09:563
62|1.1|636147913278225417|884208|50834.5390625|8.1153867362|98.33015564777|-267225|-615590||50834.5390625|2.75||275|1.25|50834.5390625|884208|BKP279|0|2568|-687.5|||3|3|2|1|1|132|66|["132,66,5"]|636148156345390000|14:07:14:539
62|1.1|636147913328150409|884208|50839.5390625|8.11510778688|98.32713548494|-267559|-615618||50839.5390625|2||200|0.5|50839.5390625|884208|BKP279|0|2568|-706.25|||3|3|2|1|1|132|66|["132,66,5"]|636148156395390000|14:07:19:539
62|1.1|636147913378065400|884208|50844.5390625|8.11483956638|98.32411532211|-267893|-615645||50844.5390625|1.5||150|0|50844.5390625|884208|BKP279|0|2568|-706.25|||3|3|2|1|1|132|66|["132,66,5"]|636148156445390000|14:07:24:539
62|1.1|636147913427980391|884208|50849.515625|8.11464108321|98.32108443046|-268228|-615664||50849.515625|1.5||106.25|8191.25|50849.515625|884208|BKP279|0|2568|-706.25|||3|3|2|1|1|132|66|["132,66,5"]|636148156495160000|14:07:29:516
62|1.1|636147913477915384|884208|50854.515625|8.11443723563|98.31805890322|-268563|-615684||50854.515625|1.5||62.5|8190.75|50854.515625|884208|BKP279|0|2568|-706.25|||3|3|2|1|1|132|66|["132,66,5"]|636148156545160000|14:07:34:516
62|1.1|636147913527830375|884208|50859.5|8.11424411687|98.31503337598|-268897|-615703||50859.5|1.5||12.5|8190|50859.5|884208|BKP279|0|2568|-706.25|||3|3|2|1|1|132|66|[]|636148156595000000|14:07:39:500
62|1.1|636147913577755367|884208|50864.5|8.1140456337|98.31199711992|-269233|-615722||50864.5|1.5||0|8189.5|50864.5|884208|BKP279|0|2568|-706.25|||3|3|2|1|1|132|66|[]|636148156645000000|14:07:44:500
62|1.1|636147913627670358|X|50869.5||||||||||||X|X|X|2568|||||||1|1|0|0|[]|636148156695000000|14:07:49:500
