62|1.1|636147897456473400|884342|49252.3984375|11.33638771219|100.38392001627|-39842|-259919||49252.3984375|180||18000|177.75|49252.3984375|884342|BKP184|0|1782|0|||3|3|0|1|1|132|18|["132,18,5,3735","132,210,2,2121","132,82,5"]|636148140523980000|13:40:52:398
62|1.1|636147897506408393|884342|49257.375|11.34239585139|100.38421505882|-39809|-259255||49257.375|180.25||18000|178|49257.375|884342|BKP184|0|1782|0|||3|3|0|1|1|132|18|["132,18,5,3735","132,210,2,2121","132,82,5"]|636148140573750000|13:40:57:375
62|1.1|636147897556323384|884342|49262.375|11.348945796|100.38451546578|-39775|-258530||49262.375|180.25||18025|178|49262.375|884342|BKP184|0|1782|0|||3|3|0|1|1|132|83|["132,18,5,3735","132,210,2,2121","132,82,5"]|636148140623750000|13:41:02:375
62|1.1|636147897606238375|884342|49267.375|11.35529725744|100.3848480592|-39738|-257827||49267.375|180.25||18031.25|178|49267.375|884342|BKP184|0|1782|0|||3|3|0|1|1|132|83|["132,18,5,3735","132,210,2,2121","132,82,5"]|636148140673750000|13:41:07:375
62|1.1|636147897656163367|884342|49272.359375|11.36147705776|100.38514846616|-39704|-257143||49272.359375|180.25||18031.25|178|49272.359375|884342|BKP184|0|1782|0|||3|3|0|1|1|132|83|["132,18,5,3735","132,210,2,2121","132,82,5"]|636148140723590000|13:41:12:359
62|1.1|636147897706088359|884342|49277.359375|11.36697557801|100.38544350871|-39671|-256535||49277.359375|180.25||18031.25|178|49277.359375|884342|BKP184|0|1782|0|||3|3|0|1|1|132|18|["132,18,5,3735","132,210,2,2121","132,82,5"]|636148140773590000|13:41:17:359
62|1.1|636147897756003350|884342|49282.3359375|11.37263503056|100.38574928008|-39637|-255908||49282.3359375|180.25||18025|178|49282.3359375|884342|BKP184|0|1782|0|||3|3|0|1|1|132|18|["132,18,5,3735","132,210,2,2121","132,82,5"]|636148140823360000|13:41:22:336
62|1.1|636147897805928342|884342|49287.3359375|11.37892211908|100.38604968704|-39603|-255213||49287.3359375|180||18000|177.75|49287.3359375|884342|BKP184|0|1782|0|||3|3|0|1|1|132|83|["132,18,5,3735","132,210,2,2121","132,82,5"]|636148140873360000|13:41:27:336
62|1.1|636147897855853334|884342|49292.3359375|11.3849946312|100.386350094|-39569|-254541||49292.3359375|180||17993.75|177.75|49292.3359375|884342|BKP184|0|1782|0|||3|3|0|1|1|132|18|["132,18,5,3735","132,210,2,2121","132,82,5"]|636148140923360000|13:41:32:336
62|1.1|636147897905778326|884342|49297.3203125|11.39070772785|100.38666659419|-39534|-253908||49297.3203125|180||17993.75|177.75|49297.3203125|884342|BKP184|0|1782|0|||3|3|0|1|1|132|83|["132,18,5,3735","132,210,2,2121","132,82,5"]|636148140973200000|13:41:37:320
62|1.1|636147897955693317|884342|49302.3203125|11.39741860476|100.38697772997|-39499|-253166||49302.3203125|180||17993.75|177.75|49302.3203125|884342|BKP184|0|1782|0|||3|3|0|1|1|132|83|["132,18,5,3735","132,210,2,2121","132,82,5"]|636148141023200000|13:41:42:320
62|1.1|636147898005618309|884342|49307.296875|11.40360376949|100.38726740811|-39466|-252481||49307.296875|180||17993.75|177.75|49307.296875|884342|BKP184|0|1782|0|||3|3|0|1|1|132|18|["132,18,5,3735","132,210,2,2121","132,82,5"]|636148141072970000|13:41:47:297
62|1.1|636147898055543301|884342|49312.296875|11.40966555279|100.38754635743|-39435|-251811||49312.296875|180||17993.75|177.75|49312.296875|884342|BKP184|0|1782|0|||3|3|0|1|1|132|18|["132,18,5,3735","132,210,2,2121","132,82,5"]|636148141122970000|13:41:52:297
62|1.1|636147898105458292|884342|49317.296875|11.41540010708|100.3877984847|-39406|-251176||49317.296875|180||17993.75|177.75|49317.296875|884342|BKP184|0|1782|0|||3|3|0|1|1|132|18|["132,18,5,3735","132,210,2,2121","132,82,5"]|636148141172970000|13:41:57:297
62|1.1|636147898155383284|884342|49322.28125|11.42197150933|100.38809889166|-39373|-250449||49322.28125|180||18000|177.75|49322.28125|884342|BKP184|0|1782|0|||3|3|0|1|1|132|18|["132,18,5,3735","132,210,2,2121","132,82,5"]|636148141222810000|13:42:02:281
62|1.1|636147898205298275|884342|49327.28125|11.42759877542|100.38842075626|-39337|-249826||49327.28125|180||17993.75|177.75|49327.28125|884342|BKP184|0|1782|0|||3|3|0|1|1|132|83|["132,18,5,3735","132,210,2,2121","132,82,5"]|636148141272810000|13:42:07:281
62|1.1|636147898255243269|884342|49332.2578125|11.43361764344|100.38869434117|-39306|-249160||49332.2578125|180||17993.75|177.75|49332.2578125|884342|BKP184|0|1782|0|||3|3|0|1|1|132|18|["132,18,5,3735","132,210,2,2121","132,82,5"]|636148141322580000|13:42:12:258
62|1.1|636147898305158260|884342|49337.2578125|11.44037143563|100.38904302782|-39267|-248413||49337.2578125|180||18006.25|177.75|49337.2578125|884342|BKP184|0|1782|0|||3|3|0|1|1|132|18|["132,18,5,3735","132,210,2,2121","132,82,5"]|636148141372580000|13:42:17:258
62|1.1|636147898355073251|884342|49342.2578125|11.44661024446|100.3893005195|-39238|-247723||49342.2578125|180||18006.25|177.75|49342.2578125|884342|BKP184|0|1782|0|||3|3|0|1|1|132|18|["132,18,5,3735","132,210,2,2121","132,82,5"]|636148141422580000|13:42:22:258
62|1.1|636147898405008244|884342|49347.2421875|11.45279540919|100.38947754503|-39217|-247038||49347.2421875|180.25||18006.25|178|49347.2421875|884342|BKP184|0|1782|0|||3|3|0|1|1|132|18|["132,18,5,3735","132,210,2,2121","132,82,5"]|636148141472420000|13:42:27:242
62|1.1|636147898454913234|884342|49352.2421875|11.45829392944|100.38997643516|-39162|-246430||49352.2421875|180||18000|177.75|49352.2421875|884342|BKP184|0|1782|0|||3|3|0|1|1|132|83|["132,18,5,3735","132,210,2,2121","132,82,5"]|636148141522420000|13:42:32:242
62|1.1|636147898504848227|884342|49357.21875|11.46429133982|100.39029829976|-39126|-245766||49357.21875|180||17993.75|177.75|49357.21875|884342|BKP184|0|1782|0|||3|3|0|1|1|132|18|["132,18,5,3735","132,210,2,2121","132,82,5"]|636148141572190000|13:42:37:219
62|1.1|636147898554753217|884342|49362.21875|11.4700205297|100.39062016436|-39090|-245132||49362.21875|180||17993.75|177.75|49362.21875|884342|BKP184|0|1782|0|||3|3|0|1|1|132|18|["132,18,5,3735","132,210,2,2121","132,82,5"]|636148141622190000|13:42:42:219
62|1.1|636147898604678209|884342|49367.21875|11.47649000816|100.39096885101|-39051|-244416||49367.21875|180.25||18025|177.75|49367.21875|884342|BKP184|0|1782|0|||3|3|0|1|1|132|18|["132,18,5,3735","132,210,2,2121","132,82,5"]|636148141672190000|13:42:47:219
62|1.1|636147898654593200|884342|49372.1953125|11.48256252028|100.39127462238|-39017|-243744||49372.1953125|180.25||18031.25|178|49372.1953125|884342|BKP184|0|1782|0|||3|3|0|1|1|132|18|["132,18,5,3735","132,210,2,2121","132,82,5"]|636148141721950000|13:42:52:195
62|1.1|636147898704518192|884342|49377.1953125|11.48828634575|100.39157502934|-38983|-243111||49377.1953125|180.25||18031.25|178|49377.1953125|884342|BKP184|0|1782|0|||3|3|0|1|1|132|18|["132,18,5,3735","132,210,2,2121","132,82,5"]|636148141771950000|13:42:57:195
62|1.1|636147898754453185|884342|49382.1796875|11.49488457005|100.39189689394|-38947|-242381||49382.1796875|180.25||18031.25|178|49382.1796875|884342|BKP184|0|1782|0|||3|3|0|1|1|132|18|["132,18,5,3735","132,210,2,2121","132,82,5"]|636148141821800000|13:43:02:180
62|1.1|636147898804368176|884342|49387.1796875|11.5004903785|100.39219193649|-38914|-241760||49387.1796875|180||18012.5|177.75|49387.1796875|884342|BKP184|0|1782|0|||3|3|0|1|1|132|83|["132,18,5,3735","132,210,2,2121","132,82,5"]|636148141871800000|13:43:07:180
62|1.1|636147898854283167|884342|49392.1796875|11.50651461093|100.39249770786|-38880|-241094||49392.1796875|180||18000|177.75|49392.1796875|884342|BKP184|0|1782|0|||3|3|0|1|1|132|18|["132,18,5,3735","132,210,2,2121","132,82,5"]|636148141921800000|13:43:12:180
62|1.1|636147898904208159|884342|49397.15625|11.51251202131|100.39277665718|-38848|-240430||49397.15625|180||17993.75|177.75|49397.15625|884342|BKP184|0|1782|0|||3|3|0|1|1|132|18|["132,18,5,3735","132,210,2,2121","132,82,5"]|636148141971560000|13:43:17:156
62|1.1|636147898954123150|884342|49402.15625|11.51846651641|100.39309852178|-38812|-239771||49402.15625|180||17993.75|177.75|49402.15625|884342|BKP184|0|1782|0|||3|3|0|1|1|132|18|["132,18,5,3735","132,210,2,2121","132,82,5"]|636148142021560000|13:43:22:156
62|1.1|636147899004048142|884342|49407.140625|11.52503255425|100.39345257284|-38773|-239045||49407.140625|180||18000|177.75|49407.140625|884342|BKP184|0|1782|0|||3|3|0|1|1|132|83|["132,18,5,3735","132,210,2,2121","132,82,5"]|636148142071410000|13:43:27:141
62|1.1|636147899053973134|884342|49412.140625|11.53167369383|100.39381735272|-38732|-238310||49412.140625|180||18000|177.75|49412.140625|884342|BKP184|0|1782|0|||3|3|0|1|1|132|83|["132,18,5,3735","132,210,2,2121","132,82,5"]|636148142121410000|13:43:32:141
62|1.1|636147899103898126|884342|49417.140625|11.53742970576|100.39414994614|-38695|-237673||49417.140625|180||18000|177.75|49417.140625|884342|BKP184|0|1782|0|||3|3|0|1|1|132|83|["132,18,5,3735","132,210,2,2121","132,82,5"]|636148142171410000|13:43:37:141
62|1.1|636147899153813117|884342|49422.1171875|11.54370606546|100.39447717515|-38658|-236979||49422.1171875|180||18000|177.75|49422.1171875|884342|BKP184|0|1782|0|||3|3|0|1|1|132|5|["132,18,5,3735","132,210,2,2121","132,82,5"]|636148142221170000|13:43:42:117
62|1.1|636147899206848420|884342|49427.421875|11.55042230678|100.39483659062|-38618|-236236||49427.421875|180||18000|177.75|49427.421875|884342|BKP184|0|1782|0|||3|3|0|1|1|132|5|["132,18,5,3735","132,210,2,2121","132,82,5"]|636148142274220000|13:43:47:422
62|1.1|636147899256773412|884342|49432.421875|11.5559583779|100.39516918404|-38581|-235623||49432.421875|180||18000|177.75|49432.421875|884342|BKP184|0|1782|0|||3|3|0|1|1|132|5|["132,18,5,3735","132,210,2,2121","132,82,5"]|636148142324220000|13:43:52:422
62|1.1|636147899306698404|884342|49437.421875|11.56197188151|100.39549104864|-38545|-234958||49437.421875|180||17993.75|177.75|49437.421875|884342|BKP184|0|1782|0|||3|3|0|1|1|132|18|["132,18,5,3735","132,210,2,2121","132,82,5"]|636148142374220000|13:43:57:422
62|1.1|636147899356613395|884342|49442.3984375|11.56751868145|100.39578609119|-38512|-234344||49442.3984375|180||18000|177.75|49442.3984375|884342|BKP184|0|1782|0|||3|3|0|1|1|132|83|["132,18,5,3735","132,210,2,2121","132,82,5"]|636148142423980000|13:44:02:398
62|1.1|636147899406538387|884342|49447.3984375|11.57384868525|100.39609722697|-38477|-233644||49447.3984375|180||18000|177.75|49447.3984375|884342|BKP184|0|1782|0|||3|3|0|1|1|132|5|["132,18,5,3735","132,210,2,2121","132,82,5"]|636148142473980000|13:44:07:398
62|1.1|636147899456453378|884342|49452.375|11.57962079041|100.39639226952|-38444|-233005||49452.375|180||18000|177.75|49452.375|884342|BKP184|0|1782|0|||3|3|0|1|1|132|5|["132,18,5,3735","132,210,2,2121","132,82,5"]|636148142523750000|13:44:12:375
62|1.1|636147899506378370|884342|49457.375|11.58560210756|100.3967034053|-38409|-232343||49457.375|180||18000|177.75|49457.375|884342|BKP184|0|1782|0|||3|3|0|1|1|132|5|["132,18,5,3735","132,210,2,2121","132,82,5"]|636148142573750000|13:44:17:375
62|1.1|636147899556303362|884342|49462.375|11.59164243322|100.39700381226|-38375|-231675||49462.375|180||18006.25|177.75|49462.375|884342|BKP184|0|1782|0|||3|3|0|1|1|132|18|["132,18,5,3735","132,210,2,2121","132,82,5"]|636148142623750000|13:44:22:375
62|1.1|636147899606228354|884342|49467.359375|11.59810118286|100.39732567686|-38339|-230960||49467.359375|180||18006.25|177.75|49467.359375|884342|BKP184|0|1782|0|||3|3|0|1|1|132|18|["132,18,5,3735","132,210,2,2121","132,82,5"]|636148142673590000|13:44:27:359
62|1.1|636147899656143345|884342|49472.359375|11.60403958473|100.39764217705|-38304|-230303||49472.359375|180||18000|177.75|49472.359375|884342|BKP184|0|1782|0|||3|3|0|1|1|132|18|["132,18,5,3735","132,210,2,2121","132,82,5"]|636148142723590000|13:44:32:359
62|1.1|636147899706078338|884342|49477.3359375|11.60997262219|100.39795331283|-38269|-229646||49477.3359375|180||18000|177.75|49477.3359375|884342|BKP184|0|1782|0|||3|3|0|1|1|132|83|["132,18,5,3735","132,210,2,2121","132,82,5"]|636148142773360000|13:44:37:336
62|1.1|636147899755993329|884342|49482.3359375|11.61598076139|100.39827517743|-38233|-228981||49482.3359375|180||18000|177.75|49482.3359375|884342|BKP184|0|1782|0|||3|3|0|1|1|132|18|["132,18,5,3735","132,210,2,2121","132,82,5"]|636148142823360000|13:44:42:336
62|1.1|636147899805908320|884342|49487.3359375|11.62203718028|100.39857558439|-38199|-228312||49487.3359375|180||18000|177.75|49487.3359375|884342|BKP184|0|1782|0|||3|3|0|1|1|132|18|["132,18,5,3735","132,210,2,2121","132,82,5"]|636148142873360000|13:44:47:336
62|1.1|636147899855833312|884342|49492.3203125|11.6286461334|100.39889208458|-38164|-227580||49492.3203125|180||18000|177.75|49492.3203125|884342|BKP184|0|1782|0|||3|3|0|1|1|132|18|["132,18,5,3735","132,210,2,2121","132,82,5"]|636148142923200000|13:44:52:320
62|1.1|636147899905758304|884342|49497.3203125|11.63531945944|100.39920322036|-38129|-226842||49497.3203125|180||18006.25|177.75|49497.3203125|884342|BKP184|0|1782|0|||3|3|0|1|1|132|83|["132,18,5,3735","132,210,2,2121","132,82,5"]|636148142973200000|13:44:57:320
62|1.1|636147899955683296|884342|49502.296875|11.64159045473|100.39951435614|-38094|-226148||49502.296875|180||18000|177.75|49502.296875|884342|BKP184|0|1782|0|||3|3|0|1|1|132|83|["132,18,5,3735","132,210,2,2121","132,82,5"]|636148143022970000|13:45:02:297
62|1.1|636147900005598287|884342|49507.296875|11.64740011076|100.39982012751|-38060|-225505||49507.296875|180||18000|177.75|49507.296875|884342|BKP184|0|1782|0|||3|3|0|1|1|132|83|["132,18,5,3735","132,210,2,2121","132,82,5"]|636148143072970000|13:45:07:297
62|1.1|636147900055523279|884342|49512.296875|11.65355845344|100.4001366277|-38025|-224824||49512.296875|180||18000|177.75|49512.296875|884342|BKP184|0|1782|0|||3|3|0|1|1|132|18|["132,18,5,3735","132,210,2,2121","132,82,5"]|636148143122970000|13:45:12:297
62|1.1|636147900105438270|884342|49517.28125|11.65971143171|100.40043703466|-37991|-224143||49517.28125|180||18000|177.75|49517.28125|884342|BKP184|0|1782|0|||3|3|0|1|1|132|18|["132,18,5,3735","132,210,2,2121","132,82,5"]|636148143172810000|13:45:17:281
62|1.1|636147900155363262|884342|49522.28125|11.66583222352|100.40073744162|-37957|-223466||49522.28125|180||18006.25|177.75|49522.28125|884342|BKP184|0|1782|0|||3|3|0|1|1|132|18|["132,18,5,3735","132,210,2,2121","132,82,5"]|636148143222810000|13:45:22:281
62|1.1|636147900205288254|884342|49527.2578125|11.67131465054|100.4010485774|-37922|-222859||49527.2578125|180||17993.75|177.75|49527.2578125|884342|BKP184|0|1782|0|||3|3|0|1|1|132|18|["132,18,5,3735","132,210,2,2121","132,82,5"]|636148143272580000|13:45:27:258
62|1.1|636147900255213246|884342|49532.2578125|11.67768756962|100.40138653523|-37885|-222154||49532.2578125|180||18000|177.75|49532.2578125|884342|BKP184|0|1782|0|||3|3|0|1|1|132|18|["132,18,5,3735","132,210,2,2121","132,82,5"]|636148143322580000|13:45:32:258
62|1.1|636147900305128237|884342|49537.2578125|11.68406585311|100.40168694219|-37851|-221448||49537.2578125|180||18000|177.75|49537.2578125|884342|BKP184|0|1782|0|||3|3|0|1|1|132|83|["132,18,5,3735","132,210,2,2121","132,82,5"]|636148143372580000|13:45:37:258
62|1.1|636147900355053229|884342|49542.2421875|11.69024565343|100.40197662033|-37818|-220764||49542.2421875|180||18000|177.75|49542.2421875|884342|BKP184|0|1782|0|||3|3|0|1|1|132|18|["132,18,5,3735","132,210,2,2121","132,82,5"]|636148143422420000|13:45:42:242
62|1.1|636147900404968220|884342|49547.2421875|11.69600702977|100.40229312052|-37783|-220127||49547.2421875|180||18000|177.75|49547.2421875|884342|BKP184|0|1782|0|||3|3|0|1|1|132|18|["132,18,5,3735","132,210,2,2121","132,82,5"]|636148143472420000|13:45:47:242
62|1.1|636147900454893212|884342|49552.21875|11.70173621965|100.40260962071|-37748|-219493||49552.21875|180||17993.75|177.75|49552.21875|884342|BKP184|0|1782|0|||3|3|0|1|1|132|18|["132,18,5,3735","132,210,2,2121","132,82,5"]|636148143522190000|13:45:52:219
62|1.1|636147900504818204|884342|49557.21875|11.70766925711|100.40292075649|-37713|-218836||49557.21875|180||17993.75|177.75|49557.21875|884342|BKP184|0|1782|0|||3|3|0|1|1|132|18|["132,18,5,3735","132,210,2,2121","132,82,5"]|636148143572190000|13:45:57:219
62|1.1|636147900554733195|884342|49562.21875|11.7142084729|100.40324262109|-37677|-218113||49562.21875|180||18006.25|177.75|49562.21875|884342|BKP184|0|1782|0|||3|3|0|1|1|132|18|["132,18,5,3735","132,210,2,2121","132,82,5"]|636148143622190000|13:46:02:219
62|1.1|636147900604658187|884342|49567.1953125|11.72052774788|100.40359130774|-37638|-217414||49567.1953125|180||18000|177.75|49567.1953125|884342|BKP184|0|1782|0|||3|3|0|1|1|132|83|["132,18,5,3735","132,210,2,2121","132,82,5"]|636148143671950000|13:46:07:195
62|1.1|636147900654583179|884342|49572.1953125|11.72685238727|100.40393462998|-37600|-216714||49572.1953125|180||18006.25|177.75|49572.1953125|884342|BKP184|0|1782|0|||3|3|0|1|1|132|83|["132,18,5,3735","132,210,2,2121","132,82,5"]|636148143721950000|13:46:12:195
62|1.1|636147900704498170|884342|49577.1796875|11.73266740771|100.40423503694|-37566|-216070||49577.1796875|180||17993.75|177.75|49577.1796875|884342|BKP184|0|1782|0|||3|3|0|1|1|132|5|["132,18,5,3735","132,210,2,2121","132,82,5"]|636148143771800000|13:46:17:180
62|1.1|636147900754423162|884342|49582.1796875|11.73853607225|100.40451935067|-37534|-215421||49582.1796875|180||18000|177.75|49582.1796875|884342|BKP184|0|1782|0|||3|3|0|1|1|132|18|["132,18,5,3735","132,210,2,2121","132,82,5"]|636148143821800000|13:46:22:180
62|1.1|636147900804198139|884342|49587.1796875|11.74457639791|100.40483585086|-37499|-214753||49587.1796875|180||18000|177.75|49587.1796875|884342|BKP184|0|1782|0|||3|3|0|1|1|132|18|["132,18,5,3735","132,210,2,2121","132,82,5"]|636148143871800000|13:46:27:180
62|1.1|636147900854113130|884342|49592.15625|11.75115316457|100.40513625782|-37465|-214025||49592.15625|180||18006.25|177.75|49592.15625|884342|BKP184|0|1782|0|||3|3|0|1|1|132|18|["132,18,5,3735","132,210,2,2121","132,82,5"]|636148143921560000|13:46:32:156
62|1.1|636147900904028121|884342|49597.15625|11.75683943917|100.4053937495|-37436|-213396||49597.15625|180||18000|177.75|49597.15625|884342|BKP184|0|1782|0|||3|3|0|1|1|132|83|["132,18,5,3735","132,210,2,2121","132,82,5"]|636148143971560000|13:46:37:156
62|1.1|636147900953953113|884342|49602.140625|11.76320699384|100.40566733441|-37405|-212691||49602.140625|180||18000|177.75|49602.140625|884342|BKP184|0|1782|0|||3|3|0|1|1|132|83|["132,18,5,3735","132,210,2,2121","132,82,5"]|636148144021410000|13:46:42:141
62|1.1|636147901003878105|884342|49607.140625|11.76968720112|100.40592482609|-37376|-211974||49607.140625|180||18000|177.75|49607.140625|884342|BKP184|0|1782|0|||3|3|0|1|1|132|18|["132,18,5,3735","132,210,2,2121","132,82,5"]|636148144071410000|13:46:47:141
62|1.1|636147901053803097|884342|49612.140625|11.77595819641|100.40621450423|-37344|-211280||49612.140625|180||18006.25|177.75|49612.140625|884342|BKP184|0|1782|0|||3|3|0|1|1|132|18|["132,18,5,3735","132,210,2,2121","132,82,5"]|636148144121410000|13:46:52:141
62|1.1|636147901103718088|884342|49617.1171875|11.78168202188|100.40647736032|-37314|-210647||49617.1171875|180||17993.75|177.75|49617.1171875|884342|BKP184|0|1782|0|||3|3|0|1|1|132|18|["132,18,5,3735","132,210,2,2121","132,82,5"]|636148144171170000|13:46:57:117
62|1.1|636147901153653081|884342|49622.1171875|11.78763115257|100.40674021641|-37285|-209989||49622.1171875|180||18000|177.75|49622.1171875|884342|BKP184|0|1782|0|||3|3|0|1|1|132|83|["132,18,5,3735","132,210,2,2121","132,82,5"]|636148144221170000|13:47:02:117
62|1.1|636147901203718087|884342|49627.1015625|11.7933335204|100.40698697927|-37257|-209358||49627.1015625|180||17993.75|177.75|49627.1015625|884342|BKP184|0|1782|0|||3|3|0|1|1|132|83|["132,18,5,3735","132,210,2,2121","132,82,5"]|636148144271020000|13:47:07:102
62|1.1|636147901253493064|884342|49632.1015625|11.79932020196|100.4072176489|-37231|-208696||49632.1015625|180||18000|177.75|49632.1015625|884342|BKP184|0|1782|0|||3|3|0|1|1|132|18|["132,18,5,3735","132,210,2,2121","132,82,5"]|636148144321020000|13:47:12:102
62|1.1|636147901303408055|884342|49637.1015625|11.80537662085|100.40746441176|-37203|-208025||49637.1015625|180||18000|177.75|49637.1015625|884342|BKP184|0|1782|0|||3|3|0|1|1|132|18|["132,18,5,3735","132,210,2,2121","132,82,5"]|636148144371020000|13:47:17:102
62|1.1|636147901353353049|884342|49642.078125|11.81143303974|100.40771653903|-37175|-207355||49642.078125|180||18000|177.75|49642.078125|884342|BKP184|0|1782|0|||3|3|0|1|1|132|18|["132,18,5,3735","132,210,2,2121","132,82,5"]|636148144420780000|13:47:22:078
62|1.1|636147901403248038|884342|49647.078125|11.81756456037|100.40798475953|-37145|-206677||49647.078125|180||18000|177.75|49647.078125|884342|BKP184|0|1782|0|||3|3|0|1|1|132|18|["132,18,5,3735","132,210,2,2121","132,82,5"]|636148144470780000|13:47:27:078
62|1.1|636147901453173030|884342|49652.0625|11.82371753864|100.40822615798|-37117|-205996||49652.0625|180||18000|177.75|49652.0625|884342|BKP184|0|1782|0|||3|3|0|1|1|132|18|["132,18,5,3735","132,210,2,2121","132,82,5"]|636148144520630000|13:47:32:063
62|1.1|636147901503098022|884342|49657.0625|11.83019774592|100.40851583612|-37085|-205279||49657.0625|180||18000|177.75|49657.0625|884342|BKP184|0|1782|0|||3|3|0|1|1|132|83|["132,18,5,3735","132,210,2,2121","132,82,5"]|636148144570630000|13:47:37:063
62|1.1|636147901553013013|884342|49662.0625|11.8363560886|100.40878942103|-37054|-204597||49662.0625|180||18000|177.75|49662.0625|884342|BKP184|0|1782|0|||3|3|0|1|1|132|5|["132,18,5,3735","132,210,2,2121","132,82,5"]|636148144620630000|13:47:42:063
62|1.1|636147901602938005|884342|49667.0390625|11.84211210053|100.40904691271|-37025|-203961||49667.0390625|180||18000|177.75|49667.0390625|884342|BKP184|0|1782|0|||3|3|0|1|1|132|18|["132,18,5,3735","132,210,2,2121","132,82,5"]|636148144670390000|13:47:47:039
62|1.1|636147901652862997|884342|49672.0390625|11.84814169737|100.40933659085|-36993|-203294||49672.0390625|180||18000|177.75|49672.0390625|884342|BKP184|0|1782|0|||3|3|0|1|1|132|18|["132,18,5,3735","132,210,2,2121","132,82,5"]|636148144720390000|13:47:52:039
62|1.1|636147901702777988|884342|49677.015625|11.85476674372|100.40964772663|-36958|-202561||49677.015625|180||18006.25|177.75|49677.015625|884342|BKP184|0|1782|0|||3|3|0|1|1|132|18|["132,18,5,3735","132,210,2,2121","132,82,5"]|636148144770160000|13:47:57:016
62|1.1|636147901752702980|884342|49682.015625|11.86083389143|100.40992131154|-36927|-201890||49682.015625|180||18000|177.75|49682.015625|884342|BKP184|0|1782|0|||3|3|0|1|1|132|83|["132,18,5,3735","132,210,2,2121","132,82,5"]|636148144820160000|13:48:02:016
62|1.1|636147901802627972|884342|49687.015625|11.86637532696|100.41017343881|-36899|-201276||49687.015625|180||17993.75|177.75|49687.015625|884342|BKP184|0|1782|0|||3|3|0|1|1|132|18|["132,18,5,3735","132,210,2,2121","132,82,5"]|636148144870160000|13:48:07:016
62|1.1|636147901852552964|884342|49692|11.87234591529|100.4104362949|-36870|-200616||49692|180||17993.75|177.75|49692|884342|BKP184|0|1782|0|||3|3|0|1|1|132|18|["132,18,5,3735","132,210,2,2121","132,82,5"]|636148144920000000|13:48:12:000
62|1.1|636147901902627971|884342|49697|11.87896023282|100.41070987981|-36839|-199884||49697|180||18000|177.75|49697|884342|BKP184|0|1782|0|||3|3|0|1|1|132|18|["132,18,5,3735","132,210,2,2121","132,82,5"]|636148144970000000|13:48:17:000
62|1.1|636147901952392947|884342|49701.9765625|11.88488254146|100.41096737149|-36810|-199229||49701.9765625|180||18000|177.75|49701.9765625|884342|BKP184|0|1782|0|||3|3|0|1|1|132|5|["132,18,5,3735","132,210,2,2121","132,82,5"]|636148145019770000|13:48:21:977
62|1.1|636147902002317939|884342|49706.9765625|11.89078339246|100.41122486317|-36781|-198576||49706.9765625|180||18000|177.75|49706.9765625|884342|BKP184|0|1782|0|||3|3|0|1|1|132|18|["132,18,5,3735","132,210,2,2121","132,82,5"]|636148145069770000|13:48:26:977
62|1.1|636147902052232930|884342|49711.9765625|11.89718313359|100.41149308367|-36751|-197868||49711.9765625|180||18000|177.75|49711.9765625|884342|BKP184|0|1782|0|||3|3|0|1|1|132|83|["132,18,5,3735","132,210,2,2121","132,82,5"]|636148145119770000|13:48:31:977
62|1.1|636147902102167923|884342|49716.9609375|11.9031429931|100.41176130417|-36721|-197208||49716.9609375|180||18000|177.75|49716.9609375|884342|BKP184|0|1782|0|||3|3|0|1|1|132|18|["132,18,5,3735","132,210,2,2121","132,82,5"]|636148145169610000|13:48:36:961
62|1.1|636147902152072913|884342|49721.9609375|11.90917795435|100.41202416026|-36691|-196541||49721.9609375|180||18006.25|177.75|49721.9609375|884342|BKP184|0|1782|0|||3|3|0|1|1|132|18|["132,18,5,3735","132,210,2,2121","132,82,5"]|636148145219610000|13:48:41:961
62|1.1|636147902202007906|884342|49726.9375|11.91511099181|100.41227628753|-36663|-195884||49726.9375|180||18000|177.75|49726.9375|884342|BKP184|0|1782|0|||3|3|0|1|1|132|18|["132,18,5,3735","132,210,2,2121","132,82,5"]|636148145269380000|13:48:46:938
62|1.1|636147902251922897|884342|49731.9375|11.92153219058|100.41253377921|-36634|-195174||49731.9375|180||18000|177.75|49731.9375|884342|BKP184|0|1782|0|||3|3|0|1|1|132|18|["132,18,5,3735","132,210,2,2121","132,82,5"]|636148145319380000|13:48:51:938
62|1.1|636147902301837888|884342|49736.9375|11.92756178742|100.41281809294|-36602|-194506||49736.9375|180||18000|177.75|49736.9375|884342|BKP184|0|1782|0|||3|3|0|1|1|132|5|["132,18,5,3735","132,210,2,2121","132,82,5"]|636148145369380000|13:48:56:938
62|1.1|636147902351762880|884342|49741.921875|11.93380059625|100.41310777108|-36570|-193816||49741.921875|180||17993.75|177.75|49741.921875|884342|BKP184|0|1782|0|||3|3|0|1|1|132|83|["132,18,5,3735","132,210,2,2121","132,82,5"]|636148145419220000|13:49:01:922
62|1.1|636147902401677871|884342|49746.921875|11.93968535402|100.41334380512|-36543|-193165||49746.921875|180||18000|177.75|49746.921875|884342|BKP184|0|1782|0|||3|3|0|1|1|132|18|["132,18,5,3735","132,210,2,2121","132,82,5"]|636148145469220000|13:49:06:922
62|1.1|636147902451602863|884342|49751.8984375|11.94605290869|100.41363884767|-36510|-192461||49751.8984375|180||18000|177.75|49751.8984375|884342|BKP184|0|1782|0|||3|3|0|1|1|132|5|["132,18,5,3735","132,210,2,2121","132,82,5"]|636148145518980000|13:49:11:898
62|1.1|636147902501527855|884342|49756.8984375|11.95162653068|100.41387488171|-36483|-191844||49756.8984375|180||18000|177.75|49756.8984375|884342|BKP184|0|1782|0|||3|3|0|1|1|132|18|["132,18,5,3735","132,210,2,2121","132,82,5"]|636148145568980000|13:49:16:898
62|1.1|636147902551452847|884342|49761.8984375|11.95833204318|100.41414310221|-36453|-191102||49761.8984375|180||18000|177.75|49761.8984375|884342|BKP184|0|1782|0|||3|3|0|1|1|132|18|["132,18,5,3735","132,210,2,2121","132,82,5"]|636148145618980000|13:49:21:898
62|1.1|636147902601367838|884342|49766.875|11.96465131816|100.41442205153|-36422|-190403||49766.875|180||18000|177.75|49766.875|884342|BKP184|0|1782|0|||3|3|0|1|1|132|18|["132,18,5,3735","132,210,2,2121","132,82,5"]|636148145668750000|13:49:26:875
62|1.1|636147902651302831|884342|49771.875|11.97085794053|100.41469563644|-36391|-189716||49771.875|180||18000|177.75|49771.875|884342|BKP184|0|1782|0|||3|3|0|1|1|132|18|["132,18,5,3735","132,210,2,2121","132,82,5"]|636148145718750000|13:49:31:875
62|1.1|636147902701217822|884342|49776.859375|11.97597558767|100.41494776371|-36363|-189150||49776.859375|180||18000|177.75|49776.859375|884342|BKP184|0|1782|0|||3|3|0|1|1|132|18|["132,18,5,3735","132,210,2,2121","132,82,5"]|636148145768590000|13:49:36:859
62|1.1|636147902751132813|884342|49781.859375|11.98233241352|100.41521598421|-36333|-188446||49781.859375|180||18006.25|177.75|49781.859375|884342|BKP184|0|1782|0|||3|3|0|1|1|132|18|["132,18,5,3735","132,210,2,2121","132,82,5"]|636148145818590000|13:49:41:859
62|1.1|636147902801057805|884342|49786.859375|11.98837810359|100.41548420471|-36303|-187778||49786.859375|180||18000|177.75|49786.859375|884342|BKP184|0|1782|0|||3|3|0|1|1|132|18|["132,18,5,3735","132,210,2,2121","132,82,5"]|636148145868590000|13:49:46:859
62|1.1|636147902850982797|884342|49791.8359375|11.99360840334|100.41574169639|-36274|-187199||49791.8359375|180||17993.75|177.75|49791.8359375|884342|BKP184|0|1782|0|||3|3|0|1|1|132|18|["132,18,5,3735","132,210,2,2121","132,82,5"]|636148145918360000|13:49:51:836
62|1.1|636147902900907789|884342|49796.8359375|12.00016907677|100.41600991689|-36244|-186473||49796.8359375|180||18006.25|177.75|49796.8359375|884342|BKP184|0|1782|0|||3|3|0|1|1|132|18|["132,18,5,3735","132,210,2,2121","132,82,5"]|636148145968360000|13:49:56:836
62|1.1|636147902950822780|884342|49801.8203125|12.0066761061|100.41626740857|-36215|-185753||49801.8203125|180||18000|177.75|49801.8203125|884342|BKP184|0|1782|0|||3|3|0|1|1|132|18|["132,18,5,3735","132,210,2,2121","132,82,5"]|636148146018200000|13:50:01:820
62|1.1|636147903000747772|884342|49806.8203125|12.01253404182|100.41651417143|-36187|-185105||49806.8203125|180||18000|177.75|49806.8203125|884342|BKP184|0|1782|0|||3|3|0|1|1|132|18|["132,18,5,3735","132,210,2,2121","132,82,5"]|636148146068200000|13:50:06:820
62|1.1|636147903050672764|884342|49811.8203125|12.01862801158|100.41677166311|-36158|-184431||49811.8203125|180||18000|177.75|49811.8203125|884342|BKP184|0|1782|0|||3|3|0|1|1|132|18|["132,18,5,3735","132,210,2,2121","132,82,5"]|636148146118200000|13:50:11:820
62|1.1|636147903100587755|884342|49816.796875|12.02499020184|100.41705061243|-36127|-183727||49816.796875|180||18000|177.75|49816.796875|884342|BKP184|0|1782|0|||3|3|0|1|1|132|83|["132,18,5,3735","132,210,2,2121","132,82,5"]|636148146167970000|13:50:16:797
62|1.1|636147903150512747|884342|49821.796875|12.03030096774|100.41729737529|-36099|-183139||49821.796875|180||18000|177.75|49821.796875|884342|BKP184|0|1782|0|||3|3|0|1|1|132|18|["132,18,5,3735","132,210,2,2121","132,82,5"]|636148146217970000|13:50:21:797
62|1.1|636147903200437739|884342|49826.78125|12.03609453054|100.41754950256|-36071|-182498||49826.78125|180||18000|177.75|49826.78125|884342|BKP184|0|1782|0|||3|3|0|1|1|132|18|["132,18,5,3735","132,210,2,2121","132,82,5"]|636148146267810000|13:50:26:781
62|1.1|636147903250352730|884342|49831.78125|12.04196319508|100.4177855366|-36045|-181849||49831.78125|180||18000|177.75|49831.78125|884342|BKP184|0|1782|0|||3|3|0|1|1|132|5|["132,18,5,3735","132,210,2,2121","132,82,5"]|636148146317810000|13:50:31:781
62|1.1|636147903300277722|884342|49836.78125|12.04793914782|100.41801620623|-36019|-181188||49836.78125|180||18000|177.75|49836.78125|884342|BKP184|0|1782|0|||3|3|0|1|1|132|18|["132,18,5,3735","132,210,2,2121","132,82,5"]|636148146367810000|13:50:36:781
62|1.1|636147903350192713|884342|49841.7578125|12.05469830442|100.4182683335|-35990|-180440||49841.7578125|180||18006.25|177.75|49841.7578125|884342|BKP184|0|1782|0|||3|3|0|1|1|132|18|["132,18,5,3735","132,210,2,2121","132,82,5"]|636148146417580000|13:50:41:758
62|1.1|636147903400117705|884342|49846.7578125|12.0603738502|100.41852046077|-35962|-179812||49846.7578125|180||18000|177.75|49846.7578125|884342|BKP184|0|1782|0|||3|3|0|1|1|132|18|["132,18,5,3735","132,210,2,2121","132,82,5"]|636148146467580000|13:50:46:758
62|1.1|636147903450042697|884342|49851.7421875|12.06694525245|100.41878868127|-35932|-179085||49851.7421875|180||18000|177.75|49851.7421875|884342|BKP184|0|1782|0|||3|3|0|1|1|132|18|["132,18,5,3735","132,210,2,2121","132,82,5"]|636148146517420000|13:50:51:742
62|1.1|636147903499957688|884342|49856.7421875|12.07324306979|100.41902471531|-35905|-178388||49856.7421875|180||18000|177.75|49856.7421875|884342|BKP184|0|1782|0|||3|3|0|1|1|132|5|["132,18,5,3735","132,210,2,2121","132,82,5"]|636148146567420000|13:50:56:742
62|1.1|636147903549892681|884342|49861.7421875|12.07889715793|100.41923929171|-35881|-177762||49861.7421875|180||18000|177.75|49861.7421875|884342|BKP184|0|1782|0|||3|3|0|1|1|132|18|["132,18,5,3735","132,210,2,2121","132,82,5"]|636148146617420000|13:51:01:742
62|1.1|636147903599807672|884342|49866.71875|12.08524325496|100.41947532575|-35854|-177060||49866.71875|180||18000|177.75|49866.71875|884342|BKP184|0|1782|0|||3|3|0|1|1|132|18|["132,18,5,3735","132,210,2,2121"]|636148146667190000|13:51:06:719
62|1.1|636147903649732664|884342|49871.71875|12.09154643671|100.41968453774|-35831|-176363||49871.71875|180||18000|177.75|49871.71875|884342|BKP184|0|1782|0|||3|3|0|1|1|132|18|["132,18,5,3735","132,210,2,2121"]|636148146717190000|13:51:11:719
62|1.1|636147903699647655|884342|49876.6953125|12.09705568578|100.41989374973|-35807|-175754||49876.6953125|180||18000|177.75|49876.6953125|884342|BKP184|0|1782|0|||3|3|0|1|1|132|18|["132,18,5,3735","132,210,2,2121"]|636148146766950000|13:51:16:695
62|1.1|636147903749572647|884342|49881.6953125|12.10270977392|100.42011905495|-35782|-175128||49881.6953125|180||18000|177.75|49881.6953125|884342|BKP184|0|1782|0|||3|3|0|1|1|132|18|["132,18,5,3735","132,210,2,2121"]|636148146816950000|13:51:21:695
62|1.1|636147903799497639|884342|49886.6953125|12.10834776883|100.42033899576|-35757|-174504||49886.6953125|180||18000|177.75|49886.6953125|884342|BKP184|0|1782|0|||3|3|0|1|1|132|18|["132,18,5,3735","132,210,2,2121"]|636148146866950000|13:51:26:695
62|1.1|636147903849412630|884342|49891.6796875|12.11487089139|100.42056966539|-35731|-173782||49891.6796875|180||18000|177.75|49891.6796875|884342|BKP184|0|1782|0|||3|3|0|1|1|132|18|["132,18,5,3735","132,210,2,2121"]|636148146916800000|13:51:31:680
62|1.1|636147903899337622|884342|49896.6796875|12.12092194587|100.42080033502|-35705|-173113||49896.6796875|180||18000|177.75|49896.6796875|884342|BKP184|0|1782|0|||3|3|0|1|1|132|18|["132,18,5,3735","132,210,2,2121"]|636148146966800000|13:51:36:680
62|1.1|636147903949252613|884342|49901.65625|12.12696763594|100.42104173347|-35678|-172444||49901.65625|180||18000|177.75|49901.65625|884342|BKP184|0|1782|0|||3|3|0|1|1|132|18|["132,18,5,3735","132,210,2,2121"]|636148147016560000|13:51:41:656
62|1.1|636147903999177605|884342|49906.65625|12.13312061421|100.42132068279|-35647|-171763||49906.65625|180||18000|177.75|49906.65625|884342|BKP184|0|1782|0|||3|3|0|1|1|132|18|["132,18,5,3735","132,210,2,2121"]|636148147066560000|13:51:46:656
62|1.1|636147904049102597|884342|49911.65625|12.13988513522|100.4214869795|-35628|-171015||49911.65625|180||18000|177.75|49911.65625|884342|BKP184|0|1782|0|||3|3|0|1|1|132|5|["132,18,5,3735","132,210,2,2121"]|636148147116560000|13:51:51:656
62|1.1|636147904099017588|884342|49916.640625|12.14612930846|100.42173374236|-35600|-170324||49916.640625|180||18000|177.75|49916.640625|884342|BKP184|0|1782|0|||3|3|0|1|1|132|18|["132,18,5,3735","132,210,2,2121"]|636148147166410000|13:51:56:641
62|1.1|636147904148942580|884342|49921.640625|12.1522125494|100.42195904758|-35575|-169651||49921.640625|180||18006.25|177.75|49921.640625|884342|BKP184|0|1782|0|||3|3|0|1|1|132|18|["132,18,5,3735","132,210,2,2121"]|636148147216410000|13:52:01:641
62|1.1|636147904198867572|884342|49926.6171875|12.1574160271|100.42217362398|-35550|-169075||49926.6171875|180||17993.75|177.75|49926.6171875|884342|BKP184|0|1782|0|||3|3|0|1|1|132|5|["132,18,5,3735","132,210,2,2121"]|636148147266170000|13:52:06:617
62|1.1|636147904248792564|884342|49931.6171875|12.16360655624|100.42241502243|-35523|-168390||49931.6171875|180||18000|177.75|49931.6171875|884342|BKP184|0|1782|0|||3|3|0|1|1|132|83|["132,18,5,3735","132,210,2,2121"]|636148147316170000|13:52:11:617
62|1.1|636147904298707555|884342|49936.6171875|12.16996338209|100.4226671497|-35495|-167687||49936.6171875|180||18000|177.75|49936.6171875|884342|BKP184|0|1782|0|||3|3|0|1|1|132|5|["132,18,5,3735","132,210,2,2121"]|636148147366170000|13:52:16:617
62|1.1|636147904348632547|884342|49941.6015625|12.1757623093|100.42288709051|-35470|-167045||49941.6015625|180||18000|177.75|49941.6015625|884342|BKP184|0|1782|0|||3|3|0|1|1|132|5|["132,18,5,3735","132,210,2,2121"]|636148147416020000|13:52:21:602
62|1.1|636147904398557539|884342|49946.6015625|12.18140566862|100.42311776014|-35444|-166421||49946.6015625|180||18000|177.75|49946.6015625|884342|BKP184|0|1782|0|||3|3|0|1|1|132|5|["132,18,5,3735","132,210,2,2121"]|636148147466020000|13:52:26:602
62|1.1|636147904448472530|884342|49951.578125|12.18784832503|100.42336988741|-35416|-165708||49951.578125|180||18000|177.75|49951.578125|884342|BKP184|0|1782|0|||3|3|0|1|1|132|83|["132,18,5,3735","132,210,2,2121"]|636148147515780000|13:52:31:578
62|1.1|636147904498397522|884342|49956.578125|12.19439826964|100.42362201468|-35387|-164984||49956.578125|180||18000|177.75|49956.578125|884342|BKP184|0|1782|0|||3|3|0|1|1|132|5|["132,18,5,3735","132,210,2,2121"]|636148147565780000|13:52:36:578
62|1.1|636147904548322514|884342|49961.578125|12.19997725604|100.42393315046|-35353|-164366||49961.578125|180||18000|177.75|49961.578125|884342|BKP184|0|1782|0|||3|3|0|1|1|132|83|["132,18,5,3735","132,210,2,2121"]|636148147615780000|13:52:41:578
62|1.1|636147904598247506|884342|49966.5625|12.20597466642|100.42419064214|-35324|-163703||49966.5625|180||18000|177.75|49966.5625|884342|BKP184|0|1782|0|||3|3|0|1|1|132|210|["132,18,5,3735","132,210,2,2121"]|636148147665630000|13:52:46:563
62|1.1|636147904648162497|884342|49971.5625|12.21232076345|100.42506504097|-35228|-163001||49971.5625|180.25||18018.75|178|49971.5625|884342|BKP184|0|1782|0|||3|3|0|1|1|132|5|["132,18,5,3735","132,210,2,2121"]|636148147715630000|13:52:51:563
62|1.1|636147904698077488|884342|49976.5390625|12.21849519936|100.42667436397|-35052|-162318||49976.5390625|180||18037.5|178|49976.5390625|884342|BKP184|0|1782|0|||3|3|0|1|1|132|210|["132,18,5,3735","132,210,2,2121"]|636148147765390000|13:52:56:539
62|1.1|636147904748012481|884342|49981.5390625|12.22465890645|100.42774188156|-34935|-161636||49981.5390625|180.25||18031.25|178|49981.5390625|884342|BKP184|0|1782|0|||3|3|0|1|1|132|83|["132,18,5,3735","132,210,2,2121"]|636148147815390000|13:53:01:539
62|1.1|636147904797927472|884342|49986.5390625|12.2308011559|100.4280315597|-34903|-160956||49986.5390625|180.25||18025|178|49986.5390625|884342|BKP184|0|1782|0|||3|3|0|1|1|132|83|["132,18,5,3735","132,210,2,2121"]|636148147865390000|13:53:06:539
62|1.1|636147904847842463|884342|49991.515625|12.23683075274|100.42821394964|-34882|-160289||49991.515625|180.25||18025|178|49991.515625|884342|BKP184|0|1782|0|||3|3|0|1|1|132|5|["132,18,5,3735","132,210,2,2121"]|636148147915160000|13:53:11:516
62|1.1|636147904897767455|884342|49996.515625|12.24310174803|100.42857336511|-34842|-159595||49996.515625|180.25||18025|178|49996.515625|884342|BKP184|0|1782|0|||3|3|0|1|1|132|5|["132,18,5,3735","132,210,2,2121"]|636148147965160000|13:53:16:516
62|1.1|636147904947692447|884342|50001.5|12.2481818443|100.42892205176|-34803|-159033||50001.5|180||18018.75|178|50001.5|884342|BKP184|0|1782|0|||3|3|0|1|1|132|210|["132,18,5,3735","132,210,2,2121"]|636148148015000000|13:53:21:500
62|1.1|636147904997607438|884342|50006.5|12.25373937306|100.42905616201|-34788|-158419||50006.5|180||17987.5|177.75|50006.5|884342|BKP184|0|1782|0|||3|3|0|1|1|132|210|["132,18,5,3735","132,210,2,2121"]|636148148065000000|13:53:26:500
62|1.1|636147905047532430|884342|50011.5|12.26045024997|100.42933511133|-34757|-157676||50011.5|180||18000|177.75|50011.5|884342|BKP184|0|1782|0|||3|3|0|1|1|132|83|["132,18,5,3735","132,210,2,2121"]|636148148115000000|13:53:31:500
62|1.1|636147905097457422|884342|50016.4765625|12.26667296557|100.4296408827|-34722|-156988||50016.4765625|180||18000|177.75|50016.4765625|884342|BKP184|0|1782|0|||3|3|0|1|1|132|83|["132,18,5,3735","132,210,2,2121"]|636148148164770000|13:53:36:477
62|1.1|636147905147372413|884342|50021.4765625|12.27227877402|100.42992519643|-34690|-156367||50021.4765625|180||18000|177.75|50021.4765625|884342|BKP184|0|1782|0|||3|3|0|1|1|132|83|["132,18,5,3735","132,210,2,2121"]|636148148214770000|13:53:41:477
62|1.1|636147905197297405|884342|50026.4609375|12.27820108266|100.43025778985|-34654|-155712||50026.4609375|180||18000|177.75|50026.4609375|884342|BKP184|0|1782|0|||3|3|0|1|1|132|5|["132,18,5,3735","132,210,2,2121"]|636148148264610000|13:53:46:461
62|1.1|636147905247222397|884342|50031.4609375|12.28404292515|100.43054746799|-34621|-155066||50031.4609375|180||17993.75|177.75|50031.4609375|884342|BKP184|0|1782|0|||3|3|0|1|1|132|5|["132,18,5,3735","132,210,2,2121"]|636148148314610000|13:53:51:461
62|1.1|636147905297157390|884342|50036.4609375|12.2899705982|100.43086396818|-34586|-154410||50036.4609375|180||18000|177.75|50036.4609375|884342|BKP184|0|1782|0|||3|3|0|1|1|132|5|["132,18,5,3735","132,210,2,2121"]|636148148364610000|13:53:56:461
62|1.1|636147905347062380|884342|50041.4375|12.29634888169|100.43118046837|-34551|-153704||50041.4375|180||18000|177.75|50041.4375|884342|BKP184|0|1782|0|||3|3|0|1|1|132|83|["132,18,5,3735","132,210,2,2121"]|636148148414380000|13:54:01:438
62|1.1|636147905396987372|884342|50046.4375|12.30288809748|100.43149696856|-34515|-152981||50046.4375|180||18006.25|177.75|50046.4375|884342|BKP184|0|1782|0|||3|3|0|1|1|132|210|["132,18,5,3735","132,210,2,2121"]|636148148464380000|13:54:06:438
62|1.1|636147905446912364|884342|50051.421875|12.3089069655|100.43183492639|-34478|-152315||50051.421875|180||18000|177.75|50051.421875|884342|BKP184|0|1782|0|||3|3|0|1|1|132|83|["132,18,5,3735","132,210,2,2121"]|636148148514220000|13:54:11:422
62|1.1|636147905496827355|884342|50056.421875|12.31467370625|100.43211924012|-34446|-151677||50056.421875|180.25||18018.75|178|50056.421875|884342|BKP184|0|1782|0|||3|3|0|1|1|132|83|["132,18,5,3735","132,210,2,2121"]|636148148564220000|13:54:16:422
62|1.1|636147905546752347|884342|50061.421875|12.32057992166|100.43243574031|-34411|-151024||50061.421875|180.25||18031.25|178|50061.421875|884342|BKP184|0|1782|0|||3|3|0|1|1|132|83|["132,18,5,3735","132,210,2,2121"]|636148148614220000|13:54:21:422
62|1.1|636147905596667338|884342|50066.3984375|12.32666852701|100.43274151168|-34377|-150350||50066.3984375|180.25||18031.25|178|50066.3984375|884342|BKP184|0|1782|0|||3|3|0|1|1|132|83|["132,18,5,3735","132,210,2,2121"]|636148148663980000|13:54:26:398
62|1.1|636147905646592330|884342|50071.3984375|12.33252109832|100.43306874069|-34340|-149702||50071.3984375|180||18031.25|178|50071.3984375|884342|BKP184|0|1782|0|||3|3|0|1|1|132|210|["132,18,5,3735","132,210,2,2121"]|636148148713980000|13:54:31:398
62|1.1|636147905696517322|884342|50076.375|12.33858824603|100.4333959697|-34304|-149031||50076.375|180||18025|178|50076.375|884342|BKP184|0|1782|0|||3|3|0|1|1|132|210|["132,18,5,3735","132,210,2,2121"]|636148148763750000|13:54:36:375
62|1.1|636147905746442314|884342|50081.375|12.34498262275|100.43372319871|-34267|-148324||50081.375|180.25||18031.25|178|50081.375|884342|BKP184|0|1782|0|||3|3|0|1|1|132|83|["132,18,5,3735","132,210,2,2121"]|636148148813750000|13:54:41:375
62|1.1|636147905796367306|884342|50086.375|12.35049187182|100.43403433449|-34233|-147714||50086.375|180.25||18025|178|50086.375|884342|BKP184|0|1782|0|||3|3|0|1|1|132|83|["132,18,5,3735","132,210,2,2121"]|636148148863750000|13:54:46:375
62|1.1|636147905846282297|884342|50091.359375|12.35624251934|100.43432401263|-34200|-147078||50091.359375|180.25||18025|178|50091.359375|884342|BKP184|0|1782|0|||3|3|0|1|1|132|83|["132,18,5,3735","132,210,2,2121"]|636148148913590000|13:54:51:359
62|1.1|636147905896207289|884342|50096.359375|12.36286756569|100.43469415692|-34159|-146345||50096.359375|180.25||18025|178|50096.359375|884342|BKP184|0|1782|0|||3|3|0|1|1|132|5|["132,18,5,3735","132,210,2,2121"]|636148148963590000|13:54:56:359
62|1.1|636147905946122280|884342|50101.3359375|12.36887570489|100.43498383506|-34127|-145681||50101.3359375|180.25||18025|178|50101.3359375|884342|BKP184|0|1782|0|||3|3|0|1|1|132|5|["132,18,5,3735","132,210,2,2121"]|636148149013360000|13:55:01:336
62|1.1|636147905996047272|884342|50106.3359375|12.3754792936|100.43531642848|-34090|-144950||50106.3359375|180.25||18031.25|178|50106.3359375|884342|BKP184|0|1782|0|||3|3|0|1|1|132|83|["132,18,5,3735","132,210,2,2121"]|636148149063360000|13:55:06:336
62|1.1|636147906045972264|884342|50111.3359375|12.38176101771|100.43563292867|-34055|-144255||50111.3359375|180||18012.5|177.75|50111.3359375|884342|BKP184|0|1782|0|||3|3|0|1|1|132|5|["132,18,5,3735","132,210,2,2121"]|636148149113360000|13:55:11:336
62|1.1|636147906095887255|884342|50116.3203125|12.38802128418|100.43596552209|-34018|-143563||50116.3203125|180||18006.25|177.75|50116.3203125|884342|BKP184|0|1782|0|||3|3|0|1|1|132|83|["132,18,5,3735","132,210,2,2121"]|636148149163200000|13:55:16:320
62|1.1|636147906145812247|884342|50121.3203125|12.39353053325|100.43628738669|-33982|-142953||50121.3203125|180.25||18006.25|177.75|50121.3203125|884342|BKP184|0|1782|0|||3|3|0|1|1|132|83|["132,18,5,3735","132,210,2,2121"]|636148149213200000|13:55:21:320
62|1.1|636147906195737239|884342|50126.296875|12.39878229064|100.43659852247|-33947|-142372||50126.296875|180||18000|177.75|50126.296875|884342|BKP184|0|1782|0|||3|3|0|1|1|132|5|["132,18,5,3735","132,210,2,2121"]|636148149262970000|13:55:26:297
62|1.1|636147906245652230|884342|50131.296875|12.40502646388|100.43691502266|-33912|-141681||50131.296875|180||18000|177.75|50131.296875|884342|BKP184|0|1782|0|||3|3|0|1|1|132|83|["132,18,5,3735","132,210,2,2121"]|636148149312970000|13:55:31:297
62|1.1|636147906295587223|884342|50136.296875|12.41105606072|100.43724225167|-33876|-141014||50136.296875|180||17993.75|177.75|50136.296875|884342|BKP184|0|1782|0|||3|3|0|1|1|132|210|["132,18,5,3735","132,210,2,2121"]|636148149362970000|13:55:36:297
62|1.1|636147906345492213|884342|50141.28125|12.41770792912|100.43759093832|-33837|-140278||50141.28125|180.25||18025|178|50141.28125|884342|BKP184|0|1782|0|||3|3|0|1|1|132|83|["132,18,5,3735","132,210,2,2121"]|636148149412810000|13:55:41:281
62|1.1|636147906395417205|884342|50146.28125|12.42339420372|100.43791280292|-33801|-139649||50146.28125|180.25||18025|178|50146.28125|884342|BKP184|0|1782|0|||3|3|0|1|1|132|83|["132,18,5,3735","132,210,2,2121"]|636148149462810000|13:55:46:281
62|1.1|636147906445342197|884342|50151.2578125|12.42878007136|100.4382239387|-33766|-139053||50151.2578125|180.25||18031.25|178|50151.2578125|884342|BKP184|0|1782|0|||3|3|0|1|1|132|83|["132,18,5,3735","132,210,2,2121"]|636148149512580000|13:55:51:258
62|1.1|636147906495257188|884342|50156.2578125|12.43525491423|100.43854043889|-33731|-138337||50156.2578125|180||18000|177.75|50156.2578125|884342|BKP184|0|1782|0|||3|3|0|1|1|132|5|["132,18,5,3735","132,210,2,2121"]|636148149562580000|13:55:56:258
62|1.1|636147906545182180|884342|50161.2578125|12.44132206194|100.4388676679|-33695|-137666||50161.2578125|180||17993.75|177.75|50161.2578125|884342|BKP184|0|1782|0|||3|3|0|1|1|132|83|["132,18,5,3735","132,210,2,2121"]|636148149612580000|13:56:01:258
62|1.1|636147906595107172|884342|50166.2421875|12.44716926884|100.43918416809|-33660|-137019||50166.2421875|180.25||18012.5|177.75|50166.2421875|884342|BKP184|0|1782|0|||3|3|0|1|1|132|83|["132,18,5,3735","132,210,2,2121"]|636148149662420000|13:56:06:242
62|1.1|636147906645042165|884342|50171.2421875|12.45275361965|100.43946848182|-33628|-136401||50171.2421875|180.25||18025|178|50171.2421875|884342|BKP184|0|1782|0|||3|3|0|1|1|132|83|["132,18,5,3735","132,210,2,2121"]|636148149712420000|13:56:11:242
62|1.1|636147906694947155|884342|50176.21875|12.45905143699|100.43979034642|-33592|-135704||50176.21875|180.25||18037.5|178|50176.21875|884342|BKP184|0|1782|0|||3|3|0|1|1|132|83|["132,18,5,3735","132,210,2,2121"]|636148149762190000|13:56:16:219
62|1.1|636147906744872147|884342|50181.21875|12.46559065278|100.44011757543|-33556|-134981||50181.21875|180||18043.75|178|50181.21875|884342|BKP184|0|1782|0|||3|3|0|1|1|132|210|["132,18,5,3735","132,210,2,2121"]|636148149812190000|13:56:21:219
62|1.1|636147906794797139|884342|50186.21875|12.47237663143|100.44043944003|-33520|-134230||50186.21875|180||18037.5|178|50186.21875|884342|BKP184|0|1782|0|||3|3|0|1|1|132|210|["132,18,5,3735","132,210,2,2121"]|636148149862190000|13:56:26:219
62|1.1|636147906844712130|884342|50191.1953125|12.47807899926|100.44078276227|-33482|-133599||50191.1953125|180||18031.25|178|50191.1953125|884342|BKP184|0|1782|0|||3|3|0|1|1|132|210|["132,18,5,3735","132,210,2,2121"]|636148149911950000|13:56:31:195
62|1.1|636147906894637122|884342|50196.1953125|12.4841622402|100.44110462687|-33446|-132926||50196.1953125|180||18031.25|178|50196.1953125|884342|BKP184|0|1782|0|||3|3|0|1|1|132|210|["132,18,5,3735","132,210,2,2121"]|636148149961950000|13:56:36:195
62|1.1|636147906944562114|884342|50201.1796875|12.49019183704|100.4414425847|-33408|-132259||50201.1796875|180.25||18025|178|50201.1796875|884342|BKP184|0|1782|0|||3|3|0|1|1|132|5|["132,18,5,3735","132,210,2,2121"]|636148150011800000|13:56:41:180
62|1.1|636147906994487106|884342|50206.1796875|12.49544895884|100.44174299166|-33375|-131677||50206.1796875|180.25||18025|178|50206.1796875|884342|BKP184|0|1782|0|||3|3|0|1|1|132|5|["132,18,5,3735","132,210,2,2121"]|636148150061800000|13:56:46:180
62|1.1|636147907044412098|884342|50211.1796875|12.50134444543|100.44206485626|-33339|-131025||50211.1796875|180.25||18025|178|50211.1796875|884342|BKP184|0|1782|0|||3|3|0|1|1|132|5|["132,18,5,3735","132,210,2,2121"]|636148150111800000|13:56:51:180
62|1.1|636147907094327089|884342|50216.15625|12.50767444923|100.44238135645|-33304|-130324||50216.15625|180.25||18031.25|178|50216.15625|884342|BKP184|0|1782|0|||3|3|0|1|1|132|5|["132,18,5,3735","132,210,2,2121"]|636148150161560000|13:56:56:156
62|1.1|636147907144252081|884342|50221.15625|12.51353774936|100.44269249223|-33269|-129676||50221.15625|180||18031.25|178|50221.15625|884342|BKP184|0|1782|0|||3|3|0|1|1|132|210|["132,18,5,3735","132,210,2,2121"]|636148150211560000|13:57:01:156
62|1.1|636147907194177073|884342|50226.140625|12.52004477869|100.44301972124|-33233|-128956||50226.140625|180||18025|178|50226.140625|884342|BKP184|0|1782|0|||3|3|0|1|1|132|210|["132,18,5,3735","132,210,2,2121"]|636148150261410000|13:57:06:141
62|1.1|636147907244092064|884342|50231.140625|12.52658935889|100.44334695025|-33196|-128232||50231.140625|180||18012.5|177.75|50231.140625|884342|BKP184|0|1782|0|||3|3|0|1|1|132|5|["132,18,5,3735","132,210,2,2121"]|636148150311410000|13:57:11:141
62|1.1|636147907294017056|884342|50236.140625|12.53290863387|100.44367954367|-33160|-127533||50236.140625|180||17993.75|177.75|50236.140625|884342|BKP184|0|1782|0|||3|3|0|1|1|132|83|["132,18,5,3735","132,210,2,2121"]|636148150361410000|13:57:16:141
62|1.1|636147907343942048|884342|50241.1171875|12.53907234096|100.44399067945|-33125|-126851||50241.1171875|180||17993.75|177.75|50241.1171875|884342|BKP184|0|1782|0|||3|3|0|1|1|132|83|["132,18,5,3735","132,210,2,2121"]|636148150411170000|13:57:21:117
62|1.1|636147907393847038|884342|50246.1171875|12.54464059854|100.44431254405|-33089|-126235||50246.1171875|180||17993.75|177.75|50246.1171875|884342|BKP184|0|1782|0|||3|3|0|1|1|132|210|["132,18,5,3735","132,210,2,2121"]|636148150461170000|13:57:26:117
62|1.1|636147907443772030|884342|50251.1015625|12.55057900041|100.44463977306|-33053|-125578||50251.1015625|180||17993.75|177.75|50251.1015625|884342|BKP184|0|1782|0|||3|3|0|1|1|132|210|["132,18,5,3735","132,210,2,2121"]|636148150511020000|13:57:31:102
62|1.1|636147907493697022|884342|50256.1015625|12.55699483477|100.44495627325|-33018|-124868||50256.1015625|180||18000|177.75|50256.1015625|884342|BKP184|0|1782|0|||3|3|0|1|1|132|210|["132,18,5,3735","132,210,2,2121"]|636148150561020000|13:57:36:102
62|1.1|636147907543622014|884342|50261.1015625|12.56266501614|100.44527277344|-32982|-124241||50261.1015625|180||18000|177.75|50261.1015625|884342|BKP184|0|1782|0|||3|3|0|1|1|132|5|["132,18,5,3735","132,210,2,2121"]|636148150611020000|13:57:41:102
62|1.1|636147907593537005|884342|50266.078125|12.56876435031|100.44561073127|-32945|-123566||50266.078125|180||18000|177.75|50266.078125|884342|BKP184|0|1782|0|||3|3|0|1|1|132|83|["132,18,5,3735","132,210,2,2121"]|636148150660780000|13:57:46:078
62|1.1|636147907643461997|884342|50271.078125|12.57459009957|100.44587895177|-32915|-122922||50271.078125|180||18000|177.75|50271.078125|884342|BKP184|0|1782|0|||3|3|0|1|1|132|5|["132,18,5,3735","132,210,2,2121"]|636148150710780000|13:57:51:078
62|1.1|636147907693386989|884342|50276.0625|12.58128488325|100.44619008755|-32880|-122181||50276.0625|180||18000|177.75|50276.0625|884342|BKP184|0|1782|0|||3|3|0|1|1|132|83|["132,18,5,3735","132,210,2,2121"]|636148150760630000|13:57:56:063
62|1.1|636147907743301980|884342|50281.0625|12.58685314083|100.44652268097|-32843|-121565||50281.0625|180||18000|177.75|50281.0625|884342|BKP184|0|1782|0|||3|3|0|1|1|132|83|["132,18,5,3735","132,210,2,2121"]|636148150810630000|13:58:01:063
62|1.1|636147907793236973|884342|50286.0625|12.59317241581|100.44683918116|-32808|-120866||50286.0625|180||18006.25|177.75|50286.0625|884342|BKP184|0|1782|0|||3|3|0|1|1|132|210|["132,18,5,3735","132,210,2,2121"]|636148150860630000|13:58:06:063
62|1.1|636147907843151964|884342|50291.0390625|12.59870312252|100.44714495253|-32774|-120254||50291.0390625|180||18000|177.75|50291.0390625|884342|BKP184|0|1782|0|||3|3|0|1|1|132|210|["132,18,5,3735","132,210,2,2121"]|636148150910390000|13:58:11:039
62|1.1|636147907893076956|884342|50296.0390625|12.6055051944|100.44749363918|-32735|-119502||50296.0390625|180||17993.75|177.75|50296.0390625|884342|BKP184|0|1782|0|||3|3|0|1|1|132|83|["132,18,5,3735","132,210,2,2121"]|636148150960390000|13:58:16:039
62|1.1|636147907942991947|884342|50301.015625|12.6105477398|100.44775649527|-32706|-118944||50301.015625|180||18000|177.75|50301.015625|884342|BKP184|0|1782|0|||3|3|0|1|1|132|5|["132,18,5,3735","132,210,2,2121"]|636148151010160000|13:58:21:016
62|1.1|636147907992916939|884342|50306.015625|12.61706013354|100.44806763105|-32671|-118223||50306.015625|180||18000|177.75|50306.015625|884342|BKP184|0|1782|0|||3|3|0|1|1|132|5|["132,18,5,3735","132,210,2,2121"]|636148151060160000|13:58:26:016
62|1.1|636147908042841931|884342|50311.015625|12.62374955281|100.44840558888|-32634|-117483||50311.015625|180.25||18012.5|177.75|50311.015625|884342|BKP184|0|1782|0|||3|3|0|1|1|132|5|["132,18,5,3735","132,210,2,2121"]|636148151110160000|13:58:31:016
62|1.1|636147908092756922|884342|50316|12.63016002276|100.44872208907|-32598|-116774||50316|180||18031.25|178|50316|884342|BKP184|0|1782|0|||3|3|0|1|1|132|210|["132,18,5,3735","132,210,2,2121"]|636148151160000000|13:58:36:000
62|1.1|636147908142531899|884342|50321|12.636404196|100.4490600469|-32561|-116083||50321|180||18037.5|178|50321|884342|BKP184|0|1782|0|||3|3|0|1|1|132|210|["132,18,5,3735","132,210,2,2121"]|636148151210000000|13:58:41:000
62|1.1|636147908192606906|884342|50325.9765625|12.64215484352|100.44941946237|-32521|-115447||50325.9765625|180.25||18025|178|50325.9765625|884342|BKP184|0|1782|0|||3|3|0|1|1|132|5|["132,18,5,3735","132,210,2,2121"]|636148151259770000|13:58:45:977
62|1.1|636147908242531898|884342|50330.9765625|12.64705791426|100.4497037761|-32490|-114905||50330.9765625|180.25||18025|178|50330.9765625|884342|BKP184|0|1782|0|||3|3|0|1|1|132|5|["132,18,5,3735","132,210,2,2121"]|636148151309770000|13:58:50:977
62|1.1|636147908292446889|884342|50335.9765625|12.65341474011|100.45003636952|-32453|-114202||50335.9765625|180.25||18025|178|50335.9765625|884342|BKP184|0|1782|0|||3|3|0|1|1|132|5|["132,18,5,3735","132,210,2,2121"]|636148151359770000|13:58:55:977
62|1.1|636147908342371881|884342|50340.9609375|12.65969109981|100.4503475053|-32418|-113507||50340.9609375|180||18025|178|50340.9609375|884342|BKP184|0|1782|0|||3|3|0|1|1|132|210|["132,18,5,3735","132,210,2,2121"]|636148151409610000|13:59:00:961
62|1.1|636147908392286872|884342|50345.9609375|12.6657475187|100.45068009872|-32381|-112837||50345.9609375|180||18025|178|50345.9609375|884342|BKP184|0|1782|0|||3|3|0|1|1|132|210|["132,18,5,3735","132,210,2,2121"]|636148151459610000|13:59:05:961
62|1.1|636147908442221865|884342|50350.9375|12.67217944629|100.45101269214|-32344|-112125||50350.9375|180.25||18025|178|50350.9375|884342|BKP184|0|1782|0|||3|3|0|1|1|132|210|["132,18,5,3735","132,210,2,2121"]|636148151509380000|13:59:10:938
62|1.1|636147908492126855|884342|50355.9375|12.67865428916|100.45134528556|-32307|-111409||50355.9375|180||18006.25|178|50355.9375|884342|BKP184|0|1782|0|||3|3|0|1|1|132|5|["132,18,5,3735","132,210,2,2121"]|636148151559380000|13:59:15:938
62|1.1|636147908541891831|884342|50360.9375|12.68419572469|100.45166178575|-32272|-110796||50360.9375|180||18000|177.75|50360.9375|884342|BKP184|0|1782|0|||3|3|0|1|1|132|5|["132,18,5,3735","132,210,2,2121"]|636148151609380000|13:59:20:938
62|1.1|636147908591826824|884342|50365.921875|12.68987663488|100.45199437917|-32235|-110167||50365.921875|180.25||18006.25|177.75|50365.921875|884342|BKP184|0|1782|0|||3|3|0|1|1|132|210|["132,18,5,3735","132,210,2,2121"]|636148151659220000|13:59:25:922
62|1.1|636147908641751816|884342|50370.921875|12.69626028278|100.452332337|-32198|-109462||50370.921875|180||18018.75|178|50370.921875|884342|BKP184|0|1782|0|||3|3|0|1|1|132|210|["132,18,5,3735","132,210,2,2121"]|636148151709220000|13:59:30:922
62|1.1|636147908691816822|884342|50375.8984375|12.70229524403|100.45267029483|-32160|-108794||50375.8984375|180||18018.75|178|50375.8984375|884342|BKP184|0|1782|0|||3|3|0|1|1|132|210|["132,18,5,3735","132,210,2,2121"]|636148151758980000|13:59:35:898
62|1.1|636147908741741814|884342|50380.8984375|12.70836239174|100.45304043912|-32119|-108123||50380.8984375|180||18025|178|50380.8984375|884342|BKP184|0|1782|0|||3|3|0|1|1|132|210|["132,18,5,3735","132,210,2,2121"]|636148151808980000|13:59:40:898
62|1.1|636147908791506790|884342|50385.8984375|12.71502498896|100.45334084608|-32086|-107385||50385.8984375|180||18006.25|177.75|50385.8984375|884342|BKP184|0|1782|0|||3|3|0|1|1|132|210|["132,18,5,3735","132,210,2,2121"]|636148151858980000|13:59:45:898
62|1.1|636147908841431782|884342|50390.875|12.72122088251|100.45371635478|-32044|-106700||50390.875|180||18000|177.75|50390.875|884342|BKP184|0|1782|0|||3|3|0|1|1|132|210|["132,18,5,3735","132,210,2,2121"]|636148151908750000|13:59:50:875
62|1.1|636147908891346773|884342|50395.875|12.72739531842|100.45411868553|-31999|-106017||50395.875|180||18000|177.75|50395.875|884342|BKP184|0|1782|0|||3|3|0|1|1|132|210|["132,18,5,3735","132,210,2,2121"]|636148151958750000|13:59:55:875
62|1.1|636147908941271765|884342|50400.859375|12.73332299147|100.45440299926|-31968|-105361||50400.859375|180.25||18025|178|50400.859375|884342|BKP184|0|1782|0|||3|3|0|1|1|132|83|["132,18,5,3735","132,210,2,2121"]|636148152008590000|14:00:00:859
62|1.1|636147908991196757|884342|50405.859375|12.73871958793|100.45465512653|-31940|-104764||50405.859375|180||18000|177.75|50405.859375|884342|BKP184|0|1782|0|||3|3|0|1|1|132|5|["132,18,5,3735","132,210,2,2121"]|636148152058590000|14:00:05:859
62|1.1|636147909041121749|884342|50410.859375|12.74453460837|100.45491261821|-31911|-104121||50410.859375|180||18000|177.75|50410.859375|884342|BKP184|0|1782|0|||3|3|0|1|1|132|210|["132,18,5,3735","132,210,2,2121"]|636148152108590000|14:00:10:859
62|1.1|636147909091036740|884342|50415.8359375|12.75036035763|100.45521838958|-31877|-103476||50415.8359375|180||17993.75|177.75|50415.8359375|884342|BKP184|0|1782|0|||3|3|0|1|1|132|210|["132,18,5,3735","132,210,2,2121"]|636148152158360000|14:00:15:836
62|1.1|636147909140961732|884342|50420.8359375|12.75638995447|100.45551343213|-31844|-102809||50420.8359375|180||17993.75|177.75|50420.8359375|884342|BKP184|0|1782|0|||3|3|0|1|1|132|210|["132,18,5,3735","132,210,2,2121"]|636148152208360000|14:00:20:836
62|1.1|636147909190886724|884342|50425.8203125|12.76297744995|100.45584066114|-31808|-102081||50425.8203125|180||18000|177.75|50425.8203125|884342|BKP184|0|1782|0|||3|3|0|1|1|132|210|["132,18,5,3735","132,210,2,2121"]|636148152258200000|14:00:25:820
62|1.1|636147909240801715|884342|50430.8203125|12.76880319921|100.4561410681|-31774|-101436||50430.8203125|180||18000|177.75|50430.8203125|884342|BKP184|0|1782|0|||3|3|0|1|1|132|210|["132,18,5,3735","132,210,2,2121"]|636148152308200000|14:00:30:820
62|1.1|636147909290726707|884342|50435.8203125|12.77481133841|100.45648439034|-31737|-100771||50435.8203125|180||18000|177.75|50435.8203125|884342|BKP184|0|1782|0|||3|3|0|1|1|132|5|["132,18,5,3735","132,210,2,2121"]|636148152358200000|14:00:35:820
62|1.1|636147909340641698|884342|50440.796875|12.78067463854|100.45680625494|-31701|-100123||50440.796875|180||18000|177.75|50440.796875|884342|BKP184|0|1782|0|||3|3|0|1|1|132|5|["132,18,5,3735","132,210,2,2121"]|636148152407970000|14:00:40:797
62|1.1|636147909390566690|884342|50445.796875|12.78720312551|100.45714421277|-31663|-99401||50445.796875|180||18000|177.75|50445.796875|884342|BKP184|0|1782|0|||3|3|0|1|1|132|5|["132,18,5,3735","132,210,2,2121"]|636148152457970000|14:00:45:797
62|1.1|636147909440481681|884342|50450.78125|12.79323272235|100.45746607737|-31627|-98733||50450.78125|180||18006.25|177.75|50450.78125|884342|BKP184|0|1782|0|||3|3|0|1|1|132|5|["132,18,5,3735","132,210,2,2121"]|636148152507810000|14:00:50:781
62|1.1|636147909490406673|884342|50455.78125|12.79918721745|100.4578040352|-31590|-98074||50455.78125|180||18000|177.75|50455.78125|884342|BKP184|0|1782|0|||3|3|0|1|1|132|18|["132,18,5,3735","132,210,2,2121"]|636148152557810000|14:00:55:781
62|1.1|636147909540331665|884342|50460.78125|12.80565669591|100.45813662862|-31553|-97359||50460.78125|180||18006.25|177.75|50460.78125|884342|BKP184|0|1782|0|||3|3|0|1|1|132|18|["132,18,5,3735","132,210,2,2121"]|636148152607810000|14:01:00:781
62|1.1|636147909590256657|884342|50465.7578125|12.8119276912|100.45847995086|-31515|-96665||50465.7578125|180||18000|177.75|50465.7578125|884342|BKP184|0|1782|0|||3|3|0|1|1|132|5|["132,18,5,3735","132,210,2,2121"]|636148152657580000|14:01:05:758
62|1.1|636147909640181649|884342|50470.7578125|12.81837571202|100.45883936633|-31475|-95952||50470.7578125|180||18000|177.75|50470.7578125|884342|BKP184|0|1782|0|||3|3|0|1|1|132|5|["132,18,5,3735","132,210,2,2121"]|636148152707580000|14:01:10:758
62|1.1|636147909690096640|884342|50475.7421875|12.82461988526|100.45918805298|-31437|-95261||50475.7421875|180||18000|177.75|50475.7421875|884342|BKP184|0|1782|0|||3|3|0|1|1|132|5|["132,18,5,3735","132,210,2,2121"]|636148152757420000|14:01:15:742
62|1.1|636147909740021632|884342|50480.7421875|12.83003257495|100.45950455317|-31402|-94662||50480.7421875|180.25||18025|178|50480.7421875|884342|BKP184|0|1782|0|||3|3|0|1|1|132|18|["132,18,5,3735","132,210,2,2121"]|636148152807420000|14:01:20:742
62|1.1|636147909789936623|884342|50485.7421875|12.83549354433|100.45981568895|-31367|-94058||50485.7421875|180||18006.25|178|50485.7421875|884342|BKP184|0|1782|0|||3|3|0|1|1|132|18|["132,18,5,3735"]|636148152857420000|14:01:25:742
62|1.1|636147909839861615|884342|50490.71875|12.84224733652|100.46013755355|-31331|-93311||50490.71875|180||18000|177.75|50490.71875|884342|BKP184|0|1782|0|||3|3|0|1|1|132|18|["132,18,5,3735"]|636148152907190000|14:01:30:719
62|1.1|636147909889786607|884342|50495.71875|12.84854515386|100.46047014697|-31294|-92614||50495.71875|180||17993.75|177.75|50495.71875|884342|BKP184|0|1782|0|||3|3|0|1|1|132|18|["132,18,5,3735"]|636148152957190000|14:01:35:719
62|1.1|636147909939711599|884342|50500.6953125|12.85485370002|100.46081346921|-31256|-91916||50500.6953125|180.25||18025|178|50500.6953125|884342|BKP184|0|1782|0|||3|3|0|1|1|132|5|["132,18,5,3735"]|636148153006950000|14:01:40:695
62|1.1|636147909989626590|884342|50505.6953125|12.86110323767|100.46116752027|-31217|-91225||50505.6953125|180||18031.25|178|50505.6953125|884342|BKP184|0|1782|0|||3|3|0|1|1|132|210|["132,18,5,3735","132,210,2,2194"]|636148153056950000|14:01:45:695
62|1.1|636147910039551582|884342|50510.6953125|12.8673420465|100.46151084251|-31179|-90535||50510.6953125|180||18037.5|178|50510.6953125|884342|BKP184|0|1782|0|||3|3|0|1|1|132|210|["132,18,5,3735","132,210,2,2194"]|636148153106950000|14:01:50:695
62|1.1|636147910089466573|884342|50515.6796875|12.87315706694|100.46181661388|-31145|-89891||50515.6796875|180||18006.25|178|50515.6796875|884342|BKP184|0|1782|0|||3|3|0|1|1|132|210|["132,18,5,3735","132,210,2,2194"]|636148153156800000|14:01:55:680
62|1.1|636147910139391565|884342|50520.6796875|12.87911692645|100.46215457171|-31108|-89232||50520.6796875|180||18000|177.75|50520.6796875|884342|BKP184|0|1782|0|||3|3|0|1|1|132|5|["132,18,5,3735","132,210,2,2194"]|636148153206800000|14:02:00:680
62|1.1|636147910189316557|884342|50525.65625|12.88503923509|100.46245497867|-31074|-88577||50525.65625|180||17993.75|177.75|50525.65625|884342|BKP184|0|1782|0|||3|3|0|1|1|132|5|["132,18,5,3735","132,210,2,2194"]|636148153256560000|14:02:05:656
62|1.1|636147910239241549|884342|50530.65625|12.89042510273|100.46277684327|-31039|-87981||50530.65625|180||18000|177.75|50530.65625|884342|BKP184|0|1782|0|||3|3|0|1|1|132|5|["132,18,5,3735","132,210,2,2194"]|636148153306560000|14:02:10:656
62|1.1|636147910289156540|884342|50535.65625|12.89666391156|100.46308797905|-31004|-87291||50535.65625|180||17993.75|177.75|50535.65625|884342|BKP184|0|1782|0|||3|3|0|1|1|132|5|["132,18,5,3735","132,210,2,2194"]|636148153356560000|14:02:15:656
62|1.1|636147910339081532|884342|50540.640625|12.90261304225|100.46342057247|-30967|-86633||50540.640625|180||17993.75|177.75|50540.640625|884342|BKP184|0|1782|0|||3|3|0|1|1|132|210|["132,18,5,3735","132,210,2,2195"]|636148153406410000|14:02:20:641
62|1.1|636147910388996523|884342|50545.640625|12.90824030834|100.46372097943|-30934|-86010||50545.640625|180||18000|177.75|50545.640625|884342|BKP184|0|1782|0|||3|3|0|1|1|132|210|["132,18,5,3735","132,210,2,2195"]|636148153456410000|14:02:25:641
62|1.1|636147910438921515|884342|50550.6171875|12.9139587694|100.46401602198|-30901|-85378||50550.6171875|180||18000|177.75|50550.6171875|884342|BKP184|0|1782|0|||3|3|0|1|1|132|210|["132,18,5,3735","132,210,2,2195"]|636148153506170000|14:02:30:617
62|1.1|636147910488846507|884342|50555.6171875|12.92061600221|100.46433788658|-30865|-84641||50555.6171875|180||18000|177.75|50555.6171875|884342|BKP184|0|1782|0|||3|3|0|1|1|132|5|["132,18,5,3735","132,210,2,2195"]|636148153556170000|14:02:35:617
62|1.1|636147910538791501|884342|50560.6171875|12.92673679402|100.46465438677|-30830|-83964||50560.6171875|180||18000|177.75|50560.6171875|884342|BKP184|0|1782|0|||3|3|0|1|1|132|18|["132,18,5,3735","132,210,2,2195"]|636148153606170000|14:02:40:617
62|1.1|636147910588696491|884342|50565.6015625|12.93324382335|100.46500307342|-30792|-83244||50565.6015625|180.25||18025|178|50565.6015625|884342|BKP184|0|1782|0|||3|3|0|1|1|132|5|["132,18,5,3735","132,210,2,2195"]|636148153656020000|14:02:45:602
62|1.1|636147910638611482|884342|50570.6015625|12.93956309833|100.46530348038|-30758|-82545||50570.6015625|180.25||18031.25|178|50570.6015625|884342|BKP184|0|1782|0|||3|3|0|1|1|132|18|["132,18,5,3735","132,210,2,2195"]|636148153706020000|14:02:50:602
62|1.1|636147910688536474|884342|50575.578125|12.94488995746|100.46560925175|-30724|-81956||50575.578125|180.25||18031.25|178|50575.578125|884342|BKP184|0|1782|0|||3|3|0|1|1|132|18|["132,18,5,3735","132,210,2,2195"]|636148153755780000|14:02:55:578
62|1.1|636147910738471467|884342|50580.578125|12.95132188505|100.46594184517|-30687|-81244||50580.578125|180.25||18025|178|50580.578125|884342|BKP184|0|1782|0|||3|3|0|1|1|132|5|["132,18,5,3735","132,210,2,2195"]|636148153805780000|14:03:00:578
62|1.1|636147910788376457|884342|50585.578125|12.95746949891|100.466279803|-30650|-80564||50585.578125|180.25||18025|178|50585.578125|884342|BKP184|0|1782|0|||3|3|0|1|1|132|5|["132,18,5,3735","132,210,2,2195"]|636148153855780000|14:03:05:578
62|1.1|636147910838301449|884342|50590.5625|12.96284463773|100.46658557437|-30616|-79969||50590.5625|180.25||18025|178|50590.5625|884342|BKP184|0|1782|0|||3|3|0|1|1|132|5|["132,18,5,3735"]|636148153905630000|14:03:10:563
62|1.1|636147910888226441|884342|50595.5625|12.96912099743|100.46690207456|-30581|-79275||50595.5625|180.25||18025|178|50595.5625|884342|BKP184|0|1782|0|||3|3|0|1|1|132|18|["132,18,5,3735"]|636148153955630000|14:03:15:563
62|1.1|636147910938151433|884342|50600.5390625|12.97536517067|100.46722930357|-30545|-78584||50600.5390625|180.25||18031.25|178|50600.5390625|884342|BKP184|0|1782|0|||3|3|0|1|1|132|18|["132,18,5,3735"]|636148154005390000|14:03:20:539
62|1.1|636147910988056423|884342|50605.5390625|12.98064375011|100.46752971053|-30512|-78000||50605.5390625|180||18000|177.75|50605.5390625|884342|BKP184|0|1782|0|||3|3|0|1|1|132|18|["132,18,5,3735"]|636148154055390000|14:03:25:539
62|1.1|636147911037981415|884342|50610.5390625|12.98634075353|100.46785157513|-30476|-77370||50610.5390625|180||17987.5|177.75|50610.5390625|884342|BKP184|0|1782|0|||3|3|0|1|1|132|18|["132,18,5,3735"]|636148154105390000|14:03:30:539
62|1.1|636147911087906407|884342|50615.515625|12.99238107919|100.46813588886|-30444|-76702||50615.515625|180||17993.75|177.75|50615.515625|884342|BKP184|0|1782|0|||3|3|0|1|1|132|5|["132,18,5,3735"]|636148154155160000|14:03:35:516
62|1.1|636147911137841400|884342|50620.515625|12.99825510814|100.46846311787|-30408|-76052||50620.515625|180||17993.75|177.75|50620.515625|884342|BKP184|0|1782|0|||3|3|0|1|1|132|18|["132,18,5,3735"]|636148154205160000|14:03:40:516
62|1.1|636147911187756391|884342|50625.5|13.00523420555|100.46877961806|-30373|-75280||50625.5|180||18000|178|50625.5|884342|BKP184|0|1782|0|||3|3|0|1|1|132|18|["132,18,5,3735"]|636148154255000000|14:03:45:500
62|1.1|636147911237681383|884342|50630.5|13.01153202289|100.46909075384|-30338|-74583||50630.5|180||18000|178|50630.5|884342|BKP184|0|1782|0|||3|3|0|1|1|132|18|["132,18,5,3735"]|636148154305000000|14:03:50:500
62|1.1|636147911287596374|884342|50635.5|13.01677305146|100.46940725403|-30303|-74004||50635.5|180||18000|178|50635.5|884342|BKP184|0|1782|0|||3|3|0|1|1|132|18|["132,18,5,3735"]|636148154355000000|14:03:55:500
62|1.1|636147911337521366|884342|50640.4765625|13.02311378408|100.46973984745|-30266|-73302||50640.4765625|180||18000|178|50640.4765625|884342|BKP184|0|1782|0|||3|3|0|1|1|132|5|["132,18,5,3735"]|636148154404770000|14:04:00:477
62|1.1|636147911387436357|884342|50645.4765625|13.02912728769|100.47004025441|-30233|-72637||50645.4765625|180||18000|178|50645.4765625|884342|BKP184|0|1782|0|||3|3|0|1|1|132|5|["132,18,5,3735"]|636148154454770000|14:04:05:477
62|1.1|636147911437371350|884342|50650.4609375|13.03560213056|100.47037821224|-30196|-71920||50650.4609375|180.25||18025|178|50650.4609375|884342|BKP184|0|1782|0|||3|3|0|1|1|132|18|["132,18,5,3735"]|636148154504610000|14:04:10:461
62|1.1|636147911487276340|884342|50655.4609375|13.04192676995|100.47071617007|-30158|-71221||50655.4609375|180.25||18031.25|178|50655.4609375|884342|BKP184|0|1782|0|||3|3|0|1|1|132|18|["132,18,5,3735"]|636148154554610000|14:04:15:461
62|1.1|636147911537211333|884342|50660.4609375|13.04732873082|100.47102730585|-30124|-70623||50660.4609375|180.25||18031.25|178|50660.4609375|884342|BKP184|0|1782|0|||3|3|0|1|1|132|18|["132,18,5,3735"]|636148154604610000|14:04:20:461
62|1.1|636147911587126324|884342|50665.4375|13.05389476866|100.47136526368|-30086|-69897||50665.4375|180||18006.25|178|50665.4375|884342|BKP184|0|1782|0|||3|3|0|1|1|132|5|["132,18,5,3735"]|636148154654380000|14:04:25:438
62|1.1|636147911637071318|884342|50670.4375|13.05945766183|100.47169249269|-30050|-69281||50670.4375|180||18000|178|50670.4375|884342|BKP184|0|1782|0|||3|3|0|1|1|132|5|["132,18,5,3735"]|636148154704380000|14:04:30:438
62|1.1|636147911686966307|884342|50675.421875|13.06580912327|100.47201435729|-30014|-68578||50675.421875|180||17993.75|178|50675.421875|884342|BKP184|0|1782|0|||3|3|0|1|1|132|5|["132,18,5,3735"]|636148154754220000|14:04:35:422
62|1.1|636147911736891299|884342|50680.421875|13.0721552203|100.47235767953|-29976|-67876||50680.421875|180||17993.75|178|50680.421875|884342|BKP184|0|1782|0|||3|3|0|1|1|132|114|["132,18,5,3735","132,114,4"]|636148154804220000|14:04:40:422
62|1.1|636147911786826292|884342|50685.421875|13.07867834286|100.47326962923|-29876|-67155||50685.421875|180||17993.75|178|50685.421875|884342|BKP184|0|1782|0|||3|3|0|1|1|132|114|["132,18,5,3735","132,114,4"]|636148154854220000|14:04:45:422
62|1.1|636147911836731282|884342|50690.3984375|13.08493860933|100.47391872284|-29805|-66463||50690.3984375|180||18000|178|50690.3984375|884342|BKP184|0|1782|0|||3|3|0|1|1|132|114|["132,18,5,3735","132,114,5,597"]|636148154903980000|14:04:50:398
62|1.1|636147911886666275|884342|50695.3984375|13.08963246808|100.47618786827|-29559|-65943||50695.3984375|180.25||18012.5|178|50695.3984375|884342|BKP184|0|1782|0|||3|3|0|1|1|132|5|["132,18,5,3735","132,114,5,597"]|636148154953980000|14:04:55:398
62|1.1|636147911936581266|884342|50700.375|13.09471256435|100.47908464967|-29244|-65382||50700.375|180.25||18018.75|178|50700.375|884342|BKP184|0|1782|0|||3|3|0|1|1|132|5|["132,18,5,3735","132,114,5,597"]|636148155003750000|14:05:00:375
62|1.1|636147911986506258|884342|50705.375|13.09969610124|100.48271099083|-28850|-64831||50705.375|180.25||18031.25|178|50705.375|884342|BKP184|0|1782|0|||3|3|0|1|1|132|5|["132,18,5,3735","132,114,5,597"]|636148155053750000|14:05:05:375
62|1.1|636147912036431250|884342|50710.375|13.1043953244|100.48709907821|-28374|-64311||50710.375|180.5||18043.75|178.5|50710.375|884342|BKP184|0|1782|0|||3|3|0|1|1|132|5|["132,18,5,3735","132,114,5,597"]|636148155103750000|14:05:10:375
62|1.1|636147912086336240|884342|50715.359375|13.10863857271|100.4909024449|-27961|-63843||50715.359375|180.5||18056.25|178.5|50715.359375|884342|BKP184|0|1782|0|||3|3|0|1|1|132|114|["132,18,5,3735","132,114,4,597"]|636148155153590000|14:05:15:359
62|1.1|636147912136261232|884342|50720.359375|13.11296228717|100.494711176|-27547|-63365||50720.359375|180.25||18037.5|178.5|50720.359375|884342|BKP184|0|1782|0|||3|3|0|1|1|132|114|["132,18,5,3735","132,114,4,597"]|636148155203590000|14:05:20:359
62|1.1|636147912186186224|884342|50725.3359375|13.11746302716|100.49843944095|-27142|-62867||50725.3359375|180.25||18025|178|50725.3359375|884342|BKP184|0|1782|0|||3|3|0|1|1|132|18|["132,18,5,3735","132,114,4,597"]|636148155253360000|14:05:25:336
62|1.1|636147912236101215|884342|50730.3359375|13.1227416066|100.50247347727|-26705|-62283||50730.3359375|180.25||18025|178|50730.3359375|884342|BKP184|0|1782|0|||3|3|0|1|1|132|114|["132,18,5,3735","132,114,5,600"]|636148155303360000|14:05:30:336
62|1.1|636147912286026207|884342|50735.3359375|13.12724234659|100.50605690315|-26315|-61786||50735.3359375|180.25||18025|178|50735.3359375|884342|BKP184|0|1782|0|||3|3|0|1|1|132|114|["132,18,5,3735","132,114,5,600"]|636148155353360000|14:05:35:336
62|1.1|636147912335971201|884342|50740.3203125|13.13149632372|100.50948476114|-25943|-61315||50740.3203125|180||18012.5|178|50740.3203125|884342|BKP184|0|1782|0|||3|3|0|1|1|132|114|["132,18,5,3735","132,114,5,600"]|636148155403200000|14:05:40:320
62|1.1|636147912385876191|884342|50745.3203125|13.13622236893|100.51333104311|-25526|-60793||50745.3203125|180||17993.75|178|50745.3203125|884342|BKP184|0|1782|0|||3|3|0|1|1|132|114|["132,18,5,3735","132,114,5,600"]|636148155453200000|14:05:45:320
62|1.1|636147912435811184|884342|50750.296875|13.14135074489|100.51753674055|-25069|-60226||50750.296875|180||17993.75|178|50750.296875|884342|BKP184|0|1782|0|||3|3|0|1|1|132|114|["132,18,5,3735","132,114,5,600"]|636148155502970000|14:05:50:297
62|1.1|636147912485716174|884342|50755.296875|13.1462913665|100.52161369215|-24626|-59680||50755.296875|180||17993.75|178|50755.296875|884342|BKP184|0|1782|0|||3|3|0|1|1|132|114|["132,18,5,3735","132,114,5,600"]|636148155552970000|14:05:55:297
62|1.1|636147912535631165|884342|50760.296875|13.15127490339|100.52572819462|-24180|-59129||50760.296875|180||18000|178|50760.296875|884342|BKP184|0|1782|0|||3|3|0|1|1|132|114|["132,18,5,3735","132,114,5,600"]|636148155602970000|14:06:00:297
62|1.1|636147912585556157|884342|50765.28125|13.15556643139|100.52926334081|-23796|-58654||50765.28125|180||18000|178|50765.28125|884342|BKP184|0|1782|0|||3|3|0|1|1|132|114|["132,18,5,3735","132,114,5,600"]|636148155652810000|14:06:05:281
62|1.1|636147912635491150|884342|50770.28125|13.16048559536|100.5332812839|-23360|-58111||50770.28125|180||18000|178|50770.28125|884342|BKP184|0|1782|0|||3|3|0|1|1|132|18|["132,18,5,3735","132,114,5,600"]|636148155702810000|14:06:10:281
62|1.1|636147912685406141|884342|50775.2578125|13.16486295392|100.53695054034|-22962|-57627||50775.2578125|180||17993.75|178|50775.2578125|884342|BKP184|0|1782|0|||3|3|0|1|1|132|114|["132,18,5,3735","132,114,5,600"]|636148155752580000|14:06:15:258
62|1.1|636147912735321132|884342|50780.2578125|13.1693583295|100.54064661883|-22561|-57130||50780.2578125|180||17993.75|178|50780.2578125|884342|BKP184|0|1782|0|||3|3|0|1|1|132|18|["132,18,5,3735","132,114,5,600"]|636148155802580000|14:06:20:258
62|1.1|636147912785246124|884342|50785.2578125|13.17421312055|100.54460555341|-22131|-56593||50785.2578125|180||18000|177.75|50785.2578125|884342|BKP184|0|1782|0|||3|3|0|1|1|132|5|["132,18,5,3735","132,114,5,600"]|636148155852580000|14:06:25:258
62|1.1|636147912835181117|884342|50790.2421875|13.17911619129|100.54861813209|-21696|-56051||50790.2421875|180||18000|177.75|50790.2421875|884342|BKP184|0|1782|0|||3|3|0|1|1|132|5|["132,18,5,3735","132,114,5,600"]|636148155902420000|14:06:30:242
62|1.1|636147912885086107|884342|50795.2421875|13.18355255836|100.55227665971|-21299|-55561||50795.2421875|180||17993.75|177.75|50795.2421875|884342|BKP184|0|1782|0|||3|3|0|1|1|132|18|["132,18,5,3735","132,114,5,600"]|636148155952420000|14:06:35:242
62|1.1|636147912935011099|884342|50800.21875|13.1881337645|100.55605320435|-20889|-55054||50800.21875|180||17993.75|177.75|50800.21875|884342|BKP184|0|1782|0|||3|3|0|1|1|132|18|["132,18,5,3735","132,114,5,600"]|636148156002190000|14:06:40:219
62|1.1|636147912984926090|884342|50805.21875|13.19311730139|100.56011942713|-20448|-54503||50805.21875|180||18000|177.75|50805.21875|884342|BKP184|0|1782|0|||3|3|0|1|1|132|18|["132,18,5,3735"]|636148156052190000|14:06:45:219
62|1.1|636147913034851082|884342|50810.21875|13.19810620269|100.56422856519|-20002|-53951||50810.21875|180||18000|177.75|50810.21875|884342|BKP184|0|1782|0|||3|3|0|1|1|132|18|["132,18,5,3735"]|636148156102190000|14:06:50:219
62|1.1|636147913084776074|884342|50815.1953125|13.20249965448|100.56785490635|-19608|-53466||50815.1953125|180||17993.75|177.75|50815.1953125|884342|BKP184|0|1782|0|||3|3|0|1|1|132|18|["132,18,5,3735"]|636148156151950000|14:06:55:195
62|1.1|636147913134701066|884342|50820.1953125|13.2074992846|100.57199623087|-19159|-52913||50820.1953125|179||17925|176.75|50820.1953125|884342|BKP184|0|1782|0|||3|3|0|1|1|132|5|["132,18,5,3735"]|636148156201950000|14:07:00:195
62|1.1|636147913184636059|884342|50825.1796875|13.2122736095|100.57596589427|-18729|-52385||50825.1796875|178.25||17881.25|175.5|50825.1796875|884342|BKP184|0|1782|0|||3|3|0|1|1|132|18|["132,18,5,3735"]|636148156251800000|14:07:05:180
62|1.1|636147913234541049|884342|50830.1796875|13.21671534098|100.57960296425|-18334|-51893||50830.1796875|177||17700|174.5|50830.1796875|884342|BKP184|0|1782|-1100|||3|3|2|1|1|132|18|["132,18,5,3735"]|636148156301800000|14:07:10:180
62|1.1|636147913284456040|884342|50835.1796875|13.22139847091|100.58344388181|-17917|-51376||50835.1796875|175.75||17562.5|173.25|50835.1796875|884342|BKP184|0|1782|-1200|||3|3|2|1|1|132|18|["132,18,5,3735"]|636148156351800000|14:07:15:180
62|1.1|636147913334381032|884342|50840.15625|13.22651075364|100.5876764013|-17458|-50810||50840.15625|174.5||17418.75|171.75|50840.15625|884342|BKP184|0|1782|-1456.25|||3|3|2|1|1|132|18|["132,18,5,3735"]|636148156401560000|14:07:20:156
62|1.1|636147913384306024|884342|50845.15625|13.23166058724|100.59195183607|-16994|-50241||50845.15625|173||17293.75|170.75|50845.15625|884342|BKP184|0|1782|-1437.5|||3|3|2|1|1|132|5|["132,18,5,3735"]|636148156451560000|14:07:25:156
62|1.1|636147913434221015|884342|50850.140625|13.2360379458|100.59554062636|-16605|-49757||50850.140625|172||17187.5|169.5|50850.140625|884342|BKP184|0|1782|-1356.25|||3|3|2|1|1|132|18|["132,18,5,3735"]|636148156501410000|14:07:30:141
62|1.1|636147913484176010|884342|50855.140625|13.24090883008|100.59954784063|-16170|-49218||50855.140625|170.75||17050|168.25|50855.140625|884342|BKP184|0|1782|-1400|||3|3|2|1|1|132|18|["132,18,5,3735"]|636148156551410000|14:07:35:141
62|1.1|636147913534081000|884342|50860.140625|13.24642344356|100.60400030093|-15687|-48609||50860.140625|169.5||16887.5|166.75|50860.140625|884342|BKP184|0|1782|-1556.25|||3|3|2|1|1|132|18|["132,18,5,3735"]|636148156601410000|14:07:40:141
62|1.1|636147913583995991|884342|50865.1171875|13.25139625163|100.60808798135|-15244|-48059||50865.1171875|168||16743.75|165.25|50865.1171875|884342|BKP184|0|1782|-1656.25|||3|3|2|1|1|132|18|["132,18,5,3735","132,114,4,600"]|636148156651170000|14:07:45:117
62|1.1|636147913633910982|884342|50870.1171875|13.25614375448|100.61202009388|-14818|-47534||50870.1171875|166.25||16581.25|163.5|50870.1171875|884342|BKP184|0|1782|-1768.75|||3|3|2|1|1|132|18|["132,18,5,3735","132,114,5,606"]|636148156701170000|14:07:50:117
62|1.1|636147913683845975|884342|50875.1015625|13.26090735056|100.61597366405|-14389|-47007||50875.1015625|164.5||16425|161.75|50875.1015625|884342|BKP184|0|1782|-1868.75|||3|3|2|1|1|132|18|["132,18,5,3735","132,114,5,606"]|636148156751020000|14:07:55:102
62|1.1|636147913733760966|884342|50880.1015625|13.26621811646|100.62035102261|-13914|-46420||50880.1015625|162.75||16243.75|159.75|50880.1015625|884342|BKP184|0|1782|-2006.25|||3|3|2|1|1|132|18|["132,18,5,3735","132,114,5,606"]|636148156801020000|14:08:00:102
62|1.1|636147913783685958|884342|50885.1015625|13.27105144987|100.62434750806|-13481|-45885||50885.1015625|161.25||16062.5|158.5|50885.1015625|884342|BKP184|0|1782|-1987.5|||3|3|2|1|1|132|18|["132,18,5,3735","132,114,5,606"]|636148156851020000|14:08:05:102
62|1.1|636147913833600949|884342|50890.078125|13.27595452061|100.62837081556|-13045|-45343||50890.078125|159.5||15906.25|157|50890.078125|884342|BKP184|0|1782|-1931.25|||3|3|2|1|1|132|18|["132,18,5,3735","132,114,5,606"]|636148156900780000|14:08:10:078
62|1.1|636147913883525941|884342|50895.078125|13.28095951514|100.63248531803|-12599|-44789||50895.078125|157.75||15731.25|155.5|50895.078125|884342|BKP184|0|1782|-1931.25|||3|3|2|1|1|132|18|["132,18,5,3735","132,114,5,606"]|636148156950780000|14:08:15:078
62|1.1|636147913933450933|884342|50900.0625|13.28640439129|100.63694850715|-12114|-44187||50900.0625|156||15525|153.25|50900.0625|884342|BKP184|0|1782|-2162.5|||3|3|2|1|1|132|18|["132,18,5,3735","132,114,5,606"]|636148157000630000|14:08:20:063
62|1.1|636147913983365924|884342|50905.0625|13.29190291154|100.64151898447|-11619|-43579||50905.0625|154.25||15412.5|152.25|50905.0625|884342|BKP184|0|1782|-1812.5|||3|3|2|1|1|132|5|["132,18,5,3735","132,114,5,606"]|636148157050630000|14:08:25:063
62|1.1|636147914033290916|884342|50910.0625|13.2969239993|100.64559593607|-11177|-43024||50910.0625|153.25||15293.75|151|50910.0625|884342|BKP184|0|1782|-1612.5|||3|3|2|1|1|132|5|["132,18,5,3735","132,114,5,606"]|636148157100630000|14:08:30:063
62|1.1|636147914083215908|884342|50915.0390625|13.30204164644|100.64981236233|-10720|-42458||50915.0390625|152.5||15156.25|149.75|50915.0390625|884342|BKP184|0|1782|-1518.75|||3|3|2|1|1|132|18|["132,18,5,3735","132,114,5,606"]|636148157150390000|14:08:35:039
62|1.1|636147914133130899|884342|50920.0390625|13.30704664097|100.65391077157|-10276|-41904||50920.0390625|151.75||15118.75|149.5|50920.0390625|884342|BKP184|0|1782|-1100|||3|3|2|1|1|132|18|["132,18,5,3735","132,114,5,606"]|636148157200390000|14:08:40:039
62|1.1|636147914183045890|884342|50925.015625|13.31219111016|100.65810574019|-9821|-41335||50925.015625|150.75||15050|148.75|50925.015625|884342|BKP184|0|1782|-943.75|||3|3|2|1|1|132|18|["132,18,5,3735"]|636148157250160000|14:08:45:016
62|1.1|636147914232970882|884342|50930.015625|13.31799540178|100.66282105658|-9310|-40693||50930.015625|150||14962.5|147.75|50930.015625|884342|BKP184|0|1782|-1025|||3|3|2|1|1|132|18|["132,18,5,3735"]|636148157300160000|14:08:50:016
62|1.1|636147914282895874|884342|50935.015625|13.3239606257|100.66775631378|-8775|-40034||50935.015625|148.75||14881.25|146.75|50935.015625|884342|BKP184|0|1782|-1025|||3|3|2|1|1|132|5|["132,18,5,3735"]|636148157350160000|14:08:55:016
62|1.1|636147914332820866|884342|50940|13.32890124731|100.6718439942|-8332|-39487||50940|148||14793.75|146|50940|884342|BKP184|0|1782|-1043.75|||3|3|2|1|1|132|5|["132,18,5,3735"]|636148157400000000|14:09:00:000
62|1.1|636147914382755859|884342|50945|13.33411545383|100.67619453071|-7860|-38910||50945|147||14700|145|50945|884342|BKP184|0|1782|-1081.25|||3|3|2|1|1|132|5|["132,18,5,3735"]|636148157450000000|14:09:05:000
62|1.1|636147914432660849|884342|50949.9765625|13.33936721122|100.68051288076|-7392|-38329||50949.9765625|146.5||14625|144.25|50949.9765625|884342|BKP184|0|1782|-1043.75|||3|3|2|1|1|132|18|["132,18,5,3735"]|636148157499770000|14:09:09:977
62|1.1|636147914482585841|884342|50954.9765625|13.34517150284|100.68531402771|-6872|-37687||50954.9765625|145.5||14537.5|143.25|50954.9765625|884342|BKP184|0|1782|-1043.75|||3|3|2|1|1|132|18|["132,18,5,3735"]|636148157549770000|14:09:14:977
62|1.1|636147914532510833|884342|50959.9765625|13.35059492135|100.69020636963|-6342|-37087||50959.9765625|144.75||14468.75|142.5|50959.9765625|884342|BKP184|0|1782|-1006.25|||3|3|2|1|1|132|18|["132,18,5,3735"]|636148157599770000|14:09:19:977
62|1.1|636147914582425824|884342|50964.9609375|13.35673180639|100.69563515255|-5754|-36409||50964.9609375|143.75||14362.5|141.5|50964.9609375|884342|BKP184|0|1782|-1081.25|||3|3|2|1|1|132|18|["132,18,5,3735"]|636148157649610000|14:09:24:961
62|1.1|636147914632350816|884342|50969.9609375|13.3624234454|100.69997496024|-5284|-35779||50969.9609375|142.75||14268.75|140.5|50969.9609375|884342|BKP184|0|1782|-1062.5|||3|3|2|1|1|132|5|["132,18,5,3735","132,114,5,611"]|636148157699610000|14:09:29:961
62|1.1|636147914682275808|884342|50974.9375|13.36695637185|100.70355302171|-4896|-35278||50974.9375|142.25||14200|140|50974.9375|884342|BKP184|0|1782|-1025|||3|3|2|1|1|132|18|["132,18,5,3735","132,114,5,611"]|636148157749380000|14:09:34:938
62|1.1|636147914732190799|884342|50979.9375|13.37284649403|100.70833271102|-4378|-34626||50979.9375|141.25||14100|139|50979.9375|884342|BKP184|0|1782|-1006.25|||3|3|2|1|1|132|18|["132,18,5,3735","132,114,5,611"]|636148157799380000|14:09:39:938
62|1.1|636147914782115791|884342|50984.9375|13.37860787037|100.71305875623|-3866|-33989||50984.9375|140.25||13987.5|138|50984.9375|884342|BKP184|0|1782|-1062.5|||3|3|2|1|1|132|18|["132,18,5,3735","132,114,5,611"]|636148157849380000|14:09:44:938
62|1.1|636147914832040783|884342|50989.921875|13.38376843279|100.71731273336|-3405|-33418||50989.921875|139.25||13900|137|50989.921875|884342|BKP184|0|1782|-1100|||3|3|2|1|1|132|18|["132,18,5,3735","132,114,5,611"]|636148157899220000|14:09:49:922
62|1.1|636147914881965775|884342|50994.921875|13.38955663118|100.72207096503|-2890|-32778||50994.921875|138.25||13806.25|136|50994.921875|884342|BKP184|0|1782|-1143.75|||3|3|2|1|1|132|18|["132,18,5,3735","132,114,5,611"]|636148157949220000|14:09:54:922
62|1.1|636147914931880766|884342|50999.8984375|13.39541993131|100.72694721372|-2362|-32129||50999.8984375|137.25||13706.25|135|50999.8984375|884342|BKP184|0|1782|-1125|||3|3|2|1|1|132|5|["132,18,5,3735","132,114,5,611"]|636148157998980000|14:09:59:898
62|1.1|636147914981795757|884342|51004.8984375|13.40105256181|100.73162497924|-1855|-31506||51004.8984375|136.5||13625|134.25|51004.8984375|884342|BKP184|0|1782|-1062.5|||3|3|2|1|1|132|5|["132,18,5,3735","132,114,5,611"]|636148158048980000|14:10:04:898
62|1.1|636147915031720749|884342|51009.8984375|13.40665300585|100.73625446507|-1353|-30886||51009.8984375|135.75||13543.75|133.5|51009.8984375|884342|BKP184|0|1782|-1043.75|||3|3|2|1|1|132|18|["132,18,5,3735","132,114,5,611"]|636148158098980000|14:10:09:898
62|1.1|636147915081645741|884342|51014.875|13.41150243249|100.74029923021|-915|-30350||51014.875|135||13468.75|132.75|51014.875|884342|BKP184|0|1782|-1006.25|||3|3|2|1|1|132|18|["132,18,5,3735","132,114,5,611"]|636148158148750000|14:10:14:875
62|1.1|636147915131560732|884342|51019.875|13.41664153727|100.74456930057|-453|-29781||51019.875|134||13393.75|132|51019.875|884342|BKP184|0|1782|-981.25|||3|3|2|1|1|132|18|["132,18,5,3735","132,114,5,611"]|636148158198750000|14:10:19:875
62|1.1|636147915181495725|884342|51024.859375|13.42187720143|100.74885546416|12|-29202||51024.859375|133.25||13300|131|51024.859375|884342|BKP184|0|1782|-1006.25|||3|3|2|1|1|132|18|["132,18,5,3735","132,114,5,611"]|636148158248590000|14:10:24:859
62|1.1|636147915231400715|884342|51029.859375|13.42794971355|100.75380681459|548|-28530||51029.859375|132.25||13193.75|130|51029.859375|884342|BKP184|0|1782|-1081.25|||3|3|2|1|1|132|18|["132,18,5,3735","132,114,5,611"]|636148158298590000|14:10:29:859
62|1.1|636147915281325707|884342|51034.859375|13.43383447132|100.75862941918|1070|-27879||51034.859375|131.5||13100|129|51034.859375|884342|BKP184|0|1782|-1100|||3|3|2|1|1|132|18|["132,18,5,3735","132,114,5,611"]|636148158348590000|14:10:34:859
62|1.1|636147915331260700|884342|51039.8359375|13.43877509293|100.76274928606|1516|-27333||51039.8359375|130.5||13025|128.25|51039.8359375|884342|BKP184|0|1782|-1100|||3|3|2|1|1|132|18|["132,18,5,3735","132,114,5,611"]|636148158398360000|14:10:39:836
62|1.1|636147915381165690|884342|51044.8359375|13.44387128243|100.76692816145|1969|-26769||51044.8359375|129.5||12943.75|127.25|51044.8359375|884342|BKP184|0|1782|-1062.5|||3|3|2|1|1|132|18|["132,18,5,3735"]|636148158448360000|14:10:44:836
62|1.1|636147915431100683|884342|51049.8203125|13.44989551486|100.77190096952|2507|-26102||51049.8203125|128.75||12837.5|126.5|51049.8203125|884342|BKP184|0|1782|-1062.5|||3|3|2|1|1|132|18|["132,18,5,3735"]|636148158498200000|14:10:49:820
62|1.1|636147915481015674|884342|51054.8203125|13.4558714676|100.77665383678|3022|-25441||51054.8203125|127.5||12750|125.5|51054.8203125|884342|BKP184|0|1782|-1062.5|||3|3|2|1|1|132|5|["132,18,5,3735"]|636148158548200000|14:10:54:820
62|1.1|636147915530940666|884342|51059.8203125|13.46108567412|100.78033918645|3420|-24864||51059.8203125|126.75||12668.75|124.5|51059.8203125|884342|BKP184|0|1782|-1100|||3|3|2|1|1|132|5|["132,18,5,3735"]|636148158598200000|14:10:59:820
62|1.1|636147915580855657|884342|51064.796875|13.46669684698|100.78465217209|3888|-24243||51064.796875|126||12581.25|123.75|51064.796875|884342|BKP184|0|1782|-1100|||3|3|2|1|1|132|18|["132,18,5,3735"]|636148158647970000|14:11:04:797
