62|1.1|636147912903797978|885312|50796.15625|19.93519361995|99.87272392973|-91986|692497||50796.15625|24.5||2450|22.5|50796.15625|885312|THD137|0|2919|3268.75|||3|3|1|1|1|132|194|["132,194,5,3528"]|636148155961560000|14:06:36:156
62|1.1|636147912944392037|885312|50801.15625|19.93176039755|99.87070154716|-92200|692117||50801.15625|24.5||2725|23.75|50801.15625|885312|THD137|0|2919|3268.75|||3|3|1|1|1|132|194|["132,194,5,3528"]|636148156011560000|14:06:41:156
62|1.1|636147912994447042|885312|50806.15625|19.92828962428|99.86870598664|-92411|691733||50806.15625|27.75||3062.5|28.25|50806.15625|885312|THD137|0|2919|3387.5|||3|3|1|1|1|132|194|["132,194,5,3528"]|636148156061560000|14:06:46:156
62|1.1|636147913044212018|885312|50811.140625|19.92484030865|99.86671042612|-92622|691351||50811.140625|30.75||3375|31.5|50811.140625|885312|THD137|0|2919|3481.25|||3|3|1|1|1|132|194|["132,194,5,3528"]|636148156111410000|14:06:51:141
62|1.1|636147913094137010|885312|50816.140625|19.92132125569|99.86468804355|-92836|690961||50816.140625|33.5||3643.75|34.5|50816.140625|885312|THD137|0|2919|3506.25|||3|3|1|1|1|132|194|["132,194,5,3528"]|636148156161410000|14:06:56:141
62|1.1|636147913144052001|885312|50821.140625|19.91786657565|99.86268711862|-93048|690578||50821.140625|35.25||3800|36.25|50821.140625|885312|THD137|0|2919|3506.25|||3|3|1|1|1|132|194|["132,194,5,3528"]|636148156211410000|14:07:01:141
62|1.1|636147913193986994|885312|50826.1171875|19.91421877685|99.86087931245|-93240|690174||50826.1171875|36.25||3825|36.25|50826.1171875|885312|THD137|0|2919|2993.75|||3|3|1|1|1|132|194|["132,194,5,3528"]|636148156261170000|14:07:06:117
62|1.1|636147913243901985|885312|50831.1171875|19.91025984227|99.85953284554|-93383|689735||50831.1171875|37.25||3868.75|37.25|50831.1171875|885312|THD137|0|2919|2362.5|||3|3|1|1|1|132|194|["132,194,5,3528"]|636148156311170000|14:07:11:117
62|1.1|636147913293826977|885312|50836.1015625|19.90586639048|99.85936654883|-93403|689247||50836.1015625|38.25||3931.25|37.75|50836.1015625|885312|THD137|0|2919|1868.75|||3|3|1|1|1|132|194|["132,194,5,3528"]|636148156361020000|14:07:16:102
62|1.1|636147913343741968|885312|50841.1015625|19.90082384508|99.86253691514|-93072|688686||50841.1015625|39.25||4018.75|38.25|50841.1015625|885312|THD137|0|2919|1575|||3|3|1|1|1|132|194|["132,194,5,3528"]|636148156411020000|14:07:21:102
62|1.1|636147913393666960|885312|50846.1015625|19.89639820683|99.86573946791|-92738|688193||50846.1015625|40.25||4125|39.25|50846.1015625|885312|THD137|0|2919|1400|||3|3|1|1|1|132|194|["132,194,5,3528"]|636148156461020000|14:07:26:102
62|1.1|636147913443591952|885312|50851.078125|19.89253583163|99.86958038547|-92337|687762||50851.078125|40.75||4181.25|39.75|50851.078125|885312|THD137|0|2919|1181.25|||3|3|1|1|1|132|194|["132,194,5,3528"]|636148156510780000|14:07:31:078
62|1.1|636147913493506943|885312|50856.078125|19.88896313457|99.87341057421|-91936|687364||50856.078125|41.75||4262.5|40.5|50856.078125|885312|THD137|0|2919|1081.25|||3|3|1|1|1|132|194|["132,194,5,3528"]|636148156560780000|14:07:36:078
62|1.1|636147913543441936|885312|50861.0625|19.88490764061|99.87661312698|-91602|686912||50861.0625|43.25||4400|41.5|50861.0625|885312|THD137|0|2919|1400|||3|3|1|1|1|132|194|["132,194,5,3528"]|636148156610630000|14:07:41:063
62|1.1|636147913593356927|885312|50866.0625|19.8799133749|99.87944017105|-91307|686356||50866.0625|44.5||4537.5|43.75|50866.0625|885312|THD137|0|2919|1537.5|||3|3|1|1|1|132|194|["132,194,5,3528"]|636148156660630000|14:07:46:063
62|1.1|636147913643271918|885312|50871.0625|19.87431293086|99.88213310487|-91027|685733||50871.0625|46.25||4718.75|45.5|50871.0625|885312|THD137|0|2919|1712.5|||3|3|1|1|1|132|194|["132,194,5,3528"]|636148156710630000|14:07:51:063
62|1.1|636147913693196910|885312|50876.0390625|19.868701758|99.88510498801|-90718|685109||50876.0390625|47.75||4900|47.25|50876.0390625|885312|THD137|0|2919|1812.5|||3|3|1|1|1|132|194|["132,194,5,3528"]|636148156760390000|14:07:56:039
62|1.1|636147913743131903|885312|50881.0390625|19.86297793253|99.88832899842|-90382|684472||50881.0390625|49.25||5062.5|48.75|50881.0390625|885312|THD137|0|2919|1831.25|||3|3|1|1|1|132|194|["132,194,5,3528"]|636148156810390000|14:08:01:039
62|1.1|636147913793036893|885312|50886.015625|19.85724337824|99.89173003436|-90027|683833||50886.015625|51.25||5275|50.5|50886.015625|885312|THD137|0|2919|1950|||3|3|1|1|1|132|194|["132,194,5,3528"]|636148156860160000|14:08:06:016
62|1.1|636147913842961885|885312|50891.015625|19.85139080693|99.89531346024|-89653|683182||50891.015625|53.25||5493.75|52.75|50891.015625|885312|THD137|0|2919|2087.5|||3|3|1|1|1|132|194|["132,194,5,3528"]|636148156910160000|14:08:11:016
62|1.1|636147913892896878|885312|50896.015625|19.84552214239|99.89898808109|-89270|682529||50896.015625|56||5781.25|54.5|50896.015625|885312|THD137|0|2919|2556.25|||3|3|1|1|1|132|194|["132,194,5,3528"]|636148156960160000|14:08:16:016
62|1.1|636147913942801868|885312|50901|19.83948181673|99.90249640523|-88905|681857||50901|58.75||6093.75|59.25|50901|885312|THD137|0|2919|2793.75|||3|3|1|1|1|132|194|["132,194,5,3528"]|636148157010000000|14:08:21:000
62|1.1|636147913992736861|885312|50906|19.83321618585|99.90550047483|-88592|681159||50906|61.75||6425|62.25|50906|885312|THD137|0|2919|3087.5|||3|3|1|1|1|132|194|["132,194,5,3528"]|636148157060000000|14:08:26:000
62|1.1|636147914042651852|885312|50910.9765625|19.82666624124|99.90755504386|-88379|680431||50910.9765625|64.5||6725|65.25|50910.9765625|885312|THD137|0|2919|3231.25|||3|3|1|1|1|132|194|["132,194,5,3528"]|636148157109770000|14:08:30:977
62|1.1|636147914092606847|885312|50915.9765625|19.82070101732|99.91201823298|-87913|679767||50915.9765625|67.75||7062.5|68.25|50915.9765625|885312|THD137|0|2919|3425|||3|3|1|1|1|132|194|["132,194,5,3528"]|636148157159770000|14:08:35:977
62|1.1|636147914142491835|885312|50920.9765625|19.81306746189|99.91070931694|-88054|678920||50920.9765625|70.75||7381.25|71.75|50920.9765625|885312|THD137|0|2919|3543.75|||3|3|1|1|1|132|194|["132,194,5,3528"]|636148157209770000|14:08:40:977
62|1.1|636147914192416827|885312|50925.9609375|19.80555728789|99.90812903573|-88329|678088||50925.9609375|73.25||7643.75|74.25|50925.9609375|885312|THD137|0|2919|3462.5|||3|3|1|1|1|132|194|["132,194,5,3528"]|636148157259610000|14:08:45:961
62|1.1|636147914242331818|885312|50930.9609375|19.79857819048|99.9072546369|-88424|677313||50930.9609375|75.5||7868.75|76.25|50930.9609375|885312|THD137|0|2919|3087.5|||3|3|1|1|1|132|194|["132,194,5,3528"]|636148157309610000|14:08:50:961
62|1.1|636147914292256810|885312|50935.9375|19.79175466096|99.90747457771|-88404|676556||50935.9375|77.75||8075|78.25|50935.9375|885312|THD137|0|2919|2856.25|||3|3|1|1|1|132|194|["132,194,5,3528"]|636148157359380000|14:08:55:938
62|1.1|636147914342181802|885312|50940.9375|19.78477556355|99.90845626474|-88304|675780||50940.9375|80||8268.75|80.25|50940.9375|885312|THD137|0|2919|2756.25|||3|3|1|1|1|132|194|["132,194,5,3528"]|636148157409380000|14:09:00:938
62|1.1|636147914392096793|885312|50945.9375|19.77768917794|99.90979736724|-88167|674993||50945.9375|82||8450|82.25|50945.9375|885312|THD137|0|2919|2637.5|||3|3|1|1|1|132|194|["132,194,5,3528"]|636148157459380000|14:09:05:938
62|1.1|636147914442031786|885312|50950.921875|19.77058133469|99.91110091887|-88033|674203||50950.921875|84||8631.25|84.25|50950.921875|885312|THD137|0|2919|2556.25|||3|3|1|1|1|132|194|["132,194,5,3528"]|636148157509220000|14:09:10:922
62|1.1|636147914491946777|885312|50955.921875|19.76336083883|99.91237764845|-87902|673401||50955.921875|85.75||8806.25|85.75|50955.921875|885312|THD137|0|2919|2418.75|||3|3|1|1|1|132|194|["132,194,5,3528"]|636148157559220000|14:09:15:922
62|1.1|636147914541861768|885312|50960.8984375|19.75612424974|99.91357927629|-87779|672597||50960.8984375|87.5||8968.75|87.5|50960.8984375|885312|THD137|0|2919|2306.25|||3|3|1|1|1|132|194|["132,194,5,3528"]|636148157608980000|14:09:20:898
62|1.1|636147914591786760|885312|50965.8984375|19.74875891481|99.91451804804|-87684|671779||50965.8984375|89.25||9137.5|89.25|50965.8984375|885312|THD137|0|2919|2206.25|||3|3|1|1|1|132|194|["132,194,5,3528"]|636148157658980000|14:09:25:898
62|1.1|636147914641711752|885312|50970.8984375|19.74126483404|99.9156231165|-87571|670947||50970.8984375|91||9312.5|90.75|50970.8984375|885312|THD137|0|2919|2143.75|||3|3|1|1|1|132|194|["132,194,5,3528"]|636148157708980000|14:09:30:898
62|1.1|636147914691626743|885312|50975.875|19.73360982097|99.9166959985|-87462|670096||50975.875|92.75||9481.25|92.5|50975.875|885312|THD137|0|2919|2125|||3|3|1|1|1|132|194|["132,194,5,3528"]|636148157758750000|14:09:35:875
62|1.1|636147914741551735|885312|50980.875|19.72571877386|99.91779570255|-87350|669220||50980.875|94||9618.75|93.75|50980.875|885312|THD137|0|2919|2006.25|||3|3|1|1|1|132|194|["132,194,5,3528"]|636148157808750000|14:09:40:875
62|1.1|636147914791476727|885312|50985.859375|19.71756487066|99.91899196598|-87228|668314||50985.859375|95.5||9756.25|95.25|50985.859375|885312|THD137|0|2919|1887.5|||3|3|1|1|1|132|194|["132,194,5,3528"]|636148157858590000|14:09:45:859
62|1.1|636147914841391718|885312|50990.859375|19.70908910286|99.92014531413|-87111|667373||50990.859375|96.75||9868.75|96.25|50990.859375|885312|THD137|0|2919|1768.75|||3|3|1|1|1|132|194|["132,194,5,3528"]|636148157908590000|14:09:50:859
62|1.1|636147914891316710|885312|50995.859375|19.70050604686|99.92144886576|-86978|666419||50995.859375|98||9981.25|97.5|50995.859375|885312|THD137|0|2919|1675|||3|3|1|1|1|132|194|["132,194,5,3528"]|636148157958590000|14:09:55:859
62|1.1|636147914941251703|885312|51000.8359375|19.69193908409|99.92272559534|-86847|665468||51000.8359375|99.25||10087.5|98.5|51000.8359375|885312|THD137|0|2919|1593.75|||3|3|1|1|1|132|194|["132,194,5,3528"]|636148158008360000|14:10:00:836
62|1.1|636147914991156693|885312|51005.8359375|19.68329165517|99.92410424871|-86706|664507||51005.8359375|100.5||10200|99.75|51005.8359375|885312|THD137|0|2919|1537.5|||3|3|1|1|1|132|194|["132,194,5,3528"]|636148158058360000|14:10:05:836
62|1.1|636147915041081685|885312|51010.8203125|19.67459594656|99.92542925798|-86571|663541||51010.8203125|101.75||10318.75|101.25|51010.8203125|885312|THD137|0|2919|1518.75|||3|3|1|1|1|132|194|["132,194,5,3528"]|636148158108200000|14:10:10:820
62|1.1|636147915091006677|885312|51015.8203125|19.66579294975|99.92680791135|-86430|662564||51015.8203125|103||10437.5|102.25|51015.8203125|885312|THD137|0|2919|1493.75|||3|3|1|1|1|132|194|["132,194,5,3528"]|636148158158200000|14:10:15:820
62|1.1|636147915140921668|885312|51020.8203125|19.65686657151|99.92827239528|-86280|661572||51020.8203125|104.25||10568.75|103.5|51020.8203125|885312|THD137|0|2919|1493.75|||3|3|1|1|1|132|194|["132,194,5,3528"]|636148158208200000|14:10:20:820
62|1.1|636147915190846660|885312|51025.796875|19.64794555768|99.92975297244|-86128|660581||51025.796875|105.75||10706.25|104.75|51025.796875|885312|THD137|0|2919|1556.25|||3|3|1|1|1|132|194|["132,194,5,3528"]|636148158257970000|14:10:25:797
62|1.1|636147915240771652|885312|51030.796875|19.63891725565|99.93120136314|-85980|659578||51030.796875|107.25||10862.5|106.25|51030.796875|885312|THD137|0|2919|1612.5|||3|3|1|1|1|132|194|["132,194,5,3528"]|636148158307970000|14:10:30:797
62|1.1|636147915290696644|885312|51035.78125|19.62975484337|99.93262293179|-85835|658561||51035.78125|109.25||11050|108.25|51035.78125|885312|THD137|0|2919|1968.75|||3|3|1|1|1|132|194|["132,194,5,3528"]|636148158357810000|14:10:35:781
62|1.1|636147915340611635|885312|51040.78125|19.6205977955|99.934130331|-85680|657543||51040.78125|111.75||11293.75|111.25|51040.78125|885312|THD137|0|2919|2418.75|||3|3|1|1|1|132|194|["132,194,5,3528"]|636148158407810000|14:10:40:781
62|1.1|636147915390546628|885312|51045.78125|19.61134955266|99.93560554375|-85529|656516||51045.78125|114.25||11568.75|114.25|51045.78125|885312|THD137|0|2919|2718.75|||3|3|1|1|1|132|194|["132,194,5,3528"]|636148158457810000|14:10:45:781
62|1.1|636147915440451618|885312|51050.7578125|19.60221932684|99.9370807565|-85378|655502||51050.7578125|117||11862.5|117.25|51050.7578125|885312|THD137|0|2919|2931.25|||3|3|1|1|1|132|194|["132,194,5,3528"]|636148158507580000|14:10:50:758
62|1.1|636147915490376610|885312|51055.7578125|19.59312665189|99.93865252863|-85217|654492||51055.7578125|119.25||12131.25|119.75|51055.7578125|885312|THD137|0|2919|2950|||3|3|1|1|1|132|194|["132,194,5,3528"]|636148158557580000|14:10:55:758
62|1.1|636147915540301602|885312|51060.7421875|19.58405007017|99.94028867368|-85049|653484||51060.7421875|121.25||12368.75|121.5|51060.7421875|885312|THD137|0|2919|2812.5|||3|3|1|1|1|132|194|["132,194,5,3528"]|636148158607420000|14:11:00:742
62|1.1|636147915590226594|885312|51065.7421875|19.57487156466|99.94171560674|-84903|652464||51065.7421875|123.25||12575|123.25|51065.7421875|885312|THD137|0|2919|2637.5|||3|3|1|1|1|132|194|["132,194,5,3528"]|636148158657420000|14:11:05:742
