62|1.1|636147908045952242|8880a7|50311.0625|18.43868416225|107.2224859775|685620|536981||50311.0625|320||31900|320|50311.0625|8880a7|PIC519|0|2869|0|||3|3|0|1|1|132|162|["132,162,5"]|636148151110630000|13:58:31:063
62|1.1|636147908052192866|8880a7|50311.9375|18.43701046633|107.22296340999|685676|536797||50311.9375|320||31900|320|50311.9375|8880a7|PIC519|0|2869|0|||3|3|0|1|1|132|162|["132,162,5"]|636148151119380000|13:58:31:938
62|1.1|636147908102117858|8880a7|50316.9375|18.42754764709|107.22564025058|685993|535754||50316.9375|320||31906.25|320|50316.9375|8880a7|PIC519|0|2869|0|||3|3|0|1|1|132|162|["132,162,5"]|636148151169380000|13:58:36:938
62|1.1|636147908152042850|8880a7|50321.9375|18.41807409903|107.22832781999|686311|534710||50321.9375|320||31912.5|320|50321.9375|8880a7|PIC519|0|2869|0|||3|3|0|1|1|132|162|[]|636148151219380000|13:58:41:938
62|1.1|636147908201957841|8880a7|50326.921875|18.40864346625|107.23100466058|686628|533671||50326.921875|320||31918.75|320|50326.921875|8880a7|PIC519|0|2869|0|||3|3|0|1|1|132|162|[]|636148151269220000|13:58:46:922
62|1.1|636147908251882833|8880a7|50331.921875|18.39311886371|107.24198024344|687851|531982||50331.921875|320||10981.25|320|50331.921875|8880a7|PIC519|0|2869|0|||3|3|3|1|1|132|162|["132,162,5"]|636148151319220000|13:58:51:922
62|1.1|636147908301807825|8880a7|50336.8984375|18.38245441663|107.24620203411|688332|530811||50336.8984375|320||31900|320|50336.8984375|8880a7|PIC519|0|2869|0|||3|3|0|1|1|132|162|["132,162,5"]|636148151368980000|13:58:56:898
62|1.1|636147908351572801|8880a7|50341.8984375|18.37151638464|107.25084761317|688863|529610||50341.8984375|320||31900|320|50341.8984375|8880a7|PIC519|0|2869|0|||3|3|0|1|1|132|162|["132,162,5"]|636148151418980000|13:59:01:898
62|1.1|636147908401497793|8880a7|50346.8984375|18.36271338783|107.25244084294|689063|528637||50346.8984375|320||31893.75|320|50346.8984375|8880a7|PIC519|0|2869|0|||3|3|0|1|1|132|162|["132,162,5"]|636148151468980000|13:59:06:898
62|1.1|636147908451572800|8880a7|50351.875|18.35467213724|107.25303092804|689153|527745||50351.875|320||31900|320|50351.875|8880a7|PIC519|0|2869|0|||3|3|0|1|1|132|162|["132,162,5"]|636148151518750000|13:59:11:875
62|1.1|636147908501337776|8880a7|50356.875|18.34547217409|107.25525179378|689421|526730||50356.875|320||31900|320|50356.875|8880a7|PIC519|0|2869|0|||3|3|0|1|1|132|162|["132,162,5"]|636148151568750000|13:59:16:875
62|1.1|636147908551412783|8880a7|50361.859375|18.3354460918|107.25865282972|689817|525627||50361.859375|320||31900|320|50361.859375|8880a7|PIC519|0|2869|0|||3|3|0|1|1|132|162|["132,162,5"]|636148151618590000|13:59:21:859
62|1.1|636147908601337775|8880a7|50366.859375|18.32636951008|107.26069666993|690065|524625||50366.859375|320.25||31906.25|320|50366.859375|8880a7|PIC519|0|2869|0|||3|3|0|1|1|132|162|["132,162,5"]|636148151668590000|13:59:26:859
62|1.1|636147908651102751|8880a7|50371.859375|18.31611275816|107.26439811283|690494|523498||50371.859375|320.75||31937.5|320.5|50371.859375|8880a7|PIC519|0|2869|0|||3|3|0|1|1|132|162|["132,162,5"]|636148151718590000|13:59:31:859
62|1.1|636147908701177758|8880a7|50376.8359375|18.30610813351|107.26775623349|690886|522397||50376.8359375|321.75||31987.5|321.75|50376.8359375|8880a7|PIC519|0|2869|687.5|||3|3|1|1|1|132|162|["132,162,5"]|636148151768360000|13:59:36:836
62|1.1|636147908750942734|8880a7|50381.8359375|18.29622689029|107.27101243036|691266|521309||50381.8359375|321.75||32012.5|322|50381.8359375|8880a7|PIC519|0|2869|687.5|||3|3|1|1|1|132|162|["132,162,5"]|636148151818360000|13:59:41:836
62|1.1|636147908800877727|8880a7|50386.8203125|18.28619007918|107.27365708449|691582|520203||50386.8203125|324.25||32100|324.25|50386.8203125|8880a7|PIC519|0|2869|868.75|||3|3|1|1|1|132|162|["132,162,5"]|636148151868200000|13:59:46:820
62|1.1|636147908850782717|8880a7|50391.8203125|18.27663606497|107.27653777266|691921|519151||50391.8203125|325.75||32262.5|325.75|50391.8203125|8880a7|PIC519|0|2869|1218.75|||3|3|1|1|1|132|162|["132,162,5"]|636148151918200000|13:59:51:820
62|1.1|636147908900707709|8880a7|50396.8203125|18.26668508442|107.28000854593|692324|518056||50396.8203125|327||32406.25|327.25|50396.8203125|8880a7|PIC519|0|2869|1400|||3|3|1|1|1|132|162|["132,162,5"]|636148151968200000|13:59:56:820
62|1.1|636147908950632701|8880a7|50401.796875|18.25703451083|107.28313599696|692690|516994||50401.796875|328.5||32562.5|328.5|50401.796875|8880a7|PIC519|0|2869|1537.5|||3|3|1|1|1|132|162|["132,162,5"]|636148152017970000|14:00:01:797
62|1.1|636147909000557693|8880a7|50406.796875|18.24701379295|107.28679452458|693113|515893||50406.796875|329.5||32700|329.75|50406.796875|8880a7|PIC519|0|2869|1493.75|||3|3|1|1|1|132|162|["132,162,5"]|636148152067970000|14:00:06:797
62|1.1|636147909050472684|8880a7|50411.78125|18.23719155824|107.29002926381|693491|514812||50411.78125|329.5||32800|331.25|50411.78125|8880a7|PIC519|0|2869|1493.75|||3|3|1|1|1|132|162|["132,162,5"]|636148152117810000|14:00:11:781
62|1.1|636147909100397676|8880a7|50416.78125|18.22709037421|107.29382190168|693929|513702||50416.78125|331.25||32912.5|331.5|50416.78125|8880a7|PIC519|0|2869|1281.25|||3|3|1|1|1|132|162|["132,162,5"]|636148152167810000|14:00:16:781
62|1.1|636147909150322668|8880a7|50421.78125|18.21724668186|107.29712637824|694314|512619||50421.78125|331.25||33018.75|332.5|50421.78125|8880a7|PIC519|0|2869|1281.25|||3|3|1|1|1|132|162|["132,162,5"]|636148152217810000|14:00:21:781
62|1.1|636147909200237659|8880a7|50426.7578125|18.20708112491|107.30135353332|694799|511503||50426.7578125|332.75||33106.25|332.75|50426.7578125|8880a7|PIC519|0|2869|1006.25|||3|3|1|1|1|132|162|["132,162,5"]|636148152267580000|14:00:26:758
62|1.1|636147909250172652|8880a7|50431.7578125|18.19696921206|107.30524273057|695247|510392||50431.7578125|333.25||33181.25|333.5|50431.7578125|8880a7|PIC519|0|2869|906.25|||3|3|1|1|1|132|162|["132,162,5"]|636148152317580000|14:00:31:758
62|1.1|636147909300097644|8880a7|50436.7421875|18.18716307058|107.30863303769|695642|509314||50436.7421875|333.25||33268.75|334.25|50436.7421875|8880a7|PIC519|0|2869|906.25|||3|3|1|1|1|132|162|["132,162,5"]|636148152367420000|14:00:36:742
62|1.1|636147909350002634|8880a7|50441.7421875|18.17748567494|107.31190532779|696023|508249||50441.7421875|334||33337.5|334.75|50441.7421875|8880a7|PIC519|0|2869|843.75|||3|3|1|1|1|132|162|["132,162,5"]|636148152417420000|14:00:41:742
62|1.1|636147909399927626|8880a7|50446.7421875|18.1674864147|107.31474846509|696360|507147||50446.7421875|334.5||33325|335.25|50446.7421875|8880a7|PIC519|0|2869|787.5|||3|3|1|1|1|132|162|["132,162,5"]|636148152467420000|14:00:46:742
62|1.1|636147909449852618|8880a7|50451.71875|18.1574013239|107.31857328942|696802|506040||50451.71875|335.25||33381.25|335.75|50451.71875|8880a7|PIC519|0|2869|768.75|||3|3|1|1|1|132|162|["132,162,5"]|636148152517190000|14:00:51:719
62|1.1|636147909499767609|8880a7|50456.71875|18.14751471627|107.32186703716|697186|504952||50456.71875|335.25||33450|336.5|50456.71875|8880a7|PIC519|0|2869|768.75|||3|3|1|1|1|132|162|[]|636148152567190000|14:00:56:719
62|1.1|636147909549692601|8880a7|50461.6953125|18.13738134578|107.32504813229|697560|503837||50461.6953125|337.25||33481.25|337.75|50461.6953125|8880a7|PIC519|0|2869|981.25|||3|3|1|1|1|132|162|["132,162,5"]|636148152616950000|14:01:01:695
62|1.1|636147909599607592|8880a7|50466.6953125|18.12785415362|107.32826677829|697935|502788||50466.6953125|338.25||33587.5|339.25|50466.6953125|8880a7|PIC519|0|2869|1125|||3|3|1|1|1|132|162|["132,162,5"]|636148152666950000|14:01:06:695
62|1.1|636147909649542585|8880a7|50471.6953125|18.1179729104|107.3314907887|698312|501701||50471.6953125|338.25||33650|340.25|50471.6953125|8880a7|PIC519|0|2869|1125|||3|3|1|1|1|132|162|[]|636148152716950000|14:01:11:695
62|1.1|636147909699457576|8880a7|50476.6796875|18.10814531128|107.33470407029|698688|500619||50476.6796875|338.25||33706.25|340.75|50476.6796875|8880a7|PIC519|0|2869|1125|||3|3|1|1|1|132|162|[]|636148152766800000|14:01:16:680
62|1.1|636147909749382568|8880a7|50481.6796875|18.09865566999|107.33825530971|699099|499577||50481.6796875|341||33875|342.25|50481.6796875|8880a7|PIC519|0|2869|1081.25|||3|3|1|1|1|132|162|["132,162,5"]|636148152816800000|14:01:21:680
62|1.1|636147909799307560|8880a7|50486.65625|18.08832918074|107.34206940522|699540|498442||50486.65625|341.75||33918.75|342.75|50486.65625|8880a7|PIC519|0|2869|1043.75|||3|3|1|1|1|132|162|["132,162,5"]|636148152866560000|14:01:26:656
62|1.1|636147909849222551|8880a7|50491.65625|18.07910775995|107.34494472898|699878|497427||50491.65625|342.5||34037.5|343.25|50491.65625|8880a7|PIC519|0|2869|981.25|||3|3|1|1|1|132|162|["132,162,5"]|636148152916560000|14:01:31:656
62|1.1|636147909899137542|8880a7|50496.65625|18.0692640676|107.34864617188|700306|496346||50496.65625|343.25||34131.25|344.25|50496.65625|8880a7|PIC519|0|2869|943.75|||3|3|1|1|1|132|162|["132,162,5"]|636148152966560000|14:01:36:656
62|1.1|636147909949062534|8880a7|50501.640625|18.05988171451|107.35176289409|700670|495313||50501.640625|344||34225|344.75|50501.640625|8880a7|PIC519|0|2869|925|||3|3|1|1|1|132|162|["132,162,5"]|636148153016410000|14:01:41:641
62|1.1|636147909998997527|8880a7|50506.640625|18.05009166626|107.35507809947|701057|494237||50506.640625|344||34300|345.5|50506.640625|8880a7|PIC519|0|2869|925|||3|3|1|1|1|132|162|["132,162,5"]|636148153066410000|14:01:46:641
62|1.1|636147910048912518|8880a7|50511.6171875|18.04034453329|107.35839330485|701443|493165||50511.6171875|344||34368.75|346.25|50511.6171875|8880a7|PIC519|0|2869|925|||3|3|1|1|1|132|162|[]|636148153116170000|14:01:51:617
62|1.1|636147910098837510|8880a7|50516.6171875|18.03073151057|107.36175142551|701835|492107||50516.6171875|346.25||34456.25|347.25|50516.6171875|8880a7|PIC519|0|2869|906.25|||3|3|1|1|1|132|162|["132,162,5"]|636148153166170000|14:01:56:617
62|1.1|636147910148762502|8880a7|50521.6171875|18.02085563176|107.36482523244|702196|491020||50521.6171875|347||34487.5|347.75|50521.6171875|8880a7|PIC519|0|2869|906.25|||3|3|1|1|1|132|162|["132,162,5"]|636148153216170000|14:02:01:617
62|1.1|636147910198677493|8880a7|50526.6015625|18.01191316029|107.36740014924|702501|490035||50526.6015625|347.75||34581.25|348.5|50526.6015625|8880a7|PIC519|0|2869|906.25|||3|3|1|1|1|132|162|["132,162,5"]|636148153266020000|14:02:06:602
62|1.1|636147910248602485|8880a7|50531.6015625|18.00219821378|107.37038812561|702853|488966||50531.6015625|348.5||34625|349.25|50531.6015625|8880a7|PIC519|0|2869|906.25|||3|3|1|1|1|132|162|["132,162,5"]|636148153316020000|14:02:11:602
62|1.1|636147910298517476|8880a7|50536.578125|17.99326110672|107.37294158477|703156|487981||50536.578125|349.25||34712.5|350.25|50536.578125|8880a7|PIC519|0|2869|906.25|||3|3|1|1|1|132|162|["132,162,5"]|636148153365780000|14:02:16:578
62|1.1|636147910348482472|8880a7|50541.578125|17.98334767704|107.37617095959|703534|486890||50541.578125|350||34756.25|350.75|50541.578125|8880a7|PIC519|0|2869|906.25|||3|3|1|1|1|132|162|["132,162,5"]|636148153415780000|14:02:21:578
62|1.1|636147910398357459|8880a7|50546.578125|17.97356835761|107.37974902106|703949|485816||50546.578125|351.5||34850|351.75|50546.578125|8880a7|PIC519|0|2869|943.75|||3|3|1|1|1|132|163|["132,162,5"]|636148153465780000|14:02:26:578
62|1.1|636147910448302453|8880a7|50551.5625|17.96392314843|107.38271017538|704297|484754||50551.5625|352.25||34900|352.25|50551.5625|8880a7|PIC519|0|2869|906.25|||3|3|1|1|1|132|163|["132,162,5"]|636148153515630000|14:02:31:563
62|1.1|636147910498197442|8880a7|50556.5625|17.95512551603|107.38509733783|704582|483784||50556.5625|353||35006.25|353.25|50556.5625|8880a7|PIC519|0|2869|887.5|||3|3|1|1|1|132|163|["132,162,5"]|636148153565630000|14:02:36:563
62|1.1|636147910548122434|8880a7|50561.5390625|17.94527109486|107.38843400085|704971|482700||50561.5390625|353.25||35050|353.75|50561.5390625|8880a7|PIC519|0|2869|887.5|||3|3|1|1|1|132|162|["132,162,5"]|636148153615390000|14:02:41:539
62|1.1|636147910598047426|8880a7|50566.5390625|17.9356902586|107.39179748592|705363|481647||50566.5390625|353.75||35125|354.5|50566.5390625|8880a7|PIC519|0|2869|868.75|||3|3|1|1|1|132|162|["132,162,5"]|636148153665390000|14:02:46:539
62|1.1|636147910647972418|8880a7|50571.5390625|17.92571782041|107.39515560658|705755|480550||50571.5390625|354.5||35168.75|355.25|50571.5390625|8880a7|PIC519|0|2869|868.75|||3|3|1|1|1|132|162|["132,162,5"]|636148153715390000|14:02:51:539
62|1.1|636147910697897410|8880a7|50576.515625|17.91612625533|107.39852982047|706148|479496||50576.515625|355||35237.5|355.75|50576.515625|8880a7|PIC519|0|2869|825|||3|3|1|1|1|132|162|["132,162,5"]|636148153765160000|14:02:56:516
62|1.1|636147910747812401|8880a7|50581.515625|17.90667416491|107.40178065293|706527|478456||50581.515625|355.5||35318.75|356.25|50581.515625|8880a7|PIC519|0|2869|768.75|||3|3|1|1|1|132|162|["132,162,5"]|636148153815160000|14:03:01:516
62|1.1|636147910797737393|8880a7|50586.5|17.8974956594|107.40422145948|706819|477444||50586.5|356.25||35356.25|356.75|50586.5|8880a7|PIC519|0|2869|750|||3|3|1|1|1|132|162|["132,162,5"]|636148153865000000|14:03:06:500
62|1.1|636147910847662385|8880a7|50591.5|17.88872484905|107.40664080839|707107|476478||50591.5|356.75||35443.75|357.25|50591.5|8880a7|PIC519|0|2869|731.25|||3|3|1|1|1|132|162|["132,162,5"]|636148153915000000|14:03:11:500
62|1.1|636147910897587377|8880a7|50596.5|17.87848955477|107.41036370893|707539|475354||50596.5|357.25||35450|357.75|50596.5|8880a7|PIC519|0|2869|687.5|||3|3|1|1|1|132|162|["132,162,5"]|636148153965000000|14:03:16:500
62|1.1|636147910944382056|8880a7|50601.1796875|17.86987967672|107.41310492244|707861|474406||50601.1796875|358||35525|358.5|50601.1796875|8880a7|PIC519|0|2869|706.25|||3|3|1|1|1|132|162|["132,162,5"]|636148154011800000|14:03:21:180
62|1.1|636147910994317049|8880a7|50606.15625|17.86013790816|107.41628601757|708234|473334||50606.15625|358.75||35562.5|358.75|50606.15625|8880a7|PIC519|0|2869|0|||3|3|0|1|1|132|162|["132,162,5"]|636148154061560000|14:03:26:156
62|1.1|636147911044232040|8880a7|50611.15625|17.85049269898|107.41972996879|708634|472274||50611.15625|359.25||35631.25|359.25|50611.15625|8880a7|PIC519|0|2869|0|||3|3|0|1|1|132|162|["132,162,5"]|636148154111560000|14:03:31:156
62|1.1|636147911094167033|8880a7|50616.140625|17.84085285421|107.42285741982|709001|471213||50616.140625|359.25||35675|359.25|50616.140625|8880a7|PIC519|0|2869|0|||3|3|0|1|1|132|162|[]|636148154161410000|14:03:36:141
62|1.1|636147911144072023|8880a7|50621.140625|17.83122910267|107.42595268439|709364|470154||50621.140625|360||35693.75|360.25|50621.140625|8880a7|PIC519|0|2869|0|||3|3|0|1|1|132|162|["132,162,5"]|636148154211410000|14:03:41:141
62|1.1|636147911193997015|8880a7|50626.140625|17.82134249504|107.42973995785|709802|469069||50626.140625|360.25||35737.5|360.25|50626.140625|8880a7|PIC519|0|2869|0|||3|3|0|1|1|132|163|["132,162,5"]|636148154261410000|14:03:46:141
62|1.1|636147911243922007|8880a7|50631.1171875|17.81178848083|107.43273329863|710154|468017||50631.1171875|360||35737.5|360|50631.1171875|8880a7|PIC519|0|2869|0|||3|3|0|1|1|132|163|["132,162,5"]|636148154311170000|14:03:51:117
62|1.1|636147911293836998|8880a7|50636.1171875|17.80348973856|107.43465375741|710388|467101||50636.1171875|360||35787.5|360|50636.1171875|8880a7|PIC519|0|2869|0|||3|3|0|1|1|132|162|["132,162,5"]|636148154361170000|14:03:56:117
62|1.1|636147911343761990|8880a7|50641.1015625|17.79341001217|107.43822645447|710804|465993||50641.1015625|360||35743.75|360|50641.1015625|8880a7|PIC519|0|2869|0|||3|3|0|1|1|132|162|["132,162,5"]|636148154411020000|14:04:01:102
62|1.1|636147911393706984|8880a7|50646.1015625|17.78362532833|107.44180451594|711219|464919||50646.1015625|360||35750|360|50646.1015625|8880a7|PIC519|0|2869|0|||3|3|0|1|1|132|162|["132,162,5"]|636148154461020000|14:04:06:102
62|1.1|636147911443601973|8880a7|50651.1015625|17.77370116983|107.44558106058|711656|463829||50651.1015625|360||35750|360|50651.1015625|8880a7|PIC519|0|2869|0|||3|3|0|1|1|132|162|["132,162,5"]|636148154511020000|14:04:11:102
62|1.1|636147911493526965|8880a7|50656.078125|17.76546143607|107.44748542613|711888|462919||50656.078125|360||35787.5|360|50656.078125|8880a7|PIC519|0|2869|0|||3|3|0|1|1|132|162|["132,162,5"]|636148154560780000|14:04:16:078
62|1.1|636147911543451957|8880a7|50661.078125|17.75551581993|107.45126733518|712326|461827||50661.078125|360||35781.25|360|50661.078125|8880a7|PIC519|0|2869|0|||3|3|0|1|1|132|162|["132,162,5"]|636148154610780000|14:04:21:078
62|1.1|636147911593366948|8880a7|50666.0625|17.74548973764|107.45510825274|712770|460726||50666.0625|360||35787.5|360|50666.0625|8880a7|PIC519|0|2869|0|||3|3|0|1|1|132|162|["132,162,5"]|636148154660630000|14:04:26:063
62|1.1|636147911643291940|8880a7|50671.0625|17.73572114703|107.4585736616|713173|459652||50671.0625|360||35800|360|50671.0625|8880a7|PIC519|0|2869|0|||3|3|0|1|1|132|162|["132,162,5"]|636148154710630000|14:04:31:063
62|1.1|636147911693206931|8880a7|50676.0625|17.7257808953|107.46214099425|713589|458560||50676.0625|360||35818.75|360|50676.0625|8880a7|PIC519|0|2869|0|||3|3|0|1|1|132|162|["132,162,5"]|636148154760630000|14:04:36:063
62|1.1|636147911743131923|8880a7|50681.0390625|17.71580845711|107.46577269982|714010|457464||50681.0390625|360||35825|360|50681.0390625|8880a7|PIC519|0|2869|0|||3|3|0|1|1|132|162|["132,162,5"]|636148154810390000|14:04:41:039
62|1.1|636147911793046914|8880a7|50686.0390625|17.70709665527|107.46798820115|714277|456503||50686.0390625|360||35862.5|360|50686.0390625|8880a7|PIC519|0|2869|0|||3|3|0|1|1|132|162|["132,162,5"]|636148154860390000|14:04:46:039
62|1.1|636147911842971906|8880a7|50691.015625|17.69849750604|107.47017688043|714540|455555||50691.015625|360||35887.5|360|50691.015625|8880a7|PIC519|0|2869|0|||3|3|0|1|1|132|162|["132,162,5"]|636148154910160000|14:04:51:016
62|1.1|636147911892896898|8880a7|50696.015625|17.68846069493|107.47380322159|714962|454453||50696.015625|360||35887.5|360|50696.015625|8880a7|PIC519|0|2869|0|||3|3|0|1|1|132|162|["132,162,5"]|636148154960160000|14:04:56:016
62|1.1|636147911942821890|8880a7|50701.015625|17.67830050239|107.47752612213|715394|453336||50701.015625|360||35887.5|360|50701.015625|8880a7|PIC519|0|2869|0|||3|3|0|1|1|132|162|["132,162,5"]|636148155010160000|14:05:01:016
62|1.1|636147911992746882|8880a7|50706|17.66817249631|107.4812114718|715823|452223||50706|360||35887.5|360|50706|8880a7|PIC519|0|2869|0|||3|3|0|1|1|132|162|["132,162,5"]|636148155060000000|14:05:06:000
62|1.1|636147912042671874|8880a7|50711|17.65952506739|107.48333577816|716080|451269||50711|360||35912.5|360|50711|8880a7|PIC519|0|2869|0|||3|3|0|1|1|132|162|["132,162,5"]|636148155110000000|14:05:11:000
62|1.1|636147912092586865|8880a7|50715.9765625|17.64878551857|107.48710159398|716519|450089||50715.9765625|360||35856.25|360|50715.9765625|8880a7|PIC519|0|2869|0|||3|3|0|1|1|132|162|["132,162,5"]|636148155159770000|14:05:15:977
62|1.1|636147912142511857|8880a7|50720.9765625|17.63905984324|107.49035242644|716899|449020||50720.9765625|360||35856.25|360|50720.9765625|8880a7|PIC519|0|2869|0|||3|3|0|1|1|132|162|["132,162,5"]|636148155209770000|14:05:20:977
62|1.1|636147912192426848|8880a7|50725.9765625|17.62831493001|107.49410751344|717337|447839||50725.9765625|360||35800|360|50725.9765625|8880a7|PIC519|0|2869|0|||3|3|0|1|1|132|162|["132,162,5"]|636148155259770000|14:05:25:977
62|1.1|636147912242351840|8880a7|50730.9609375|17.61831566977|107.49764802404|717750|446740||50730.9609375|360||35800|360|50730.9609375|8880a7|PIC519|0|2869|0|||3|3|0|1|1|132|162|["132,162,5"]|636148155309610000|14:05:30:961
62|1.1|636147912292276832|8880a7|50735.9609375|17.6073883666|107.50161768744|718211|445539||50735.9609375|360||35731.25|360|50735.9609375|8880a7|PIC519|0|2869|0|||3|3|0|1|1|132|162|["132,162,5"]|636148155359610000|14:05:35:961
62|1.1|636147912342191823|8880a7|50740.9375|17.59680438567|107.50574828314|718689|444377||50740.9375|360||35725|360|50740.9375|8880a7|PIC519|0|2869|0|||3|3|0|1|1|132|162|["132,162,5"]|636148155409380000|14:05:40:938
62|1.1|636147912392116815|8880a7|50745.9375|17.5828730129|107.51451909349|719673|442859||50745.9375|360||35462.5|360|50745.9375|8880a7|PIC519|0|2869|0|||3|3|0|1|1|132|163|["132,178,5,1941","132,162,5"]|636148155459380000|14:05:45:938
62|1.1|636147912442041807|8880a7|50750.9375|17.56981067455|107.52174495376|720489|441432||50750.9375|360||35425|360|50750.9375|8880a7|PIC519|0|2869|0|||3|3|0|1|1|132|163|["132,178,5,1941","132,162,5"]|636148155509380000|14:05:50:938
62|1.1|636147912491966799|8880a7|50755.921875|17.55811626075|107.5275063301|721145|440152||50755.921875|360||35456.25|360|50755.921875|8880a7|PIC519|0|2869|0|||3|3|0|1|1|132|163|["132,178,5,1941","132,162,5"]|636148155559220000|14:05:55:922
62|1.1|636147912541881790|8880a7|50760.921875|17.54614826204|107.53312286737|721786|438842||50760.921875|360||35506.25|360|50760.921875|8880a7|PIC519|0|2869|0|||3|3|0|1|1|132|163|["132,178,5,1941","132,162,5"]|636148155609220000|14:06:00:922
62|1.1|636147912591806782|8880a7|50765.8984375|17.53349361885|107.53886278607|722442|437455||50765.8984375|360||35568.75|360|50765.8984375|8880a7|PIC519|0|2869|0|||3|3|0|1|1|132|163|["132,178,5,1941","132,162,5"]|636148155658980000|14:06:05:898
62|1.1|636147912641721773|8880a7|50770.8984375|17.52377330793|107.54254813574|722870|436388||50770.8984375|360||35650|360|50770.8984375|8880a7|PIC519|0|2869|0|||3|3|0|1|1|132|162|["132,178,5,1941","132,162,5"]|636148155708980000|14:06:10:898
62|1.1|636147912691656766|8880a7|50775.8984375|17.51235784345|107.54711324865|723397|435135||50775.8984375|360||35700|360|50775.8984375|8880a7|PIC519|0|2869|0|||3|3|0|1|1|132|162|["132,178,5,1941","132,162,5"]|636148155758980000|14:06:15:898
62|1.1|636147912741561756|8880a7|50780.875|17.50263216812|107.55045527608|723788|434066||50780.875|360||35762.5|360|50780.875|8880a7|PIC519|0|2869|0|||3|3|0|1|1|132|163|["132,178,5,1941","132,162,5"]|636148155808750000|14:06:20:875
62|1.1|636147912791506750|8880a7|50785.875|17.49365214578|107.55216652287|724002|433074||50785.875|360||35725|360|50785.875|8880a7|PIC519|0|2869|0|||3|3|0|1|1|132|163|["132,178,5,1941","132,162,5"]|636148155858750000|14:06:25:875
62|1.1|636147912841411740|8880a7|50790.859375|17.47601933011|107.56137721484|725047|431146||50790.859375|360||35987.5|360.25|50790.859375|8880a7|PIC519|0|2869|0|||3|3|0|1|1|132|163|["132,178,5,1941","132,162,5"]|636148155908590000|14:06:30:859
62|1.1|636147912891346733|8880a7|50795.859375|17.46545680682|107.56407551307|725372|429982||50795.859375|360||35968.75|360|50795.859375|8880a7|PIC519|0|2869|0|||3|3|0|1|1|132|162|["132,178,5,1941","132,162,5"]|636148155958590000|14:06:35:859
62|1.1|636147912941251723|8880a7|50800.859375|17.45518932608|107.56683818422|725703|428851||50800.859375|360||35937.5|360|50800.859375|8880a7|PIC519|0|2869|0|||3|3|0|1|1|132|162|["132,178,5,1941","132,162,5"]|636148156008590000|14:06:40:859
62|1.1|636147912991166714|8880a7|50805.8359375|17.44517933702|107.56986907587|726062|427749||50805.8359375|360||35862.5|360|50805.8359375|8880a7|PIC519|0|2869|0|||3|3|0|1|1|132|162|["132,178,5,1941","132,162,5"]|636148156058360000|14:06:45:836
62|1.1|636147913041111708|8880a7|50810.8359375|17.43505669535|107.57322719653|726456|426635||50810.8359375|360||35781.25|360|50810.8359375|8880a7|PIC519|0|2869|0|||3|3|0|1|1|132|162|["132,178,5,1941","132,162,5"]|636148156108360000|14:06:50:836
62|1.1|636147913091016698|8880a7|50815.8203125|17.4252666471|107.57644584253|726834|425559||50815.8203125|360||35706.25|360|50815.8203125|8880a7|PIC519|0|2869|0|||3|3|0|1|1|132|163|["132,178,5,1941","132,162,5"]|636148156158200000|14:06:55:820
62|1.1|636147913140941690|8880a7|50820.8203125|17.41533175978|107.58160104054|727419|424473||50820.8203125|360||35950|360|50820.8203125|8880a7|PIC519|0|2869|0|||3|3|0|1|1|132|163|["132,178,5,1941","132,162,5"]|636148156208200000|14:07:00:820
62|1.1|636147913190856681|8880a7|50825.8203125|17.40510182991|107.5851200935|727831|423348||50825.8203125|360||35962.5|360|50825.8203125|8880a7|PIC519|0|2869|0|||3|3|0|1|1|132|163|["132,178,5,1941","132,162,5"]|636148156258200000|14:07:05:820
62|1.1|636147913240781673|8880a7|50830.796875|17.39436228109|107.58897173988|728280|422168||50830.796875|360||35987.5|360|50830.796875|8880a7|PIC519|0|2869|0|||3|3|0|1|1|132|163|["132,178,5,1941","132,162,5"]|636148156307970000|14:07:10:797
62|1.1|636147913290706665|8880a7|50835.796875|17.38395532569|107.59191680097|728631|421022||50835.796875|360||35968.75|360|50835.796875|8880a7|PIC519|0|2869|0|||3|3|0|1|1|132|162|["132,178,5,1941","132,162,5"]|636148156357970000|14:07:15:797
62|1.1|636147913340621656|8880a7|50840.78125|17.37341962445|107.59607421872|729112|419866||50840.78125|360||35987.5|360|50840.78125|8880a7|PIC519|0|2869|0|||3|3|0|1|1|132|163|["132,178,5,1941","132,162,5"]|636148156407810000|14:07:20:781
62|1.1|636147913390546648|8880a7|50845.78125|17.36306631315|107.5994967123|729514|418727||50845.78125|360||35993.75|360|50845.78125|8880a7|PIC519|0|2869|0|||3|3|0|1|1|132|162|["132,178,5,1941","132,162,5"]|636148156457810000|14:07:25:781
62|1.1|636147913440471640|8880a7|50850.78125|17.35298658676|107.60324107048|729949|417620||50850.78125|360||35993.75|360|50850.78125|8880a7|PIC519|0|2869|0|||3|3|0|1|1|132|162|["132,178,5,1941","132,162,5"]|636148156507810000|14:07:30:781
62|1.1|636147913490386631|8880a7|50855.7578125|17.34411921703|107.60643289443|730321|416646||50855.7578125|360||36000|360|50855.7578125|8880a7|PIC519|0|2869|0|||3|3|0|1|1|132|162|["132,178,5,1941","132,162,5"]|636148156557580000|14:07:35:758
62|1.1|636147913540311623|8880a7|50860.7578125|17.335090915|107.60956570987|730688|415653||50860.7578125|360||36006.25|360|50860.7578125|8880a7|PIC519|0|2869|0|||3|3|0|1|1|132|162|["132,178,5,1941","132,162,5"]|636148156607580000|14:07:40:758
62|1.1|636147913590236615|8880a7|50865.7421875|17.32566564663|107.61289700848|731077|414618||50865.7421875|360||36012.5|360|50865.7421875|8880a7|PIC519|0|2869|0|||3|3|0|1|1|132|162|["132,178,5,1941","132,162,5"]|636148156657420000|14:07:45:742
62|1.1|636147913640161607|8880a7|50870.7421875|17.31555373378|107.61609419684|731454|413506||50870.7421875|360||36006.25|360|50870.7421875|8880a7|PIC519|0|2869|0|||3|3|0|1|1|132|162|["132,178,5,1941","132,162,5"]|636148156707420000|14:07:50:742
62|1.1|636147913690096600|8880a7|50875.7421875|17.3041382693|107.61969371595|731879|412249||50875.7421875|360||36000|360|50875.7421875|8880a7|PIC519|0|2869|0|||3|3|0|1|1|132|162|["132,178,5,1941","132,162,5"]|636148156757420000|14:07:55:742
62|1.1|636147913740001590|8880a7|50880.71875|17.29231510966|107.62355609115|732333|410949||50880.71875|360||35993.75|360|50880.71875|8880a7|PIC519|0|2869|0|||3|3|0|1|1|132|163|["132,178,5,1941","132,162,5"]|636148156807190000|14:08:00:719
62|1.1|636147913789926582|8880a7|50885.71875|17.28427922348|107.6262651182|732651|410066||50885.71875|360||35993.75|360|50885.71875|8880a7|PIC519|0|2869|0|||3|3|0|1|1|132|163|["132,178,5,1941","132,162,5"]|636148156857190000|14:08:05:719
62|1.1|636147913839851574|8880a7|50890.6953125|17.27362014081|107.62959641681|733045|408893||50890.6953125|360||35987.5|360|50890.6953125|8880a7|PIC519|0|2869|0|||3|3|0|1|1|132|163|["132,178,4,1941","132,162,5"]|636148156906950000|14:08:10:695
62|1.1|636147913889766565|8880a7|50895.6953125|17.26318636336|107.6330779189|733453|407746||50895.6953125|360||35987.5|360|50895.6953125|8880a7|PIC519|0|2869|0|||3|3|0|1|1|132|163|["132,178,4,1941","132,162,5"]|636148156956950000|14:08:15:695
62|1.1|636147913939701558|8880a7|50900.6953125|17.25285987411|107.63615172583|733818|406609||50900.6953125|360||35975|360|50900.6953125|8880a7|PIC519|0|2869|0|||3|3|0|1|1|132|163|["132,178,4,1941","132,162,5"]|636148157006950000|14:08:20:695
62|1.1|636147913989606548|8880a7|50905.6796875|17.24265140188|107.6397297873|734237|405487||50905.6796875|360||35975|360|50905.6796875|8880a7|PIC519|0|2869|0|||3|3|0|1|1|132|162|["132,178,5,1958","132,162,5"]|636148157056800000|14:08:25:680
62|1.1|636147914039521539|8880a7|50910.6796875|17.23245365847|107.64330784877|734655|404367||50910.6796875|360||35987.5|360|50910.6796875|8880a7|PIC519|0|2869|0|||3|3|0|1|1|132|162|["132,178,5,1958","132,162,5"]|636148157106800000|14:08:30:680
62|1.1|636147914089446531|8880a7|50915.65625|17.22215935568|107.64630118955|735011|403233||50915.65625|360||35968.75|360|50915.65625|8880a7|PIC519|0|2869|0|||3|3|0|1|1|132|162|["132,178,5,1958","132,162,5"]|636148157156560000|14:08:35:656
62|1.1|636147914139371523|8880a7|50920.65625|17.21194015463|107.64951447114|735391|402109||50920.65625|360||35950|360|50920.65625|8880a7|PIC519|0|2869|0|||3|3|0|1|1|132|162|["132,178,5,1958","132,162,5"]|636148157206560000|14:08:40:656
62|1.1|636147914189286514|8880a7|50925.65625|17.2016780383|107.65248098987|735744|400979||50925.65625|360||35912.5|360|50925.65625|8880a7|PIC519|0|2869|0|||3|3|0|1|1|132|162|["132,178,5,1958","132,162,5"]|636148157256560000|14:08:45:656
62|1.1|636147914239221507|8880a7|50930.640625|17.19170560011|107.65575327997|736129|399882||50930.640625|360||35850|360|50930.640625|8880a7|PIC519|0|2869|0|||3|3|0|1|1|132|162|["132,178,5,1958","132,162,5"]|636148157306410000|14:08:50:641
62|1.1|636147914289156500|8880a7|50935.640625|17.18181362807|107.66012527412|736631|398799||50935.640625|360||35975|360|50935.640625|8880a7|PIC519|0|2869|0|||3|3|0|1|1|132|162|["132,178,5,1958","132,162,5"]|636148157356410000|14:08:55:641
62|1.1|636147914339061490|8880a7|50940.6171875|17.17187337634|107.66345120832|737022|397706||50940.6171875|360||35962.5|360|50940.6171875|8880a7|PIC519|0|2869|0|||3|3|0|1|1|132|162|["132,178,5,1958","132,162,5"]|636148157406170000|14:09:00:617
62|1.1|636147914388976481|8880a7|50945.6171875|17.16179901436|107.66646600674|737380|396597||50945.6171875|360||35906.25|360|50945.6171875|8880a7|PIC519|0|2869|0|||3|3|0|1|1|132|162|["132,178,5,1958","132,162,5"]|636148157456170000|14:09:05:617
62|1.1|636147914438901473|8880a7|50950.6171875|17.15191240673|107.66963637305|737754|395509||50950.6171875|360||35881.25|360|50950.6171875|8880a7|PIC519|0|2869|0|||3|3|0|1|1|132|162|["132,178,5,1958","132,162,5"]|636148157506170000|14:09:10:617
62|1.1|636147914488816464|8880a7|50955.6015625|17.14209553643|107.6729354852|738142|394430||50955.6015625|360||35850|360|50955.6015625|8880a7|PIC519|0|2869|0|||3|3|0|1|1|132|162|["132,178,5,1958","132,162,5"]|636148157556020000|14:09:15:602
62|1.1|636147914538751457|8880a7|50960.6015625|17.13319598024|107.67687832655|738594|393455||50960.6015625|360||35962.5|360|50960.6015625|8880a7|PIC519|0|2869|0|||3|3|0|1|1|132|162|["132,178,5,1958","132,162,5"]|636148157606020000|14:09:20:602
62|1.1|636147914588666448|8880a7|50965.578125|17.1227139231|107.68133615126|739108|392306||50965.578125|360||35981.25|360|50965.578125|8880a7|PIC519|0|2869|0|||3|3|0|1|1|132|162|["132,178,5,1958","132,162,5"]|636148157655780000|14:09:25:578
62|1.1|636147914638591440|8880a7|50970.578125|17.11285413752|107.68505368739|739540|391224||50970.578125|360||35968.75|360|50970.578125|8880a7|PIC519|0|2869|0|||3|3|0|1|1|132|162|["132,178,5,1958","132,162,5"]|636148157705780000|14:09:30:578
62|1.1|636147914688506431|8880a7|50975.578125|17.10292461461|107.69050392795|740158|390139||50975.578125|360||35987.5|360|50975.578125|8880a7|PIC519|0|2869|0|||3|3|0|1|1|132|162|["132,178,5,1958","132,162,5"]|636148157755780000|14:09:35:578
62|1.1|636147914738431423|8880a7|50980.5625|17.0930487358|107.6955196513|740729|389059||50980.5625|360||36000|360|50980.5625|8880a7|PIC519|0|2869|0|||3|3|0|1|1|132|162|["132,178,5,1958","132,162,5"]|636148157805630000|14:09:40:563
62|1.1|636147914788366416|8880a7|50985.5625|17.08424037458|107.69987555222|741226|388095||50985.5625|360||36000|360|50985.5625|8880a7|PIC519|0|2869|0|||3|3|0|1|1|132|162|["132,178,5,1958","132,162,5"]|636148157855630000|14:09:45:563
62|1.1|636147914838291408|8880a7|50990.5390625|17.07423038552|107.7048000806|741788|387001||50990.5390625|360||36000|360|50990.5390625|8880a7|PIC519|0|2869|0|||3|3|0|1|1|132|162|["132,178,5,1958","132,162,5"]|636148157905390000|14:09:50:539
62|1.1|636147914888206399|8880a7|50995.5390625|17.06460663398|107.70942420202|742317|385948||50995.5390625|360||36000|360|50995.5390625|8880a7|PIC519|0|2869|0|||3|3|0|1|1|132|162|["132,178,5,1958","132,162,5"]|636148157955390000|14:09:55:539
62|1.1|636147914938121390|8880a7|51000.5390625|17.05585728127|107.71395176406|742832|384991||51000.5390625|360||36000|360|51000.5390625|8880a7|PIC519|0|2869|0|||3|3|0|1|1|132|162|["132,178,5,1958","132,162,5"]|636148158005390000|14:10:00:539
62|1.1|636147914988036381|8880a7|51005.515625|17.04673241986|107.71847396169|743348|383993||51005.515625|360||36000|360|51005.515625|8880a7|PIC519|0|2869|0|||3|3|0|1|1|132|162|["132,178,5,1958","132,162,5"]|636148158055160000|14:10:05:516
62|1.1|636147915037961373|8880a7|51010.515625|17.0368833631|107.7228781423|743854|382914||51010.515625|360||35987.5|360|51010.515625|8880a7|PIC519|0|2869|0|||3|3|0|1|1|132|162|["132,178,5,1958","132,162,5"]|636148158105160000|14:10:10:516
62|1.1|636147915087876364|8880a7|51015.5|17.02735080653|107.72750762813|744383|381871||51015.5|360||35987.5|360|51015.5|8880a7|PIC519|0|2869|0|||3|3|0|1|1|132|162|["132,178,5,1958","132,162,5"]|636148158155000000|14:10:15:500
62|1.1|636147915137811357|8880a7|51020.5|17.01743737685|107.73207810545|744907|380786||51020.5|360||35981.25|360|51020.5|8880a7|PIC519|0|2869|0|||3|3|0|1|1|132|162|["132,178,5,1958","132,162,5"]|636148158205000000|14:10:20:500
62|1.1|636147915187726348|8880a7|51025.5|17.00707870114|107.73727621874|745500|379653||51025.5|360||35981.25|360|51025.5|8880a7|PIC519|0|2869|0|||3|3|0|1|1|132|163|["132,178,5,1958","132,162,5"]|636148158255000000|14:10:25:500
62|1.1|636147915237641339|8880a7|51030.4765625|16.99725646643|107.74163211966|746001|378577||51030.4765625|360||35975|360|51030.4765625|8880a7|PIC519|0|2869|0|||3|3|0|1|1|132|162|["132,178,5,1958","132,162,5"]|636148158304770000|14:10:30:477
62|1.1|636147915287566331|8880a7|51035.4765625|16.98729475706|107.74620259698|746525|377486||51035.4765625|360||35956.25|360|51035.4765625|8880a7|PIC519|0|2869|0|||3|3|0|1|1|132|162|["132,178,5,1958","132,162,5"]|636148158354770000|14:10:35:477
62|1.1|636147915337501324|8880a7|51040.4609375|16.97702727632|107.75167429518|747147|376364||51040.4609375|360.25||35993.75|360|51040.4609375|8880a7|PIC519|0|2869|0|||3|3|0|1|1|132|163|["132,178,5,1958","132,162,5"]|636148158404610000|14:10:40:461
62|1.1|636147915387416315|8880a7|51045.4609375|16.9671460331|107.75647007772|747695|375283||51045.4609375|360.25||36000|360|51045.4609375|8880a7|PIC519|0|2869|0|||3|3|0|1|1|132|163|["132,178,5,1958","132,162,5"]|636148158454610000|14:10:45:461
62|1.1|636147915437331306|8880a7|51050.4609375|16.9572218746|107.76144288579|748262|374198||51050.4609375|360.25||36006.25|360|51050.4609375|8880a7|PIC519|0|2869|0|||3|3|0|1|1|132|163|["132,178,5,1958","132,162,5"]|636148158504610000|14:10:50:461
62|1.1|636147915487266299|8880a7|51055.4375|16.9472977161|107.76591680373|748776|373111||51055.4375|360.25||35993.75|360|51055.4375|8880a7|PIC519|0|2869|0|||3|3|0|1|1|132|162|["132,178,5,1958","132,162,5"]|636148158554380000|14:10:55:438
62|1.1|636147915537181290|8880a7|51060.4375|16.93759349841|107.77079841683|749333|372050||51060.4375|360.25||36006.25|360|51060.4375|8880a7|PIC519|0|2869|0|||3|3|0|1|1|132|162|["132,178,5,1958","132,162,5"]|636148158604380000|14:11:00:438
62|1.1|636147915587096281|8880a7|51065.421875|16.92887096775|107.77509530924|749824|371096||51065.421875|360.25||36006.25|360|51065.421875|8880a7|PIC519|0|2869|0|||3|3|0|1|1|132|162|["132,178,5,1958","132,162,5"]|636148158654220000|14:11:05:422
