62|1.1|636147897412849038|88801a|49248.015625|14.70286075856|108.16861769802|800072|125248||49248.015625|400||39981.25|400|49248.015625|88801a|HVN255|0|1684|0|||3|3|0|1|1|132|163|["132,162,5"]|636148140480160000|13:40:48:016
62|1.1|636147897462734026|88801a|49253.015625|14.69193345539|108.16835484193|800083|124034||49253.015625|399.75||39975|399.75|49253.015625|88801a|HVN255|0|1684|0|||3|3|0|1|1|132|163|["132,162,5"]|636148140530160000|13:40:53:016
62|1.1|636147897512649017|88801a|49258.015625|14.68098469458|108.16803834174|800087|122817||49258.015625|399.75||39962.5|399.75|49258.015625|88801a|HVN255|0|1684|0|||3|3|0|1|1|132|163|["132,162,5"]|636148140580160000|13:40:58:016
62|1.1|636147897562904042|88801a|49263|14.67096934111|108.16788813826|800106|121705||49263|400||39987.5|399.75|49263|88801a|HVN255|0|1684|0|||3|3|0|1|1|132|163|["132,162,5"]|636148140630000000|13:41:03:000
62|1.1|636147897612489000|88801a|49268|14.66004203794|108.16757700248|800111|120490||49268|400||39981.25|400|49268|88801a|HVN255|0|1684|0|||3|3|0|1|1|132|162|["132,162,5"]|636148140680000000|13:41:08:000
62|1.1|636147897662413992|88801a|49272.9765625|14.64934003999|108.16733023962|800122|119301||49272.9765625|399.75||39962.5|399.75|49272.9765625|88801a|HVN255|0|1684|0|||3|3|0|1|1|132|162|["132,162,5"]|636148140729770000|13:41:12:977
62|1.1|636147897712328983|88801a|49277.9765625|14.63844492328|108.16704056148|800129|118090||49277.9765625|400||39918.75|400|49277.9765625|88801a|HVN255|0|1684|0|||3|3|0|1|1|132|162|["132,162,5"]|636148140779770000|13:41:17:977
62|1.1|636147897762253975|88801a|49282.9765625|14.62768928123|108.16681525626|800143|116895||49282.9765625|399.75||39856.25|399.75|49282.9765625|88801a|HVN255|0|1684|0|||3|3|0|1|1|132|162|["132,162,5"]|636148140829770000|13:41:22:977
62|1.1|636147897812188968|88801a|49287.9609375|14.61644547787|108.1666221375|800162|115646||49287.9609375|399.75||39962.5|399.75|49287.9609375|88801a|HVN255|0|1684|0|||3|3|0|1|1|132|163|["132,162,5"]|636148140879610000|13:41:27:961
62|1.1|636147897862093958|88801a|49292.9609375|14.60559327644|108.16638073905|800174|114440||49292.9609375|399.75||39956.25|399.75|49292.9609375|88801a|HVN255|0|1684|0|||3|3|0|1|1|132|162|["132,162,5"]|636148140929610000|13:41:32:961
62|1.1|636147897912018950|88801a|49297.9375|14.59474107501|108.16609642532|800181|113234||49297.9375|400||39937.5|400|49297.9375|88801a|HVN255|0|1684|0|||3|3|0|1|1|132|162|["132,162,5"]|636148140979380000|13:41:37:938
62|1.1|636147897961953943|88801a|49302.9375|14.58402834824|108.16587648451|800195|112044||49302.9375|399.75||39900|399.75|49302.9375|88801a|HVN255|0|1684|0|||3|3|0|1|1|132|162|["132,162,5"]|636148141029380000|13:41:42:938
62|1.1|636147898011858933|88801a|49307.9375|14.5732244265|108.16562435724|800206|110844||49307.9375|399.75||39825|399.75|49307.9375|88801a|HVN255|0|1684|0|||3|3|0|1|1|132|162|["132,162,5"]|636148141079380000|13:41:47:938
62|1.1|636147898061783925|88801a|49312.921875|14.56282819992|108.16554389109|800233|109689||49312.921875|400||39687.5|400|49312.921875|88801a|HVN255|0|1684|0|||3|3|0|1|1|132|163|["132,162,5"]|636148141129220000|13:41:52:922
62|1.1|636147898111718918|88801a|49317.921875|14.55253389713|108.16550097581|800265|108546||49317.921875|400||39562.5|400|49317.921875|88801a|HVN255|0|1684|0|||3|3|0|1|1|132|162|["132,162,5"]|636148141179220000|13:41:57:922
62|1.1|636147898161623908|88801a|49322.8984375|14.54181580595|108.16530785705|800282|107355||49322.8984375|400||39506.25|400|49322.8984375|88801a|HVN255|0|1684|0|||3|3|0|1|1|132|162|["132,162,5"]|636148141228980000|13:42:02:898
62|1.1|636147898211548900|88801a|49327.8984375|14.53205794416|108.16534540792|800320|106272||49327.8984375|400||39400|400|49327.8984375|88801a|HVN255|0|1684|0|||3|3|0|1|1|132|162|["132,162,5"]|636148141278980000|13:42:07:898
62|1.1|636147898261463891|88801a|49332.8984375|14.52137740385|108.16515228916|800337|105085||49332.8984375|399.75||39393.75|399.75|49332.8984375|88801a|HVN255|0|1684|0|||3|3|0|1|1|132|162|["132,162,5"]|636148141328980000|13:42:12:898
62|1.1|636147898311388883|88801a|49337.875|14.51141033007|108.16512546711|800369|103979||49337.875|399.75||39381.25|399.75|49337.875|88801a|HVN255|0|1684|0|||3|3|0|1|1|132|162|["132,162,5"]|636148141378750000|13:42:17:875
62|1.1|636147898361313875|88801a|49342.875|14.50113748492|108.16503963655|800395|102838||49342.875|399.75||39387.5|399.75|49342.875|88801a|HVN255|0|1684|0|||3|3|0|1|1|132|162|["132,162,5"]|636148141428750000|13:42:22:875
62|1.1|636147898411228866|88801a|49347.875|14.49198580146|108.16520593326|800446|101822||49347.875|400||39368.75|400|49347.875|88801a|HVN255|0|1684|0|||3|3|0|1|1|132|162|["132,162,5"]|636148141478750000|13:42:27:875
62|1.1|636147898461153858|88801a|49352.859375|14.48187925302|108.16516838239|800477|100700||49352.859375|400||39406.25|400|49352.859375|88801a|HVN255|0|1684|0|||3|3|0|1|1|132|162|["132,162,5"]|636148141528590000|13:42:32:859
62|1.1|636147898511078850|88801a|49357.859375|14.47192827247|108.16521666208|800517|99595||49357.859375|400||39462.5|400|49357.859375|88801a|HVN255|0|1684|0|||3|3|0|1|1|132|162|["132,162,5"]|636148141578590000|13:42:37:859
62|1.1|636147898560993841|88801a|49362.8359375|14.46101706253|108.16500208568|800532|98383||49362.8359375|399.75||39537.5|399.75|49362.8359375|88801a|HVN255|0|1684|0|||3|3|0|1|1|132|162|["132,162,5"]|636148141628360000|13:42:42:836
62|1.1|636147898610918833|88801a|49367.8359375|14.45115727695|108.1650664586|800573|97288||49367.8359375|399.75||39568.75|399.75|49367.8359375|88801a|HVN255|0|1684|0|||3|3|0|1|1|132|162|["132,162,5"]|636148141678360000|13:42:47:836
62|1.1|636147898660853826|88801a|49372.8203125|14.44074495714|108.16495380599|800598|96132||49372.8203125|400||39612.5|400|49372.8203125|88801a|HVN255|0|1684|0|||3|3|0|1|1|132|162|["132,162,5"]|636148141728200000|13:42:52:820
62|1.1|636147898710768817|88801a|49377.8203125|14.43038091702|108.16488943307|800627|94981||49377.8203125|399.75||39662.5|399.75|49377.8203125|88801a|HVN255|0|1684|0|||3|3|0|1|1|132|162|["132,162,5"]|636148141778200000|13:42:57:820
62|1.1|636147898760683808|88801a|49382.8203125|14.41491532299|108.16307626249|800485|93258||49382.8203125|399.75||40025|399.75|49382.8203125|88801a|HVN255|0|1684|0|||3|3|0|1|1|132|163|["132,162,5"]|636148141828200000|13:43:02:820
62|1.1|636147898810598799|88801a|49387.796875|14.40401484187|108.16278121994|800491|92046||49387.796875|399.75||40100|399.75|49387.796875|88801a|HVN255|0|1684|0|||3|3|0|1|1|132|163|["132,162,5"]|636148141877970000|13:43:07:797
62|1.1|636147898860523791|88801a|49392.796875|14.39298561491|108.16252372826|800501|90821||49392.796875|400||40156.25|399.75|49392.796875|88801a|HVN255|0|1684|0|||3|3|0|1|1|132|162|["132,162,5"]|636148141927970000|13:43:12:797
62|1.1|636147898910458784|88801a|49397.78125|14.38207440497|108.16223941453|800508|89609||49397.78125|399.75||40150|399.75|49397.78125|88801a|HVN255|0|1684|0|||3|3|0|1|1|132|162|["132,162,5"]|636148141977810000|13:43:17:781
62|1.1|636147898960363774|88801a|49402.78125|14.37174255131|108.1621160331|800531|88461||49402.78125|400||40056.25|399.75|49402.78125|88801a|HVN255|0|1684|0|||3|3|0|1|1|132|163|["132,162,5"]|636148142027810000|13:43:22:781
62|1.1|636147899010288766|88801a|49407.78125|14.36092790075|108.16184244819|800539|87259||49407.78125|399.75||39956.25|399.75|49407.78125|88801a|HVN255|0|1684|0|||3|3|0|1|1|132|163|["132,162,5"]|636148142077810000|13:43:27:781
62|1.1|636147899060223759|88801a|49412.7578125|14.35064969119|108.16172979558|800563|86118||49412.7578125|399.75||39831.25|399.75|49412.7578125|88801a|HVN255|0|1684|0|||3|3|0|1|1|132|163|["132,162,5"]|636148142127580000|13:43:32:758
62|1.1|636147899110128749|88801a|49417.7578125|14.3400335238|108.16110752402|800533|84937||49417.7578125|399.75||39981.25|399.75|49417.7578125|88801a|HVN255|0|1684|0|||3|3|0|1|1|132|163|["132,162,5"]|636148142177580000|13:43:37:758
62|1.1|636147899160063742|88801a|49422.7421875|14.32929933939|108.16069982886|800526|83744||49422.7421875|400||40006.25|400|49422.7421875|88801a|HVN255|0|1684|0|||3|3|0|1|1|132|162|["132,162,5"]|636148142227420000|13:43:42:742
62|1.1|636147899209978733|88801a|49427.7421875|14.3197024099|108.16042087954|800529|82677||49427.7421875|400||40012.5|400|49427.7421875|88801a|HVN255|0|1684|0|||3|3|0|1|1|132|162|["132,162,5"]|636148142277420000|13:43:47:742
62|1.1|636147899259903725|88801a|49432.7421875|14.30946175121|108.16015802345|800537|81540||49432.7421875|400||40018.75|400|49432.7421875|88801a|HVN255|0|1684|0|||3|3|0|1|1|132|162|["132,162,5"]|636148142327420000|13:43:52:742
62|1.1|636147899309818716|88801a|49437.71875|14.29935520277|108.15986834531|800540|80416||49437.71875|399.75||40000|400|49437.71875|88801a|HVN255|0|1684|0|||3|3|0|1|1|132|162|["132,162,5"]|636148142377190000|13:43:57:719
62|1.1|636147899359753709|88801a|49442.71875|14.2888034083|108.1595947604|800547|79244||49442.71875|400||40000|400|49442.71875|88801a|HVN255|0|1684|0|||3|3|0|1|1|132|163|["132,162,5"]|636148142427190000|13:44:02:719
62|1.1|636147899409668700|88801a|49447.6953125|14.27762397786|108.15930508226|800555|78001||49447.6953125|400||40000|400|49447.6953125|88801a|HVN255|0|1684|0|||3|3|0|1|1|132|163|["132,162,5"]|636148142476950000|13:44:07:695
62|1.1|636147899459583691|88801a|49452.6953125|14.26736722594|108.15903149735|800561|76862||49452.6953125|400||39993.75|400|49452.6953125|88801a|HVN255|0|1684|0|||3|3|0|1|1|132|163|["132,162,5"]|636148142526950000|13:44:12:695
62|1.1|636147899509508683|88801a|49457.6953125|14.25670277886|108.15875254803|800568|75677||49457.6953125|399.75||39993.75|399.75|49457.6953125|88801a|HVN255|0|1684|0|||3|3|0|1|1|132|162|["132,162,5"]|636148142576950000|13:44:17:695
62|1.1|636147899559443676|88801a|49462.6796875|14.24663378129|108.15853260722|800579|74558||49462.6796875|400||39993.75|400|49462.6796875|88801a|HVN255|0|1684|0|||3|3|0|1|1|132|162|["132,162,5"]|636148142626800000|13:44:22:680
62|1.1|636147899609348666|88801a|49467.6796875|14.23622146148|108.158307302|800591|73402||49467.6796875|399.75||39968.75|399.75|49467.6796875|88801a|HVN255|0|1684|0|||3|3|0|1|1|132|162|["132,162,5"]|636148142676800000|13:44:27:680
62|1.1|636147899659273658|88801a|49472.65625|14.22548191266|108.15805517473|800601|72208||49472.65625|399.75||39981.25|400|49472.65625|88801a|HVN255|0|1684|0|||3|3|0|1|1|132|162|["132,162,5"]|636148142726560000|13:44:32:656
62|1.1|636147899709198650|88801a|49477.65625|14.21483355881|108.15785132715|800615|71025||49477.65625|400||39987.5|400|49477.65625|88801a|HVN255|0|1684|0|||3|3|0|1|1|132|162|["132,162,5"]|636148142776560000|13:44:37:656
62|1.1|636147899759133643|88801a|49482.65625|14.20377214539|108.15754019137|800620|69796||49482.65625|399.75||39987.5|399.75|49482.65625|88801a|HVN255|0|1684|0|||3|3|0|1|1|132|162|["132,162,5"]|636148142826560000|13:44:42:656
62|1.1|636147899809038633|88801a|49487.640625|14.19286629986|108.15726660646|800628|68584||49487.640625|400||39987.5|399.75|49487.640625|88801a|HVN255|0|1684|0|||3|3|0|1|1|132|162|["132,162,5"]|636148142876410000|13:44:47:641
62|1.1|636147899858963625|88801a|49492.640625|14.18167077619|108.15694474186|800632|67340||49492.640625|399.75||39975|399.75|49492.640625|88801a|HVN255|0|1684|0|||3|3|0|1|1|132|162|["132,162,5"]|636148142926410000|13:44:52:641
62|1.1|636147899908898618|88801a|49497.6171875|14.17068982892|108.15667115695|800640|66120||49497.6171875|399.75||39950|399.75|49497.6171875|88801a|HVN255|0|1684|0|||3|3|0|1|1|132|162|["132,162,5"]|636148142976170000|13:44:57:617
62|1.1|636147899958813609|88801a|49502.6171875|14.15955331376|108.15636538558|800645|64883||49502.6171875|399.75||39900|399.75|49502.6171875|88801a|HVN255|0|1684|0|||3|3|0|1|1|132|162|["132,162,5"]|636148143026170000|13:45:02:617
62|1.1|636147900008728600|88801a|49507.6171875|14.14854554444|108.15609716508|800655|63660||49507.6171875|400||39843.75|400|49507.6171875|88801a|HVN255|0|1684|0|||3|3|0|1|1|132|162|["132,162,5"]|636148143076170000|13:45:07:617
62|1.1|636147900058643591|88801a|49512.6015625|14.13767188537|108.15588258868|800669|62452||49512.6015625|400||39756.25|400|49512.6015625|88801a|HVN255|0|1684|0|||3|3|0|1|1|132|162|["132,162,5"]|636148143126020000|13:45:12:602
62|1.1|636147900108578584|88801a|49517.6015625|14.12677676866|108.15564119023|800681|61241||49517.6015625|399.75||39637.5|399.75|49517.6015625|88801a|HVN255|0|1684|0|||3|3|0|1|1|132|162|["132,162,5"]|636148143176020000|13:45:17:602
62|1.1|636147900158483574|88801a|49522.578125|14.11654147438|108.155625097|800714|60104||49522.578125|400||39537.5|400|49522.578125|88801a|HVN255|0|1684|0|||3|3|0|1|1|132|162|["132,162,5"]|636148143225780000|13:45:22:578
62|1.1|636147900208408566|88801a|49527.578125|14.10664950234|108.15558218172|800744|59006||49527.578125|400||39981.25|400|49527.578125|88801a|HVN255|0|1684|0|||3|3|0|1|1|132|162|["132,162,5"]|636148143275780000|13:45:27:578
62|1.1|636147900258333558|88801a|49532.578125|14.09587776706|108.15542661383|800764|57810||49532.578125|399.75||39975|400|49532.578125|88801a|HVN255|0|1684|0|||3|3|0|1|1|132|163|["132,162,5"]|636148143325780000|13:45:32:578
62|1.1|636147900308268551|88801a|49537.5625|14.08534743023|108.1552495883|800781|56640||49537.5625|400||39993.75|400|49537.5625|88801a|HVN255|0|1684|0|||3|3|0|1|1|132|163|["132,162,5"]|636148143375630000|13:45:37:563
62|1.1|636147900358173541|88801a|49542.5625|14.07587388217|108.15509402041|800797|55588||49542.5625|400||40000|400|49542.5625|88801a|HVN255|0|1684|0|||3|3|0|1|1|132|163|["132,162,5"]|636148143425630000|13:45:42:563
62|1.1|636147900408098533|88801a|49547.5390625|14.06500558751|108.15483116432|800806|54380||49547.5390625|400||40000|400|49547.5390625|88801a|HVN255|0|1684|0|||3|3|0|1|1|132|162|["132,162,5"]|636148143475390000|13:45:47:539
62|1.1|636147900458023525|88801a|49552.5390625|14.05522626808|108.15464877438|800820|53294||49552.5390625|400||40000|400|49552.5390625|88801a|HVN255|0|1684|0|||3|3|0|1|1|132|163|["132,162,5"]|636148143525390000|13:45:52:539
62|1.1|636147900507938516|88801a|49557.5390625|14.0449909738|108.15442346916|800831|52157||49557.5390625|399.75||39981.25|400|49557.5390625|88801a|HVN255|0|1684|0|||3|3|0|1|1|132|162|["132,162,5"]|636148143575390000|13:45:57:539
62|1.1|636147900557883510|88801a|49562.515625|14.03361306019|108.15418207071|800844|50893||49562.515625|399.75||39975|399.75|49562.515625|88801a|HVN255|0|1684|0|||3|3|0|1|1|132|162|["132,162,5"]|636148143625160000|13:46:02:516
62|1.1|636147900607788500|88801a|49567.515625|14.02258383323|108.15390312139|800852|49667||49567.515625|400||39956.25|400|49567.515625|88801a|HVN255|0|1684|0|||3|3|0|1|1|132|162|["132,162,5"]|636148143675160000|13:46:07:516
62|1.1|636147900657703491|88801a|49572.5|14.01171017416|108.15367245176|800864|48459||49572.5|399.75||39950|399.75|49572.5|88801a|HVN255|0|1684|0|||3|3|0|1|1|132|162|["132,162,5"]|636148143725000000|13:46:12:500
62|1.1|636147900707628483|88801a|49577.5|14.00083651509|108.15344714654|800877|47251||49577.5|399.75||39931.25|399.75|49577.5|88801a|HVN255|0|1684|0|||3|3|0|1|1|132|162|["132,162,5"]|636148143775000000|13:46:17:500
62|1.1|636147900757543474|88801a|49582.5|13.9897911949|108.1531574684|800884|46024||49582.5|399.75||39887.5|399.75|49582.5|88801a|HVN255|0|1684|0|||3|3|0|1|1|132|162|["132,162,5"]|636148143825000000|13:46:22:500
62|1.1|636147900807478467|88801a|49587.4765625|13.98011379926|108.15324329896|800926|44950||49587.4765625|400||39668.75|400|49587.4765625|88801a|HVN255|0|1684|0|||3|3|0|1|1|132|162|["132,162,5"]|636148143874770000|13:46:27:477
62|1.1|636147900857393458|88801a|49592.4765625|13.96874125006|108.15281951057|800919|43686||49592.4765625|400||39993.75|400|49592.4765625|88801a|HVN255|0|1684|0|||3|3|0|1|1|132|162|["132,162,5"]|636148143924770000|13:46:32:477
62|1.1|636147900907308449|88801a|49597.4609375|13.95792123509|108.15258347653|800931|42484||49597.4609375|400||40000|400|49597.4609375|88801a|HVN255|0|1684|0|||3|3|0|1|1|132|162|["132,162,5"]|636148143974610000|13:46:37:461
62|1.1|636147900957083426|88801a|49602.4609375|13.94697783869|108.15231525603|800939|41268||49602.4609375|400||39987.5|400|49602.4609375|88801a|HVN255|0|1684|0|||3|3|0|1|1|132|162|["132,162,5"]|636148144024610000|13:46:42:461
62|1.1|636147901007148432|88801a|49607.4609375|13.9362543831|108.15217578137|800961|40077||49607.4609375|400||39925|400|49607.4609375|88801a|HVN255|0|1684|0|||3|3|0|1|1|132|162|["132,162,5"]|636148144074610000|13:46:47:461
62|1.1|636147901057073424|88801a|49612.4375|13.92555774956|108.1519772982|800976|38889||49612.4375|399.75||39818.75|399.75|49612.4375|88801a|HVN255|0|1684|0|||3|3|0|1|1|132|162|["132,162,5"]|636148144124380000|13:46:52:438
62|1.1|636147901106838400|88801a|49617.4375|13.91549948081|108.15204703553|801018|37772||49617.4375|399.75||39656.25|399.75|49617.4375|88801a|HVN255|0|1684|0|||3|3|0|1|1|132|162|["132,162,5"]|636148144174380000|13:46:57:438
62|1.1|636147901156763392|88801a|49622.421875|13.90482430491|108.15185391677|801034|36586||49622.421875|400||39587.5|400|49622.421875|88801a|HVN255|0|1684|0|||3|3|0|1|1|132|162|["132,162,5"]|636148144224220000|13:47:02:422
62|1.1|636147901206838399|88801a|49627.421875|13.89481968026|108.15194511174|801078|35476||49627.421875|400||39500|400|49627.421875|88801a|HVN255|0|1684|0|||3|3|0|1|1|132|162|["132,162,5"]|636148144274220000|13:47:07:422
62|1.1|636147901256613376|88801a|49632.421875|13.88450391983|108.15189683205|801108|34331||49632.421875|399.75||39431.25|399.75|49632.421875|88801a|HVN255|0|1684|0|||3|3|0|1|1|132|162|["132,162,5"]|636148144324220000|13:47:12:422
62|1.1|636147901306698384|88801a|49637.3984375|13.87459585456|108.15199875584|801153|33231||49637.3984375|399.75||39406.25|399.75|49637.3984375|88801a|HVN255|0|1684|0|||3|3|0|1|1|132|162|["132,162,5"]|636148144373980000|13:47:17:398
62|1.1|636147901356453359|88801a|49642.3984375|13.86526178116|108.15230452721|801218|32196||49642.3984375|399.75||39362.5|399.75|49642.3984375|88801a|HVN255|0|1684|0|||3|3|0|1|1|132|162|["132,162,5"]|636148144423980000|13:47:22:398
62|1.1|636147901406378351|88801a|49647.375|13.85436130004|108.15205239994|801228|30985||49647.375|400||39425|400|49647.375|88801a|HVN255|0|1684|0|||3|3|0|1|1|132|162|["132,162,5"]|636148144473750000|13:47:27:375
62|1.1|636147901456293342|88801a|49652.375|13.84523643863|108.15249764597|801308|29973||49652.375|399.75||39381.25|399.75|49652.375|88801a|HVN255|0|1684|0|||3|3|0|1|1|132|162|["132,162,5"]|636148144523750000|13:47:32:375
62|1.1|636147901506218334|88801a|49657.375|13.83428767782|108.15225088311|801318|28757||49657.375|400||39450|400|49657.375|88801a|HVN255|0|1684|0|||3|3|0|1|1|132|162|["132,162,5"]|636148144573750000|13:47:37:375
62|1.1|636147901556143326|88801a|49662.359375|13.82466929069|108.15251910361|801380|27690||49662.359375|399.75||39475|399.75|49662.359375|88801a|HVN255|0|1684|0|||3|3|0|1|1|132|162|["132,162,5"]|636148144623590000|13:47:42:359
62|1.1|636147901606068318|88801a|49667.359375|13.81400484361|108.15236890013|801400|26505||49667.359375|399.75||39525|399.75|49667.359375|88801a|HVN255|0|1684|0|||3|3|0|1|1|132|162|["132,162,5"]|636148144673590000|13:47:47:359
62|1.1|636147901655983309|88801a|49672.3359375|13.80430599033|108.15263175622|801462|25429||49672.3359375|400||39556.25|400|49672.3359375|88801a|HVN255|0|1684|0|||3|3|0|1|1|132|162|["132,162,5"]|636148144723360000|13:47:52:336
62|1.1|636147901705898300|88801a|49677.3359375|13.79408678928|108.15269076473|801503|24295||49677.3359375|400||39575|400|49677.3359375|88801a|HVN255|0|1684|0|||3|3|0|1|1|132|162|["132,162,5"]|636148144773360000|13:47:57:336
62|1.1|636147901755823292|88801a|49682.3359375|13.78397487643|108.15280878175|801551|23173||49682.3359375|400||39625|400|49682.3359375|88801a|HVN255|0|1684|0|||3|3|0|1|1|132|162|["132,162,5"]|636148144823360000|13:48:02:336
62|1.1|636147901805748284|88801a|49687.3203125|13.77391660768|108.15292143436|801597|22056||49687.3203125|400||39637.5|400|49687.3203125|88801a|HVN255|0|1684|0|||3|3|0|1|1|132|162|["132,162,5"]|636148144873200000|13:48:07:320
62|1.1|636147901855673276|88801a|49692.3203125|13.76424457645|108.1532647566|801667|20984||49692.3203125|400||39650|400|49692.3203125|88801a|HVN255|0|1684|0|||3|3|0|1|1|132|162|["132,162,5"]|636148144923200000|13:48:12:320
62|1.1|636147901905588267|88801a|49697.296875|13.75339237502|108.15308236666|801685|19778||49697.296875|399.75||39687.5|399.75|49697.296875|88801a|HVN255|0|1684|0|||3|3|0|1|1|132|162|["132,162,5"]|636148144972970000|13:48:17:297
62|1.1|636147901955503258|88801a|49702.296875|13.74275474999|108.15300726492|801713|18597||49702.296875|399.75||39712.5|399.75|49702.296875|88801a|HVN255|0|1684|0|||3|3|0|1|1|132|162|["132,162,5"]|636148145022970000|13:48:22:297
62|1.1|636147902005448252|88801a|49707.296875|13.73501927077|108.15425717245|801875|17742||49707.296875|399.75||39593.75|399.75|49707.296875|88801a|HVN255|0|1684|0|||3|3|0|1|1|132|162|["132,162,5"]|636148145072970000|13:48:27:297
62|1.1|636147902055353242|88801a|49712.28125|13.72454794245|108.15424644363|801909|16580||49712.28125|399.75||39631.25|399.75|49712.28125|88801a|HVN255|0|1684|0|||3|3|0|1|1|132|162|["132,162,5"]|636148145122810000|13:48:32:281
62|1.1|636147902105278234|88801a|49717.28125|13.71441457196|108.1544449268|801965|15455||49717.28125|399.75||39656.25|399.75|49717.28125|88801a|HVN255|0|1684|0|||3|3|0|1|1|132|162|["132,162,5"]|636148145172810000|13:48:37:281
62|1.1|636147902155203226|88801a|49722.2578125|13.70357309935|108.1542303504|801979|14251||49722.2578125|399.75||39693.75|399.75|49722.2578125|88801a|HVN255|0|1684|0|||3|3|0|1|1|132|162|["132,162,5"]|636148145222580000|13:48:42:258
62|1.1|636147902205118217|88801a|49727.2578125|13.69370794936|108.15452002854|802044|13157||49727.2578125|399.75||39700|399.75|49727.2578125|88801a|HVN255|0|1684|0|||3|3|0|1|1|132|162|["132,162,5"]|636148145272580000|13:48:47:258
62|1.1|636147902255043209|88801a|49732.2578125|13.68257679861|108.15419279953|802046|11920||49732.2578125|400||39750|400|49732.2578125|88801a|HVN255|0|1684|0|||3|3|0|1|1|132|162|["132,162,5"]|636148145322580000|13:48:52:258
62|1.1|636147902304968201|88801a|49737.2421875|13.67178360569|108.15405332487|802068|10721||49737.2421875|400||39775|400|49737.2421875|88801a|HVN255|0|1684|0|||3|3|0|1|1|132|162|["132,162,5"]|636148145372420000|13:48:57:242
62|1.1|636147902354893193|88801a|49742.2421875|13.66055589556|108.15364562971|802061|9473||49742.2421875|399.75||39837.5|399.75|49742.2421875|88801a|HVN255|0|1684|0|||3|3|0|1|1|132|162|["132,162,5"]|636148145422420000|13:49:02:242
62|1.1|636147902404808184|88801a|49747.21875|13.64945693127|108.15315210399|802046|8239||49747.21875|399.75||39850|399.75|49747.21875|88801a|HVN255|0|1684|0|||3|3|0|1|1|132|162|["132,162,5"]|636148145472190000|13:49:07:219
62|1.1|636147902454733176|88801a|49752.21875|13.6388514927|108.15300726492|802066|7061||49752.21875|400||39862.5|400|49752.21875|88801a|HVN255|0|1684|0|||3|3|0|1|1|132|162|["132,162,5"]|636148145522190000|13:49:12:219
62|1.1|636147902504668169|88801a|49757.21875|13.62802611332|108.15271758678|802071|5858||49757.21875|400||39850|400|49757.21875|88801a|HVN255|0|1684|0|||3|3|0|1|1|132|162|["132,162,5"]|636148145572190000|13:49:17:219
62|1.1|636147902554573159|88801a|49762.1953125|13.60603203232|108.14558292148|801371|3393||49762.1953125|400||40112.5|400.25|49762.1953125|88801a|HVN255|0|1684|0|||3|3|0|1|1|132|163|["132,162,5"]|636148145621950000|13:49:22:195
62|1.1|636147902604488150|88801a|49767.1953125|13.59453073728|108.14517522632|801366|2115||49767.1953125|400||40150|400.25|49767.1953125|88801a|HVN255|0|1684|0|||3|3|0|1|1|132|162|["132,162,5"]|636148145671950000|13:49:27:195
62|1.1|636147902654413142|88801a|49772.1796875|13.58357124765|108.1449499211|801378|898||49772.1796875|399.75||40125|400|49772.1796875|88801a|HVN255|0|1684|0|||3|3|0|1|1|132|163|["132,162,5"]|636148145721800000|13:49:32:180
62|1.1|636147902704338134|88801a|49777.1796875|13.57271904622|108.14467633619|801385|-308||49777.1796875|399.75||40006.25|399.75|49777.1796875|88801a|HVN255|0|1684|0|||3|3|0|1|1|132|162|["132,162,5"]|636148145771800000|13:49:37:180
62|1.1|636147902754253125|88801a|49782.1796875|13.56179174305|108.14440811569|801393|-1522||49782.1796875|399.75||39887.5|399.75|49782.1796875|88801a|HVN255|0|1684|0|||3|3|0|1|1|132|162|["132,162,5"]|636148145821800000|13:49:42:180
62|1.1|636147902804178117|88801a|49787.15625|13.55096099926|108.14413453078|801400|-2726||49787.15625|400||39781.25|400|49787.15625|88801a|HVN255|0|1684|0|||3|3|0|1|1|132|162|["132,162,5"]|636148145871560000|13:49:47:156
62|1.1|636147902854103109|88801a|49792.15625|13.54103684076|108.14435447159|801458|-3827||49792.15625|400||39606.25|400|49792.15625|88801a|HVN255|0|1684|0|||3|3|0|1|1|132|162|["132,162,5"]|636148145921560000|13:49:52:156
62|1.1|636147902900917790|88801a|49796.8359375|13.53084982617|108.14413453078|801468|-4958||49796.8359375|400||39575|400|49796.8359375|88801a|HVN255|0|1684|0|||3|3|0|1|1|132|162|["132,162,5"]|636148145968360000|13:49:56:836
62|1.1|636147902950832781|88801a|49801.8203125|13.52041604872|108.14410234432|801500|-6117||49801.8203125|399.75||39531.25|399.75|49801.8203125|88801a|HVN255|0|1684|0|||3|3|0|1|1|132|162|["132,162,5"]|636148146018200000|13:50:01:820
62|1.1|636147903000757773|88801a|49806.8203125|13.50963894903|108.14391995438|801516|-7314||49806.8203125|400||39525|400|49806.8203125|88801a|HVN255|0|1684|0|||3|3|0|1|1|132|162|["132,162,5"]|636148146068200000|13:50:06:820
62|1.1|636147903050672764|88801a|49811.8203125|13.49974161258|108.14417744606|801578|-8412||49811.8203125|399.75||39487.5|399.75|49811.8203125|88801a|HVN255|0|1684|0|||3|3|0|1|1|132|162|["132,162,5"]|636148146118200000|13:50:11:820
62|1.1|636147903100587755|88801a|49816.796875|13.48903425022|108.14402187817|801597|-9601||49816.796875|400||39512.5|400|49816.796875|88801a|HVN255|0|1684|0|||3|3|0|1|1|132|162|["132,162,5"]|636148146167970000|13:50:16:797
62|1.1|636147903150542750|88801a|49821.796875|13.47884723563|108.14416671724|801647|-10732||49821.796875|399.75||39518.75|399.75|49821.796875|88801a|HVN255|0|1684|0|||3|3|0|1|1|132|162|["132,162,5"]|636148146217970000|13:50:21:797
62|1.1|636147903200437739|88801a|49826.78125|13.4678341019|108.14384485264|801649|-11955||49826.78125|399.75||39562.5|399.75|49826.78125|88801a|HVN255|0|1684|0|||3|3|0|1|1|132|162|["132,162,5"]|636148146267810000|13:50:26:781
62|1.1|636147903250352730|88801a|49831.78125|13.45767390936|108.14402724258|801703|-13083||49831.78125|399.75||39581.25|399.75|49831.78125|88801a|HVN255|0|1684|0|||3|3|0|1|1|132|162|["132,162,5"]|636148146317810000|13:50:31:781
62|1.1|636147903300277722|88801a|49836.78125|13.44832910714|108.14465487855|801803|-14118||49836.78125|399.75||39568.75|399.75|49836.78125|88801a|HVN255|0|1684|0|||3|3|0|1|1|132|162|["132,162,5"]|636148146367810000|13:50:36:781
62|1.1|636147903350202714|88801a|49841.7578125|13.43829766044|108.14493382787|801867|-15231||49841.7578125|400||39575|400|49841.7578125|88801a|HVN255|0|1684|0|||3|3|0|1|1|132|162|["132,162,5"]|636148146417580000|13:50:41:758
62|1.1|636147903400117705|88801a|49846.7578125|13.43000428258|108.1461837354|802031|-16148||49846.7578125|400||39537.5|400|49846.7578125|88801a|HVN255|0|1684|0|||3|3|0|1|1|132|162|["132,162,5"]|636148146467580000|13:50:46:758
62|1.1|636147903450042697|88801a|49851.7421875|13.42007475967|108.14659679497|802109|-17249||49851.7421875|399.75||39556.25|399.75|49851.7421875|88801a|HVN255|0|1684|0|||3|3|0|1|1|132|162|["132,162,5"]|636148146517420000|13:50:51:742
62|1.1|636147903499967689|88801a|49856.7421875|13.41083188124|108.14739609206|802227|-18272||49856.7421875|399.75||39562.5|399.75|49856.7421875|88801a|HVN255|0|1684|0|||3|3|0|1|1|132|162|["132,162,5"]|636148146567420000|13:50:56:742
62|1.1|636147903549892681|88801a|49861.7421875|13.40001723068|108.14733171914|802257|-19473||49861.7421875|399.75||39612.5|399.75|49861.7421875|88801a|HVN255|0|1684|0|||3|3|0|1|1|132|162|["132,162,5"]|636148146617420000|13:51:01:742
62|1.1|636147903599807672|88801a|49866.71875|13.38985703814|108.14759457523|802319|-20600||49866.71875|399.75||39656.25|399.75|49866.71875|88801a|HVN255|0|1684|0|||3|3|0|1|1|132|162|["132,162,5"]|636148146667190000|13:51:06:719
62|1.1|636147903649732664|88801a|49871.71875|13.37881708236|108.14732635473|802327|-21826||49871.71875|399.75||39706.25|399.75|49871.71875|88801a|HVN255|0|1684|0|||3|3|0|1|1|132|162|["132,162,5"]|636148146717190000|13:51:11:719
62|1.1|636147903699667657|88801a|49876.6953125|13.36845840665|108.14742827852|802373|-22977||49876.6953125|399.75||39750|399.75|49876.6953125|88801a|HVN255|0|1684|0|||3|3|0|1|1|132|162|["132,162,5"]|636148146766950000|13:51:16:695
62|1.1|636147903749572647|88801a|49881.6953125|13.35752573907|108.14734244796|802400|-24190||49881.6953125|399.75||39775|399.75|49881.6953125|88801a|HVN255|0|1684|0|||3|3|0|1|1|132|162|["132,162,5"]|636148146816950000|13:51:21:695
62|1.1|636147903799497639|88801a|49886.6953125|13.34663598677|108.14714396479|802415|-25400||49886.6953125|400||39818.75|400.25|49886.6953125|88801a|HVN255|0|1684|0|||3|3|0|1|1|132|162|["132,162,5"]|636148146866950000|13:51:26:695
62|1.1|636147903849412630|88801a|49891.6796875|13.33604127702|108.14704740541|802440|-26577||49891.6796875|400||39850|399.75|49891.6796875|88801a|HVN255|0|1684|0|||3|3|0|1|1|132|162|["132,162,5"]|636148146916800000|13:51:31:680
62|1.1|636147903899347623|88801a|49896.6796875|13.32548948255|108.14706886305|802478|-27748||49896.6796875|399.75||39850|399.75|49896.6796875|88801a|HVN255|0|1684|0|||3|3|0|1|1|132|162|["132,162,5"]|636148146966800000|13:51:36:680
62|1.1|636147903949262614|88801a|49901.65625|13.31512544243|108.14711714274|802518|-28898||49901.65625|399.75||39856.25|399.75|49901.65625|88801a|HVN255|0|1684|0|||3|3|0|1|1|132|162|["132,162,5"]|636148147016560000|13:51:41:656
62|1.1|636147903999177605|88801a|49906.65625|13.30454682591|108.14702058336|802543|-30073||49906.65625|400||39850|400|49906.65625|88801a|HVN255|0|1684|0|||3|3|0|1|1|132|162|["132,162,5"]|636148147066560000|13:51:46:656
62|1.1|636147904049102597|88801a|49911.65625|13.29460120977|108.14733171914|802610|-31176||49911.65625|400||39843.75|400|49911.65625|88801a|HVN255|0|1684|0|||3|3|0|1|1|132|162|["132,162,5"]|636148147116560000|13:51:51:656
62|1.1|636147904099047591|88801a|49916.640625|13.28399040679|108.14717078684|802628|-32355||49916.640625|400||39843.75|400|49916.640625|88801a|HVN255|0|1684|0|||3|3|0|1|1|132|162|["132,162,5"]|636148147166410000|13:51:56:641
62|1.1|636147904148942580|88801a|49921.640625|13.273696104|108.14726734622|802673|-33498||49921.640625|400||39843.75|400|49921.640625|88801a|HVN255|0|1684|0|||3|3|0|1|1|132|162|["132,162,5"]|636148147216410000|13:52:01:641
62|1.1|636147904198867572|88801a|49926.6171875|13.26261859735|108.14681673578|802661|-34729||49926.6171875|400||39856.25|400|49926.6171875|88801a|HVN255|0|1684|0|||3|3|0|1|1|132|162|["132,162,5"]|636148147266170000|13:52:06:617
62|1.1|636147904248802565|88801a|49931.6171875|13.25276954059|108.14717615125|802733|-35821||49931.6171875|400||39837.5|400|49931.6171875|88801a|HVN255|0|1684|0|||3|3|0|1|1|132|162|["132,162,5"]|636148147316170000|13:52:11:617
62|1.1|636147904298717556|88801a|49936.6171875|13.24178322891|108.14681673578|802731|-37042||49936.6171875|399.75||39831.25|399.75|49936.6171875|88801a|HVN255|0|1684|0|||3|3|0|1|1|132|162|["132,162,5"]|636148147366170000|13:52:16:617
62|1.1|636147904348652549|88801a|49941.6015625|13.23170886693|108.14700985454|802786|-38160||49941.6015625|399.75||39812.5|399.75|49941.6015625|88801a|HVN255|0|1684|0|||3|3|0|1|1|132|162|["132,162,5"]|636148147416020000|13:52:21:602
62|1.1|636147904398557539|88801a|49946.6015625|13.22167742023|108.1472566174|802846|-39273||49946.6015625|399.75||39775|399.75|49946.6015625|88801a|HVN255|0|1684|0|||3|3|0|1|1|132|162|["132,162,5"]|636148147466020000|13:52:26:602
62|1.1|636147904448482531|88801a|49951.578125|13.21181763465|108.14762676169|802919|-40366||49951.578125|400||39762.5|400|49951.578125|88801a|HVN255|0|1684|0|||3|3|0|1|1|132|162|["132,162,5"]|636148147515780000|13:52:31:578
62|1.1|636147904498397522|88801a|49956.578125|13.20096543322|108.14737463442|802928|-41572||49956.578125|400||39768.75|400|49956.578125|88801a|HVN255|0|1684|0|||3|3|0|1|1|132|162|["132,162,5"]|636148147565780000|13:52:36:578
62|1.1|636147904548342516|88801a|49961.578125|13.19169036833|108.1481685671|803045|-42599||49961.578125|400||39731.25|400|49961.578125|88801a|HVN255|0|1684|0|||3|3|0|1|1|132|162|["132,162,5"]|636148147615780000|13:52:41:578
62|1.1|636147904598247506|88801a|49966.5625|13.18171256573|108.14846897406|803111|-43706||49966.5625|399.75||39725|399.75|49966.5625|88801a|HVN255|0|1684|0|||3|3|0|1|1|132|162|["132,162,5"]|636148147665630000|13:52:46:563
62|1.1|636147904648162497|88801a|49971.5625|13.1701093469|108.14771795666|803068|-44997||49971.5625|399.75||39756.25|399.75|49971.5625|88801a|HVN255|0|1684|0|||3|3|0|1|1|132|162|["132,162,5"]|636148147715630000|13:52:51:563
62|1.1|636147904698087489|88801a|49976.5390625|13.15933761162|108.14754093113|803085|-46193||49976.5390625|399.75||39762.5|399.75|49976.5390625|88801a|HVN255|0|1684|0|||3|3|0|1|1|132|162|["132,162,5"]|636148147765390000|13:52:56:539
62|1.1|636147904748012481|88801a|49981.5390625|13.1482225541|108.14710641392|803075|-47428||49981.5390625|399.75||39775|399.75|49981.5390625|88801a|HVN255|0|1684|0|||3|3|0|1|1|132|162|["132,162,5"]|636148147815390000|13:53:01:539
62|1.1|636147904797927472|88801a|49986.5390625|13.13752055615|108.14698303249|803097|-48617||49986.5390625|399.75||39781.25|399.75|49986.5390625|88801a|HVN255|0|1684|0|||3|3|0|1|1|132|162|["132,162,5"]|636148147865390000|13:53:06:539
62|1.1|636147904847852464|88801a|49991.515625|13.12592806614|108.14624274391|803055|-49906||49991.515625|400||39812.5|399.75|49991.515625|88801a|HVN255|0|1684|0|||3|3|0|1|1|132|162|["132,162,5"]|636148147915160000|13:53:11:516
62|1.1|636147904897777456|88801a|49996.515625|13.11509195794|108.14600670987|803066|-51110||49996.515625|400||39831.25|399.75|49996.515625|88801a|HVN255|0|1684|0|||3|3|0|1|1|132|162|["132,162,5"]|636148147965160000|13:53:16:516
62|1.1|636147904947722450|88801a|50001.5|13.10451334142|108.145969159|803096|-52285||50001.5|400||39812.5|400|50001.5|88801a|HVN255|0|1684|0|||3|3|0|1|1|132|163|["132,162,5"]|636148148015000000|13:53:21:500
62|1.1|636147904997617439|88801a|50006.5|13.09379525024|108.14588332844|803123|-53475||50006.5|400||39787.5|400|50006.5|88801a|HVN255|0|1684|0|||3|3|0|1|1|132|163|["132,162,5"]|636148148065000000|13:53:26:500
62|1.1|636147905047542431|88801a|50011.5|13.08391937143|108.14638221857|803210|-54570||50011.5|400||39750|400|50011.5|88801a|HVN255|0|1684|0|||3|3|0|1|1|132|162|["132,162,5"]|636148148115000000|13:53:31:500
62|1.1|636147905097457422|88801a|50016.4765625|13.07305107677|108.14617300658|803223|-55777||50016.4765625|400||39756.25|400|50016.4765625|88801a|HVN255|0|1684|0|||3|3|0|1|1|132|162|["132,162,5"]|636148148164770000|13:53:36:477
62|1.1|636147905147382414|88801a|50021.4765625|13.06259584168|108.14625347273|803267|-56938||50021.4765625|400||39750|400|50021.4765625|88801a|HVN255|0|1684|0|||3|3|0|1|1|132|162|["132,162,5"]|636148148214770000|13:53:41:477
62|1.1|636147905197297405|88801a|50026.4609375|13.0515558859|108.14597452341|803273|-58164||50026.4609375|400||39762.5|400|50026.4609375|88801a|HVN255|0|1684|0|||3|3|0|1|1|132|162|["132,162,5"]|636148148264610000|13:53:46:461
62|1.1|636147905247222397|88801a|50031.4609375|13.04083779472|108.14592624372|803303|-59354||50031.4609375|400||39762.5|400|50031.4609375|88801a|HVN255|0|1684|0|||3|3|0|1|1|132|162|["132,162,5"]|636148148314610000|13:53:51:461
62|1.1|636147905297157390|88801a|50036.4609375|13.03038792404|108.14606571838|803353|-60514||50036.4609375|399.75||39743.75|399.75|50036.4609375|88801a|HVN255|0|1684|0|||3|3|0|1|1|132|162|["132,162,5"]|636148148364610000|13:53:56:461
62|1.1|636147905347072381|88801a|50041.4375|13.01924068006|108.14570630291|803351|-61752||50041.4375|399.75||39750|399.75|50041.4375|88801a|HVN255|0|1684|0|||3|3|0|1|1|132|162|["132,162,5"]|636148148414380000|13:54:01:438
62|1.1|636147905396987372|88801a|50046.4375|13.0092843351|108.14621592186|803439|-62856||50046.4375|400||39712.5|400|50046.4375|88801a|HVN255|0|1684|0|||3|3|0|1|1|132|162|["132,162,5"]|636148148464380000|13:54:06:438
62|1.1|636147905446912364|88801a|50051.421875|12.99813709112|108.14585114198|803437|-64095||50051.421875|400||39737.5|400|50051.421875|88801a|HVN255|0|1684|0|||3|3|0|1|1|132|162|["132,162,5"]|636148148514220000|13:54:11:422
62|1.1|636147905496827355|88801a|50056.421875|12.98708640652|108.14554537061|803440|-65323||50056.421875|400||39762.5|400|50056.421875|88801a|HVN255|0|1684|0|||3|3|0|1|1|132|162|["132,162,5"]|636148148564220000|13:54:16:422
62|1.1|636147905546752347|88801a|50061.421875|12.97603572192|108.1452717857|803447|-66551||50061.421875|400||39781.25|400|50061.421875|88801a|HVN255|0|1684|0|||3|3|0|1|1|132|162|["132,162,5"]|636148148614220000|13:54:21:422
62|1.1|636147905596667338|88801a|50066.3984375|12.96522107136|108.14507866694|803462|-67752||50066.3984375|400||39787.5|400|50066.3984375|88801a|HVN255|0|1684|0|||3|3|0|1|1|132|162|["132,162,5"]|636148148663980000|13:54:26:398
62|1.1|636147905646592330|88801a|50071.3984375|12.95436350552|108.14489091259|803477|-68958||50071.3984375|400||39793.75|400|50071.3984375|88801a|HVN255|0|1684|0|||3|3|0|1|1|132|162|[]|636148148713980000|13:54:31:398
62|1.1|636147905696527323|88801a|50076.375|12.94354349055|108.14470852265|803493|-70160||50076.375|400||39800|400|50076.375|88801a|HVN255|0|1684|0|||3|3|0|1|1|132|162|[]|636148148763750000|13:54:36:375
62|1.1|636147905746442314|X|50081.375||||||||||||X|X|X|1684|||||||1|1|0|0|[]|636148148813750000|13:54:41:375
62|1.1|636147906052202887|88801a|50111.71875|12.86542158772|108.14310992847|803577|-78839||50111.71875|400||39787.5|400|50111.71875|88801a|HVN255|0|2789|0|||3|3|0|1|1|132|162|["132,162,5"]|636148149117190000|13:55:11:719
62|1.1|636147906095897256|88801a|50116.3203125|12.86172550923|108.1477930584|804099|-79234||50116.3203125|400||39781.25|400|50116.3203125|88801a|HVN255|0|2789|0|||3|3|0|1|1|132|162|["132,162,5"]|636148149163200000|13:55:16:320
62|1.1|636147906145812247|88801a|50121.3203125|12.84602388116|108.14287389443|803615|-80993||50121.3203125|399.75||39725|399.75|50121.3203125|88801a|HVN255|0|2789|0|||3|3|0|1|1|132|162|["132,162,5"]|636148149213200000|13:55:21:320
62|1.1|636147906195737239|88801a|50126.296875|12.83835277486|108.14485872613|803857|-81838||50126.296875|399.75||39700|399.75|50126.296875|88801a|HVN255|0|2789|0|||3|3|0|1|1|132|162|["132,162,5"]|636148149262970000|13:55:26:297
62|1.1|636147906245652230|88801a|50131.296875|12.83039735483|108.14691865957|804107|-82715||50131.296875|399.75||39681.25|399.75|50131.296875|88801a|HVN255|0|2789|0|||3|3|0|1|1|132|162|[]|636148149312970000|13:55:31:297
62|1.1|636147906295597224|88801a|50136.296875|12.82239901952|108.14898395742|804359|-83596||50136.296875|399.75||39662.5|399.75|50136.296875|88801a|HVN255|0|2789|0|||3|3|0|1|1|132|162|[]|636148149362970000|13:55:36:297
