62|1.1|636147897419029656|8880c0|49248.65625|19.01991262134|101.05269564656|32069|590738||49248.65625|330||32893.75|327.25|49248.65625|8880c0|HVN956|0|2546|0|||3|3|0|1|1|132|98|["132,98,5,3825","132,114,5,414","132,194,5,3500","132,146,5,1777"]|636148140486560000|13:40:48:656
62|1.1|636147897468964649|8880c0|49253.640625|19.02667177794|101.06163811803|33011|591489||49253.640625|330||32881.25|327.25|49253.640625|8880c0|HVN956|0|2546|0|||3|3|0|1|1|132|98|["132,98,5,3825","132,114,5,414","132,194,5,3500","132,146,5,1777"]|636148140536410000|13:40:53:641
62|1.1|636147897518879640|8880c0|49258.640625|19.03354895156|101.07054840304|33950|592254||49258.640625|330||32900|327.25|49258.640625|8880c0|HVN956|0|2546|0|||3|3|0|1|1|132|98|["132,98,5,3825","132,114,5,414","132,194,5,3500","132,146,5,1777"]|636148140586410000|13:40:58:641
62|1.1|636147897568794631|8880c0|49263.6171875|19.04060851512|101.07937285749|34880|593038||49263.6171875|330||32887.5|327.25|49263.6171875|8880c0|HVN956|0|2546|0|||3|3|0|1|1|132|98|["132,98,5,3825","132,114,5,414","132,194,5,3500","132,146,5,1777"]|636148140636170000|13:41:03:617
62|1.1|636147897618729624|8880c0|49268.6171875|19.04758761253|101.08819194753|35809|593814||49268.6171875|330||32893.75|327.25|49268.6171875|8880c0|HVN956|0|2546|0|||3|3|0|1|1|132|146|["132,98,5,3825","132,114,5,414","132,194,5,3500","132,146,5,1777"]|636148140686170000|13:41:08:617
62|1.1|636147897668644615|8880c0|49273.6171875|19.05451306584|101.09713978341|36751|594584||49273.6171875|330||32893.75|327.25|49273.6171875|8880c0|HVN956|0|2546|0|||3|3|0|1|1|132|146|["132,98,5,3825","132,114,5,414","132,194,5,3500","132,146,5,1777"]|636148140736170000|13:41:13:617
62|1.1|636147897718579608|8880c0|49278.6015625|19.06148143443|101.10603397519|37688|595358||49278.6015625|330||32887.5|327.25|49278.6015625|8880c0|HVN956|0|2546|0|||3|3|0|1|1|132|146|["132,98,5,3825","132,114,5,414","132,194,5,3500","132,146,5,1777"]|636148140786020000|13:41:18:602
62|1.1|636147897768484598|8880c0|49283.6015625|19.06845516743|101.11490134492|38622|596134||49283.6015625|330||32893.75|327.25|49283.6015625|8880c0|HVN956|0|2546|0|||3|3|0|1|1|132|146|["132,98,5,3825","132,114,5,414","132,194,5,3500","132,146,5,1777"]|636148140836020000|13:41:23:602
62|1.1|636147897818409590|8880c0|49288.578125|19.07544499366|101.12377407906|39556|596911||49288.578125|330||32875|327.25|49288.578125|8880c0|HVN956|0|2546|0|||3|3|0|1|1|132|146|["132,98,5,3825","132,114,5,414","132,194,5,3500","132,146,5,1777"]|636148140885780000|13:41:28:578
62|1.1|636147897868344583|8880c0|49293.578125|19.08243481989|101.13272727935|40499|597688||49293.578125|330||32868.75|327.25|49293.578125|8880c0|HVN956|0|2546|0|||3|3|0|1|1|132|146|["132,98,5,3825","132,114,5,414","132,194,5,3500","132,146,5,1777"]|636148140935780000|13:41:33:578
62|1.1|636147897918249573|8880c0|49298.578125|19.08936563761|101.14158928467|41433|598459||49298.578125|330||32875|327.25|49298.578125|8880c0|HVN956|0|2546|0|||3|3|0|1|1|132|146|["132,98,5,3825","132,114,5,414","132,194,5,3500","132,146,5,1777"]|636148140985780000|13:41:38:578
62|1.1|636147897968184566|8880c0|49303.5625|19.0963340062|101.1505102985|42372|599234||49303.5625|330||32856.25|327.25|49303.5625|8880c0|HVN956|0|2546|0|||3|3|0|1|1|132|98|["132,98,5,3825","132,114,5,414","132,194,5,3500","132,146,5,1777"]|636148141035630000|13:41:43:563
62|1.1|636147898018099557|8880c0|49308.5625|19.10316826454|101.15943131233|43311|599994||49308.5625|330||32887.5|327.25|49308.5625|8880c0|HVN956|0|2546|0|||3|3|0|1|1|132|98|["132,98,5,3825","132,114,5,414","132,194,5,3500","132,146,5,1777"]|636148141085630000|13:41:48:563
62|1.1|636147898068014548|8880c0|49313.5390625|19.11002934493|101.16834696175|44250|600757||49313.5390625|330||32868.75|327.25|49313.5390625|8880c0|HVN956|0|2546|0|||3|3|0|1|1|132|147|["132,98,5,3825","132,114,5,414","132,194,5,3500","132,146,5,1777"]|636148141135390000|13:41:53:539
62|1.1|636147898117939540|8880c0|49318.5390625|19.1169869847|101.17729479763|45192|601531||49318.5390625|330||32843.75|327.25|49318.5390625|8880c0|HVN956|0|2546|0|||3|3|0|1|1|132|98|["132,98,5,3825","132,114,5,414","132,194,5,3500","132,146,5,1777"]|636148141185390000|13:41:58:539
62|1.1|636147898167874533|8880c0|49323.5390625|19.12400363298|101.18621044705|46131|602311||49323.5390625|330||32831.25|327.25|49323.5390625|8880c0|HVN956|0|2546|0|||3|3|0|1|1|132|98|["132,98,5,3825","132,114,5,414","132,194,5,3500","132,146,5,1777"]|636148141235390000|13:42:03:539
62|1.1|636147898217799525|8880c0|49328.515625|19.13092908629|101.19507781678|47064|603082||49328.515625|330||32837.5|327.25|49328.515625|8880c0|HVN956|0|2546|0|||3|3|0|1|1|132|98|["132,98,5,3825","132,114,5,414","132,194,5,3500","132,146,5,1777"]|636148141285160000|13:42:08:516
62|1.1|636147898267714516|8880c0|49333.515625|19.13782235314|101.20409002558|48012|603848||49333.515625|330||32831.25|327.25|49333.515625|8880c0|HVN956|0|2546|0|||3|3|0|1|1|132|98|["132,98,5,3825","132,114,5,414","132,194,5,3500","132,146,5,1777"]|636148141335160000|13:42:13:516
62|1.1|636147898317639508|8880c0|49338.5|19.14467806912|101.21293057326|48943|604611||49338.5|330||32856.25|327.25|49338.5|8880c0|HVN956|0|2546|0|||3|3|0|1|1|132|98|["132,98,5,3825","132,114,5,414","132,194,5,3500","132,146,5,1777"]|636148141385000000|13:42:18:500
62|1.1|636147898367544498|8880c0|49343.5|19.15163570889|101.22183012945|49880|605386||49343.5|330||32856.25|327.25|49343.5|8880c0|HVN956|0|2546|0|||3|3|0|1|1|132|98|["132,98,5,3825","132,114,5,414","132,194,5,3500","132,146,5,1777"]|636148141435000000|13:42:23:500
62|1.1|636147898417469490|8880c0|49348.5|19.1586684504|101.23062239744|50805|606168||49348.5|330||32900|327.25|49348.5|8880c0|HVN956|0|2546|0|||3|3|0|1|1|132|146|["132,98,5,3825","132,114,5,414","132,194,5,3500","132,146,5,1777"]|636148141485000000|13:42:28:500
62|1.1|636147898467394482|8880c0|49353.4765625|19.16565827663|101.2394522163|51734|606946||49353.4765625|330||32906.25|327.25|49353.4765625|8880c0|HVN956|0|2546|0|||3|3|0|1|1|132|146|["132,98,5,3825","132,114,5,414","132,194,5,3500","132,146,5,1777"]|636148141534770000|13:42:33:477
62|1.1|636147898517319474|8880c0|49358.4765625|19.17271784019|101.24834640808|52670|607731||49358.4765625|330||32900|327.25|49358.4765625|8880c0|HVN956|0|2546|0|||3|3|0|1|1|132|146|["132,98,5,3825","132,114,5,414","132,194,5,3500","132,146,5,1777"]|636148141584770000|13:42:38:477
62|1.1|636147898567234465|8880c0|49363.4609375|19.17987396313|101.25725132868|53607|608527||49363.4609375|330||32850|327.25|49363.4609375|8880c0|HVN956|0|2546|0|||3|3|0|1|1|132|146|["132,98,5,3825","132,114,5,414","132,194,5,3500","132,146,5,1777"]|636148141634610000|13:42:43:461
62|1.1|636147898617149456|8880c0|49368.4609375|19.18686915377|101.26626890189|54555|609306||49368.4609375|330||32837.5|327.25|49368.4609375|8880c0|HVN956|0|2546|0|||3|3|0|1|1|132|146|["132,98,5,3825","132,114,5,414","132,194,5,3500","132,146,5,1777"]|636148141684610000|13:42:48:461
62|1.1|636147898667084449|8880c0|49373.4609375|19.19383215795|101.27519528013|55494|610081||49373.4609375|330||32831.25|327.25|49373.4609375|8880c0|HVN956|0|2546|0|||3|3|0|1|1|132|146|["132,98,5,3825","132,114,5,414","132,194,5,3500","132,146,5,1777"]|636148141734610000|13:42:53:461
62|1.1|636147898716999440|8880c0|49378.4375|19.20074151803|101.28403582781|56424|610850||49378.4375|330||32850|327.25|49378.4375|8880c0|HVN956|0|2546|0|||3|3|0|1|1|132|147|["132,98,5,3825","132,114,5,414","132,194,5,3500","132,146,5,1777"]|636148141784380000|13:42:58:438
62|1.1|636147898766944434|8880c0|49383.4375|19.20760259842|101.29295684164|57362|611614||49383.4375|330||32881.25|327.25|49383.4375|8880c0|HVN956|0|2546|0|||3|3|0|1|1|132|98|["132,98,5,3825","132,114,5,414","132,194,5,3500","132,146,5,1777"]|636148141834380000|13:43:03:438
62|1.1|636147898816849424|8880c0|49388.421875|19.21447440763|101.30188321988|58301|612379||49388.421875|330||32900|327.25|49388.421875|8880c0|HVN956|0|2546|0|||3|3|0|1|1|132|98|["132,98,5,3825","132,114,5,414","132,194,5,3500","132,146,5,1777"]|636148141884220000|13:43:08:422
62|1.1|636147898866764415|8880c0|49393.421875|19.22146423386|101.31068621669|59227|613157||49393.421875|330||32900|327.25|49393.421875|8880c0|HVN956|0|2546|0|||3|3|0|1|1|132|98|["132,98,5,3825","132,114,5,414","132,194,5,3500","132,146,5,1777"]|636148141934220000|13:43:13:422
62|1.1|636147898916689407|8880c0|49398.421875|19.22847551773|101.31955895083|60160|613938||49398.421875|330||32893.75|327.25|49398.421875|8880c0|HVN956|0|2546|0|||3|3|0|1|1|132|98|["132,98,5,3825","132,114,5,414","132,194,5,3500","132,146,5,1777"]|636148141984220000|13:43:18:422
62|1.1|636147898966604398|8880c0|49403.3984375|19.2354868016|101.32829221031|61078|614718||49403.3984375|330||32893.75|327.25|49403.3984375|8880c0|HVN956|0|2546|0|||3|3|0|1|1|132|98|["132,98,5,3825","132,114,5,414","132,194,5,3500","132,146,5,1777"]|636148142033980000|13:43:23:398
62|1.1|636147899016539391|8880c0|49408.3984375|19.24257318721|101.33711666476|62006|615507||49408.3984375|330||32875|327.25|49408.3984375|8880c0|HVN956|0|2546|0|||3|3|0|1|1|132|98|["132,98,5,3825","132,114,5,414","132,194,5,3500","132,146,5,1777"]|636148142083980000|13:43:28:398
62|1.1|636147899066474384|8880c0|49413.375|19.2495951999|101.34586065306|62925|616289||49413.375|330||32881.25|327.25|49413.375|8880c0|HVN956|0|2546|0|||3|3|0|1|1|132|98|["132,98,5,3825","132,114,5,414","132,194,5,3500","132,146,5,1777"]|636148142133750000|13:43:33:375
62|1.1|636147899116369373|8880c0|49418.375|19.25668694992|101.35467437869|63851|617078||49418.375|330||32862.5|327.25|49418.375|8880c0|HVN956|0|2546|0|||3|3|0|1|1|132|98|["132,98,5,3825","132,114,5,414","132,194,5,3500","132,146,5,1777"]|636148142183750000|13:43:38:375
62|1.1|636147899166294365|8880c0|49423.375|19.26380015758|101.36334862966|64763|617871||49423.375|330||32868.75|327.25|49423.375|8880c0|HVN956|0|2546|0|||3|3|0|1|1|132|98|["132,98,5,3825","132,114,5,414","132,194,5,3500","132,146,5,1777"]|636148142233750000|13:43:43:375
62|1.1|636147899216209356|8880c0|49428.359375|19.27078998381|101.37210334678|65683|618649||49428.359375|330||32850|327.25|49428.359375|8880c0|HVN956|0|2546|0|||3|3|0|1|1|132|146|["132,98,5,3825","132,114,5,414","132,194,5,3500","132,146,5,1777"]|636148142283590000|13:43:48:359
62|1.1|636147899266144349|8880c0|49433.359375|19.27789246265|101.38080978421|66598|619440||49433.359375|330||32818.75|327.25|49433.359375|8880c0|HVN956|0|2546|0|||3|3|0|1|1|132|147|["132,98,5,3825","132,114,5,414","132,194,5,3500","132,178,4,1804","132,146,5,1777"]|636148142333590000|13:43:53:359
62|1.1|636147899316059340|8880c0|49438.3359375|19.28503785677|101.38947867077|67509|620236||49438.3359375|330||32818.75|327.25|49438.3359375|8880c0|HVN956|0|2546|0|||3|3|0|1|1|132|146|["132,98,5,3825","132,114,5,414","132,194,5,3500","132,178,4,1804","132,146,5,1777"]|636148142383360000|13:43:58:336
62|1.1|636147899365984332|8880c0|49443.3359375|19.29220470853|101.3981851082|68424|621034||49443.3359375|330||32818.75|327.25|49443.3359375|8880c0|HVN956|0|2546|0|||3|3|0|1|1|132|146|["132,98,5,3825","132,114,5,414","132,194,5,3500","132,178,4,1804","132,146,5,1777"]|636148142433360000|13:44:03:336
62|1.1|636147899415899323|8880c0|49448.3359375|19.29941447557|101.40679498625|69328|621837||49448.3359375|330||32831.25|327.25|49448.3359375|8880c0|HVN956|0|2546|0|||3|3|0|1|1|132|146|["132,98,5,3825","132,114,5,414","132,194,5,3500","132,178,4,1804","132,146,5,1777"]|636148142483360000|13:44:08:336
62|1.1|636147899465834316|8880c0|49453.3203125|19.30651159|101.41532976256|70225|622627||49453.3203125|329.75||32881.25|327.25|49453.3203125|8880c0|HVN956|0|2546|0|||3|3|0|1|1|132|114|["132,98,5,3825","132,114,5,414","132,194,5,3500","132,178,4,1804","132,146,5,1777"]|636148142533200000|13:44:13:320
62|1.1|636147899515749307|8880c0|49458.3203125|19.31383937406|101.42405229322|71141|623444||49458.3203125|330||32875|327.25|49458.3203125|8880c0|HVN956|0|2546|0|||3|3|0|1|1|132|146|["132,98,5,3825","132,114,5,414","132,194,5,3500","132,178,4,1804","132,146,5,1777"]|636148142583200000|13:44:18:320
62|1.1|636147899565664298|8880c0|49463.296875|19.32106523433|101.43259243394|72038|624249||49463.296875|330||32893.75|327.25|49463.296875|8880c0|HVN956|0|2546|0|||3|3|0|1|1|132|146|["132,98,5,3825","132,114,5,414","132,194,5,3500","132,178,4,1804","132,146,5,1777"]|636148142632970000|13:44:23:297
62|1.1|636147899615589290|8880c0|49468.296875|19.32823208609|101.44112184584|72934|625047||49468.296875|329.75||32925|327|49468.296875|8880c0|HVN956|0|2546|0|||3|3|0|1|1|132|146|["132,98,5,3825","132,114,5,414","132,194,5,3500","132,178,4,1804","132,146,5,1777"]|636148142682970000|13:44:28:297
62|1.1|636147899665514282|8880c0|49473.296875|19.33533992934|101.44987119855|73853|625839||49473.296875|329.75||32931.25|327|49473.296875|8880c0|HVN956|0|2546|0|||3|3|0|1|1|132|147|["132,98,5,3825","132,114,5,414","132,194,5,3500","132,178,4,1804","132,146,5,1777"]|636148142732970000|13:44:33:297
62|1.1|636147899715439274|8880c0|49478.28125|19.34253360315|101.45836842399|74745|626640||49478.28125|329.75||32950|327|49478.28125|8880c0|HVN956|0|2546|0|||3|3|0|1|1|132|146|["132,114,5,414","132,194,5,3500","132,146,5,1777"]|636148142782810000|13:44:38:281
62|1.1|636147899765354265|8880c0|49483.28125|19.34953952261|101.46725188695|75678|627421||49483.28125|329.75||32950|327|49483.28125|8880c0|HVN956|0|2546|0|||3|3|0|1|1|132|146|["132,114,5,414","132,194,5,3500","132,146,5,1777"]|636148142832810000|13:44:43:281
62|1.1|636147899815279257|8880c0|49488.2578125|19.35662054381|101.47607097699|76604|628210||49488.2578125|329.75||32950|327|49488.2578125|8880c0|HVN956|0|2546|0|||3|3|0|1|1|132|146|["132,114,5,414","132,194,5,3500","132,178,4,1804","132,146,5,1777"]|636148142882580000|13:44:48:258
62|1.1|636147899865194248|8880c0|49493.2578125|19.36368010737|101.48483105852|77524|628997||49493.2578125|329.75||32962.5|327|49493.2578125|8880c0|HVN956|0|2546|0|||3|3|0|1|1|132|146|["132,114,5,414","132,194,5,3500","132,178,4,1804","132,146,5,1777"]|636148142932580000|13:44:53:258
62|1.1|636147899915119240|8880c0|49498.2578125|19.37075039975|101.49361259769|78446|629785||49498.2578125|329.75||32975|327|49498.2578125|8880c0|HVN956|0|2546|0|||3|3|0|1|1|132|146|["132,114,5,414","132,194,5,3500","132,178,4,1804","132,146,5,1777"]|636148142982580000|13:44:58:258
62|1.1|636147899965044232|8880c0|49503.2421875|19.37775631921|101.50240486568|79369|630566||49503.2421875|329.75||32981.25|327|49503.2421875|8880c0|HVN956|0|2546|0|||3|3|0|1|1|132|146|["132,114,5,414","132,194,5,3500","132,178,4,1804","132,146,5,1777"]|636148143032420000|13:45:03:242
62|1.1|636147900014959223|8880c0|49508.2421875|19.38470323016|101.51113812516|80286|631340||49508.2421875|329.75||32993.75|327|49508.2421875|8880c0|HVN956|0|2546|0|||3|3|0|1|1|132|146|["132,114,5,414","132,194,5,3500","132,178,4,1804","132,146,5,1777"]|636148143082420000|13:45:08:242
62|1.1|636147900064884215|8880c0|49513.21875|19.39170378521|101.52011278309|81228|632121||49513.21875|329.75||32962.5|327|49513.21875|8880c0|HVN956|0|2546|0|||3|3|0|1|1|132|146|["132,114,5,414","132,194,5,3500","132,178,4,1804","132,146,5,1777"]|636148143132190000|13:45:13:219
62|1.1|636147900114809207|8880c0|49518.21875|19.39884917933|101.5288621358|82146|632917||49518.21875|329.75||32950|327|49518.21875|8880c0|HVN956|0|2546|0|||3|3|0|1|1|132|146|["132,114,5,414","132,194,5,3500","132,178,4,1804","132,146,5,1777"]|636148143182190000|13:45:18:219
62|1.1|636147900164734199|8880c0|49523.21875|19.40593020053|101.53775096317|83079|633707||49523.21875|329.75||32943.75|327|49523.21875|8880c0|HVN956|0|2546|0|||3|3|0|1|1|132|146|["132,114,5,414","132,194,5,3500","132,178,4,1804","132,146,5,1777"]|636148143232190000|13:45:23:219
62|1.1|636147900214649190|8880c0|49528.1953125|19.41298976409|101.54650568029|83998|634493||49528.1953125|329.75||32943.75|327|49528.1953125|8880c0|HVN956|0|2546|0|||3|3|0|1|1|132|147|["132,114,5,414","132,194,5,3500","132,178,4,1804","132,146,5,1777"]|636148143281950000|13:45:28:195
62|1.1|636147900264574182|8880c0|49533.1953125|19.4200225056|101.55529794828|84920|635278||49533.1953125|329.75||32956.25|327|49533.1953125|8880c0|HVN956|0|2546|0|||3|3|0|1|1|132|146|["132,114,5,414","132,194,5,3500","132,178,4,1804","132,146,5,1777"]|636148143331950000|13:45:33:195
62|1.1|636147900314489173|8880c0|49538.1796875|19.42709816239|101.56398292807|85832|636067||49538.1796875|329.75||32968.75|327.75|49538.1796875|8880c0|HVN956|0|2546|0|||3|3|0|1|1|132|146|["132,114,5,414","132,194,5,3500","132,178,4,1804","132,146,5,1777"]|636148143381800000|13:45:38:180
62|1.1|636147900364414165|8880c0|49543.1796875|19.43415236154|101.57285566221|86763|636854||49543.1796875|329.75||32968.75|327.75|49543.1796875|8880c0|HVN956|0|2546|0|||3|3|0|1|1|132|146|["132,114,5,414","132,194,5,3500","132,178,4,1804","132,146,5,1777"]|636148143431800000|13:45:43:180
62|1.1|636147900414339157|8880c0|49548.1796875|19.44116900982|101.58152991318|87673|637636||49548.1796875|329.75||33006.25|327.75|49548.1796875|8880c0|HVN956|0|2546|0|||3|3|0|1|1|132|146|["132,114,5,414","132,194,5,3500","132,178,4,1804","132,146,5,1777"]|636148143481800000|13:45:48:180
62|1.1|636147900464254148|8880c0|49553.15625|19.44823393779|101.59042410496|88606|638424||49553.15625|329.75||32975|327.75|49553.15625|8880c0|HVN956|0|2546|0|||3|3|0|1|1|132|146|["132,114,5,414","132,194,5,3500","132,146,5,1777"]|636148143531560000|13:45:53:156
62|1.1|636147900514179140|8880c0|49558.15625|19.45536323868|101.59930756792|89538|639219||49558.15625|329.75||32943.75|327.75|49558.15625|8880c0|HVN956|0|2546|0|||3|3|0|1|1|132|146|["132,114,5,414","132,194,5,3500","132,146,5,1777"]|636148143581560000|13:45:58:156
62|1.1|636147900564104132|8880c0|49563.140625|19.46236915814|101.60812129355|90462|640001||49563.140625|329.75||32950|327.75|49563.140625|8880c0|HVN956|0|2546|0|||3|3|0|1|1|132|146|["132,114,5,414","132,194,5,3500","132,146,5,1777"]|636148143631410000|13:46:03:141
62|1.1|636147900614019123|8880c0|49568.140625|19.46956819636|101.61704230738|91398|640804||49568.140625|329.75||32918.75|327.75|49568.140625|8880c0|HVN956|0|2546|0|||3|3|0|1|1|132|146|["132,114,5,414","132,194,5,3500","132,146,5,1777"]|636148143681410000|13:46:08:141
62|1.1|636147900663944115|8880c0|49573.140625|19.476563387|101.62582921096|92320|641584||49573.140625|330||32950|327.75|49573.140625|8880c0|HVN956|0|2546|0|||3|3|0|1|1|132|146|["132,114,5,414","132,194,5,3500","132,146,5,1777"]|636148143731410000|13:46:13:141
62|1.1|636147900713859106|8880c0|49578.1171875|19.48356394205|101.6348628774|93267|642365||49578.1171875|330||32950|328|49578.1171875|8880c0|HVN956|0|2546|0|||3|3|0|1|1|132|146|["132,114,5,414","132,194,5,3500","132,146,5,1777"]|636148143781170000|13:46:18:117
62|1.1|636147900763784098|8880c0|49583.1171875|19.4906717853|101.64383753533|94208|643158||49583.1171875|330||32943.75|328|49583.1171875|8880c0|HVN956|0|2546|0|||3|3|0|1|1|132|146|["132,114,5,414","132,194,5,3500","132,146,5,1777"]|636148143831170000|13:46:23:117
62|1.1|636147900813549074|8880c0|49588.1015625|19.49774744209|101.65259761686|95127|643948||49588.1015625|330||32950|328|49588.1015625|8880c0|HVN956|0|2546|0|||3|3|0|1|1|132|146|["132,114,5,414","132,194,5,3500","132,146,5,1777"]|636148143881020000|13:46:28:102
62|1.1|636147900863474066|8880c0|49593.1015625|19.50488210739|101.66112166435|96020|644743||49593.1015625|330||32987.5|328|49593.1015625|8880c0|HVN956|0|2546|0|||3|3|0|1|1|132|146|["132,114,5,414","132,194,5,3500","132,146,5,1777"]|636148143931020000|13:46:33:102
62|1.1|636147900913399058|8880c0|49598.1015625|19.51192021331|101.66994075439|96945|645529||49598.1015625|330||32993.75|328|49598.1015625|8880c0|HVN956|0|2546|0|||3|3|0|1|1|132|146|["132,114,5,414","132,194,5,3500","132,146,5,1777"]|636148143981020000|13:46:38:102
62|1.1|636147900963474065|8880c0|49603.078125|19.51890467513|101.67866864946|97860|646308||49603.078125|330||33012.5|328|49603.078125|8880c0|HVN956|0|2546|0|||3|3|0|1|1|132|146|["132,114,5,414","132,194,5,3500","132,146,5,1777"]|636148144030780000|13:46:43:078
62|1.1|636147901013399057|8880c0|49608.078125|19.52566919614|101.68761112093|98797|647064||49608.078125|330||33062.5|328|49608.078125|8880c0|HVN956|0|2546|0|||3|3|0|1|1|132|146|["132,114,5,414","132,194,5,3500","132,146,5,1777"]|636148144080780000|13:46:48:078
62|1.1|636147901063164033|8880c0|49613.0625|19.53277703939|101.69638729569|99717|647857||49613.0625|330||33056.25|328|49613.0625|8880c0|HVN956|0|2546|0|||3|3|0|1|1|132|146|["132,114,5,414","132,194,5,3500","132,146,5,1777"]|636148144130630000|13:46:53:063
62|1.1|636147901113079024|8880c0|49618.0625|19.53995998438|101.7052975807|100651|648659||49618.0625|330||33025|328|49618.0625|8880c0|HVN956|0|2546|0|||3|3|0|1|1|132|146|["132,114,5,414","132,194,5,3500","132,146,5,1777"]|636148144180630000|13:46:58:063
62|1.1|636147901163004016|8880c0|49623.0625|19.54707319204|101.71410594192|101574|649452||49623.0625|330||33025|328|49623.0625|8880c0|HVN956|0|2546|0|||3|3|0|1|1|132|146|["132,114,5,414","132,194,5,3500","132,146,5,1777"]|636148144230630000|13:47:03:063
62|1.1|636147901212929008|8880c0|49628.0390625|19.55427223026|101.7228392014|102489|650256||49628.0390625|330||33006.25|328|49628.0390625|8880c0|HVN956|0|2546|0|||3|3|0|1|1|132|146|["132,114,5,414","132,194,5,3500","132,146,5,1777"]|636148144280390000|13:47:08:039
62|1.1|636147901262854000|8880c0|49633.0390625|19.5615356414|101.73166365585|103414|651067||49633.0390625|330||32987.5|328|49633.0390625|8880c0|HVN956|0|2546|0|||3|3|0|1|1|132|146|["132,114,5,414","132,194,5,3500","132,146,5,1777"]|636148144330390000|13:47:13:039
62|1.1|636147901312768991|8880c0|49638.015625|19.56870249316|101.7404881103|104338|651867||49638.015625|330||32975|328|49638.015625|8880c0|HVN956|0|2546|0|||3|3|0|1|1|132|147|["132,114,5,414","132,194,5,3500","132,146,5,1777"]|636148144380160000|13:47:18:016
62|1.1|636147901362693983|8880c0|49643.015625|19.57577278554|101.74940375972|105272|652657||49643.015625|330||32981.25|328|49643.015625|8880c0|HVN956|0|2546|0|||3|3|0|1|1|132|147|["132,114,5,414","132,194,5,3500","132,146,5,1777"]|636148144430160000|13:47:23:016
62|1.1|636147901412608974|8880c0|49648.015625|19.58279479823|101.75846424821|106222|653440||49648.015625|330||32968.75|328|49648.015625|8880c0|HVN956|0|2546|0|||3|3|0|1|1|132|146|["132,114,5,414","132,194,5,3500","132,146,5,1777"]|636148144480160000|13:47:28:016
62|1.1|636147901462533966|8880c0|49653|19.58996164999|101.76728870266|107146|654241||49653|330||32956.25|328|49653|8880c0|HVN956|0|2546|0|||3|3|0|1|1|132|146|["132,114,5,414","132,194,5,3500","132,146,5,1777"]|636148144530000000|13:47:33:000
62|1.1|636147901512458958|8880c0|49658|19.59680127274|101.77629018264|108089|655005||49658|330||32987.5|328|49658|8880c0|HVN956|0|2546|0|||3|3|0|1|1|132|146|["132,114,5,414","132,194,5,3500","132,146,5,1777"]|636148144580000000|13:47:38:000
62|1.1|636147901562373949|8880c0|49662.9765625|19.60394130245|101.78512536591|109014|655802||49662.9765625|330||32987.5|328|49662.9765625|8880c0|HVN956|0|2546|0|||3|3|0|1|1|132|146|["132,114,5,414","132,194,5,3500","132,146,5,1777"]|636148144629770000|13:47:42:977
62|1.1|636147901612308942|8880c0|49667.9765625|19.61121544241|101.79398200682|109942|656614||49667.9765625|330||32956.25|328|49667.9765625|8880c0|HVN956|0|2546|0|||3|3|0|1|1|132|146|["132,114,5,414","132,194,5,3500","132,146,5,1777"]|636148144679770000|13:47:47:977
62|1.1|636147901662223933|8880c0|49672.9765625|19.61822672628|101.80297812239|110884|657398||49672.9765625|330||32956.25|328|49672.9765625|8880c0|HVN956|0|2546|0|||3|3|0|1|1|132|146|["132,114,5,414","132,194,5,3500","132,146,5,1777"]|636148144729770000|13:47:52:977
62|1.1|636147901712138924|8880c0|49677.9609375|19.62523801015|101.81157727162|111784|658181||49677.9609375|330||32987.5|328|49677.9609375|8880c0|HVN956|0|2546|0|||3|3|0|1|1|132|146|["132,114,5,414","132,194,5,3500","132,146,5,1777"]|636148144779610000|13:47:57:961
62|1.1|636147901762063916|8880c0|49682.9609375|19.63231366694|101.82055192955|112724|658971||49682.9609375|330||32981.25|328|49682.9609375|8880c0|HVN956|0|2546|0|||3|3|0|1|1|132|146|["132,114,5,414","132,194,5,3500","132,146,5,1777"]|636148144829610000|13:48:02:961
62|1.1|636147901811988908|8880c0|49687.9375|19.63934640845|101.82927446021|113637|659757||49687.9375|330||33006.25|328|49687.9375|8880c0|HVN956|0|2546|0|||3|3|0|1|1|132|146|["132,114,5,414","132,194,5,3500","132,146,5,1777"]|636148144879380000|13:48:07:938
62|1.1|636147901861923901|8880c0|49692.9375|19.64654544667|101.83814719435|114566|660561||49692.9375|330||32981.25|328|49692.9375|8880c0|HVN956|0|2546|0|||3|3|0|1|1|132|146|["132,114,5,414","132,194,5,3500","132,146,5,1777"]|636148144929380000|13:48:12:938
62|1.1|636147901911998908|8880c0|49697.9375|19.65348699321|101.84698774203|115491|661337||49697.9375|329.75||33018.75|327.75|49697.9375|8880c0|HVN956|0|2546|0|||3|3|0|1|1|132|147|["132,114,5,414","132,194,5,3500","132,146,5,1777"]|636148144979380000|13:48:17:938
62|1.1|636147901961753883|8880c0|49702.921875|19.66051973472|101.85590339145|116425|662123||49702.921875|329.75||33006.25|327.75|49702.921875|8880c0|HVN956|0|2546|0|||3|3|0|1|1|132|146|["132,114,5,414","132,194,5,3500","132,146,5,1777"]|636148145029220000|13:48:22:922
62|1.1|636147902011678875|8880c0|49707.921875|19.66778851027|101.86466347298|117341|662935||49707.921875|330||32987.5|327.75|49707.921875|8880c0|HVN956|0|2546|0|||3|3|0|1|1|132|146|["132,114,5,414","132,194,5,3500","132,146,5,1777"]|636148145079220000|13:48:27:922
62|1.1|636147902061593866|8880c0|49712.8984375|19.67469787035|101.8737936988|118297|663707||49712.8984375|330||32968.75|327.75|49712.8984375|8880c0|HVN956|0|2546|0|||3|3|0|1|1|132|146|["132,114,5,414","132,194,5,3500","132,146,5,1777"]|636148145128980000|13:48:32:898
62|1.1|636147902111518858|8880c0|49717.8984375|19.68166623894|101.88261815325|119221|664486||49717.8984375|330||33000|327.75|49717.8984375|8880c0|HVN956|0|2546|0|||3|3|0|1|1|132|146|["132,114,5,414","132,194,5,3500","132,146,5,1777"]|636148145178980000|13:48:37:898
62|1.1|636147902161443850|8880c0|49722.8984375|19.68891892126|101.8914426077|120144|665297||49722.8984375|329.75||32987.5|328|49722.8984375|8880c0|HVN956|0|2546|0|||3|3|0|1|1|132|146|["132,114,5,414","132,194,5,3500","132,146,5,1777"]|636148145228980000|13:48:42:898
62|1.1|636147902211358841|8880c0|49727.875|19.69613941712|101.90019732482|121060|666103||49727.875|329.75||32981.25|327.75|49727.875|8880c0|HVN956|0|2546|0|||3|3|0|1|1|132|147|["132,114,5,414","132,194,5,3500","132,146,5,1777"]|636148145278750000|13:48:47:875
62|1.1|636147902261303835|8880c0|49732.875|19.70313460776|101.90929536418|122012|666885||49732.875|329.75||32968.75|327.75|49732.875|8880c0|HVN956|0|2546|0|||3|3|0|1|1|132|146|["132,114,5,414","132,194,5,3500","132,146,5,1777"]|636148145328750000|13:48:52:875
62|1.1|636147902311238828|8880c0|49737.859375|19.71029609511|101.9181573695|122939|667686||49737.859375|329.75||32956.25|327.75|49737.859375|8880c0|HVN956|0|2546|0|||3|3|0|1|1|132|146|["132,114,5,414","132,194,5,3500","132,146,5,1777"]|636148145378590000|13:48:57:859
62|1.1|636147902361123816|8880c0|49742.859375|19.71754341302|101.92713202743|123878|668496||49742.859375|329.75||32931.25|327.75|49742.859375|8880c0|HVN956|0|2546|0|||3|3|0|1|1|132|146|["132,114,5,414","132,194,5,3500","132,146,5,1777"]|636148145428590000|13:49:02:859
62|1.1|636147902411058809|8880c0|49747.859375|19.72466198509|101.93621397356|124828|669292||49747.859375|329.75||32918.75|327.75|49747.859375|8880c0|HVN956|0|2546|0|||3|3|0|1|1|132|146|["132,114,5,414","132,194,5,3500","132,146,5,1777"]|636148145478590000|13:49:07:859
62|1.1|636147902461003803|8880c0|49752.8359375|19.73130312467|101.9454085723|125790|670035||49752.8359375|330||32950|330|49752.8359375|8880c0|HVN956|0|2546|0|||3|3|0|1|1|132|146|["132,114,5,414","132,194,5,3500","132,146,5,1777"]|636148145528360000|13:49:12:836
62|1.1|636147902510888791|8880c0|49757.8359375|19.73851825612|101.95417938265|126707|670842||49757.8359375|330||32962.5|330|49757.8359375|8880c0|HVN956|0|2546|0|||3|3|0|1|1|132|146|["132,114,5,414","132,194,5,3500","132,146,5,1777"]|636148145578360000|13:49:17:836
62|1.1|636147902560813783|8880c0|49762.8203125|19.74551344676|101.96317549822|127648|671624||49762.8203125|330||32968.75|330|49762.8203125|8880c0|HVN956|0|2546|0|||3|3|0|1|1|132|146|["132,114,5,414","132,194,5,3500","132,146,5,1777"]|636148145628200000|13:49:22:820
62|1.1|636147902610738775|8880c0|49767.8203125|19.75259983237|101.97227890199|128600|672416||49767.8203125|330||32993.75|330|49767.8203125|8880c0|HVN956|0|2546|0|||3|3|0|1|1|132|146|["132,114,5,414","132,194,5,3500","132,146,5,1777"]|636148145678200000|13:49:27:820
62|1.1|636147902660663767|8880c0|49772.8203125|19.75968621798|101.98113017849|129526|673209||49772.8203125|330||33000|330|49772.8203125|8880c0|HVN956|0|2546|0|||3|3|0|1|1|132|146|["132,114,5,414","132,194,5,3500","132,146,5,1777"]|636148145728200000|13:49:32:820
62|1.1|636147902710578758|8880c0|49777.796875|19.76663849334|101.99028722636|130484|673987||49777.796875|330||33000|330|49777.796875|8880c0|HVN956|0|2546|0|||3|3|0|1|1|132|146|["132,114,5,414","132,194,5,3500","132,146,5,1777"]|636148145777970000|13:49:37:797
62|1.1|636147902760503750|8880c0|49782.796875|19.77373024336|101.99912240963|131407|674780||49782.796875|330||32993.75|330|49782.796875|8880c0|HVN956|0|2546|0|||3|3|0|1|1|132|146|["132,114,5,414","132,194,5,3500","132,146,5,1777"]|636148145827970000|13:49:42:797
62|1.1|636147902810418741|8880c0|49787.78125|19.7808327222|102.00807560992|132343|675575||49787.78125|330||32968.75|330|49787.78125|8880c0|HVN956|0|2546|0|||3|3|0|1|1|132|146|["132,114,5,414","132,194,5,3500","132,146,5,1777"]|636148145877810000|13:49:47:781
62|1.1|636147902860343733|8880c0|49792.78125|19.78792983663|102.01698589493|133275|676369||49792.78125|330||32962.5|330|49792.78125|8880c0|HVN956|0|2546|0|||3|3|0|1|1|132|146|["132,114,5,414","132,194,5,3500","132,146,5,1777"]|636148145927810000|13:49:52:781
62|1.1|636147902910268725|8880c0|49797.78125|19.79509668839|102.02584790025|134201|677170||49797.78125|330||32950|330|49797.78125|8880c0|HVN956|0|2546|0|||3|3|0|1|1|132|146|["132,114,5,414","132,194,5,3500","132,146,5,1777"]|636148145977810000|13:49:57:781
62|1.1|636147902960183716|8880c0|49802.7578125|19.80229572661|102.03465089706|135121|677975||49802.7578125|329.75||32925|329.75|49802.7578125|8880c0|HVN956|0|2546|0|||3|3|0|1|1|132|146|["132,114,5,414","132,194,5,3500","132,146,5,1777"]|636148146027580000|13:50:02:758
62|1.1|636147903010108708|8880c0|49807.7578125|19.80950549365|102.04354508884|136050|678782||49807.7578125|329.75||32912.5|329.75|49807.7578125|8880c0|HVN956|0|2546|0|||3|3|0|1|1|132|146|["132,114,5,414","132,194,5,3500","132,146,5,1777"]|636148146077580000|13:50:07:758
62|1.1|636147903060023699|8880c0|49812.7421875|19.81659187926|102.05247146708|136983|679575||49812.7421875|329.75||32912.5|329.75|49812.7421875|8880c0|HVN956|0|2546|0|||3|3|0|1|1|132|146|["132,114,5,414","132,194,5,3500","132,146,5,1777"]|636148146127420000|13:50:12:742
62|1.1|636147903109948691|8880c0|49817.7421875|19.82365144282|102.06148904029|137925|680365||49817.7421875|329.75||32912.5|329.75|49817.7421875|8880c0|HVN956|0|2546|0|||3|3|0|1|1|132|146|["132,114,5,414","132,194,5,3500","132,146,5,1777"]|636148146177420000|13:50:17:742
62|1.1|636147903159893685|8880c0|49822.7421875|19.83102214216|102.07019011331|138834|681189||49822.7421875|329.75||32906.25|329.75|49822.7421875|8880c0|HVN956|0|2546|0|||3|3|0|1|1|132|146|["132,114,5,414","132,194,5,3500","132,146,5,1777"]|636148146227420000|13:50:22:742
62|1.1|636147903209798675|8880c0|49827.71875|19.83804951926|102.0790360254|139758|681976||49827.71875|329.75||32925|329.75|49827.71875|8880c0|HVN956|0|2546|0|||3|3|0|1|1|132|146|["132,114,5,414","132,194,5,3500","132,146,5,1777"]|636148146277190000|13:50:27:719
62|1.1|636147903259723667|8880c0|49832.71875|19.84544704065|102.08774782724|140668|682803||49832.71875|329.75||32912.5|329.75|49832.71875|8880c0|HVN956|0|2546|0|||3|3|0|1|1|132|146|["132,114,5,414","132,194,5,3500","132,146,5,1777"]|636148146327190000|13:50:32:719
62|1.1|636147903309648659|8880c0|49837.6953125|19.85208818023|102.09699607008|141635|683547||49837.6953125|329.75||32931.25|329.75|49837.6953125|8880c0|HVN956|0|2546|0|||3|3|0|1|1|132|146|["132,114,5,414","132,194,5,3500","132,146,5,1777"]|636148146376950000|13:50:37:695
62|1.1|636147903359553649|8880c0|49842.6953125|19.85924966758|102.10629259261|142606|684349||49842.6953125|329.75||32881.25|329.75|49842.6953125|8880c0|HVN956|0|2546|0|||3|3|0|1|1|132|147|["132,114,5,414","132,194,5,3500","132,146,5,1777"]|636148146426950000|13:50:42:695
62|1.1|636147903409478641|8880c0|49847.6953125|19.86616439207|102.11536380992|143554|685123||49847.6953125|329.75||32906.25|329.75|49847.6953125|8880c0|HVN956|0|2546|0|||3|3|0|1|1|132|146|["132,114,5,414","132,194,5,3500","132,146,5,1777"]|636148146476950000|13:50:47:695
62|1.1|636147903459403633|8880c0|49852.6796875|19.87304156569|102.1245798663|144516|685894||49852.6796875|329.75||32900|329.75|49852.6796875|8880c0|HVN956|0|2546|0|||3|3|0|1|1|132|146|["132,114,5,414","132,194,5,3500","132,146,5,1777"]|636148146526800000|13:50:52:680
62|1.1|636147903509328625|8880c0|49857.6796875|19.87961833235|102.13376910063|145477|686631||49857.6796875|329.75||32956.25|329.75|49857.6796875|8880c0|HVN956|0|2546|0|||3|3|0|1|1|132|146|["132,114,5,414","132,194,5,3500","132,146,5,1777"]|636148146576800000|13:50:57:680
62|1.1|636147903559243616|8880c0|49862.65625|19.88600734466|102.14314608931|146457|687347||49862.65625|329.75||32987.5|329.75|49862.65625|8880c0|HVN956|0|2546|0|||3|3|0|1|1|132|146|["132,194,5,3500","132,146,5,1777"]|636148146626560000|13:51:02:656
62|1.1|636147903609168608|8880c0|49867.65625|19.8919832974|102.15280739172|147467|688018||49867.65625|329.75||33018.75|329.75|49867.65625|8880c0|HVN956|0|2546|0|||3|3|0|1|1|132|146|["132,194,5,3500","132,146,5,1777"]|636148146676560000|13:51:07:656
62|1.1|636147903659093600|8880c0|49872.65625|19.897669572|102.16290321134|148523|688657||49872.65625|329.75||32987.5|329.75|49872.65625|8880c0|HVN956|0|2546|0|||3|3|0|1|1|132|146|["132,194,5,3500","132,146,5,1777"]|636148146726560000|13:51:12:656
62|1.1|636147903709008591|8880c0|49877.640625|19.90294815144|102.17319214972|149600|689251||49877.640625|329.75||32956.25|329.75|49877.640625|8880c0|HVN956|0|2546|0|||3|3|0|1|1|132|146|["132,194,5,3500","132,146,5,1777"]|636148146776410000|13:51:17:641
62|1.1|636147903758933583|8880c0|49882.640625|19.90819454442|102.18357764748|150686|689841||49882.640625|329.75||32931.25|329.75|49882.640625|8880c0|HVN956|0|2546|0|||3|3|0|1|1|132|146|["132,194,5,3500","132,146,5,1777"]|636148146826410000|13:51:22:641
62|1.1|636147903808858575|8880c0|49887.6171875|19.91374134436|102.19366273828|151741|690465||49887.6171875|329.75||32962.5|329.75|49887.6171875|8880c0|HVN956|0|2546|0|||3|3|0|1|1|132|146|["132,194,5,3500","132,146,5,1777"]|636148146876170000|13:51:27:617
62|1.1|636147903858783567|8880c0|49892.6171875|19.91904138144|102.20384975287|152806|691061||49892.6171875|329.75||32956.25|329.75|49892.6171875|8880c0|HVN956|0|2546|0|||3|3|0|1|1|132|146|["132,194,5,3500","132,146,5,1777"]|636148146926170000|13:51:32:617
62|1.1|636147903908698558|8880c0|49897.6171875|19.92355285025|102.21217531719|153677|691568||49897.6171875|329.75||33006.25|329.75|49897.6171875|8880c0|HVN956|0|2546|0|||3|3|0|1|1|132|146|["132,194,5,3500","132,146,5,1777"]|636148146976170000|13:51:37:617
62|1.1|636147903958623550|8880c0|49902.6015625|19.92847737863|102.22325818825|154837|692124||49902.6015625|329.75||32987.5|329.75|49902.6015625|8880c0|HVN956|0|2546|0|||3|3|0|1|1|132|147|["132,194,5,3500","132,146,5,1777"]|636148147026020000|13:51:42:602
62|1.1|636147904008548542|8880c0|49907.6015625|19.93331607645|102.23280683805|155836|692669||49907.6015625|329.75||33000|329.75|49907.6015625|8880c0|HVN956|0|2546|0|||3|3|0|1|1|132|146|["132,194,5,3500","132,146,5,1777"]|636148147076020000|13:51:47:602
62|1.1|636147904058463533|8880c0|49912.578125|19.93781681644|102.24380387855|156987|693178||49912.578125|329.75||32987.5|329.75|49912.578125|8880c0|HVN956|0|2546|0|||3|3|0|1|1|132|146|["132,194,5,3500","132,146,5,1777"]|636148147125780000|13:51:52:578
62|1.1|636147904108378524|8880c0|49917.578125|19.94270915836|102.25420010513|158074|693729||49917.578125|329.75||32993.75|329.75|49917.578125|8880c0|HVN956|0|2546|0|||3|3|0|1|1|132|146|["132,194,5,3500","132,146,5,1777"]|636148147175780000|13:51:57:578
62|1.1|636147904158313517|8880c0|49922.578125|19.94657689797|102.2645909673|159162|694167||49922.578125|329.75||33000|329.75|49922.578125|8880c0|HVN956|0|2546|0|||3|3|0|1|1|132|146|["132,194,5,3500","132,146,5,1777"]|636148147225780000|13:52:02:578
62|1.1|636147904208248510|8880c0|49927.5625|19.95067530721|102.27520177028|160273|694630||49927.5625|330||32993.75|329.75|49927.5625|8880c0|HVN956|0|2546|0|||3|3|0|1|1|132|146|["132,194,5,3500","132,146,5,1777"]|636148147275630000|13:52:07:563
62|1.1|636147904258153500|8880c0|49932.5625|19.95514922515|102.28743798949|161554|695137||49932.5625|329.75||32975|329.75|49932.5625|8880c0|HVN956|0|2546|0|||3|3|0|1|1|132|146|["132,194,5,3500","132,146,5,1777"]|636148147325630000|13:52:12:563
62|1.1|636147904308078492|8880c0|49937.5390625|19.95937638023|102.29957764932|162825|695616||49937.5390625|330||32987.5|330|49937.5390625|8880c0|HVN956|0|2546|0|||3|3|0|1|1|132|146|["132,194,5,3500","132,146,5,1777"]|636148147375390000|13:52:17:539
62|1.1|636147904357993483|8880c0|49942.5390625|19.96368936587|102.3108858256|164008|696105||49942.5390625|330||32981.25|330|49942.5390625|8880c0|HVN956|0|2546|0|||3|3|0|1|1|132|146|["132,194,5,3500","132,146,5,1777"]|636148147425390000|13:52:22:539
62|1.1|636147904407918475|8880c0|49947.5390625|19.9668168169|102.31992485645|164955|696460||49947.5390625|330||33031.25|330|49947.5390625|8880c0|HVN956|0|2546|0|||3|3|0|1|1|132|146|["132,194,5,3500","132,146,5,1777"]|636148147475390000|13:52:27:539
62|1.1|636147904457843467|8880c0|49952.515625|19.97064700564|102.33142078708|166159|696894||49952.515625|330||33012.5|330|49952.515625|8880c0|HVN956|0|2546|0|||3|3|0|1|1|132|147|["132,194,5,3500","132,178,4,1804","132,146,5,1777"]|636148147525160000|13:52:32:516
62|1.1|636147904507758458|8880c0|49957.515625|19.97451474525|102.34228908174|167296|697334||49957.515625|330||33006.25|330|49957.515625|8880c0|HVN956|0|2546|0|||3|3|0|1|1|132|146|["132,194,5,3500","132,178,4,1804","132,146,5,1777"]|636148147575160000|13:52:37:516
62|1.1|636147904557683450|8880c0|49962.5|19.97827519666|102.35258338453|168373|697760||49962.5|330||33012.5|330|49962.5|8880c0|HVN956|0|2546|0|||3|3|0|1|1|132|146|["132,194,5,3500","132,178,4,1804","132,146,5,1777"]|636148147625000000|13:52:42:500
62|1.1|636147904607608442|8880c0|49967.5|19.98241115677|102.36401494224|169570|698229||49967.5|330||33000|330|49967.5|8880c0|HVN956|0|2546|0|||3|3|0|1|1|132|146|["132,194,5,3500","132,178,4,1804","132,146,5,1777"]|636148147675000000|13:52:47:500
62|1.1|636147904657523433|8880c0|49972.5|19.98628426079|102.37448090615|170665|698668||49972.5|330||33006.25|330|49972.5|8880c0|HVN956|0|2546|0|||3|3|0|1|1|132|146|["132,194,5,3500","132,178,4,1804","132,146,5,1777"]|636148147725000000|13:52:52:500
62|1.1|636147904707448425|8880c0|49977.4765625|19.9902056445|102.3850756159|171774|699113||49977.4765625|330||33006.25|330|49977.4765625|8880c0|HVN956|0|2546|0|||3|3|0|1|1|132|146|["132,194,5,3500","132,178,4,1804","132,146,5,1777"]|636148147774770000|13:52:57:477
62|1.1|636147904757373417|8880c0|49982.4765625|19.99439524871|102.39635160572|172954|699588||49982.4765625|330.25||32993.75|330|49982.4765625|8880c0|HVN956|0|2546|0|||3|3|0|1|1|132|146|["132,194,5,3500","132,178,4,1804","132,146,5,1777"]|636148147824770000|13:53:02:477
62|1.1|636147904807288408|8880c0|49987.4609375|19.99843464944|102.4073379174|174104|700046||49987.4609375|330.25||33006.25|330|49987.4609375|8880c0|HVN956|0|2546|0|||3|3|0|1|1|132|146|["132,194,5,3500","132,178,4,1804","132,146,5,1777"]|636148147874610000|13:53:07:461
62|1.1|636147904857213400|8880c0|49992.4609375|20.00237212638|102.4175302964|175170|700492||49992.4609375|330.25||33025|330|49992.4609375|8880c0|HVN956|0|2546|0|||3|3|0|1|1|132|146|["132,194,5,3500","132,178,4,1804","132,146,5,1777"]|636148147924610000|13:53:12:461
62|1.1|636147904907138392|8880c0|49997.4609375|20.00637934065|102.42821083671|176288|700947||49997.4609375|330.25||33037.5|330|49997.4609375|8880c0|HVN956|0|2546|0|||3|3|0|1|1|132|146|["132,194,5,3500","132,178,4,1804","132,146,5,1777"]|636148147974610000|13:53:17:461
62|1.1|636147904957063384|8880c0|50002.4375|20.01039728374|102.43903621609|177420|701403||50002.4375|330.25||33050|330|50002.4375|8880c0|HVN956|0|2546|0|||3|3|0|1|1|132|146|["132,194,5,3500","132,178,4,1804","132,146,5,1777"]|636148148024380000|13:53:22:438
62|1.1|636147905007008378|8880c0|50007.4375|20.01447959975|102.45010299392|178578|701867||50007.4375|330.25||33062.5|330|50007.4375|8880c0|HVN956|0|2546|0|||3|3|0|1|1|132|146|["132,194,5,3500","132,178,4,1804","132,146,5,1777"]|636148148074380000|13:53:27:438
62|1.1|636147905056903367|8880c0|50012.421875|20.01947386546|102.46458153651|180093|702434||50012.421875|330.25||33006.25|330|50012.421875|8880c0|HVN956|0|2546|0|||3|3|0|1|1|132|146|["132,194,5,3500","132,178,4,1804","132,146,5,1777"]|636148148124220000|13:53:32:422
62|1.1|636147905106818358|8880c0|50017.421875|20.02358300352|102.47479000874|181160|702900||50017.421875|330.25||33018.75|330|50017.421875|8880c0|HVN956|0|2546|0|||3|3|0|1|1|132|146|["132,194,5,3500","132,178,4,1804","132,146,5,1777"]|636148148174220000|13:53:37:422
62|1.1|636147905156753351|8880c0|50022.421875|20.02737564139|102.48448886202|182175|703330||50022.421875|330.25||33043.75|330|50022.421875|8880c0|HVN956|0|2546|0|||3|3|0|1|1|132|146|["132,194,5,3500","132,178,4,1804","132,146,5,1777"]|636148148224220000|13:53:42:422
62|1.1|636147905206668342|8880c0|50027.3984375|20.03144186417|102.49523913966|183299|703791||50027.3984375|330.25||33050|330|50027.3984375|8880c0|HVN956|0|2546|0|||3|3|0|1|1|132|146|["132,194,5,3500","132,178,4,1804","132,146,5,1777"]|636148148273980000|13:53:47:398
62|1.1|636147905256583333|8880c0|50032.3984375|20.03558318869|102.5063112819|184457|704262||50032.3984375|330.25||33056.25|330|50032.3984375|8880c0|HVN956|0|2546|0|||3|3|0|1|1|132|146|["132,194,5,3500","132,178,4,1804","132,146,5,1777"]|636148148323980000|13:53:52:398
62|1.1|636147905306508325|8880c0|50037.375|20.03961722501|102.51734050886|185611|704720||50037.375|330.25||33037.5|330|50037.375|8880c0|HVN956|0|2546|0|||3|3|0|1|1|132|146|["132,194,5,3500","132,178,4,1804","132,146,5,1777"]|636148148373750000|13:53:57:375
62|1.1|636147905356433317|8880c0|50042.375|20.04334012555|102.52731294705|186654|705143||50042.375|330||33018.75|330|50042.375|8880c0|HVN956|0|2546|0|||3|3|0|1|1|132|147|["132,194,5,3500","132,178,4,1804","132,146,5,1777"]|636148148423750000|13:54:02:375
62|1.1|636147905406348308|8880c0|50047.375|20.04737416187|102.538014945|187773|705601||50047.375|330||33018.75|330|50047.375|8880c0|HVN956|0|2546|0|||3|3|0|1|1|132|146|["132,194,5,3500","132,178,4,1804","132,146,5,1777"]|636148148473750000|13:54:07:375
62|1.1|636147905456273300|8880c0|50052.359375|20.0514135626|102.54888323966|188910|706060||50052.359375|330||33018.75|330|50052.359375|8880c0|HVN956|0|2546|0|||3|3|0|1|1|132|146|["132,194,5,3500","132,146,5,1777"]|636148148523590000|13:54:12:359
62|1.1|636147905506198292|8880c0|50057.359375|20.05546905656|102.56001975482|190075|706521||50057.359375|330.25||33018.75|330|50057.359375|8880c0|HVN956|0|2546|0|||3|3|0|1|1|132|146|["132,194,5,3500","132,146,5,1777"]|636148148573590000|13:54:17:359
62|1.1|636147905556123284|8880c0|50062.3359375|20.05880035517|102.56883884486|190997|706900||50062.3359375|330||33025|330|50062.3359375|8880c0|HVN956|0|2546|0|||3|3|0|1|1|132|194|["132,194,5,3500","132,146,5,1777"]|636148148623360000|13:54:22:336
62|1.1|636147905606038275|8880c0|50067.3359375|20.06274856093|102.57973932598|192137|707349||50067.3359375|330.25||33025|330|50067.3359375|8880c0|HVN956|0|2546|0|||3|3|0|1|1|132|194|["132,194,5,3500","132,146,5,1777"]|636148148673360000|13:54:27:336
62|1.1|636147905655953266|8880c0|50072.3359375|20.06714737713|102.59203991811|193423|707850||50072.3359375|330.25||33000|330|50072.3359375|8880c0|HVN956|0|2546|0|||3|3|0|1|1|132|146|["132,194,5,3500","132,146,5,1777"]|636148148723360000|13:54:32:336
62|1.1|636147905705888259|8880c0|50077.3203125|20.07124042196|102.60333200116|194604|708315||50077.3203125|330||32993.75|330|50077.3203125|8880c0|HVN956|0|2546|0|||3|3|0|1|1|132|147|["132,194,5,3500","132,146,5,1777"]|636148148773200000|13:54:37:320
62|1.1|636147905755803250|8880c0|50082.3203125|20.0755534076|102.61552530509|195879|708807||50082.3203125|330||32968.75|330|50082.3203125|8880c0|HVN956|0|2546|0|||3|3|0|1|1|132|147|["132,194,5,3500","132,146,5,1777"]|636148148823200000|13:54:42:320
62|1.1|636147905805728242|8880c0|50087.296875|20.07966254566|102.62702123572|197081|709274||50087.296875|330||32962.5|330|50087.296875|8880c0|HVN956|0|2546|0|||3|3|0|1|1|132|147|["132,194,5,3500","132,146,5,1777"]|636148148872970000|13:54:47:297
62|1.1|636147905855643233|8880c0|50092.296875|20.08349809881|102.63656988552|198079|709710||50092.296875|330||33006.25|330|50092.296875|8880c0|HVN956|0|2546|0|||3|3|0|1|1|132|194|["132,194,5,3500","132,146,5,1777"]|636148148922970000|13:54:52:297
62|1.1|636147905905568225|8880c0|50097.296875|20.08766624538|102.64779759565|199253|710184||50097.296875|330||33000|330|50097.296875|8880c0|HVN956|0|2546|0|||3|3|0|1|1|132|147|["132,194,5,3500","132,146,5,1777"]|636148148972970000|13:54:57:297
62|1.1|636147905955483216|8880c0|50102.28125|20.09164127319|102.65875172087|200398|710637||50102.28125|330||32993.75|330|50102.28125|8880c0|HVN956|0|2546|0|||3|3|0|1|1|132|146|["132,194,5,3500","132,146,5,1777"]|636148149022810000|13:55:02:281
62|1.1|636147906005408208|8880c0|50107.28125|20.09521397025|102.6674581583|201308|711042||50107.28125|330||33025|330|50107.28125|8880c0|HVN956|0|2546|0|||3|3|0|1|1|132|147|["132,194,5,3500","132,146,5,1777"]|636148149072810000|13:55:07:281
62|1.1|636147906055353202|8880c0|50112.2578125|20.09918899806|102.67799385954|202409|711495||50112.2578125|330||33050|330|50112.2578125|8880c0|HVN956|0|2546|0|||3|3|0|1|1|132|194|["132,194,5,3500","132,146,5,1777"]|636148149122580000|13:55:12:258
62|1.1|636147906105258192|8880c0|50117.2578125|20.10314256823|102.6883257132|203489|711945||50117.2578125|330||33056.25|330|50117.2578125|8880c0|HVN956|0|2546|0|||3|3|0|1|1|132|146|["132,194,5,3500","132,146,5,1777"]|636148149172580000|13:55:17:258
62|1.1|636147906155173183|8880c0|50122.2578125|20.10711759604|102.70045464421|204757|712399||50122.2578125|330||33000|330|50122.2578125|8880c0|HVN956|0|2546|0|||3|3|0|1|1|132|147|["132,194,5,3500","132,146,5,1777"]|636148149222580000|13:55:22:258
62|1.1|636147906208218487|8880c0|50127.5625|20.11163442926|102.71292689746|206061|712913||50127.5625|330||32993.75|330|50127.5625|8880c0|HVN956|0|2546|0|||3|3|0|1|1|132|146|["132,194,5,3500","132,146,5,1777"]|636148149275630000|13:55:27:563
62|1.1|636147906258133478|8880c0|50132.5390625|20.11581330465|102.72446574337|207267|713390||50132.5390625|329.75||32968.75|329.75|50132.5390625|8880c0|HVN956|0|2546|0|||3|3|0|1|1|132|146|["132,194,5,3500","132,146,5,1777"]|636148149325390000|13:55:32:539
62|1.1|636147906308058470|8880c0|50137.5390625|20.11990634948|102.73577391965|208449|713856||50137.5390625|329.75||32956.25|329.75|50137.5390625|8880c0|HVN956|0|2546|0|||3|3|0|1|1|132|146|["132,194,5,3500","132,146,5,1777"]|636148149375390000|13:55:37:539
62|1.1|636147906357983462|8880c0|50142.5390625|20.12414423338|102.74725912146|209649|714340||50142.5390625|329.75||32962.5|329.75|50142.5390625|8880c0|HVN956|0|2546|0|||3|3|0|1|1|132|146|["132,194,5,3500","132,146,5,1777"]|636148149425390000|13:55:42:539
62|1.1|636147906407898453|8880c0|50147.515625|20.12798515094|102.75700625443|210667|714776||50147.515625|329.75||32981.25|329.75|50147.515625|8880c0|HVN956|0|2546|0|||3|3|0|1|1|132|146|["132,194,5,3500","132,146,5,1777"]|636148149475160000|13:55:47:516
62|1.1|636147906457823445|8880c0|50152.515625|20.13222839925|102.76872212587|211892|715260||50152.515625|329.75||32968.75|329.75|50152.515625|8880c0|HVN956|0|2546|0|||3|3|0|1|1|132|147|["132,146,5,1777"]|636148149525160000|13:55:52:516
62|1.1|636147906507748437|8880c0|50157.5|20.13620879147|102.77976208165|213045|715714||50157.5|329.75||32956.25|329.75|50157.5|8880c0|HVN956|0|2546|0|||3|3|0|1|1|132|146|["132,146,5,1777"]|636148149575000000|13:55:57:500
62|1.1|636147906557663428|8880c0|50162.5|20.13991023437|102.78898886685|214009|716136||50162.5|329.75||32987.5|329.75|50162.5|8880c0|HVN956|0|2546|0|||3|3|0|1|1|132|147|["132,146,5,1777"]|636148149625000000|13:56:02:500
62|1.1|636147906607588420|8880c0|50167.5|20.14374578752|102.79937972902|215095|716573||50167.5|329.75||32993.75|329.75|50167.5|8880c0|HVN956|0|2546|0|||3|3|0|1|1|132|147|["132,146,5,1777"]|636148149675000000|13:56:07:500
62|1.1|636147906657503411|8880c0|50172.4765625|20.14796757819|102.81141210065|216352|717055||50172.4765625|329.75||32968.75|329.75|50172.4765625|8880c0|HVN956|0|2546|0|||3|3|0|1|1|132|147|["132,146,5,1777"]|636148149724770000|13:56:12:477
62|1.1|636147906707428403|8880c0|50177.4765625|20.15223764855|102.82346056551|217611|717543||50177.4765625|329.75||32943.75|329.75|50177.4765625|8880c0|HVN956|0|2546|0|||3|3|0|1|1|132|147|["132,146,5,1777"]|636148149774770000|13:56:17:477
62|1.1|636147906757353395|8880c0|50182.4609375|20.15588544735|102.83227965555|218532|717958||50182.4609375|329.5||32981.25|329.75|50182.4609375|8880c0|HVN956|0|2546|0|||3|3|0|1|1|132|147|["132,146,5,1777"]|636148149824610000|13:56:22:461
62|1.1|636147906807278387|8880c0|50187.4609375|20.15986047516|102.84278853474|219630|718411||50187.4609375|329.75||32987.5|329.75|50187.4609375|8880c0|HVN956|0|2546|0|||3|3|0|1|1|132|146|["132,146,5,1777"]|636148149874610000|13:56:27:461
62|1.1|636147906857193378|8880c0|50192.4609375|20.16373894359|102.85386067698|220787|718855||50192.4609375|329.5||32950|329.5|50192.4609375|8880c0|HVN956|0|2546|0|||3|3|0|1|1|132|147|["132,146,5,1777"]|636148149924610000|13:56:32:461
62|1.1|636147906907118370|8880c0|50197.4375|20.16763350525|102.86458413257|221907|719299||50197.4375|329.75||32943.75|329.5|50197.4375|8880c0|HVN956|0|2546|0|||3|3|0|1|1|132|146|["132,146,5,1777"]|636148149974380000|13:56:37:438
62|1.1|636147906957033361|8880c0|50202.4375|20.17162462629|102.87554898661|223052|719755||50202.4375|329.75||32968.75|329.5|50202.4375|8880c0|HVN956|0|2546|0|||3|3|0|1|1|132|147|["132,146,5,1777"]|636148150024380000|13:56:42:438
62|1.1|636147907006958353|8880c0|50207.421875|20.17560501851|102.88620270487|224165|720209||50207.421875|329.5||32956.25|329.5|50207.421875|8880c0|HVN956|0|2546|0|||3|3|0|1|1|132|147|["132,146,5,1777"]|636148150074220000|13:56:47:422
62|1.1|636147907056883345|8880c0|50212.421875|20.17981071595|102.8981277883|225411|720690||50212.421875|329.5||32931.25|329.5|50212.421875|8880c0|HVN956|0|2546|0|||3|3|0|1|1|132|147|["132,146,5,1777"]|636148150124220000|13:56:52:422
62|1.1|636147907106798336|8880c0|50217.421875|20.18382329463|102.90882442184|226528|721148||50217.421875|329.75||32968.75|329.75|50217.421875|8880c0|HVN956|0|2546|0|||3|3|0|1|1|132|147|["132,146,5,1777"]|636148150174220000|13:56:57:422
62|1.1|636147907156723328|8880c0|50222.3984375|20.18887656885|102.92297037101|228005|721726||50222.3984375|329.75||32950|329.75|50222.3984375|8880c0|HVN956|0|2546|0|||3|3|0|1|1|132|147|["132,146,5,1777"]|636148150223980000|13:57:02:398
62|1.1|636147907206648320|8880c0|50227.3984375|20.19269602877|102.93357044517|229112|722162||50227.3984375|329.75||32937.5|329.75|50227.3984375|8880c0|HVN956|0|2546|0|||3|3|0|1|1|132|147|["132,146,5,1777"]|636148150273980000|13:57:07:398
62|1.1|636147907256573312|8880c0|50232.375|20.19664959894|102.94380037504|230181|722613||50232.375|329.75||32981.25|329.75|50232.375|8880c0|HVN956|0|2546|0|||3|3|0|1|1|132|147|["132,146,5,1777"]|636148150323750000|13:57:12:375
62|1.1|636147907306488303|8880c0|50237.375|20.2003295842|102.95313444844|231155|723033||50237.375|329.75||33018.75|329.75|50237.375|8880c0|HVN956|0|2546|0|||3|3|0|1|1|132|147|["132,146,5,1777"]|636148150373750000|13:57:17:375
62|1.1|636147907356413295|8880c0|50242.375|20.2044601799|102.96393837018|232283|723505||50242.375|329.75||33056.25|329.75|50242.375|8880c0|HVN956|0|2546|0|||3|3|0|1|1|132|146|["132,146,5,1777"]|636148150423750000|13:57:22:375
62|1.1|636147907406328286|8880c0|50247.359375|20.20804897019|102.97445797819|233381|723916||50247.359375|329.75||33000|329.75|50247.359375|8880c0|HVN956|0|2546|0|||3|3|0|1|1|132|147|["132,146,5,1777"]|636148150473590000|13:57:27:359
62|1.1|636147907456253278|8880c0|50252.359375|20.21174504868|102.98485956918|234468|724339||50252.359375|329.75||32981.25|329.75|50252.359375|8880c0|HVN956|0|2546|0|||3|3|0|1|1|132|147|["132,146,5,1777"]|636148150523590000|13:57:32:359
62|1.1|636147907506178270|8880c0|50257.3359375|20.2156181527|102.99551328744|235580|724782||50257.3359375|329.75||32987.5|329.75|50257.3359375|8880c0|HVN956|0|2546|0|||3|3|0|1|1|132|146|["132,146,5,1777"]|636148150573360000|13:57:37:336
62|1.1|636147907556103262|8880c0|50262.3359375|20.21959854492|103.00637621769|236714|725237||50262.3359375|329.75||32975|329.75|50262.3359375|8880c0|HVN956|0|2546|0|||3|3|0|1|1|132|147|["132,146,5,1777"]|636148150623360000|13:57:42:336
62|1.1|636147907606028254|8880c0|50267.3359375|20.22362185242|103.01755564813|237881|725698||50267.3359375|329.75||32968.75|329.75|50267.3359375|8880c0|HVN956|0|2546|0|||3|3|0|1|1|132|147|["132,146,5,1777"]|636148150673360000|13:57:47:336
62|1.1|636147907655943245|8880c0|50272.3203125|20.22772026166|103.02881018031|239057|726167||50272.3203125|329.75||32968.75|329.75|50272.3203125|8880c0|HVN956|0|2546|0|||3|3|0|1|1|132|147|["132,146,5,1777"]|636148150723200000|13:57:52:320
62|1.1|636147907705868237|8880c0|50277.3203125|20.23188304382|103.0404992297|240277|726644||50277.3203125|329.75||32956.25|329.75|50277.3203125|8880c0|HVN956|0|2546|0|||3|3|0|1|1|132|147|["132,146,5,1777"]|636148150773200000|13:57:57:320
62|1.1|636147907755783228|8880c0|50282.296875|20.23590098691|103.05087936305|241360|727103||50282.296875|329.75||32975|329.75|50282.296875|8880c0|HVN956|0|2546|0|||3|3|0|1|1|132|147|["132,146,5,1777"]|636148150822970000|13:58:02:297
62|1.1|636147907805708220|8880c0|50287.296875|20.23987065031|103.06173692889|242494|727557||50287.296875|329.75||32981.25|329.75|50287.296875|8880c0|HVN956|0|2546|0|||3|3|0|1|1|132|146|["132,146,5,1777"]|636148150872970000|13:58:07:297
62|1.1|636147907855623211|8880c0|50292.296875|20.24433383943|103.07443448736|243819|728069||50292.296875|329.75||32956.25|330|50292.296875|8880c0|HVN956|0|2546|0|||3|3|0|1|1|132|147|["132,146,5,1777"]|636148150922970000|13:58:12:297
62|1.1|636147907905558204|8880c0|50297.28125|20.24840006221|103.08582312979|245008|728535||50297.28125|330||32950|330|50297.28125|8880c0|HVN956|0|2546|0|||3|3|0|1|1|132|146|["132,146,5,1777"]|636148150972810000|13:58:17:281
62|1.1|636147907955483196|8880c0|50302.28125|20.2524716494|103.09606915289|246077|729000||50302.28125|330||33006.25|330|50302.28125|8880c0|HVN956|0|2546|0|||3|3|0|1|1|132|147|["132,146,5,1777"]|636148151022810000|13:58:22:281
62|1.1|636147908005388186|8880c0|50307.2578125|20.25652714336|103.1070715578|247225|729465||50307.2578125|330||33018.75|330|50307.2578125|8880c0|HVN956|0|2546|0|||3|3|0|1|1|132|146|["132,146,5,1777"]|636148151072580000|13:58:27:258
62|1.1|636147908055323179|8880c0|50312.2578125|20.26066310347|103.11824562383|248391|729938||50312.2578125|330||33012.5|330|50312.2578125|8880c0|HVN956|0|2546|0|||3|3|0|1|1|132|146|["132,146,5,1777"]|636148151122580000|13:58:32:258
62|1.1|636147908105088155|8880c0|50317.2578125|20.26494390265|103.13010096993|249629|730429||50317.2578125|330||33000|330|50317.2578125|8880c0|HVN956|0|2546|0|||3|3|0|1|1|132|147|["132,146,5,1777"]|636148151172580000|13:58:37:258
62|1.1|636147908155153161|8880c0|50322.2421875|20.2686185235|103.13949941625|250609|730849||50322.2421875|330||33018.75|330|50322.2421875|8880c0|HVN956|0|2546|0|||3|3|0|1|1|132|147|["132,146,5,1777"]|636148151222420000|13:58:42:242
62|1.1|636147908204938139|8880c0|50327.2421875|20.27272766156|103.15048572793|251755|731320||50327.2421875|330||33037.5|330|50327.2421875|8880c0|HVN956|0|2546|0|||3|3|0|1|1|132|146|["132,146,5,1777"]|636148151272420000|13:58:47:242
62|1.1|636147908255013146|8880c0|50332.21875|20.2767187826|103.16169734483|252925|731778||50332.21875|330||33006.25|330|50332.21875|8880c0|HVN956|0|2546|0|||3|3|0|1|1|132|147|["132,146,5,1777"]|636148151322190000|13:58:52:219
62|1.1|636147908304928137|8880c0|50337.21875|20.28074745451|103.172624648|254066|732240||50337.21875|330||33006.25|330|50337.21875|8880c0|HVN956|0|2546|0|||3|3|0|1|1|132|146|["132,146,5,1777"]|636148151372190000|13:58:57:219
62|1.1|636147908354843128|8880c0|50342.21875|20.28479758406|103.18363778173|255214|732704||50342.21875|330||33006.25|330|50342.21875|8880c0|HVN956|0|2546|0|||3|3|0|1|1|132|147|["132,146,5,1777"]|636148151422190000|13:59:02:219
62|1.1|636147908404768120|8880c0|50347.1953125|20.28832736584|103.1934385588|256237|733109||50347.1953125|330||33012.5|330|50347.1953125|8880c0|HVN956|0|2546|0|||3|3|0|1|1|132|147|["132,146,5,1777"]|636148151471950000|13:59:07:195
62|1.1|636147908454693112|8880c0|50352.1953125|20.29242577508|103.20436586197|257377|733579||50352.1953125|330||33050|330|50352.1953125|8880c0|HVN956|0|2546|0|||3|3|0|1|1|132|146|["132,146,5,1777"]|636148151521950000|13:59:12:195
62|1.1|636147908504608103|8880c0|50357.1796875|20.2962988791|103.21448313923|258432|734022||50357.1796875|330||33062.5|330|50357.1796875|8880c0|HVN956|0|2546|0|||3|3|0|1|1|132|146|["132,146,5,1777"]|636148151571800000|13:59:17:180
62|1.1|636147908554373079|8880c0|50362.1796875|20.3004831189|103.2277171387|259814|734505||50362.1796875|330||32981.25|330|50362.1796875|8880c0|HVN956|0|2546|0|||3|3|0|1|1|132|147|["132,146,5,1777"]|636148151621800000|13:59:22:180
62|1.1|636147908604458087|8880c0|50367.1796875|20.30440986702|103.23827966199|260915|734955||50367.1796875|330||33000|330|50367.1796875|8880c0|HVN956|0|2546|0|||3|3|0|1|1|132|147|["132,146,5,1777"]|636148151671800000|13:59:27:180
62|1.1|636147908654223063|8880c0|50372.15625|20.30836343719|103.24926060926|262061|735409||50372.15625|330||33000|330|50372.15625|8880c0|HVN956|0|2546|0|||3|3|0|1|1|132|147|["132,146,5,1777"]|636148151721560000|13:59:32:156
62|1.1|636147908704138054|8880c0|50377.15625|20.31234382941|103.25953881882|263133|735865||50377.15625|330||33006.25|330|50377.15625|8880c0|HVN956|0|2546|0|||3|3|0|1|1|132|147|["132,146,5,1777"]|636148151771560000|13:59:37:156
62|1.1|636147908754063046|8880c0|50382.140625|20.31615792492|103.27013352857|264238|736303||50382.140625|330||33006.25|330|50382.140625|8880c0|HVN956|0|2546|0|||3|3|0|1|1|132|147|["132,146,5,1777"]|636148151821410000|13:59:42:141
62|1.1|636147908803988038|8880c0|50387.140625|20.32011149509|103.28113056907|265385|736757||50387.140625|330||33006.25|330|50387.140625|8880c0|HVN956|0|2546|0|||3|3|0|1|1|132|147|["132,146,5,1777"]|636148151871410000|13:59:47:141
62|1.1|636147908853903029|8880c0|50392.140625|20.32436010781|103.29365110201|266691|737246||50392.140625|330||32968.75|330|50392.140625|8880c0|HVN956|0|2546|0|||3|3|0|1|1|132|147|["132,146,5,1777"]|636148151921410000|13:59:52:141
62|1.1|636147908903978036|8880c0|50397.1171875|20.32838341531|103.30508265972|267884|737709||50397.1171875|330||32956.25|330|50397.1171875|8880c0|HVN956|0|2546|0|||3|3|0|1|1|132|146|["132,146,5,1777"]|636148151971170000|13:59:57:117
62|1.1|636147908953753013|8880c0|50402.1171875|20.3322404261|103.31449183486|268864|738151||50402.1171875|330||33018.75|330|50402.1171875|8880c0|HVN956|0|2546|0|||3|3|0|1|1|132|147|["132,146,5,1777"]|636148152021170000|14:00:02:117
62|1.1|636147909003668004|8880c0|50407.1015625|20.33652122528|103.32655102854|270122|738643||50407.1015625|330||32987.5|330|50407.1015625|8880c0|HVN956|0|2546|0|||3|3|0|1|1|132|147|["132,146,5,1777"]|636148152071020000|14:00:07:102
62|1.1|636147909053612998|8880c0|50412.1015625|20.34051234632|103.3376875437|271283|739102||50412.1015625|330||32987.5|330|50412.1015625|8880c0|HVN956|0|2546|0|||3|3|0|1|1|132|146|["132,146,5,1777"]|636148152121020000|14:00:12:102
62|1.1|636147909103527989|8880c0|50417.1015625|20.34460539115|103.34898499116|272461|739572||50417.1015625|330||32981.25|330|50417.1015625|8880c0|HVN956|0|2546|0|||3|3|0|1|1|132|146|["132,146,5,1777"]|636148152171020000|14:00:17:102
62|1.1|636147909153432979|8880c0|50422.078125|20.34868234275|103.36027707421|273639|740041||50422.078125|330||32981.25|330|50422.078125|8880c0|HVN956|0|2546|0|||3|3|0|1|1|132|146|["132,146,5,1777"]|636148152220780000|14:00:22:078
62|1.1|636147909203357971|8880c0|50427.078125|20.35280757404|103.37167108105|274827|740516||50427.078125|330||32975|330|50427.078125|8880c0|HVN956|0|2546|0|||3|3|0|1|1|132|146|["132,146,5,1777"]|636148152270780000|14:00:27:078
62|1.1|636147909253282963|8880c0|50432.0625|20.35623006762|103.38029705233|275726|740908||50432.0625|330||33018.75|330|50432.0625|8880c0|HVN956|0|2546|0|||3|3|0|1|1|132|146|["132,146,5,1777"]|636148152320630000|14:00:32:063
62|1.1|636147909303207955|8880c0|50437.0625|20.36008707841|103.39109024525|276851|741352||50437.0625|330||33012.5|330|50437.0625|8880c0|HVN956|0|2546|0|||3|3|0|1|1|132|146|["132,146,5,1777"]|636148152370630000|14:00:37:063
62|1.1|636147909353122946|8880c0|50442.0625|20.3641050215|103.40184052289|277972|741814||50442.0625|330||33006.25|330|50442.0625|8880c0|HVN956|0|2546|0|||3|3|0|1|1|132|147|["132,146,5,1777"]|636148152420630000|14:00:42:063
62|1.1|636147909403047938|8880c0|50447.0390625|20.36808004931|103.41260689376|279094|742271||50447.0390625|330||33037.5|330|50447.0390625|8880c0|HVN956|0|2546|0|||3|3|0|1|1|132|146|["132,146,5,1777"]|636148152470390000|14:00:47:039
62|1.1|636147909452972930|8880c0|50452.0390625|20.37198533979|103.42298702711|280176|742720||50452.0390625|330||33037.5|330|50452.0390625|8880c0|HVN956|0|2546|0|||3|3|0|1|1|132|146|["132,146,5,1777"]|636148152520390000|14:00:52:039
62|1.1|636147909502887921|8880c0|50457.015625|20.37640024922|103.43636586565|281572|743230||50457.015625|330||32975|330|50457.015625|8880c0|HVN956|0|2546|0|||3|3|0|1|1|132|147|["132,146,5,1777"]|636148152570160000|14:00:57:016
62|1.1|636147909552812913|8880c0|50462.015625|20.38042892113|103.44698203304|282678|743693||50462.015625|330||32993.75|330|50462.015625|8880c0|HVN956|0|2546|0|||3|3|0|1|1|132|147|["132,146,5,1777"]|636148152620160000|14:01:02:016
62|1.1|636147909602727904|8880c0|50467.015625|20.38445759304|103.45812927702|283840|744157||50467.015625|330||32993.75|330|50467.015625|8880c0|HVN956|0|2546|0|||3|3|0|1|1|132|147|["132,146,5,1777"]|636148152670160000|14:01:07:016
62|1.1|636147909652652896|8880c0|50472|20.38855600228|103.46949646181|285024|744629||50472|330||33000|330|50472|8880c0|HVN956|0|2546|0|||3|3|0|1|1|132|147|["132,146,5,1777"]|636148152720000000|14:01:12:000
62|1.1|636147909702577888|8880c0|50477|20.39236473338|103.47971029845|286089|745067||50477|330||33006.25|330|50477|8880c0|HVN956|0|2546|0|||3|3|0|1|1|132|147|["132,146,5,1777"]|636148152770000000|14:01:17:000
62|1.1|636147909752502880|8880c0|50481.9765625|20.39632366796|103.49055177106|287219|745522||50481.9765625|330||33018.75|330|50481.9765625|8880c0|HVN956|0|2546|0|||3|3|0|1|1|132|146|["132,146,5,1777"]|636148152819770000|14:01:21:977
62|1.1|636147909802427872|8880c0|50486.9765625|20.4005830095|103.50292210052|288508|746014||50486.9765625|330||32987.5|330|50486.9765625|8880c0|HVN956|0|2546|0|||3|3|0|1|1|132|147|["132,146,5,1777"]|636148152869770000|14:01:26:977
62|1.1|636147909852342863|8880c0|50491.9765625|20.40485844427|103.51485254836|289752|746507||50491.9765625|330||32975|330|50491.9765625|8880c0|HVN956|0|2546|0|||3|3|0|1|1|132|147|["132,146,5,1777"]|636148152919770000|14:01:31:977
62|1.1|636147909902267855|8880c0|50496.9609375|20.40832385313|103.52300645156|290601|746904||50496.9609375|330||33012.5|330|50496.9609375|8880c0|HVN956|0|2546|0|||3|3|0|1|1|132|147|["132,146,5,1777"]|636148152969610000|14:01:36:961
62|1.1|636147909952182846|8880c0|50501.9609375|20.41251345734|103.53497445027|291848|747388||50501.9609375|330||33000|330|50501.9609375|8880c0|HVN956|0|2546|0|||3|3|0|1|1|132|147|["132,146,5,1777"]|636148153019610000|14:01:41:961
62|1.1|636147910002107838|8880c0|50506.9375|20.41633291726|103.54547260064|292942|747828||50506.9375|330||33000|330|50506.9375|8880c0|HVN956|0|2546|0|||3|3|0|1|1|132|147|["132,146,5,1777"]|636148153069380000|14:01:46:938
62|1.1|636147910052022829|8880c0|50511.9375|20.42028112302|103.55631407325|294071|748283||50511.9375|330||33006.25|330|50511.9375|8880c0|HVN956|0|2546|0|||3|3|0|1|1|132|146|["132,146,5,1777"]|636148153119380000|14:01:51:938
62|1.1|636147910101947821|8880c0|50516.9375|20.42399865915|103.56664592691|295148|748712||50516.9375|330||33012.5|330|50516.9375|8880c0|HVN956|0|2546|0|||3|3|0|1|1|132|147|["132,146,5,1777"]|636148153169380000|14:01:56:938
62|1.1|636147910151872813|8880c0|50521.921875|20.42788249199|103.57721917902|296250|749160||50521.921875|330||33018.75|330|50521.921875|8880c0|HVN956|0|2546|0|||3|3|0|1|1|132|147|["132,146,5,1777"]|636148153219220000|14:02:01:922
62|1.1|636147910201787804|8880c0|50526.921875|20.43166976545|103.58815721101|297389|749597||50526.921875|330||33000|330|50526.921875|8880c0|HVN956|0|2546|0|||3|3|0|1|1|132|146|["132,146,5,1777"]|636148153269220000|14:02:06:922
62|1.1|636147910251722797|8880c0|50531.8984375|20.43617050544|103.60111226116|298739|750117||50531.8984375|330||32968.75|330|50531.8984375|8880c0|HVN956|0|2546|0|||3|3|0|1|1|132|147|["132,146,5,1777"]|636148153318980000|14:02:11:898
62|1.1|636147910301637788|8880c0|50536.8984375|20.44002751623|103.61227023396|299902|750563||50536.8984375|330||32937.5|330|50536.8984375|8880c0|HVN956|0|2546|0|||3|3|0|1|1|132|146|["132,146,5,1777"]|636148153368980000|14:02:16:898
62|1.1|636147910351552779|8880c0|50541.8984375|20.44442096802|103.62357841024|301079|751069||50541.8984375|330||32981.25|330|50541.8984375|8880c0|HVN956|0|2546|0|||3|3|0|1|1|132|147|["132,146,5,1777"]|636148153418980000|14:02:21:898
62|1.1|636147910401477771|8880c0|50546.875|20.44847646198|103.63490267975|302259|751537||50546.875|330||32981.25|330|50546.875|8880c0|HVN956|0|2546|0|||3|3|0|1|1|132|146|["132,146,5,1777"]|636148153468750000|14:02:26:875
62|1.1|636147910451402763|8880c0|50551.875|20.45259096445|103.64636642392|303454|752012||50551.875|330||32981.25|329.75|50551.875|8880c0|HVN956|0|2546|0|||3|3|0|1|1|132|147|["132,146,5,1777"]|636148153518750000|14:02:31:875
62|1.1|636147910501327755|8880c0|50556.859375|20.45632459381|103.65600626869|304457|752442||50556.859375|330||33000|330|50556.859375|8880c0|HVN956|0|2546|0|||3|3|0|1|1|132|147|["132,146,5,1777"]|636148153568590000|14:02:36:859
62|1.1|636147910551242746|8880c0|50561.859375|20.45998312143|103.66584996104|305482|752865||50561.859375|329.75||33006.25|329.75|50561.859375|8880c0|HVN956|0|2546|0|||3|3|0|1|1|132|147|["132,146,5,1777"]|636148153618590000|14:02:41:859
62|1.1|636147910601167738|8880c0|50566.859375|20.46394205601|103.67643930638|306585|753321||50566.859375|330||33025|330|50566.859375|8880c0|HVN956|0|2546|0|||3|3|0|1|1|132|146|["132,146,5,1777"]|636148153668590000|14:02:46:859
62|1.1|636147910651102731|8880c0|50571.8359375|20.46798145674|103.68823027956|307813|753789||50571.8359375|329.75||32975|330|50571.8359375|8880c0|HVN956|0|2546|0|||3|3|0|1|1|132|147|["132,146,5,1777"]|636148153718360000|14:02:51:836
62|1.1|636147910701007721|8880c0|50576.8359375|20.47179018784|103.69850312471|308883|754228||50576.8359375|329.75||32981.25|329.75|50576.8359375|8880c0|HVN956|0|2546|0|||3|3|0|1|1|132|147|["132,146,5,1777"]|636148153768360000|14:02:56:836
62|1.1|636147910750932713|8880c0|50581.8203125|20.47569011391|103.70918366502|309995|754678||50581.8203125|329.5||32981.25|329.5|50581.8203125|8880c0|HVN956|0|2546|0|||3|3|0|1|1|132|146|["132,146,5,1777"]|636148153818200000|14:03:01:820
62|1.1|636147910800847704|8880c0|50586.8203125|20.47994945545|103.72221918132|311353|755173||50586.8203125|328.75||32831.25|328|50586.8203125|8880c0|HVN956|0|2546|0|||3|3|0|1|1|132|146|["132,146,5,1777"]|636148153868200000|14:03:06:820
62|1.1|636147910850782697|8880c0|50591.8203125|20.48361871189|103.73152643267|312322|755596||50591.8203125|327.5||32768.75|327.25|50591.8203125|8880c0|HVN956|0|2546|-825|||3|3|2|1|1|132|147|["132,146,5,1777"]|636148153918200000|14:03:11:820
62|1.1|636147910900697688|8880c0|50596.796875|20.48752400237|103.74220697298|313434|756047||50596.796875|327.25||32731.25|326.75|50596.796875|8880c0|HVN956|0|2546|-825|||3|3|2|1|1|132|146|["132,146,5,1777"]|636148153967970000|14:03:16:797
62|1.1|636147910950622680|8880c0|50601.796875|20.49144538608|103.7528392336|314541|756500||50601.796875|326.5||32681.25|326|50601.796875|8880c0|HVN956|0|2546|-843.75|||3|3|2|1|1|132|146|["132,146,5,1777"]|636148154017970000|14:03:21:797
62|1.1|636147911000537671|8880c0|50606.78125|20.49573691408|103.76573527524|315884|756998||50606.78125|325.5||32468.75|325|50606.78125|8880c0|HVN956|0|2546|-943.75|||3|3|2|1|1|132|146|["132,146,5,1777"]|636148154067810000|14:03:26:781
62|1.1|636147911050462663|8880c0|50611.78125|20.50002844208|103.77753697724|317113|757494||50611.78125|324.75||32362.5|324|50611.78125|8880c0|HVN956|0|2546|-1025|||3|3|2|1|1|132|146|["132,146,5,1777"]|636148154117810000|14:03:31:781
62|1.1|636147911100377654|8880c0|50616.78125|20.50370306293|103.78654382163|318050|757918||50616.78125|324||32375|323.25|50616.78125|8880c0|HVN956|0|2546|-943.75|||3|3|2|1|1|132|146|["132,146,5,1777"]|636148154167810000|14:03:36:781
62|1.1|636147911150302646|8880c0|50621.7578125|20.50716847179|103.79624267491|319060|758319||50621.7578125|323||32300|322.75|50621.7578125|8880c0|HVN956|0|2546|-887.5|||3|3|2|1|1|132|147|["132,146,5,1777"]|636148154217580000|14:03:41:758
62|1.1|636147911200237639|8880c0|50626.7578125|20.51098793171|103.80713779162|320194|758761||50626.7578125|322.25||32212.5|322|50626.7578125|8880c0|HVN956|0|2546|-887.5|||3|3|2|1|1|132|147|["132,146,5,1777"]|636148154267580000|14:03:46:758
62|1.1|636147911250152630|8880c0|50631.7421875|20.51479666281|103.81808655243|321334|759203||50631.7421875|321.5||32118.75|321|50631.7421875|8880c0|HVN956|0|2546|-906.25|||3|3|2|1|1|132|147|["132,146,5,1777"]|636148154317420000|14:03:51:742
62|1.1|636147911300067621|8880c0|50636.7421875|20.51853565658|103.82846668578|322415|759635||50636.7421875|321||32050|320.25|50636.7421875|8880c0|HVN956|0|2546|-906.25|||3|3|2|1|1|132|146|["132,146,5,1777"]|636148154367420000|14:03:56:742
62|1.1|636147911349992613|8880c0|50641.7421875|20.52231220122|103.8389380141|323505|760072||50641.7421875|320.25||31962.5|319.5|50641.7421875|8880c0|HVN956|0|2546|-906.25|||3|3|2|1|1|132|146|["132,146,5,1777"]|636148154417420000|14:04:01:742
62|1.1|636147911399917605|8880c0|50646.71875|20.5267002886|103.85160875052|324824|760581||50646.71875|319||31843.75|318.75|50646.71875|8880c0|HVN956|0|2546|-925|||3|3|2|1|1|132|147|["132,146,5,1777"]|636148154467190000|14:04:06:719
62|1.1|636147911449832596|8880c0|50651.71875|20.53098108778|103.86362502892|326074|761077||50651.71875|318.25||31750|318|50651.71875|8880c0|HVN956|0|2546|-943.75|||3|3|2|1|1|132|147|["132,146,5,1777"]|636148154517190000|14:04:11:719
62|1.1|636147911499757588|8880c0|50656.6953125|20.53494538677|103.87410708606|327165|761536||50656.6953125|317.5||31712.5|317.25|50656.6953125|8880c0|HVN956|0|2546|-962.5|||3|3|2|1|1|132|147|["132,146,5,1777"]|636148154566950000|14:04:16:695
62|1.1|636147911549682580|8880c0|50661.6953125|20.53854490588|103.883408973|328133|761952||50661.6953125|316.75||31662.5|316.25|50661.6953125|8880c0|HVN956|0|2546|-962.5|||3|3|2|1|1|132|147|["132,146,5,1777"]|636148154616950000|14:04:21:695
62|1.1|636147911599597571|8880c0|50666.6953125|20.54220879791|103.89359598759|329193|762376||50666.6953125|316.25||31600|315.5|50666.6953125|8880c0|HVN956|0|2546|-943.75|||3|3|2|1|1|132|146|["132,146,5,1777"]|636148154666950000|14:04:26:695
62|1.1|636147911649522563|8880c0|50671.6796875|20.54654324119|103.90649739364|330536|762880||50671.6796875|314.75||31437.5|314.75|50671.6796875|8880c0|HVN956|0|2546|-1006.25|||3|3|2|1|1|132|147|["132,146,5,1777"]|636148154716800000|14:04:31:680
62|1.1|636147911699447555|8880c0|50676.6796875|20.55073820981|103.91837419738|331772|763366||50676.6796875|314.25||31350|314|50676.6796875|8880c0|HVN956|0|2546|-981.25|||3|3|2|1|1|132|147|["132,146,5,1777"]|636148154766800000|14:04:36:680
62|1.1|636147911749362546|8880c0|50681.65625|20.55493854284|103.92999887385|332982|763853||50681.65625|313.5||31268.75|313.25|50681.65625|8880c0|HVN956|0|2546|-943.75|||3|3|2|1|1|132|147|["132,146,5,1777"]|636148154816560000|14:04:41:656
62|1.1|636147911799287538|8880c0|50686.65625|20.5588867486|103.94058285478|334083|764310||50686.65625|313||31225|312.5|50686.65625|8880c0|HVN956|0|2546|-943.75|||3|3|2|1|1|132|146|["132,146,5,1777"]|636148154866560000|14:04:46:656
62|1.1|636147911849212530|8880c0|50691.65625|20.56251308976|103.94961652122|335022|764729||50691.65625|312.25||31225|311.5|50691.65625|8880c0|HVN956|0|2546|-943.75|||3|3|2|1|1|132|146|["132,146,5,1777"]|636148154916560000|14:04:51:656
62|1.1|636147911899137522|8880c0|50696.640625|20.56590876129|103.95960505264|336062|765124||50696.640625|311||31112.5|311|50696.640625|8880c0|HVN956|0|2546|-906.25|||3|3|2|1|1|132|147|["132,146,5,1777"]|636148154966410000|14:04:56:641
62|1.1|636147911949052513|8880c0|50701.640625|20.57007690786|103.971921738|337344|765608||50701.640625|310.25||30981.25|310|50701.640625|8880c0|HVN956|0|2546|-962.5|||3|3|2|1|1|132|147|["132,146,5,1777"]|636148155016410000|14:05:01:641
62|1.1|636147911998977505|8880c0|50706.6171875|20.57426651207|103.98412040634|338613|766095||50706.6171875|309.75||30868.75|309.25|50706.6171875|8880c0|HVN956|0|2546|-962.5|||3|3|2|1|1|132|147|["132,146,5,1777"]|636148155066170000|14:05:06:617
62|1.1|636147912048892496|8880c0|50711.6171875|20.57840783659|103.99502088746|339747|766575||50711.6171875|309||30806.25|308.5|50711.6171875|8880c0|HVN956|0|2546|-981.25|||3|3|2|1|1|132|146|["132,146,5,1777"]|636148155116170000|14:05:11:617
62|1.1|636147912098827489|8880c0|50716.6171875|20.58220583887|104.00449979993|340733|767014||50716.6171875|308.25||30793.75|307.5|50716.6171875|8880c0|HVN956|0|2546|-981.25|||3|3|2|1|1|132|146|["132,146,5,1777"]|636148155166170000|14:05:16:617
62|1.1|636147912148742480|8880c0|50721.6015625|20.58591264618|104.01482092477|341806|767444||50721.6015625|307.5||30712.5|306.75|50721.6015625|8880c0|HVN956|0|2546|-981.25|||3|3|2|1|1|132|146|["132,146,5,1777"]|636148155216020000|14:05:21:602
62|1.1|636147912198667472|8880c0|50726.6015625|20.5898930384|104.02638659273|343009|767907||50726.6015625|306.25||30606.25|306|50726.6015625|8880c0|HVN956|0|2546|-925|||3|3|2|1|1|132|147|["132,146,5,1777"]|636148155266020000|14:05:26:602
62|1.1|636147912248592464|8880c0|50731.578125|20.59367494745|104.03706176863|344120|768346||50731.578125|305.5||30525|305.25|50731.578125|8880c0|HVN956|0|2546|-962.5|||3|3|2|1|1|132|147|["132,146,5,1777"]|636148155315780000|14:05:31:578
62|1.1|636147912298507455|8880c0|50736.578125|20.59747831414|104.04770475807|345227|768788||50736.578125|304.75||30456.25|304.5|50736.578125|8880c0|HVN956|0|2546|-962.5|||3|3|2|1|1|132|147|["132,146,5,1777"]|636148155365780000|14:05:36:578
62|1.1|636147912348432447|8880c0|50741.578125|20.60132459611|104.05848185776|346348|769235||50741.578125|304.25||30381.25|303.75|50741.578125|8880c0|HVN956|0|2546|-962.5|||3|3|2|1|1|132|146|["132,146,5,1777"]|636148155415780000|14:05:41:578
62|1.1|636147912398347438|8880c0|50746.5625|20.60560539529|104.07129206884|347681|769734||50746.5625|303.25||30237.5|302.75|50746.5625|8880c0|HVN956|0|2546|-943.75|||3|3|2|1|1|132|147|["132,146,5,1777"]|636148155465630000|14:05:46:563
62|1.1|636147912448272430|8880c0|50751.5625|20.60993447416|104.08370531358|348972|770238||50751.5625|302.5||30143.75|302|50751.5625|8880c0|HVN956|0|2546|-943.75|||3|3|2|1|1|132|147|["132,146,5,1777"]|636148155515630000|14:05:51:563
62|1.1|636147912498187421|8880c0|50756.5390625|20.61387731551|104.09394060786|350036|770694||50756.5390625|301.75||30100|301.25|50756.5390625|8880c0|HVN956|0|2546|-981.25|||3|3|2|1|1|132|146|["132,146,5,1777"]|636148155565390000|14:05:56:539
62|1.1|636147912548112413|8880c0|50761.5390625|20.61797572475|104.10504493656|351190|771170||50761.5390625|301||30018.75|300.25|50761.5390625|8880c0|HVN956|0|2546|-1006.25|||3|3|2|1|1|132|146|["132,146,5,1777"]|636148155615390000|14:06:01:539
62|1.1|636147912598037405|8880c0|50766.5390625|20.62182737113|104.11485107804|352210|771616||50766.5390625|300.25||29993.75|299.5|50766.5390625|8880c0|HVN956|0|2546|-962.5|||3|3|2|1|1|132|146|["132,146,5,1777"]|636148155665390000|14:06:06:539
62|1.1|636147912647952396|8880c0|50771.515625|20.62608671267|104.12715167017|353489|772112||50771.515625|299||29862.5|298.75|50771.515625|8880c0|HVN956|0|2546|-943.75|||3|3|2|1|1|132|147|["132,146,5,1777"]|636148155715160000|14:06:11:516
62|1.1|636147912697877388|8880c0|50776.515625|20.63009929135|104.13844911763|354664|772579||50776.515625|298.75||29775|298|50776.515625|8880c0|HVN956|0|2546|-943.75|||3|3|2|1|1|132|146|["132,146,5,1777"]|636148155765160000|14:06:16:516
62|1.1|636147912747802380|8880c0|50781.5|20.63358079344|104.14711800419|355564|772982||50781.5|297.5||29743.75|297.25|50781.5|8880c0|HVN956|0|2546|-981.25|||3|3|2|1|1|132|147|["132,146,5,1777"]|636148155815000000|14:06:21:500
62|1.1|636147912797717371|8880c0|50786.5|20.63750754156|104.15762688338|356657|773438||50786.5|297||29681.25|296.25|50786.5|8880c0|HVN956|0|2546|-981.25|||3|3|2|1|1|132|146|["132,146,5,1777"]|636148155865000000|14:06:26:500
62|1.1|636147912847642363|8880c0|50791.5|20.64145038291|104.16804993201|357740|773895||50791.5|296.25||29600|295.5|50791.5|8880c0|HVN956|0|2546|-981.25|||3|3|2|1|1|132|146|["132,146,5,1777"]|636148155915000000|14:06:31:500
62|1.1|636147912897567355|8880c0|50796.4765625|20.64577409737|104.18254993224|359250|774403||50796.4765625|295.5||29418.75|294.75|50796.4765625|8880c0|HVN956|0|2546|-1006.25|||3|3|2|1|1|132|146|["132,146,5,1777"]|636148155964770000|14:06:36:477
62|1.1|636147912947492347|8880c0|50801.4765625|20.64989396425|104.19437845629|360480|774883||50801.4765625|294.5||29331.25|293.75|50801.4765625|8880c0|HVN956|0|2546|-1006.25|||3|3|2|1|1|132|146|["132,146,5,1777"]|636148156014770000|14:06:41:477
62|1.1|636147912997417339|8880c0|50806.4609375|20.65405674641|104.20605141245|361693|775368||50806.4609375|293.75||29231.25|293|50806.4609375|8880c0|HVN956|0|2546|-981.25|||3|3|2|1|1|132|146|["132,146,5,1777"]|636148156064610000|14:06:46:461
62|1.1|636147913047332330|8880c0|50811.4609375|20.65797813012|104.21748833457|362882|775825||50811.4609375|293.75||29137.5|292.25|50811.4609375|8880c0|HVN956|0|2546|-981.25|||3|3|2|1|1|132|146|["132,146,5,1777"]|636148156114610000|14:06:51:461
62|1.1|636147913097257322|8880c0|50816.4609375|20.66164738656|104.22584608535|363750|776249||50816.4609375|292||29181.25|291.5|50816.4609375|8880c0|HVN956|0|2546|-962.5|||3|3|2|1|1|132|147|["132,146,5,1777"]|636148156164610000|14:06:56:461
62|1.1|636147913147172313|8880c0|50821.4375|20.66555267704|104.23686458349|364895|776704||50821.4375|291.25||29093.75|290.75|50821.4375|8880c0|HVN956|0|2546|-943.75|||3|3|2|1|1|132|147|["132,146,5,1777"]|636148156214380000|14:07:01:438
62|1.1|636147913197097305|8880c0|50826.4375|20.66980665417|104.24964260811|366224|777201||50826.4375|290.25||28931.25|289.75|50826.4375|8880c0|HVN956|0|2546|-1006.25|||3|3|2|1|1|132|147|["132,146,5,1777"]|636148156264380000|14:07:06:438
62|1.1|636147913247012296|8880c0|50831.421875|20.6735778344|104.25953994456|367252|777639||50831.421875|289.5||28893.75|288.75|50831.421875|8880c0|HVN956|0|2546|-1043.75|||3|3|2|1|1|132|147|["132,146,5,1777"]|636148156314220000|14:07:11:422
62|1.1|636147913296937288|8880c0|50836.421875|20.67724709084|104.26992544232|368331|778067||50836.421875|288.75||28812.5|288|50836.421875|8880c0|HVN956|0|2546|-1062.5|||3|3|2|1|1|132|146|["132,146,4,1777"]|636148156364220000|14:07:16:422
62|1.1|636147913346862280|8880c0|50841.421875|20.68105582194|104.28066499114|369448|778511||50841.421875|288.75||28737.5|287|50841.421875|8880c0|HVN956|0|2546|-1062.5|||3|3|2|1|1|132|146|["132,146,4,1777"]|636148156414220000|14:07:21:422
62|1.1|636147913396797273|8880c0|50846.3984375|20.68517568882|104.2926061678|370689|778992||50846.3984375|287||28625|286.25|50846.3984375|8880c0|HVN956|0|2546|-1006.25|||3|3|2|1|1|132|147|["132,146,4,1777"]|636148156463980000|14:07:26:398
62|1.1|636147913446712264|8880c0|50851.3984375|20.68899514874|104.30367831004|371840|779438||50851.3984375|287||28537.5|285.5|50851.3984375|8880c0|HVN956|0|2546|-1006.25|||3|3|2|1|1|132|147|["132,146,4,1777"]|636148156513980000|14:07:31:398
62|1.1|636147913496627255|8880c0|50856.375|20.69281460866|104.31478263874|372994|779884||50856.375|287||28443.75|284.75|50856.375|8880c0|HVN956|0|2546|-1006.25|||3|3|2|1|1|132|147|[]|636148156563750000|14:07:36:375
62|1.1|636147913546552247|8880c0|50861.375|20.69666625504|104.32595670477|374156|780334||50861.375|287||28356.25|283.75|50861.375|8880c0|HVN956|0|2546|-1006.25|||3|3|2|1|1|132|147|[]|636148156613750000|14:07:41:375
62|1.1|636147913571504742|X|50863.5625||||||||||||X|X|X|2546|||||||1|1|0|0|[]|636148156635630000|14:07:43:563
