62|1.1|636147897450232776|1984|49251.78125|6.34259407027|97.04225736615|-411911|-811017||49251.78125|380||38287.5|380.25|49251.78125|X|X|0|1984|0|||3|3|0|1|1|132|66|["132,66,2"]|636148140517810000|13:40:51:781
62|1.1|636147897500157768|1984|49256.7578125|6.34611848764|97.03103502043|-413155|-810611||49256.7578125|380||38268.75|380.25|49256.7578125|X|X|0|1984|0|||3|3|0|1|1|132|66|["132,66,2"]|636148140567580000|13:40:56:758
62|1.1|636147897550072759|1984|49261.7578125|6.34959462532|97.01989850527|-414388|-810210||49261.7578125|380||38250|380|49261.7578125|X|X|0|1984|0|||3|3|0|1|1|132|66|["132,66,2"]|636148140617580000|13:41:01:758
62|1.1|636147897599997751|1984|49266.7421875|6.353070763|97.00871907483|-415627|-809810||49266.7421875|380||38218.75|380|49266.7421875|X|X|0|1984|0|||3|3|0|1|1|132|66|["132,66,2"]|636148140667420000|13:41:06:742
62|1.1|636147897649922743|1984|49271.7421875|6.35642351925|96.99767375464|-416851|-809423||49271.7421875|380||38175|380|49271.7421875|X|X|0|1984|0|||3|3|0|1|1|132|66|["132,66,2"]|636148140717420000|13:41:11:742
62|1.1|636147897699847735|1984|49276.7421875|6.35994793662|96.98637630718|-418103|-809017||49276.7421875|380||38156.25|380|49276.7421875|X|X|0|1984|0|||3|3|0|1|1|132|66|["132,66,2"]|636148140767420000|13:41:16:742
62|1.1|636147897749762726|1984|49281.71875|6.36322022672|96.9754436396|-419315|-808639||49281.71875|380||38118.75|380|49281.71875|X|X|0|1984|0|||3|3|0|1|1|132|66|["132,66,2"]|636148140817190000|13:41:21:719
62|1.1|636147897799687718|1984|49286.71875|6.36651397446|96.964392955|-420539|-808259||49286.71875|380||38075|380|49286.71875|X|X|0|1984|0|||3|3|0|1|1|132|66|["132,66,2"]|636148140867190000|13:41:26:719
62|1.1|636147897849602709|1984|49291.6953125|6.36982381543|96.95334763481|-421763|-807877||49291.6953125|380||38050|380|49291.6953125|X|X|0|1984|0|||3|3|0|1|1|132|66|["132,66,2"]|636148140916950000|13:41:31:695
62|1.1|636147897899537702|1984|49296.6953125|6.37302100379|96.94238814518|-422977|-807507||49296.6953125|380||38006.25|380|49296.6953125|X|X|0|1984|0|||3|3|0|1|1|132|66|["132,66,2"]|636148140966950000|13:41:36:695
62|1.1|636147897949452693|1984|49301.6953125|6.37634693799|96.93128918089|-424207|-807123||49301.6953125|380||37987.5|380|49301.6953125|X|X|0|1984|0|||3|3|0|1|1|132|66|["132,66,2"]|636148141016950000|13:41:41:695
62|1.1|636147897999367684|1984|49306.6796875|6.37956021958|96.92030823362|-425424|-806752||49306.6796875|380||37956.25|380|49306.6796875|X|X|0|1984|0|||3|3|0|1|1|132|66|["132,66,2"]|636148141066800000|13:41:46:680
62|1.1|636147898049292676|1984|49311.6796875|6.38274667912|96.90937556604|-426636|-806383||49311.6796875|380||37925|380|49311.6796875|X|X|0|1984|0|||3|3|0|1|1|132|66|["132,66,2"]|636148141116800000|13:41:51:680
62|1.1|636147898099217668|1984|49316.65625|6.38601360481|96.89838925436|-427853|-806006||49316.65625|380||37918.75|380|49316.65625|X|X|0|1984|0|||3|3|0|1|1|132|66|["132,66,2"]|636148141166560000|13:41:56:656
62|1.1|636147898149142660|1984|49321.65625|6.38920006435|96.88744049355|-429066|-805637||49321.65625|380||37893.75|380|49321.65625|X|X|0|1984|0|||3|3|0|1|1|132|66|["132,66,2"]|636148141216560000|13:42:01:656
62|1.1|636147898199057651|1984|49326.65625|6.3923918883|96.87648100392|-430281|-805268||49326.65625|380||37875|380|49326.65625|X|X|0|1984|0|||3|3|0|1|1|132|66|["132,66,2"]|636148141266560000|13:42:06:656
62|1.1|636147898248992644|1984|49331.640625|6.39563199194|96.86548396342|-431500|-804894||49331.640625|380||37862.5|380|49331.640625|X|X|0|1984|0|||3|3|0|1|1|132|66|["132,66,2"]|636148141316410000|13:42:11:641
62|1.1|636147898298907635|1984|49336.640625|6.3988828244|96.85443327882|-432724|-804518||49336.640625|380||37856.25|380|49336.640625|X|X|0|1984|0|||3|3|0|1|1|132|66|["132,66,2"]|636148141366410000|13:42:16:641
