62|1.1|636147912136261232|750041|50719.5390625|5.2869479196|102.05991726816|146131|-930360||50719.5390625|||0|||750041|X|X|2803|||||||1|1|132|50|["132,50,4"]|636148155195390000|14:05:19:539
62|1.1|636147912176825288|750041|50724.421875|5.29251617718|102.06038933624|146181|-929741||50724.421875|||0|||750041|X|X|2803|||||||1|1|132|50|["132,50,4"]|636148155244220000|14:05:24:422
62|1.1|636147912226750280|750041|50729.3984375|5.29855113843|102.061118896|146260|-929069||50729.3984375|||0|||750041|X|X|2803|||||||1|1|132|50|["132,50,4"]|636148155293980000|14:05:29:398
62|1.1|636147912276665271|750041|50734.3984375|5.30510108304|102.05985289524|146116|-928341||50734.3984375|150||14525|||750041|X|0|2803||||3|3|3|1|1|132|50|["132,50,5"]|636148155343980000|14:05:34:398
62|1.1|636147912326580262|750041|50739.375|5.30840019519|102.05900531846|146020|-927975||50739.375|150||14931.25|150.25|50739.375|750041|9MFYF|0|2803|0|||3|3|0|1|1|132|50|["132,50,5"]|636148155393750000|14:05:39:375
62|1.1|636147912376505254|750041|50744.375|5.31368950345|102.05939155598|146061|-927387||50744.375|150||14975|150.25|50744.375|750041|9MFYF|0|2803|0|||3|3|0|1|1|132|50|["132,50,5"]|636148155443750000|14:05:44:375
62|1.1|636147912426430246|750041|50749.375|5.32050230415|102.06066292115|146199|-926628||50749.375|150||14956.25|150|50749.375|750041|9MFYF|0|2803|0|||3|3|0|1|1|132|50|["132,50,5"]|636148155493750000|14:05:49:375
62|1.1|636147912476345237|750041|50754.359375|5.32666601124|102.06174653197|146318|-925943||50754.359375|150||14987.5|150.25|50754.359375|750041|9MFYF|0|2803|0|||3|3|0|1|1|132|50|["132,50,5"]|636148155543590000|14:05:54:359
62|1.1|636147912526270229|750041|50759.359375|5.3321698959|102.06209521862|146354|-925331||50759.359375|150||14987.5|150|50759.359375|750041|9MFYF|0|2803|0|||3|3|0|1|1|132|50|["132,50,5"]|636148155593590000|14:05:59:359
62|1.1|636147912576195221|750041|50764.3359375|5.33841406914|102.06308763447|146462|-924636||50764.3359375|150||15000|150|50764.3359375|750041|9MFYF|0|2803|0|||3|3|0|1|1|132|50|["132,50,5"]|636148155643360000|14:06:04:336
62|1.1|636147912626120213|750041|50769.3359375|5.34411107256|102.06344704994|146500|-924003||50769.3359375|150||14981.25|150|50769.3359375|750041|9MFYF|0|2803|0|||3|3|0|1|1|132|50|["132,50,5"]|636148155693360000|14:06:09:336
62|1.1|636147912676035204|750041|50774.3359375|5.34963641486|102.06400494858|146560|-923388||50774.3359375|150||14993.75|150|50774.3359375|750041|9MFYF|0|2803|0|||3|3|0|1|1|132|50|["132,50,5"]|636148155743360000|14:06:14:336
62|1.1|636147912725960196|750041|50779.3203125|5.35594496102|102.06502418648|146671|-922686||50779.3203125|150||14987.5|150|50779.3203125|750041|9MFYF|0|2803|0|||3|3|0|1|1|132|50|["132,50,5"]|636148155793200000|14:06:19:320
62|1.1|636147912775885188|750041|50784.3203125|5.36154540506|102.06563036481|146736|-922063||50784.3203125|150||15006.25|150|50784.3203125|750041|9MFYF|0|2803|0|||3|3|0|1|1|132|50|["132,50,5"]|636148155843200000|14:06:24:320
62|1.1|636147912825800179|750041|50789.296875|5.36714048469|102.06624190755|146801|-921441||50789.296875|150||15012.5|150|50789.296875|750041|9MFYF|0|2803|0|||3|3|0|1|1|132|50|[]|636148155892970000|14:06:29:297
62|1.1|636147912875745173|750041|50794.296875|5.37275702196|102.06684272147|146866|-920816||50794.296875|150||15025|150|50794.296875|750041|9MFYF|0|2803|0|||3|3|0|1|1|132|50|[]|636148155942970000|14:06:34:297
62|1.1|636147912925650163|X|50799.296875||||||||||||X|X|X|2803|||||||1|1|0|0|[]|636148155992970000|14:06:39:297
62|1.1|636147913315659160|750041|50837.2578125|5.42306445894|102.07057098642|147260|-915221||50837.2578125|148.5||14768.75|||750041|X|0|2929||||3|3|3|1|1|132|50|["132,50,5"]|636148156372580000|14:07:17:258
62|1.1|636147913325020096|750041|50839.21875|5.42304836571|102.06969658759|147163|-915224||50839.21875|148.5||14762.5|||750041|X|0|2929||||3|3|3|1|1|132|50|["132,50,5"]|636148156392190000|14:07:19:219
62|1.1|636147913374945088|750041|50844.21875|5.42930863218|102.07156340227|147368|-914527||50844.21875|148||14787.5|148.25|50844.21875|750041|9MFYF|0|2929|-631.25|||3|3|2|1|1|132|50|["132,50,5"]|636148156442190000|14:07:24:219
62|1.1|636147913424870080|750041|50849.21875|5.43163142171|102.07089821543|147293|-914269||50849.21875|148||14856.25|148.25|50849.21875|750041|9MFYF|0|2929|-631.25|||3|3|2|1|1|132|50|["132,50,5"]|636148156492190000|14:07:29:219
62|1.1|636147913474785071|750041|50854.1953125|5.43398103329|102.070238393|147218|-914008||50854.1953125|148||14931.25|148.25|50854.1953125|750041|9MFYF|0|2929|-631.25|||3|3|2|1|1|132|50|[]|636148156541950000|14:07:34:195
62|1.1|636147913524710063|750041|50859.1953125|5.43635746692|102.06956247734|147142|-913744||50859.1953125|148||15000|148.25|50859.1953125|750041|9MFYF|0|2929|-631.25|||3|3|2|1|1|132|50|[]|636148156591950000|14:07:39:195
62|1.1|636147913574635055|750041|50864.1796875|5.43872853614|102.06889192609|147066|-913481||50864.1796875|148||15075|148.25|50864.1796875|750041|9MFYF|0|2929|-631.25|||3|3|2|1|1|132|50|[]|636148156641800000|14:07:44:180
