62|1.1|636147897453353088|76cd89|49252.078125|8.55417938097|101.83100180023|119386|-567806||49252.078125|370.25||37031.25|368|49252.078125|76cd89|SLK935|0|2031|0|||3|3|0|1|1|132|83|["132,210,2,2103","132,82,5","132,50,5"]|636148140520780000|13:40:52:078
62|1.1|636147897503268079|76cd89|49257.078125|8.54398163756|101.83305100485|119616|-568936||49257.078125|370.25||37037.5|368|49257.078125|76cd89|SLK935|0|2031|0|||3|3|0|1|1|132|51|["132,210,2,2103","132,82,5","132,50,5"]|636148140570780000|13:40:57:078
62|1.1|636147897553193071|76cd89|49262.0625|8.53293095296|101.83525041295|119863|-570160||49262.0625|370||37018.75|368|49262.0625|76cd89|SLK935|0|2031|0|||3|3|0|1|1|132|210|["132,210,2,2103","132,82,5","132,50,5"]|636148140620630000|13:41:02:063
62|1.1|636147897603118063|76cd89|49267.0625|8.52244889582|101.8375302872|120119|-571320||49267.0625|370||37012.5|368|49267.0625|76cd89|SLK935|0|2031|0|||3|3|0|1|1|132|210|["132,210,2,2103","132,82,5","132,50,5"]|636148140670630000|13:41:07:063
62|1.1|636147897653043055|76cd89|49272.0625|8.51126410097|101.83974578853|120368|-572559||49272.0625|370.25||36987.5|368|49272.0625|76cd89|SLK935|0|2031|0|||3|3|0|1|1|132|83|["132,210,2,2103","132,82,5","132,50,5"]|636148140720630000|13:41:12:063
62|1.1|636147897702958046|76cd89|49277.0390625|8.50123265427|101.84182717961|120602|-573670||49277.0390625|370.25||37025|368|49277.0390625|76cd89|SLK935|0|2031|0|||3|3|0|1|1|132|83|["132,210,2,2103","132,82,5","132,50,5"]|636148140770390000|13:41:17:039
62|1.1|636147897752883038|76cd89|49282.0390625|8.49123339403|101.84373154516|120816|-574778||49282.0390625|370.25||37031.25|368|49282.0390625|76cd89|SLK935|0|2031|0|||3|3|0|1|1|132|83|["132,210,2,2103","132,82,5","132,50,5"]|636148140820390000|13:41:22:039
62|1.1|636147897802798029|76cd89|49287.015625|8.4809176336|101.84587730916|121057|-575920||49287.015625|370.25||37031.25|368|49287.015625|76cd89|SLK935|0|2031|0|||3|3|0|1|1|132|50|["132,210,2,2103","132,82,5","132,50,5"]|636148140870160000|13:41:27:016
62|1.1|636147897852723021|76cd89|49292.015625|8.47052677143|101.84801770875|121297|-577071||49292.015625|370||37012.5|368|49292.015625|76cd89|SLK935|0|2031|0|||3|3|0|1|1|132|83|["132,210,2,2103","132,82,5","132,50,5"]|636148140920160000|13:41:32:016
62|1.1|636147897902648013|76cd89|49297.015625|8.46004471429|101.85019565921|121542|-578232||49297.015625|370||37006.25|367.75|49297.015625|76cd89|SLK935|0|2031|0|||3|3|0|1|1|132|83|["132,210,2,2103","132,82,5","132,50,5"]|636148140970160000|13:41:37:016
62|1.1|636147897952563004|76cd89|49302|8.44942318249|101.85219658414|121767|-579408||49302|370||36993.75|367.75|49302|76cd89|SLK935|0|2031|0|||3|3|0|1|1|132|51|["132,210,2,2103","132,82,5","132,50,5"]|636148141020000000|13:41:42:000
62|1.1|636147898002487996|76cd89|49307|8.43895721858|101.8543745346|122012|-580567||49307|370||36993.75|367.75|49307|76cd89|SLK935|0|2031|0|||3|3|0|1|1|132|50|["132,210,2,2103","132,82,5","132,50,5"]|636148141070000000|13:41:47:000
62|1.1|636147898052412988|76cd89|49311.9765625|8.42846979703|101.85645056127|122245|-581729||49311.9765625|370||36993.75|367.75|49311.9765625|76cd89|SLK935|0|2031|0|||3|3|0|1|1|132|50|["132,210,2,2103","132,82,5","132,50,5"]|636148141119770000|13:41:51:977
62|1.1|636147898102337980|76cd89|49316.9765625|8.41785899405|101.85857486763|122484|-582904||49316.9765625|370||36987.5|367.75|49316.9765625|76cd89|SLK935|0|2031|0|||3|3|0|1|1|132|50|["132,210,2,2103","132,82,5","132,50,5"]|636148141169770000|13:41:56:977
62|1.1|636147898152252971|76cd89|49321.9765625|8.40731256399|101.86072599604|122726|-584072||49321.9765625|370||36993.75|367.75|49321.9765625|76cd89|SLK935|0|2031|0|||3|3|0|1|1|132|50|["132,210,2,2103","132,82,5","132,50,5"]|636148141219770000|13:42:01:977
62|1.1|636147898202187964|76cd89|49326.9609375|8.39581126895|101.86299514147|122981|-585346||49326.9609375|370||36968.75|367.75|49326.9609375|76cd89|SLK935|0|2031|0|||3|3|0|1|1|132|50|["132,210,2,2103","132,82,5","132,50,5"]|636148141269610000|13:42:06:961
62|1.1|636147898252102955|76cd89|49331.9609375|8.3853238474|101.86532329541|123242|-586508||49331.9609375|370||36943.75|367.75|49331.9609375|76cd89|SLK935|0|2031|0|||3|3|0|1|1|132|50|["132,210,2,2103","132,82,5","132,50,5"]|636148141319610000|13:42:11:961
62|1.1|636147898302017946|76cd89|49336.9375|8.37523339219|101.86732422034|123467|-587625||49336.9375|369.75||36975|367.75|49336.9375|76cd89|SLK935|0|2031|0|||3|3|0|1|1|132|83|["132,210,2,2103","132,82,5","132,50,5"]|636148141369380000|13:42:16:938
62|1.1|636147898351942938|76cd89|49341.9375|8.36490153853|101.86968992515|123733|-588770||49341.9375|369.75||36968.75|367.5|49341.9375|76cd89|SLK935|0|2031|0|||3|3|0|1|1|132|82|["132,210,2,2103","132,82,5","132,50,5"]|636148141419380000|13:42:21:938
62|1.1|636147898401867930|76cd89|49346.9375|8.35445166785|101.87198589263|123990|-589927||49346.9375|369.75||36950|367.5|49346.9375|76cd89|SLK935|0|2031|0|||3|3|0|1|1|132|83|["132,210,2,2103","132,82,5","132,50,5"]|636148141469380000|13:42:26:938
62|1.1|636147898451782921|76cd89|49351.921875|8.34400179717|101.87396535992|124213|-591085||49351.921875|369.75||36968.75|367.5|49351.921875|76cd89|SLK935|0|2031|0|||3|3|0|1|1|132|82|["132,210,2,2103","132,82,5","132,50,5"]|636148141519220000|13:42:31:922
62|1.1|636147898501707913|76cd89|49356.921875|8.33235566306|101.87620231889|124465|-592375||49356.921875|369.75||36943.75|367.5|49356.921875|76cd89|SLK935|0|2031|0|||3|3|0|1|1|132|51|["132,210,2,2103","132,82,5","132,50,5"]|636148141569220000|13:42:36:922
62|1.1|636147898551632905|76cd89|49361.8984375|8.32147127517|101.87846609991|124720|-593580||49361.8984375|370||36950|367.5|49361.8984375|76cd89|SLK935|0|2031|0|||3|3|0|1|1|132|51|["132,210,2,2103","132,82,5","132,50,5"]|636148141618980000|13:42:41:898
62|1.1|636147898601557897|76cd89|49366.8984375|8.31093020952|101.88079425385|124981|-594748||49366.8984375|370||36937.5|367.75|49366.8984375|76cd89|SLK935|0|2031|0|||3|3|0|1|1|132|51|["132,210,2,2103","132,82,5","132,50,5"]|636148141668980000|13:42:46:898
62|1.1|636147898651472888|76cd89|49371.8984375|8.30016383865|101.88300975518|125230|-595940||49371.8984375|370||36968.75|367.75|49371.8984375|76cd89|SLK935|0|2031|0|||3|3|0|1|1|132|51|["132,210,2,2103","132,82,5","132,50,5"]|636148141718980000|13:42:51:898
62|1.1|636147898701397880|76cd89|49376.875|8.28914534051|101.88494630719|125449|-597161||49376.875|370||36993.75|367.75|49376.875|76cd89|SLK935|0|2031|0|||3|3|0|1|1|132|50|["132,210,2,2103","132,82,5","132,50,5"]|636148141768750000|13:42:56:875
62|1.1|636147898751322872|76cd89|49381.875|8.27869546983|101.88729591877|125713|-598318||49381.875|370||36993.75|370|49381.875|76cd89|SLK935|0|2031|0|||3|3|0|1|1|132|83|["132,210,2,2103","132,82,5","132,50,5"]|636148141818750000|13:43:01:875
62|1.1|636147898801237863|76cd89|49386.859375|8.26873912487|101.88914664022|125921|-599421||49386.859375|370||37018.75|370|49386.859375|76cd89|SLK935|0|2031|0|||3|3|0|1|1|132|50|["132,210,2,2103","132,82,5","132,50,5"]|636148141868590000|13:43:06:859
62|1.1|636147898851152854|76cd89|49391.859375|8.25841263562|101.89146406534|126181|-600565||49391.859375|370||37031.25|370|49391.859375|76cd89|SLK935|0|2031|0|||3|3|0|1|1|132|50|["132,210,2,2103","132,82,5","132,50,5"]|636148141918590000|13:43:11:859
62|1.1|636147898901077846|76cd89|49396.859375|8.24763017152|101.89360982934|126423|-601759||49396.859375|370||37000|370|49396.859375|76cd89|SLK935|0|2031|0|||3|3|0|1|1|132|50|["132,210,2,2103","132,82,5","132,50,5"]|636148141968590000|13:43:16:859
62|1.1|636147898951002838|76cd89|49401.8359375|8.23727149581|101.89586288154|126676|-602907||49401.8359375|370||37000|370|49401.8359375|76cd89|SLK935|0|2031|0|||3|3|0|1|1|132|50|["132,210,2,2103","132,82,5","132,50,5"]|636148142018360000|13:43:21:836
62|1.1|636147899000927830|76cd89|49406.8359375|8.22587212456|101.89778870473|126894|-604170||49406.8359375|370||36993.75|370|49406.8359375|76cd89|SLK935|0|2031|0|||3|3|0|1|1|132|83|["132,210,2,2103","132,82,5","132,50,5"]|636148142068360000|13:43:26:836
62|1.1|636147899050842821|76cd89|49411.8203125|8.21500919431|101.89978426525|127118|-605373||49411.8203125|370||37000|370|49411.8203125|76cd89|SLK935|0|2031|0|||3|3|0|1|1|132|83|["132,210,2,2103","132,82,5","132,50,5"]|636148142118200000|13:43:31:820
62|1.1|636147899100767813|76cd89|49416.8203125|8.20454859481|101.90198367335|127366|-606532||49416.8203125|370||37000|370|49416.8203125|76cd89|SLK935|0|2031|0|||3|3|0|1|1|132|83|["132,210,2,2103","132,82,5","132,50,5"]|636148142168200000|13:43:36:820
62|1.1|636147899150692805|76cd89|49421.8203125|8.19400752916|101.90411334412|127606|-607699||49421.8203125|370||37000|370|49421.8203125|76cd89|SLK935|0|2031|0|||3|3|0|1|1|132|51|["132,210,2,2103","132,82,5","132,50,5"]|636148142218200000|13:43:41:820
62|1.1|636147899200607796|76cd89|49426.796875|8.18428721824|101.90614645551|127835|-608776||49426.796875|370||37025|370|49426.796875|76cd89|SLK935|0|2031|0|||3|3|0|1|1|132|51|["132,210,2,2103","132,82,5","132,50,5"]|636148142267970000|13:43:46:797
62|1.1|636147899250532788|76cd89|49431.796875|8.17396072899|101.90843169417|128091|-609920||49431.796875|370||37031.25|370|49431.796875|76cd89|SLK935|0|2031|0|||3|3|0|1|1|132|82|["132,210,2,2103","132,82,5","132,50,5"]|636148142317970000|13:43:51:797
62|1.1|636147899300457780|76cd89|49436.78125|8.16365033297|101.91071693283|128348|-611062||49436.78125|370||37031.25|370|49436.78125|76cd89|SLK935|0|2031|0|||3|3|0|1|1|132|82|["132,210,2,2103","132,82,5","132,50,5"]|636148142367810000|13:43:56:781
62|1.1|636147899350372771|76cd89|49441.78125|8.1531521826|101.91301826472|128607|-612225||49441.78125|370||36987.5|370|49441.78125|76cd89|SLK935|0|2031|0|||3|3|0|1|1|132|82|["132,210,2,2103","132,82,5","132,50,5"]|636148142417810000|13:44:01:781
62|1.1|636147899400297763|76cd89|49446.78125|8.14171526048|101.91497090996|128828|-613492||49446.78125|370||36987.5|370|49446.78125|76cd89|SLK935|0|2031|0|||3|3|0|1|1|132|83|["132,210,2,2103","132,82,5","132,50,5"]|636148142467810000|13:44:06:781
62|1.1|636147899450222755|76cd89|49451.7578125|8.13130294067|101.91728297067|129087|-614646||49451.7578125|370||36975|370|49451.7578125|76cd89|SLK935|0|2031|0|||3|3|0|1|1|132|83|["132,210,2,2103","132,82,5","132,50,5"]|636148142517580000|13:44:11:758
62|1.1|636147899500137746|76cd89|49456.7578125|8.12078333266|101.91958966697|129347|-615811||49456.7578125|370||36925|370|49456.7578125|76cd89|SLK935|0|2031|0|||3|3|0|1|1|132|50|["132,210,2,2103","132,82,5","132,50,5"]|636148142567580000|13:44:16:758
62|1.1|636147899550062738|76cd89|49461.7421875|8.11101474205|101.92139747314|129551|-616893||49461.7421875|370||37006.25|370|49461.7421875|76cd89|SLK935|0|2031|0|||3|3|0|1|1|132|50|["132,210,2,2103","132,82,5","132,50,5"]|636148142617420000|13:44:21:742
62|1.1|636147899599987730|76cd89|49466.7421875|8.10090819361|101.92338230484|129774|-618013||49466.7421875|370||37012.5|370|49466.7421875|76cd89|SLK935|0|2031|0|||3|3|0|1|1|132|50|["132,210,2,2103","132,82,5","132,50,5"]|636148142667420000|13:44:26:742
62|1.1|636147899649912722|76cd89|49471.7421875|8.08991115311|101.92559780617|130024|-619231||49471.7421875|370||36993.75|370|49471.7421875|76cd89|SLK935|0|2031|0|||3|3|0|1|1|132|83|["132,210,2,2103","132,82,5","132,50,5"]|636148142717420000|13:44:31:742
62|1.1|636147899699827713|76cd89|49476.71875|8.07953638417|101.92788304483|130281|-620380||49476.71875|370||36987.5|370|49476.71875|76cd89|SLK935|0|2031|0|||3|3|0|1|1|132|50|["132,210,2,2103","132,82,5","132,50,5"]|636148142767190000|13:44:36:719
62|1.1|636147899749752705|76cd89|49481.71875|8.06829258081|101.9299054274|130509|-621626||49481.71875|370||36981.25|370|49481.71875|76cd89|SLK935|0|2031|0|||3|3|0|1|1|132|50|["132,210,2,2103","132,82,5","132,50,5"]|636148142817190000|13:44:41:719
62|1.1|636147899799667696|76cd89|49486.6953125|8.05837915113|101.93174542003|130717|-622724||49486.6953125|370||37006.25|370|49486.6953125|76cd89|SLK935|0|2031|0|||3|3|0|1|1|132|50|["132,210,2,2103","132,82,5","132,50,5"]|636148142866950000|13:44:46:695
62|1.1|636147899849592688|76cd89|49491.6953125|8.04797219573|101.9339287349|130962|-623877||49491.6953125|370||37012.5|370|49491.6953125|76cd89|SLK935|0|2031|0|||3|3|0|1|1|132|50|["132,210,2,2103","132,82,5","132,50,5"]|636148142916950000|13:44:51:695
62|1.1|636147899899517680|76cd89|49496.6953125|8.03649235833|101.93603694803|131200|-625149||49496.6953125|370||36987.5|370|49496.6953125|76cd89|SLK935|0|2031|0|||3|3|0|1|1|132|83|["132,210,2,2103","132,82,5","132,50,5"]|636148142966950000|13:44:56:695
62|1.1|636147899949442672|76cd89|49501.6796875|8.02667548803|101.93810761029|131433|-626237||49501.6796875|370||37000|370|49501.6796875|76cd89|SLK935|0|2031|0|||3|3|0|1|1|132|51|["132,210,2,2103","132,82,5","132,50,5"]|636148143016800000|13:45:01:680
62|1.1|636147899999357663|76cd89|49506.6796875|8.01649920226|101.94012999286|131661|-627364||49506.6796875|370||37006.25|370|49506.6796875|76cd89|SLK935|0|2031|0|||3|3|0|1|1|132|83|["132,210,2,2103","132,82,5","132,50,5"]|636148143066800000|13:45:06:680
62|1.1|636147900049282655|76cd89|49511.65625|8.00619417065|101.94236158742|131913|-628506||49511.65625|370||37006.25|370|49511.65625|76cd89|SLK935|0|2031|0|||3|3|0|1|1|132|82|["132,210,2,2103","132,82,5","132,50,5"]|636148143116560000|13:45:11:656
62|1.1|636147900099197646|76cd89|49516.65625|7.99587841022|101.9443356903|132135|-629649||49516.65625|370||37006.25|370|49516.65625|76cd89|SLK935|0|2031|0|||3|3|0|1|1|132|82|["132,210,2,2103","132,82,5","132,50,5"]|636148143166560000|13:45:16:656
62|1.1|636147900149122638|76cd89|49521.65625|7.98554655656|101.94643853902|132372|-630794||49521.65625|370||37006.25|370|49521.65625|76cd89|SLK935|0|2031|0|||3|3|0|1|1|132|82|["132,210,2,2103","132,82,5","132,50,5"]|636148143216560000|13:45:21:656
62|1.1|636147900199047630|76cd89|49526.640625|7.97412036326|101.94856820979|132613|-632060||49526.640625|370||36981.25|370|49526.640625|76cd89|SLK935|0|2031|0|||3|3|0|1|1|132|82|["132,210,2,2103","132,82,5","132,50,5"]|636148143266410000|13:45:26:641
62|1.1|636147900248962621|76cd89|49531.640625|7.96387970457|101.95069251615|132852|-633194||49531.640625|370||36993.75|370|49531.640625|76cd89|SLK935|0|2031|0|||3|3|0|1|1|132|51|["132,210,2,2103","132,82,5","132,50,5"]|636148143316410000|13:45:31:641
62|1.1|636147900298887613|76cd89|49536.6171875|7.95368732557|101.95276854282|133086|-634323||49536.6171875|370||37000|370|49536.6171875|76cd89|SLK935|0|2031|0|||3|3|0|1|1|132|82|["132,210,2,2103","132,82,5","132,50,5"]|636148143366170000|13:45:36:617
62|1.1|636147900348812605|76cd89|49541.6171875|7.94325891253|101.95487675595|133323|-635479||49541.6171875|370||37000|370|49541.6171875|76cd89|SLK935|0|2031|0|||3|3|0|1|1|132|50|["132,210,2,2103","132,82,5","132,50,5"]|636148143416170000|13:45:41:617
62|1.1|636147900398727596|76cd89|49546.6171875|7.93273394011|101.95708152846|133572|-636645||49546.6171875|370||37000|370|49546.6171875|76cd89|SLK935|0|2031|0|||3|3|0|1|1|132|83|["132,210,2,2103","132,82,5","132,50,5"]|636148143466170000|13:45:46:617
62|1.1|636147900448652588|76cd89|49551.6015625|7.92232698471|101.95918437718|133809|-637798||49551.6015625|370||37000|370|49551.6015625|76cd89|SLK935|0|2031|0|||3|3|0|1|1|132|50|["132,210,2,2103","132,82,5","132,50,5"]|636148143516020000|13:45:51:602
62|1.1|636147900498577580|76cd89|49556.6015625|7.91187711403|101.96139987851|134058|-638956||49556.6015625|370||36993.75|367.75|49556.6015625|76cd89|SLK935|0|2031|0|||3|3|0|1|1|132|51|["132,210,2,2103","132,82,5","132,50,5"]|636148143566020000|13:45:56:602
62|1.1|636147900548492571|76cd89|49561.578125|7.90122876018|101.96351345605|134297|-640136||49561.578125|370||37000|367.75|49561.578125|76cd89|SLK935|0|2031|0|||3|3|0|1|1|132|51|["132,210,2,2103","132,82,5","132,50,5"]|636148143615780000|13:46:01:578
62|1.1|636147900598417563|76cd89|49566.578125|7.89064477925|101.96558948272|134531|-641308||49566.578125|370||37006.25|367.75|49566.578125|76cd89|SLK935|0|2031|0|||3|3|0|1|1|132|50|["132,210,2,2103","132,82,5","132,50,5"]|636148143665780000|13:46:06:578
62|1.1|636147900648342555|76cd89|49571.578125|7.87997496776|101.96765478057|134764|-642490||49571.578125|370||37000|367.75|49571.578125|76cd89|SLK935|0|2031|0|||3|3|0|1|1|132|50|["132,210,2,2103","132,82,5","132,50,5"]|636148143715780000|13:46:11:578
62|1.1|636147900698267547|76cd89|49576.5625|7.86960019882|101.96989173954|135016|-643640||49576.5625|370||37000|367.75|49576.5625|76cd89|SLK935|0|2031|0|||3|3|0|1|1|132|82|["132,210,2,2103","132,82,5","132,50,5"]|636148143765630000|13:46:16:563
62|1.1|636147900748182538|76cd89|49581.5625|7.85905913317|101.97211260528|135266|-644808||49581.5625|370||36993.75|367.75|49581.5625|76cd89|SLK935|0|2031|0|||3|3|0|1|1|132|82|["132,210,2,2103","132,82,5","132,50,5"]|636148143815630000|13:46:21:563
62|1.1|636147900798107530|76cd89|49586.5390625|7.84777777894|101.97443539481|135528|-646058||49586.5390625|370||36956.25|367.75|49586.5390625|76cd89|SLK935|0|2031|0|||3|3|0|1|1|132|82|["132,210,2,2103","132,82,5","132,50,5"]|636148143865390000|13:46:26:539
62|1.1|636147900847882507|76cd89|49591.5390625|7.83635158564|101.97662407409|135775|-647324||49591.5390625|370||36962.5|367.75|49591.5390625|76cd89|SLK935|0|2031|0|||3|3|0|1|1|132|51|["132,210,2,2103","132,82,5","132,50,5"]|636148143915390000|13:46:31:539
62|1.1|636147900897947513|76cd89|49596.5390625|7.82551547744|101.97885030424|136026|-648525||49596.5390625|370||36968.75|367.75|49596.5390625|76cd89|SLK935|0|2031|0|||3|3|0|1|1|132|51|["132,210,2,2103","132,82,5","132,50,5"]|636148143965390000|13:46:36:539
62|1.1|636147900947712489|76cd89|49601.515625|7.81565032745|101.98093169532|136261|-649618||49601.515625|370||37006.25|367.75|49601.515625|76cd89|SLK935|0|2031|0|||3|3|0|1|1|132|83|["132,210,2,2172","132,82,5","132,50,5"]|636148144015160000|13:46:41:516
62|1.1|636147900997637481|76cd89|49606.515625|7.80518972795|101.9832276628|136519|-650777||49606.515625|370||37012.5|367.75|49606.515625|76cd89|SLK935|0|2031|0|||3|3|0|1|1|132|210|["132,210,2,2172","132,82,5","132,50,5"]|636148144065160000|13:46:46:516
62|1.1|636147901047562473|76cd89|49611.5|7.79487933193|101.98548607941|136774|-651919||49611.5|370||37012.5|367.75|49611.5|76cd89|SLK935|0|2031|0|||3|3|0|1|1|132|210|["132,210,2,2172","132,82,5","132,50,5"]|636148144115000000|13:46:51:500
62|1.1|636147901097477464|76cd89|49616.5|7.78371063031|101.98757819931|137010|-653157||49616.5|370||37006.25|368|49616.5|76cd89|SLK935|0|2031|0|||3|3|0|1|1|132|210|["132,210,2,2172","132,82,5","132,50,5"]|636148144165000000|13:46:56:500
62|1.1|636147901147402456|76cd89|49621.5|7.77285306447|101.98964886157|137244|-654360||49621.5|370.25||37018.75|368|49621.5|76cd89|SLK935|0|2031|0|||3|3|0|1|1|132|83|["132,210,2,2172","132,82,5","132,50,5"]|636148144215000000|13:47:01:500
62|1.1|636147901197327448|76cd89|49626.4765625|7.76227444795|101.9917570747|137482|-655533||49626.4765625|370.25||37018.75|368|49626.4765625|76cd89|SLK935|0|2031|0|||3|3|0|1|1|132|83|["132,210,2,2172","132,50,5"]|636148144264770000|13:47:06:477
62|1.1|636147901247242439|76cd89|49631.4765625|7.75174947553|101.99398330485|137733|-656699||49631.4765625|370.25||37025|368|49631.4765625|76cd89|SLK935|0|2031|0|||3|3|0|1|1|132|50|["132,210,2,2172","132,50,5"]|636148144314770000|13:47:11:477
62|1.1|636147901297167431|76cd89|49636.4609375|7.7412727828|101.99612906885|137975|-657860||49636.4609375|370.25||37025|368|49636.4609375|76cd89|SLK935|0|2031|0|||3|3|0|1|1|132|50|["132,210,2,2172","132,50,5"]|636148144364610000|13:47:16:461
62|1.1|636147901347082422|76cd89|49641.4609375|7.73157392952|101.99815145142|138203|-658935||49641.4609375|370.25||37056.25|368|49641.4609375|76cd89|SLK935|0|2031|0|||3|3|0|1|1|132|50|["132,210,2,2172","132,50,5"]|636148144414610000|13:47:21:461
62|1.1|636147901397007414|76cd89|49646.4609375|7.72120452499|102.00014701194|138428|-660084||49646.4609375|370.25||37037.5|368|49646.4609375|76cd89|SLK935|0|2031|0|||3|3|0|1|1|132|51|["132,210,2,2172","132,50,5"]|636148144464610000|13:47:26:461
62|1.1|636147901446932406|76cd89|49651.4375|7.71081902723|102.0023786065|138680|-661234||49651.4375|370.25||37037.5|368|49651.4375|76cd89|SLK935|0|2031|0|||3|3|0|1|1|132|82|["132,210,2,2172","132,82,5","132,50,5"]|636148144514380000|13:47:31:438
62|1.1|636147901496857398|76cd89|49656.4375|7.70103434339|102.00434734497|138902|-662319||49656.4375|370.25||37050|368|49656.4375|76cd89|SLK935|0|2031|0|||3|3|0|1|1|132|82|["132,210,2,2172","132,82,5","132,50,5"]|636148144564380000|13:47:36:438
62|1.1|636147901546782390|76cd89|49661.421875|7.69093315936|102.00633217667|139127|-663438||49661.421875|370.25||37043.75|368|49661.421875|76cd89|SLK935|0|2031|0|||3|3|0|1|1|132|82|["132,210,2,2172","132,82,5","132,50,5"]|636148144614220000|13:47:41:422
62|1.1|636147901596697381|76cd89|49666.421875|7.68064422098|102.00835455924|139355|-664578||49666.421875|370.25||37037.5|368|49666.421875|76cd89|SLK935|0|2031|0|||3|3|0|1|1|132|82|["132,210,2,2172","132,82,5","132,50,5"]|636148144664220000|13:47:46:422
62|1.1|636147901646622373|76cd89|49671.421875|7.67032309614|102.01038767063|139585|-665722||49671.421875|370.25||37031.25|368|49671.421875|76cd89|SLK935|0|2031|0|||3|3|0|1|1|132|82|["132,210,2,2172","132,82,5","132,50,5"]|636148144714220000|13:47:51:422
62|1.1|636147901696537364|76cd89|49676.3984375|7.66006634422|102.01239932438|139812|-666859||49676.3984375|370.25||37031.25|368|49676.3984375|76cd89|SLK935|0|2031|0|||3|3|0|1|1|132|82|["132,210,2,2172","132,82,5","132,50,5"]|636148144763980000|13:47:56:398
62|1.1|636147901746462356|76cd89|49681.3984375|7.6495413718|102.01434660521|140032|-668025||49681.3984375|370.25||37025|368|49681.3984375|76cd89|SLK935|0|2031|0|||3|3|0|1|1|132|82|["132,210,2,2172","132,82,5","132,50,5"]|636148144813980000|13:48:01:398
62|1.1|636147901796387348|76cd89|49686.375|7.63904322143|102.01633680132|140257|-669189||49686.375|370||37006.25|367.75|49686.375|76cd89|SLK935|0|2031|0|||3|3|0|1|1|132|83|["132,210,2,2172","132,82,5","132,50,5"]|636148144863750000|13:48:06:375
62|1.1|636147901846312340|76cd89|49691.375|7.62868991013|102.01842355681|140493|-670336||49691.375|370||37000|367.75|49691.375|76cd89|SLK935|0|2031|0|||3|3|0|1|1|132|83|["132,210,2,2172","132,82,5","132,50,5"]|636148144913750000|13:48:11:375
62|1.1|636147901896227331|76cd89|49696.375|7.61834732765|102.02052640553|140730|-671482||49696.375|370||37000|367.75|49696.375|76cd89|SLK935|0|2031|0|||3|3|0|1|1|132|82|["132,210,2,2172","132,82,5","132,50,5"]|636148144963750000|13:48:16:375
62|1.1|636147901946142322|76cd89|49701.359375|7.60794573666|102.0226560763|140971|-672635||49701.359375|370||37000|367.75|49701.359375|76cd89|SLK935|0|2031|0|||3|3|0|1|1|132|51|["132,210,2,2172","132,82,5","132,50,5"]|636148145013590000|13:48:21:359
62|1.1|636147901996067314|76cd89|49706.359375|7.59757096772|102.02479647589|141212|-673785||49706.359375|370||37000|367.75|49706.359375|76cd89|SLK935|0|2031|0|||3|3|0|1|1|132|51|["132,210,2,2172","132,82,5","132,50,5"]|636148145063590000|13:48:26:359
62|1.1|636147902045992306|76cd89|49711.3359375|7.58715864791|102.02691005343|141451|-674939||49711.3359375|370||37000|367.75|49711.3359375|76cd89|SLK935|0|2031|0|||3|3|0|1|1|132|82|["132,210,2,2172","132,82,5","132,50,5"]|636148145113360000|13:48:31:336
62|1.1|636147902095917298|76cd89|49716.3359375|7.5767463281|102.02909873271|141698|-676093||49716.3359375|370||37000|367.75|49716.3359375|76cd89|SLK935|0|2031|0|||3|3|0|1|1|132|50|["132,210,2,2172","132,82,5","132,50,5"]|636148145163360000|13:48:36:336
62|1.1|636147902145832289|76cd89|49721.3359375|7.56626963537|102.03124986112|141941|-677254||49721.3359375|369.75||37000|367.75|49721.3359375|76cd89|SLK935|0|2031|0|||3|3|0|1|1|132|50|["132,210,2,2172","132,82,5","132,50,5"]|636148145213360000|13:48:41:336
62|1.1|636147902195757281|76cd89|49726.3203125|7.55588413761|102.0333848963|142182|-678405||49726.3203125|369.75||36975|367.5|49726.3203125|76cd89|SLK935|0|2031|0|||3|3|0|1|1|132|51|["132,210,2,2172","132,82,5","132,50,5"]|636148145263200000|13:48:46:320
62|1.1|636147902245682273|76cd89|49731.3203125|7.5454718178|102.03560039763|142432|-679559||49731.3203125|369.75||36968.75|367.5|49731.3203125|76cd89|SLK935|0|2031|0|||3|3|0|1|1|132|51|["132,210,2,2172","132,82,5","132,50,5"]|636148145313200000|13:48:51:320
62|1.1|636147902295597264|76cd89|49736.296875|7.53405635332|102.03782126337|142683|-680824||49736.296875|369.75||36931.25|367.5|49736.296875|76cd89|SLK935|0|2031|0|||3|3|0|1|1|132|82|["132,210,2,2172","132,82,5","132,50,5"]|636148145362970000|13:48:56:297
62|1.1|636147902345522256|76cd89|49741.296875|7.52400881339|102.03987046799|142914|-681938||49741.296875|369.75||36962.5|367.5|49741.296875|76cd89|SLK935|0|2031|0|||3|3|0|1|1|132|82|["132,210,2,2172","132,82,5","132,50,5"]|636148145412970000|13:49:01:297
62|1.1|636147902395447248|76cd89|49746.296875|7.5135535783|102.04209133373|143165|-683097||49746.296875|369.75||36956.25|367.5|49746.296875|76cd89|SLK935|0|2031|0|||3|3|0|1|1|132|82|["132,210,2,2172","132,82,5","132,50,5"]|636148145462970000|13:49:06:297
62|1.1|636147902445362239|76cd89|49751.28125|7.50251898693|102.04429610624|143414|-684319||49751.28125|370||36943.75|367.5|49751.28125|76cd89|SLK935|0|2031|0|||3|3|0|1|1|132|210|["132,210,2,2172","132,82,5","132,50,5"]|636148145512810000|13:49:11:281
62|1.1|636147902495287231|76cd89|49756.28125|7.49177943811|102.04643114142|143656|-685510||49756.28125|370||36950|367.5|49756.28125|76cd89|SLK935|0|2031|0|||3|3|0|1|1|132|210|["132,210,2,2172","132,82,5","132,50,5"]|636148145562810000|13:49:16:281
62|1.1|636147902545222224|76cd89|49761.2578125|7.48137248271|102.04866810039|143908|-686663||49761.2578125|369.75||36937.5|367.5|49761.2578125|76cd89|SLK935|0|2031|0|||3|3|0|1|1|132|50|["132,210,2,2172","132,82,5","132,50,5"]|636148145612580000|13:49:21:258
62|1.1|636147902595137215|76cd89|49766.2578125|7.47095479849|102.05089969495|144160|-687818||49766.2578125|369.75||36918.75|367.5|49766.2578125|76cd89|SLK935|0|2031|0|||3|3|0|1|1|132|50|["132,210,2,2172","132,82,5","132,50,5"]|636148145662580000|13:49:26:258
62|1.1|636147902645052206|76cd89|49771.2578125|7.46053174986|102.05316347597|144415|-688973||49771.2578125|369.75||36887.5|367.5|49771.2578125|76cd89|SLK935|0|2031|0|||3|3|0|1|1|132|50|["132,210,2,2172","132,82,5","132,50,5"]|636148145712580000|13:49:31:258
62|1.1|636147902694977198|76cd89|49776.2421875|7.45015698092|102.05536288407|144664|-690123||49776.2421875|369.75||36837.5|367.5|49776.2421875|76cd89|SLK935|0|2031|0|||3|3|0|1|1|132|51|["132,210,2,2172","132,82,5","132,50,5"]|636148145762420000|13:49:36:242
62|1.1|636147902744892189|76cd89|49781.2421875|7.43963737291|102.05755692776|144912|-691289||49781.2421875|369.75||36750|367.5|49781.2421875|76cd89|SLK935|0|2031|0|||3|3|0|1|1|132|83|["132,210,2,2172","132,82,5","132,50,5"]|636148145812420000|13:49:41:242
62|1.1|636147902794817181|76cd89|49786.21875|7.42926260397|102.0597241494|145157|-692439||49786.21875|369.75||36706.25|367.5|49786.21875|76cd89|SLK935|0|2031|0|||3|3|0|1|1|132|51|["132,210,2,2172","132,82,5","132,50,5"]|636148145862190000|13:49:46:219
62|1.1|636147902844742173|76cd89|49791.21875|7.41885028416|102.06186454899|145398|-693593||49791.21875|369.75||36681.25|367.5|49791.21875|76cd89|SLK935|0|2031|0|||3|3|0|1|1|132|50|["132,50,5"]|636148145912190000|13:49:51:219
62|1.1|636147902894667165|76cd89|49796.21875|7.40869009162|102.06384401628|145622|-694719||49796.21875|370||36775|367.75|49796.21875|76cd89|SLK935|0|2031|0|||3|3|0|1|1|132|83|["132,50,5"]|636148145962190000|13:49:56:219
62|1.1|636147902944592157|76cd89|49801.1953125|7.39791835634|102.06586639885|145851|-695913||49801.1953125|369.75||36693.75|367.5|49801.1953125|76cd89|SLK935|0|2031|0|||3|3|0|1|1|132|50|["132,50,5"]|636148146011950000|13:50:01:195
62|1.1|636147902994507148|76cd89|49806.1953125|7.38752212976|102.06795315434|146088|-697066||49806.1953125|369.75||36706.25|367.5|49806.1953125|76cd89|SLK935|0|2031|0|||3|3|0|1|1|132|50|["132,50,5"]|636148146061950000|13:50:06:195
62|1.1|636147903044422139|76cd89|49811.1796875|7.37850455655|102.06946591796|146259|-698065||49811.1796875|369.75||37012.5|367.5|49811.1796875|76cd89|SLK935|0|2031|0|||3|3|0|1|1|132|50|["132,50,5"]|636148146111800000|13:50:11:180
62|1.1|636147903094357132|76cd89|49816.1796875|7.36805468587|102.07160095314|146501|-699224||49816.1796875|369.75||37018.75|367.75|49816.1796875|76cd89|SLK935|0|2031|0|||3|3|0|1|1|132|50|["132,50,5"]|636148146161800000|13:50:16:180
62|1.1|636147903144272123|76cd89|49821.1796875|7.35737950997|102.0735643272|146723|-700407||49821.1796875|369.75||36981.25|367.75|49821.1796875|76cd89|SLK935|0|2031|0|||3|3|0|1|1|132|51|["132,50,5"]|636148146211800000|13:50:21:180
62|1.1|636147903194197115|76cd89|49826.15625|7.34711202923|102.07570472679|146965|-701545||49826.15625|369.75||36987.5|367.75|49826.15625|76cd89|SLK935|0|2031|0|||3|3|0|1|1|132|50|["132,50,5"]|636148146261560000|13:50:26:156
62|1.1|636147903244142109|76cd89|49831.15625|7.33698402315|102.07776466023|147198|-702668||49831.15625|369.75||36981.25|367.75|49831.15625|76cd89|SLK935|0|2031|0|||3|3|0|1|1|132|83|["132,50,5"]|636148146311560000|13:50:31:156
62|1.1|636147903294037098|76cd89|49836.140625|7.32685601707|102.07969048342|147416|-703791||49836.140625|369.75||36981.25|367.75|49836.140625|76cd89|SLK935|0|2031|0|||3|3|0|1|1|132|83|["132,50,5"]|636148146361410000|13:50:36:141
62|1.1|636147903343952089|76cd89|49841.140625|7.31652416341|102.08180406096|147655|-704936||49841.140625|369.75||36981.25|367.75|49841.140625|76cd89|SLK935|0|2031|0|||3|3|0|1|1|132|83|["132,50,5"]|636148146411410000|13:50:41:141
62|1.1|636147903393887082|76cd89|49846.140625|7.30605283509|102.0838639944|147888|-706097||49846.140625|369.75||36975|367.75|49846.140625|76cd89|SLK935|0|2031|0|||3|3|0|1|1|132|51|["132,50,5"]|636148146461410000|13:50:46:141
62|1.1|636147903443802073|76cd89|49851.1171875|7.29486267583|102.08603658045|148134|-707337||49851.1171875|369.75||36956.25|367.75|49851.1171875|76cd89|SLK935|0|2031|0|||3|3|0|1|1|132|51|["132,50,5"]|636148146511170000|13:50:51:117
62|1.1|636147903493717064|76cd89|49856.1171875|7.28440744074|102.08819307327|148378|-708496||49856.1171875|369.75||36931.25|367.75|49856.1171875|76cd89|SLK935|0|2031|0|||3|3|0|1|1|132|50|["132,50,5"]|636148146561170000|13:50:56:117
62|1.1|636147903543642056|76cd89|49861.1015625|7.2732816544|102.09038711696|148626|-709730||49861.1015625|370||36950|368|49861.1015625|76cd89|SLK935|0|2031|0|||3|3|0|1|1|132|50|["132,50,5"]|636148146611020000|13:51:01:102
62|1.1|636147903593587050|76cd89|49866.1015625|7.26351306379|102.09245241481|148860|-710813||49866.1015625|370||37025|368|49866.1015625|76cd89|SLK935|0|2031|0|||3|3|0|1|1|132|50|["132,50,5"]|636148146661020000|13:51:06:102
62|1.1|636147903643492040|76cd89|49871.1015625|7.25317048131|102.09463572968|149106|-711959||49871.1015625|370||37050|368|49871.1015625|76cd89|SLK935|0|2031|0|||3|3|0|1|1|132|50|["132,50,5"]|636148146711020000|13:51:11:102
62|1.1|636147903690306721|76cd89|49875.78125|7.24394369611|102.09647572231|149315|-712982||49875.78125|370||37031.25|368|49875.78125|76cd89|SLK935|0|2031|0|||3|3|0|1|1|132|50|["132,50,5"]|636148146757810000|13:51:15:781
62|1.1|636147903740221712|76cd89|49880.7578125|7.23168601926|102.09864830836|149562|-714341||49880.7578125|370||36993.75|368|49880.7578125|76cd89|SLK935|0|2031|0|||3|3|0|1|1|132|83|["132,50,5"]|636148146807580000|13:51:20:758
62|1.1|636147903790146704|76cd89|49885.7578125|7.22209445418|102.10074042826|149798|-715404||49885.7578125|370||37012.5|368|49885.7578125|76cd89|SLK935|0|2031|0|||3|3|0|1|1|132|51|["132,50,5"]|636148146857580000|13:51:25:758
62|1.1|636147903840061695|76cd89|49890.7421875|7.21121006629|102.10293447195|150046|-716611||49890.7421875|370||37000|368|49890.7421875|76cd89|SLK935|0|2031|0|||3|3|0|1|1|132|50|["132,50,5"]|636148146907420000|13:51:30:742
62|1.1|636147903889996688|76cd89|49895.7421875|7.20199400991|102.10488711719|150267|-717633||49895.7421875|370||37018.75|368|49895.7421875|76cd89|SLK935|0|2031|0|||3|3|0|1|1|132|50|["132,50,5"]|636148146957420000|13:51:35:742
62|1.1|636147903939901678|76cd89|49900.7421875|7.19105597792|102.10712407616|150520|-718845||49900.7421875|370||37000|368|49900.7421875|76cd89|SLK935|0|2031|0|||3|3|0|1|1|132|50|["132,50,5"]|636148147007420000|13:51:40:742
62|1.1|636147903989826670|76cd89|49905.71875|7.17985508984|102.10938249277|150775|-720087||49905.71875|370||36981.25|368|49905.71875|76cd89|SLK935|0|2031|0|||3|3|0|1|1|132|51|["132,50,5"]|636148147057190000|13:51:45:719
62|1.1|636147904039751662|76cd89|49910.71875|7.17000603308|102.11146924826|151012|-721179||49910.71875|370||37006.25|368|49910.71875|76cd89|SLK935|0|2031|0|||3|3|0|1|1|132|50|["132,50,5"]|636148147107190000|13:51:50:719
62|1.1|636147904089676654|76cd89|49915.6953125|7.16007651017|102.11348626642|151240|-722280||49915.6953125|370||37018.75|368|49915.6953125|76cd89|SLK935|0|2031|0|||3|3|0|1|1|132|50|["132,50,5"]|636148147156950000|13:51:55:695
62|1.1|636147904139601646|76cd89|49920.6953125|7.15027036869|102.11543891166|151461|-723367||49920.6953125|370||37006.25|368|49920.6953125|76cd89|SLK935|0|2031|0|||3|3|0|1|1|132|83|["132,50,5"]|636148147206950000|13:52:00:695
62|1.1|636147904189516637|76cd89|49925.6953125|7.1391714044|102.11761686212|151708|-724598||49925.6953125|370||36987.5|368|49925.6953125|76cd89|SLK935|0|2031|0|||3|3|0|1|1|132|83|["132,50,5"]|636148147256950000|13:52:05:695
62|1.1|636147904239431628|76cd89|49930.6796875|7.12878590664|102.11977335494|151952|-725749||49930.6796875|370||36968.75|368|49930.6796875|76cd89|SLK935|0|2031|0|||3|3|0|1|1|132|50|["132,50,5"]|636148147306800000|13:52:10:680
62|1.1|636147904289356620|76cd89|49935.6796875|7.11840040888|102.12196739863|152200|-726901||49935.6796875|370||36950|368|49935.6796875|76cd89|SLK935|0|2031|0|||3|3|0|1|1|132|50|["132,50,5"]|636148147356800000|13:52:15:680
62|1.1|636147904339291613|76cd89|49940.65625|7.10742482602|102.12414534909|152447|-728118||49940.65625|370||36968.75|367.75|49940.65625|76cd89|SLK935|0|2031|0|||3|3|0|1|1|132|51|["132,50,5"]|636148147406560000|13:52:20:656
62|1.1|636147904389226606|76cd89|49945.65625|7.09708224354|102.12633402837|152694|-729264||49945.65625|370||36950|367.75|49945.65625|76cd89|SLK935|0|2031|0|||3|3|0|1|1|132|50|["132,50,5"]|636148147456560000|13:52:25:656
62|1.1|636147904439121595|76cd89|49950.65625|7.08717954268|102.12830813125|152918|-730362||49950.65625|370.25||37037.5|368|49950.65625|76cd89|SLK935|0|2031|0|||3|3|0|1|1|132|51|["132,50,5"]|636148147506560000|13:52:30:656
62|1.1|636147904489066589|76cd89|49955.640625|7.07763089288|102.13028223413|153141|-731421||49955.640625|370||37031.25|367.75|49955.640625|76cd89|SLK935|0|2031|0|||3|3|0|1|1|132|83|["132,50,5"]|636148147556410000|13:52:35:641
62|1.1|636147904539001582|76cd89|49960.640625|7.06774428525|102.13233143875|153373|-732517||49960.640625|370||37043.75|367.75|49960.640625|76cd89|SLK935|0|2031|0|||3|3|0|1|1|132|51|["132,50,5"]|636148147606410000|13:52:40:641
62|1.1|636147904588886570|76cd89|49965.6171875|7.05799178787|102.13408023641|153572|-733598||49965.6171875|370||37018.75|367.75|49965.6171875|76cd89|SLK935|0|2031|0|||3|3|0|1|1|132|51|["132,50,5"]|636148147656170000|13:52:45:617
62|1.1|636147904638811562|76cd89|49970.6171875|7.04787987502|102.13611871221|153803|-734720||49970.6171875|370||37006.25|367.75|49970.6171875|76cd89|SLK935|0|2031|0|||3|3|0|1|1|132|50|["132,50,5"]|636148147706170000|13:52:50:617
62|1.1|636147904688726553|76cd89|49975.6171875|7.03683991924|102.13823765416|154043|-735944||49975.6171875|370||36968.75|367.75|49975.6171875|76cd89|SLK935|0|2031|0|||3|3|0|1|1|132|50|["132,50,5"]|636148147756170000|13:52:55:617
62|1.1|636147904738681548|76cd89|49980.6015625|7.02704987099|102.14026540114|154273|-737029||49980.6015625|370||37000|367.75|49980.6015625|76cd89|SLK935|0|2031|0|||3|3|0|1|1|132|50|["132,50,5"]|636148147806020000|13:53:00:602
62|1.1|636147904788576537|76cd89|49985.6015625|7.01624594925|102.14240580073|154515|-738227||49985.6015625|370||36975|367.75|49985.6015625|76cd89|SLK935|0|2031|0|||3|3|0|1|1|132|50|["132,50,5"]|636148147856020000|13:53:05:602
62|1.1|636147904838491528|76cd89|49990.578125|7.00609112112|102.1444818274|154750|-739353||49990.578125|370||36987.5|367.75|49990.578125|76cd89|SLK935|0|2031|0|||3|3|0|1|1|132|51|["132,50,5"]|636148147905780000|13:53:10:578
62|1.1|636147904888416520|76cd89|49995.578125|6.99552323342|102.14665441345|154996|-740525||49995.578125|370||36975|367.75|49995.578125|76cd89|SLK935|0|2031|0|||3|3|0|1|1|132|83|["132,50,5"]|636148147955780000|13:53:15:578
62|1.1|636147904938331511|76cd89|50000.578125|6.98573854958|102.14860705869|155218|-741610||50000.578125|370||37006.25|367.75|50000.578125|76cd89|SLK935|0|2031|0|||3|3|0|1|1|132|83|["132,50,5"]|636148148005780000|13:53:20:578
62|1.1|636147904988266504|76cd89|50005.5625|6.97565345878|102.15073672946|155459|-742728||50005.5625|370||37018.75|367.75|50005.5625|76cd89|SLK935|0|2031|0|||3|3|0|1|1|132|50|["132,50,5"]|636148148055630000|13:53:25:563
62|1.1|636147905038181495|76cd89|50010.5625|6.96475297766|102.15291467992|155706|-743937||50010.5625|370||36981.25|367.75|50010.5625|76cd89|SLK935|0|2031|0|||3|3|0|1|1|132|50|["132,50,5"]|636148148105630000|13:53:30:563
62|1.1|636147905088106487|76cd89|50015.5390625|6.95498438705|102.15485123193|155925|-745020||50015.5390625|370||37006.25|367.75|50015.5390625|76cd89|SLK935|0|2031|0|||3|3|0|1|1|132|50|["132,50,5"]|636148148155390000|13:53:35:539
62|1.1|636147905138071483|76cd89|50020.5390625|6.94484565215|102.15685752127|156153|-746145||50020.5390625|370||37018.75|367.75|50020.5390625|76cd89|SLK935|0|2031|0|||3|3|0|1|1|132|51|["132,50,5"]|636148148205390000|13:53:40:539
62|1.1|636147905187946470|76cd89|50025.5390625|6.9346800952|102.15879407328|156373|-747272||50025.5390625|370||37012.5|367.75|50025.5390625|76cd89|SLK935|0|2031|0|||3|3|0|1|1|132|50|["132,50,5"]|636148148255390000|13:53:45:539
62|1.1|636147905237871462|76cd89|50030.515625|6.92418194483|102.16092910846|156614|-748436||50030.515625|370||37000|367.75|50030.515625|76cd89|SLK935|0|2031|0|||3|3|0|1|1|132|51|["132,50,5"]|636148148305160000|13:53:50:516
62|1.1|636147905287786453|76cd89|50035.515625|6.91379644707|102.16299440631|156849|-749588||50035.515625|370||37000|367.75|50035.515625|76cd89|SLK935|0|2031|0|||3|3|0|1|1|132|50|["132,50,5"]|636148148355160000|13:53:55:516
62|1.1|636147905337711445|76cd89|50040.5|6.90342704254|102.1651348059|157091|-750738||50040.5|370||37000|367.75|50040.5|76cd89|SLK935|0|2031|0|||3|3|0|1|1|132|83|["132,50,5"]|636148148405000000|13:54:00:500
62|1.1|636147905387636437|76cd89|50045.5|6.89134102681|102.16741468015|157350|-752078||50045.5|370||36962.5|367.75|50045.5|76cd89|SLK935|0|2031|0|||3|3|0|1|1|132|83|["132,50,5"]|636148148455000000|13:54:05:500
62|1.1|636147905437551428|76cd89|50050.5|6.88008113022|102.16971064763|157610|-753327||50050.5|370||36975|367.75|50050.5|76cd89|SLK935|0|2031|0|||3|3|0|1|1|132|51|["132,50,5"]|636148148505000000|13:54:10:500
62|1.1|636147905487486421|76cd89|50055.4765625|6.86936840345|102.17195297101|157864|-754514||50055.4765625|370||36981.25|367.75|50055.4765625|76cd89|SLK935|0|2031|0|||3|3|0|1|1|132|83|["132,50,5"]|636148148554770000|13:54:15:477
62|1.1|636147905537411413|76cd89|50060.4765625|6.85878978693|102.17420602321|158119|-755688||50060.4765625|370||36981.25|367.75|50060.4765625|76cd89|SLK935|0|2031|0|||3|3|0|1|1|132|50|["132,50,5"]|636148148604770000|13:54:20:477
62|1.1|636147905587316403|76cd89|50065.4609375|6.84838819594|102.17633569398|158361|-756841||50065.4609375|370||36993.75|367.75|50065.4609375|76cd89|SLK935|0|2031|0|||3|3|0|1|1|132|50|["132,50,5"]|636148148654610000|13:54:25:461
62|1.1|636147905637241395|76cd89|50070.4609375|6.83879663086|102.17837953419|158592|-757905||50070.4609375|370||37037.5|367.75|50070.4609375|76cd89|SLK935|0|2031|0|||3|3|0|1|1|132|50|["132,50,5"]|636148148704610000|13:54:30:461
62|1.1|636147905687166387|76cd89|50075.4609375|6.82807317527|102.1805306626|158836|-759094||50075.4609375|370.25||37025|367.75|50075.4609375|76cd89|SLK935|0|2031|0|||3|3|0|1|1|132|83|["132,50,5"]|636148148754610000|13:54:35:461
62|1.1|636147905737091379|76cd89|50080.4375|6.81739263496|102.18263351132|159075|-760279||50080.4375|370||37000|367.75|50080.4375|76cd89|SLK935|0|2031|0|||3|3|0|1|1|132|51|["132,50,5"]|636148148804380000|13:54:40:438
62|1.1|636147905787006370|76cd89|50085.4375|6.80694812869|102.18478463973|159319|-761437||50085.4375|370||36993.75|367.75|50085.4375|76cd89|SLK935|0|2031|0|||3|3|0|1|1|132|83|["132,50,5"]|636148148854380000|13:54:45:438
62|1.1|636147905836921361|76cd89|50090.421875|6.79627295279|102.18683920876|159552|-762621||50090.421875|370||36987.5|367.75|50090.421875|76cd89|SLK935|0|2031|0|||3|3|0|1|1|132|50|["132,50,5"]|636148148904220000|13:54:50:422
62|1.1|636147905886846353|76cd89|50095.421875|6.78542611577|102.1889527863|159792|-763824||50095.421875|370||36993.75|367.75|50095.421875|76cd89|SLK935|0|2031|0|||3|3|0|1|1|132|83|["132,50,5"]|636148148954220000|13:54:55:422
62|1.1|636147905936771345|76cd89|50100.421875|6.77497088068|102.19107709266|160033|-764984||50100.421875|370||36981.25|367.75|50100.421875|76cd89|SLK935|0|2031|0|||3|3|0|1|1|132|50|["132,50,5"]|636148149004220000|13:55:00:422
62|1.1|636147905986686336|76cd89|50105.3984375|6.76534712914|102.19310483964|160263|-766051||50105.3984375|370||37037.5|367.75|50105.3984375|76cd89|SLK935|0|2031|0|||3|3|0|1|1|132|50|["132,50,5"]|636148149053980000|13:55:05:398
62|1.1|636147906036631330|76cd89|50110.3984375|6.75444664802|102.19519695954|160500|-767260||50110.3984375|370||37000|367.75|50110.3984375|76cd89|SLK935|0|2031|0|||3|3|0|1|1|132|51|["132,50,5"]|636148149103980000|13:55:10:398
62|1.1|636147906086526319|76cd89|50115.375|6.74405042144|102.19728907944|160738|-768413||50115.375|370||36993.75|367.75|50115.375|76cd89|SLK935|0|2031|0|||3|3|0|1|1|132|50|["132,50,5"]|636148149153750000|13:55:15:375
62|1.1|636147906136451311|76cd89|50120.375|6.7341584494|102.19934901288|160971|-769510||50120.375|370||37018.75|367.75|50120.375|76cd89|SLK935|0|2031|0|||3|3|0|1|1|132|50|["132,50,5"]|636148149203750000|13:55:20:375
62|1.1|636147906186386304|76cd89|50125.375|6.72376222282|102.20141431073|161206|-770663||50125.375|370||37031.25|367.75|50125.375|76cd89|SLK935|0|2031|0|||3|3|0|1|1|132|50|["132,50,5"]|636148149253750000|13:55:25:375
62|1.1|636147906236301295|76cd89|50130.359375|6.71225019896|102.20367272734|161462|-771940||50130.359375|370||36975|367.75|50130.359375|76cd89|SLK935|0|2031|0|||3|3|0|1|1|132|83|["132,50,5"]|636148149303590000|13:55:30:359
62|1.1|636147906286226287|76cd89|50135.359375|6.70137653989|102.20581312693|161705|-773146||50135.359375|370||36975|367.75|50135.359375|76cd89|SLK935|0|2031|0|||3|3|0|1|1|132|51|["132,50,5"]|636148149353590000|13:55:35:359
62|1.1|636147906336141278|76cd89|50140.3359375|6.69061016902|102.20795889093|161949|-774340||50140.3359375|370||36987.5|367.75|50140.3359375|76cd89|SLK935|0|2031|0|||3|3|0|1|1|132|51|["132,50,5"]|636148149403360000|13:55:40:336
62|1.1|636147906386066270|76cd89|50145.3359375|6.68073965462|102.21005101083|162186|-775435||50145.3359375|370||37012.5|367.75|50145.3359375|76cd89|SLK935|0|2031|0|||3|3|0|1|1|132|50|["132,50,5"]|636148149453360000|13:55:45:336
62|1.1|636147906435981261|76cd89|50150.3359375|6.66995182611|102.21222896129|162433|-776632||50150.3359375|370||36993.75|367.75|50150.3359375|76cd89|SLK935|0|2031|0|||3|3|0|1|1|132|83|["132,50,5"]|636148149503360000|13:55:50:336
62|1.1|636147906485906253|76cd89|50155.3203125|6.65952877748|102.21434790324|162673|-777788||50155.3203125|370||36987.5|367.75|50155.3203125|76cd89|SLK935|0|2031|0|||3|3|0|1|1|132|50|["132,50,5"]|636148149553200000|13:55:55:320
62|1.1|636147906535841246|76cd89|50160.3203125|6.6496689919|102.21640783668|162907|-778881||50160.3203125|370||37018.75|367.75|50160.3203125|76cd89|SLK935|0|2031|0|||3|3|0|1|1|132|50|["132,50,5"]|636148149603200000|13:56:00:320
62|1.1|636147906585756237|76cd89|50165.296875|6.63959462992|102.21844631248|163138|-779999||50165.296875|370||37012.5|367.75|50165.296875|76cd89|SLK935|0|2031|0|||3|3|0|1|1|132|50|["132,50,5"]|636148149652970000|13:56:05:297
62|1.1|636147906635671228|76cd89|50170.296875|6.62801823314|102.22062962735|163387|-781283||50170.296875|370||36987.5|367.75|50170.296875|76cd89|SLK935|0|2031|0|||3|3|0|1|1|132|50|["132,50,5"]|636148149702970000|13:56:10:297
62|1.1|636147906685596220|76cd89|50175.296875|6.61701582823|102.22279684899|163633|-782504||50175.296875|370||36975|367.75|50175.296875|76cd89|SLK935|0|2031|0|||3|3|0|1|1|132|50|["132,50,5"]|636148149752970000|13:56:15:297
62|1.1|636147906735521212|76cd89|50180.28125|6.60722041557|102.22481923156|163862|-783590||50180.28125|370||37012.5|367.75|50180.28125|76cd89|SLK935|0|2031|0|||3|3|0|1|1|132|50|["132,50,5"]|636148149802810000|13:56:20:281
62|1.1|636147906785436203|76cd89|50185.28125|6.59611072246|102.22698108879|164108|-784823||50185.28125|370||36981.25|367.75|50185.28125|76cd89|SLK935|0|2031|0|||3|3|0|1|1|132|83|["132,50,5"]|636148149852810000|13:56:25:281
62|1.1|636147906835381197|76cd89|50190.2578125|6.58522633457|102.22922341217|164362|-786030||50190.2578125|370||36975|367.75|50190.2578125|76cd89|SLK935|0|2031|0|||3|3|0|1|1|132|51|["132,50,5"]|636148149902580000|13:56:30:258
62|1.1|636147906885286187|76cd89|50195.2578125|6.57458870954|102.23136917617|164606|-787210||50195.2578125|370||36975|367.75|50195.2578125|76cd89|SLK935|0|2031|0|||3|3|0|1|1|132|51|["132,50,5"]|636148149952580000|13:56:35:258
62|1.1|636147906935201178|76cd89|50200.2578125|6.56396181333|102.23349884694|164848|-788389||50200.2578125|370||36981.25|367.75|50200.2578125|76cd89|SLK935|0|2031|0|||3|3|0|1|1|132|51|["132,50,5"]|636148150002580000|13:56:40:258
62|1.1|636147906985126170|76cd89|50205.2421875|6.55329736625|102.23560169566|165087|-789572||50205.2421875|370||36981.25|367.75|50205.2421875|76cd89|SLK935|0|2031|0|||3|3|0|1|1|132|50|["132,50,5"]|636148150052420000|13:56:45:242
62|1.1|636147907035051162|76cd89|50210.2421875|6.54368970794|102.23770990879|165326|-790638||50210.2421875|370||37031.25|367.75|50210.2421875|76cd89|SLK935|0|2031|0|||3|3|0|1|1|132|50|["132,50,5"]|636148150102420000|13:56:50:242
62|1.1|636147907084966153|76cd89|50215.21875|6.53282677769|102.23984494397|165568|-791843||50215.21875|370||37000|367.75|50215.21875|76cd89|SLK935|0|2031|0|||3|3|0|1|1|132|51|["132,50,5"]|636148150152190000|13:56:55:219
62|1.1|636147907134891145|76cd89|50220.21875|6.52170099135|102.24199607238|165813|-793077||50220.21875|369.75||36962.5|367.75|50220.21875|76cd89|SLK935|0|2031|0|||3|3|0|1|1|132|83|["132,50,5"]|636148150202190000|13:57:00:219
62|1.1|636147907184816137|76cd89|50225.21875|6.51196995161|102.24405600582|166047|-794157||50225.21875|369.75||36981.25|367.5|50225.21875|76cd89|SLK935|0|2031|0|||3|3|0|1|1|132|51|["132,50,5"]|636148150252190000|13:57:05:219
62|1.1|636147907234741129|76cd89|50230.1953125|6.50165419118|102.24616958336|166287|-795301||50230.1953125|369.75||36975|367.5|50230.1953125|76cd89|SLK935|0|2031|0|||3|3|0|1|1|132|50|["132,50,5"]|636148150301950000|13:57:10:195
62|1.1|636147907284656120|76cd89|50235.1953125|6.49145108336|102.24826706767|166525|-796433||50235.1953125|369.75||36987.5|367.5|50235.1953125|76cd89|SLK935|0|2031|0|||3|3|0|1|1|132|50|["132,50,5"]|636148150351950000|13:57:15:195
62|1.1|636147907334591113|76cd89|50240.1796875|6.48036284789|102.25041819608|166769|-797663||50240.1796875|369.75||36968.75|367.5|50240.1796875|76cd89|SLK935|0|2031|0|||3|3|0|1|1|132|50|["132,50,5"]|636148150401800000|13:57:20:180
62|1.1|636147907384496103|76cd89|50245.1796875|6.4698539687|102.2525746889|167014|-798829||50245.1796875|370||36956.25|367.75|50245.1796875|76cd89|SLK935|0|2031|0|||3|3|0|1|1|132|50|["132,50,5"]|636148150451800000|13:57:25:180
62|1.1|636147907434421095|76cd89|50250.1796875|6.45969377616|102.25451660532|167235|-799956||50250.1796875|370||37006.25|367.75|50250.1796875|76cd89|SLK935|0|2031|0|||3|3|0|1|1|132|50|["132,50,5"]|636148150501800000|13:57:30:180
62|1.1|636147907484356088|76cd89|50255.15625|6.44851434572|102.25668919137|167482|-801196||50255.15625|370||36981.25|367.75|50255.15625|76cd89|SLK935|0|2031|0|||3|3|0|1|1|132|50|["132,50,5"]|636148150551560000|13:57:35:156
62|1.1|636147907534261078|76cd89|50260.15625|6.43798400889|102.25884568419|167727|-802365||50260.15625|370||36975|367.75|50260.15625|76cd89|SLK935|0|2031|0|||3|3|0|1|1|132|50|["132,50,5"]|636148150601560000|13:57:40:156
62|1.1|636147907584186070|76cd89|50265.140625|6.42731956181|102.26104509229|167977|-803548||50265.140625|370||37000|367.75|50265.140625|76cd89|SLK935|0|2031|0|||3|3|0|1|1|132|83|["132,50,5"]|636148150651410000|13:57:45:141
62|1.1|636147907634111062|76cd89|50270.140625|6.41688041995|102.26320158511|168222|-804706||50270.140625|370.25||37000|368|50270.140625|76cd89|SLK935|0|2031|0|||3|3|0|1|1|132|50|["132,50,5"]|636148150701410000|13:57:50:141
62|1.1|636147907684026053|76cd89|50275.140625|6.40674704946|102.26529906942|168460|-805830||50275.140625|370.25||37037.5|368|50275.140625|76cd89|SLK935|0|2031|0|||3|3|0|1|1|132|51|["132,50,5"]|636148150751410000|13:57:55:141
62|1.1|636147907733961046|76cd89|50280.1171875|6.39642056021|102.26735363845|168694|-806976||50280.1171875|370.25||37037.5|368|50280.1171875|76cd89|SLK935|0|2031|0|||3|3|0|1|1|132|50|["132,50,5"]|636148150801170000|13:58:00:117
62|1.1|636147907783866036|76cd89|50285.1171875|6.38522503654|102.26954231773|168943|-808218||50285.1171875|370.25||37006.25|368|50285.1171875|76cd89|SLK935|0|2031|0|||3|3|0|1|1|132|50|["132,50,5"]|636148150851170000|13:58:05:117
62|1.1|636147907833791028|76cd89|50290.1015625|6.3746893353|102.27174709024|169193|-809387||50290.1015625|370.25||36993.75|368|50290.1015625|76cd89|SLK935|0|2031|0|||3|3|0|1|1|132|50|["132,50,5"]|636148150901020000|13:58:10:102
62|1.1|636147907883716020|76cd89|50295.1015625|6.36424482903|102.27394113393|169442|-810546||50295.1015625|370.25||36975|368|50295.1015625|76cd89|SLK935|0|2031|0|||3|3|0|1|1|132|50|["132,50,5"]|636148150951020000|13:58:15:102
62|1.1|636147907933641012|76cd89|50300.1015625|6.35380568717|102.27614054203|169692|-811704||50300.1015625|370||36956.25|367.75|50300.1015625|76cd89|SLK935|0|2031|0|||3|3|0|1|1|132|50|["132,50,5"]|636148151001020000|13:58:20:102
62|1.1|636147907983556003|76cd89|50305.078125|6.34210054455|102.27838822982|169948|-813003||50305.078125|370||36962.5|367.75|50305.078125|76cd89|SLK935|0|2031|0|||3|3|0|1|1|132|51|["132,50,5"]|636148151050780000|13:58:25:078
62|1.1|636147908033470994|76cd89|50310.078125|6.33223003015|102.28036769711|170173|-814098||50310.078125|370||37012.5|367.75|50310.078125|76cd89|SLK935|0|2031|0|||3|3|0|1|1|132|51|["132,50,5"]|636148151100780000|13:58:30:078
62|1.1|636147908083395986|76cd89|50315.0625|6.32188208326|102.2825617408|170422|-815246||50315.0625|370||37018.75|367.75|50315.0625|76cd89|SLK935|0|2031|0|||3|3|0|1|1|132|50|["132,50,5"]|636148151150630000|13:58:35:063
62|1.1|636147908133320978|76cd89|50320.0625|6.31070265282|102.28477187772|170674|-816487||50320.0625|370||36962.5|367.75|50320.0625|76cd89|SLK935|0|2031|0|||3|3|0|1|1|132|50|["132,50,5"]|636148151200630000|13:58:40:063
62|1.1|636147908183235969|76cd89|50325.0625|6.30025278214|102.28697665023|170924|-817646||50325.0625|370||36943.75|367.75|50325.0625|76cd89|SLK935|0|2031|0|||3|3|0|1|1|132|50|["132,50,5"]|636148151250630000|13:58:45:063
62|1.1|636147908233160961|76cd89|50330.0390625|6.28981364028|102.28917605833|171174|-818804||50330.0390625|369.75||36918.75|367.5|50330.0390625|76cd89|SLK935|0|2031|0|||3|3|0|1|1|132|50|["132,50,5"]|636148151300390000|13:58:50:039
62|1.1|636147908283085953|76cd89|50335.0390625|6.27928330345|102.29140228848|171427|-819973||50335.0390625|369.75||36868.75|367.5|50335.0390625|76cd89|SLK935|0|2031|0|||3|3|0|1|1|132|51|["132,50,5"]|636148151350390000|13:58:55:039
62|1.1|636147908333000944|76cd89|50340.015625|6.26877978867|102.2936124254|171678|-821139||50340.015625|369.75||36818.75|367.5|50340.015625|76cd89|SLK935|0|2031|0|||3|3|0|1|1|132|50|["132,50,5"]|636148151400160000|13:59:00:016
62|1.1|636147908382775921|76cd89|50345.015625|6.25820653656|102.29587620642|171935|-822312||50345.015625|369.75||36762.5|367.5|50345.015625|76cd89|SLK935|0|2031|0|||3|3|0|1|1|132|50|["132,50,5"]|636148151450160000|13:59:05:016
62|1.1|636147908432850928|76cd89|50350.015625|6.24751526743|102.2981185298|172190|-823498||50350.015625|369.75||36675|367.5|50350.015625|76cd89|SLK935|0|2031|0|||3|3|0|1|1|132|50|["132,50,5"]|636148151500160000|13:59:10:016
62|1.1|636147908482765919|76cd89|50355|6.23672743892|102.30040913287|172450|-824695||50355|370||36631.25|367.5|50355|76cd89|SLK935|0|2031|0|||3|3|0|1|1|132|50|["132,50,5"]|636148151550000000|13:59:15:000
62|1.1|636147908532550897|76cd89|50360|6.22596643246|102.30265145625|172705|-825889||50360|370||36625|367.75|50360|76cd89|SLK935|0|2031|0|||3|3|0|1|1|132|83|["132,50,5"]|636148151600000000|13:59:20:000
62|1.1|636147908582475889|76cd89|50364.9765625|6.21525370569|102.30486159317|172956|-827078||50364.9765625|370||36631.25|367.75|50364.9765625|76cd89|SLK935|0|2031|0|||3|3|0|1|1|132|51|["132,50,5"]|636148151649770000|13:59:24:977
62|1.1|636147908632560897|76cd89|50369.9765625|6.20456780097|102.30711464537|173212|-828264||50369.9765625|370||36662.5|367.75|50369.9765625|76cd89|SLK935|0|2031|0|||3|3|0|1|1|132|50|["132,50,5"]|636148151699770000|13:59:29:977
62|1.1|636147908682305871|76cd89|50374.9765625|6.19310942121|102.30901364651|173429|-829536||50374.9765625|370||36981.25|367.75|50374.9765625|76cd89|SLK935|0|2031|0|||3|3|0|1|1|132|83|["132,50,5"]|636148151749770000|13:59:34:977
62|1.1|636147908732380878|76cd89|50379.9609375|6.18244497413|102.31128279194|173687|-830719||50379.9609375|370||37012.5|367.75|50379.9609375|76cd89|SLK935|0|2031|0|||3|3|0|1|1|132|83|["132,50,5"]|636148151799610000|13:59:39:961
62|1.1|636147908782305870|76cd89|50384.9609375|6.17264956147|102.3134607424|173934|-831806||50384.9609375|370.25||37093.75|368|50384.9609375|76cd89|SLK935|0|2031|0|||3|3|0|1|1|132|50|["132,50,5"]|636148151849610000|13:59:44:961
62|1.1|636147908832240863|76cd89|50389.9375|6.16210313141|102.31623414237|174248|-832976||50389.9375|370.25||37050|368|50389.9375|76cd89|SLK935|0|2031|0|||3|3|0|1|1|132|83|["132,50,5"]|636148151899380000|13:59:49:938
62|1.1|636147908881995838|76cd89|50394.9375|6.15253838838|102.31927039843|174591|-834037||50394.9375|370.25||37050|368|50394.9375|76cd89|SLK935|0|2031|0|||3|3|0|1|1|132|50|["132,50,5"]|636148151949380000|13:59:54:938
62|1.1|636147908931920830|76cd89|50399.9375|6.14274834013|102.32239784946|174944|-835123||50399.9375|370.25||37037.5|368|50399.9375|76cd89|SLK935|0|2031|0|||3|3|0|1|1|132|50|["132,50,5"]|636148151999380000|13:59:59:938
62|1.1|636147908981845822|76cd89|50404.921875|6.13297974952|102.32623340261|175375|-836206||50404.921875|370.25||37018.75|368|50404.921875|76cd89|SLK935|0|2031|0|||3|3|0|1|1|132|50|["132,50,5"]|636148152049220000|14:00:04:922
62|1.1|636147909031760813|76cd89|50409.921875|6.12298048928|102.32963443855|175759|-837315||50409.921875|370.25||37018.75|368|50409.921875|76cd89|SLK935|0|2031|0|||3|3|0|1|1|132|50|["132,50,5"]|636148152099220000|14:00:09:922
62|1.1|636147909081685805|76cd89|50414.8984375|6.11177423679|102.33468771277|176327|-838557||50414.8984375|370.5||36993.75|368|50414.8984375|76cd89|SLK935|0|2031|0|||3|3|0|1|1|132|50|["132,50,5"]|636148152148980000|14:00:14:898
62|1.1|636147909131600796|76cd89|50419.8984375|6.10211829879|102.338458893|176751|-839628||50419.8984375|370.5||37043.75|368|50419.8984375|76cd89|SLK935|0|2031|0|||3|3|0|1|1|132|50|["132,50,5"]|636148152198980000|14:00:19:898
62|1.1|636147909181525788|76cd89|50424.8984375|6.09256964899|102.34235881907|177190|-840687||50424.8984375|370.5||37075|368|50424.8984375|76cd89|SLK935|0|2031|0|||3|3|0|1|1|132|50|["132,50,5"]|636148152248980000|14:00:24:898
62|1.1|636147909231460781|76cd89|50429.875|6.08288152453|102.34638749098|177643|-841761||50429.875|370.5||37062.5|368|50429.875|76cd89|SLK935|0|2031|0|||3|3|0|1|1|132|83|["132,50,5"]|636148152298750000|14:00:29:875
62|1.1|636147909281365771|76cd89|50434.875|6.07302173895|102.35041079848|178096|-842854||50434.875|370.5||37056.25|368|50434.875|76cd89|SLK935|0|2031|0|||3|3|0|1|1|132|51|["132,50,5"]|636148152348750000|14:00:34:875
62|1.1|636147909331290763|76cd89|50439.859375|6.06256113945|102.35454139418|178561|-844014||50439.859375|370.5||37025|368|50439.859375|76cd89|SLK935|0|2031|0|||3|3|0|1|1|132|51|["132,50,5"]|636148152398590000|14:00:39:859
62|1.1|636147909381215755|76cd89|50444.859375|6.05215954846|102.35875782044|179035|-845167||50444.859375|370.25||36987.5|368|50444.859375|76cd89|SLK935|0|2031|0|||3|3|0|1|1|132|51|["132,50,5"]|636148152448590000|14:00:44:859
62|1.1|636147909431130746|76cd89|50449.859375|6.04249288164|102.36268993297|179478|-846239||50449.859375|370.25||37012.5|368|50449.859375|76cd89|SLK935|0|2031|0|||3|3|0|1|1|132|50|["132,50,5"]|636148152498590000|14:00:49:859
62|1.1|636147909481045737|76cd89|50454.8359375|6.03179088369|102.3669439101|179957|-847426||50454.8359375|370.25||37000|368|50454.8359375|76cd89|SLK935|0|2031|0|||3|3|0|1|1|132|83|["132,50,5"]|636148152548360000|14:00:54:836
62|1.1|636147909530970729|76cd89|50459.8359375|6.02130882655|102.37098331083|180412|-848588||50459.8359375|370.25||37012.5|368|50459.8359375|76cd89|SLK935|0|2031|0|||3|3|0|1|1|132|83|["132,50,5"]|636148152598360000|14:00:59:836
62|1.1|636147909580895721|76cd89|50464.8203125|6.01213032104|102.37486177926|180848|-849606||50464.8203125|370||37025|367.75|50464.8203125|76cd89|SLK935|0|2031|0|||3|3|0|1|1|132|83|["132,50,5"]|636148152648200000|14:01:04:820
62|1.1|636147909630820713|76cd89|50469.8203125|6.00246901863|102.37870806123|181281|-850677||50469.8203125|370||37012.5|367.75|50469.8203125|76cd89|SLK935|0|2031|0|||3|3|0|1|1|132|51|["132,50,5"]|636148152698200000|14:01:09:820
62|1.1|636147909680745705|76cd89|50474.8203125|5.99229809727|102.38280110606|181742|-851805||50474.8203125|370||36993.75|367.75|50474.8203125|76cd89|SLK935|0|2031|0|||3|3|0|1|1|132|51|["132,50,5"]|636148152748200000|14:01:14:820
62|1.1|636147909730660696|76cd89|50479.796875|5.98288355772|102.38660983716|182171|-852849||50479.796875|370||37012.5|367.75|50479.796875|76cd89|SLK935|0|2031|0|||3|3|0|1|1|132|51|["132,50,5"]|636148152797970000|14:01:19:797
62|1.1|636147909780585688|76cd89|50484.796875|5.97275018723|102.3906546023|182626|-853972||50484.796875|370||36993.75|367.75|50484.796875|76cd89|SLK935|0|2031|0|||3|3|0|1|1|132|50|["132,50,5"]|636148152847970000|14:01:24:797
62|1.1|636147909830500679|76cd89|50489.78125|5.96261681674|102.39471546067|183084|-855096||50489.78125|370||36975|367.75|50489.78125|76cd89|SLK935|0|2031|0|||3|3|0|1|1|132|50|["132,50,5"]|636148152897810000|14:01:29:781
62|1.1|636147909880425671|76cd89|50494.78125|5.95253709035|102.39873876817|183537|-856214||50494.78125|370||36968.75|367.75|50494.78125|76cd89|SLK935|0|2031|0|||3|3|0|1|1|132|50|["132,50,5"]|636148152947810000|14:01:34:781
62|1.1|636147909930350663|76cd89|50499.78125|5.94303672024|102.40255286368|183966|-857268||50499.78125|369.75||37000|367.75|50499.78125|76cd89|SLK935|0|2031|0|||3|3|0|1|1|132|51|["132,50,5"]|636148152997810000|14:01:39:781
62|1.1|636147909980275655|76cd89|50504.7578125|5.93328958727|102.40654934913|184416|-858349||50504.7578125|369.75||37006.25|367.5|50504.7578125|76cd89|SLK935|0|2031|0|||3|3|0|1|1|132|50|["132,50,5"]|636148153047580000|14:01:44:758
62|1.1|636147910030200647|76cd89|50509.7578125|5.92298992007|102.41051364812|184863|-859491||50509.7578125|370||36987.5|367.75|50509.7578125|76cd89|SLK935|0|2031|0|||3|3|0|1|1|132|50|["132,50,5"]|636148153097580000|14:01:49:758
62|1.1|636147910080115638|76cd89|50514.7421875|5.91315695654|102.41453695562|185316|-860581||50514.7421875|369.75||36975|367.5|50514.7421875|76cd89|SLK935|0|2031|0|||3|3|0|1|1|132|50|["132,50,5"]|636148153147420000|14:01:54:742
62|1.1|636147910130040630|76cd89|50519.7421875|5.90407501041|102.41815793237|185724|-861588||50519.7421875|370||37031.25|367.75|50519.7421875|76cd89|SLK935|0|2031|0|||3|3|0|1|1|132|50|["132,50,5"]|636148153197420000|14:01:59:742
62|1.1|636147910179955621|76cd89|50524.7421875|5.89434933508|102.42217587546|186176|-862667||50524.7421875|370||37050|367.75|50524.7421875|76cd89|SLK935|0|2031|0|||3|3|0|1|1|132|50|["132,50,5"]|636148153247420000|14:02:04:742
62|1.1|636147910229880613|76cd89|50529.71875|5.88458610888|102.42620991178|186631|-863749||50529.71875|370||37062.5|367.75|50529.71875|76cd89|SLK935|0|2031|0|||3|3|0|1|1|132|50|["132,50,5"]|636148153297190000|14:02:09:719
62|1.1|636147910279805605|76cd89|50534.71875|5.87476923858|102.43032441425|187094|-864838||50534.71875|369.75||37068.75|367.5|50534.71875|76cd89|SLK935|0|2031|0|||3|3|0|1|1|132|50|["132,50,5"]|636148153347190000|14:02:14:719
62|1.1|636147910329740598|76cd89|50539.6953125|5.86495236828|102.43440673026|187554|-865927||50539.6953125|369.75||37056.25|367.5|50539.6953125|76cd89|SLK935|0|2031|0|||3|3|0|1|1|132|50|["132,50,5"]|636148153396950000|14:02:19:695
62|1.1|636147910379635587|76cd89|50544.6953125|5.85324722566|102.4384514954|188010|-867225||50544.6953125|369.75||36943.75|367.5|50544.6953125|76cd89|SLK935|0|2031|0|||3|3|0|1|1|132|51|["132,50,5"]|636148153446950000|14:02:24:695
62|1.1|636147910429560579|76cd89|50549.6953125|5.84326405865|102.44244261644|188460|-868332||50549.6953125|369.75||36950|367.5|50549.6953125|76cd89|SLK935|0|2031|0|||3|3|0|1|1|132|51|["132,50,5"]|636148153496950000|14:02:29:695
62|1.1|636147910479495572|76cd89|50554.6796875|5.83410701078|102.44615478816|188878|-869348||50554.6796875|369.75||36993.75|367.5|50554.6796875|76cd89|SLK935|0|2031|0|||3|3|0|1|1|132|51|["132,50,5"]|636148153546800000|14:02:34:680
62|1.1|636147910529400562|76cd89|50559.6796875|5.82433842017|102.45024246858|189338|-870431||50559.6796875|369.75||37018.75|367.5|50559.6796875|76cd89|SLK935|0|2031|0|||3|3|0|1|1|132|50|["132,50,5"]|636148153596800000|14:02:39:680
62|1.1|636147910579325554|76cd89|50564.65625|5.81500971118|102.45392781825|189754|-871466||50564.65625|369.75||37018.75|367.5|50564.65625|76cd89|SLK935|0|2031|0|||3|3|0|1|1|132|51|["132,50,5"]|636148153646560000|14:02:44:656
62|1.1|636147910629250546|76cd89|50569.65625|5.80535377318|102.45790821047|190203|-872537||50569.65625|369.75||37006.25|367.5|50569.65625|76cd89|SLK935|0|2031|0|||3|3|0|1|1|132|50|["132,50,5"]|636148153696560000|14:02:49:656
62|1.1|636147910679175538|76cd89|50574.65625|5.79563346226|102.46178131449|190639|-873615||50574.65625|369.75||36993.75|367.5|50574.65625|76cd89|SLK935|0|2031|0|||3|3|0|1|1|132|50|["132,50,5"]|636148153746560000|14:02:54:656
62|1.1|636147910729090529|76cd89|50579.640625|5.78581659196|102.4657563423|191087|-874703||50579.640625|370||37006.25|367.75|50579.640625|76cd89|SLK935|0|2031|0|||3|3|0|1|1|132|51|["132,50,5"]|636148153796410000|14:02:59:641
62|1.1|636147910779015521|76cd89|50584.640625|5.77603727253|102.46990303123|191554|-875788||50584.640625|370||37012.5|367.75|50584.640625|76cd89|SLK935|0|2031|0|||3|3|0|1|1|132|50|["132,50,5"]|636148153846410000|14:03:04:641
62|1.1|636147910828940513|76cd89|50589.6171875|5.76599509701|102.47367957587|191980|-876902||50589.6171875|370||36975|367.5|50589.6171875|76cd89|SLK935|0|2031|0|||3|3|0|1|1|132|50|["132,50,5"]|636148153896170000|14:03:09:617
62|1.1|636147910878855504|76cd89|50594.6171875|5.75619431994|102.47784235803|192449|-877989||50594.6171875|369.75||36962.5|367.5|50594.6171875|76cd89|SLK935|0|2031|0|||3|3|0|1|1|132|50|["132,50,5"]|636148153946170000|14:03:14:617
62|1.1|636147910928780496|76cd89|50599.6171875|5.74633453436|102.48206951311|192925|-879082||50599.6171875|370||36950|367.75|50599.6171875|76cd89|SLK935|0|2031|0|||3|3|0|1|1|132|50|["132,50,5"]|636148153996170000|14:03:19:617
62|1.1|636147910978705488|76cd89|50604.6015625|5.73629235884|102.48556710843|193320|-880196||50604.6015625|370||36993.75|367.75|50604.6015625|76cd89|SLK935|0|2031|0|||3|3|0|1|1|132|50|["132,50,5"]|636148154046020000|14:03:24:602
62|1.1|636147911028620479|76cd89|50609.6015625|5.72554744561|102.48987472966|193806|-881388||50609.6015625|370||36956.25|367.75|50609.6015625|76cd89|SLK935|0|2031|0|||3|3|0|1|1|132|50|["132,50,5"]|636148154096020000|14:03:29:602
62|1.1|636147911078555472|76cd89|50614.578125|5.71493127822|102.49396777449|194268|-882565||50614.578125|370.25||36981.25|367.75|50614.578125|76cd89|SLK935|0|2031|0|||3|3|0|1|1|132|51|["132,50,5"]|636148154145780000|14:03:34:578
62|1.1|636147911128470463|76cd89|50619.578125|5.7047818145|102.49802863286|194726|-883691||50619.578125|370.25||36993.75|367.75|50619.578125|76cd89|SLK935|0|2031|0|||3|3|0|1|1|132|51|["132,50,5"]|636148154195780000|14:03:39:578
62|1.1|636147911178395455|76cd89|50624.578125|5.6954477411|102.50184272837|195156|-884727||50624.578125|370.25||37043.75|368|50624.578125|76cd89|SLK935|0|2031|0|||3|3|0|1|1|132|51|["132,50,5"]|636148154245780000|14:03:44:578
62|1.1|636147911228310446|76cd89|50629.5625|5.68569524372|102.50606451904|195631|-885808||50629.5625|370.25||37068.75|368|50629.5625|76cd89|SLK935|0|2031|0|||3|3|0|1|1|132|50|["132,50,5"]|636148154295630000|14:03:49:563
62|1.1|636147911278235438|76cd89|50634.5625|5.67594274634|102.51036141145|196115|-886890||50634.5625|370.25||37087.5|368|50634.5625|76cd89|SLK935|0|2031|0|||3|3|0|1|1|132|50|["132,50,5"]|636148154345630000|14:03:54:563
62|1.1|636147911328150429|76cd89|50639.5390625|5.66560016386|102.51429888839|196560|-888037||50639.5390625|370.25||37012.5|368|50639.5390625|76cd89|SLK935|0|2031|0|||3|3|0|1|1|132|51|["132,50,5"]|636148154395390000|14:03:59:539
62|1.1|636147911378075421|76cd89|50644.5390625|5.6557511071|102.51861187403|197046|-889129||50644.5390625|370.25||37006.25|368|50644.5390625|76cd89|SLK935|0|2031|0|||3|3|0|1|1|132|50|["132,50,5"]|636148154445390000|14:04:04:539
62|1.1|636147911428000413|76cd89|50649.5390625|5.64554799928|102.52236696103|197470|-890261||50649.5390625|370||36987.5|367.75|50649.5390625|76cd89|SLK935|0|2031|0|||3|3|0|1|1|132|51|["132,50,5"]|636148154495390000|14:04:09:539
62|1.1|636147911477915404|76cd89|50654.515625|5.63652506166|102.52591283604|197870|-891262||50654.515625|370.25||37031.25|367.75|50654.515625|76cd89|SLK935|0|2031|0|||3|3|0|1|1|132|50|["132,50,5"]|636148154545160000|14:04:14:516
62|1.1|636147911527840396|76cd89|50659.515625|5.62685303043|102.53011853348|198344|-892335||50659.515625|370.25||37043.75|368|50659.515625|76cd89|SLK935|0|2031|0|||3|3|0|1|1|132|50|["132,50,5"]|636148154595160000|14:04:19:516
62|1.1|636147911577765388|76cd89|50664.5|5.61675721081|102.53386825607|198767|-893455||50664.5|370.25||37018.75|368|50664.5|76cd89|SLK935|0|2031|0|||3|3|0|1|1|132|50|["132,50,5"]|636148154645000000|14:04:24:500
62|1.1|636147911627680379|76cd89|50669.5|5.60681159467|102.53770917363|199201|-894558||50669.5|370.25||36987.5|368|50669.5|76cd89|SLK935|0|2031|0|||3|3|0|1|1|132|50|["132,50,5"]|636148154695000000|14:04:29:500
62|1.1|636147911677605371|76cd89|50674.5|5.59798177581|102.54093854845|199566|-895538||50674.5|370||37031.25|367.75|50674.5|76cd89|SLK935|0|2031|0|||3|3|0|1|1|132|51|["132,50,5"]|636148154745000000|14:04:34:500
62|1.1|636147911727520362|76cd89|50679.4765625|5.5884277616|102.54494576272|200018|-896598||50679.4765625|370||37043.75|367.75|50679.4765625|76cd89|SLK935|0|2031|0|||3|3|0|1|1|132|51|["132,50,5"]|636148154794770000|14:04:39:477
62|1.1|636147911777445354|76cd89|50684.4765625|5.57808517912|102.54893151935|200467|-897745||50684.4765625|370||36987.5|367.75|50684.4765625|76cd89|SLK935|0|2031|0|||3|3|0|1|1|132|51|["132,50,5"]|636148154844770000|14:04:44:477
62|1.1|636147911827370346|76cd89|50689.4609375|5.56838632584|102.55296555567|200923|-898821||50689.4609375|370||36975|367.75|50689.4609375|76cd89|SLK935|0|2031|0|||3|3|0|1|1|132|51|["132,50,5"]|636148154894610000|14:04:49:461
62|1.1|636147911877295338|76cd89|50694.4609375|5.55823686212|102.55675819354|201351|-899947||50694.4609375|370||36968.75|367.75|50694.4609375|76cd89|SLK935|0|2031|0|||3|3|0|1|1|132|50|["132,50,5"]|636148154944610000|14:04:54:461
62|1.1|636147911927210329|76cd89|50699.4609375|5.54832343244|102.56069030607|201795|-901046||50699.4609375|370||36987.5|367.75|50699.4609375|76cd89|SLK935|0|2031|0|||3|3|0|1|1|132|50|["132,50,5"]|636148154994610000|14:04:59:461
62|1.1|636147911977135321|76cd89|50704.4375|5.53836172307|102.56448830835|202224|-902152||50704.4375|370||36993.75|367.75|50704.4375|76cd89|SLK935|0|2031|0|||3|3|0|1|1|132|51|["132,50,5"]|636148155044380000|14:05:04:438
62|1.1|636147912027060313|76cd89|50709.4375|5.52932269222|102.56813074274|202635|-903154||50709.4375|370||37031.25|367.75|50709.4375|76cd89|SLK935|0|2031|0|||3|3|0|1|1|132|51|["132,50,5"]|636148155094380000|14:05:09:438
62|1.1|636147912076975304|76cd89|50714.421875|5.51962920335|102.57208431291|203081|-904229||50714.421875|370||37068.75|367.75|50714.421875|76cd89|SLK935|0|2031|0|||3|3|0|1|1|132|50|["132,50,5"]|636148155144220000|14:05:14:422
62|1.1|636147912126900296|76cd89|50719.421875|5.50969431603|102.57596278134|203519|-905332||50719.421875|370||37018.75|367.75|50719.421875|76cd89|SLK935|0|2031|0|||3|3|0|1|1|132|51|["132,50,5"]|636148155194220000|14:05:19:422
62|1.1|636147912176825288|76cd89|50724.421875|5.49970578461|102.57979297008|203952|-906440||50724.421875|370||37000|370|50724.421875|76cd89|SLK935|0|2031|0|||3|3|0|1|1|132|51|["132,50,5"]|636148155244220000|14:05:24:422
62|1.1|636147912226750280|76cd89|50729.3984375|5.48986745667|102.58360706559|204382|-907532||50729.3984375|370||36993.75|370|50729.3984375|76cd89|SLK935|0|2031|0|||3|3|0|1|1|132|51|["132,50,5"]|636148155293980000|14:05:29:398
62|1.1|636147912276665271|76cd89|50734.3984375|5.47991647612|102.5876357375|204837|-908636||50734.3984375|369.75||36987.5|369.75|50734.3984375|76cd89|SLK935|0|2031|0|||3|3|0|1|1|132|50|["132,50,5"]|636148155343980000|14:05:34:398
62|1.1|636147912326580262|76cd89|50739.375|5.47109738608|102.59116551928|205236|-909614||50739.375|369.75||37037.5|370|50739.375|76cd89|SLK935|0|2031|0|||3|3|0|1|1|132|50|["132,50,5"]|636148155393750000|14:05:39:375
62|1.1|636147912376505254|76cd89|50744.375|5.46212272815|102.5948240469|205648|-910610||50744.375|370||37031.25|370|50744.375|76cd89|SLK935|0|2031|0|||3|3|0|1|1|132|50|["132,50,5"]|636148155443750000|14:05:44:375
62|1.1|636147912426430246|76cd89|50749.375|5.45264918009|102.59861668477|206077|-911661||50749.375|370||37031.25|370|50749.375|76cd89|SLK935|0|2031|0|||3|3|0|1|1|132|50|["132,50,5"]|636148155493750000|14:05:49:375
62|1.1|636147912476345237|76cd89|50754.359375|5.44223149587|102.60274191606|206543|-912816||50754.359375|370||36981.25|370|50754.359375|76cd89|SLK935|0|2031|0|||3|3|0|1|1|132|50|["132,50,5"]|636148155543590000|14:05:54:359
62|1.1|636147912526270229|76cd89|50759.359375|5.43209812538|102.60682959648|207004|-913941||50759.359375|370||36962.5|370|50759.359375|76cd89|SLK935|0|2031|0|||3|3|0|1|1|132|50|["132,50,5"]|636148155593590000|14:05:59:359
62|1.1|636147912576195221|76cd89|50764.3359375|5.42206667868|102.61083681075|207457|-915053||50764.3359375|370.25||37006.25|370|50764.3359375|76cd89|SLK935|0|2031|0|||3|3|0|1|1|132|51|["132,50,5"]|636148155643360000|14:06:04:336
62|1.1|636147912626120213|76cd89|50769.3359375|5.41288817317|102.61453825365|207875|-916072||50769.3359375|370.25||37043.75|370|50769.3359375|76cd89|SLK935|0|2031|0|||3|3|0|1|1|132|51|["132,50,5"]|636148155693360000|14:06:09:336
62|1.1|636147912676035204|76cd89|50774.3359375|5.40331270132|102.61845427295|208317|-917134||50774.3359375|370||37062.5|370|50774.3359375|76cd89|SLK935|0|2031|0|||3|3|0|1|1|132|50|["132,50,5"]|636148155743360000|14:06:14:336
62|1.1|636147912725960196|76cd89|50779.3203125|5.39428439929|102.62203233442|208721|-918136||50779.3203125|370||37043.75|370|50779.3203125|76cd89|SLK935|0|2031|0|||3|3|0|1|1|132|50|["132,50,5"]|636148155793200000|14:06:19:320
62|1.1|636147912775885188|76cd89|50784.3203125|5.38503615645|102.62565331117|209130|-919162||50784.3203125|370||37025|370|50784.3203125|76cd89|SLK935|0|2031|0|||3|3|0|1|1|132|50|["132,50,5"]|636148155843200000|14:06:24:320
62|1.1|636147912825800179|76cd89|50789.296875|5.37536948963|102.62939766935|209553|-920234||50789.296875|370||37000|370|50789.296875|76cd89|SLK935|0|2031|0|||3|3|0|1|1|132|51|["132,50,5"]|636148155892970000|14:06:29:297
62|1.1|636147912875745173|76cd89|50794.296875|5.36488206808|102.6335550871|210023|-921398||50794.296875|370||36968.75|370|50794.296875|76cd89|SLK935|0|2031|0|||3|3|0|1|1|132|51|["132,50,5"]|636148155942970000|14:06:34:297
62|1.1|636147912925650163|76cd89|50799.296875|5.35529586741|102.63735308938|210452|-922462||50799.296875|370||36981.25|370|50799.296875|76cd89|SLK935|0|2031|0|||3|3|0|1|1|132|51|["132,50,5"]|636148155992970000|14:06:39:297
62|1.1|636147912975565154|76cd89|50804.28125|5.3457418532|102.64114572725|210881|-923522||50804.28125|370||37000|370|50804.28125|76cd89|SLK935|0|2031|0|||3|3|0|1|1|132|51|["132,50,5"]|636148156042810000|14:06:44:281
62|1.1|636147913025490146|76cd89|50809.28125|5.33606982197|102.64498664481|211315|-924595||50809.28125|370||37006.25|370|50809.28125|76cd89|SLK935|0|2031|0|||3|3|0|1|1|132|51|["132,50,5"]|636148156092810000|14:06:49:281
62|1.1|636147913075415138|76cd89|50814.2578125|5.32554484955|102.64914942697|211785|-925763||50814.2578125|370||36968.75|370|50814.2578125|76cd89|SLK935|0|2031|0|||3|3|0|1|1|132|51|["132,50,5"]|636148156142580000|14:06:54:258
62|1.1|636147913125340130|76cd89|50819.2578125|5.31524518235|102.65328002267|212252|-926906||50819.2578125|370||36962.5|370|50819.2578125|76cd89|SLK935|0|2031|0|||3|3|0|1|1|132|50|["132,50,5"]|636148156192580000|14:06:59:258
62|1.1|636147913175265122|76cd89|50824.2578125|5.30580382075|102.65707802495|212681|-927953||50824.2578125|370||37000|370|50824.2578125|76cd89|SLK935|0|2031|0|||3|3|0|1|1|132|50|["132,50,5"]|636148156242580000|14:07:04:258
62|1.1|636147913225180113|76cd89|50829.2421875|5.29649120499|102.66089748487|213113|-928987||50829.2421875|370||37018.75|370|50829.2421875|76cd89|SLK935|0|2031|0|||3|3|0|1|1|132|50|["132,50,5"]|636148156292420000|14:07:09:242
62|1.1|636147913275095104|76cd89|50834.2421875|5.28599841903|102.66495297883|213571|-930151||50834.2421875|370||36987.5|370|50834.2421875|76cd89|SLK935|0|2031|0|||3|3|0|1|1|132|50|["132,50,5"]|636148156342420000|14:07:14:242
62|1.1|636147913325020096|76cd89|50839.21875|5.27573093829|102.66897092192|214025|-931290||50839.21875|370.25||36987.5|370|50839.21875|76cd89|SLK935|0|2031|0|||3|3|0|1|1|132|50|["132,50,5"]|636148156392190000|14:07:19:219
62|1.1|636147913374945088|76cd89|50844.21875|5.26563511867|102.6730907888|214491|-932410||50844.21875|370.25||37006.25|370|50844.21875|76cd89|SLK935|0|2031|0|||3|3|0|1|1|132|51|["132,50,5"]|636148156442190000|14:07:24:219
62|1.1|636147913424870080|76cd89|50849.21875|5.25640296906|102.67688342667|214920|-933435||50849.21875|370.25||37043.75|370|50849.21875|76cd89|SLK935|0|2031|0|||3|3|0|1|1|132|51|["132,50,5"]|636148156492190000|14:07:29:219
62|1.1|636147913474785071|76cd89|50854.1953125|5.24670411578|102.68079944597|215362|-934511||50854.1953125|370||37075|370|50854.1953125|76cd89|SLK935|0|2031|0|||3|3|0|1|1|132|50|["132,50,5"]|636148156541950000|14:07:34:195
62|1.1|636147913524710063|76cd89|50859.1953125|5.23690333871|102.68469937204|215803|-935599||50859.1953125|370||37100|370|50859.1953125|76cd89|SLK935|0|2031|0|||3|3|0|1|1|132|51|["132,50,5"]|636148156591950000|14:07:39:195
62|1.1|636147913574635055|76cd89|50864.1796875|5.22745124829|102.68844373022|216226|-936648||50864.1796875|370||37037.5|370|50864.1796875|76cd89|SLK935|0|2031|0|||3|3|0|1|1|132|51|["132,50,5"]|636148156641800000|14:07:44:180
62|1.1|636147913624550046|76cd89|50869.1796875|5.21765583563|102.69234365629|216667|-937735||50869.1796875|370||37050|370|50869.1796875|76cd89|SLK935|0|2031|0|||3|3|0|1|1|132|50|["132,50,5"]|636148156691800000|14:07:49:180
62|1.1|636147913674485039|76cd89|50874.1796875|5.20771021949|102.69629722646|217114|-938838||50874.1796875|370||37056.25|370|50874.1796875|76cd89|SLK935|0|2031|0|||3|3|0|1|1|132|51|["132,50,5"]|636148156741800000|14:07:54:180
62|1.1|636147913724400030|76cd89|50879.15625|5.19772705248|102.7002883475|217565|-939946||50879.15625|370||37050|370|50879.15625|76cd89|SLK935|0|2031|0|||3|3|0|1|1|132|50|["132,50,5"]|636148156791560000|14:07:59:156
62|1.1|636147913774315021|76cd89|50884.15625|5.18701432571|102.70460133314|218053|-941135||50884.15625|370||36993.75|370|50884.15625|76cd89|SLK935|0|2031|0|||3|3|0|1|1|132|51|["132,50,5"]|636148156841560000|14:08:04:156
62|1.1|636147913824240013|76cd89|50889.140625|5.17725646392|102.70846370834|218490|-942218||50889.140625|370||37006.25|370|50889.140625|76cd89|SLK935|0|2031|0|||3|3|0|1|1|132|51|["132,50,5"]|636148156891410000|14:08:09:141
62|1.1|636147913874165005|76cd89|50894.140625|5.16735376306|102.71238509205|218933|-943317||50894.140625|370||37012.5|370|50894.140625|76cd89|SLK935|0|2031|0|||3|3|0|1|1|132|51|["132,50,5"]|636148156941410000|14:08:14:141
62|1.1|636147913924079996|76cd89|50899.140625|5.1568609771|102.71656933185|219407|-944481||50899.140625|370||36975|370|50899.140625|76cd89|SLK935|0|2031|0|||3|3|0|1|1|132|51|["132,50,5"]|636148156991410000|14:08:19:141
62|1.1|636147913974004988|76cd89|50904.1171875|5.14699582711|102.72072138519|219876|-945576||50904.1171875|370||37000|370|50904.1171875|76cd89|SLK935|0|2031|0|||3|3|0|1|1|132|50|["132,50,5"]|636148157041170000|14:08:24:117
62|1.1|636147914023929980|76cd89|50909.1171875|5.13709849066|102.72462667567|220318|-946674||50909.1171875|370||37006.25|370|50909.1171875|76cd89|SLK935|0|2031|0|||3|3|0|1|1|132|51|["132,50,5"]|636148157091170000|14:08:29:117
62|1.1|636147914073844971|76cd89|50914.1015625|5.12653596737|102.72883773752|220794|-947847||50914.1015625|370||36981.25|370|50914.1015625|76cd89|SLK935|0|2031|0|||3|3|0|1|1|132|50|["132,50,5"]|636148157141020000|14:08:34:102
62|1.1|636147914123769963|76cd89|50919.1015625|5.11583933383|102.73316145198|221283|-949034||50919.1015625|370||36956.25|370|50919.1015625|76cd89|SLK935|0|2031|0|||3|3|0|1|1|132|50|["132,50,5"]|636148157191020000|14:08:39:102
62|1.1|636147914173694955|76cd89|50924.1015625|5.10639260782|102.73699164072|221716|-950082||50924.1015625|370||37006.25|370|50924.1015625|76cd89|SLK935|0|2031|0|||3|3|0|1|1|132|50|["132,50,5"]|636148157241020000|14:08:44:102
62|1.1|636147914223619947|76cd89|50929.078125|5.09654891547|102.74114905847|222186|-951174||50929.078125|370||37018.75|370|50929.078125|76cd89|SLK935|0|2031|0|||3|3|0|1|1|132|50|["132,50,5"]|636148157290780000|14:08:49:078
62|1.1|636147914273534938|76cd89|50934.078125|5.08702708772|102.74494706075|222616|-952231||50934.078125|370||37031.25|370|50934.078125|76cd89|SLK935|0|2031|0|||3|3|0|1|1|132|50|["132,50,5"]|636148157340780000|14:08:54:078
62|1.1|636147914320329617|76cd89|50938.7578125|5.0778432178|102.74854121545|223023|-953251||50938.7578125|370||37025|370|50938.7578125|76cd89|SLK935|0|2031|0|||3|3|0|1|1|132|50|["132,50,5"]|636148157387580000|14:08:58:758
62|1.1|636147914370254609|76cd89|50943.7421875|5.06774739818|102.75246259916|223466|-954371||50943.7421875|370||37006.25|370|50943.7421875|76cd89|SLK935|0|2031|0|||3|3|0|1|1|132|51|["132,50,5"]|636148157437420000|14:09:03:742
62|1.1|636147914420179601|76cd89|50948.7421875|5.05784469732|102.75643226256|223915|-955470||50948.7421875|370||37000|370|50948.7421875|76cd89|SLK935|0|2031|0|||3|3|0|1|1|132|51|["132,50,5"]|636148157487420000|14:09:08:742
62|1.1|636147914470104593|76cd89|50953.7421875|5.04789908118|102.7604233836|224367|-956574||50953.7421875|370||36993.75|370|50953.7421875|76cd89|SLK935|0|2031|0|||3|3|0|1|1|132|51|["132,50,5"]|636148157537420000|14:09:13:742
62|1.1|636147914520019584|76cd89|50958.71875|5.03728291379|102.76461835222|224842|-957752||50958.71875|370||36943.75|370|50958.71875|76cd89|SLK935|0|2031|0|||3|3|0|1|1|132|51|["132,50,5"]|636148157587190000|14:09:18:719
62|1.1|636147914569944576|76cd89|50963.71875|5.02668283963|102.76879722761|225315|-958929||50963.71875|370||36931.25|370|50963.71875|76cd89|SLK935|0|2031|0|||3|3|0|1|1|132|50|["132,50,5"]|636148157637190000|14:09:23:719
62|1.1|636147914619869568|76cd89|50968.6953125|5.01711273219|102.77263278076|225749|-959991||50968.6953125|370||37006.25|370|50968.6953125|76cd89|SLK935|0|2031|0|||3|3|0|1|1|132|50|["132,50,5"]|636148157686950000|14:09:28:695
62|1.1|636147914669784559|76cd89|50973.6953125|5.00734950599|102.77638786776|226174|-961075||50973.6953125|370||37012.5|370|50973.6953125|76cd89|SLK935|0|2031|0|||3|3|0|1|1|132|51|["132,50,5"]|636148157736950000|14:09:33:695
62|1.1|636147914719709551|76cd89|50978.6953125|4.99653485543|102.78061502284|226653|-962275||50978.6953125|370||36981.25|370|50978.6953125|76cd89|SLK935|0|2031|0|||3|3|0|1|1|132|51|["132,50,5"]|636148157786950000|14:09:38:695
62|1.1|636147914769624542|76cd89|50983.6796875|4.98698084122|102.78455249978|227098|-963336||50983.6796875|370||37006.25|370|50983.6796875|76cd89|SLK935|0|2031|0|||3|3|0|1|1|132|51|["132,50,5"]|636148157836800000|14:09:43:680
62|1.1|636147914819549534|76cd89|50988.6796875|4.97731953881|102.78842023939|227536|-964408||50988.6796875|370||37018.75|370|50988.6796875|76cd89|SLK935|0|2031|0|||3|3|0|1|1|132|51|["132,50,5"]|636148157886800000|14:09:48:680
62|1.1|636147914869474526|76cd89|50993.65625|4.9673363718|102.79236308074|227982|-965516||50993.65625|370||37018.75|370|50993.65625|76cd89|SLK935|0|2031|0|||3|3|0|1|1|132|50|["132,50,5"]|636148157936560000|14:09:53:656
62|1.1|636147914919409519|76cd89|50998.65625|4.95683285702|102.79650976967|228452|-966682||50998.65625|370||36975|370|50998.65625|76cd89|SLK935|0|2031|0|||3|3|0|1|1|132|51|["132,50,5"]|636148157986560000|14:09:58:656
62|1.1|636147914969314509|76cd89|51003.65625|4.94699452908|102.80047943307|228901|-967774||51003.65625|370||37000|370|51003.65625|76cd89|SLK935|0|2031|0|||3|3|0|1|1|132|50|["132,50,5"]|636148158036560000|14:10:03:656
62|1.1|636147915019229500|76cd89|51008.640625|4.93729031139|102.80436326591|229341|-968851||51008.640625|370||37006.25|370|51008.640625|76cd89|SLK935|0|2031|0|||3|3|0|1|1|132|50|["132,50,5"]|636148158086410000|14:10:08:641
62|1.1|636147915069154492|76cd89|51013.640625|4.92739833935|102.80831683608|229789|-969949||51013.640625|370||37006.25|370|51013.640625|76cd89|SLK935|0|2031|0|||3|3|0|1|1|132|50|["132,50,5"]|636148158136410000|14:10:13:641
62|1.1|636147915119079484|76cd89|51018.6171875|4.91740980793|102.81230795712|230240|-971058||51018.6171875|370||37000|370|51018.6171875|76cd89|SLK935|0|2031|0|||3|3|0|1|1|132|50|["132,50,5"]|636148158186170000|14:10:18:617
62|1.1|636147915169004476|76cd89|51023.6171875|4.90626256395|102.81663167158|230730|-972296||51023.6171875|370||36956.25|370|51023.6171875|76cd89|SLK935|0|2031|0|||3|3|0|1|1|132|50|["132,50,5"]|636148158236170000|14:10:23:617
62|1.1|636147915218919467|76cd89|51028.6171875|4.89683729558|102.82047258914|231165|-973342||51028.6171875|370||37006.25|370|51028.6171875|76cd89|SLK935|0|2031|0|||3|3|0|1|1|132|50|["132,50,5"]|636148158286170000|14:10:28:617
62|1.1|636147915268854460|76cd89|51033.6015625|4.88717062876|102.82439933726|231609|-974415||51033.6015625|370||37018.75|370|51033.6015625|76cd89|SLK935|0|2031|0|||3|3|0|1|1|132|50|["132,50,5"]|636148158336020000|14:10:33:602
62|1.1|636147915318759450|76cd89|51038.6015625|4.87739667374|102.82832608538|232054|-975500||51038.6015625|370||37012.5|370|51038.6015625|76cd89|SLK935|0|2031|0|||3|3|0|1|1|132|51|["132,50,5"]|636148158386020000|14:10:38:602
62|1.1|636147915368684442|76cd89|51043.578125|4.86759589667|102.83226356232|232500|-976588||51043.578125|370||37012.5|370|51043.578125|76cd89|SLK935|0|2031|0|||3|3|0|1|1|132|51|["132,50,5"]|636148158435780000|14:10:43:578
62|1.1|636147915418609434|76cd89|51048.578125|4.85770392463|102.8362224969|232948|-977686||51048.578125|370||37006.25|370|51048.578125|76cd89|SLK935|0|2031|0|||3|3|0|1|1|132|51|["132,50,5"]|636148158485780000|14:10:48:578
62|1.1|636147915468534426|76cd89|51053.578125|4.84785486787|102.84018679589|233398|-978779||51053.578125|370||37006.25|370|51053.578125|76cd89|SLK935|0|2031|0|||3|3|0|1|1|132|51|["132,50,5"]|636148158535780000|14:10:53:578
62|1.1|636147915518449417|76cd89|51058.5625|4.83782342117|102.84412963724|233844|-979893||51058.5625|370||36993.75|370|51058.5625|76cd89|SLK935|0|2031|0|||3|3|0|1|1|132|51|["132,50,5"]|636148158585630000|14:10:58:563
62|1.1|636147915568374409|76cd89|51063.5625|4.82675127893|102.84837824996|234326|-981122||51063.5625|369.75||36950|370|51063.5625|76cd89|SLK935|0|2031|0|||3|3|0|1|1|132|51|["132,50,5"]|636148158635630000|14:11:03:563
62|1.1|636147915618299401|76cd89|51068.5390625|4.81623167092|102.8525839474|234802|-982290||51068.5390625|369.75||36931.25|369.75|51068.5390625|76cd89|SLK935|0|2031|0|||3|3|0|1|1|132|51|["132,50,5"]|636148158685390000|14:11:08:539
