62|1.1|636147897450232776|76ce62|49251.78125|5.3706327156|98.53087041233|-247141|-920538||49251.78125|400||39887.5|400|49251.78125|76ce62|SIA528|0|2533|0|||3|3|0|1|1|132|50|["132,66,5","132,50,5"]|636148140517810000|13:40:51:781
62|1.1|636147897500157768|76ce62|49256.7578125|5.37833600836|98.52368210293|-247937|-919676||49256.7578125|400||39931.25|400|49256.7578125|76ce62|SIA528|0|2533|0|||3|3|0|1|1|132|51|["132,66,5","132,50,5"]|636148140567580000|13:40:56:758
62|1.1|636147897550072759|76ce62|49261.7578125|5.38574425857|98.51694440397|-248682|-918847||49261.7578125|400||39956.25|400|49261.7578125|76ce62|SIA528|0|2533|0|||3|3|0|1|1|132|50|["132,66,5","132,50,5"]|636148140617580000|13:41:01:758
62|1.1|636147897599997751|76ce62|49266.7421875|5.39374259388|98.50983656072|-249469|-917952||49266.7421875|400||39981.25|400|49266.7421875|76ce62|SIA528|0|2533|0|||3|3|0|1|1|132|50|["132,66,5","132,50,5"]|636148140667420000|13:41:06:742
62|1.1|636147897649922743|76ce62|49271.7421875|5.40248121777|98.50301839561|-250222|-916976||49271.7421875|400||39987.5|400|49271.7421875|76ce62|SIA528|0|2533|0|||3|3|0|1|1|132|50|["132,66,5","132,50,5"]|636148140717420000|13:41:11:742
62|1.1|636147897699847735|76ce62|49276.7421875|5.41104281613|98.49607684907|-250989|-916018||49276.7421875|400||39987.5|400|49276.7421875|76ce62|SIA528|0|2533|0|||3|3|0|1|1|132|50|["132,66,5","132,50,5"]|636148140767420000|13:41:16:742
62|1.1|636147897749762726|76ce62|49281.71875|5.41977607561|98.48932842129|-251735|-915043||49281.71875|400||39981.25|400|49281.71875|76ce62|SIA528|0|2533|0|||3|3|0|1|1|132|50|["132,66,5","132,50,5"]|636148140817190000|13:41:21:719
62|1.1|636147897799687718|76ce62|49286.71875|5.42778513974|98.48252634941|-252487|-914147||49286.71875|400||39968.75|400|49286.71875|76ce62|SIA528|0|2533|0|||3|3|0|1|1|132|50|["132,66,5","132,50,5"]|636148140867190000|13:41:26:719
62|1.1|636147897849602709|76ce62|49291.6953125|5.43687781469|98.47572964194|-253238|-913131||49291.6953125|400||39975|400|49291.6953125|76ce62|SIA528|0|2533|0|||3|3|0|1|1|132|50|["132,66,5","132,50,5"]|636148140916950000|13:41:31:695
62|1.1|636147897899537702|76ce62|49296.6953125|5.44570226914|98.46928162112|-253950|-912145||49296.6953125|400||39956.25|400|49296.6953125|76ce62|SIA528|0|2533|0|||3|3|0|1|1|132|50|["132,66,5","132,50,5"]|636148140966950000|13:41:36:695
62|1.1|636147897949452693|76ce62|49301.6953125|5.45408147756|98.46250637129|-254699|-911208||49301.6953125|400||39956.25|400|49301.6953125|76ce62|SIA528|0|2533|0|||3|3|0|1|1|132|51|["132,66,5","132,50,5"]|636148141016950000|13:41:41:695
62|1.1|636147897999367684|76ce62|49306.6796875|5.46255724536|98.45575794351|-255444|-910260||49306.6796875|400||39962.5|400|49306.6796875|76ce62|SIA528|0|2533|0|||3|3|0|1|1|132|51|["132,66,5","132,50,5"]|636148141066800000|13:41:46:680
62|1.1|636147898049292676|76ce62|49311.6796875|5.47121003869|98.44898269368|-256193|-909293||49311.6796875|400||39968.75|400|49311.6796875|76ce62|SIA528|0|2533|0|||3|3|0|1|1|132|51|["132,66,5","132,50,5"]|636148141116800000|13:41:51:680
62|1.1|636147898099217668|76ce62|49316.65625|5.47985746761|98.44225035913|-256937|-908326||49316.65625|400||39975|400|49316.65625|76ce62|SIA528|0|2533|0|||3|3|0|1|1|132|51|["132,66,5","132,50,5"]|636148141166560000|13:41:56:656
62|1.1|636147898149132659|76ce62|49321.65625|5.48795772671|98.43565213483|-257666|-907421||49321.65625|400||39968.75|400|49321.65625|76ce62|SIA528|0|2533|0|||3|3|0|1|1|132|50|["132,66,5","132,50,5"]|636148141216560000|13:42:01:656
62|1.1|636147898199057651|76ce62|49326.65625|5.49673926588|98.4293596819|-258360|-906440||49326.65625|400||39943.75|400|49326.65625|76ce62|SIA528|0|2533|0|||3|3|0|1|1|132|50|["132,66,5","132,50,5"]|636148141266560000|13:42:06:656
62|1.1|636147898248982643|76ce62|49331.640625|5.50521503368|98.42248250828|-259120|-905492||49331.640625|400||39968.75|400|49331.640625|76ce62|SIA528|0|2533|0|||3|3|0|1|1|132|51|["132,66,5","132,50,5"]|636148141316410000|13:42:11:641
62|1.1|636147898298907635|76ce62|49336.640625|5.51394829316|98.41578236019|-259860|-904516||49336.640625|400||39975|400|49336.640625|76ce62|SIA528|0|2533|0|||3|3|0|1|1|132|51|["132,66,5","132,50,5"]|636148141366410000|13:42:16:641
62|1.1|636147898348822626|76ce62|49341.6171875|5.52268691705|98.40877644073|-260634|-903539||49341.6171875|400||39993.75|400|49341.6171875|76ce62|SIA528|0|2533|0|||3|3|0|1|1|132|50|["132,66,5","132,50,5"]|636148141416170000|13:42:21:617
62|1.1|636147898398747618|76ce62|49346.6171875|5.53005225198|98.40301506439|-261270|-902715||49346.6171875|400||39956.25|400|49346.6171875|76ce62|SIA528|0|2533|0|||3|3|0|1|1|132|50|["132,66,5","132,50,5"]|636148141466170000|13:42:26:617
62|1.1|636147898448672610|76ce62|49351.6171875|5.53873723177|98.39665823854|-261972|-901745||49351.6171875|400||39918.75|400|49351.6171875|76ce62|SIA528|0|2533|0|||3|3|0|1|1|132|50|["132,66,5","132,50,5"]|636148141516170000|13:42:31:617
62|1.1|636147898498587601|76ce62|49356.6015625|5.54762069473|98.39038187884|-262664|-900752||49356.6015625|400||39868.75|400|49356.6015625|76ce62|SIA528|0|2533|0|||3|3|0|1|1|132|50|["132,66,5","132,50,5"]|636148141566020000|13:42:36:602
62|1.1|636147898548512593|76ce62|49361.6015625|5.55643978477|98.3839767733|-263371|-899767||49361.6015625|400||39825|400|49361.6015625|76ce62|SIA528|0|2533|0|||3|3|0|1|1|132|50|["132,66,5","132,50,5"]|636148141616020000|13:42:41:602
62|1.1|636147898598427584|76ce62|49366.578125|5.56524278158|98.37750729484|-264085|-898783||49366.578125|400||39775|400|49366.578125|76ce62|SIA528|0|2533|0|||3|3|0|1|1|132|51|["132,66,5","132,50,5"]|636148141665780000|13:42:46:578
62|1.1|636147898648352576|76ce62|49371.578125|5.57398676988|98.37057647712|-264850|-897806||49371.578125|400||39731.25|400|49371.578125|76ce62|SIA528|0|2533|0|||3|3|0|1|1|132|50|["132,66,5","132,50,5"]|636148141715780000|13:42:51:578
62|1.1|636147898698277568|76ce62|49376.578125|5.58278440228|98.36361347294|-265619|-896822||49376.578125|400||39731.25|400|49376.578125|76ce62|SIA528|0|2533|0|||3|3|0|1|1|132|50|["132,66,5","132,50,5"]|636148141765780000|13:42:56:578
62|1.1|636147898748192559|76ce62|49381.5625|5.59101877163|98.35678457901|-266373|-895901||49381.5625|400||39943.75|400|49381.5625|76ce62|SIA528|0|2533|0|||3|3|0|1|1|132|50|["132,66,5","132,50,5"]|636148141815630000|13:43:01:563
62|1.1|636147898798127552|76ce62|49386.5625|5.59983786167|98.3501273462|-267108|-894915||49386.5625|400||39937.5|400|49386.5625|76ce62|SIA528|0|2533|0|||3|3|0|1|1|132|50|["132,66,5","132,50,5"]|636148141865630000|13:43:06:563
62|1.1|636147898848042543|76ce62|49391.5390625|5.60781473934|98.34381343563|-267805|-894023||49391.5390625|400||39937.5|400|49391.5390625|76ce62|SIA528|0|2533|0|||3|3|0|1|1|132|50|["132,66,5","132,50,5"]|636148141915390000|13:43:11:539
62|1.1|636147898897967535|76ce62|49396.5390625|5.6160544731|98.3370918299|-268547|-893102||49396.5390625|400||39981.25|400|49396.5390625|76ce62|SIA528|0|2533|0|||3|3|0|1|1|132|51|["132,66,5","132,50,5"]|636148141965390000|13:43:16:539
62|1.1|636147898947882526|76ce62|49401.5390625|5.62418155425|98.33093348722|-269227|-892194||49401.5390625|400||39975|400|49401.5390625|76ce62|SIA528|0|2533|0|||3|3|0|1|1|132|51|["132,66,5","132,50,5"]|636148142015390000|13:43:21:539
62|1.1|636147898997797517|76ce62|49406.515625|5.63264122882|98.32449619522|-269937|-891248||49406.515625|400||39962.5|400|49406.515625|76ce62|SIA528|0|2533|0|||3|3|0|1|1|132|50|["132,66,5","132,50,5"]|636148142065160000|13:43:26:516
62|1.1|636147899047722509|76ce62|49411.515625|5.64150323414|98.31796770825|-270657|-890258||49411.515625|400||39968.75|400|49411.515625|76ce62|SIA528|0|2533|0|||3|3|0|1|1|132|51|["132,66,5","132,50,5"]|636148142115160000|13:43:31:516
62|1.1|636147899097647501|76ce62|49416.5|5.65023112921|98.31124073811|-271399|-889282||49416.5|400||39981.25|400|49416.5|76ce62|SIA528|0|2533|0|||3|3|0|1|1|132|51|["132,66,5","132,50,5"]|636148142165000000|13:43:36:500
62|1.1|636147899147572493|76ce62|49421.5|5.65915750745|98.30450840356|-272142|-888284||49421.5|400||39987.5|400|49421.5|76ce62|SIA528|0|2533|0|||3|3|0|1|1|132|51|["132,66,5","132,50,5"]|636148142215000000|13:43:41:500
62|1.1|636147899197487484|76ce62|49426.5|5.66818580948|98.29769560286|-272893|-887275||49426.5|400||39987.5|400|49426.5|76ce62|SIA528|0|2533|0|||3|3|0|1|1|132|50|["132,66,5","132,50,5"]|636148142265000000|13:43:46:500
62|1.1|636147899247412476|76ce62|49431.4765625|5.6771014589|98.29132804819|-273595|-886279||49431.4765625|400||39987.5|400|49431.4765625|76ce62|SIA528|0|2533|0|||3|3|0|1|1|132|50|["132,66,5","132,50,5"]|636148142314770000|13:43:51:477
62|1.1|636147899297337468|76ce62|49436.4765625|5.68611903211|98.28431139991|-274370|-885271||49436.4765625|400||39993.75|400|49436.4765625|76ce62|SIA528|0|2533|0|||3|3|0|1|1|132|50|["132,66,5","132,50,5"]|636148142364770000|13:43:56:477
62|1.1|636147899347272461|76ce62|49441.4609375|5.69444459643|98.27784192145|-275083|-884340||49441.4609375|400||39968.75|400|49441.4609375|76ce62|SIA528|0|2533|0|||3|3|0|1|1|132|50|["132,66,5","132,50,5"]|636148142414610000|13:44:01:461
62|1.1|636147899397177451|76ce62|49446.4609375|5.70334951703|98.27145290914|-275787|-883344||49446.4609375|400||39950|400|49446.4609375|76ce62|SIA528|0|2533|0|||3|3|0|1|1|132|50|["132,66,5","132,50,5"]|636148142464610000|13:44:06:461
62|1.1|636147899447102443|76ce62|49451.4609375|5.7122383444|98.26487077807|-276513|-882351||49451.4609375|400||39931.25|400|49451.4609375|76ce62|SIA528|0|2533|0|||3|3|0|1|1|132|50|["132,66,5","132,50,5"]|636148142514610000|13:44:11:461
62|1.1|636147899497027435|76ce62|49456.4375|5.72090186655|98.25814380793|-277255|-881382||49456.4375|400||39918.75|400|49456.4375|76ce62|SIA528|0|2533|0|||3|3|0|1|1|132|50|["132,66,5","132,50,5"]|636148142564380000|13:44:16:438
62|1.1|636147899546962428|76ce62|49461.4375|5.72938836317|98.25085357474|-278060|-880433||49461.4375|400||39868.75|400|49461.4375|76ce62|SIA528|0|2533|0|||3|3|0|1|1|132|50|["132,66,5","132,50,5"]|636148142614380000|13:44:21:438
62|1.1|636147899596867418|76ce62|49466.421875|5.73759054606|98.24340777366|-278882|-879515||49466.421875|400||39881.25|400|49466.421875|76ce62|SIA528|0|2533|0|||3|3|0|1|1|132|50|["132,66,5","132,50,5"]|636148142664220000|13:44:26:422
62|1.1|636147899646792410|76ce62|49471.421875|5.74563716106|98.2355971927|-279745|-878614||49471.421875|400||39862.5|400|49471.421875|76ce62|SIA528|0|2533|0|||3|3|0|1|1|132|50|["132,66,5","132,50,5"]|636148142714220000|13:44:31:422
62|1.1|636147899696707401|76ce62|49476.421875|5.75202080896|98.22829623069|-280553|-877898||49476.421875|400||39943.75|400|49476.421875|76ce62|SIA528|0|2533|0|||3|3|0|1|1|132|51|["132,66,5","132,50,5"]|636148142764220000|13:44:36:422
62|1.1|636147899746632393|76ce62|49481.3984375|5.759767017|98.22063585321|-281399|-877031||49481.3984375|400||39968.75|400|49481.3984375|76ce62|SIA528|0|2533|0|||3|3|0|1|1|132|51|["132,66,5","132,50,5"]|636148142813980000|13:44:41:398
62|1.1|636147899796557385|76ce62|49486.3984375|5.76740057243|98.21262142467|-282286|-876175||49486.3984375|400||39975|400|49486.3984375|76ce62|SIA528|0|2533|0|||3|3|0|1|1|132|51|["132,66,5","132,50,5"]|636148142863980000|13:44:46:398
62|1.1|636147899846472376|76ce62|49491.375|5.77494293289|98.20360385146|-283283|-875329||49491.375|400||40018.75|400.25|49491.375|76ce62|SIA528|0|2533|0|||3|3|0|1|1|132|66|["132,66,5","132,50,5"]|636148142913750000|13:44:51:375
62|1.1|636147899896387367|76ce62|49496.375|5.78158407247|98.19650137262|-284068|-874585||49496.375|400||39962.5|400|49496.375|76ce62|SIA528|0|2533|0|||3|3|0|1|1|132|66|["132,66,5","132,50,5"]|636148142963750000|13:44:56:375
62|1.1|636147899946312359|76ce62|49501.375|5.7892176279|98.18786467252|-285023|-873729||49501.375|400||39981.25|400|49501.375|76ce62|SIA528|0|2533|0|||3|3|0|1|1|132|51|["132,66,5","132,50,5"]|636148143013750000|13:45:01:375
62|1.1|636147899996237351|76ce62|49506.359375|5.79684045451|98.1800755492|-285884|-872875||49506.359375|400||39968.75|400|49506.359375|76ce62|SIA528|0|2533|0|||3|3|0|1|1|132|50|["132,66,5","132,50,5"]|636148143063590000|13:45:06:359
62|1.1|636147900046162343|76ce62|49511.359375|5.80378736546|98.17222741737|-286752|-872096||49511.359375|400||39956.25|400|49511.359375|76ce62|SIA528|0|2533|0|||3|3|0|1|1|132|50|["132,66,5","132,50,5"]|636148143113590000|13:45:11:359
62|1.1|636147900096077334|76ce62|49516.3359375|5.81123853095|98.16422908206|-287636|-871261||49516.3359375|400||39943.75|400|49516.3359375|76ce62|SIA528|0|2533|0|||3|3|0|1|1|132|50|["132,66,5","132,50,5"]|636148143163360000|13:45:16:336
62|1.1|636147900146002326|76ce62|49521.3359375|5.8184536624|98.15575331426|-288574|-870452||49521.3359375|400||39975|400|49521.3359375|76ce62|SIA528|0|2533|0|||3|3|0|1|1|132|50|["132,66,5","132,50,5"]|636148143213360000|13:45:21:336
62|1.1|636147900195927318|76ce62|49526.3359375|5.82514308167|98.14747066522|-289489|-869701||49526.3359375|400||39968.75|400|49526.3359375|76ce62|SIA528|0|2533|0|||3|3|0|1|1|132|51|["132,66,5","132,50,5"]|636148143263360000|13:45:26:336
62|1.1|636147900245842309|76ce62|49531.3203125|5.83196661119|98.13906999916|-290419|-868935||49531.3203125|400||39987.5|400|49531.3203125|76ce62|SIA528|0|2533|0|||3|3|0|1|1|132|50|["132,66,5","132,50,5"]|636148143313200000|13:45:31:320
62|1.1|636147900295777302|76ce62|49536.3203125|5.83901008152|98.12943015439|-291486|-868144||49536.3203125|400||40000|400|49536.3203125|76ce62|SIA528|0|2533|0|||3|3|0|1|1|132|50|["132,66,5","132,50,5"]|636148143363200000|13:45:36:320
62|1.1|636147900345692293|76ce62|49541.296875|5.84507722923|98.12027310652|-292500|-867462||49541.296875|400||40062.5|400.25|49541.296875|76ce62|SIA528|0|2533|0|||3|3|0|1|1|132|50|["132,66,5","132,50,5"]|636148143412970000|13:45:41:297
62|1.1|636147900395607284|76ce62|49546.296875|5.8512838516|98.11111605865|-293514|-866764||49546.296875|400||40100|400|49546.296875|76ce62|SIA528|0|2533|0|||3|3|0|1|1|132|50|["132,66,5","132,50,5"]|636148143462970000|13:45:46:297
62|1.1|636147900445532276|76ce62|49551.296875|5.85741000782|98.10201801929|-294521|-866075||49551.296875|400||40131.25|400.25|49551.296875|76ce62|SIA528|0|2533|0|||3|3|0|1|1|132|50|["132,66,5","132,50,5"]|636148143512970000|13:45:51:297
62|1.1|636147900495457268|76ce62|49556.28125|5.86234526502|98.09131065693|-295709|-865517||49556.28125|400||40006.25|400|49556.28125|76ce62|SIA528|0|2533|0|||3|3|0|1|1|132|51|["132,66,5","132,50,5"]|636148143562810000|13:45:56:281
62|1.1|636147900545382260|76ce62|49561.28125|5.86752728508|98.08343570305|-296581|-864934||49561.28125|400||39962.5|400|49561.28125|76ce62|SIA528|0|2533|0|||3|3|0|1|1|132|51|["132,66,5","132,50,5"]|636148143612810000|13:46:01:281
62|1.1|636147900595297251|76ce62|49566.2578125|5.87353005987|98.07437521456|-297584|-864259||49566.2578125|400||39931.25|400|49566.2578125|76ce62|SIA528|0|2533|0|||3|3|0|1|1|132|51|["132,66,5","132,50,5"]|636148143662580000|13:46:06:258
62|1.1|636147900645222243|76ce62|49571.2578125|5.87953283466|98.06456907308|-298670|-863583||49571.2578125|400||39962.5|400|49571.2578125|76ce62|SIA528|0|2533|0|||3|3|0|1|1|132|66|["132,66,5","132,50,5"]|636148143712580000|13:46:11:258
62|1.1|636147900695147235|76ce62|49576.2578125|5.88565899088|98.05499896564|-299730|-862893||49576.2578125|400||39975|400|49576.2578125|76ce62|SIA528|0|2533|0|||3|3|0|1|1|132|66|["132,66,5","132,50,5"]|636148143762580000|13:46:16:258
62|1.1|636147900745072227|76ce62|49581.2421875|5.89124334169|98.04592774833|-300735|-862265||49581.2421875|400||39975|400|49581.2421875|76ce62|SIA528|0|2533|0|||3|3|0|1|1|132|66|["132,66,5","132,50,5"]|636148143812420000|13:46:21:242
62|1.1|636147900794987218|76ce62|49586.2421875|5.89717637915|98.03685653102|-301739|-861597||49586.2421875|400||39968.75|400|49586.2421875|76ce62|SIA528|0|2533|0|||3|3|0|1|1|132|51|["132,66,5","132,50,5"]|636148143862420000|13:46:26:242
62|1.1|636147900844912210|76ce62|49591.21875|5.90330789978|98.02784432222|-302737|-860907||49591.21875|400||39950|400|49591.21875|76ce62|SIA528|0|2533|0|||3|3|0|1|1|132|50|["132,66,5","132,50,5"]|636148143912190000|13:46:31:219
62|1.1|636147900894837202|76ce62|49596.21875|5.90885469972|98.01892330839|-303725|-860282||49596.21875|400||39950|400|49596.21875|76ce62|SIA528|0|2533|0|||3|3|0|1|1|132|50|["132,66,5","132,50,5"]|636148143962190000|13:46:36:219
62|1.1|636147900944752193|76ce62|49601.21875|5.91456779637|98.00983063344|-304731|-859639||49601.21875|400||39956.25|400|49601.21875|76ce62|SIA528|0|2533|0|||3|3|0|1|1|132|50|["132,66,5","132,50,5"]|636148144012190000|13:46:41:219
62|1.1|636147900994677185|76ce62|49606.1953125|5.92087634253|97.99998694109|-305821|-858929||49606.1953125|400||39968.75|400|49606.1953125|76ce62|SIA528|0|2533|0|||3|3|0|1|1|132|50|["132,66,5","132,50,5"]|636148144061950000|13:46:46:195
62|1.1|636147901044602177|76ce62|49611.1953125|5.92676646471|97.99073333384|-306846|-858266||49611.1953125|400||39962.5|400|49611.1953125|76ce62|SIA528|0|2533|0|||3|3|0|1|1|132|50|["132,66,5","132,50,5"]|636148144111950000|13:46:51:195
62|1.1|636147901094517168|76ce62|49616.1796875|5.93269413776|97.98128124342|-307892|-857598||49616.1796875|400||39968.75|400|49616.1796875|76ce62|SIA528|0|2533|0|||3|3|0|1|1|132|51|["132,66,5","132,50,5"]|636148144161800000|13:46:56:180
62|1.1|636147901144432159|76ce62|49621.1796875|5.93828921739|97.97222611934|-308895|-856968||49621.1796875|400||39962.5|400|49621.1796875|76ce62|SIA528|0|2533|0|||3|3|0|1|1|132|51|["132,66,5","132,50,5"]|636148144211800000|13:47:01:180
62|1.1|636147901194207136|76ce62|49626.1796875|5.94436172951|97.9631924529|-309894|-856285||49626.1796875|400||39956.25|400|49626.1796875|76ce62|SIA528|0|2533|0|||3|3|0|1|1|132|50|["132,66,5","132,50,5"]|636148144261800000|13:47:06:180
62|1.1|636147901244142129|76ce62|49631.15625|5.9503108602|97.95308590446|-311014|-855614||49631.15625|400||39981.25|400|49631.15625|76ce62|SIA528|0|2533|0|||3|3|0|1|1|132|50|["132,66,5","132,50,5"]|636148144311560000|13:47:11:156
62|1.1|636147901294067121|76ce62|49636.15625|5.95541241411|97.94478179778|-311933|-855039||49636.15625|400||39968.75|400|49636.15625|76ce62|SIA528|0|2533|0|||3|3|0|1|1|132|66|["132,66,5","132,50,5"]|636148144361560000|13:47:16:156
62|1.1|636147901343972111|76ce62|49641.140625|5.96164049412|97.93590369923|-312916|-854339||49641.140625|400||39943.75|400|49641.140625|76ce62|SIA528|0|2533|0|||3|3|0|1|1|132|66|["132,66,5","132,50,5"]|636148144411410000|13:47:21:141
62|1.1|636147901393907104|76ce62|49646.140625|5.96770764183|97.92685930397|-313916|-853656||49646.140625|400||39912.5|400|49646.140625|76ce62|SIA528|0|2533|0|||3|3|0|1|1|132|66|["132,66,5","132,50,5"]|636148144461410000|13:47:26:141
62|1.1|636147901443822095|76ce62|49651.140625|5.97389817097|97.91772907815|-314927|-852959||49651.140625|400||39868.75|400|49651.140625|76ce62|SIA528|0|2533|0|||3|3|0|1|1|132|66|["132,66,5","132,50,5"]|636148144511410000|13:47:31:141
62|1.1|636147901493737086|76ce62|49656.1171875|5.98002432719|97.90821261481|-315980|-852269||49656.1171875|400||39818.75|400|49656.1171875|76ce62|SIA528|0|2533|0|||3|3|0|1|1|132|66|["132,66,5","132,50,5"]|636148144561170000|13:47:36:117
62|1.1|636147901543662078|76ce62|49661.1171875|5.98601637316|97.8984440242|-317061|-851594||49661.1171875|400||39737.5|400|49661.1171875|76ce62|SIA528|0|2533|0|||3|3|0|1|1|132|66|["132,66,5","132,50,5"]|636148144611170000|13:47:41:117
62|1.1|636147901593577069|76ce62|49666.1015625|5.99212107174|97.88858423862|-318153|-850906||49666.1015625|400||39718.75|400|49666.1015625|76ce62|SIA528|0|2533|0|||3|3|0|1|1|132|66|["132,66,5","132,50,5"]|636148144661020000|13:47:46:102
62|1.1|636147901643502061|76ce62|49671.1015625|5.99806483802|97.87912141938|-319200|-850236||49671.1015625|400||39650|400|49671.1015625|76ce62|SIA528|0|2533|0|||3|3|0|1|1|132|66|["132,66,5","132,50,5"]|636148144711020000|13:47:51:102
62|1.1|636147901693427053|76ce62|49676.1015625|6.00408370604|97.86926699821|-320291|-849558||49676.1015625|400||39625|400|49676.1015625|76ce62|SIA528|0|2533|0|||3|3|0|1|1|132|50|["132,66,5","132,50,5"]|636148144761020000|13:47:56:102
62|1.1|636147901743352045|76ce62|49681.078125|6.01011866729|97.85991146717|-321326|-848878||49681.078125|400||39612.5|400|49681.078125|76ce62|SIA528|0|2533|0|||3|3|0|1|1|132|50|["132,66,5","132,50,5"]|636148144810780000|13:48:01:078
62|1.1|636147901793267036|76ce62|49686.078125|6.01606243357|97.85038963942|-322380|-848208||49686.078125|400||39575|400|49686.078125|76ce62|SIA528|0|2533|0|||3|3|0|1|1|132|50|["132,66,5","132,50,5"]|636148144860780000|13:48:06:078
62|1.1|636147901843192028|76ce62|49691.0625|6.02195255575|97.84119504068|-323397|-847545||49691.0625|400||39550|400|49691.0625|76ce62|SIA528|0|2533|0|||3|3|0|1|1|132|50|["132,66,5","132,50,5"]|636148144910630000|13:48:11:063
62|1.1|636147901893107019|76ce62|49696.0625|6.02799288141|97.83165175529|-324453|-846864||49696.0625|400||39568.75|400|49696.0625|76ce62|SIA528|0|2533|0|||3|3|0|1|1|132|50|["132,66,5","132,50,5"]|636148144960630000|13:48:16:063
62|1.1|636147901943032011|76ce62|49701.0625|6.03395810533|97.82211919872|-325508|-846192||49701.0625|400||39562.5|400|49701.0625|76ce62|SIA528|0|2533|0|||3|3|0|1|1|132|50|["132,66,5","132,50,5"]|636148145010630000|13:48:21:063
62|1.1|636147901992957003|76ce62|49706.0390625|6.03995551571|97.81283340501|-326535|-845516||49706.0390625|400||39587.5|400|49706.0390625|76ce62|SIA528|0|2533|0|||3|3|0|1|1|132|50|["132,66,5","132,50,5"]|636148145060390000|13:48:26:039
62|1.1|636147902042871994|76ce62|49711.0390625|6.04584027348|97.80338131459|-327581|-844852||49711.0390625|400||39562.5|400|49711.0390625|76ce62|SIA528|0|2533|0|||3|3|0|1|1|132|50|["132,66,5","132,50,5"]|636148145110390000|13:48:31:039
62|1.1|636147902092816988|76ce62|49716.015625|6.05175721771|97.79414916498|-328603|-844186||49716.015625|400||39581.25|400|49716.015625|76ce62|SIA528|0|2533|0|||3|3|0|1|1|132|66|["132,66,5","132,50,5"]|636148145160160000|13:48:36:016
62|1.1|636147902142731979|76ce62|49721.015625|6.05767952635|97.78471316779|-329646|-843518||49721.015625|400||39593.75|400|49721.015625|76ce62|SIA528|0|2533|0|||3|3|0|1|1|132|66|["132,66,5","132,50,5"]|636148145210160000|13:48:41:016
62|1.1|636147902192656971|76ce62|49726.015625|6.0635535553|97.77552393346|-330663|-842856||49726.015625|400||39593.75|400|49726.015625|76ce62|SIA528|0|2533|0|||3|3|0|1|1|132|66|["132,66,5","132,50,5"]|636148145260160000|13:48:46:016
62|1.1|636147902242561961|76ce62|49731|6.06937394015|97.76620595329|-331694|-842200||49731|400||39587.5|400|49731|76ce62|SIA528|0|2533|0|||3|3|0|1|1|132|51|["132,66,5","132,50,5"]|636148145310000000|13:48:51:000
62|1.1|636147902292486953|76ce62|49736|6.07356354436|97.75841146556|-332557|-841726||49736|400||39968.75|400|49736|76ce62|SIA528|0|2533|0|||3|3|0|1|1|132|66|["132,66,5","132,50,5"]|636148145360000000|13:48:56:000
62|1.1|636147902342401944|76ce62|49740.9765625|6.07897086964|97.74950118055|-333543|-841117||49740.9765625|400||39993.75|400|49740.9765625|76ce62|SIA528|0|2533|0|||3|3|0|1|1|132|66|["132,66,5","132,50,5"]|636148145409770000|13:49:00:977
62|1.1|636147902392336937|76ce62|49745.9765625|6.08454985604|97.74101468393|-334481|-840488||49745.9765625|400||39968.75|400|49745.9765625|76ce62|SIA528|0|2533|0|||3|3|0|1|1|132|66|["132,66,5","132,50,5"]|636148145459770000|13:49:05:977
62|1.1|636147902442261929|76ce62|49750.9765625|6.09015566449|97.73212585656|-335465|-839856||49750.9765625|400||39968.75|400|49750.9765625|76ce62|SIA528|0|2533|0|||3|3|0|1|1|132|66|["132,66,5","132,50,5"]|636148145509770000|13:49:10:977
62|1.1|636147902492166919|76ce62|49755.9609375|6.09622817661|97.72323166478|-336448|-839172||49755.9609375|400||39950|400|49755.9609375|76ce62|SIA528|0|2533|0|||3|3|0|1|1|132|66|["132,66,5","132,50,5"]|636148145559610000|13:49:15:961
62|1.1|636147902542091911|76ce62|49760.9609375|6.10237042606|97.7139619643|-337473|-838480||49760.9609375|400||39912.5|400|49760.9609375|76ce62|SIA528|0|2533|0|||3|3|0|1|1|132|50|["132,66,5","132,50,5"]|636148145609610000|13:49:20:961
62|1.1|636147902592016903|76ce62|49765.9375|6.10842148054|97.70453133152|-338516|-837798||49765.9375|400||39881.25|400|49765.9375|76ce62|SIA528|0|2533|0|||3|3|0|1|1|132|50|["132,66,5","132,50,5"]|636148145659380000|13:49:25:938
62|1.1|636147902641931894|76ce62|49770.9375|6.11420967893|97.69460717302|-339614|-837144||49770.9375|400||39950|400|49770.9375|76ce62|SIA528|0|2533|0|||3|3|0|1|1|132|50|["132,66,5","132,50,5"]|636148145709380000|13:49:30:938
62|1.1|636147902691866887|76ce62|49775.9375|6.12021781813|97.68516044701|-340659|-836467||49775.9375|400||39950|400|49775.9375|76ce62|SIA528|0|2533|0|||3|3|0|1|1|132|50|["132,66,5","132,50,5"]|636148145759380000|13:49:35:938
62|1.1|636147902741781878|76ce62|49780.921875|6.12614012677|97.67552596665|-341724|-835799||49780.921875|400||39968.75|400|49780.921875|76ce62|SIA528|0|2533|0|||3|3|0|1|1|132|83|["132,66,5","132,50,5"]|636148145809220000|13:49:40:922
62|1.1|636147902791716871|76ce62|49785.921875|6.13214290156|97.66613824915|-342763|-835122||49785.921875|400||39956.25|400|49785.921875|76ce62|SIA528|0|2533|0|||3|3|0|1|1|132|50|["132,66,5","132,50,5"]|636148145859220000|13:49:45:922
62|1.1|636147902841621861|76ce62|49790.8984375|6.13824223573|97.65720114209|-343750|-834435||49790.8984375|400||39912.5|400|49790.8984375|76ce62|SIA528|0|2533|0|||3|3|0|1|1|132|83|["132,66,5","132,50,5"]|636148145908980000|13:49:50:898
62|1.1|636147902891546853|76ce62|49795.8984375|6.14399824766|97.64780269577|-344790|-833785||49795.8984375|400||39818.75|400|49795.8984375|76ce62|SIA528|0|2533|0|||3|3|0|1|1|132|66|["132,82,5","132,66,5","132,50,5"]|636148145958980000|13:49:55:898
62|1.1|636147902941471845|76ce62|49800.8984375|6.14934656443|97.63858663939|-345810|-833181||49800.8984375|400||39712.5|400|49800.8984375|76ce62|SIA528|0|2533|0|||3|3|0|1|1|132|66|["132,82,5","132,66,5","132,50,5"]|636148146008980000|13:50:00:898
62|1.1|636147902991386836|76ce62|49805.875|6.1550167458|97.629043354|-346865|-832541||49805.875|400||39687.5|400|49805.875|76ce62|SIA528|0|2533|0|||3|3|0|1|1|132|66|["132,82,5","132,66,5","132,50,5"]|636148146058750000|13:50:05:875
62|1.1|636147903041311828|76ce62|49810.875|6.16042407108|97.6194947042|-347922|-831930||49810.875|400||39693.75|400|49810.875|76ce62|SIA528|0|2533|0|||3|3|0|1|1|132|66|["132,82,5","132,66,5","132,50,5"]|636148146108750000|13:50:10:875
62|1.1|636147903091226819|76ce62|49815.859375|6.16582603195|97.60954908806|-349022|-831319||49815.859375|400||39681.25|400|49815.859375|76ce62|SIA528|0|2533|0|||3|3|0|1|1|132|66|["132,82,5","132,66,5","132,50,5"]|636148146158590000|13:50:15:859
62|1.1|636147903141151811|76ce62|49820.859375|6.17067545859|97.60000043826|-350079|-830770||49820.859375|400||39706.25|400|49820.859375|76ce62|SIA528|0|2533|0|||3|3|0|1|1|132|66|["132,82,5","132,66,5","132,50,5"]|636148146208590000|13:50:20:859
62|1.1|636147903191076803|76ce62|49825.859375|6.17541223262|97.58990998305|-351196|-830233||49825.859375|400||39725|400|49825.859375|76ce62|SIA528|0|2533|0|||3|3|0|1|1|132|66|["132,82,5","132,66,5","132,50,5"]|636148146258590000|13:50:25:859
62|1.1|636147903241011796|76ce62|49830.8359375|6.17951064186|97.57973369728|-352324|-829767||49830.8359375|400||39793.75|400|49830.8359375|76ce62|SIA528|0|2533|0|||3|3|0|1|1|132|66|["132,82,5","132,66,5","132,50,5"]|636148146308360000|13:50:30:836
62|1.1|636147903290916786|76ce62|49835.8359375|6.18344275439|97.5691765384|-353494|-829318||49835.8359375|400||39893.75|400.25|49835.8359375|76ce62|SIA528|0|2533|0|||3|3|0|1|1|132|66|["132,82,5","132,66,5","132,50,5"]|636148146358360000|13:50:35:836
62|1.1|636147903340841778|76ce62|49840.8203125|6.18755725686|97.55849063368|-354678|-828850||49840.8203125|400||39962.5|400.25|49840.8203125|76ce62|SIA528|0|2533|0|||3|3|0|1|1|132|66|["132,82,5","132,66,5","132,50,5"]|636148146408200000|13:50:40:820
62|1.1|636147903390756769|76ce62|49845.8203125|6.19185951368|97.54781545778|-355861|-828360||49845.8203125|400||40012.5|400.25|49845.8203125|76ce62|SIA528|0|2533|0|||3|3|0|1|1|132|66|["132,82,5","132,66,5","132,50,5"]|636148146458200000|13:50:45:820
62|1.1|636147903440691762|76ce62|49850.8203125|6.19568433801|97.53745678207|-357009|-827924||49850.8203125|400||40075|400.25|49850.8203125|76ce62|SIA528|0|2533|0|||3|3|0|1|1|132|66|["132,82,5","132,66,2"]|636148146508200000|13:50:50:820
62|1.1|636147903490606753|76ce62|49855.796875|6.19935895886|97.52716784369|-358149|-827504||49855.796875|400||40131.25|400.25|49855.796875|76ce62|SIA528|0|2533|0|||3|3|0|1|1|132|66|["132,82,5","132,66,2"]|636148146557970000|13:50:55:797
62|1.1|636147903540531745|76ce62|49860.796875|6.20288337623|97.51684135444|-359294|-827101||49860.796875|400||40181.25|400.25|49860.796875|76ce62|SIA528|0|2533|0|||3|3|0|1|1|132|66|["132,82,5","132,66,2"]|636148146607970000|13:51:00:797
62|1.1|636147903590466738|76ce62|49865.78125|6.20622003925|97.50650413637|-360441|-826719||49865.78125|400||40212.5|400.25|49865.78125|76ce62|SIA528|0|2533|0|||3|3|0|1|1|132|66|["132,82,5","132,66,2"]|636148146657810000|13:51:05:781
62|1.1|636147903640371728|76ce62|49870.78125|6.20943868525|97.49593088426|-361613|-826350||49870.78125|400||40218.75|400.25|49870.78125|76ce62|SIA528|0|2533|0|||3|3|0|1|1|132|66|["132,82,5","132,66,2"]|636148146707810000|13:51:10:781
62|1.1|636147903690306721|76ce62|49875.78125|6.21073150806|97.49022315202|-362246|-826200||49875.78125|400||40006.25|400|49875.78125|76ce62|SIA528|0|2533|0|||3|3|0|1|1|132|66|["132,66,2"]|636148146757810000|13:51:15:781
62|1.1|636147903740211711|76ce62|49880.7578125|6.21350490803|97.480449197|-363330|-825881||49880.7578125|400||40000|400|49880.7578125|76ce62|SIA528|0|2533|0|||3|3|0|1|1|132|66|["132,66,2"]|636148146807580000|13:51:20:758
62|1.1|636147903790136703|76ce62|49885.7578125|6.21678256254|97.46867431705|-364636|-825504||49885.7578125|400||39993.75|400|49885.7578125|76ce62|SIA528|0|2533|0|||3|3|0|1|1|132|66|["132,66,2"]|636148146857580000|13:51:25:758
62|1.1|636147903840051694|76ce62|49890.7421875|6.21969543717|97.45842292954|-365773|-825168||49890.7421875|400||39993.75|400|49890.7421875|76ce62|SIA528|0|2533|0|||3|3|0|1|1|132|66|["132,66,2"]|636148146907420000|13:51:30:742
62|1.1|636147903889976686|76ce62|49895.7421875|6.22275315087|97.44797305886|-366932|-824817||49895.7421875|400||39987.5|400|49895.7421875|76ce62|SIA528|0|2533|0|||3|3|0|1|1|132|66|["132,66,2"]|636148146957420000|13:51:35:742
62|1.1|636147903939901678|76ce62|49900.7421875|6.22581622898|97.43738907793|-368106|-824465||49900.7421875|400||39987.5|400|49900.7421875|76ce62|SIA528|0|2533|0|||3|3|0|1|1|132|66|["132,66,2"]|636148147007420000|13:51:40:742
62|1.1|636147903989826670|76ce62|49905.71875|6.22886857827|97.42667098675|-369295|-824113||49905.71875|400||39993.75|400|49905.71875|76ce62|SIA528|0|2533|0|||3|3|0|1|1|132|66|["132,66,2"]|636148147057190000|13:51:45:719
62|1.1|636147904039741661|X|49910.71875|6.23201748694|97.41556665805|-370526|-823751||49910.71875|400||40000|400|49910.71875|X|SIA528|0|2533|0|||3|3|0|1|1|132|66|["132,66,2"]|636148147107190000|13:51:50:719
62|1.1|636147904089676654|76ce62|49915.6953125|6.23520931089|97.40437113438|-371768|-823384||49915.6953125|400||40018.75|400|49915.6953125|76ce62|SIA528|0|2533|0|||3|3|0|1|1|132|66|["132,66,2"]|636148147156950000|13:51:55:695
62|1.1|636147904139601646|76ce62|49920.6953125|6.23865326211|97.39268208499|-373064|-822988||49920.6953125|400||40056.25|400|49920.6953125|76ce62|SIA528|0|2533|0|||3|3|0|1|1|132|66|["132,66,2"]|636148147206950000|13:52:00:695
62|1.1|636147904189516637|76ce62|49925.6953125|6.24217767948|97.38105204411|-374353|-822583||49925.6953125|400||40106.25|400|49925.6953125|76ce62|SIA528|0|2533|0|||3|3|0|1|1|132|66|["132,66,2"]|636148147256950000|13:52:05:695
62|1.1|636147904239431628|76ce62|49930.6796875|6.24595422412|97.36928252857|-375658|-822150||49930.6796875|400||40156.25|400|49930.6796875|76ce62|SIA528|0|2533|0|||3|3|0|1|1|132|66|["132,66,2"]|636148147306800000|13:52:10:680
62|1.1|636147904289356620|76ce62|49935.6796875|6.24946791267|97.35800653875|-376908|-821746||49935.6796875|400||40156.25|400|49935.6796875|76ce62|SIA528|0|2533|0|||3|3|0|1|1|132|66|["132,66,2"]|636148147356800000|13:52:15:680
62|1.1|636147904339281612|76ce62|49940.65625|6.25285821979|97.34708459999|-378119|-821357||49940.65625|400||40143.75|400|49940.65625|76ce62|SIA528|0|2533|0|||3|3|0|1|1|132|66|["132,66,2"]|636148147406560000|13:52:20:656
62|1.1|636147904389196603|76ce62|49945.65625|6.25612514548|97.33640405968|-379303|-820982||49945.65625|400||40118.75|400|49945.65625|76ce62|SIA528|0|2533|0|||3|3|0|1|1|132|66|["132,66,2"]|636148147456560000|13:52:25:656
62|1.1|636147904439121595|76ce62|49950.65625|6.25942425763|97.32558940912|-380502|-820603||49950.65625|400||40100|400|49950.65625|76ce62|SIA528|0|2533|0|||3|3|0|1|1|132|66|["132,66,2"]|636148147506560000|13:52:30:656
62|1.1|636147904489056588|76ce62|49955.640625|6.26261071717|97.31504297906|-381671|-820236||49955.640625|400||40081.25|400|49955.640625|76ce62|SIA528|0|2533|0|||3|3|0|1|1|132|66|["132,66,2"]|636148147556410000|13:52:35:641
62|1.1|636147904538961578|76ce62|49960.640625|6.26577571907|97.30448045577|-382842|-819872||49960.640625|400||40056.25|400|49960.640625|76ce62|SIA528|0|2533|0|||3|3|0|1|1|132|66|["132,66,2"]|636148147606410000|13:52:40:641
62|1.1|636147904588886570|76ce62|49965.6171875|6.26898900066|97.29378382223|-384028|-819502||49965.6171875|400||40043.75|400|49965.6171875|76ce62|SIA528|0|2533|0|||3|3|0|1|1|132|66|["132,66,2"]|636148147656170000|13:52:45:617
62|1.1|636147904638801561|76ce62|49970.6171875|6.27213254492|97.28324812099|-385196|-819141||49970.6171875|400||40018.75|400|49970.6171875|76ce62|SIA528|0|2533|0|||3|3|0|1|1|132|66|["132,66,2"]|636148147706170000|13:52:50:617
62|1.1|636147904688726553|X|49975.6171875|6.27539947061|97.27248711453|-386389|-818765||49975.6171875|400||40018.75|400|49975.6171875|X|X|0|2533|0|||3|3|0|1|1|132|66|["132,66,2"]|636148147756170000|13:52:55:617
62|1.1|636147904738651545|X|49980.6015625|6.27834989611|97.26226791348|-387522|-818425||49980.6015625|400||39975|400|49980.6015625|X|X|0|2533|0|||3|3|0|1|1|132|66|["132,66,2"]|636148147806020000|13:53:00:602
62|1.1|636147904788566536|76ce62|49985.6015625|6.28124667751|97.25199506833|-388661|-818091||49985.6015625|400||39937.5|400|49985.6015625|76ce62|SIA528|0|2533|0|||3|3|0|1|1|132|66|["132,66,2"]|636148147856020000|13:53:05:602
62|1.1|636147904838491528|76ce62|49990.578125|6.28441167941|97.24126088392|-389851|-817726||49990.578125|400||39937.5|400|49990.578125|76ce62|SIA528|0|2533|0|||3|3|0|1|1|132|66|["132,66,2"]|636148147905780000|13:53:10:578
62|1.1|636147904888416520|76ce62|49995.578125|6.28760886777|97.23061253007|-391032|-817358||49995.578125|400||39925|400|49995.578125|76ce62|SIA528|0|2533|0|||3|3|0|1|1|132|83|["132,66,2"]|636148147955780000|13:53:15:578
62|1.1|636147904938331511|76ce62|50000.578125|6.29085433582|97.219738871|-392237|-816985||50000.578125|400||39931.25|400|50000.578125|76ce62|SIA528|0|2533|0|||3|3|0|1|1|132|66|["132,66,2"]|636148148005780000|13:53:20:578
62|1.1|636147904988256503|76ce62|50005.5625|6.29388522747|97.20921389858|-393404|-816635||50005.5625|400||39925|400|50005.5625|76ce62|SIA528|0|2533|0|||3|3|0|1|1|132|66|["132,66,2"]|636148148055630000|13:53:25:563
62|1.1|636147905038181495|76ce62|50010.5625|6.29706095819|97.19855481591|-394585|-816269||50010.5625|400||39918.75|400|50010.5625|76ce62|SIA528|0|2533|0|||3|3|0|1|1|132|66|["132,66,2"]|636148148105630000|13:53:30:563
62|1.1|636147905088106487|76ce62|50015.5390625|6.30019913804|97.18792255529|-395764|-815908||50015.5390625|400||39912.5|400|50015.5390625|76ce62|SIA528|0|2533|0|||3|3|0|1|1|132|66|["132,66,2"]|636148148155390000|13:53:35:539
62|1.1|636147905138071483|76ce62|50020.5390625|6.30343387727|97.1770918115|-396965|-815535||50020.5390625|400||39925|400|50020.5390625|76ce62|SIA528|0|2533|0|||3|3|0|1|1|132|83|["132,66,2"]|636148148205390000|13:53:40:539
62|1.1|636147905187946470|76ce62|50025.5390625|6.30660960799|97.16637908473|-398152|-815169||50025.5390625|400||39925|400|50025.5390625|76ce62|SIA528|0|2533|0|||3|3|0|1|1|132|83|["132,66,2"]|636148148255390000|13:53:45:539
62|1.1|636147905237861461|76ce62|50030.515625|6.30969414374|97.15589702759|-399314|-814814||50030.515625|400||39925|400|50030.515625|76ce62|SIA528|0|2533|0|||3|3|0|1|1|132|83|["132,66,2"]|636148148305160000|13:53:50:516
62|1.1|636147905287786453|76ce62|50035.515625|6.31282695918|97.14523794492|-400495|-814453||50035.515625|400||39918.75|400|50035.515625|76ce62|SIA528|0|2533|0|||3|3|0|1|1|132|66|["132,66,2"]|636148148355160000|13:53:55:516
62|1.1|636147905337711445|76ce62|50040.5|6.3140715023|97.1385753477|-401235|-814306||50040.5|400||39987.5|400|50040.5|76ce62|SIA528|0|2533|0|||3|3|0|1|1|132|83|["132,66,2"]|636148148405000000|13:54:00:500
62|1.1|636147905387626436|76ce62|50045.5|6.31707020749|97.12813084143|-402393|-813960||50045.5|400||39981.25|400|50045.5|76ce62|SIA528|0|2533|0|||3|3|0|1|1|132|66|["132,66,2"]|636148148455000000|13:54:05:500
62|1.1|636147905437551428|76ce62|50050.5|6.31998308212|97.11763805547|-403556|-813623||50050.5|400||39975|400|50050.5|76ce62|SIA528|0|2533|0|||3|3|0|1|1|132|66|["132,66,2"]|636148148505000000|13:54:10:500
62|1.1|636147905487486421|76ce62|50055.4765625|6.32304079582|97.10663565056|-404776|-813270||50055.4765625|400||39993.75|400|50055.4765625|76ce62|SIA528|0|2533|0|||3|3|0|1|1|132|66|["132,66,2"]|636148148554770000|13:54:15:477
62|1.1|636147905537391411|76ce62|50060.4765625|6.32655448437|97.09475348241|-406093|-812865||50060.4765625|400||40006.25|400|50060.4765625|76ce62|SIA528|0|2533|0|||3|3|0|1|1|132|83|["132,66,2"]|636148148604770000|13:54:20:477
62|1.1|636147905587316403|76ce62|50065.4609375|6.32967120658|97.08386909452|-407299|-812505||50065.4609375|400||40012.5|400|50065.4609375|76ce62|SIA528|0|2533|0|||3|3|0|1|1|132|66|["132,66,2"]|636148148654610000|13:54:25:461
62|1.1|636147905637241395|76ce62|50070.4609375|6.33285766612|97.07292033371|-408513|-812137||50070.4609375|400||40031.25|400|50070.4609375|76ce62|SIA528|0|2533|0|||3|3|0|1|1|132|66|["132,66,2"]|636148148704610000|13:54:30:461
62|1.1|636147905687166387|76ce62|50075.4609375|6.33612459181|97.06186964911|-409738|-811760||50075.4609375|400||40050|400|50075.4609375|76ce62|SIA528|0|2533|0|||3|3|0|1|1|132|66|["132,66,2"]|636148148754610000|13:54:35:461
62|1.1|636147905737091379|76ce62|50080.4375|6.33945052601|97.05089406625|-410954|-811377||50080.4375|400||40087.5|400|50080.4375|76ce62|SIA528|0|2533|0|||3|3|0|1|1|132|66|["132,66,2"]|636148148804380000|13:54:40:438
62|1.1|636147905787006370|76ce62|50085.4375|6.34302322307|97.03974145786|-412190|-810966||50085.4375|400||40150|400|50085.4375|76ce62|SIA528|0|2533|0|||3|3|0|1|1|132|66|["132,66,2"]|636148148854380000|13:54:45:438
62|1.1|636147905836921361|76ce62|50090.421875|6.34660128454|97.02864785798|-413419|-810554||50090.421875|400||40206.25|400.25|50090.421875|76ce62|SIA528|0|2533|0|||3|3|0|1|1|132|66|["132,66,2"]|636148148904220000|13:54:50:422
62|1.1|636147905886846353|76ce62|50095.421875|6.34997549843|97.01784393624|-414616|-810165||50095.421875|400||40225|400.25|50095.421875|76ce62|SIA528|0|2533|0|||3|3|0|1|1|132|66|["132,66,2"]|636148148954220000|13:54:55:422
62|1.1|636147905936771345|76ce62|50100.421875|6.35339799201|97.00690590425|-415828|-809771||50100.421875|400||40231.25|400.25|50100.421875|76ce62|SIA528|0|2533|0|||3|3|0|1|1|132|66|["132,66,2"]|636148149004220000|13:55:00:422
62|1.1|636147905986686336|76ce62|50105.3984375|6.35667028211|96.99619317748|-417015|-809394||50105.3984375|400||40206.25|400|50105.3984375|76ce62|SIA528|0|2533|0|||3|3|0|1|1|132|66|["132,66,2"]|636148149053980000|13:55:05:398
62|1.1|636147906036631330|76ce62|50110.3984375|6.35999621631|96.9853677981|-418215|-809010||50110.3984375|400||40187.5|400|50110.3984375|76ce62|SIA528|0|2533|0|||3|3|0|1|1|132|66|["132,66,2"]|636148149103980000|13:55:10:398
62|1.1|636147906086526319|76ce62|50115.375|6.36326850641|96.97461752046|-419406|-808633||50115.375|400||40162.5|400|50115.375|76ce62|SIA528|0|2533|0|||3|3|0|1|1|132|66|["132,66,2"]|636148149153750000|13:55:15:375
62|1.1|636147906136451311|X|50120.375|6.36641741508|96.96396916661|-420586|-808269||50120.375|400||40125|400|50120.375|X|X|0|2533|0|||3|3|0|1|1|132|66|["132,66,2"]|636148149203750000|13:55:20:375
62|1.1|636147906186386304|X|50125.375|6.36954486611|96.95336909245|-421761|-807908||50125.375|400||40081.25|400|50125.375|X|X|0|2533|0|||3|3|0|1|1|132|66|["132,66,2"]|636148149253750000|13:55:25:375
62|1.1|636147906236301295|X|50130.359375|6.37267768155|96.94282266239|-422930|-807546||50130.359375|400||40050|400|50130.359375|X|X|0|2533|0|||3|3|0|1|1|132|66|["132,66,2"]|636148149303590000|13:55:30:359
62|1.1|636147906286226287|X|50135.359375|6.37590169196|96.93198655419|-424130|-807173||50135.359375|400||40031.25|400|50135.359375|X|X|0|2533|0|||3|3|0|1|1|132|66|["132,66,2"]|636148149353590000|13:55:35:359
62|1.1|636147906336141278|X|50140.3359375|6.37901304976|96.9214240309|-425301|-806814||50140.3359375|400||40006.25|400|50140.3359375|X|X|0|2533|0|||3|3|0|1|1|132|66|["132,66,2"]|636148149403360000|13:55:40:336
62|1.1|636147906386066270|X|50145.3359375|6.38224242458|96.91067375326|-426492|-806441||50145.3359375|400||39993.75|400|50145.3359375|X|X|0|2533|0|||3|3|0|1|1|132|66|["132,66,2"]|636148149453360000|13:55:45:336
62|1.1|636147906435981261|X|50150.3359375|6.38543424853|96.8999663909|-427678|-806073||50150.3359375|400||39981.25|400|50150.3359375|X|X|0|2533|0|||3|3|0|1|1|132|66|["132,66,2"]|636148149503360000|13:55:50:336
62|1.1|636147906485906253|X|50155.3203125|6.38865825894|96.8892375709|-428867|-805700||50155.3203125|400||39975|400|50155.3203125|X|X|0|2533|0|||3|3|0|1|1|132|66|["132,66,2"]|636148149553200000|13:55:55:320
62|1.1|636147906535841246|X|50160.3203125|6.39181789643|96.87856775941|-430049|-805335||50160.3203125|400||39962.5|400|50160.3203125|X|X|0|2533|0|||3|3|0|1|1|132|66|["132,66,2"]|636148149603200000|13:56:00:320
62|1.1|636147906585756237|X|50165.296875|6.39503654243|96.86789258351|-431232|-804963||50165.296875|400||39962.5|400|50165.296875|X|X|0|2533|0|||3|3|0|1|1|132|66|["132,66,2"]|636148149652970000|13:56:05:297
62|1.1|636147906635671228|X|50170.296875|6.39811571377|96.85733006022|-432403|-804607||50170.296875|400||39937.5|400|50170.296875|X|X|0|2533|0|||3|3|0|1|1|132|66|["132,66,2"]|636148149702970000|13:56:10:297
62|1.1|636147906685596220|X|50175.296875|6.4012431648|96.84668707078|-433582|-804245||50175.296875|400||39925|400|50175.296875|X|X|0|2533|0|||3|3|0|1|1|132|66|["132,66,2"]|636148149752970000|13:56:15:297
62|1.1|636147906735521212|X|50180.28125|6.40433306496|96.83616209836|-434748|-803888||50180.28125|400||39912.5|400|50180.28125|X|X|0|2533|0|||3|3|0|1|1|132|66|["132,66,2"]|636148149802810000|13:56:20:281
62|1.1|636147906785436203|X|50185.28125|6.40743369394|96.8255620242|-435923|-803529||50185.28125|400||39900|400|50185.28125|X|X|0|2533|0|||3|3|0|1|1|132|66|["132,66,2"]|636148149852810000|13:56:25:281
62|1.1|636147906835351194|X|50190.2578125|6.41044312795|96.81509069588|-437083|-803180||50190.2578125|400||39881.25|400|50190.2578125|X|X|0|2533|0|||3|3|0|1|1|132|66|["132,66,2"]|636148149902580000|13:56:30:258
62|1.1|636147906885286187|X|50195.2578125|6.41366177395|96.80435114706|-438273|-802808||50195.2578125|400||39887.5|400|50195.2578125|X|X|0|2533|0|||3|3|0|1|1|132|66|["132,66,2"]|636148149952580000|13:56:35:258
62|1.1|636147906935201178|X|50200.2578125|6.41671412324|96.793804717|-439441|-802455||50200.2578125|400||39868.75|400|50200.2578125|X|X|0|2533|0|||3|3|0|1|1|132|66|["132,66,2"]|636148150002580000|13:56:40:258
62|1.1|636147906985116169|76ce62|50205.2421875|6.41984157427|96.78327974458|-440607|-802093||50205.2421875|400||39887.5|400|50205.2421875|76ce62|X|0|2533|0|||3|3|0|1|1|132|66|["132,66,4"]|636148150052420000|13:56:45:242
62|1.1|636147907035041161|76ce62|50210.2421875|6.42292074561|96.77269039924|-441781|-801736||50210.2421875|400||39875|400|50210.2421875|76ce62|X|0|2533|0|||3|3|0|1|1|132|66|["132,66,2"]|636148150102420000|13:56:50:242
62|1.1|636147907084966153|76ce62|50215.21875|6.42652026472|96.7616719011|-443001|-801321||50215.21875|400||39981.25|400|50215.21875|76ce62|X|0|2533|0|||3|3|0|1|1|132|66|["132,66,5"]|636148150152190000|13:56:55:219
62|1.1|636147907134891145|76ce62|50220.21875|6.42963162252|96.75107182694|-444176|-800961||50220.21875|400||39981.25|400|50220.21875|76ce62|X|0|2533|0|||3|3|0|1|1|132|66|["132,66,2"]|636148150202190000|13:57:00:219
62|1.1|636147907184816137|76ce62|50225.21875|6.43328478573|96.73995676942|-445406|-800540||50225.21875|400||40050|400.25|50225.21875|76ce62|SIA528|0|2533|0|||3|3|0|1|1|132|66|["132,66,5"]|636148150252190000|13:57:05:219
62|1.1|636147907234741129|76ce62|50230.1953125|6.43639614353|96.72935669526|-446581|-800179||50230.1953125|400||40043.75|400|50230.1953125|76ce62|SIA528|0|2533|0|||3|3|0|1|1|132|66|["132,66,2"]|636148150301950000|13:57:10:195
62|1.1|636147907284656120|76ce62|50235.1953125|6.43944312841|96.7188102652|-447749|-799826||50235.1953125|400||40018.75|400|50235.1953125|76ce62|SIA528|0|2533|0|||3|3|0|1|1|132|66|["132,66,2"]|636148150351950000|13:57:15:195
62|1.1|636147907334591113|76ce62|50240.1796875|6.4424954777|96.70828529278|-448915|-799472||50240.1796875|400||39993.75|400|50240.1796875|76ce62|SIA528|0|2533|0|||3|3|0|1|1|132|66|["132,66,2"]|636148150401800000|13:57:20:180
62|1.1|636147907384496103|76ce62|50245.1796875|6.4455531914|96.69775495595|-450082|-799118||50245.1796875|400||39975|400|50245.1796875|76ce62|SIA528|0|2533|0|||3|3|0|1|1|132|66|["132,66,2"]|636148150451800000|13:57:25:180
62|1.1|636147907434421095|76ce62|50250.1796875|6.44870746448|96.68712805974|-451259|-798753||50250.1796875|400||39968.75|400|50250.1796875|76ce62|SIA528|0|2533|0|||3|3|0|1|1|132|66|["132,66,2"]|636148150501800000|13:57:30:180
62|1.1|636147907484356088|76ce62|50255.15625|6.45175444936|96.67661918055|-452423|-798400||50255.15625|400||39943.75|400|50255.15625|76ce62|SIA528|0|2533|0|||3|3|0|1|1|132|66|["132,66,2"]|636148150551560000|13:57:35:156
62|1.1|636147907534261078|76ce62|50260.15625|6.45495700213|96.66594400465|-453606|-798029||50260.15625|400||39956.25|400|50260.15625|76ce62|SIA528|0|2533|0|||3|3|0|1|1|132|66|["132,66,2"]|636148150601560000|13:57:40:156
62|1.1|636147907584186070|76ce62|50265.140625|6.45808445316|96.65532247285|-454782|-797666||50265.140625|400||39943.75|400|50265.140625|76ce62|SIA528|0|2533|0|||3|3|0|1|1|132|66|["132,66,2"]|636148150651410000|13:57:45:141
62|1.1|636147907634111062|76ce62|50270.140625|6.46106706512|96.64484578012|-455943|-797320||50270.140625|400||39906.25|400|50270.140625|76ce62|SIA528|0|2533|0|||3|3|0|1|1|132|66|["132,66,2"]|636148150701410000|13:57:50:141
62|1.1|636147907684026053|76ce62|50275.140625|6.46406577031|96.63435835857|-457105|-796972||50275.140625|400||39875|400|50275.140625|76ce62|SIA528|0|2533|0|||3|3|0|1|1|132|66|["132,66,2"]|636148150751410000|13:57:55:141
62|1.1|636147907733961046|76ce62|50280.1171875|6.46713421283|96.62381729292|-458273|-796616||50280.1171875|400||39868.75|400|50280.1171875|76ce62|SIA528|0|2533|0|||3|3|0|1|1|132|66|["132,66,2"]|636148150801170000|13:58:00:117
62|1.1|636147907783866036|76ce62|50285.1171875|6.47035285883|96.61309920174|-459460|-796243||50285.1171875|400||39887.5|400|50285.1171875|76ce62|SIA528|0|2533|0|||3|3|0|1|1|132|66|["132,66,2"]|636148150851170000|13:58:05:117
62|1.1|636147907833791028|X|50290.1015625|6.47356614042|96.60244011907|-460641|-795871||50290.1015625|400||39918.75|400|50290.1015625|X|X|0|2533|0|||3|3|0|1|1|132|66|["132,66,2"]|636148150901020000|13:58:10:102
62|1.1|636147907883716020|X|50295.1015625|6.47660776089|96.59186150255|-461813|-795518||50295.1015625|400||39893.75|400|50295.1015625|X|X|0|2533|0|||3|3|0|1|1|132|66|["132,66,2"]|636148150951020000|13:58:15:102
62|1.1|636147907933661014|X|50300.1015625|6.47963865254|96.58129361485|-462983|-795166||50300.1015625|400||39868.75|400|50300.1015625|X|X|0|2533|0|||3|3|0|1|1|132|66|["132,66,2"]|636148151001020000|13:58:20:102
62|1.1|636147907983556003|X|50305.078125|6.48277146798|96.57067744746|-464159|-794803||50305.078125|400||39875|400|50305.078125|X|X|0|2533|0|||3|3|0|1|1|132|66|["132,66,2"]|636148151050780000|13:58:25:078
62|1.1|636147908033480995|X|50310.078125|6.48590428342|96.56004518684|-465337|-794439||50310.078125|400||39881.25|400|50310.078125|X|X|0|2533|0|||3|3|0|1|1|132|66|["132,66,2"]|636148151100780000|13:58:30:078
62|1.1|636147908083395986|X|50315.0625|6.48913365824|96.54934318889|-466522|-794065||50315.0625|400||39918.75|400|50315.0625|X|X|0|2533|0|||3|3|0|1|1|132|66|["132,66,2"]|636148151150630000|13:58:35:063
62|1.1|636147908133320978|X|50320.0625|6.49233621101|96.53863046212|-467708|-793693||50320.0625|400||39937.5|400|50320.0625|X|X|0|2533|0|||3|3|0|1|1|132|66|["132,66,2"]|636148151200630000|13:58:40:063
62|1.1|636147908183255971|X|50325.0625|6.4954958485|96.52797674386|-468888|-793327||50325.0625|400||39943.75|400|50325.0625|X|X|0|2533|0|||3|3|0|1|1|132|66|["132,66,2"]|636148151250630000|13:58:45:063
62|1.1|636147908233170962|X|50330.0390625|6.49862329953|96.51742494939|-470057|-792964||50330.0390625|400||39962.5|400|50330.0390625|X|X|0|2533|0|||3|3|0|1|1|132|66|["132,66,2"]|636148151300390000|13:58:50:039
62|1.1|636147908283095954|X|50335.0390625|6.50192241168|96.50676050231|-471238|-792582||50335.0390625|400||40025|400|50335.0390625|X|X|0|2533|0|||3|3|0|1|1|132|66|["132,66,2"]|636148151350390000|13:58:55:039
62|1.1|636147908333010945|X|50340.015625|6.5052054306|96.49628380958|-472398|-792202||50340.015625|400||40118.75|400.25|50340.015625|X|X|0|2533|0|||3|3|0|1|1|132|66|["132,66,2"]|636148151400160000|13:59:00:016
62|1.1|636147908382925936|X|50345.015625|6.50860110213|96.48586076095|-473552|-791809||50345.015625|400||40262.5|400.25|50345.015625|X|X|0|2533|0|||3|3|0|1|1|132|66|["132,66,2"]|636148151450160000|13:59:05:016
62|1.1|636147908432860929|X|50350.015625|6.51216843478|96.47551817847|-474696|-791398||50350.015625|400||40437.5|400.25|50350.015625|X|X|0|2533|0|||3|3|0|1|1|132|66|["132,66,2"]|636148151500160000|13:59:10:016
62|1.1|636147908482775920|X|50355|6.51603617439|96.46533652829|-475823|-790952||50355|400||40612.5|400.25|50355|X|X|0|2533|0|||3|3|0|1|1|132|66|["132,66,2"]|636148151550000000|13:59:15:000
62|1.1|636147908532550897|X|50360|6.52053154997|96.45542846302|-476918|-790438||50360|400||40618.75|400.25|50360|X|X|0|2533|0|||3|3|0|1|1|132|66|["132,66,2"]|636148151600000000|13:59:20:000
62|1.1|636147908582475889|X|50364.9765625|6.52594960407|96.44586371999|-477973|-789822||50364.9765625|400||40318.75|400.25|50364.9765625|X|X|0|2533|0|||3|3|0|1|1|132|66|["132,66,2"]|636148151649770000|13:59:24:977
62|1.1|636147908632560897|X|50369.9765625|6.53155541252|96.43613268025|-479047|-789184||50369.9765625|400||40087.5|400|50369.9765625|X|X|0|2533|0|||3|3|0|1|1|132|66|["132,66,2"]|636148151699770000|13:59:29:977
62|1.1|636147908682305871|X|50374.9765625|6.53682862755|96.42644455579|-480116|-788584||50374.9765625|400||39987.5|400|50374.9765625|X|X|0|2533|0|||3|3|0|1|1|132|66|["132,66,2"]|636148151749770000|13:59:34:977
62|1.1|636147908732380878|76ce62|50379.9609375|6.5423271478|96.4167939822|-481181|-787958||50379.9609375|400||39912.5|400|50379.9609375|76ce62|X|0|2533|0|||3|3|0|1|1|132|66|["132,66,4"]|636148151799610000|13:59:39:961
62|1.1|636147908782305870|76ce62|50384.9609375|6.54740724407|96.40697174749|-482265|-787379||50384.9609375|400||39887.5|400|50384.9609375|76ce62|X|0|2533|0|||3|3|0|1|1|132|66|["132,66,2"]|636148151849610000|13:59:44:961
62|1.1|636147908832240863|76ce62|50389.9375|6.55204745872|96.39733726713|-483330|-786849||50389.9375|400||39868.75|400|50389.9375|76ce62|X|0|2533|0|||3|3|0|1|1|132|66|["132,66,2"]|636148151899380000|13:59:49:938
62|1.1|636147908881995838|76ce62|50394.9375|6.55682714803|96.3874506595|-484421|-786303||50394.9375|400||39875|400|50394.9375|76ce62|X|0|2533|0|||3|3|0|1|1|132|66|["132,66,2"]|636148151949380000|13:59:54:938
62|1.1|636147908931920830|76ce62|50399.9375|6.56186969343|96.37784300119|-485482|-785728||50399.9375|400||39843.75|400|50399.9375|76ce62|X|0|2533|0|||3|3|0|1|1|132|66|["132,66,2"]|636148151999380000|13:59:59:938
62|1.1|636147908981845822|76ce62|50404.921875|6.56727701871|96.36750578312|-486623|-785111||50404.921875|400||39900|400|50404.921875|76ce62|X|0|2533|0|||3|3|0|1|1|132|66|["132,66,5"]|636148152049220000|14:00:04:922
62|1.1|636147909031760813|76ce62|50409.921875|6.57187431808|96.35744214996|-487735|-784585||50409.921875|400||39906.25|400|50409.921875|76ce62|X|0|2533|0|||3|3|0|1|1|132|66|["132,66,2"]|636148152099220000|14:00:09:922
62|1.1|636147909081685805|76ce62|50414.8984375|6.57666473621|96.34742143208|-488842|-784038||50414.8984375|400||39912.5|400|50414.8984375|76ce62|X|0|2533|0|||3|3|0|1|1|132|66|["132,66,2"]|636148152148980000|14:00:14:898
62|1.1|636147909131600796|76ce62|50419.8984375|6.58144978993|96.33747045153|-489941|-783490||50419.8984375|400||39912.5|400|50419.8984375|76ce62|X|0|2533|0|||3|3|0|1|1|132|66|["132,66,2"]|636148152198980000|14:00:19:898
62|1.1|636147909181525788|76ce62|50424.8984375|6.58635286067|96.32741754719|-491051|-782930||50424.8984375|400||39918.75|400|50424.8984375|76ce62|X|0|2533|0|||3|3|0|1|1|132|66|["132,66,2"]|636148152248980000|14:00:24:898
62|1.1|636147909231460781|76ce62|50429.875|6.59129348228|96.31747193105|-492149|-782366||50429.875|400||39918.75|400|50429.875|76ce62|X|0|2533|0|||3|3|0|1|1|132|66|["132,66,2"]|636148152298750000|14:00:29:875
62|1.1|636147909281365771|76ce62|50434.875|6.59608926482|96.30755313696|-493244|-781818||50434.875|400||39912.5|400|50434.875|76ce62|X|0|2533|0|||3|3|0|1|1|132|66|["132,66,2"]|636148152348750000|14:00:34:875
62|1.1|636147909331290763|76ce62|50439.859375|6.60080994562|96.2977577243|-494326|-781278||50439.859375|400||39906.25|400|50439.859375|76ce62|X|0|2533|0|||3|3|0|1|1|132|66|["132,66,2"]|636148152398590000|14:00:39:859
62|1.1|636147909381215755|76ce62|50444.859375|6.60579884692|96.28773700642|-495432|-780708||50444.859375|400||39912.5|400|50444.859375|76ce62|X|0|2533|0|||3|3|0|1|1|132|66|["132,66,2"]|636148152448590000|14:00:44:859
62|1.1|636147909431130746|76ce62|50449.859375|6.61073410412|96.27778066146|-496531|-780144||50449.859375|400||39912.5|400|50449.859375|76ce62|X|0|2533|0|||3|3|0|1|1|132|66|["132,66,2"]|636148152498590000|14:00:49:859
62|1.1|636147909481045737|76ce62|50454.8359375|6.61551379343|96.26793696911|-497618|-779598||50454.8359375|400||39906.25|400|50454.8359375|76ce62|X|0|2533|0|||3|3|0|1|1|132|66|["132,66,2"]|636148152548360000|14:00:54:836
62|1.1|636147909530970729|76ce62|50459.8359375|6.62034176243|96.2580610903|-498708|-779046||50459.8359375|400||39906.25|400|50459.8359375|76ce62|X|0|2533|0|||3|3|0|1|1|132|66|["132,66,2"]|636148152598360000|14:00:59:836
62|1.1|636147909580895721|76ce62|50464.8203125|6.62515900261|96.24822812677|-499794|-778495||50464.8203125|400||39906.25|400|50464.8203125|76ce62|X|0|2533|0|||3|3|0|1|1|132|66|["132,66,2"]|636148152648200000|14:01:04:820
62|1.1|636147909630820713|X|50469.8203125|6.63004061571|96.23830933268|-500889|-777937||50469.8203125|400||39906.25|400|50469.8203125|X|X|0|2533|0|||3|3|0|1|1|132|66|["132,66,2"]|636148152698200000|14:01:09:820
62|1.1|636147909680745705|X|50474.8203125|6.6348095762|96.22845491151|-501977|-777392||50474.8203125|400||39906.25|400|50474.8203125|X|X|0|2533|0|||3|3|0|1|1|132|66|["132,66,2"]|636148152748200000|14:01:14:820
62|1.1|636147909730660696|X|50479.796875|6.63968582489|96.21858976152|-503066|-776834||50479.796875|400||39912.5|400|50479.796875|X|X|0|2533|0|||3|3|0|1|1|132|66|["132,66,2"]|636148152797970000|14:01:19:797
62|1.1|636147909780585688|X|50484.796875|6.64465326855|96.20864950979|-504163|-776267||50484.796875|400||39925|400|50484.796875|X|X|0|2533|0|||3|3|0|1|1|132|66|["132,66,2"]|636148152847970000|14:01:24:797
62|1.1|636147909830500679|X|50489.78125|6.64966362749|96.19867170719|-505264|-775694||50489.78125|400||39937.5|400|50489.78125|X|X|0|2533|0|||3|3|0|1|1|132|66|["132,66,2"]|636148152897810000|14:01:29:781
62|1.1|636147909880425671|X|50494.78125|6.65445941003|96.18882265043|-506351|-775145||50494.78125|400||39937.5|400|50494.78125|X|X|0|2533|0|||3|3|0|1|1|132|66|["132,66,2"]|636148152947810000|14:01:34:781
62|1.1|636147909930350663|X|50499.78125|6.65915326878|96.17902187336|-507433|-774608||50499.78125|400||39925|400|50499.78125|X|X|0|2533|0|||3|3|0|1|1|132|66|["132,66,2"]|636148152997810000|14:01:39:781
62|1.1|636147909980275655|X|50504.7578125|6.66400805983|96.16916745219|-508521|-774053||50504.7578125|400||39925|400|50504.7578125|X|X|0|2533|0|||3|3|0|1|1|132|66|["132,66,2"]|636148153047580000|14:01:44:758
62|1.1|636147910030200647|X|50509.7578125|6.66890040175|96.15927011574|-509613|-773494||50509.7578125|400||39937.5|400|50509.7578125|X|X|0|2533|0|||3|3|0|1|1|132|66|["132,66,2"]|636148153097580000|14:01:49:758
62|1.1|636147910080115638|X|50514.7421875|6.67405023535|96.14923866904|-510720|-772905||50514.7421875|400||39968.75|400|50514.7421875|X|X|0|2533|0|||3|3|0|1|1|132|66|["132,66,2"]|636148153147420000|14:01:54:742
62|1.1|636147910130040630|X|50519.7421875|6.67867435677|96.13947544284|-511798|-772376||50519.7421875|400||39943.75|400|50519.7421875|X|X|0|2533|0|||3|3|0|1|1|132|66|["132,66,2"]|636148153197420000|14:01:59:742
62|1.1|636147910179955621|X|50524.7421875|6.68338430875|96.12965857254|-512881|-771836||50524.7421875|400||39925|400|50524.7421875|X|X|0|2533|0|||3|3|0|1|1|132|66|["132,66,2"]|636148153247420000|14:02:04:742
62|1.1|636147910229880613|X|50529.71875|6.68790650638|96.11999727013|-513948|-771318||50529.71875|400||39881.25|400|50529.71875|X|X|0|2533|0|||3|3|0|1|1|132|66|["132,66,2"]|636148153297190000|14:02:09:719
62|1.1|636147910279805605|X|50534.71875|6.69269692451|96.11016967101|-515033|-770770||50534.71875|400||39881.25|400|50534.71875|X|X|0|2533|0|||3|3|0|1|1|132|66|["132,66,2"]|636148153347190000|14:02:14:719
62|1.1|636147910329740598|X|50539.6953125|6.6976268173|96.10026160574|-516126|-770206||50539.6953125|400||39900|400|50539.6953125|X|X|0|2533|0|||3|3|0|1|1|132|66|["132,66,2"]|636148153396950000|14:02:19:695
62|1.1|636147910379645588|X|50544.6953125|6.70244942189|96.09035890488|-517219|-769654||50544.6953125|400||39893.75|400|50544.6953125|X|X|0|2533|0|||3|3|0|1|1|132|66|["132,66,2"]|636148153446950000|14:02:24:695
62|1.1|636147910429560579|X|50549.6953125|6.70717010269|96.08054739899|-518302|-769114||50549.6953125|400||39881.25|400|50549.6953125|X|X|0|2533|0|||3|3|0|1|1|132|66|["132,66,2"]|636148153496950000|14:02:29:695
62|1.1|636147910479495572|X|50554.6796875|6.71199807169|96.07070370664|-519388|-768561||50554.6796875|400||39887.5|400|50554.6796875|X|X|0|2533|0|||3|3|0|1|1|132|66|["132,66,2"]|636148153546800000|14:02:34:680
62|1.1|636147910529400562|X|50559.6796875|6.71705134591|96.0607044464|-520491|-767983||50559.6796875|400||39931.25|400|50559.6796875|X|X|0|2533|0|||3|3|0|1|1|132|66|["132,66,2"]|636148153596800000|14:02:39:680
62|1.1|636147910579325554|X|50564.65625|6.72192223019|96.05086075405|-521577|-767426||50564.65625|400||39943.75|400|50564.65625|X|X|0|2533|0|||3|3|0|1|1|132|66|["132,66,2"]|636148153646560000|14:02:44:656
62|1.1|636147910629250546|X|50569.65625|6.7267019195|96.04100633288|-522665|-766878||50569.65625|400||39937.5|400|50569.65625|X|X|0|2533|0|||3|3|0|1|1|132|66|["132,66,2"]|636148153696560000|14:02:49:656
62|1.1|636147910679175538|X|50574.65625|6.73174982931|96.03101243705|-523767|-766301||50574.65625|400||39962.5|400|50574.65625|X|X|0|2533|0|||3|3|0|1|1|132|66|["132,66,2"]|636148153746560000|14:02:54:656
62|1.1|636147910729100530|X|50579.640625|6.73668508651|96.02109364296|-524861|-765736||50579.640625|400||39987.5|400|50579.640625|X|X|0|2533|0|||3|3|0|1|1|132|66|["132,66,2"]|636148153796410000|14:02:59:641
62|1.1|636147910779015521|X|50584.640625|6.74152378433|96.01121776415|-525951|-765182||50584.640625|400||39975|400|50584.640625|X|X|0|2533|0|||3|3|0|1|1|132|66|["132,66,2"]|636148153846410000|14:03:04:641
62|1.1|636147910828950514|X|50589.6171875|6.74631956687|96.00140625826|-527034|-764633||50589.6171875|400||39968.75|400|50589.6171875|X|X|0|2533|0|||3|3|0|1|1|132|66|["132,66,2"]|636148153896170000|14:03:09:617
62|1.1|636147910878855504|X|50594.6171875|6.75132992581|95.99143918448|-528133|-764059||50594.6171875|400||40000|400|50594.6171875|X|X|0|2533|0|||3|3|0|1|1|132|66|["132,66,2"]|636148153946170000|14:03:14:617
62|1.1|636147910928790497|X|50599.6171875|6.7560988863|95.98160085654|-529218|-763513||50599.6171875|400||39981.25|400|50599.6171875|X|X|0|2533|0|||3|3|0|1|1|132|66|["132,66,2"]|636148153996170000|14:03:19:617
62|1.1|636147910978705488|X|50604.6015625|6.76075519418|95.97184835916|-530294|-762979||50604.6015625|400||39937.5|400|50604.6015625|X|X|0|2533|0|||3|3|0|1|1|132|66|["132,66,2"]|636148154046020000|14:03:24:602
62|1.1|636147911028640481|X|50609.6015625|6.76547051057|95.96203685327|-531377|-762439||50609.6015625|400||39906.25|400|50609.6015625|X|X|0|2533|0|||3|3|0|1|1|132|66|["132,66,2"]|636148154096020000|14:03:29:602
62|1.1|636147911078565473|X|50614.578125|6.77018046255|95.95227362707|-532454|-761899||50614.578125|400||39887.5|400|50614.578125|X|X|0|2533|0|||3|3|0|1|1|132|66|["132,66,2"]|636148154145780000|14:03:34:578
62|1.1|636147911128470463|X|50619.578125|6.77506744006|95.94237629062|-533546|-761339||50619.578125|400||39900|400|50619.578125|X|X|0|2533|0|||3|3|0|1|1|132|66|["132,66,2"]|636148154195780000|14:03:39:578
62|1.1|636147911178395455|X|50624.578125|6.77999196844|95.93246822535|-534639|-760775||50624.578125|400||39918.75|400|50624.578125|X|X|0|2533|0|||3|3|0|1|1|132|66|["132,66,2"]|636148154245780000|14:03:44:578
62|1.1|636147911228310446|X|50629.5625|6.78487894595|95.92260843977|-535726|-760215||50629.5625|400||39937.5|400|50629.5625|X|X|0|2533|0|||3|3|0|1|1|132|66|["132,66,2"]|636148154295630000|14:03:49:563
62|1.1|636147911278235438|X|50634.5625|6.78977128787|95.91272719655|-536816|-759655||50634.5625|400||39943.75|400|50634.5625|X|X|0|2533|0|||3|3|0|1|1|132|66|["132,66,2"]|636148154345630000|14:03:54:563
62|1.1|636147911328150429|X|50639.5390625|6.79452415513|95.90294787712|-537895|-759110||50639.5390625|400||39937.5|400|50639.5390625|X|X|0|2533|0|||3|3|0|1|1|132|66|["132,66,2"]|636148154395390000|14:03:59:539
62|1.1|636147911378085422|X|50644.5390625|6.79922337829|95.8931739221|-538973|-758571||50644.5390625|400||39912.5|400|50644.5390625|X|X|0|2533|0|||3|3|0|1|1|132|66|["132,66,2"]|636148154445390000|14:04:04:539
62|1.1|636147911428000413|X|50649.5390625|6.80401916083|95.8833570518|-540056|-758022||50649.5390625|400||39912.5|400|50649.5390625|X|X|0|2533|0|||3|3|0|1|1|132|66|["132,66,2"]|636148154495390000|14:04:09:539
62|1.1|636147911477925405|X|50654.515625|6.80910998592|95.87341143566|-541152|-757439||50654.515625|400||39968.75|400|50654.515625|X|X|0|2533|0|||3|3|0|1|1|132|66|["132,66,2"]|636148154545160000|14:04:14:516
62|1.1|636147911527850397|X|50659.515625|6.81394331933|95.86355701449|-542239|-756885||50659.515625|400||39968.75|400|50659.515625|X|X|0|2533|0|||3|3|0|1|1|132|66|["132,66,2"]|636148154595160000|14:04:19:516
62|1.1|636147911577765388|X|50664.5|6.81871764423|95.85375623742|-543320|-756338||50664.5|400||39950|400|50664.5|X|X|0|2533|0|||3|3|0|1|1|132|66|["132,66,2"]|636148154645000000|14:04:24:500
62|1.1|636147911627690380|X|50669.5|6.82349196913|95.84391254507|-544406|-755790||50669.5|400||39931.25|400|50669.5|X|X|0|2533|0|||3|3|0|1|1|132|66|["132,66,2"]|636148154695000000|14:04:29:500
62|1.1|636147911677605371|X|50674.5|6.82844868397|95.83403666626|-545495|-755222||50674.5|400||39962.5|400|50674.5|X|X|0|2533|0|||3|3|0|1|1|132|66|["132,66,2"]|636148154745000000|14:04:34:500
62|1.1|636147911727530363|X|50679.4765625|6.83315863595|95.82427880447|-546571|-754682||50679.4765625|400||39937.5|400|50679.4765625|X|X|0|2533|0|||3|3|0|1|1|132|66|["132,66,2"]|636148154794770000|14:04:39:477
62|1.1|636147911777455355|X|50684.4765625|6.83798660495|95.81444584094|-547655|-754129||50684.4765625|400||39937.5|400|50684.4765625|X|X|0|2533|0|||3|3|0|1|1|132|66|["132,66,2"]|636148154844770000|14:04:44:477
62|1.1|636147911827370346|X|50689.4609375|6.84293259097|95.804607513|-548740|-753562||50689.4609375|400||39968.75|400|50689.4609375|X|X|0|2533|0|||3|3|0|1|1|132|66|["132,66,2"]|636148154894610000|14:04:49:461
62|1.1|636147911877305339|X|50694.4609375|6.84784102612|95.79474772742|-549827|-752999||50694.4609375|400||39981.25|400|50694.4609375|X|X|0|2533|0|||3|3|0|1|1|132|66|["132,66,2"]|636148154944610000|14:04:54:461
62|1.1|636147911927210329|X|50699.4609375|6.85263680866|95.78493622153|-550909|-752449||50699.4609375|400||39968.75|400|50699.4609375|X|X|0|2533|0|||3|3|0|1|1|132|66|["132,66,2"]|636148154994610000|14:04:59:461
62|1.1|636147911977145322|X|50704.4375|6.85751305735|95.77513544446|-551990|-751890||50704.4375|400||39981.25|400|50704.4375|X|X|0|2533|0|||3|3|0|1|1|132|66|["132,66,2"]|636148155044380000|14:05:04:438
62|1.1|636147912027060313|X|50709.4375|6.86239467045|95.76527029447|-553077|-751330||50709.4375|400||39981.25|400|50709.4375|X|X|0|2533|0|||3|3|0|1|1|132|66|["132,66,2"]|636148155094380000|14:05:09:438
62|1.1|636147912076985305|X|50714.421875|6.86721727504|95.75550170386|-554154|-750777||50714.421875|400||40000|400|50714.421875|X|X|0|2533|0|||3|3|0|1|1|132|66|["132,66,2"]|636148155144220000|14:05:14:422
62|1.1|636147912126900296|X|50719.421875|6.8721310746|95.74564191828|-555241|-750214||50719.421875|400||40006.25|400|50719.421875|X|X|0|2533|0|||3|3|0|1|1|132|66|["132,66,2"]|636148155194220000|14:05:19:422
62|1.1|636147912176825288|X|50724.421875|6.87699123006|95.7357284886|-556334|-749656||50724.421875|400||39968.75|400|50724.421875|X|X|0|2533|0|||3|3|0|1|1|132|66|["132,66,2"]|636148155244220000|14:05:24:422
62|1.1|636147912226750280|X|50729.3984375|6.88182456347|95.72595453358|-557411|-749102||50729.3984375|400||39981.25|400|50729.3984375|X|X|0|2533|0|||3|3|0|1|1|132|66|["132,66,2"]|636148155293980000|14:05:29:398
62|1.1|636147912276665271|X|50734.3984375|6.88668471893|95.71610011241|-558498|-748544||50734.3984375|400||39968.75|400|50734.3984375|X|X|0|2533|0|||3|3|0|1|1|132|66|["132,66,2"]|636148155343980000|14:05:34:398
62|1.1|636147912326590263|X|50739.375|6.89140003532|95.70631006416|-559577|-748003||50739.375|400||39925|400|50739.375|X|X|0|2533|0|||3|3|0|1|1|132|66|["132,66,2"]|636148155393750000|14:05:39:375
62|1.1|636147912376515255|X|50744.375|6.89627628401|95.69645027858|-560664|-747444||50744.375|400||39918.75|400|50744.375|X|X|0|2533|0|||3|3|0|1|1|132|66|["132,66,2"]|636148155443750000|14:05:44:375
62|1.1|636147912426440247|X|50749.375|6.90112571065|95.68656903536|-561754|-746887||50749.375|400||39906.25|400|50749.375|X|X|0|2533|0|||3|3|0|1|1|132|66|["132,66,2"]|636148155493750000|14:05:49:375
62|1.1|636147912476355238|X|50754.359375|6.90609851872|95.67667706332|-562844|-746317||50754.359375|400||39925|400|50754.359375|X|X|0|2533|0|||3|3|0|1|1|132|66|["132,66,2"]|636148155543590000|14:05:54:359
62|1.1|636147912526270229|X|50759.359375|6.91087820803|95.6667958201|-563933|-745768||50759.359375|400||39887.5|400|50759.359375|X|X|0|2533|0|||3|3|0|1|1|132|66|["132,66,2"]|636148155593590000|14:05:59:359
62|1.1|636147912576195221|X|50764.3359375|6.91572763467|95.65691457688|-565022|-745211||50764.3359375|400||39868.75|400|50764.3359375|X|X|0|2533|0|||3|3|0|1|1|132|66|["132,66,2"]|636148155643360000|14:06:04:336
62|1.1|636147912626120213|X|50769.3359375|6.92071117156|95.64695286751|-566120|-744639||50769.3359375|400||39881.25|400|50769.3359375|X|X|0|2533|0|||3|3|0|1|1|132|66|["132,66,2"]|636148155693360000|14:06:09:336
62|1.1|636147912676035204|X|50774.3359375|6.92567325081|95.63699115814|-567218|-744070||50774.3359375|400||39881.25|400|50774.3359375|X|X|0|2533|0|||3|3|0|1|1|132|66|["132,66,2"]|636148155743360000|14:06:14:336
62|1.1|636147912725970197|X|50779.3203125|6.9303349231|95.62714210138|-568304|-743534||50779.3203125|400||39818.75|400|50779.3203125|X|X|0|2533|0|||3|3|0|1|1|132|66|["132,66,2"]|636148155793200000|14:06:19:320
62|1.1|636147912775885188|X|50784.3203125|6.9350556039|95.61725549375|-569394|-742992||50784.3203125|400||39775|400|50784.3203125|X|X|0|2533|0|||3|3|0|1|1|132|66|["132,66,2"]|636148155843200000|14:06:24:320
62|1.1|636147912825810180|X|50789.296875|6.94035564098|95.60719186059|-570502|-742384||50789.296875|400||39868.75|400|50789.296875|X|X|0|2533|0|||3|3|0|1|1|132|66|["132,66,2"]|636148155892970000|14:06:29:297
62|1.1|636147912875755174|X|50794.296875|6.94510314383|95.59726770209|-571596|-741839||50794.296875|400||39812.5|400|50794.296875|X|X|0|2533|0|||3|3|0|1|1|132|66|["132,66,2"]|636148155942970000|14:06:34:297
62|1.1|636147912925660164|X|50799.296875|6.94969507879|95.58736500123|-572688|-741311||50799.296875|400||39725|400|50799.296875|X|X|0|2533|0|||3|3|0|1|1|132|66|["132,66,2"]|636148155992970000|14:06:39:297
62|1.1|636147912975565154|X|50804.28125|6.95432992903|95.57751594447|-573774|-740777||50804.28125|400||39681.25|400|50804.28125|X|X|0|2533|0|||3|3|0|1|1|132|66|["132,66,2"]|636148156042810000|14:06:44:281
62|1.1|636147913025490146|X|50809.28125|6.95911498275|95.56757569274|-574869|-740228||50809.28125|400||39668.75|400|50809.28125|X|X|0|2533|0|||3|3|0|1|1|132|66|["132,66,2"]|636148156092810000|14:06:49:281
62|1.1|636147913075415138|X|50814.2578125|6.96386785001|95.5576837207|-575960|-739681||50814.2578125|400||39650|400|50814.2578125|X|X|0|2533|0|||3|3|0|1|1|132|66|["132,66,2"]|636148156142580000|14:06:54:258
62|1.1|636147913125340130|X|50819.2578125|6.9686904546|95.54772201133|-577058|-739127||50819.2578125|400||39650|400|50819.2578125|X|X|0|2533|0|||3|3|0|1|1|132|66|["132,66,2"]|636148156192580000|14:06:59:258
62|1.1|636147913175275123|X|50824.2578125|6.97356670329|95.5377281155|-578159|-738567||50824.2578125|400||39662.5|400|50824.2578125|X|X|0|2533|0|||3|3|0|1|1|132|66|["132,66,2"]|636148156242580000|14:07:04:258
62|1.1|636147913225180113|X|50829.2421875|6.97835712142|95.52778786377|-579255|-738016||50829.2421875|400||39656.25|400|50829.2421875|X|X|0|2533|0|||3|3|0|1|1|132|66|["132,66,2"]|636148156292420000|14:07:09:242
62|1.1|636147913275105105|X|50834.2421875|6.9832280057|95.5177725103|-580358|-737456||50834.2421875|400||39668.75|400|50834.2421875|X|X|0|2533|0|||3|3|0|1|1|132|66|["132,66,2"]|636148156342420000|14:07:14:242
62|1.1|636147913325020096|X|50839.21875|6.9880023306|95.50782689416|-581454|-736907||50839.21875|400||39668.75|400|50839.21875|X|X|0|2533|0|||3|3|0|1|1|132|66|["132,66,2"]|636148156392190000|14:07:19:219
62|1.1|636147913374945088|X|50844.21875|6.99287321488|95.49782226951|-582557|-736347||50844.21875|400||39681.25|400|50844.21875|X|X|0|2533|0|||3|3|0|1|1|132|66|["132,66,2"]|636148156442190000|14:07:24:219
62|1.1|636147913424870080|X|50849.21875|6.99764217537|95.48782837368|-583658|-735799||50849.21875|400||39675|400|50849.21875|X|X|0|2533|0|||3|3|0|1|1|132|66|["132,66,2"]|636148156492190000|14:07:29:219
62|1.1|636147913474785071|X|50854.1953125|7.00236822058|95.47787739313|-584755|-735255||50854.1953125|400||39662.5|400|50854.1953125|X|X|0|2533|0|||3|3|0|1|1|132|66|["132,66,2"]|636148156541950000|14:07:34:195
62|1.1|636147913524720064|X|50859.1953125|7.00721764722|95.46787276848|-585857|-734697||50859.1953125|400||39681.25|400|50859.1953125|X|X|0|2533|0|||3|3|0|1|1|132|66|["132,66,2"]|636148156591950000|14:07:39:195
62|1.1|636147913574635055|X|50864.1796875|7.01207243827|95.45793251675|-586952|-734139||50864.1796875|400||39712.5|400|50864.1796875|X|X|0|2533|0|||3|3|0|1|1|132|66|["132,66,2"]|636148156641800000|14:07:44:180
62|1.1|636147913624550046|X|50869.1796875|7.01704524634|95.44792252769|-588055|-733568||50869.1796875|400||39756.25|400|50869.1796875|X|X|0|2533|0|||3|3|0|1|1|132|66|["132,66,2"]|636148156691800000|14:07:49:180
62|1.1|636147913674485039|X|50874.1796875|7.02178738478|95.4379500895|-589154|-733022||50874.1796875|400||39750|400|50874.1796875|X|X|0|2533|0|||3|3|0|1|1|132|66|["132,66,2"]|636148156741800000|14:07:54:180
62|1.1|636147913724400030|X|50879.15625|7.02659389614|95.42800983777|-590249|-732469||50879.15625|400||39762.5|400|50879.15625|X|X|0|2533|0|||3|3|0|1|1|132|66|["132,66,2"]|636148156791560000|14:07:59:156
62|1.1|636147913774315021|X|50884.15625|7.03159889067|95.41798911989|-591353|-731894||50884.15625|400||39812.5|400|50884.15625|X|X|0|2533|0|||3|3|0|1|1|132|66|["132,66,2"]|636148156841560000|14:08:04:156
62|1.1|636147913824240013|X|50889.140625|7.03639467321|95.40805423257|-592448|-731342||50889.140625|400||39818.75|400|50889.140625|X|X|0|2533|0|||3|3|0|1|1|132|66|["132,66,2"]|636148156891410000|14:08:09:141
62|1.1|636147913874175006|X|50894.140625|7.04118509134|95.39806570115|-593548|-730791||50894.140625|400||39818.75|400|50894.140625|X|X|0|2533|0|||3|3|0|1|1|132|66|["132,66,2"]|636148156941410000|14:08:14:141
62|1.1|636147913924079996|X|50899.140625|7.04619545028|95.38803425445|-594653|-730215||50899.140625|400||39856.25|400|50899.140625|X|X|0|2533|0|||3|3|0|1|1|132|66|["132,66,2"]|636148156991410000|14:08:19:141
62|1.1|636147913974004988|X|50904.1171875|7.05099659723|95.37815837564|-595741|-729662||50904.1171875|400||39868.75|400|50904.1171875|X|X|0|2533|0|||3|3|0|1|1|132|66|["132,66,2"]|636148157041170000|14:08:24:117
62|1.1|636147914023929980|X|50909.1171875|7.05581383741|95.36811620012|-596847|-729108||50909.1171875|400||39856.25|400|50909.1171875|X|X|0|2533|0|||3|3|0|1|1|132|66|["132,66,2"]|636148157091170000|14:08:29:117
62|1.1|636147914073844971|X|50914.1015625|7.06082956076|95.35811157547|-597949|-728532||50914.1015625|400||39893.75|400|50914.1015625|X|X|0|2533|0|||3|3|0|1|1|132|66|["132,66,2"]|636148157141020000|14:08:34:102
62|1.1|636147914123769963|X|50919.1015625|7.06582919088|95.34807476436|-599054|-727957||50919.1015625|400||39925|400|50919.1015625|X|X|0|2533|0|||3|3|0|1|1|132|66|["132,66,2"]|636148157191020000|14:08:39:102
62|1.1|636147914173694955|X|50924.1015625|7.07063033783|95.33809696176|-600153|-727404||50924.1015625|400||39906.25|400|50924.1015625|X|X|0|2533|0|||3|3|0|1|1|132|66|["132,66,2"]|636148157241020000|14:08:44:102
62|1.1|636147914223619947|X|50929.078125|7.07557632385|95.32811379475|-601253|-726835||50929.078125|400||39918.75|400|50929.078125|X|X|0|2533|0|||3|3|0|1|1|132|66|["132,66,2"]|636148157290780000|14:08:49:078
62|1.1|636147914273534938|X|50934.078125|7.08065642012|95.31806625482|-602359|-726251||50934.078125|400||39950|400|50934.078125|X|X|0|2533|0|||3|3|0|1|1|132|66|["132,66,2"]|636148157340780000|14:08:54:078
62|1.1|636147914323459930|X|50939.0625|7.08558631291|95.30805626576|-603461|-725684||50939.0625|400||39950|400|50939.0625|X|X|0|2533|0|||3|3|0|1|1|132|66|["132,66,2"]|636148157390630000|14:08:59:063
62|1.1|636147914373374921|X|50944.0625|7.09048938365|95.29801945465|-604567|-725119||50944.0625|400||39937.5|400|50944.0625|X|X|0|2533|0|||3|3|0|1|1|132|66|["132,66,2"]|636148157440630000|14:09:04:063
62|1.1|636147914423299913|X|50949.0625|7.09558020874|95.28796655031|-605674|-724534||50949.0625|400||39962.5|400|50949.0625|X|X|0|2533|0|||3|3|0|1|1|132|66|["132,66,2"]|636148157490630000|14:09:09:063
62|1.1|636147914473224905|X|50954.0390625|7.10057447445|95.27795656125|-606775|-723960||50954.0390625|400||39968.75|400|50954.0390625|X|X|0|2533|0|||3|3|0|1|1|132|66|["132,66,2"]|636148157540390000|14:09:14:039
62|1.1|636147914523149897|X|50959.0390625|7.1054829096|95.26793584337|-607879|-723395||50959.0390625|400||39950|400|50959.0390625|X|X|0|2533|0|||3|3|0|1|1|132|66|["132,66,2"]|636148157590390000|14:09:19:039
62|1.1|636147914573084890|X|50964.015625|7.11032697183|95.25797949841|-608975|-722837||50964.015625|400||39931.25|400|50964.015625|X|X|0|2533|0|||3|3|0|1|1|132|66|["132,66,2"]|636148157640160000|14:09:24:016
62|1.1|636147914622989880|X|50969.015625|7.1150852035|95.24801242463|-610073|-722288||50969.015625|400||39893.75|400|50969.015625|X|X|0|2533|0|||3|3|0|1|1|132|66|["132,66,2"]|636148157690160000|14:09:29:016
62|1.1|636147914672904871|X|50974.015625|7.11996145219|95.23803462203|-611172|-721727||50974.015625|400||39881.25|400|50974.015625|X|X|0|2533|0|||3|3|0|1|1|132|66|["132,66,2"]|636148157740160000|14:09:34:016
62|1.1|636147914722839864|X|50979|7.12480551442|95.22813192117|-612262|-721169||50979|400||39887.5|400|50979|X|X|0|2533|0|||3|3|0|1|1|132|66|["132,66,2"]|636148157790000000|14:09:39:000
62|1.1|636147914772764856|X|50984|7.12973540721|95.21810047447|-613367|-720601||50984|400||39900|400|50984|X|X|0|2533|0|||3|3|0|1|1|132|66|["132,66,2"]|636148157840000000|14:09:44:000
62|1.1|636147914822689848|76ce62|50988.9765625|7.1345043677|95.20822996007|-614454|-720052||50988.9765625|400||39850|400|50988.9765625|76ce62|X|0|2533|0|||3|3|0|1|1|132|66|["132,66,5"]|636148157889770000|14:09:48:977
62|1.1|636147914872594838|76ce62|50993.9765625|7.13933770111|95.19823606424|-615554|-719495||50993.9765625|400||39843.75|400|50993.9765625|76ce62|X|0|2533|0|||3|3|0|1|1|132|66|["132,66,2"]|636148157939770000|14:09:53:977
62|1.1|636147914922519830|76ce62|50998.9765625|7.14423540744|95.18825826164|-616653|-718931||50998.9765625|400||39843.75|400|50998.9765625|76ce62|X|0|2533|0|||3|3|0|1|1|132|66|["132,66,2"]|636148157989770000|14:09:58:977
62|1.1|636147914972434821|76ce62|51003.9609375|7.14908483408|95.1783126455|-617748|-718372||51003.9609375|400||39843.75|400|51003.9609375|76ce62|X|0|2533|0|||3|3|0|1|1|132|66|["132,66,2"]|636148158039610000|14:10:03:961
62|1.1|636147915022359813|76ce62|51008.9609375|7.15400936246|95.16830802085|-618849|-717805||51008.9609375|400||39850|400|51008.9609375|76ce62|X|0|2533|0|||3|3|0|1|1|132|66|["132,66,2"]|636148158089610000|14:10:08:961
62|1.1|636147915072304807|76ce62|51013.9375|7.15887488233|95.15836776912|-619943|-717245||51013.9375|400||39850|400|51013.9375|76ce62|X|0|2533|0|||3|3|0|1|1|132|66|["132,66,2"]|636148158139380000|14:10:13:938
62|1.1|636147915122199796|76ce62|51018.9375|7.16362238518|95.14841678857|-621039|-716697||51018.9375|400||39818.75|400|51018.9375|76ce62|X|0|2533|0|||3|3|0|1|1|132|66|["132,66,2"]|636148158189380000|14:10:18:938
62|1.1|636147915172124788|76ce62|51023.9375|7.16871857468|95.13842289274|-622139|-716111||51023.9375|400||39868.75|400|51023.9375|76ce62|X|0|2533|0|||3|3|0|1|1|132|66|["132,66,2"]|636148158239380000|14:10:23:938
62|1.1|636147915222049780|76ce62|51028.921875|7.17356800132|95.12849336983|-623232|-715552||51028.921875|400||39868.75|400|51028.921875|76ce62|X|0|2533|0|||3|3|0|1|1|132|66|["132,66,2"]|636148158289220000|14:10:28:922
62|1.1|636147915271964771|76ce62|51033.921875|7.1784925297|95.11851556723|-624330|-714985||51033.921875|400||39875|400|51033.921875|76ce62|X|0|2533|0|||3|3|0|1|1|132|66|["132,66,2"]|636148158339220000|14:10:33:922
62|1.1|636147915321889763|76ce62|51038.921875|7.1831059223|95.10859140873|-625423|-714452||51038.921875|400||39818.75|400|51038.921875|76ce62|X|0|2533|0|||3|3|0|1|1|132|66|["132,66,2"]|636148158389220000|14:10:38:922
62|1.1|636147915371814755|76ce62|51043.8984375|7.18795534894|95.0987048011|-626511|-713893||51043.8984375|400||39825|400|51043.8984375|76ce62|X|0|2533|0|||3|3|0|1|1|132|66|["132,66,2"]|636148158438980000|14:10:43:898
62|1.1|636147915424850058|X|51049.1953125|7.19310518254|95.0881905575|-627669|-713299||51049.1953125|400||39825|400|51049.1953125|X|X|0|2533|0|||3|3|0|1|1|132|66|[]|636148158491950000|14:10:49:195
62|1.1|636147915474775050|X|51054.1953125|7.19797070241|95.078266399|-628761|-712739||51054.1953125|400||39831.25|400|51054.1953125|X|X|0|2533|0|||3|3|0|1|1|132|66|[]|636148158541950000|14:10:54:195
62|1.1|636147915524690041|X|51059.1796875||||||||||||X|X|X|2533|||||||1|1|0|0|[]|636148158591800000|14:10:59:180
