62|1.1|636147897415929346|780261|49248.3359375|16.88855206219|106.00794600263|561105|361273||49248.3359375|290||28918.75|290|49248.3359375|780261|CSN3064|0|2553|0|||3|3|0|1|1|132|162|["132,178,5,1746","132,146,5,1776","132,162,5"]|636148140483360000|13:40:48:336
62|1.1|636147897465844337|780261|49253.3359375|16.89974222145|106.00965188501|561258|362519||49253.3359375|290.25||28925|290|49253.3359375|780261|CSN3064|0|2553|0|||3|3|0|1|1|132|162|["132,178,5,1746","132,146,5,1776","132,162,5"]|636148140533360000|13:40:53:336
62|1.1|636147897515769329|780261|49258.3203125|16.91104503332|106.01108418248|561380|363777||49258.3203125|290||29031.25|290|49258.3203125|780261|CSN3064|0|2553|0|||3|3|0|1|1|132|162|["132,178,5,1746","132,146,5,1776","132,162,5"]|636148140583200000|13:40:58:320
62|1.1|636147897565684320|780261|49263.3203125|16.92222446376|106.01290808188|561545|365022||49263.3203125|290.25||29037.5|290|49263.3203125|780261|CSN3064|0|2553|0|||3|3|0|1|1|132|162|["132,178,5,1746","132,146,5,1776","132,162,5"]|636148140633200000|13:41:03:320
62|1.1|636147897615599311|780261|49268.296875|16.93307130078|106.01457104898|561693|366229||49268.296875|290||29056.25|290|49268.296875|780261|CSN3064|0|2553|0|||3|3|0|1|1|132|163|["132,178,5,1746","132,146,5,1776","132,162,5"]|636148140682970000|13:41:08:297
62|1.1|636147897665524303|780261|49273.296875|16.94516268092|106.01627156695|561842|367575||49273.296875|290||29018.75|290|49273.296875|780261|CSN3064|0|2553|0|||3|3|0|1|1|132|162|["132,178,5,1746","132,146,5,1776","132,162,5"]|636148140732970000|13:41:13:297
62|1.1|636147897715449295|780261|49278.296875|16.95584322123|106.01802572902|562001|368765||49278.296875|290||29018.75|290|49278.296875|780261|CSN3064|0|2553|0|||3|3|0|1|1|132|162|["132,178,5,1746","132,146,5,1776","132,162,5"]|636148140782970000|13:41:18:297
62|1.1|636147897765364286|780261|49283.28125|16.96759127913|106.01980134873|562159|370073||49283.28125|290||29000|290|49283.28125|780261|CSN3064|0|2553|0|||3|3|0|1|1|132|162|["132,178,5,1746","132,146,5,1776","132,162,5"]|636148140832810000|13:41:23:281
62|1.1|636147897815299279|780261|49288.28125|16.97906038771|106.02172717192|562333|371350||49288.28125|290||28993.75|290|49288.28125|780261|CSN3064|0|2553|0|||3|3|0|1|1|132|162|["132,178,5,1746","132,146,5,1776","132,162,5"]|636148140882810000|13:41:28:281
62|1.1|636147897865224271|780261|49293.2578125|16.98947807193|106.02334722374|562478|372510||49293.2578125|290||29006.25|290|49293.2578125|780261|CSN3064|0|2553|0|||3|3|0|1|1|132|162|["132,178,5,1746","132,146,5,1776","132,162,5"]|636148140932580000|13:41:33:258
62|1.1|636147897915129261|780261|49298.2578125|17.00042683274|106.02534278426|562661|373730||49298.2578125|290||29012.5|290|49298.2578125|780261|CSN3064|0|2553|0|||3|3|0|1|1|132|162|["132,178,5,1746","132,146,5,1776","132,162,5"]|636148140982580000|13:41:38:258
62|1.1|636147897965054253|780261|49303.2578125|17.01098399162|106.02676971732|562785|374905||49303.2578125|290||29012.5|290|49303.2578125|780261|CSN3064|0|2553|0|||3|3|0|1|1|132|162|["132,178,5,1746","132,146,5,1776","132,162,5"]|636148141032580000|13:41:43:258
62|1.1|636147898014999247|780261|49308.2421875|17.02187910833|106.02849705734|562940|376118||49308.2421875|290||29012.5|290|49308.2421875|780261|CSN3064|0|2553|0|||3|3|0|1|1|132|162|["132,178,5,1746","132,146,5,1776","132,162,5"]|636148141082420000|13:41:48:242
62|1.1|636147898064914238|780261|49313.2421875|17.03283323355|106.03022439736|563095|377338||49313.2421875|290||29012.5|290|49313.2421875|780261|CSN3064|0|2553|0|||3|3|0|1|1|132|146|["132,178,5,1746","132,146,5,1776","132,162,5"]|636148141132420000|13:41:53:242
62|1.1|636147898114819228|780261|49318.21875|17.0447690458|106.03204293235|563256|378667||49318.21875|289.75||28993.75|290|49318.21875|780261|CSN3064|0|2553|0|||3|3|0|1|1|132|146|["132,178,5,1746","132,146,5,1776","132,162,5"]|636148141182190000|13:41:58:219
62|1.1|636147898164744220|780261|49323.21875|17.05602357798|106.03387219616|563421|379921||49323.21875|290||28993.75|289.75|49323.21875|780261|CSN3064|0|2553|0|||3|3|0|1|1|132|146|["132,178,5,1746","132,146,5,1776","132,162,5"]|636148141232190000|13:42:03:219
62|1.1|636147898214669212|780261|49328.21875|17.06699916084|106.03596968047|563615|381144||49328.21875|289.75||28968.75|289.75|49328.21875|780261|CSN3064|0|2553|0|||3|3|0|1|1|132|146|["132,178,5,1746","132,146,5,1776","132,162,5"]|636148141282190000|13:42:08:219
62|1.1|636147898264604205|780261|49333.1953125|17.07810885395|106.03787404602|563788|382382||49333.1953125|290||28925|289.75|49333.1953125|780261|CSN3064|0|2553|0|||3|3|0|1|1|132|146|["132,178,5,1746","132,146,5,1776","132,162,5"]|636148141331950000|13:42:13:195
62|1.1|636147898314509195|780261|49338.1953125|17.08884840277|106.03997689474|563984|383579||49338.1953125|290||28906.25|290|49338.1953125|780261|CSN3064|0|2553|0|||3|3|0|1|1|132|146|["132,178,5,1746","132,146,5,1776","132,162,5"]|636148141381950000|13:42:18:195
62|1.1|636147898364444188|780261|49343.1796875|17.10137430012|106.04158085333|564121|384973||49343.1796875|290||28975|290|49343.1796875|780261|CSN3064|0|2553|0|||3|3|0|1|1|132|146|["132,178,5,1746","132,146,5,1776","132,162,5"]|636148141431800000|13:42:23:180
62|1.1|636147898414369180|780261|49348.1796875|17.11164178086|106.04380171907|564330|386118||49348.1796875|290||29006.25|290|49348.1796875|780261|CSN3064|0|2553|0|||3|3|0|1|1|132|146|["132,178,5,1746","132,146,5,1776","132,162,5"]|636148141481800000|13:42:28:180
62|1.1|636147898464274170|780261|49353.1796875|17.12319135559|106.04599039835|564531|387405||49353.1796875|290||29006.25|290|49353.1796875|780261|CSN3064|0|2553|0|||3|3|0|1|1|132|146|["132,178,5,1746","132,146,5,1776","132,162,5"]|636148141531800000|13:42:33:180
62|1.1|636147898514199162|780261|49358.15625|17.13338373459|106.04917685789|564844|388544||49358.15625|290||29043.75|290|49358.15625|780261|CSN3064|0|2553|0|||3|3|0|1|1|132|146|["132,178,5,1746","132,146,5,1776","132,162,5"]|636148141581560000|13:42:38:156
62|1.1|636147898564124154|780261|49363.15625|17.1452444451|106.05208973252|565122|389868||49363.15625|290||29006.25|290|49363.15625|780261|CSN3064|0|2553|0|||3|3|0|1|1|132|146|["132,178,5,1746","132,146,5,1776","132,162,5"]|636148141631560000|13:42:43:156
62|1.1|636147898614039145|780261|49368.140625|17.15567285814|106.05529228529|565435|391034||49368.140625|290||29018.75|290|49368.140625|780261|CSN3064|0|2553|0|||3|3|0|1|1|132|146|["132,178,5,1746","132,146,5,1776","132,162,5"]|636148141681410000|13:42:48:141
62|1.1|636147898663964137|780261|49373.140625|17.16581159304|106.0581944311|565717|392166||49373.140625|290||29018.75|290|49373.140625|780261|CSN3064|0|2553|0|||3|3|0|1|1|132|146|["132,178,5,1746","132,146,5,1776","132,162,5"]|636148141731410000|13:42:53:141
62|1.1|636147898713879128|780261|49378.140625|17.17601470086|106.06177785698|566072|393308||49378.140625|290.25||29037.5|290|49378.140625|780261|CSN3064|0|2553|0|||3|3|0|1|1|132|146|["132,178,5,1746","132,146,5,1776","132,162,5"]|636148141781410000|13:42:58:141
62|1.1|636147898763794119|780261|49383.1171875|17.18651821564|106.0651681641|566404|394482||49383.1171875|290.25||29037.5|290|49383.1171875|780261|CSN3064|0|2553|0|||3|3|0|1|1|132|146|["132,178,5,1746","132,146,5,1776","132,162,5"]|636148141831170000|13:43:03:117
62|1.1|636147898813739113|780261|49388.1171875|17.19710219657|106.06879450526|566762|395666||49388.1171875|290.25||29025|290|49388.1171875|780261|CSN3064|0|2553|0|||3|3|0|1|1|132|146|["132,178,5,1746","132,146,5,1776","132,162,5"]|636148141881170000|13:43:08:117
62|1.1|636147898863664105|780261|49393.1015625|17.20740722818|106.0733757114|567222|396822||49393.1015625|290.25||29037.5|290|49393.1015625|780261|CSN3064|0|2553|0|||3|3|0|1|1|132|146|["132,178,5,1746","132,146,5,1776","132,162,5"]|636148141931020000|13:43:13:102
62|1.1|636147898913569095|780261|49398.1015625|17.21876368415|106.07786572257|567670|398094||49398.1015625|290.25||29012.5|290|49398.1015625|780261|CSN3064|0|2553|0|||3|3|0|1|1|132|146|["132,178,5,1746","132,146,5,1776","132,162,5"]|636148141981020000|13:43:18:102
62|1.1|636147898963484086|780261|49403.1015625|17.2287146647|106.08294581884|568184|399212||49403.1015625|290.25||29037.5|290|49403.1015625|780261|CSN3064|0|2553|0|||3|3|0|1|1|132|146|["132,178,5,1746","132,146,5,1776","132,162,5"]|636148142031020000|13:43:23:102
62|1.1|636147899013419079|780261|49408.078125|17.2388533996|106.08795081337|568690|400350||49408.078125|290||29050|290|49408.078125|780261|CSN3064|0|2553|0|||3|3|0|1|1|132|146|["132,178,5,1746","132,146,5,1776","132,162,5"]|636148142080780000|13:43:28:078
62|1.1|636147899063354072|780261|49413.078125|17.24894921922|106.09274659591|569174|401483||49413.078125|290||29018.75|290|49413.078125|780261|CSN3064|0|2553|0|||3|3|0|1|1|132|146|["132,178,5,1746","132,146,5,1776","132,162,5"]|636148142130780000|13:43:33:078
62|1.1|636147899113259062|780261|49418.0625|17.25892702182|106.09785887864|569691|402604||49418.0625|290||29018.75|290|49418.0625|780261|CSN3064|0|2553|0|||3|3|0|1|1|132|146|["132,178,5,1746","132,146,5,1776","132,162,5"]|636148142180630000|13:43:38:063
62|1.1|636147899163174053|780261|49423.0625|17.26933397722|106.10441418766|570361|403776||49423.0625|290||29000|290|49423.0625|780261|CSN3064|0|2553|0|||3|3|0|1|1|132|146|["132,178,5,1746","132,146,5,1776","132,162,5"]|636148142230630000|13:43:43:063
62|1.1|636147899213099045|780261|49428.0625|17.2788718982|106.10991270791|570921|404849||49428.0625|290||28993.75|290|49428.0625|780261|CSN3064|0|2553|0|||3|3|0|1|1|132|146|["132,178,5,1746","132,146,5,1776","132,162,5"]|636148142280630000|13:43:48:063
62|1.1|636147899263024037|780261|49433.0390625|17.28666638593|106.12004071399|571979|405741||49433.0390625|290.25||29018.75|290|49433.0390625|780261|CSN3064|0|2553|0|||3|3|0|1|1|132|146|["132,178,5,1746","132,146,5,1776","132,162,5"]|636148142330390000|13:43:53:039
62|1.1|636147899312939028|780261|49438.0390625|17.29475591621|106.128414558|572849|406661||49438.0390625|290.25||29031.25|290|49438.0390625|780261|CSN3064|0|2553|0|||3|3|0|1|1|132|146|["132,178,5,1746","132,146,5,1776","132,162,5"]|636148142380390000|13:43:58:039
62|1.1|636147899362864020|780261|49443.015625|17.30227145462|106.13641289331|573681|407517||49443.015625|290.25||29062.5|290|49443.015625|780261|CSN3064|0|2553|0|||3|3|0|1|1|132|146|["132,178,5,1746","132,146,5,1776","132,162,5"]|636148142430160000|13:44:03:016
62|1.1|636147899412789012|780261|49448.015625|17.30989428123|106.14471699999|574545|408385||49448.015625|290.25||29062.5|290|49448.015625|780261|CSN3064|0|2553|0|||3|3|0|1|1|132|146|["132,178,5,1746","132,146,5,1776","132,162,5"]|636148142480160000|13:44:08:016
62|1.1|636147899462704003|780261|49453.015625|17.31717915001|106.15342880183|575453|409217||49453.015625|290.25||29056.25|290|49453.015625|780261|CSN3064|0|2553|0|||3|3|0|1|1|132|178|["132,178,5,1746","132,146,5,1776","132,162,5"]|636148142530160000|13:44:13:016
62|1.1|636147899512628995|780261|49458|17.32274740759|106.16353535027|576515|409862||49458|290.25||29056.25|290|49458|780261|CSN3064|0|2553|0|||3|3|0|1|1|132|178|["132,178,5,1746","132,146,5,1776","132,162,5"]|636148142580000000|13:44:18:000
62|1.1|636147899562553987|780261|49463|17.32991962376|106.17400131418|577610|410686||49463|290.25||28987.5|290|49463|780261|CSN3064|0|2553|0|||3|3|0|1|1|132|163|["132,178,5,1746","132,146,5,1776","132,162,5"]|636148142630000000|13:44:23:000
62|1.1|636147899612468978|780261|49467.9765625|17.33617452582|106.18351241311|578607|411406||49467.9765625|290.25||29018.75|290|49467.9765625|780261|CSN3064|0|2553|0|||3|3|0|1|1|132|163|["132,178,5,1746","132,146,5,1776","132,162,5"]|636148142679770000|13:44:27:977
62|1.1|636147899662393970|780261|49472.9765625|17.34261718223|106.19287330856|579586|412146||49472.9765625|290.25||29031.25|290|49472.9765625|780261|CSN3064|0|2553|0|||3|3|0|1|1|132|163|["132,178,5,1746","132,146,5,1776","132,162,5"]|636148142729770000|13:44:32:977
62|1.1|636147899712318962|780261|49477.9765625|17.34887208429|106.20235758544|580580|412866||49477.9765625|290.25||29031.25|290|49477.9765625|780261|CSN3064|0|2553|0|||3|3|0|1|1|132|178|["132,178,5,1746","132,146,5,1776","132,162,5"]|636148142779770000|13:44:37:977
62|1.1|636147899762243954|780261|49482.9609375|17.35529864747|106.21172920971|581560|413605||49482.9609375|290.25||29037.5|290|49482.9609375|780261|CSN3064|0|2553|0|||3|3|0|1|1|132|146|["132,178,5,1746","132,146,4,1776","132,162,5"]|636148142829610000|13:44:42:961
62|1.1|636147899812168946|780261|49487.9609375|17.36137115959|106.22152462237|582587|414306||49487.9609375|290.25||29043.75|290|49487.9609375|780261|CSN3064|0|2553|0|||3|3|0|1|1|132|178|["132,178,5,1746","132,146,4,1776","132,162,5"]|636148142879610000|13:44:47:961
62|1.1|636147899862083937|780261|49492.9375|17.36809812973|106.23085333136|583562|415078||49492.9375|290.25||29031.25|290|49492.9375|780261|CSN3064|0|2553|0|||3|3|0|1|1|132|146|["132,178,5,1746","132,146,4,1776","132,162,5"]|636148142929380000|13:44:52:938
62|1.1|636147899912008929|780261|49497.9375|17.37421892154|106.24076676104|584601|415784||49497.9375|290.25||29031.25|290|49497.9375|780261|CSN3064|0|2553|0|||3|3|0|1|1|132|146|["132,178,5,1746","132,146,4,1776","132,162,5"]|636148142979380000|13:44:57:938
62|1.1|636147899961933921|780261|49502.9375|17.38216897716|106.25139365725|585711|416696||49502.9375|290.25||29000|290|49502.9375|780261|CSN3064|0|2553|0|||3|3|0|1|1|132|163|["132,178,5,1746","132,146,4,1776","132,162,5"]|636148143029380000|13:45:02:938
62|1.1|636147900011848912|780261|49507.921875|17.38833268425|106.26050242543|586664|417405||49507.921875|290||29006.25|290|49507.921875|780261|CSN3064|0|2553|0|||3|3|0|1|1|132|147|["132,178,5,1746","132,146,4,1776","132,162,5"]|636148143079220000|13:45:07:922
62|1.1|636147900061773904|780261|49512.921875|17.39473242538|106.26963265125|587619|418140||49512.921875|290||29006.25|290|49512.921875|780261|CSN3064|0|2553|0|||3|3|0|1|1|132|146|["132,178,5,1746","132,146,5,1827","132,162,5"]|636148143129220000|13:45:12:922
62|1.1|636147900111688895|780261|49517.8984375|17.40113216651|106.27877360589|588574|418875||49517.8984375|290||29012.5|290|49517.8984375|780261|CSN3064|0|2553|0|||3|3|0|1|1|132|146|["132,178,5,1746","132,146,5,1827","132,162,5"]|636148143178980000|13:45:17:898
62|1.1|636147900161633889|780261|49522.8984375|17.40758018733|106.28804867078|589544|419617||49522.8984375|290||29006.25|290|49522.8984375|780261|CSN3064|0|2553|0|||3|3|0|1|1|132|146|["132,178,5,1746","132,146,5,1827","132,162,5"]|636148143228980000|13:45:22:898
62|1.1|636147900211538879|780261|49527.8984375|17.4140013861|106.29732373567|590514|420355||49527.8984375|289.75||28993.75|289.75|49527.8984375|780261|CSN3064|0|2553|0|||3|3|0|1|1|132|178|["132,178,5,1746","132,146,5,1827","132,162,5"]|636148143278980000|13:45:27:898
62|1.1|636147900261463871|780261|49532.875|17.42073908506|106.30771459784|591602|421132||49532.875|289.75||28950|289.75|49532.875|780261|CSN3064|0|2553|0|||3|3|0|1|1|132|163|["132,178,5,1746","132,146,5,1827","132,162,5"]|636148143328750000|13:45:32:875
62|1.1|636147900311378862|780261|49537.875|17.42718710588|106.31707012888|592580|421874||49537.875|289.75||28968.75|289.75|49537.875|780261|CSN3064|0|2553|0|||3|3|0|1|1|132|163|["132,178,5,1746","132,146,5,1827","132,162,5"]|636148143378750000|13:45:37:875
62|1.1|636147900361303854|780261|49542.859375|17.4333132621|106.3267904398|593598|422581||49542.859375|289.75||28962.5|289.75|49542.859375|780261|CSN3064|0|2553|0|||3|3|0|1|1|132|178|["132,178,5,1746","132,146,5,1827","132,162,5"]|636148143428590000|13:45:42:859
62|1.1|636147900411218845|780261|49547.859375|17.43967545236|106.33653757277|594618|423314||49547.859375|290||28956.25|289.75|49547.859375|780261|CSN3064|0|2553|0|||3|3|0|1|1|132|178|["132,178,5,1746","132,146,5,1827","132,162,5"]|636148143478590000|13:45:47:859
62|1.1|636147900461143837|780261|49552.859375|17.44681011766|106.346746045|595685|424135||49552.859375|290||28968.75|289.75|49552.859375|780261|CSN3064|0|2553|0|||3|3|0|1|1|132|163|["132,178,5,1746","132,146,5,1827","132,162,5"]|636148143528590000|13:45:52:859
62|1.1|636147900511068829|780261|49557.8359375|17.45368729128|106.35653072884|596707|424925||49557.8359375|289.75||28962.5|289.75|49557.8359375|780261|CSN3064|0|2553|0|||3|3|0|1|1|132|178|["132,178,5,1746","132,146,5,1827","132,162,5"]|636148143578360000|13:45:57:836
62|1.1|636147900560983820|780261|49562.8359375|17.45982954073|106.3664870738|597750|425635||49562.8359375|289.75||28956.25|289.75|49562.8359375|780261|CSN3064|0|2553|0|||3|3|0|1|1|132|178|["132,178,5,1746","132,146,5,1827","132,162,5"]|636148143628360000|13:46:02:836
62|1.1|636147900610908812|780261|49567.8203125|17.46611126484|106.37633076615|598780|426360||49567.8203125|289.75||28943.75|289.75|49567.8203125|780261|CSN3064|0|2553|0|||3|3|0|1|1|132|178|["132,178,5,1746","132,146,5,1827","132,162,5"]|636148143678200000|13:46:07:820
62|1.1|636147900660823803|780261|49572.8203125|17.47232325162|106.38610472117|599803|427077||49572.8203125|289.75||28912.5|289.75|49572.8203125|780261|CSN3064|0|2553|0|||3|3|0|1|1|132|178|["132,178,5,1746","132,146,5,1827","132,162,5"]|636148143728200000|13:46:12:820
62|1.1|636147900710748795|780261|49577.8203125|17.47964567127|106.39532614196|600764|427916||49577.8203125|289.75||28850|289.75|49577.8203125|780261|CSN3064|0|2553|0|||3|3|0|1|1|132|178|["132,178,5,1746","132,146,5,1827","132,162,5"]|636148143778200000|13:46:17:820
62|1.1|636147900760673787|780261|49582.796875|17.48624389557|106.40368925715|601636|428672||49582.796875|289.75||28981.25|289.75|49582.796875|780261|CSN3064|0|2553|0|||3|3|0|1|1|132|163|["132,178,5,1746","132,146,5,1827","132,162,5"]|636148143827970000|13:46:22:797
62|1.1|636147900810598779|780261|49587.796875|17.49253098409|106.41318426285|602629|429397||49587.796875|289.75||28981.25|289.75|49587.796875|780261|CSN3064|0|2553|0|||3|3|0|1|1|132|163|["132,178,5,1746","132,146,5,1827","132,162,5"]|636148143877970000|13:46:27:797
62|1.1|636147900860523771|780261|49592.78125|17.49894145404|106.42271145501|603625|430135||49592.78125|289.75||28981.25|289.75|49592.78125|780261|CSN3064|0|2553|0|||3|3|0|1|1|132|178|["132,178,5,1746","132,146,5,1827","132,162,5"]|636148143927810000|13:46:32:781
62|1.1|636147900910438762|780261|49597.78125|17.50486912709|106.43180949437|604576|430819||49597.78125|289.75||29006.25|289.75|49597.78125|780261|CSN3064|0|2553|0|||3|3|0|1|1|132|178|["132,178,5,1746","132,146,5,1827","132,162,5"]|636148143977810000|13:46:37:781
62|1.1|636147900960373755|780261|49602.78125|17.51124204617|106.44135814417|605575|431554||49602.78125|289.75||29012.5|289.75|49602.78125|780261|CSN3064|0|2553|0|||3|3|0|1|1|132|178|["132,178,5,1746","132,146,5,1827","132,162,5"]|636148144027810000|13:46:42:781
62|1.1|636147901010138731|780261|49607.7578125|17.51751840587|106.45131985354|606617|432279||49607.7578125|289.75||28981.25|289.75|49607.7578125|780261|CSN3064|0|2553|0|||3|3|0|1|1|132|178|["132,178,5,1746","132,146,5,1827","132,162,5"]|636148144077580000|13:46:47:758
62|1.1|636147901060203737|780261|49612.7578125|17.52417027427|106.46109380856|607638|433045||49612.7578125|289.75||28925|289.75|49612.7578125|780261|CSN3064|0|2553|0|||3|3|0|1|1|132|178|["132,178,5,1746","132,146,5,1827","132,162,5"]|636148144127580000|13:46:52:758
62|1.1|636147901109978714|780261|49617.7421875|17.53055392217|106.47105551793|608680|433783||49617.7421875|289.75||28862.5|289.75|49617.7421875|780261|CSN3064|0|2553|0|||3|3|0|1|1|132|178|["132,178,5,1746","132,146,5,1827","132,162,5"]|636148144177420000|13:46:57:742
62|1.1|636147901160033719|780261|49622.7421875|17.53714141765|106.48075437121|609694|434542||49622.7421875|289.75||28831.25|289.75|49622.7421875|780261|CSN3064|0|2553|0|||3|3|0|1|1|132|178|["132,178,5,1746","132,146,5,1827","132,162,5"]|636148144227420000|13:47:02:742
62|1.1|636147901209958711|780261|49627.7421875|17.54399713363|106.49031911424|610691|435330||49627.7421875|289.75||28943.75|289.75|49627.7421875|780261|CSN3064|0|2553|0|||3|3|0|1|1|132|163|["132,178,5,1746","132,146,5,1827","132,162,5"]|636148144277420000|13:47:07:742
62|1.1|636147901259733688|780261|49632.71875|17.55081529874|106.49964782323|611665|436114||49632.71875|289.75||28962.5|289.75|49632.71875|780261|CSN3064|0|2553|0|||3|3|0|1|1|132|163|["132,178,5,1746","132,146,5,1827","132,162,5"]|636148144327190000|13:47:12:719
62|1.1|636147901309648679|780261|49637.71875|17.55677515825|106.50874049818|612615|436802||49637.71875|289.75||29000|289.75|49637.71875|780261|CSN3064|0|2553|0|||3|3|0|1|1|132|178|["132,178,5,1746","132,146,5,1827","132,162,5"]|636148144377190000|13:47:17:719
62|1.1|636147901359573671|780261|49642.6953125|17.56304615354|106.51828378357|613612|437526||49642.6953125|289.75||29018.75|289.75|49642.6953125|780261|CSN3064|0|2553|0|||3|3|0|1|1|132|178|["132,178,5,1746","132,146,5,1827","132,162,5"]|636148144426950000|13:47:22:695
62|1.1|636147901409498663|780261|49647.6953125|17.56983213219|106.52809528946|614637|438307||49647.6953125|289.75||28987.5|289.75|49647.6953125|780261|CSN3064|0|2553|0|||3|3|0|1|1|132|178|["132,178,5,1746","132,146,5,1827","132,162,5"]|636148144476950000|13:47:27:695
62|1.1|636147901459423655|780261|49652.6953125|17.57593146636|106.53801944796|615675|439013||49652.6953125|289.75||28975|289.75|49652.6953125|780261|CSN3064|0|2553|0|||3|3|0|1|1|132|178|["132,178,5,1746","132,146,5,1827","132,162,5"]|636148144526950000|13:47:32:695
62|1.1|636147901509338646|780261|49657.6796875|17.58221855488|106.54789532677|616708|439740||49657.6796875|289.75||28937.5|289.75|49657.6796875|780261|CSN3064|0|2553|0|||3|3|0|1|1|132|178|["132,178,5,1746","132,146,5,1827","132,162,5"]|636148144576800000|13:47:37:680
62|1.1|636147901559273639|780261|49662.6796875|17.58936931341|106.55739033247|617697|440562||49662.6796875|289.75||28956.25|289.75|49662.6796875|780261|CSN3064|0|2553|0|||3|3|0|1|1|132|163|["132,178,5,1746","132,146,5,1827","132,162,5"]|636148144626800000|13:47:42:680
62|1.1|636147901609178629|780261|49667.65625|17.59597290212|106.56691216022|618691|441323||49667.65625|290||28987.5|289.75|49667.65625|780261|CSN3064|0|2553|0|||3|3|0|1|1|132|163|["132,178,5,1746","132,146,5,1827","132,162,5"]|636148144676560000|13:47:47:656
62|1.1|636147901659113622|780261|49672.65625|17.60240482971|106.57656809822|619700|442065||49672.65625|289.75||28987.5|289.75|49672.65625|780261|CSN3064|0|2553|0|||3|3|0|1|1|132|178|["132,178,5,1746","132,146,5,1827","132,162,5"]|636148144726560000|13:47:52:656
62|1.1|636147901709028613|780261|49677.65625|17.60884212171|106.5862133074|620707|442808||49677.65625|289.75||28981.25|289.75|49677.65625|780261|CSN3064|0|2553|0|||3|3|0|1|1|132|163|["132,178,5,1746","132,146,5,1827","132,162,5"]|636148144776560000|13:47:57:656
62|1.1|636147901758953605|780261|49682.640625|17.61493609147|106.59483927868|621607|443510||49682.640625|289.75||29000|289.75|49682.640625|780261|CSN3064|0|2553|0|||3|3|0|1|1|132|178|["132,178,5,1746","132,146,5,1827","132,162,5"]|636148144826410000|13:48:02:641
62|1.1|636147901808888598|780261|49687.640625|17.62103006123|106.60460250488|622628|444215||49687.640625|289.75||29012.5|289.75|49687.640625|780261|CSN3064|0|2553|0|||3|3|0|1|1|132|178|["132,178,5,1746","132,146,5,1827","132,162,5"]|636148144876410000|13:48:07:641
62|1.1|636147901858813590|780261|49692.6171875|17.62731178534|106.6134645102|623552|444939||49692.6171875|290||29018.75|289.75|49692.6171875|780261|CSN3064|0|2553|0|||3|3|0|1|1|132|178|["132,178,5,1746","132,146,5,1827","132,162,5"]|636148144926170000|13:48:12:617
62|1.1|636147901908728581|780261|49697.6171875|17.63397974697|106.62361397392|624612|445709||49697.6171875|290||29000|290|49697.6171875|780261|CSN3064|0|2553|0|||3|3|0|1|1|132|178|["132,178,5,1746","132,146,5,1827","132,162,5"]|636148144976170000|13:48:17:617
62|1.1|636147901958643572|780261|49702.6171875|17.64035266605|106.63332892043|625627|446445||49702.6171875|290||29000|290|49702.6171875|780261|CSN3064|0|2553|0|||3|3|0|1|1|132|178|["132,178,5,1746","132,146,5,1827","132,162,5"]|636148145026170000|13:48:22:617
62|1.1|636147902008558563|780261|49707.6015625|17.64647882227|106.64326917216|626666|447155||49707.6015625|290||28975|290|49707.6015625|780261|CSN3064|0|2553|0|||3|3|0|1|1|132|178|["132,178,5,1746","132,146,5,1827","132,162,5"]|636148145076020000|13:48:27:602
62|1.1|636147902058473554|780261|49712.6015625|17.65297512278|106.65310213569|627693|447905||49712.6015625|290||28943.75|290|49712.6015625|780261|CSN3064|0|2553|0|||3|3|0|1|1|132|178|["132,178,5,1746","132,146,5,1827","132,162,5"]|636148145126020000|13:48:32:602
62|1.1|636147902108408547|780261|49717.578125|17.65955725385|106.66279562456|628704|448665||49717.578125|290||28887.5|290|49717.578125|780261|CSN3064|0|2553|0|||3|3|0|1|1|132|178|["132,178,5,1746","132,146,5,1827","132,162,5"]|636148145175780000|13:48:37:578
62|1.1|636147902158333539|780261|49722.578125|17.6669869617|106.67233354554|629697|449519||49722.578125|290||28968.75|290|49722.578125|780261|CSN3064|0|2553|0|||3|3|0|1|1|132|178|["132,178,5,1746","132,146,5,1827","132,162,5"]|636148145225780000|13:48:42:578
62|1.1|636147902208248530|780261|49727.578125|17.67318821966|106.68103998297|630604|450233||49727.578125|290||29018.75|290|49727.578125|780261|CSN3064|0|2553|0|||3|3|0|1|1|132|178|["132,178,5,1746","132,162,5"]|636148145275780000|13:48:47:578
62|1.1|636147902258173522|780261|49732.5625|17.68019950353|106.69122163315|631666|451042||49732.5625|290||28993.75|290|49732.5625|780261|CSN3064|0|2553|0|||3|3|0|1|1|132|163|["132,178,5,1746","132,162,5"]|636148145325630000|13:48:52:563
62|1.1|636147902308098514|780261|49737.5625|17.68613254099|106.70034113015|632618|451728||49737.5625|290||29012.5|290|49737.5625|780261|CSN3064|0|2553|0|||3|3|0|1|1|132|163|["132,178,5,1746","132,162,5"]|636148145375630000|13:48:57:563
62|1.1|636147902358013505|780261|49742.5390625|17.69243035833|106.70986832231|633613|452456||49742.5390625|290||29025|290|49742.5390625|780261|CSN3064|0|2553|0|||3|3|0|1|1|132|178|["132,178,5,1746","132,162,5"]|636148145425390000|13:49:02:539
62|1.1|636147902407928496|780261|49747.5390625|17.6984760484|106.71985148932|634657|453157||49747.5390625|289.75||29012.5|289.75|49747.5390625|780261|CSN3064|0|2553|0|||3|3|0|1|1|132|178|["132,178,5,1746","132,146,5,1833","132,162,5"]|636148145475390000|13:49:07:539
62|1.1|636147902457853488|780261|49752.5390625|17.70511718798|106.72974346136|635689|453924||49752.5390625|290||28962.5|290|49752.5390625|780261|CSN3064|0|2553|0|||3|3|0|1|1|132|178|["132,178,5,1746","132,146,5,1833","132,162,5"]|636148145525390000|13:49:12:539
62|1.1|636147902507788481|780261|49757.515625|17.71174223433|106.73969980632|636728|454690||49757.515625|290||28875|290|49757.515625|780261|CSN3064|0|2553|0|||3|3|0|1|1|132|178|["132,178,5,1746","132,146,5,1833","132,162,5"]|636148145575160000|13:49:17:516
62|1.1|636147902557703472|780261|49762.515625|17.71835118745|106.74961860041|637762|455454||49762.515625|290||28825|290|49762.515625|780261|CSN3064|0|2553|0|||3|3|0|1|1|132|178|["132,178,5,1746","132,146,5,1833","132,162,5"]|636148145625160000|13:49:22:516
62|1.1|636147902607628464|780261|49767.5|17.72457390305|106.75966077593|638811|456175||49767.5|290||28793.75|290|49767.5|780261|CSN3064|0|2553|0|||3|3|0|1|1|132|178|["132,178,5,1746","132,146,5,1833","132,162,5"]|636148145675000000|13:49:27:500
62|1.1|636147902657553456|780261|49772.5|17.73148862754|106.76920942573|639806|456972||49772.5|290||28793.75|290|49772.5|780261|CSN3064|0|2553|0|||3|3|0|1|1|132|178|["132,178,5,1746","132,146,5,1833","132,162,5"]|636148145725000000|13:49:32:500
62|1.1|636147902707458446|780261|49777.5|17.73870375899|106.77846839739|640769|457802||49777.5|290||28812.5|290|49777.5|780261|CSN3064|0|2553|0|||3|3|0|1|1|132|178|["132,178,5,1746","132,146,5,1833","132,162,5"]|636148145775000000|13:49:37:500
62|1.1|636147902757393439|780261|49782.4765625|17.74442758446|106.78730358066|641690|458464||49782.4765625|290||29012.5|290|49782.4765625|780261|CSN3064|0|2553|0|||3|3|0|1|1|132|178|["132,178,5,1746","132,146,5,1833","132,162,5"]|636148145824770000|13:49:42:477
62|1.1|636147902807308430|780261|49787.4765625|17.75099898671|106.79715800183|642718|459224||49787.4765625|290||29018.75|290|49787.4765625|780261|CSN3064|0|2553|0|||3|3|0|1|1|132|178|["132,178,5,1746","132,146,5,1833","132,162,5"]|636148145874770000|13:49:47:477
62|1.1|636147902857243423|780261|49792.4609375|17.75717342262|106.80731819437|643780|459941||49792.4609375|290||28975|290|49792.4609375|780261|CSN3064|0|2553|0|||3|3|0|1|1|132|178|["132,178,5,1746","132,146,5,1833","132,162,5"]|636148145924610000|13:49:52:461
62|1.1|636147902907148413|780261|49797.4609375|17.76389502835|106.81715652231|644805|460717||49797.4609375|290||28912.5|290|49797.4609375|780261|CSN3064|0|2553|0|||3|3|0|1|1|132|178|["132,178,5,1746","132,146,5,1833","132,162,5"]|636148145974610000|13:49:57:461
62|1.1|636147902957073405|780261|49802.4609375|17.77023576097|106.82723088429|645857|461452||49802.4609375|290.25||28850|290|49802.4609375|780261|CSN3064|0|2553|0|||3|3|0|1|1|132|178|["132,178,5,1746","132,146,5,1833","132,162,5"]|636148146024610000|13:50:02:461
62|1.1|636147903006998397|780261|49807.4375|17.77674815471|106.83706384782|646883|462206||49807.4375|290.25||28825|290|49807.4375|780261|CSN3064|0|2553|0|||3|3|0|1|1|132|178|["132,178,5,1746","132,146,5,1833","132,162,5"]|636148146074380000|13:50:07:438
62|1.1|636147903056923389|780261|49812.4375|17.78299232795|106.84712748098|647933|462930||49812.4375|290.25||28800|290|49812.4375|780261|CSN3064|0|2553|0|||3|3|0|1|1|132|178|["132,178,5,1746","132,146,5,1833","132,162,5"]|636148146124380000|13:50:12:438
62|1.1|636147903106838380|780261|49817.421875|17.78921504355|106.85711064799|648976|463652||49817.421875|290.25||28781.25|290|49817.421875|780261|CSN3064|0|2553|0|||3|3|0|1|1|132|178|["132,178,5,1746","132,146,5,1833","132,162,5"]|636148146174220000|13:50:17:422
62|1.1|636147903156763372|780261|49822.421875|17.79527146244|106.86707235736|650016|464355||49822.421875|290.25||28743.75|290|49822.421875|780261|CSN3064|0|2553|0|||3|3|0|1|1|132|162|["132,178,5,1746","132,146,5,1833","132,162,5"]|636148146224220000|13:50:22:422
62|1.1|636147903206678363|780261|49827.421875|17.80163901711|106.87705552437|651058|465093||49827.421875|290.25||28768.75|290|49827.421875|780261|CSN3064|0|2553|0|||3|3|0|1|1|132|178|["132,178,5,1746","132,146,5,1833","132,162,5"]|636148146274220000|13:50:27:422
62|1.1|636147903256623357|780261|49832.3984375|17.80824260582|106.88677047088|652070|465857||49832.3984375|290.25||28781.25|290|49832.3984375|780261|CSN3064|0|2553|0|||3|3|0|1|1|132|178|["132,178,5,1746","132,146,5,1833","132,162,5"]|636148146323980000|13:50:32:398
62|1.1|636147903306538348|780261|49837.3984375|17.81503394888|106.89636740037|653069|466641||49837.3984375|290.25||28800|290|49837.3984375|780261|CSN3064|0|2553|0|||3|3|0|1|1|132|178|["132,178,5,1746","132,146,5,1833","132,162,5"]|636148146373980000|13:50:37:398
62|1.1|636147903356443338|780261|49842.375|17.82323613177|106.90480025289|653940|467578||49842.375|290.25||28993.75|290.25|49842.375|780261|CSN3064|0|2553|0|||3|3|0|1|1|132|163|["132,178,5,1746","132,146,5,1833","132,162,5"]|636148146423750000|13:50:42:375
62|1.1|636147903406368330|780261|49847.375|17.82973779669|106.91446691971|654947|468330||49847.375|290.25||29031.25|290.25|49847.375|780261|CSN3064|0|2553|0|||3|3|0|1|1|132|163|["132,178,5,1746","132,146,5,1833","132,162,5"]|636148146473750000|13:50:47:375
62|1.1|636147903456293322|780261|49852.375|17.83618581751|106.92418723063|655960|469077||49852.375|290.25||29068.75|290.25|49852.375|780261|CSN3064|0|2553|0|||3|3|0|1|1|132|178|["132,178,5,1746","132,146,5,1833","132,162,5"]|636148146523750000|13:50:52:375
62|1.1|636147903506208313|780261|49857.359375|17.84231733814|106.93402555857|656987|469789||49857.359375|290.25||29100|290|49857.359375|780261|CSN3064|0|2553|0|||3|3|0|1|1|132|178|["132,178,5,1746","132,146,5,1833","132,162,5"]|636148146573590000|13:50:57:359
62|1.1|636147903556143306|780261|49862.359375|17.8487331725|106.9438585221|658011|470532||49862.359375|290.25||29081.25|290|49862.359375|780261|CSN3064|0|2553|0|||3|3|0|1|1|132|178|["132,178,5,1746","132,146,5,1833","132,162,5"]|636148146623590000|13:51:02:359
62|1.1|636147903606048296|780261|49867.3359375|17.85465548114|106.95386851116|659057|471221||49867.3359375|290.25||29037.5|290|49867.3359375|780261|CSN3064|0|2553|0|||3|3|0|1|1|132|163|["132,178,5,1746","132,146,5,1833","132,162,5"]|636148146673360000|13:51:07:336
62|1.1|636147903655973288|780261|49872.3359375|17.86136635805|106.96364246618|660075|471997||49872.3359375|290.25||28925|290|49872.3359375|780261|CSN3064|0|2553|0|||3|3|0|1|1|132|163|["132,178,5,1746","132,146,5,1833","132,162,5"]|636148146723360000|13:51:12:336
62|1.1|636147903705898280|780261|49877.3359375|17.86768563303|106.97361490437|661115|472731||49877.3359375|290.25||28850|290|49877.3359375|780261|CSN3064|0|2553|0|||3|3|0|1|1|132|178|["132,178,5,1746","132,146,5,1833","132,162,5"]|636148146773360000|13:51:17:336
62|1.1|636147903755823272|780261|49882.3203125|17.87408000975|106.98343177467|662138|473472||49882.3203125|290.25||28818.75|290|49882.3203125|780261|CSN3064|0|2553|0|||3|3|0|1|1|132|178|["132,178,5,1746","132,146,5,1833","132,162,5"]|636148146823200000|13:51:22:320
62|1.1|636147903805758265|780261|49887.3203125|17.88049584411|106.99330765348|663167|474215||49887.3203125|290.25||28787.5|290|49887.3203125|780261|CSN3064|0|2553|0|||3|3|0|1|1|132|178|["132,178,5,1746","132,146,5,1833","132,162,5"]|636148146873200000|13:51:27:320
62|1.1|636147903855663255|780261|49892.296875|17.88687949201|107.00311915937|664190|474956||49892.296875|290.25||28787.5|290|49892.296875|780261|CSN3064|0|2553|0|||3|3|0|1|1|132|162|["132,178,5,1746","132,146,5,1833","132,162,5"]|636148146922970000|13:51:32:297
62|1.1|636147903908698558|780261|49897.6171875|17.89349380954|107.01369241148|665293|475724||49897.6171875|290.25||28781.25|290|49897.6171875|780261|CSN3064|0|2553|0|||3|3|0|1|1|132|162|["132,178,5,1746","132,146,5,1833","132,162,5"]|636148146976170000|13:51:37:617
62|1.1|636147903958613549|780261|49902.6015625|17.90052655105|107.02316595954|666277|476535||49902.6015625|290.25||28768.75|290|49902.6015625|780261|CSN3064|0|2553|0|||3|3|0|1|1|132|162|["132,178,5,1746","132,146,5,1833","132,162,5"]|636148147026020000|13:51:42:602
62|1.1|636147904008538541|780261|49907.6015625|17.90715696181|107.032854084|667285|477303||49907.6015625|290.25||28787.5|290|49907.6015625|780261|CSN3064|0|2553|0|||3|3|0|1|1|132|162|["132,178,5,1746","132,146,5,1833","132,162,5"]|636148147076020000|13:51:47:602
62|1.1|636147904058463533|780261|49912.578125|17.91349769443|107.04271386958|668313|478038||49912.578125|290.25||28781.25|290|49912.578125|780261|CSN3064|0|2553|0|||3|3|0|1|1|132|162|["132,178,5,1746","132,146,5,1833","132,162,5"]|636148147125780000|13:51:52:578
62|1.1|636147904108378524|780261|49917.578125|17.92021930016|107.05243954491|669325|478816||49917.578125|290||28781.25|290|49917.578125|780261|CSN3064|0|2553|0|||3|3|0|1|1|132|162|["132,178,5,1746","132,146,5,1833","132,162,5"]|636148147175780000|13:51:57:578
62|1.1|636147904158313517|780261|49922.578125|17.92650102427|107.06242271192|670365|479546||49922.578125|290.25||28781.25|290|49922.578125|780261|CSN3064|0|2553|0|||3|3|0|1|1|132|162|["132,178,5,1746","132,146,5,1833","132,162,5"]|636148147225780000|13:52:02:578
62|1.1|636147904208228508|780261|49927.5625|17.93298123155|107.07216984489|671380|480297||49927.5625|290.25||28800|290|49927.5625|780261|CSN3064|0|2553|0|||3|3|0|1|1|132|163|["132,146,5,1833","132,162,5"]|636148147275630000|13:52:07:563
62|1.1|636147904258143499|780261|49932.5625|17.9393917015|107.08206718134|672411|481040||49932.5625|290.25||28818.75|290|49932.5625|780261|CSN3064|0|2553|0|||3|3|0|1|1|132|162|["132,146,5,1833","132,162,5"]|636148147325630000|13:52:12:563
62|1.1|636147904308068491|780261|49937.5390625|17.94618840897|107.09162655996|673405|481826||49937.5390625|290.25||28856.25|290|49937.5390625|780261|CSN3064|0|2553|0|||3|3|0|1|1|132|162|["132,146,5,1833","132,162,5"]|636148147375390000|13:52:17:539
62|1.1|636147904357993483|780261|49942.5390625|17.9526417942|107.10144343026|674427|482575||49942.5390625|290.25||28868.75|290|49942.5390625|780261|CSN3064|0|2553|0|||3|3|0|1|1|132|162|["132,146,5,1833","132,162,5"]|636148147425390000|13:52:22:539
62|1.1|636147904407908474|780261|49947.5390625|17.9588645098|107.11124420733|675448|483298||49947.5390625|290.25||28881.25|290|49947.5390625|780261|CSN3064|0|2553|0|||3|3|0|1|1|132|162|["132,146,5,1833","132,162,5"]|636148147475390000|13:52:27:539
62|1.1|636147904457833466|780261|49952.515625|17.96596162423|107.12074457744|676434|484117||49952.515625|290||28893.75|290|49952.515625|780261|CSN3064|0|2553|0|||3|3|0|1|1|132|162|["132,146,5,1833","132,162,5"]|636148147525160000|13:52:32:516
62|1.1|636147904507758458|780261|49957.515625|17.9724364671|107.13056681215|677457|484868||49957.515625|290||28881.25|290|49957.515625|780261|CSN3064|0|2553|0|||3|3|0|1|1|132|162|["132,146,5,1833","132,162,5"]|636148147575160000|13:52:37:516
62|1.1|636147904557673449|780261|49962.5|17.97950139507|107.13797506236|678221|485677||49962.5|290||28787.5|290|49962.5|780261|CSN3064|0|2553|0|||3|3|0|1|1|132|163|["132,146,5,1833","132,162,5"]|636148147625000000|13:52:42:500
62|1.1|636147904607608442|780261|49967.5|17.98578311918|107.1478670344|679251|486407||49967.5|290||28768.75|290|49967.5|780261|CSN3064|0|2553|0|||3|3|0|1|1|132|163|["132,146,5,1833","132,162,5"]|636148147675000000|13:52:47:500
62|1.1|636147904657523433|780261|49972.5|17.99237061466|107.15764635383|680269|487171||49972.5|290||28762.5|290|49972.5|780261|CSN3064|0|2553|0|||3|3|0|1|1|132|162|["132,162,5"]|636148147725000000|13:52:52:500
62|1.1|636147904707448425|780261|49977.4765625|17.99910831362|107.168037216|681350|487953||49977.4765625|290||28968.75|290|49977.4765625|780261|CSN3064|0|2553|0|||3|3|0|1|1|132|162|["132,146,4,1833","132,162,5"]|636148147774770000|13:52:57:477
62|1.1|636147904757363416|780261|49982.4765625|18.00584064817|107.17806329829|682393|488734||49982.4765625|290||29000|290|49982.4765625|780261|CSN3064|0|2553|0|||3|3|0|1|1|132|162|["132,146,4,1833","132,162,5"]|636148147824770000|13:53:02:477
62|1.1|636147904807288408|780261|49987.4609375|18.01228866899|107.18803037207|683431|489483||49987.4609375|290||29000|290|49987.4609375|780261|CSN3064|0|2553|0|||3|3|0|1|1|132|162|["132,146,4,1833","132,162,5"]|636148147874610000|13:53:07:461
62|1.1|636147904857213400|780261|49992.4609375|18.01895663062|107.19792234411|684460|490256||49992.4609375|290||29006.25|290|49992.4609375|780261|CSN3064|0|2553|0|||3|3|0|1|1|132|162|["132,146,4,1833","132,162,5"]|636148147924610000|13:53:12:461
62|1.1|636147904907128391|780261|49997.4609375|18.0250076851|107.20800743491|685511|490961||49997.4609375|290||29006.25|290|49997.4609375|780261|CSN3064|0|2553|0|||3|3|0|1|1|132|163|["132,146,4,1833","132,162,5"]|636148147974610000|13:53:17:461
62|1.1|636147904957053383|780261|50002.4375|18.03195996046|107.21753999148|686501|491765||50002.4375|290||29000|290|50002.4375|780261|CSN3064|0|2553|0|||3|3|0|1|1|132|162|["132,146,4,1833","132,162,5"]|636148148024380000|13:53:22:438
62|1.1|636147905006998377|780261|50007.4375|18.0385796424|107.22738368383|687524|492533||50007.4375|290||28993.75|290|50007.4375|780261|CSN3064|0|2553|0|||3|3|0|1|1|132|163|["132,146,4,1833","132,162,5"]|636148148074380000|13:53:27:438
62|1.1|636147905056893366|780261|50012.421875|18.04485063769|107.23725419823|688552|493262||50012.421875|290||28993.75|290|50012.421875|780261|CSN3064|0|2553|0|||3|3|0|1|1|132|162|["132,146,4,1833","132,162,5"]|636148148124220000|13:53:32:422
62|1.1|636147905106818358|780261|50017.421875|18.05110553975|107.24563877106|689422|493985||50017.421875|290||29031.25|290|50017.421875|780261|CSN3064|0|2553|0|||3|3|0|1|1|132|162|["132,146,4,1833","132,162,5"]|636148148174220000|13:53:37:422
62|1.1|636147905156743350|780261|50022.421875|18.0574087215|107.25459733576|690352|494715||50022.421875|290||29025|290|50022.421875|780261|CSN3064|0|2553|0|||3|3|0|1|1|132|162|["132,162,5"]|636148148224220000|13:53:42:422
62|1.1|636147905206658341|780261|50027.3984375|18.06323983517|107.26455368072|691390|495396||50027.3984375|290||29043.75|290|50027.3984375|780261|CSN3064|0|2553|0|||3|3|0|1|1|132|162|["132,162,5"]|636148148273980000|13:53:47:398
62|1.1|636147905256583333|780261|50032.3984375|18.06943572872|107.27428472046|692403|496117||50032.3984375|290||29050|290|50032.3984375|780261|CSN3064|0|2553|0|||3|3|0|1|1|132|162|["132,162,5"]|636148148323980000|13:53:52:398
62|1.1|636147905306498324|780261|50037.375|18.07572818165|107.28405867548|693420|496848||50037.375|290||29037.5|290|50037.375|780261|CSN3064|0|2553|0|||3|3|0|1|1|132|162|["132,162,5"]|636148148373750000|13:53:57:375
62|1.1|636147905356423316|780261|50042.375|18.08147346476|107.29452463939|694512|497521||50042.375|290||29006.25|290|50042.375|780261|CSN3064|0|2553|0|||3|3|0|1|1|132|162|["132,162,5"]|636148148423750000|13:54:02:375
62|1.1|636147905406348308|780261|50047.375|18.08878515559|107.30494232361|695594|498369||50047.375|290.25||28850|290.25|50047.375|780261|CSN3064|0|2553|0|||3|3|0|1|1|132|162|["132,162,5"]|636148148473750000|13:54:07:375
62|1.1|636147905456263299|780261|50052.359375|18.09529754933|107.31538146547|696681|499127||50052.359375|290.25||28756.25|290.25|50052.359375|780261|CSN3064|0|2553|0|||3|3|0|1|1|132|162|["132,162,5"]|636148148523590000|13:54:12:359
62|1.1|636147905506188291|780261|50057.359375|18.10230346879|107.32550410714|697732|499940||50057.359375|290.25||28743.75|290.25|50057.359375|780261|CSN3064|0|2553|0|||3|3|0|1|1|132|162|["132,162,5"]|636148148573590000|13:54:17:359
62|1.1|636147905556113283|780261|50062.3359375|18.10838134532|107.33534243508|698756|500648||50062.3359375|290.25||28687.5|290.25|50062.3359375|780261|CSN3064|0|2553|0|||3|3|0|1|1|132|162|["132,162,5"]|636148148623360000|13:54:22:336
62|1.1|636147905606028274|780261|50067.3359375|18.11450750154|107.34527195799|699790|501362||50067.3359375|290.25||28637.5|290.25|50067.3359375|780261|CSN3064|0|2553|0|||3|3|0|1|1|132|162|["132,162,5"]|636148148673360000|13:54:27:336
62|1.1|636147905655953266|780261|50072.3359375|18.12066047981|107.35524439618|700828|502080||50072.3359375|290.25||28593.75|290.25|50072.3359375|780261|CSN3064|0|2553|0|||3|3|0|1|1|132|162|[]|636148148723360000|13:54:32:336
62|1.1|636147905705878258|780261|50077.3203125|18.12680272926|107.36521146996|701865|502796||50077.3203125|290.25||28543.75|290.25|50077.3203125|780261|CSN3064|0|2553|0|||3|3|0|1|1|132|162|[]|636148148773200000|13:54:37:320
62|1.1|636147905755803250|X|50082.3203125||||||||||||X|X|X|2553|||||||1|1|0|0|[]|636148148823200000|13:54:42:320
