62|1.1|636147897409668720|880456|49247.71875|13.50379174213|96.89972499245|-416831|-16847||49247.71875|319.75||31706.25|319.75|49247.71875|880456|AIQ153|0|2104|0|||3|3|0|1|1|132|18|["132,18,5,3614"]|636148140477190000|13:40:47:719
62|1.1|636147897459593712|880456|49252.6953125|13.49834686598|96.88974182544|-417922|-17433||49252.6953125|319.75||31706.25|319.75|49252.6953125|880456|AIQ153|0|2104|0|||3|3|0|1|1|132|18|["132,18,5,3614"]|636148140526950000|13:40:52:695
62|1.1|636147897509518704|880456|49257.6953125|13.49380321071|96.87953335321|-419036|-17918||49257.6953125|319.75||31712.5|319.75|49257.6953125|880456|AIQ153|0|2104|0|||3|3|0|1|1|132|5|["132,18,5,3614"]|636148140576950000|13:40:57:695
62|1.1|636147897559453697|880456|49262.6953125|13.49363154959|96.86852021948|-420230|-17918||49262.6953125|319.75||31718.75|319.75|49262.6953125|880456|AIQ153|0|2104|0|||3|3|0|1|1|132|18|["132,18,5,3614"]|636148140626950000|13:41:02:695
62|1.1|636147897609358687|880456|49267.6796875|13.48932929277|96.85824200992|-421351|-18377||49267.6796875|319.75||31718.75|319.75|49267.6796875|880456|AIQ153|0|2104|0|||3|3|0|1|1|132|18|["132,18,5,3614"]|636148140676800000|13:41:07:680
62|1.1|636147897659293680|880456|49272.6796875|13.48775752064|96.85020612374|-422225|-18537||49272.6796875|319.75||31731.25|319.75|49272.6796875|880456|AIQ153|0|2104|0|||3|3|0|1|1|132|18|["132,18,5,3614"]|636148140726800000|13:41:12:680
62|1.1|636147897709208671|880456|49277.65625|13.48360010289|96.84021759232|-423315|-18980||49277.65625|319.75||31743.75|319.75|49277.65625|880456|AIQ153|0|2104|0|||3|3|0|1|1|132|18|["132,18,5,3614"]|636148140776560000|13:41:17:656
62|1.1|636147897759133663|880456|49282.65625|13.47990938881|96.82989646748|-424440|-19371||49282.65625|319.75||31675|319.75|49282.65625|880456|AIQ153|0|2104|0|||3|3|0|1|1|132|18|["132,18,5,3614"]|636148140826560000|13:41:22:656
62|1.1|636147897809058655|880456|49287.65625|13.47510824186|96.81915155425|-425613|-19884||49287.65625|319.75||31681.25|319.75|49287.65625|880456|AIQ153|0|2104|0|||3|3|0|1|1|132|18|["132,18,5,3614"]|636148140876560000|13:41:27:656
62|1.1|636147897858973646|880456|49292.640625|13.47096155293|96.80897526848|-426723|-20325||49292.640625|319.75||31675|319.75|49292.640625|880456|AIQ153|0|2104|0|||3|3|0|1|1|132|18|["132,18,5,3614"]|636148140926410000|13:41:32:641
62|1.1|636147897908888637|880456|49297.640625|13.46469592205|96.79833764345|-427888|-21001||49297.640625|320||31700|320|49297.640625|880456|AIQ153|0|2104|0|||3|3|0|1|1|132|18|["132,18,5,3614"]|636148140976410000|13:41:37:641
62|1.1|636147897958813629|880456|49302.6171875|13.45593047611|96.78877290042|-428940|-21955||49302.6171875|320||31693.75|320|49302.6171875|880456|AIQ153|0|2104|0|||3|3|0|1|1|132|18|["132,18,5,3614"]|636148141026170000|13:41:42:617
62|1.1|636147898008738621|880456|49307.6171875|13.44918204833|96.77867171639|-430047|-22684||49307.6171875|320||31706.25|320|49307.6171875|880456|AIQ153|0|2104|0|||3|3|0|1|1|132|18|["132,18,5,3614"]|636148141076170000|13:41:47:617
62|1.1|636147898058663613|880456|49312.6171875|13.44107642482|96.76902650721|-431107|-23565||49312.6171875|320||31700|320|49312.6171875|880456|AIQ153|0|2104|0|||3|3|0|1|1|132|18|["132,18,5,3614"]|636148141126170000|13:41:52:617
62|1.1|636147898108578604|880456|49317.6015625|13.43843177069|96.75795436497|-432312|-23838||49317.6015625|320||31718.75|320|49317.6015625|880456|AIQ153|0|2104|0|||3|3|0|1|1|132|18|["132,18,5,3614"]|636148141176020000|13:41:57:602
62|1.1|636147898158493595|880456|49322.6015625|13.43284741988|96.74789609622|-433413|-24439||49322.6015625|320||31725|320|49322.6015625|880456|AIQ153|0|2104|0|||3|3|0|1|1|132|18|["132,18,5,3614"]|636148141226020000|13:42:02:602
62|1.1|636147898208418587|880456|49327.578125|13.42725770466|96.73784855629|-434512|-25040||49327.578125|320||31731.25|320|49327.578125|880456|AIQ153|0|2104|0|||3|3|0|1|1|132|18|[]|636148141275780000|13:42:07:578
62|1.1|636147898258343579|880456|49332.578125|13.4184815299|96.72850911848|-435540|-25995||49332.578125|320.25||31731.25|320|49332.578125|880456|AIQ153|0|2104|0|||3|3|0|1|1|132|18|["132,18,5,3614"]|636148141325780000|13:42:12:578
62|1.1|636147898308268571|880456|49337.578125|13.41246802629|96.71866006172|-436619|-26643||49337.578125|320.25||31737.5|320|49337.578125|880456|AIQ153|0|2104|0|||3|3|0|1|1|132|18|["132,18,5,3614"]|636148141375780000|13:42:17:578
62|1.1|636147898358183562|880456|49342.5625|13.4107031354|96.70752354656|-437830|-26819||49342.5625|320.25||31750|320|49342.5625|880456|AIQ153|0|2104|0|||3|3|0|1|1|132|18|["132,18,5,3614"]|636148141425630000|13:42:22:563
62|1.1|636147898408108554|880456|49347.5625|13.40868075283|96.69681081979|-438995|-27024||49347.5625|320.25||31750|320|49347.5625|880456|AIQ153|0|2104|0|||3|3|0|1|1|132|18|["132,18,5,3614"]|636148141475630000|13:42:27:563
62|1.1|636147898458033546|880456|49352.5390625|13.41186721237|96.68481599903|-440289|-26649||49352.5390625|320.25||31768.75|320|49352.5390625|880456|AIQ153|0|2104|0|||3|3|0|1|1|132|18|["132,18,5,3614"]|636148141525390000|13:42:32:539
62|1.1|636147898507948537|880456|49357.5390625|13.40638478535|96.67511714575|-441351|-27239||49357.5390625|320.25||31756.25|320|49357.5390625|880456|AIQ153|0|2104|0|||3|3|0|1|1|132|18|["132,18,5,3614"]|636148141575390000|13:42:37:539
62|1.1|636147898557883530|880456|49362.5390625|13.40421756371|96.66459217333|-442496|-27460||49362.5390625|320.25||31756.25|320|49362.5390625|880456|AIQ153|0|2104|0|||3|3|0|1|1|132|18|["132,18,5,3614"]|636148141625390000|13:42:42:539
62|1.1|636147898607788520|880456|49367.515625|13.40041956143|96.65451244694|-443596|-27862||49367.515625|320.25||31756.25|320|49367.515625|880456|AIQ153|0|2104|0|||3|3|0|1|1|132|18|["132,18,5,3614"]|636148141675160000|13:42:47:516
62|1.1|636147898657713512|880456|49372.515625|13.39533946516|96.64465802577|-444674|-28407||49372.515625|320.25||31750|320|49372.515625|880456|AIQ153|0|2104|0|||3|3|0|1|1|132|18|["132,18,5,3614"]|636148141725160000|13:42:52:516
62|1.1|636147898707638504|880456|49377.5|13.38723384165|96.63535613883|-445698|-29288||49377.5|320.25||31743.75|320|49377.5|880456|AIQ153|0|2104|0|||3|3|0|1|1|132|18|["132,18,5,3614"]|636148141775000000|13:42:57:500
62|1.1|636147898757563496|880456|49382.5|13.38253461849|96.62524422598|-446803|-29790||49382.5|320.25||31743.75|320|49382.5|880456|AIQ153|0|2104|0|||3|3|0|1|1|132|18|["132,18,5,3614"]|636148141825000000|13:43:02:500
62|1.1|636147898807478487|880456|49387.5|13.37766373421|96.61518595723|-447903|-30311||49387.5|320.25||31737.5|320|49387.5|880456|AIQ153|0|2104|0|||3|3|0|1|1|132|18|["132,18,5,3614"]|636148141875000000|13:43:07:500
62|1.1|636147898857423481|880456|49392.4765625|13.37305570602|96.60511159525|-449004|-30803||49392.4765625|320.25||31731.25|320|49392.4765625|880456|AIQ153|0|2104|0|||3|3|0|1|1|132|18|["132,18,5,3614"]|636148141924770000|13:43:12:477
62|1.1|636147898907328471|880456|49397.4765625|13.37426269827|96.59454907196|-450147|-30650||49397.4765625|320||32018.75|320.25|49397.4765625|880456|AIQ153|0|2104|0|||3|3|0|1|1|132|5|["132,18,5,3614"]|636148141974770000|13:43:17:477
62|1.1|636147898957243462|880456|49402.4609375|13.37001944996|96.58449616762|-451245|-31101||49402.4609375|320||32025|320|49402.4609375|880456|AIQ153|0|2104|0|||3|3|0|1|1|132|18|["132,18,5,3614"]|636148142024610000|13:43:22:461
62|1.1|636147899007168454|880456|49407.4609375|13.36594249836|96.57434133949|-452354|-31534||49407.4609375|320||32056.25|320|49407.4609375|880456|AIQ153|0|2104|0|||3|3|0|1|1|132|18|["132,18,5,3614"]|636148142074610000|13:43:27:461
62|1.1|636147899057093446|880456|49412.4609375|13.36179044502|96.56417041813|-453465|-31975||49412.4609375|320||32068.75|320|49412.4609375|880456|AIQ153|0|2104|0|||3|3|0|1|1|132|18|["132,18,5,3614"]|636148142124610000|13:43:32:461
62|1.1|636147899107018438|880456|49417.4375|13.35722533211|96.55597359965|-454362|-32465||49417.4375|320||32018.75|320|49417.4375|880456|AIQ153|0|2104|0|||3|3|0|1|1|132|18|["132,18,5,3614"]|636148142174380000|13:43:37:438
62|1.1|636147899156933429|880456|49422.4375|13.35310010082|96.54627474637|-455422|-32904||49422.4375|319.75||32018.75|319.75|49422.4375|880456|AIQ153|0|2104|0|||3|3|0|1|1|132|18|["132,18,5,3614"]|636148142224380000|13:43:42:438
62|1.1|636147899206848420|880456|49427.421875|13.34891049661|96.53662953719|-456476|-33351||49427.421875|319.75||32018.75|319.75|49427.421875|880456|AIQ153|0|2104|0|||3|3|0|1|1|132|18|["132,18,5,3614"]|636148142274220000|13:43:47:422
62|1.1|636147899256783413|880456|49432.421875|13.34471552799|96.52699505683|-457529|-33797||49432.421875|319.75||32018.75|319.75|49432.421875|880456|AIQ153|0|2104|0|||3|3|0|1|1|132|18|[]|636148142324220000|13:43:52:422
62|1.1|636147899306698404|880456|49437.421875|13.34022551682|96.51672757609|-458651|-34275||49437.421875|319.75||31987.5|319.75|49437.421875|880456|AIQ153|0|2104|0|||3|3|0|1|1|132|18|["132,18,5,3614"]|636148142374220000|13:43:57:422
62|1.1|636147899356623396|880456|49442.3984375|13.3324363935|96.50523700987|-459912|-35117||49442.3984375|319.75||31781.25|319.75|49442.3984375|880456|AIQ153|0|2104|0|||3|3|0|1|1|132|18|["132,18,5,3614"]|636148142423980000|13:44:02:398
62|1.1|636147899406548388|880456|49447.3984375|13.31755015575|96.49728695425|-460803|-36750||49447.3984375|319.75||31612.5|319.75|49447.3984375|880456|AIQ153|0|2104|0|||3|3|0|1|1|132|18|["132,18,5,3614"]|636148142473980000|13:44:07:398
62|1.1|636147899456463379|880456|49452.375|13.31099484673|96.4890525849|-461709|-37461||49452.375|319.75||31493.75|319.75|49452.375|880456|AIQ153|0|2104|0|||3|3|0|1|1|132|18|["132,18,5,3614"]|636148142523750000|13:44:12:375
62|1.1|636147899506388371|880456|49457.375|13.30410157988|96.47828621403|-462890|-38204||49457.375|320||31468.75|320|49457.375|880456|AIQ153|0|2104|0|||3|3|0|1|1|132|18|["132,18,5,3614"]|636148142573750000|13:44:17:375
62|1.1|636147899556313363|880456|49462.375|13.31444952677|96.46159217011|-464681|-37026||49462.375|320||31606.25|320|49462.375|880456|AIQ153|0|2104|0|||3|3|0|1|1|132|18|["132,18,5,3614"]|636148142623750000|13:44:22:375
62|1.1|636147899606228354|880456|49467.359375|13.31007753262|96.45137833347|-465798|-37491||49467.359375|320||31556.25|320|49467.359375|880456|AIQ153|0|2104|0|||3|3|0|1|1|132|18|["132,18,5,3614"]|636148142673590000|13:44:27:359
62|1.1|636147899656153346|880456|49472.359375|13.30863987074|96.44014525893|-467019|-37629||49472.359375|320||31606.25|320|49472.359375|880456|AIQ153|0|2104|0|||3|3|0|1|1|132|18|["132,18,5,3614"]|636148142723590000|13:44:32:359
62|1.1|636147899706078338|880456|49477.3359375|13.29934334821|96.43113305013|-468015|-38642||49477.3359375|320||31618.75|320|49477.3359375|880456|AIQ153|0|2104|0|||3|3|0|1|1|132|18|["132,18,5,3614"]|636148142773360000|13:44:37:336
62|1.1|636147899755993329|880456|49482.3359375|13.29462803182|96.42084411175|-469140|-39144||49482.3359375|320||31593.75|320|49482.3359375|880456|AIQ153|0|2104|0|||3|3|0|1|1|132|18|["132,18,5,3614"]|636148142823360000|13:44:42:336
62|1.1|636147899805918321|880456|49487.3359375|13.29587257494|96.40962176603|-470355|-38985||49487.3359375|320.25||31650|320|49487.3359375|880456|AIQ153|0|2104|0|||3|3|0|1|1|132|18|["132,18,5,3614"]|636148142873360000|13:44:47:336
62|1.1|636147899855833312|880456|49492.3203125|13.28690864583|96.400593464|-471352|-39960||49492.3203125|320.25||31662.5|320|49492.3203125|880456|AIQ153|0|2104|0|||3|3|0|1|1|132|18|["132,18,5,3614"]|636148142923200000|13:44:52:320
62|1.1|636147899905758304|880456|49497.3203125|13.28163006639|96.39054592407|-472452|-40526||49497.3203125|320||31668.75|320|49497.3203125|880456|AIQ153|0|2104|0|||3|3|0|1|1|132|18|["132,18,5,3614"]|636148142973200000|13:44:57:320
62|1.1|636147899955683296|880456|49502.296875|13.2767538177|96.3804769265|-473554|-41047||49502.296875|320.25||31675|320|49502.296875|880456|AIQ153|0|2104|0|||3|3|0|1|1|132|18|["132,18,5,3614"]|636148143022970000|13:45:02:297
62|1.1|636147900005598287|880456|49507.296875|13.26340180121|96.37247322678|-474449|-42510||49507.296875|320.25||31668.75|320|49507.296875|880456|AIQ153|0|2104|0|||3|3|0|1|1|132|18|["132,18,5,3614"]|636148143072970000|13:45:07:297
62|1.1|636147900055533280|880456|49512.296875|13.25755459431|96.36285483965|-475504|-43139||49512.296875|320.25||31668.75|320|49512.296875|880456|AIQ153|0|2104|0|||3|3|0|1|1|132|18|["132,18,5,3614"]|636148143122970000|13:45:12:297
62|1.1|636147900105448271|880456|49517.28125|13.25170738741|96.35323108811|-476560|-43768||49517.28125|320.25||31668.75|320|49517.28125|880456|AIQ153|0|2104|0|||3|3|0|1|1|132|18|[]|636148143172810000|13:45:17:281
62|1.1|636147900155363262|880456|49522.28125|13.24582799405|96.34355369247|-477622|-44401||49522.28125|320.25||31668.75|320|49522.28125|880456|AIQ153|0|2104|0|||3|3|0|1|1|132|18|[]|636148143222810000|13:45:22:281
62|1.1|636147900205288254|880456|49527.2578125|13.2399539651|96.33388166124|-478683|-45033||49527.2578125|320.25||31668.75|320|49527.2578125|880456|AIQ153|0|2104|0|||3|3|0|1|1|132|18|[]|636148143272580000|13:45:27:258
62|1.1|636147900255233248|X|49532.2578125||||||||||||X|X|X|2104|||||||1|1|0|0|[]|636148143322580000|13:45:32:258
