62|1.1|636147904145822268|880441|49912.359375|9.14032163962|99.1430944324|-176774|-502589||49912.359375|8.25||475|3|49912.359375|880441|AIQ3234|X|2086|2537.5|||3|3|3|1|1|132|83|[]|636148147123590000|13:51:52:359
62|1.1|636147904192636949|880441|49926|9.14766551691|99.15056169112|-175948|-501780||49926|9.75||31.25|8.5|49926|880441|AIQ3234|0|2086|2500|||3|3|3|1|1|132|83|["132,82,5"]|636148147260000000|13:52:06:000
62|1.1|636147904242551940|880441|49931|9.15081978999|99.15378570153|-175591|-501432||49931|11.25||1200|10.25|49931|880441|AIQ3234|0|2086|2400|||3|3|1|1|1|132|83|["132,82,5"]|636148147310000000|13:52:11:000
62|1.1|636147904292486933|880441|49935.9765625|9.1533464271|99.15623187249|-175320|-501154||49935.9765625|12.5||1287.5|11.75|49935.9765625|880441|AIQ3234|0|2086|2143.75|||3|3|1|1|1|132|82|["132,82,5"]|636148147359770000|13:52:15:977
62|1.1|636147904342411925|880441|49940.9765625|9.15616810676|99.15884434016|-175030|-500843||49940.9765625|13.5||1400|12.25|49940.9765625|880441|AIQ3234|0|2086|1456.25|||3|3|1|1|1|132|82|["132,82,5"]|636148147409770000|13:52:20:977
62|1.1|636147904392316915|880441|49945.9765625|9.15874302356|99.16114030764|-174776|-500559||49945.9765625|14.75||1475|13.25|49945.9765625|880441|AIQ3234|0|2086|1281.25|||3|3|1|1|1|132|82|["132,82,5"]|636148147459770000|13:52:25:977
62|1.1|636147904442241907|880441|49950.9609375|9.16154324558|99.16368303798|-174495|-500250||49950.9609375|16||1575|14.5|49950.9609375|880441|AIQ3234|0|2086|1318.75|||3|3|1|1|1|132|82|["132,82,5"]|636148147509610000|13:52:30:961
62|1.1|636147904492156898|880441|49955.9609375|9.16482090009|99.16663346348|-174168|-499889||49955.9609375|17.25||1693.75|15.75|49955.9609375|880441|AIQ3234|0|2086|1375|||3|3|1|1|1|132|83|["132,82,5"]|636148147559610000|13:52:35:961
62|1.1|636147904542091891|880441|49960.9375|9.16848479212|99.1694873296|-173851|-499485||49960.9375|18.25||1818.75|16.75|49960.9375|880441|AIQ3234|0|2086|1375|||3|3|1|1|1|132|82|["132,82,5"]|636148147609380000|13:52:40:938
62|1.1|636147904592006882|880441|49965.9375|9.17177853986|99.1722231787|-173548|-499122||49965.9375|19.25||1931.25|17.75|49965.9375|880441|AIQ3234|0|2086|1318.75|||3|3|1|1|1|132|82|["132,82,5"]|636148147659380000|13:52:45:938
62|1.1|636147904641921873|880441|49970.9375|9.17644021215|99.17341944213|-173413|-498606||49970.9375|20.25||2000|18.75|49970.9375|880441|AIQ3234|0|2086|1237.5|||3|3|1|1|1|132|82|["132,82,5"]|636148147709380000|13:52:50:938
62|1.1|636147904691846865|880441|49975.921875|9.18082829953|99.17498048544|-173239|-498121||49975.921875|20.75||2068.75|19.5|49975.921875|880441|AIQ3234|0|2086|1125|||3|3|1|1|1|132|82|["132,82,5"]|636148147759220000|13:52:55:922
62|1.1|636147904741771857|880441|49980.921875|9.18579037878|99.17596753688|-173127|-497571||49980.921875|21.5||2143.75|20.25|49980.921875|880441|AIQ3234|0|2086|1006.25|||3|3|1|1|1|132|82|["132,82,5"]|636148147809220000|13:53:00:922
62|1.1|636147904791686848|880441|49985.8984375|9.19102604294|99.17677219838|-173035|-496992||49985.8984375|23||2243.75|21.25|49985.8984375|880441|AIQ3234|0|2086|1025|||3|3|1|1|1|132|83|["132,82,5"]|636148147858980000|13:53:05:898
62|1.1|636147904841611840|880441|49990.8984375|9.19675523282|99.17744274963|-172958|-496358||49990.8984375|24.25||2387.5|22.5|49990.8984375|880441|AIQ3234|0|2086|1162.5|||3|3|1|1|1|132|82|["132,82,5"]|636148147908980000|13:53:10:898
62|1.1|636147904891526831|880441|49995.8984375|9.20242541419|99.17768414808|-172928|-495730||49995.8984375|25.5||2543.75|23.75|49995.8984375|880441|AIQ3234|0|2086|1356.25|||3|3|1|1|1|132|82|["132,82,5"]|636148147958980000|13:53:15:898
62|1.1|636147904941471825|880441|50000.875|9.20835845165|99.17796846181|-172893|-495072||50000.875|27.25||2693.75|25.75|50000.875|880441|AIQ3234|0|2086|1768.75|||3|3|1|1|1|132|82|["132,82,5"]|636148148008750000|13:53:20:875
62|1.1|636147904991376815|880441|50005.875|9.21518198117|99.17831714846|-172851|-494317||50005.875|29||2875|27.5|50005.875|880441|AIQ3234|0|2086|1968.75|||3|3|1|1|1|132|210|["132,210,2,2181","132,82,5"]|636148148058750000|13:53:25:875
62|1.1|636147905041291806|880441|50010.859375|9.22243466349|99.17830641964|-172848|-493513||50010.859375|30.75||3075|29.25|50010.859375|880441|AIQ3234|0|2086|2006.25|||3|3|1|1|1|132|83|["132,210,2,2181","132,82,5"]|636148148108590000|13:53:30:859
62|1.1|636147905091216798|880441|50015.859375|9.22765423442|99.17862291983|-172809|-492935||50015.859375|32||3237.5|31.25|50015.859375|880441|AIQ3234|0|2086|2050|||3|3|1|1|1|132|210|["132,210,2,2181","132,82,5"]|636148148158590000|13:53:35:859
62|1.1|636147905141161792|880441|50020.859375|9.23457432332|99.17901452176|-172762|-492169||50020.859375|34.75||3475|33.25|50020.859375|880441|AIQ3234|0|2086|2418.75|||3|3|1|1|1|132|210|["132,210,2,2181","132,82,5"]|636148148208590000|13:53:40:859
62|1.1|636147905191066782|880441|50025.8359375|9.24067365749|99.1794114881|-172715|-491493||50025.8359375|37||3675|35.25|50025.8359375|880441|AIQ3234|0|2086|2400|||3|3|1|1|1|132|210|["132,210,2,2181","132,82,5"]|636148148258360000|13:53:45:836
62|1.1|636147905240981773|880441|50030.8359375|9.24697147483|99.17974408152|-172674|-490796||50030.8359375|39.5||3912.5|38.25|50030.8359375|880441|AIQ3234|0|2086|2856.25|||3|3|1|1|1|132|210|["132,210,2,2181","132,82,5"]|636148148308360000|13:53:50:836
62|1.1|636147905290916766|880441|50035.8203125|9.25400958075|99.18029661575|-172609|-490016||50035.8203125|41.75||4200|40.75|50035.8203125|880441|AIQ3234|0|2086|3068.75|||3|3|1|1|1|132|210|["132,210,2,2181","132,82,5","132,66,4"]|636148148358200000|13:53:55:820
62|1.1|636147905340831757|880441|50040.8203125|9.26130517835|99.18097253141|-172530|-489208||50040.8203125|44||4450|43.25|50040.8203125|880441|AIQ3234|0|2086|2950|||3|3|1|1|1|132|210|["132,210,2,2181","132,82,5","132,66,5"]|636148148408200000|13:54:00:820
62|1.1|636147905390746748|880441|50045.8203125|9.26762981774|99.18142314185|-172477|-488508||50045.8203125|46||4662.5|45.25|50045.8203125|880441|AIQ3234|0|2086|2775|||3|3|1|1|1|132|210|["132,210,2,2181","132,82,5","132,66,5"]|636148148458200000|13:54:05:820
62|1.1|636147905440671740|880441|50050.796875|9.2745820931|99.18199176931|-172410|-487738||50050.796875|49||4937.5|48.25|50050.796875|880441|AIQ3234|0|2086|3187.5|||3|3|1|1|1|132|210|["132,210,2,2181","132,82,5","132,66,5"]|636148148507970000|13:54:10:797
62|1.1|636147905490616734|880441|50055.796875|9.28162019902|99.18257112559|-172342|-486959||50055.796875|52||5218.75|51.25|50055.796875|880441|AIQ3234|0|2086|3387.5|||3|3|1|1|1|132|210|["132,210,2,2181","132,82,5","132,66,5"]|636148148557970000|13:54:15:797
62|1.1|636147905540511723|880441|50060.78125|9.28862611848|99.18340797355|-172246|-486183||50060.78125|54.75||5506.25|53.75|50060.78125|880441|AIQ3234|0|2086|3368.75|||3|3|1|1|1|132|210|["132,210,2,2181","132,82,5","132,66,5"]|636148148607810000|13:54:20:781
62|1.1|636147905590446716|880441|50065.78125|9.294913207|99.18515677121|-172050|-485488||50065.78125|57.5||5743.75|56.25|50065.78125|880441|AIQ3234|0|2086|3287.5|||3|3|1|1|1|132|210|["132,210,2,2181","132,82,5","132,66,5"]|636148148657810000|13:54:25:781
62|1.1|636147905640361707|880441|50070.78125|9.30157580422|99.1870289503|-171840|-484750||50070.78125|60||6012.5|58.75|50070.78125|880441|AIQ3234|0|2086|3206.25|||3|3|1|1|1|132|210|["132,210,2,2181","132,82,5","132,66,5"]|636148148707810000|13:54:30:781
62|1.1|636147905690296700|880441|50075.7578125|9.30832959641|99.18904060405|-171614|-484003||50075.7578125|63||6325|62.25|50075.7578125|880441|AIQ3234|0|2086|3543.75|||3|3|1|1|1|132|210|["132,210,2,2181","132,82,5","132,66,5"]|636148148757580000|13:54:35:758
62|1.1|636147905740201690|880441|50080.7578125|9.31541061761|99.19113272395|-171380|-483221||50080.7578125|66||6643.75|65.25|50080.7578125|880441|AIQ3234|0|2086|3525|||3|3|1|1|1|132|210|["132,210,2,2181","132,82,5","132,66,5"]|636148148807580000|13:54:40:758
62|1.1|636147905790126682|880441|50085.7421875|9.32225024036|99.19330531|-171137|-482464||50085.7421875|68.75||6937.5|67.5|50085.7421875|880441|AIQ3234|0|2086|3406.25|||3|3|1|1|1|132|210|["132,210,2,2181","132,82,5","132,66,5"]|636148148857420000|13:54:45:742
62|1.1|636147905840051674|880441|50090.7421875|9.3292990751|99.19556909102|-170883|-481684||50090.7421875|71.5||7225|70.25|50090.7421875|880441|AIQ3234|0|2086|3325|||3|3|1|1|1|132|210|["132,210,2,2181","132,82,5","132,66,5"]|636148148907420000|13:54:50:742
62|1.1|636147905889976666|880441|50095.7421875|9.33563444331|99.19761293123|-170654|-480984||50095.7421875|74||7456.25|73.25|50095.7421875|880441|AIQ3234|0|2086|3231.25|||3|3|1|1|1|132|210|["132,210,2,2181","132,82,5","132,66,5"]|636148148957420000|13:54:55:742
62|1.1|636147905939891657|880441|50100.71875|9.34243651519|99.19991962753|-170396|-480232||50100.71875|77||7712.5|75.5|50100.71875|880441|AIQ3234|0|2086|3268.75|||3|3|1|1|1|132|210|["132,210,2,2181","132,82,5","132,66,5"]|636148149007190000|13:55:00:719
62|1.1|636147905989806648|880441|50105.71875|9.3494156126|99.20214049327|-170148|-479460||50105.71875|79.75||8000|78.5|50105.71875|880441|AIQ3234|0|2086|3368.75|||3|3|1|1|1|132|210|["132,210,2,2181","132,82,5","132,66,5"]|636148149057190000|13:55:05:719
62|1.1|636147906039731640|880441|50110.6953125|9.35582071814|99.20430771491|-169906|-478751||50110.6953125|82.75||8256.25|81.25|50110.6953125|880441|AIQ3234|0|2086|3287.5|||3|3|1|1|1|132|210|["132,210,2,2181","132,82,5","132,66,5"]|636148149106950000|13:55:10:695
62|1.1|636147906089656632|880441|50115.6953125|9.36234920511|99.20635155512|-169677|-478029||50115.6953125|85.75||8512.5|84.25|50115.6953125|880441|AIQ3234|0|2086|3343.75|||3|3|1|1|1|132|210|["132,210,2,2181","132,82,5","132,66,5"]|636148149156950000|13:55:15:695
62|1.1|636147906139581624|880441|50120.6953125|9.36944095513|99.20850268353|-169436|-477245||50120.6953125|88.5||8843.75|87.25|50120.6953125|880441|AIQ3234|0|2086|3681.25|||3|3|1|1|1|132|210|["132,210,2,2181","132,82,5","132,66,5"]|636148149206950000|13:55:20:695
62|1.1|636147906189496615|880441|50125.6796875|9.37647906105|99.21070745604|-169189|-476467||50125.6796875|91||9137.5|89.75|50125.6796875|880441|AIQ3234|0|2086|3387.5|||3|3|1|1|1|132|210|["132,210,2,2181","132,82,5","132,66,5"]|636148149256800000|13:55:25:680
62|1.1|636147906239421607|880441|50130.6796875|9.38360299753|99.21286931327|-168947|-475679||50130.6796875|93||9425|92.25|50130.6796875|880441|AIQ3234|0|2086|3150|||3|3|1|1|1|132|210|["132,210,2,2181","132,82,5","132,66,5"]|636148149306800000|13:55:30:680
62|1.1|636147906289346599|880441|50135.65625|9.3902387727|99.21493461112|-168716|-474945||50135.65625|95||9625|94.5|50135.65625|880441|AIQ3234|0|2086|2993.75|||3|3|1|1|1|132|83|["132,210,2,2181","132,82,5","132,66,5"]|636148149356560000|13:55:35:656
62|1.1|636147906342381902|880441|50140.9765625|9.39786159931|99.21716620568|-168466|-474102||50140.9765625|98||9881.25|97.25|50140.9765625|880441|AIQ3234|0|2086|2875|||3|3|1|1|1|132|82|["132,210,2,2181","132,82,5","132,66,5"]|636148149409770000|13:55:40:977
62|1.1|636147906392296893|880441|50145.9609375|9.40485678995|99.21912957974|-168246|-473328||50145.9609375|100.25||10125|99.25|50145.9609375|880441|AIQ3234|0|2086|2756.25|||3|3|1|1|1|132|82|["132,210,2,2181","132,82,5","132,66,5"]|636148149459610000|13:55:45:961
62|1.1|636147906442221885|880441|50150.9609375|9.4119109891|99.22151674219|-167979|-472548||50150.9609375|103.25||10318.75|101.5|50150.9609375|880441|AIQ3234|0|2086|2812.5|||3|3|1|1|1|132|83|["132,210,2,2181","132,82,5","132,66,5"]|636148149509610000|13:55:50:961
62|1.1|636147906492146877|880441|50155.9375|9.41848775576|99.22357667563|-167749|-471821||50155.9375|105.25||10550|104.25|50155.9375|880441|AIQ3234|0|2086|2931.25|||3|3|1|1|1|132|82|["132,210,2,2181","132,82,5","132,66,5"]|636148149559380000|13:55:55:938
62|1.1|636147906542061868|880441|50160.9375|9.42551513286|99.22551322764|-167531|-471043||50160.9375|107||10787.5|105.75|50160.9375|880441|AIQ3234|0|2086|2418.75|||3|3|1|1|1|132|210|["132,210,2,2181","132,82,5","132,66,5"]|636148149609380000|13:56:00:938
62|1.1|636147906591986860|880441|50165.9375|9.43218309449|99.22772872897|-167284|-470306||50165.9375|108.25||10900|107.25|50165.9375|880441|AIQ3234|0|2086|1868.75|||3|3|1|1|1|132|82|["132,210,2,2181","132,82,5","132,66,5"]|636148149659380000|13:56:05:938
62|1.1|636147906641911852|880441|50170.921875|9.43912464103|99.22992813707|-167038|-469539||50170.921875|109.25||11006.25|108.25|50170.921875|880441|AIQ3234|0|2086|1593.75|||3|3|1|1|1|132|82|["132,210,2,2181","132,82,5","132,66,5"]|636148149709220000|13:56:10:922
62|1.1|636147906691826843|880441|50175.921875|9.44677428969|99.23228311306|-166774|-468693||50175.921875|110||11125|108.75|50175.921875|880441|AIQ3234|0|2086|1318.75|||3|3|1|1|1|132|210|["132,210,2,2181","132,82,5","132,66,5"]|636148149759220000|13:56:15:922
62|1.1|636147906741751835|880441|50180.8984375|9.45400551437|99.23468100433|-166506|-467893||50180.8984375|111||11137.5|109.5|50180.8984375|880441|AIQ3234|0|2086|1162.5|||3|3|1|1|1|132|210|["132,210,2,2181","132,82,5","132,66,5"]|636148149808980000|13:56:20:898
62|1.1|636147906791676827|880441|50185.8984375|9.46129574756|99.23696087858|-166251|-467087||50185.8984375|112||11200|110.25|50185.8984375|880441|AIQ3234|0|2086|1025|||3|3|1|1|1|132|210|["132,210,2,2181","132,82,5","132,66,5"]|636148149858980000|13:56:25:898
62|1.1|636147906841601819|880441|50190.8984375|9.46884347243|99.23918710873|-166002|-466252||50190.8984375|112.5||11287.5|111.25|50190.8984375|880441|AIQ3234|0|2086|1006.25|||3|3|1|1|1|132|82|["132,210,2,2181","132,82,5","132,66,5"]|636148149908980000|13:56:30:898
62|1.1|636147906891516810|880441|50195.875|9.47735142669|99.24178348317|-165711|-465311||50195.875|113||11381.25|112.25|50195.875|880441|AIQ3234|0|2086|1006.25|||3|3|1|1|1|132|210|["132,210,2,2181","132,82,5","132,66,5"]|636148149958750000|13:56:35:875
62|1.1|636147906941441802|880441|50200.875|9.48585938095|99.24438522202|-165420|-464370||50200.875|114||11475|112.75|50200.875|880441|AIQ3234|0|2086|1043.75|||3|3|1|1|1|132|210|["132,210,2,2181","132,82,5","132,66,5"]|636148150008750000|13:56:40:875
62|1.1|636147906991356793|880441|50205.859375|9.49369678396|99.24687430826|-165142|-463503||50205.859375|115||11531.25|113.75|50205.859375|880441|AIQ3234|0|2086|1043.75|||3|3|1|1|1|132|210|["132,210,2,2181","132,82,5","132,66,5"]|636148150058590000|13:56:45:859
62|1.1|636147907041281785|880441|50210.859375|9.50229056878|99.24961015736|-164836|-462553||50210.859375|117||11675|115.5|50210.859375|880441|AIQ3234|0|2086|1656.25|||3|3|1|1|1|132|210|["132,210,2,2181","132,82,5","132,66,5"]|636148150108590000|13:56:50:859
62|1.1|636147907091206777|880441|50215.859375|9.51006896328|99.25207778596|-164560|-461693||50215.859375|118||11825|117.25|50215.859375|880441|AIQ3234|0|2086|1968.75|||3|3|1|1|1|132|210|["132,210,2,2181","132,82,5","132,66,5"]|636148150158590000|13:56:55:859
62|1.1|636147907141121768|880441|50220.8359375|9.51817458679|99.25450786369|-164288|-460796||50220.8359375|121||11962.5|119.25|50220.8359375|880441|AIQ3234|0|2086|2106.25|||3|3|1|1|1|132|210|["132,210,2,2181","132,82,5","132,66,5"]|636148150208360000|13:57:00:836
62|1.1|636147907191046760|880441|50225.8359375|9.52736382112|99.25725444161|-163981|-459780||50225.8359375|123||12293.75|121.75|50225.8359375|880441|AIQ3234|0|2086|2618.75|||3|3|1|1|1|132|210|["132,210,2,2181","132,82,5","132,66,5"]|636148150258360000|13:57:05:836
62|1.1|636147907240971752|880441|50230.8203125|9.5354533514|99.25990982456|-163684|-458885||50230.8203125|126||12543.75|124.5|50230.8203125|880441|AIQ3234|0|2086|2912.5|||3|3|1|1|1|132|210|["132,210,2,2181","132,82,5","132,66,5"]|636148150308200000|13:57:10:820
62|1.1|636147907290896744|880441|50235.8203125|9.54365016988|99.26258130074|-163386|-457979||50235.8203125|129||12831.25|127.5|50235.8203125|880441|AIQ3234|0|2086|3231.25|||3|3|1|1|1|132|210|["132,210,2,2181","132,82,5","132,66,5"]|636148150358200000|13:57:15:820
62|1.1|636147907340811735|880441|50240.8203125|9.55203474271|99.26538152276|-163073|-457052||50240.8203125|132.5||13237.5|130.75|50240.8203125|880441|AIQ3234|0|2086|3700|||3|3|1|1|1|132|210|["132,210,2,2181","132,82,5","132,66,5"]|636148150408200000|13:57:20:820
62|1.1|636147907390736727|880441|50245.796875|9.56042467995|99.26795107515|-162786|-456124||50245.796875|135.5||13556.25|135.25|50245.796875|880441|AIQ3234|0|2086|4231.25|||3|3|1|1|1|132|83|["132,210,2,2181","132,82,5","132,66,5"]|636148150457970000|13:57:25:797
62|1.1|636147907440651718|880441|50250.796875|9.56809578625|99.27046161903|-162505|-455276||50250.796875|138.75||13937.5|138.25|50250.796875|880441|AIQ3234|0|2086|4175|||3|3|1|1|1|132|66|["132,210,2,2181","132,82,5","132,66,5"]|636148150507970000|13:57:30:797
62|1.1|636147907490586711|880441|50255.78125|9.57586881634|99.27300434937|-162221|-454416||50255.78125|142||14275|141.5|50255.78125|880441|AIQ3234|0|2086|4037.5|||3|3|1|1|1|132|210|["132,210,2,2181","132,82,5","132,66,5"]|636148150557810000|13:57:35:781
62|1.1|636147907540501702|880441|50260.78125|9.58431239768|99.27560608822|-161930|-453483||50260.78125|144.75||14656.25|144.5|50260.78125|880441|AIQ3234|0|2086|3875|||3|3|1|1|1|132|66|["132,210,2,2181","132,82,5","132,66,5"]|636148150607810000|13:57:40:781
62|1.1|636147907590416693|880441|50265.78125|9.59250385175|99.27815418297|-161645|-452577||50265.78125|148||14906.25|147.25|50265.78125|880441|AIQ3234|0|2086|3506.25|||3|3|1|1|1|132|83|["132,210,2,2181","132,82,5","132,66,5"]|636148150657810000|13:57:45:781
62|1.1|636147907640351686|880441|50270.7578125|9.59981554258|99.28050915896|-161382|-451768||50270.7578125|150||15087.5|148.75|50270.7578125|880441|AIQ3234|0|2086|2756.25|||3|3|1|1|1|132|83|["132,210,2,2181","132,82,5","132,66,5"]|636148150707580000|13:57:50:758
62|1.1|636147907690266677|880441|50275.7578125|9.60781387789|99.2829982452|-161104|-450884||50275.7578125|151.5||15350|150.75|50275.7578125|880441|AIQ3234|0|2086|2600|||3|3|1|1|1|132|66|["132,210,2,2181","132,82,5","132,66,5"]|636148150757580000|13:57:55:758
62|1.1|636147907740181668|880441|50280.7421875|9.61596778109|99.28549269585|-160825|-449982||50280.7421875|153.5||15506.25|152.75|50280.7421875|880441|AIQ3234|0|2086|2462.5|||3|3|1|1|1|132|66|["132,210,2,2181","132,82,5","132,66,5"]|636148150807420000|13:58:00:742
62|1.1|636147907790106660|880441|50285.7421875|9.62347795509|99.28787449389|-160559|-449152||50285.7421875|155||15625|154.5|50285.7421875|880441|AIQ3234|0|2086|2325|||3|3|1|1|1|132|66|["132,210,2,2181","132,82,5","132,66,5"]|636148150857420000|13:58:05:742
62|1.1|636147907840041653|880441|50290.7421875|9.63107395965|99.29020264783|-160299|-448312||50290.7421875|156.5||15737.5|155.75|50290.7421875|880441|AIQ3234|0|2086|2025|||3|3|1|1|1|132|66|["132,210,2,2181","132,82,5","132,66,5"]|636148150907420000|13:58:10:742
62|1.1|636147907889956644|880441|50295.71875|9.63862704893|99.29263272556|-160027|-447477||50295.71875|157.75||15825|156.75|50295.71875|880441|AIQ3234|0|2086|1793.75|||3|3|1|1|1|132|83|["132,210,2,2181","132,82,5","132,66,5"]|636148150957190000|13:58:15:719
62|1.1|636147907939871635|880441|50300.71875|9.64710818114|99.2951754559|-159743|-446539||50300.71875|158.75||15956.25|158.25|50300.71875|880441|AIQ3234|0|2086|1731.25|||3|3|1|1|1|132|66|["132,210,2,2181","132,82,5","132,66,5"]|636148151007190000|13:58:20:719
62|1.1|636147907989796627|880441|50305.6953125|9.65564832186|99.29765381332|-159466|-445594||50305.6953125|160||16081.25|159.25|50305.6953125|880441|AIQ3234|0|2086|1475|||3|3|1|1|1|132|66|["132,210,2,2181","132,82,5","132,66,5"]|636148151056950000|13:58:25:695
62|1.1|636147908039711618|880441|50310.6953125|9.66425819991|99.30029846745|-159170|-444642||50310.6953125|161.5||16218.75|160.25|50310.6953125|880441|AIQ3234|0|2086|1456.25|||3|3|1|1|1|132|66|["132,210,2,2181","132,82,5","132,66,5"]|636148151106950000|13:58:30:695
62|1.1|636147908089636610|880441|50315.6953125|9.67260522187|99.30275000282|-158896|-443719||50315.6953125|163.5||16368.75|162.25|50315.6953125|880441|AIQ3234|0|2086|1887.5|||3|3|1|1|1|132|66|["132,210,2,2181","132,82,5","132,66,5"]|636148151156950000|13:58:35:695
62|1.1|636147908139551601|880441|50320.6796875|9.6803460655|99.30528200434|-158613|-442863||50320.6796875|166||16518.75|164.5|50320.6796875|880441|AIQ3234|0|2086|2362.5|||3|3|1|1|1|132|83|["132,210,2,2181","132,82,5","132,66,5"]|636148151206800000|13:58:40:680
62|1.1|636147908189486594|880441|50325.6796875|9.68917588436|99.30796420934|-158314|-441886||50325.6796875|167.75||16793.75|166.75|50325.6796875|880441|AIQ3234|0|2086|2600|||3|3|1|1|1|132|66|["132,210,2,2181","132,82,5","132,66,5"]|636148151256800000|13:58:45:680
62|1.1|636147908239401585|880441|50330.65625|9.69705620265|99.31042110912|-158039|-441015||50330.65625|169.5||16981.25|168.5|50330.65625|880441|AIQ3234|0|2086|2500|||3|3|1|1|1|132|66|["132,210,2,2181","132,82,5","132,66,5"]|636148151306560000|13:58:50:656
62|1.1|636147908289326577|880441|50335.65625|9.70569290275|99.3130389412|-157747|-440060||50335.65625|171.25||17193.75|170.25|50335.65625|880441|AIQ3234|0|2086|2325|||3|3|1|1|1|132|66|["132,210,2,2181","132,82,5","132,66,5"]|636148151356560000|13:58:55:656
62|1.1|636147908339251569|880441|50340.65625|9.71413111968|99.31551729862|-157470|-439127||50340.65625|173||17406.25|172.25|50340.65625|880441|AIQ3234|0|2086|2225|||3|3|1|1|1|132|66|["132,210,2,2181","132,82,5","132,66,5"]|636148151406560000|13:59:00:656
62|1.1|636147908389016545|880441|50345.640625|9.72265516717|99.31825314772|-157164|-438184||50345.640625|175.5||17593.75|174.25|50345.640625|880441|AIQ3234|0|2086|2262.5|||3|3|1|1|1|132|83|["132,210,2,2181","132,82,5","132,66,5"]|636148151456410000|13:59:05:641
62|1.1|636147908438931536|880441|50350.640625|9.73112557056|99.32096217477|-156862|-437247||50350.640625|177.5||17831.25|176.25|50350.640625|880441|AIQ3234|0|2086|2381.25|||3|3|1|1|1|132|66|["132,210,2,2181","132,82,5","132,66,5"]|636148151506410000|13:59:10:641
62|1.1|636147908488856528|880441|50355.6171875|9.73952087221|99.32360146449|-156567|-436319||50355.6171875|179.75||18062.5|178.75|50355.6171875|880441|AIQ3234|0|2086|2656.25|||3|3|1|1|1|132|66|["132,210,2,2181","132,82,5","132,66,5"]|636148151556170000|13:59:15:617
62|1.1|636147908538931535|880441|50360.6171875|9.74724562261|99.32607982191|-156290|-435465||50360.6171875|181.5||18225|180.75|50360.6171875|880441|AIQ3234|0|2086|2581.25|||3|3|1|1|1|132|66|["132,210,2,2181","132,82,5","132,66,5"]|636148151606170000|13:59:20:617
62|1.1|636147908588856527|880441|50365.6171875|9.75561410221|99.32863864548|-156005|-434540||50365.6171875|183||18431.25|182.25|50365.6171875|880441|AIQ3234|0|2086|2087.5|||3|3|1|1|1|132|66|["132,210,2,2181","132,82,5","132,66,5"]|636148151656170000|13:59:25:617
62|1.1|636147908638621503|880441|50370.6015625|9.76329593733|99.3311170029|-155728|-433690||50370.6015625|184.5||18525|183.25|50370.6015625|880441|AIQ3234|0|2086|1612.5|||3|3|1|1|1|132|83|["132,210,2,2181","132,82,5","132,66,5"]|636148151706020000|13:59:30:602
62|1.1|636147908688546495|880441|50375.6015625|9.77177170513|99.33367582647|-155442|-432753||50375.6015625|186||18706.25|184.75|50375.6015625|880441|AIQ3234|0|2086|1675|||3|3|1|1|1|132|66|["132,210,2,2181","132,82,5","132,66,5"]|636148151756020000|13:59:35:602
62|1.1|636147908738461486|880441|50380.578125|9.78076245629|99.33634730265|-155144|-431759||50380.578125|187.5||18818.75|186.25|50380.578125|880441|AIQ3234|0|2086|1768.75|||3|3|1|1|1|132|66|["132,210,2,2181","132,82,5","132,66,5"]|636148151805780000|13:59:40:578
62|1.1|636147908788386478|880441|50385.578125|9.78871787632|99.33885248212|-154864|-430879||50385.578125|189||18925|187.25|50385.578125|880441|AIQ3234|0|2086|1768.75|||3|3|1|1|1|132|66|["132,210,2,2181","132,82,5","132,66,5"]|636148151855780000|13:59:45:578
62|1.1|636147908838311470|880441|50390.578125|9.79735457642|99.34147567861|-154571|-429924||50390.578125|190.75||19087.5|188.75|50390.578125|880441|AIQ3234|0|2086|1831.25|||3|3|1|1|1|132|66|["132,210,2,2181","132,82,5","132,66,5"]|636148151905780000|13:59:50:578
62|1.1|636147908888236462|880441|50395.5625|9.80608247149|99.3442598074|-154261|-428959||50395.5625|192.25||19275|190.25|50395.5625|880441|AIQ3234|0|2086|1887.5|||3|3|1|1|1|132|66|["132,210,2,2181","132,82,5","132,66,5"]|636148151955630000|13:59:55:563
62|1.1|636147908938151453|880441|50400.5625|9.8138662304|99.34679180892|-153978|-428098||50400.5625|194||19400|191.75|50400.5625|880441|AIQ3234|0|2086|1868.75|||3|3|1|1|1|132|66|["132,210,2,2181","132,82,5","132,66,5"]|636148152005630000|14:00:00:563
62|1.1|636147908988066444|880441|50405.5390625|9.82203086242|99.34942573423|-153684|-427196||50405.5390625|195.5||19550|193.5|50405.5390625|880441|AIQ3234|0|2086|1887.5|||3|3|1|1|1|132|66|["132,210,2,2181","132,82,5","132,66,5"]|636148152055390000|14:00:05:539
62|1.1|636147909037991436|880441|50410.5390625|9.83045835053|99.35201674426|-153395|-426264||50410.5390625|197||19718.75|195.25|50410.5390625|880441|AIQ3234|0|2086|1912.5|||3|3|1|1|1|132|66|["132,210,2,2181","132,82,5","132,66,5"]|636148152105390000|14:00:10:539
62|1.1|636147909087916428|880441|50415.5390625|9.83915405914|99.35466139839|-153100|-425302||50415.5390625|198.75||19887.5|196.75|50415.5390625|880441|AIQ3234|0|2086|1950|||3|3|1|1|1|132|66|["132,210,2,2181","132,82,5","132,66,5"]|636148152155390000|14:00:15:539
62|1.1|636147909137841420|880441|50420.515625|9.84796242036|99.35725240842|-152810|-424328||50420.515625|200.75||20075|198.5|50420.515625|880441|AIQ3234|0|2086|2025|||3|3|1|1|1|132|83|["132,210,2,2181","132,82,5","132,66,5"]|636148152205160000|14:00:20:516
62|1.1|636147909187756411|880441|50425.515625|9.85713019705|99.36019746951|-152482|-423314||50425.515625|202.25||20275|200.25|50425.515625|880441|AIQ3234|0|2086|2087.5|||3|3|1|1|1|132|66|["132,210,2,2181","132,82,5","132,66,5"]|636148152255160000|14:00:25:516
62|1.1|636147909237681403|880441|50430.5|9.86526264261|99.36280993718|-152191|-422415||50430.5|203.75||20412.5|201.75|50430.5|880441|AIQ3234|0|2086|2006.25|||3|3|1|1|1|132|66|["132,210,2,2181","132,82,5","132,66,5"]|636148152305000000|14:00:30:500
62|1.1|636147909287606395|880441|50435.5|9.87412464793|99.36549214218|-151891|-421435||50435.5|205.5||20593.75|203.5|50435.5|880441|AIQ3234|0|2086|1950|||3|3|1|1|1|132|66|["132,210,2,2181","132,82,5","132,66,5"]|636148152355000000|14:00:35:500
62|1.1|636147909337521386|880441|50440.5|9.88304566176|99.36815825395|-151594|-420449||50440.5|207||20781.25|205.25|50440.5|880441|AIQ3234|0|2086|1931.25|||3|3|1|1|1|132|66|["132,210,2,2181","132,82,5","132,66,5"]|636148152405000000|14:00:40:500
62|1.1|636147909387456379|880441|50445.4765625|9.89077577657|99.37084045895|-151295|-419594||50445.4765625|208.5||20868.75|206.5|50445.4765625|880441|AIQ3234|0|2086|1887.5|||3|3|1|1|1|132|66|["132,210,2,2181","132,82,5","132,66,5"]|636148152454770000|14:00:45:477
62|1.1|636147909437361369|880441|50450.4765625|9.89978262096|99.37358703687|-150988|-418598||50450.4765625|210||21056.25|208.25|50450.4765625|880441|AIQ3234|0|2086|1850|||3|3|1|1|1|132|66|["132,210,2,2181","132,82,5","132,66,5"]|636148152504770000|14:00:50:477
62|1.1|636147909487446377|880441|50455.4609375|9.90874118566|99.37624241982|-150692|-417608||50455.4609375|211.25||21225|209.25|50455.4609375|880441|AIQ3234|0|2086|1750|||3|3|1|1|1|132|66|["132,210,2,2181","132,82,5","132,66,5"]|636148152554610000|14:00:55:461
62|1.1|636147909537211353|880441|50460.4609375|9.916648326|99.37865640432|-150423|-416733||50460.4609375|212.25||21256.25|210.25|50460.4609375|880441|AIQ3234|0|2086|1612.5|||3|3|1|1|1|132|66|["132,210,2,2181","132,82,5","132,66,5"]|636148152604610000|14:01:00:461
62|1.1|636147909587126344|880441|50465.4609375|9.92577318741|99.38156391454|-150098|-415724||50465.4609375|213.25||21381.25|211.25|50465.4609375|880441|AIQ3234|0|2086|1418.75|||3|3|1|1|1|132|66|["132,210,2,2181","132,82,5","132,66,5"]|636148152654610000|14:01:05:461
62|1.1|636147909637051336|880441|50470.4375|9.93464592155|99.38430512805|-149793|-414743||50470.4375|214.5||21512.5|212.5|50470.4375|880441|AIQ3234|0|2086|1375|||3|3|1|1|1|132|66|["132,210,2,2181","132,82,5","132,66,5"]|636148152704380000|14:01:10:438
62|1.1|636147909686976328|880441|50475.4375|9.94371713886|99.38706243479|-149485|-413740||50475.4375|216||21631.25|213.75|50475.4375|880441|AIQ3234|0|2086|1437.5|||3|3|1|1|1|132|66|["132,210,2,2181","132,82,5","132,66,5"]|636148152754380000|14:01:15:438
62|1.1|636147909736901320|880441|50480.421875|9.95179594032|99.38973391097|-149187|-412847||50480.421875|217.75||21743.75|215.25|50480.421875|880441|AIQ3234|0|2086|1631.25|||3|3|1|1|1|132|66|["132,210,2,2181","132,82,5","132,66,5"]|636148152804220000|14:01:20:422
62|1.1|636147909786816311|880441|50485.421875|9.96079205589|99.3924858533|-148880|-411852||50485.421875|219||21881.25|217.25|50485.421875|880441|AIQ3234|0|2086|1831.25|||3|3|1|1|1|132|66|["132,210,2,2181","132,82,5","132,66,5"]|636148152854220000|14:01:25:422
62|1.1|636147909836741303|880441|50490.421875|9.96976134941|99.3951144142|-148587|-410860||50490.421875|219.5||22025|218.5|50490.421875|880441|AIQ3234|0|2086|1812.5|||3|3|1|1|1|132|82|["132,210,2,2181","132,82,5","132,66,5"]|636148152904220000|14:01:30:422
62|1.1|636147909886656294|880441|50495.3984375|9.97904177871|99.39771078864|-148297|-409834||50495.3984375|220.75||22206.25|219.75|50495.3984375|880441|AIQ3234|0|2086|1731.25|||3|3|1|1|1|132|82|["132,210,2,2181","132,82,5","132,66,5"]|636148152953980000|14:01:35:398
62|1.1|636147909936581286|880441|50500.3984375|9.98822028422|99.40074168029|-147959|-408819||50500.3984375|222.75||22318.75|220.75|50500.3984375|880441|AIQ3234|0|2086|1518.75|||3|3|1|1|1|132|66|["132,210,2,2181","132,82,5","132,66,5"]|636148153003980000|14:01:40:398
62|1.1|636147909986506278|880441|50505.375|9.99734514563|99.40316639361|-147688|-407810||50505.375|223.25||22462.5|222.25|50505.375|880441|AIQ3234|0|2086|1493.75|||3|3|1|1|1|132|82|["132,210,2,2181","132,82,5","132,66,5"]|636148153053750000|14:01:45:375
62|1.1|636147910036431270|880441|50510.375|10.0053220233|99.40612754793|-147359|-406928||50510.375|225||22568.75|223.25|50510.375|880441|AIQ3234|0|2086|1556.25|||3|3|1|1|1|132|83|["132,210,2,2181","132,82,5","132,66,5"]|636148153103750000|14:01:50:375
62|1.1|636147910086356262|880441|50515.375|10.01359394352|99.40897068523|-147042|-406013||50515.375|226.25||22693.75|224.75|50515.375|880441|AIQ3234|0|2086|1612.5|||3|3|1|1|1|132|82|["132,210,2,2181","132,82,5","132,66,5"]|636148153153750000|14:01:55:375
62|1.1|636147910136271253|880441|50520.359375|10.02235402505|99.41165825464|-146743|-405045||50520.359375|228||22837.5|226.25|50520.359375|880441|AIQ3234|0|2086|1731.25|||3|3|1|1|1|132|82|["132,210,2,2181","132,82,5","132,66,5"]|636148153203590000|14:02:00:359
62|1.1|636147910186196245|880441|50525.359375|10.03193486131|99.41466768865|-146407|-403986||50525.359375|231||23106.25|229.25|50525.359375|880441|AIQ3234|0|2086|2187.5|||3|3|1|1|1|132|83|["132,210,2,2181","132,82,5","132,66,5"]|636148153253590000|14:02:05:359
62|1.1|636147910236111236|880441|50530.3359375|10.04104362949|99.41758592769|-146082|-402978||50530.3359375|232.25||23287.5|230.75|50530.3359375|880441|AIQ3234|0|2086|2225|||3|3|1|1|1|132|83|["132,210,2,2181","132,82,5","132,66,5"]|636148153303360000|14:02:10:336
62|1.1|636147910286036228|880441|50535.3359375|10.04943356673|99.42034323443|-145775|-402051||50535.3359375|233.25||23400|231.75|50535.3359375|880441|AIQ3234|0|2086|1850|||3|3|1|1|1|132|83|["132,210,2,2181","132,82,5","132,66,5"]|636148153353360000|14:02:15:336
62|1.1|636147910335951219|880441|50540.3359375|10.05835994497|99.42318637173|-145458|-401064||50540.3359375|234||23556.25|232.5|50540.3359375|880441|AIQ3234|0|2086|1537.5|||3|3|1|1|1|132|82|["132,210,2,2181","132,82,5","132,66,5"]|636148153403360000|14:02:20:336
62|1.1|636147910385876211|880441|50545.3203125|10.06743652669|99.42598122934|-145147|-400060||50545.3203125|235.25||23718.75|233.5|50545.3203125|880441|AIQ3234|0|2086|1375|||3|3|1|1|1|132|82|["132,210,2,2181","132,82,5","132,66,5"]|636148153453200000|14:02:25:320
62|1.1|636147910435811204|880441|50550.3203125|10.07677060009|99.42870634962|-144843|-399029||50550.3203125|236.25||23887.5|234.5|50550.3203125|880441|AIQ3234|0|2086|1300|||3|3|1|1|1|132|82|["132,210,2,2181","132,82,5","132,66,5"]|636148153503200000|14:02:30:320
62|1.1|636147910485726195|880441|50555.296875|10.08472602012|99.43130808847|-144553|-398149||50555.296875|238.5||23850|235.75|50555.296875|880441|AIQ3234|0|2086|1400|||3|3|1|1|1|132|83|["132,210,2,2181","132,82,5","132,66,5"]|636148153552970000|14:02:35:297
62|1.1|636147910535651187|880441|50560.296875|10.09352901693|99.4340600308|-144247|-397175||50560.296875|239.75||23975|237.5|50560.296875|880441|AIQ3234|0|2086|1537.5|||3|3|1|1|1|132|83|["132,210,2,2181","132,82,5","132,66,5"]|636148153602970000|14:02:40:297
62|1.1|636147910585566178|880441|50565.296875|10.10242857312|99.43683879518|-143937|-396191||50565.296875|240.5||24081.25|238.5|50565.296875|880441|AIQ3234|0|2086|1556.25|||3|3|1|1|1|132|83|["132,210,2,2181","132,82,5","132,66,5"]|636148153652970000|14:02:45:297
62|1.1|636147910635481169|880441|50570.28125|10.11137104459|99.43964974602|-143624|-395203||50570.28125|241.5||24193.75|239.75|50570.28125|880441|AIQ3234|0|2086|1493.75|||3|3|1|1|1|132|83|["132,210,2,2181","132,82,5","132,66,5"]|636148153702810000|14:02:50:281
62|1.1|636147910685416162|880441|50575.28125|10.1209787029|99.44256262065|-143299|-394140||50575.28125|242.5||24343.75|240.75|50575.28125|880441|AIQ3234|0|2086|1456.25|||3|3|1|1|1|132|82|["132,210,2,2181","132,82,5","132,66,5"]|636148153752810000|14:02:55:281
62|1.1|636147910735331153|880441|50580.2578125|10.13026449661|99.44538430031|-142985|-393114||50580.2578125|243.5||24475|241.75|50580.2578125|880441|AIQ3234|0|2086|1400|||3|3|1|1|1|132|82|["132,210,2,2181","132,82,5","132,66,5"]|636148153802580000|14:03:00:258
62|1.1|636147910785256145|880441|50585.2578125|10.13938935802|99.44835618345|-142654|-392105||50585.2578125|245.25||24562.5|243|50585.2578125|880441|AIQ3234|0|2086|1375|||3|3|1|1|1|132|83|["132,210,2,2181","132,82,5","132,66,5"]|636148153852580000|14:03:05:258
62|1.1|636147910835181137|880441|50590.2578125|10.14826745657|99.45108130373|-142351|-391123||50590.2578125|246.25||24656.25|244|50590.2578125|880441|AIQ3234|0|2086|1318.75|||3|3|1|1|1|132|83|["132,210,2,2181","132,82,5","132,66,5"]|636148153902580000|14:03:10:258
62|1.1|636147910885096128|880441|50595.2421875|10.15780001314|99.454015636|-142023|-390069||50595.2421875|247.25||24781.25|245|50595.2421875|880441|AIQ3234|0|2086|1300|||3|3|1|1|1|132|83|["132,210,2,2181","132,82,5","132,66,5","132,50,4"]|636148153952420000|14:03:15:242
62|1.1|636147910935031121|880441|50600.2421875|10.16719845946|99.45684804448|-141708|-389030||50600.2421875|248.25||24906.25|246.5|50600.2421875|880441|AIQ3234|0|2086|1337.5|||3|3|1|1|1|132|82|["132,210,2,2181","132,82,5","132,66,5","132,50,4"]|636148154002420000|14:03:20:242
62|1.1|636147910984936111|880441|50605.21875|10.17680075336|99.45957852917|-141404|-387968||50605.21875|249.75||25050|247.75|50605.21875|880441|AIQ3234|0|2086|1475|||3|3|1|1|1|132|82|["132,210,2,2181","132,82,5","132,66,5","132,50,5"]|636148154052190000|14:03:25:219
62|1.1|636147911034861103|880441|50610.21875|10.18504048712|99.46236265796|-141094|-387057||50610.21875|252.25||25237.5|250|50610.21875|880441|AIQ3234|0|2086|2025|||3|3|1|1|1|132|50|["132,210,2,2181","132,82,5","132,66,5","132,50,5"]|636148154102190000|14:03:30:219
62|1.1|636147911084796096|880441|50615.21875|10.19459986574|99.46532917669|-140764|-386000||50615.21875|253.75||25406.25|251.75|50615.21875|880441|AIQ3234|0|2086|2087.5|||3|3|1|1|1|132|50|["132,210,2,2181","132,82,5","132,66,5","132,50,5"]|636148154152190000|14:03:35:219
62|1.1|636147911134711087|880441|50620.1953125|10.20398221883|99.46812939871|-140452|-384963||50620.1953125|254.5||25568.75|253.5|50620.1953125|880441|AIQ3234|0|2086|1950|||3|3|1|1|1|132|82|["132,210,2,2181","132,82,5","132,66,5","132,50,5"]|636148154201950000|14:03:40:195
62|1.1|636147911184626078|880441|50625.1953125|10.21348795335|99.4709135275|-140141|-383912||50625.1953125|255.75||25737.5|254.5|50625.1953125|880441|AIQ3234|0|2086|1731.25|||3|3|1|1|1|132|82|["132,210,2,2181","132,82,5","132,66,5","132,50,5"]|636148154251950000|14:03:45:195
62|1.1|636147911234551070|880441|50630.1796875|10.22223194165|99.47400342766|-139798|-382945||50630.1796875|257.25||25750|255|50630.1796875|880441|AIQ3234|0|2086|1456.25|||3|3|1|1|1|132|5|["132,210,2,2181","132,82,5","132,66,5","132,50,5"]|636148154301800000|14:03:50:180
62|1.1|636147911284486063|880441|50635.1796875|10.23161965915|99.47682510732|-139484|-381907||50635.1796875|257.5||25875|255.75|50635.1796875|880441|AIQ3234|0|2086|1262.5|||3|3|1|1|1|132|82|["132,210,2,2181","132,82,5","132,66,5","132,50,5"]|636148154351800000|14:03:55:180
62|1.1|636147911334401054|880441|50640.1796875|10.24128096156|99.4798720922|-139145|-380839||50640.1796875|259||25950|256.75|50640.1796875|880441|AIQ3234|0|2086|1125|||3|3|1|1|1|132|83|["132,210,2,2181","132,82,5","132,66,5","132,50,5"]|636148154401800000|14:04:00:180
62|1.1|636147911384316045|880441|50645.15625|10.25065795024|99.48274741596|-138825|-379802||50645.15625|259.5||26056.25|257.5|50645.15625|880441|AIQ3234|0|2086|1125|||3|3|1|1|1|132|82|["132,210,2,2181","132,82,5","132,66,5","132,50,5"]|636148154451560000|14:04:05:156
62|1.1|636147911434241037|880441|50650.15625|10.26017977799|99.4855583668|-138511|-378749||50650.15625|260.75||26175|258.5|50650.15625|880441|AIQ3234|0|2086|1181.25|||3|3|1|1|1|132|82|["132,210,2,2181","132,82,5","132,66,5","132,50,5"]|636148154501560000|14:04:10:156
62|1.1|636147911484166029|880441|50655.140625|10.26979816512|99.48831030913|-138205|-377686||50655.140625|261.5||26293.75|259.5|50655.140625|880441|AIQ3234|0|2086|1181.25|||3|3|1|1|1|132|82|["132,210,2,2181","132,82,5","132,66,5"]|636148154551410000|14:04:15:141
62|1.1|636147911534081020|880441|50660.140625|10.27959894219|99.49083158183|-137923|-376602||50660.140625|262.5||26400|260.5|50660.140625|880441|AIQ3234|0|2086|1162.5|||3|3|1|1|1|132|82|["132,210,2,2181","132,82,5","132,66,5"]|636148154601410000|14:04:20:141
62|1.1|636147911584006012|880441|50665.140625|10.28935680398|99.49335285453|-137642|-375523||50665.140625|263.5||26475|261.5|50665.140625|880441|AIQ3234|0|2086|1162.5|||3|3|1|1|1|132|82|["132,210,2,2181","132,82,5","132,66,5"]|636148154651410000|14:04:25:141
62|1.1|636147911633921003|880441|50670.1171875|10.29942580155|99.49472077908|-137487|-374409||50670.1171875|264.75||26543.75|262.5|50670.1171875|880441|AIQ3234|0|2086|1200|||3|3|1|1|1|132|82|["132,210,2,2181","132,82,5","132,66,5","132,50,4"]|636148154701170000|14:04:30:117
62|1.1|636147911683845995|880441|50675.1171875|10.30900663781|99.49742444172|-137186|-373349||50675.1171875|265.75||26625|263.75|50675.1171875|880441|AIQ3234|0|2086|1237.5|||3|3|1|1|1|132|82|["132,210,2,2181","132,82,5","132,66,5","132,50,4"]|636148154751170000|14:04:35:117
62|1.1|636147911733760986|880441|50680.1015625|10.3183353468|99.50025148579|-136871|-372317||50680.1015625|266.75||26693.75|264.75|50680.1015625|880441|AIQ3234|0|2086|1262.5|||3|3|1|1|1|132|82|["132,210,2,2181","132,82,5","132,66,5","132,50,5"]|636148154801020000|14:04:40:102
62|1.1|636147911783685978|880441|50685.1015625|10.3277230643|99.50311608073|-136553|-371280||50685.1015625|268||26787.5|266|50685.1015625|880441|AIQ3234|0|2086|1281.25|||3|3|1|1|1|132|82|["132,210,2,2181","132,82,5","132,66,5","132,50,5"]|636148154851020000|14:04:45:102
62|1.1|636147911833620971|880441|50690.1015625|10.33710541739|99.5059431248|-136238|-370242||50690.1015625|268.75||26881.25|267|50690.1015625|880441|AIQ3234|0|2086|1262.5|||3|3|1|1|1|132|82|["132,210,2,2181","132,82,5","132,66,5","132,50,5"]|636148154901020000|14:04:50:102
62|1.1|636147911883525961|880441|50695.078125|10.34634829582|99.50849658396|-135953|-369220||50695.078125|269.75||26962.5|267.5|50695.078125|880441|AIQ3234|0|2086|1100|||3|3|1|1|1|132|50|["132,210,2,2181","132,82,5","132,66,5","132,50,5"]|636148154950780000|14:04:55:078
62|1.1|636147911933460954|880441|50700.078125|10.35586475916|99.51111978045|-135661|-368168||50700.078125|270.75||27062.5|268.5|50700.078125|880441|AIQ3234|0|2086|1081.25|||3|3|1|1|1|132|50|["132,210,2,2181","132,82,5","132,66,5","132,50,5"]|636148155000780000|14:05:00:078
62|1.1|636147911983375945|880441|50705.0625|10.36534903604|99.51382344309|-135360|-367119||50705.0625|271.5||27156.25|269.5|50705.0625|880441|AIQ3234|0|2086|1025|||3|3|1|1|1|132|50|["132,210,2,2181","132,82,5","132,66,5","132,50,5"]|636148155050630000|14:05:05:063
62|1.1|636147912033290936|880441|50710.0625|10.37482794851|99.51716547052|-134989|-366071||50710.0625|272.5||27268.75|270.5|50710.0625|880441|AIQ3234|0|2086|1062.5|||3|3|1|1|1|132|50|["132,210,2,2181","132,82,5","132,66,5","132,50,5"]|636148155100630000|14:05:10:063
62|1.1|636147912083215928|880441|50715.0625|10.3843712339|99.52031437919|-134639|-365016||50715.0625|274||27393.75|271.5|50715.0625|880441|AIQ3234|0|2086|1125|||3|3|1|1|1|132|83|["132,210,2,2181","132,82,5","132,66,5","132,50,5"]|636148155150630000|14:05:15:063
62|1.1|636147912133140920|880441|50720.0390625|10.39403790072|99.52335599966|-134300|-363948||50720.0390625|275||27518.75|272.75|50720.0390625|880441|AIQ3234|0|2086|1237.5|||3|3|1|1|1|132|82|["132,210,2,2181","132,82,5","132,66,5","132,50,5"]|636148155200390000|14:05:20:039
62|1.1|636147912183065912|880441|50725.0390625|10.40372066077|99.52619377255|-133985|-362877||50725.0390625|276.25||27668.75|274.5|50725.0390625|880441|AIQ3234|0|2086|1356.25|||3|3|1|1|1|132|50|["132,210,2,2181","132,82,5","132,66,5","132,50,5"]|636148155250390000|14:05:25:039
62|1.1|636147912232980903|880441|50730.015625|10.41214814888|99.5316386487|-133384|-361946||50730.015625|277.75||27831.25|275.5|50730.015625|880441|AIQ3234|0|2086|1337.5|||3|3|1|1|1|132|5|["132,210,2,2181","132,82,5","132,66,5","132,50,5"]|636148155300160000|14:05:30:016
62|1.1|636147912282905895|880441|50735.015625|10.42088677277|99.53562440533|-132943|-360981||50735.015625|279.25||27956.25|277|50735.015625|880441|AIQ3234|0|2086|1418.75|||3|3|1|1|1|132|83|["132,210,2,2181","132,82,5","132,66,5","132,50,5"]|636148155350160000|14:05:35:016
62|1.1|636147912332830887|880441|50740.015625|10.43056416841|99.53867139021|-132604|-359911||50740.015625|280.25||28081.25|278.5|50740.015625|880441|AIQ3234|0|2086|1418.75|||3|3|1|1|1|132|83|["132,210,2,2181","132,82,5","132,66,5","132,50,5"]|636148155400160000|14:05:40:016
62|1.1|636147912382745878|880441|50745|10.43897019888|99.54179884124|-132257|-358982||50745|281.25||28156.25|279.5|50745|880441|AIQ3234|0|2086|1237.5|||3|3|1|1|1|132|5|["132,210,2,2181","132,82,5","132,66,5","132,50,5"]|636148155450000000|14:05:45:000
62|1.1|636147912432670870|880441|50750|10.44873878949|99.54481363966|-131922|-357902||50750|282.25||28262.5|280.5|50750|880441|AIQ3234|0|2086|1006.25|||3|3|1|1|1|132|82|["132,210,2,2181","132,82,5","132,66,5","132,50,5"]|636148155500000000|14:05:50:000
62|1.1|636147912482595862|880441|50754.9765625|10.45843227836|99.54797864156|-131570|-356830||50754.9765625|283||28381.25|280.75|50754.9765625|880441|AIQ3234|0|2086|887.5|||3|3|1|1|1|132|82|["132,210,2,2181","132,82,5","132,66,5","132,50,5"]|636148155549770000|14:05:54:977
62|1.1|636147912532520854|880441|50759.9765625|10.46743375834|99.55081105004|-131256|-355835||50759.9765625|284.5||28456.25|282|50759.9765625|880441|AIQ3234|0|2086|1043.75|||3|3|1|1|1|132|83|["132,210,2,2181","132,82,5","132,66,5","132,50,5"]|636148155599770000|14:05:59:977
62|1.1|636147912582435845|880441|50764.9765625|10.47743838299|99.55391704343|-130911|-354729||50764.9765625|285.25||28556.25|283|50764.9765625|880441|AIQ3234|0|2086|1081.25|||3|3|1|1|1|132|5|["132,210,2,2181","132,82,5","132,66,5","132,50,5"]|636148155649770000|14:06:04:977
62|1.1|636147912632360837|880441|50769.9609375|10.48642913415|99.55691574862|-130578|-353735||50769.9609375|286||28637.5|283.75|50769.9609375|880441|AIQ3234|0|2086|1100|||3|3|1|1|1|132|5|["132,210,2,2181","132,82,5","132,66,5","132,50,5"]|636148155699610000|14:06:09:961
62|1.1|636147912682285829|880441|50774.9609375|10.4963264706|99.55987690294|-130248|-352641||50774.9609375|287||28743.75|284.75|50774.9609375|880441|AIQ3234|0|2086|1062.5|||3|3|1|1|1|132|50|["132,210,2,2181","132,82,5","132,66,5","132,50,5"]|636148155749610000|14:06:14:961
62|1.1|636147912732200820|880441|50779.9375|10.50636328171|99.56281659962|-129922|-351531||50779.9375|287.5||28856.25|285|50779.9375|880441|AIQ3234|0|2086|981.25|||3|3|1|1|1|132|50|["132,210,2,2181","132,82,5","132,66,5","132,50,5"]|636148155799380000|14:06:19:938
62|1.1|636147912782115811|880441|50784.9375|10.51585828741|99.56569192338|-129602|-350481||50784.9375|288.5||28893.75|286.5|50784.9375|880441|AIQ3234|0|2086|981.25|||3|3|1|1|1|132|50|["132,210,2,2181","132,82,5","132,66,5","132,50,5"]|636148155849380000|14:06:24:938
62|1.1|636147912832040803|880441|50789.9375|10.52544985249|99.56869062857|-129269|-349421||50789.9375|289.25||28975|287.5|50789.9375|880441|AIQ3234|0|2086|943.75|||3|3|1|1|1|132|50|["132,210,2,2181","132,82,5","132,66,5","132,50,5"]|636148155899380000|14:06:29:938
62|1.1|636147912881965795|880441|50794.921875|10.53477319707|99.57169469817|-128935|-348390||50794.921875|290.25||29056.25|288|50794.921875|880441|AIQ3234|0|2086|943.75|||3|3|1|1|1|132|50|["132,210,2,2181","132,82,5","132,66,5","132,50,5"]|636148155949220000|14:06:34:922
62|1.1|636147912931880786|880441|50799.921875|10.54459006737|99.57469340336|-128602|-347305||50799.921875|291||29150|288.75|50799.921875|880441|AIQ3234|0|2086|962.5|||3|3|1|1|1|132|50|["132,210,2,2181","132,82,5","132,66,5","132,50,5"]|636148155999220000|14:06:39:922
62|1.1|636147912981815779|880441|50804.8984375|10.55487364134|99.5776652865|-128272|-346168||50804.8984375|292||29268.75|289.75|50804.8984375|880441|AIQ3234|0|2086|1006.25|||3|3|1|1|1|132|18|["132,18,5,3822","132,210,2,2181","132,82,5","132,66,5","132,50,5"]|636148156048980000|14:06:44:898
62|1.1|636147913031730770|880441|50809.8984375|10.56395558747|99.58076591548|-127928|-345164||50809.8984375|293.5||29350|291|50809.8984375|880441|AIQ3234|0|2086|1143.75|||3|3|1|1|1|132|83|["132,18,5,3822","132,210,2,2181","132,82,5","132,66,5","132,50,5"]|636148156098980000|14:06:49:898
62|1.1|636147913081655762|880441|50814.8984375|10.5740031274|99.58374852744|-127596|-344053||50814.8984375|294.25||29456.25|292|50814.8984375|880441|AIQ3234|0|2086|1162.5|||3|3|1|1|1|132|83|["132,18,5,3822","132,210,2,2181","132,82,5","132,66,5","132,50,5"]|636148156148980000|14:06:54:898
62|1.1|636147913131570753|880441|50819.875|10.58422769286|99.58669358853|-127269|-342922||50819.875|295.25||29581.25|293|50819.875|880441|AIQ3234|0|2086|1181.25|||3|3|1|1|1|132|83|["132,18,5,3822","132,210,2,2181","132,82,5","132,66,5","132,50,5"]|636148156198750000|14:06:59:875
62|1.1|636147913181495745|880441|50824.875|10.59477412292|99.5894669885|-126960|-341756||50824.875|296||29712.5|294|50824.875|880441|AIQ3234|0|2086|1181.25|||3|3|1|1|1|132|82|["132,18,5,3822","132,210,2,2181","132,82,5","132,66,5","132,50,5"]|636148156248750000|14:07:04:875
62|1.1|636147913231420737|880441|50829.859375|10.60557268025|99.59192388828|-126686|-340562||50829.859375|297||29837.5|295|50829.859375|880441|AIQ3234|0|2086|1200|||3|3|1|1|1|132|82|["132,18,5,3822","132,210,2,2181","132,82,5","132,66,5","132,50,5"]|636148156298590000|14:07:09:859
62|1.1|636147913281335728|880441|50834.859375|10.61535736409|99.5957969923|-126257|-339481||50834.859375|297.75||29862.5|295.5|50834.859375|880441|AIQ3234|0|2086|1181.25|||3|3|1|1|1|132|82|["132,18,5,3822","132,210,2,2181","132,82,5","132,66,5","132,50,5"]|636148156348590000|14:07:14:859
62|1.1|636147913331260720|880441|50839.859375|10.62508303942|99.59915511296|-125885|-338406||50839.859375|298.25||29875|296.5|50839.859375|880441|AIQ3234|0|2086|943.75|||3|3|1|1|1|132|83|["132,18,5,3822","132,210,2,2181","132,82,5","132,66,5","132,50,5"]|636148156398590000|14:07:19:859
62|1.1|636147913381185712|880441|50844.8359375|10.63520568109|99.6020197079|-125566|-337287||50844.8359375|298.5||29950|296.5|50844.8359375|880441|AIQ3234|0|2086|550|||3|3|1|1|1|132|83|["132,210,2,2181","132,82,5","132,66,5","132,50,5"]|636148156448360000|14:07:24:836
62|1.1|636147913431100703|880441|50849.8359375|10.64488844114|99.60538855738|-125193|-336216||50849.8359375|298.75||29950|296.75|50849.8359375|880441|AIQ3234|0|2086|512.5|||3|3|1|1|1|132|82|["132,210,2,2181","132,82,5","132,66,5","132,50,5"]|636148156498360000|14:07:29:836
62|1.1|636147913481035696|880441|50854.8203125|10.65384164143|99.608510644|-124847|-335226||50854.8203125|299.25||29956.25|297|50854.8203125|880441|AIQ3234|0|2086|450|||3|3|1|1|1|132|82|["132,210,2,2181","132,82,5","132,66,5","132,50,5"]|636148156548200000|14:07:34:820
62|1.1|636147913530960688|880441|50859.8203125|10.66322935893|99.61163273062|-124501|-334189||50859.8203125|299.5||29956.25|297|50859.8203125|880441|AIQ3234|0|2086|393.75|||3|3|1|1|1|132|82|["132,210,2,2181","132,82,5","132,66,5","132,50,5"]|636148156598200000|14:07:39:820
62|1.1|636147913580865678|880441|50864.8203125|10.67344319557|99.61488356308|-124140|-333059||50864.8203125|299.5||29987.5|297|50864.8203125|880441|AIQ3234|0|2086|312.5|||3|3|1|1|1|132|50|["132,210,2,2181","132,82,5","132,66,5","132,50,5"]|636148156648200000|14:07:44:820
62|1.1|636147913630790670|880441|50869.796875|10.68321715059|99.61803247175|-123791|-331979||50869.796875|299.75||29981.25|297.25|50869.796875|880441|AIQ3234|0|2086|312.5|||3|3|1|1|1|132|83|["132,210,2,2181","132,82,5","132,66,5","132,50,5"]|636148156697970000|14:07:49:797
62|1.1|636147913680715662|880441|50874.796875|10.69302865648|99.62118138042|-123442|-330894||50874.796875|300||30000|297.5|50874.796875|880441|AIQ3234|0|2086|312.5|||3|3|1|1|1|132|50|["132,210,2,2181","132,82,5","132,66,5","132,50,5"]|636148156747970000|14:07:54:797
62|1.1|636147913730640654|880441|50879.78125|10.70295817939|99.62431419586|-123094|-329796||50879.78125|300||30012.5|297.5|50879.78125|880441|AIQ3234|0|2086|312.5|||3|3|1|1|1|132|50|["132,210,2,2181","132,82,5","132,66,5","132,50,5"]|636148156797810000|14:07:59:781
62|1.1|636147913780555645|880441|50884.78125|10.71370309262|99.62764013006|-122725|-328608||50884.78125|300.25||30043.75|297.75|50884.78125|880441|AIQ3234|0|2086|0|||3|3|0|1|1|132|18|["132,18,5,3828","132,210,2,2181","132,82,5","132,66,5","132,50,5"]|636148156847810000|14:08:04:781
62|1.1|636147913830490638|880441|50889.78125|10.72462503138|99.63099288631|-122353|-327401||50889.78125|300.75||30075|298.5|50889.78125|880441|AIQ3234|0|2086|0|||3|3|0|1|1|132|18|["132,18,5,3828","132,210,2,2181","132,82,5","132,66,5","132,50,5"]|636148156897810000|14:08:09:781
62|1.1|636147913880395628|880441|50894.7578125|10.73543431753|99.63432954933|-121983|-326206||50894.7578125|301||30112.5|298.5|50894.7578125|880441|AIQ3234|0|2086|0|||3|3|0|1|1|132|18|["132,18,5,3828","132,210,2,2181","132,82,5","132,66,5","132,50,5"]|636148156947580000|14:08:14:758
62|1.1|636147913930330621|880441|50899.7578125|10.74615240871|99.63766084794|-121613|-325021||50899.7578125|301.25||30137.5|298.75|50899.7578125|880441|AIQ3234|0|2086|0|||3|3|0|1|1|132|18|["132,18,5,3828","132,210,2,2181","132,82,5","132,66,5","132,50,5"]|636148156997580000|14:08:19:758
62|1.1|636147913980255613|880441|50904.7421875|10.75582980435|99.64078293456|-121267|-323951||50904.7421875|301.5||30143.75|299|50904.7421875|880441|AIQ3234|0|2086|0|||3|3|0|1|1|132|82|["132,18,5,3828","132,210,2,2181","132,82,5","132,66,5","132,50,5"]|636148157047420000|14:08:24:742
62|1.1|636147914030160603|880441|50909.7421875|10.76579151372|99.64400694497|-120910|-322850||50909.7421875|302||30175|299.5|50909.7421875|880441|AIQ3234|0|2086|0|||3|3|0|1|1|132|83|["132,18,5,3828","132,210,2,2181","132,82,5","132,66,5","132,50,5"]|636148157097420000|14:08:29:742
62|1.1|636147914080085595|880441|50914.7421875|10.77627357086|99.64716121805|-120560|-321691||50914.7421875|302.25||30225|299.75|50914.7421875|880441|AIQ3234|0|2086|0|||3|3|0|1|1|132|18|["132,18,5,3828","132,210,2,2181","132,82,5","132,66,5","132,50,5"]|636148157147420000|14:08:34:742
62|1.1|636147914130010587|880441|50919.71875|10.78644985663|99.65037986405|-120203|-320566||50919.71875|303||30293.75|300.5|50919.71875|880441|AIQ3234|0|2086|512.5|||3|3|1|1|1|132|18|["132,18,5,3828","132,210,2,2181","132,82,5","132,66,5","132,50,5"]|636148157197190000|14:08:39:719
62|1.1|636147914179945580|880441|50924.71875|10.79764001589|99.65380235763|-119823|-319329||50924.71875|304||30387.5|301.75|50924.71875|880441|AIQ3234|0|2086|1081.25|||3|3|1|1|1|132|18|["132,18,5,3828","132,210,2,2181","132,82,5","132,66,5","132,50,5"]|636148157247190000|14:08:44:719
62|1.1|636147914229860571|880441|50929.6953125|10.80755880998|99.65703709686|-119465|-318233||50929.6953125|305||30493.75|302.75|50929.6953125|880441|AIQ3234|0|2086|1281.25|||3|3|1|1|1|132|18|["132,18,5,3828","132,210,2,2181","132,82,5","132,66,5","132,50,5"]|636148157296950000|14:08:49:695
62|1.1|636147914279775562|880441|50934.6953125|10.81797112979|99.66030402255|-119103|-317081||50934.6953125|306.25||30606.25|303.75|50934.6953125|880441|AIQ3234|0|2086|1281.25|||3|3|1|1|1|132|5|["132,18,5,3828","132,210,2,2181","132,82,5","132,66,5","132,50,5"]|636148157346950000|14:08:54:695
62|1.1|636147914329690553|880441|50939.6953125|10.82856583954|99.66355485501|-118742|-315910||50939.6953125|307||30706.25|304.75|50939.6953125|880441|AIQ3234|0|2086|1218.75|||3|3|1|1|1|132|18|["132,18,5,3828","132,210,2,2181","132,82,5","132,66,5"]|636148157396950000|14:08:59:695
62|1.1|636147914379615545|880441|50944.6796875|10.84001885489|99.66708463679|-118351|-314644||50944.6796875|308.25||30843.75|305.75|50944.6796875|880441|AIQ3234|0|2086|1181.25|||3|3|1|1|1|132|5|["132,18,5,3828","132,210,2,2181","132,82,5","132,66,5"]|636148157446800000|14:09:04:680
62|1.1|636147914429540537|880441|50949.6796875|10.8495728691|99.67032474043|-117992|-313587||50949.6796875|308.75||30912.5|306.5|50949.6796875|880441|AIQ3234|0|2086|1100|||3|3|1|1|1|132|18|["132,18,5,3828","132,210,2,2181","132,82,5","132,66,5"]|636148157496800000|14:09:09:680
62|1.1|636147914479465529|880441|50954.65625|10.85968478195|99.67355411525|-117634|-312470||50954.65625|309.5||30987.5|307.5|50954.65625|880441|AIQ3234|0|2086|1006.25|||3|3|1|1|1|132|18|["132,18,5,3828","132,210,2,2181","132,82,5","132,66,5"]|636148157546560000|14:09:14:656
62|1.1|636147914529390521|880441|50959.65625|10.87128800078|99.67707316821|-117244|-311187||50959.65625|310.25||31087.5|308|50959.65625|880441|AIQ3234|0|2086|981.25|||3|3|1|1|1|132|18|["132,18,5,3828","132,210,2,2181","132,82,5","132,66,5"]|636148157596560000|14:09:19:656
62|1.1|636147914579305512|880441|50964.65625|10.88153938829|99.68040446682|-116875|-310054||50964.65625|311||31150|309|50964.65625|880441|AIQ3234|0|2086|962.5|||3|3|1|1|1|132|18|["132,18,5,3828","132,210,2,2181","132,82,5","132,66,5"]|636148157646560000|14:09:24:656
62|1.1|636147914629220503|880441|50969.640625|10.89144208915|99.68353728226|-116528|-308959||50969.640625|312||31206.25|309.75|50969.640625|880441|AIQ3234|0|2086|887.5|||3|3|1|1|1|132|18|["132,18,5,3828","132,210,2,2181","132,82,5","132,66,5"]|636148157696410000|14:09:29:641
62|1.1|636147914679145495|880441|50974.640625|10.90192414629|99.68683103|-116163|-307800||50974.640625|312.75||31281.25|310.5|50974.640625|880441|AIQ3234|0|2086|887.5|||3|3|1|1|1|132|18|["132,18,5,3828","132,210,2,2181","132,82,5","132,66,5"]|636148157746410000|14:09:34:641
62|1.1|636147914729070487|880441|50979.6171875|10.91255640691|99.69010868451|-115800|-306625||50979.6171875|313.75||31368.75|311.5|50979.6171875|880441|AIQ3234|0|2086|962.5|||3|3|1|1|1|132|18|["132,18,5,3828","132,210,2,2181","132,82,5","132,66,5"]|636148157796170000|14:09:39:617
62|1.1|636147914778995479|880441|50984.6171875|10.92260931125|99.6933219661|-115444|-305513||50984.6171875|314.75||31468.75|312.5|50984.6171875|880441|AIQ3234|0|2086|1043.75|||3|3|1|1|1|132|18|["132,18,5,3828","132,210,2,2181","132,82,5","132,66,5"]|636148157846170000|14:09:44:617
62|1.1|636147914828910470|880441|50989.6171875|10.9329358005|99.69657279856|-115084|-304372||50989.6171875|315.75||31593.75|313.5|50989.6171875|880441|AIQ3234|0|2086|1162.5|||3|3|1|1|1|132|18|["132,18,5,3828","132,210,2,2181","132,82,5","132,66,5"]|636148157896170000|14:09:49:617
62|1.1|636147914878835462|880441|50994.6015625|10.94435662939|99.70002211419|-114702|-303109||50994.6015625|317||31725|314.75|50994.6015625|880441|AIQ3234|0|2086|1337.5|||3|3|1|1|1|132|18|["132,18,5,3828","132,210,2,2181","132,82,5","132,66,5"]|636148157946020000|14:09:54:602
62|1.1|636147914928750453|880441|50999.6015625|10.95499425442|99.70341778572|-114326|-301933||50999.6015625|318.25||31868.75|316.5|50999.6015625|880441|AIQ3234|0|2086|1537.5|||3|3|1|1|1|132|18|["132,18,5,3828","132,210,2,2181","132,82,5","132,66,5"]|636148157996020000|14:09:59:602
62|1.1|636147914978675445|880441|51004.578125|10.9650686164|99.70667398259|-113965|-300820||51004.578125|319.75||31987.5|317.5|51004.578125|880441|AIQ3234|0|2086|1593.75|||3|3|1|1|1|132|18|["132,18,5,3828","132,210,2,2181","132,82,5","132,66,5"]|636148158045780000|14:10:04:578
62|1.1|636147915028620439|880441|51009.578125|10.9752073513|99.70986044213|-113612|-299698||51009.578125|321||32112.5|318.75|51009.578125|880441|AIQ3234|0|2086|1556.25|||3|3|1|1|1|132|18|["132,18,5,3828","132,210,2,2181","132,82,5","132,66,5"]|636148158095780000|14:10:09:578
62|1.1|636147915078525429|880441|51014.578125|10.9865262564|99.71326684248|-113235|-298447||51014.578125|322.25||32275|320|51014.578125|880441|AIQ3234|0|2086|1575|||3|3|1|1|1|132|18|["132,18,5,3828","132,210,2,2181","132,82,5","132,66,5"]|636148158145780000|14:10:14:578
62|1.1|636147915128440420|880441|51019.5625|10.99731408491|99.71657668345|-112868|-297255||51019.5625|323.5||32418.75|321.5|51019.5625|880441|AIQ3234|0|2086|1556.25|||3|3|1|1|1|132|18|["132,18,5,3828","132,210,2,2181","132,82,5","132,66,5"]|636148158195630000|14:10:19:563
62|1.1|636147915178365412|880441|51024.5625|11.00694856527|99.71978996504|-112513|-296189||51024.5625|325||32543.75|322.75|51024.5625|880441|AIQ3234|0|2086|1593.75|||3|3|1|1|1|132|18|["132,18,5,3828","132,210,2,2181","132,82,5","132,66,5"]|636148158245630000|14:10:24:563
62|1.1|636147915228300405|880441|51029.5390625|11.01669569824|99.72292278048|-112166|-295112||51029.5390625|326.25||32650|324|51029.5390625|880441|AIQ3234|0|2086|1556.25|||3|3|1|1|1|132|18|["132,18,5,3828","132,210,2,2181","132,82,5","132,66,5"]|636148158295390000|14:10:29:539
62|1.1|636147915278205395|880441|51034.5390625|11.02701682308|99.72616824853|-111807|-293971||51034.5390625|327.5||32768.75|325.5|51034.5390625|880441|AIQ3234|0|2086|1518.75|||3|3|1|1|1|132|18|["132,18,5,3828","132,210,2,2181","132,82,5","132,66,5"]|636148158345390000|14:10:34:539
62|1.1|636147915328130387|880441|51039.5390625|11.03715019357|99.72926887751|-111464|-292850||51039.5390625|328.5||32893.75|326.5|51039.5390625|880441|AIQ3234|0|2086|1518.75|||3|3|1|1|1|132|18|["132,18,5,3828","132,210,2,2181","132,82,5","132,66,5"]|636148158395390000|14:10:39:539
62|1.1|636147915378055379|880441|51044.515625|11.04829207314|99.73266991345|-111087|-291619||51044.515625|329.5||33018.75|327.5|51044.515625|880441|AIQ3234|0|2086|1356.25|||3|3|1|1|1|132|18|["132,18,5,3828","132,210,2,2181","132,82,5","132,66,5"]|636148158445160000|14:10:44:516
62|1.1|636147915427970370|880441|51049.515625|11.05828060456|99.73574372038|-110747|-290515||51049.515625|330.5||33081.25|328.5|51049.515625|880441|AIQ3234|0|2086|1281.25|||3|3|1|1|1|132|82|["132,18,5,3828","132,210,2,2181","132,82,5","132,66,5"]|636148158495160000|14:10:49:516
62|1.1|636147915477895362|880441|51054.5|11.06879484816|99.73898918843|-110388|-289352||51054.5|331||33187.5|329|51054.5|880441|AIQ3234|0|2086|1125|||3|3|1|1|1|132|18|["132,18,5,3828","132,210,2,2181","132,82,5","132,66,5"]|636148158545000000|14:10:54:500
62|1.1|636147915527820354|880441|51059.5|11.07973288015|99.74236340232|-110014|-288143||51059.5|331.5||33250|329|51059.5|880441|AIQ3234|0|2086|806.25|||3|3|1|1|1|132|18|["132,18,5,3828","132,210,2,2181","132,82,5","132,66,5"]|636148158595000000|14:10:59:500
62|1.1|636147915577735345|880441|51064.5|11.08953902163|99.74539429397|-109679|-287059||51064.5|332||33250|329.5|51064.5|880441|AIQ3234|0|2086|631.25|||3|3|1|1|1|132|82|["132,18,5,3828","132,210,2,2181","132,82,5","132,66,5"]|636148158645000000|14:11:04:500
