62|1.1|636147897412839037|880455|49248.015625|14.0048115429|100.65615845936|-10003|35294||49248.015625|18.75||1843.75|16.5|49248.015625|880455|AIQ3373|0|1729|-650|||3|3|2|1|1|132|18|["132,18,5,3633"]|636148140480160000|13:40:48:016
62|1.1|636147897462724025|880455|49253.015625|14.00251557542|100.65481735686|-10148|35040||49253.015625|18||1793.75|16|49253.015625|880455|AIQ3373|0|1729|-650|||3|3|2|1|1|132|18|["132,18,5,3633"]|636148140530160000|13:40:53:016
62|1.1|636147897512639016|880455|49258.015625|13.99977436191|100.65331532206|-10310|34737||49258.015625|17.5||1731.25|15.25|49258.015625|880455|AIQ3373|0|1729|-668.75|||3|3|2|1|1|132|18|["132,18,5,3633"]|636148140580160000|13:40:58:016
62|1.1|636147897562554007|880455|49263|13.99754813176|100.65211369422|-10440|34491||49263|17||1700|15|49263|880455|AIQ3373|0|1729|-631.25|||3|3|2|1|1|132|5|["132,18,5,3633"]|636148140630000000|13:41:03:000
62|1.1|636147897612478999|880455|49268|13.99477473179|100.65059020178|-10605|34184||49268|16.5||1637.5|14.25|49268|880455|AIQ3373|0|1729|-631.25|||3|3|2|1|1|132|18|["132,18,5,3633"]|636148140680000000|13:41:08:000
62|1.1|636147897662403991|880455|49272.9765625|13.99204961151|100.64905598052|-10771|33883||49272.9765625|16||1587.5|13.75|49272.9765625|880455|AIQ3373|0|1729|-650|||3|3|2|1|1|132|18|["132,18,5,3633"]|636148140729770000|13:41:12:977
62|1.1|636147897712318982|880455|49277.9765625|13.98960880496|100.64768269156|-10919|33612||49277.9765625|15.5||1537.5|13.25|49277.9765625|880455|AIQ3373|0|1729|-631.25|||3|3|2|1|1|132|18|["132,18,5,3633"]|636148140779770000|13:41:17:977
62|1.1|636147897762243974|880455|49282.9765625|13.98681931176|100.64616456353|-11083|33304||49282.9765625|15||1475|12.75|49282.9765625|880455|AIQ3373|0|1729|-650|||3|3|2|1|1|132|5|["132,18,5,3633"]|636148140829770000|13:41:22:977
62|1.1|636147897812178967|880455|49287.9609375|13.98411564912|100.64466252873|-11246|33005||49287.9609375|14.25||1412.5|12|49287.9609375|880455|AIQ3373|0|1729|-687.5|||3|3|2|1|1|132|18|["132,18,5,3633"]|636148140879610000|13:41:27:961
62|1.1|636147897862093958|880455|49292.9609375|13.98182504605|100.64336970592|-11385|32752||49292.9609375|13.75||1368.75|11.75|49292.9609375|880455|AIQ3373|0|1729|-631.25|||3|3|2|1|1|132|18|["132,18,5,3633"]|636148140929610000|13:41:32:961
62|1.1|636147897912008949|880455|49297.9375|13.97932523099|100.64199105255|-11535|32475||49297.9375|13.25||1318.75|11.25|49297.9375|880455|AIQ3373|0|1729|-631.25|||3|3|2|1|1|132|5|["132,18,5,3633"]|636148140979380000|13:41:37:938
62|1.1|636147897961943942|880455|49302.9375|13.97676640742|100.64053729744|-11692|32192||49302.9375|12.75||1256.25|10.5|49302.9375|880455|AIQ3373|0|1729|-631.25|||3|3|2|1|1|132|5|["132,18,5,3633"]|636148141029380000|13:41:42:938
62|1.1|636147898011858933|880455|49307.9375|13.97393936335|100.63899234736|-11859|31879||49307.9375|12.25||1200|10|49307.9375|880455|AIQ3373|0|1729|-668.75|||3|3|2|1|1|132|5|["132,18,5,3633"]|636148141079380000|13:41:47:938
62|1.1|636147898061773924|880455|49312.921875|13.9711766922|100.6374581261|-12025|31574||49312.921875|11.75||1131.25|9.25|49312.921875|880455|AIQ3373|0|1729|-706.25|||3|3|2|1|1|132|5|["132,18,5,3633"]|636148141129220000|13:41:52:922
62|1.1|636147898111698916|880455|49317.921875|13.96884853826|100.63606874391|-12175|31316||49317.921875|11||1093.75|8.75|49317.921875|880455|AIQ3373|0|1729|-668.75|||3|3|2|1|1|132|5|["132,18,5,3633"]|636148141179220000|13:41:57:922
62|1.1|636147898161623908|880455|49322.8984375|13.96608586711|100.63455061588|-12339|31010||49322.8984375|10.5||1031.25|8.25|49322.8984375|880455|AIQ3373|0|1729|-650|||3|3|2|1|1|132|5|["132,18,5,3633"]|636148141228980000|13:42:02:898
62|1.1|636147898211548900|880455|49327.8984375|13.96338756888|100.6330593099|-12501|30712||49327.8984375|10||981.25|7.75|49327.8984375|880455|AIQ3373|0|1729|-650|||3|3|2|1|1|132|5|["132,18,5,3633"]|636148141278980000|13:42:07:898
62|1.1|636147898261463891|880455|49332.8984375|13.96069463506|100.6315572751|-12663|30414||49332.8984375|9.75||943.75|7.25|49332.8984375|880455|AIQ3373|0|1729|-612.5|||3|3|2|1|1|132|5|["132,18,5,3633"]|636148141328980000|13:42:12:898
62|1.1|636147898311378882|880455|49337.875|13.95823773528|100.63014643527|-12815|30142||49337.875|9.25||900|7|49337.875|880455|AIQ3373|0|1729|-568.75|||3|3|2|1|1|132|5|["132,18,5,3633"]|636148141378750000|13:42:17:875
62|1.1|636147898361313875|880455|49342.875|13.95576474227|100.62876241749|-12965|29869||49342.875|8.75||850|6.5|49342.875|880455|AIQ3373|0|1729|-568.75|||3|3|2|1|1|132|5|["132,18,5,3633"]|636148141428750000|13:42:22:875
62|1.1|636147898411228866|880455|49347.875|13.95306644404|100.62726038269|-13128|29570||49347.875|8.25||793.75|6|49347.875|880455|AIQ3373|0|1729|-568.75|||3|3|2|1|1|132|5|["132,18,5,3633"]|636148141478750000|13:42:27:875
62|1.1|636147898461153858|880455|49352.859375|13.95052907811|100.6258173564|-13284|29290||49352.859375|7.25||725|5.25|49352.859375|880455|AIQ3373|0|1729|-650|||3|3|2|1|1|132|5|["132,18,5,3633"]|636148141528590000|13:42:32:859
62|1.1|636147898511078850|880455|49357.859375|13.94798634777|100.62439042334|-13438|29008||49357.859375|6.75||662.5|4.75|49357.859375|880455|AIQ3373|0|1729|-668.75|||3|3|2|1|1|132|5|["132,18,5,3633"]|636148141578590000|13:42:37:859
62|1.1|636147898560993841|880455|49362.8359375|13.94538997333|100.62294739705|-13594|28721||49362.8359375|6.25||625|4.25|49362.8359375|880455|AIQ3373|0|1729|-650|||3|3|2|1|1|132|5|["132,18,5,3633"]|636148141628360000|13:42:42:836
62|1.1|636147898610908832|880455|49367.8359375|13.9427453192|100.62146681989|-13754|28429||49367.8359375|5.75||575|3.75|49367.8359375|880455|AIQ3373|0|1729|-631.25|||3|3|2|1|1|132|5|["132,18,5,3633"]|636148141678360000|13:42:47:836
62|1.1|636147898660853826|880455|49372.8203125|13.94012212271|100.61999160714|-13914|28139||49372.8203125|5.25||512.5|3.25|49372.8203125|880455|AIQ3373|0|1729|-631.25|||3|3|2|1|1|132|5|["132,18,5,3633"]|636148141728200000|13:42:52:820
62|1.1|636147898710758816|880455|49377.8203125|13.93749356181|100.61850030116|-14075|27848||49377.8203125|4.75||475|2.5|49377.8203125|880455|AIQ3373|0|1729|-631.25|||3|3|2|1|1|132|5|["132,18,5,3633"]|636148141778200000|13:42:57:820
62|1.1|636147898760673807|880455|49382.8203125|13.93469333979|100.61693925785|-14244|27538||49382.8203125|4.25||393.75|2|49382.8203125|880455|AIQ3373|0|1729|-687.5|||3|3|2|1|1|132|5|["132,18,5,3633"]|636148141828200000|13:43:02:820
62|1.1|636147898810598799|880455|49387.796875|13.93205405007|100.6154640451|-14404|27247||49387.796875|4||350|1.25|49387.796875|880455|AIQ3373|0|1729|-687.5|||3|3|2|1|1|132|18|["132,18,5,3633"]|636148141877970000|13:43:07:797
62|1.1|636147898860523791|880455|49392.796875|13.92937184507|100.61395128148|-14567|26950||49392.796875|3||306.25|1|49392.796875|880455|AIQ3373|0|1729|-650|||3|3|2|1|1|132|5|["132,18,5,3633"]|636148141927970000|13:43:12:797
62|1.1|636147898910458784|880455|49397.78125|13.92634095342|100.61226149233|-14750|26614||49397.78125|2.25||218.75|0.25|49397.78125|880455|AIQ3373|0|1729|-668.75|||3|3|2|1|1|132|5|["132,18,5,3633"]|636148141977810000|13:43:17:781
62|1.1|636147898960363774|880455|49402.78125|13.92356755345|100.61071654225|-14917|26308||49402.78125|2.25||150|8191.75|49402.78125|880455|AIQ3373|0|1729|-668.75|||3|3|2|1|1|132|5|["132,18,5,3633"]|636148142027810000|13:43:22:781
62|1.1|636147899010288766|880455|49407.78125|13.92091753491|100.6092413295|-15077|26014||49407.78125|1.75||112.5|8191.25|49407.78125|880455|AIQ3373|0|1729|-668.75|||3|3|2|1|1|132|5|["132,18,5,3633"]|636148142077810000|13:43:27:781
62|1.1|636147899060213758|880455|49412.7578125|13.91818168581|100.60772320147|-15241|25712||49412.7578125|1.75||50|8190.75|49412.7578125|880455|AIQ3373|0|1729|-668.75|||3|3|2|1|1|132|5|["132,18,5,3633"]|636148142127580000|13:43:32:758
62|1.1|636147899110128749|880455|49417.7578125|13.91545120112|100.60619970903|-15406|25410||49417.7578125|1.75||0|8190|49417.7578125|880455|AIQ3373|0|1729|-668.75|||3|3|2|1|1|132|5|[]|636148142177580000|13:43:37:758
62|1.1|636147899160053741|880455|49422.7421875|13.91273144525|100.60468694541|-15570|25109||49422.7421875|1.75||0|8189.5|49422.7421875|880455|AIQ3373|0|1729|-668.75|||3|3|2|1|1|132|5|[]|636148142227420000|13:43:42:742
62|1.1|636147899172524988|X|49423.6796875||||||||||||X|X|X|1729|||||||1|1|0|0|[]|636148142236800000|13:43:43:680
