62|1.1|636147897456473400|880851|49252.3984375|10.17197814877|100.38036877685|-40405|-388804||49252.3984375|379.75||37968.75|378|49252.3984375|880851|AIQ3111|0|2283|0|||3|3|0|1|1|132|83|["132,18,5,3747","132,210,2,2131","132,82,5","132,50,5"]|636148140523980000|13:40:52:398
62|1.1|636147897506408393|880851|49257.375|10.18244411268|100.38015420045|-40427|-387646||49257.375|379.75||37968.75|378|49257.375|880851|AIQ3111|0|2283|0|||3|3|0|1|1|132|83|["132,18,5,3747","132,210,2,2131","132,82,5","132,50,5"]|636148140573750000|13:40:57:375
62|1.1|636147897556313383|880851|49262.375|10.19396686536|100.3799664461|-40446|-386370||49262.375|379.75||37981.25|378|49262.375|880851|AIQ3111|0|2283|0|||3|3|0|1|1|132|83|["132,18,5,3747","132,210,2,2131","132,82,5","132,50,5"]|636148140623750000|13:41:02:375
62|1.1|636147897606238375|880851|49267.375|10.20483516002|100.3797518697|-40468|-385167||49267.375|379.75||37993.75|378|49267.375|880851|AIQ3111|0|2283|0|||3|3|0|1|1|132|18|["132,18,5,3747","132,210,2,2131","132,82,5","132,50,5"]|636148140673750000|13:41:07:375
62|1.1|636147897656153366|880851|49272.359375|10.21501144579|100.37965531032|-40477|-384040||49272.359375|379.75||37981.25|378|49272.359375|880851|AIQ3111|0|2283|0|||3|3|0|1|1|132|50|["132,18,5,3747","132,210,2,2131","132,82,5","132,50,5"]|636148140723590000|13:41:12:359
62|1.1|636147897706078358|880851|49277.359375|10.22536475709|100.37946755597|-40496|-382894||49277.359375|379.75||37981.25|378|49277.359375|880851|AIQ3111|0|2283|0|||3|3|0|1|1|132|50|["132,18,5,3747","132,210,2,2131","132,82,5","132,50,5"]|636148140773590000|13:41:17:359
62|1.1|636147897756003350|880851|49282.3359375|10.23560541578|100.37916714901|-40528|-381760||49282.3359375|379.75||37968.75|378|49282.3359375|880851|AIQ3111|0|2283|0|||3|3|0|1|1|132|50|["132,18,5,3747","132,210,2,2131","132,82,5","132,50,5"]|636148140823360000|13:41:22:336
62|1.1|636147897805918341|880851|49287.3359375|10.24610893056|100.37897403025|-40547|-380597||49287.3359375|379.75||37975|378|49287.3359375|880851|AIQ3111|0|2283|0|||3|3|0|1|1|132|50|["132,18,5,3747","132,210,2,2131","132,82,5","132,50,5"]|636148140873360000|13:41:27:336
62|1.1|636147897855853334|880851|49292.3359375|10.25667681826|100.37879700472|-40565|-379427||49292.3359375|379.75||37975|378|49292.3359375|880851|AIQ3111|0|2283|0|||3|3|0|1|1|132|50|["132,18,5,3747","132,210,2,2131","132,82,5","132,50,5"]|636148140923360000|13:41:32:336
62|1.1|636147897905768325|880851|49297.3203125|10.26720179068|100.37861997919|-40583|-378262||49297.3203125|379.75||37981.25|378|49297.3203125|880851|AIQ3111|0|2283|0|||3|3|0|1|1|132|50|["132,18,5,3747","132,210,2,2131","132,82,5","132,50,5"]|636148140973200000|13:41:37:320
62|1.1|636147897955693317|880851|49302.3203125|10.27780722925|100.37844295366|-40601|-377088||49302.3203125|380||37993.75|378|49302.3203125|880851|AIQ3111|0|2283|0|||3|3|0|1|1|132|50|["132,18,5,3747","132,210,2,2131","132,82,5","132,50,5"]|636148141023200000|13:41:42:320
62|1.1|636147898005608308|880851|49307.296875|10.288401939|100.3782498349|-40620|-375915||49307.296875|380||38006.25|378.5|49307.296875|880851|AIQ3111|0|2283|0|||3|3|0|1|1|132|50|["132,18,5,3747","132,210,2,2131","132,82,5","132,50,5"]|636148141072970000|13:41:47:297
62|1.1|636147898055533300|880851|49312.296875|10.29995151373|100.37809963142|-40635|-374636||49312.296875|380||38025|378.5|49312.296875|880851|AIQ3111|0|2283|0|||3|3|0|1|1|132|50|["132,18,5,3747","132,210,2,2131","132,82,5","132,50,5"]|636148141122970000|13:41:52:297
62|1.1|636147898105448291|880851|49317.296875|10.3108788169|100.3779279703|-40652|-373426||49317.296875|380||38043.75|378.5|49317.296875|880851|AIQ3111|0|2283|0|||3|3|0|1|1|132|18|["132,18,5,3747","132,210,2,2131","132,82,5","132,50,5"]|636148141172970000|13:41:57:297
62|1.1|636147898155373283|880851|49322.28125|10.32159690808|100.37781531769|-40663|-372240||49322.28125|380||38068.75|378.5|49322.28125|880851|AIQ3111|0|2283|0|||3|3|0|1|1|132|18|["132,18,5,3747","132,210,2,2131","132,82,5","132,50,5"]|636148141222810000|13:42:02:281
62|1.1|636147898205298275|880851|49327.28125|10.33240619423|100.37757391924|-40688|-371043||49327.28125|380||38100|378.5|49327.28125|880851|AIQ3111|0|2283|0|||3|3|0|1|1|132|18|["132,18,5,3747","132,210,2,2131","132,82,5","132,50,5"]|636148141272810000|13:42:07:281
62|1.1|636147898255223267|880851|49332.2578125|10.3431725651|100.37756319042|-40688|-369851||49332.2578125|380||38118.75|378.5|49332.2578125|880851|AIQ3111|0|2283|0|||3|3|0|1|1|132|18|["132,18,5,3747","132,210,2,2131","132,82,5","132,50,5"]|636148141322580000|13:42:12:258
62|1.1|636147898305138258|880851|49337.2578125|10.35442173287|100.37732179197|-40712|-368606||49337.2578125|380||38062.5|378.5|49337.2578125|880851|AIQ3111|0|2283|0|||3|3|0|1|1|132|66|["132,18,5,3747","132,210,2,2131","132,82,5","132,66,4","132,50,5"]|636148141372580000|13:42:17:258
62|1.1|636147898355073251|880851|49342.2578125|10.36503790026|100.37715549526|-40729|-367431||49342.2578125|380.25||38043.75|378.75|49342.2578125|880851|AIQ3111|0|2283|0|||3|3|0|1|1|132|66|["132,18,5,3747","132,210,2,2131","132,82,5","132,66,5","132,50,5"]|636148141422580000|13:42:22:258
62|1.1|636147898404998243|880851|49347.2421875|10.37447389745|100.37699456296|-40745|-366386||49347.2421875|380.25||38025|378.75|49347.2421875|880851|AIQ3111|0|2283|0|||3|3|0|1|1|132|18|["132,18,5,3747","132,210,2,2131","132,82,5","132,66,5","132,50,5"]|636148141472420000|13:42:27:242
62|1.1|636147898454903233|880851|49352.2421875|10.38553531087|100.37673707128|-40772|-365162||49352.2421875|380.25||38018.75|378.75|49352.2421875|880851|AIQ3111|0|2283|0|||3|3|0|1|1|132|66|["132,18,5,3747","132,210,2,2131","132,82,5","132,66,5","132,50,5"]|636148141522420000|13:42:32:242
62|1.1|636147898504828225|880851|49357.21875|10.3961192918|100.37652785929|-40793|-363990||49357.21875|380.25||38018.75|378.75|49357.21875|880851|AIQ3111|0|2283|0|||3|3|0|1|1|132|50|["132,18,5,3747","132,210,2,2131","132,82,5","132,66,5","132,50,5"]|636148141572190000|13:42:37:219
62|1.1|636147898554753217|880851|49362.21875|10.40596834856|100.37639374904|-40806|-362899||49362.21875|380.25||38012.5|378.75|49362.21875|880851|AIQ3111|0|2283|0|||3|3|0|1|1|132|50|["132,18,5,3747","132,210,2,2131","132,82,5","132,66,5","132,50,5"]|636148141622190000|13:42:42:219
62|1.1|636147898604668208|880851|49367.21875|10.41676690589|100.37622745233|-40823|-361704||49367.21875|380.25||38018.75|378.75|49367.21875|880851|AIQ3111|0|2283|0|||3|3|0|1|1|132|50|["132,18,5,3747","132,210,2,2131","132,82,5","132,66,5","132,50,5"]|636148141672190000|13:42:47:219
62|1.1|636147898654593200|880851|49372.1953125|10.42746890384|100.37616844382|-40828|-360519||49372.1953125|380||38031.25|378.75|49372.1953125|880851|AIQ3111|0|2283|0|||3|3|0|1|1|132|50|["132,18,5,3747","132,210,2,2131","132,82,5","132,66,5","132,50,5"]|636148141721950000|13:42:52:195
62|1.1|636147898704518192|880851|49377.1953125|10.43816553738|100.37608797767|-40835|-359335||49377.1953125|380||38031.25|378.5|49377.1953125|880851|AIQ3111|0|2283|0|||3|3|0|1|1|132|50|["132,18,5,3747","132,210,2,2131","132,82,5","132,66,5","132,50,5"]|636148141771950000|13:42:57:195
62|1.1|636147898754453185|880851|49382.1796875|10.44893190825|100.37582512158|-40862|-358143||49382.1796875|380||38043.75|378.5|49382.1796875|880851|AIQ3111|0|2283|0|||3|3|0|1|1|132|50|["132,18,5,3747","132,210,2,2131","132,82,5","132,66,5","132,50,5"]|636148141821800000|13:43:02:180
62|1.1|636147898804368176|880851|49387.1796875|10.45966072825|100.37561590959|-40884|-356955||49387.1796875|380||38050|378.5|49387.1796875|880851|AIQ3111|0|2283|0|||3|3|0|1|1|132|50|["132,18,5,3747","132,210,2,2131","132,82,5","132,66,5","132,50,5"]|636148141871800000|13:43:07:180
62|1.1|636147898854283167|880851|49392.1796875|10.4706309467|100.37512238387|-40936|-355741||49392.1796875|380||38043.75|378.5|49392.1796875|880851|AIQ3111|0|2283|0|||3|3|0|1|1|132|66|["132,18,5,3747","132,210,2,2131","132,82,5","132,66,5","132,50,5"]|636148141921800000|13:43:12:180
62|1.1|636147898904198158|880851|49397.15625|10.48157970751|100.37448938349|-41004|-354529||49397.15625|380||38031.25|378.5|49397.15625|880851|AIQ3111|0|2283|0|||3|3|0|1|1|132|83|["132,18,5,3747","132,210,2,2131","132,82,5","132,66,5","132,50,5"]|636148141971560000|13:43:17:156
62|1.1|636147898954123150|880851|49402.15625|10.49225488341|100.37411387479|-41043|-353347||49402.15625|380||38025|378.5|49402.15625|880851|AIQ3111|0|2283|0|||3|3|0|1|1|132|83|["132,18,5,3747","132,210,2,2131","132,82,5","132,66,5","132,50,5"]|636148142021560000|13:43:22:156
62|1.1|636147899004038141|880851|49407.140625|10.50280667788|100.37403877305|-41050|-352179||49407.140625|380||38031.25|378.5|49407.140625|880851|AIQ3111|0|2283|0|||3|3|0|1|1|132|66|["132,18,5,3747","132,210,2,2131","132,82,5","132,66,5","132,50,5"]|636148142071410000|13:43:27:141
62|1.1|636147899053963133|880851|49412.140625|10.51337456558|100.37389929839|-41063|-351009||49412.140625|380||38025|378.5|49412.140625|880851|AIQ3111|0|2283|0|||3|3|0|1|1|132|66|["132,18,5,3747","132,210,2,2131","132,82,5","132,66,5","132,50,5"]|636148142121410000|13:43:32:141
62|1.1|636147899103888125|880851|49417.140625|10.52397463974|100.37377055255|-41076|-349836||49417.140625|380||38031.25|378.5|49417.140625|880851|AIQ3111|0|2283|0|||3|3|0|1|1|132|66|["132,18,5,3747","132,210,2,2131","132,82,5","132,66,5","132,50,5"]|636148142171410000|13:43:37:141
62|1.1|636147899153813117|880851|49422.1171875|10.53435477309|100.37321265391|-41136|-348686||49422.1171875|380||37987.5|378.5|49422.1171875|880851|AIQ3111|0|2283|0|||3|3|0|1|1|132|66|["132,18,5,3747","132,210,2,2131","132,82,5","132,66,5","132,50,5"]|636148142221170000|13:43:42:117
62|1.1|636147899203728108|880851|49427.1171875|10.54513187278|100.37292297577|-41165|-347493||49427.1171875|380||37975|378.5|49427.1171875|880851|AIQ3111|0|2283|0|||3|3|0|1|1|132|5|["132,18,5,3747","132,210,2,2131","132,82,5","132,66,5","132,50,5"]|636148142271170000|13:43:47:117
62|1.1|636147899253653100|880851|49432.1015625|10.55458932761|100.37335212857|-41117|-346447||49432.1015625|380||37993.75|378.5|49432.1015625|880851|AIQ3111|0|2283|0|||3|3|0|1|1|132|5|["132,18,5,3747","132,210,2,2131","132,82,5","132,66,5","132,50,5"]|636148142321020000|13:43:52:102
62|1.1|636147899303578092|880851|49437.1015625|10.56525377469|100.37327166242|-41124|-345266||49437.1015625|380||37987.5|378.5|49437.1015625|880851|AIQ3111|0|2283|0|||3|3|0|1|1|132|66|["132,18,5,3747","132,210,2,2131","132,82,5","132,66,5","132,50,5"]|636148142371020000|13:43:57:102
62|1.1|636147899353493083|880851|49442.1015625|10.57596113705|100.37312682335|-41138|-344081||49442.1015625|380||38000|378.5|49442.1015625|880851|AIQ3111|0|2283|0|||3|3|0|1|1|132|50|["132,18,5,3747","132,210,2,2131","132,82,5","132,66,5","132,50,5"]|636148142421020000|13:44:02:102
62|1.1|636147899403418075|880851|49447.078125|10.58681333848|100.37304099279|-41146|-342880||49447.078125|380||38000|378.5|49447.078125|880851|AIQ3111|0|2283|0|||3|3|0|1|1|132|50|["132,18,5,3747","132,210,2,2131","132,82,5","132,66,5","132,50,5"]|636148142470780000|13:44:07:078
62|1.1|636147899453343067|880851|49452.078125|10.5976601755|100.37286396726|-41164|-341679||49452.078125|380||38018.75|377.25|49452.078125|880851|AIQ3111|0|2283|0|||3|3|0|1|1|132|50|["132,18,5,3747","132,210,2,2131","132,82,5","132,66,5","132,50,5"]|636148142520780000|13:44:12:078
62|1.1|636147899503258058|880851|49457.0625|10.6083353514|100.37278886552|-41171|-340497||49457.0625|380.25||38018.75|377.75|49457.0625|880851|AIQ3111|0|2283|0|||3|3|0|1|1|132|83|["132,18,5,3747","132,210,2,2131","132,82,5","132,66,5","132,50,5"]|636148142570630000|13:44:17:063
62|1.1|636147899553183050|880851|49462.0625|10.618313154|100.37264939086|-41184|-339393||49462.0625|380.25||38018.75|377.75|49462.0625|880851|AIQ3111|0|2283|0|||3|3|0|1|1|132|5|["132,18,5,3747","132,210,2,2131","132,82,5","132,66,5","132,50,5"]|636148142620630000|13:44:22:063
62|1.1|636147899603108042|880851|49467.0625|10.62898296549|100.3726172044|-41186|-338212||49467.0625|380.25||38018.75|377.75|49467.0625|880851|AIQ3111|0|2283|0|||3|3|0|1|1|132|66|["132,18,5,3747","132,210,2,2131","132,82,5","132,66,5","132,50,5"]|636148142670630000|13:44:27:063
62|1.1|636147899653023033|880851|49472.0390625|10.63886957312|100.372402628|-41208|-337117||49472.0390625|380.25||37993.75|377.75|49472.0390625|880851|AIQ3111|0|2283|0|||3|3|0|1|1|132|66|["132,18,5,3747","132,210,2,2131","132,82,5","132,66,5","132,50,5"]|636148142720390000|13:44:32:039
62|1.1|636147899702948025|880851|49477.0390625|10.64992025772|100.37215586514|-41233|-335894||49477.0390625|380||38000|377.25|49477.0390625|880851|AIQ3111|0|2283|0|||3|3|0|1|1|132|66|["132,18,5,3747","132,210,2,2131","132,82,5","132,66,5","132,50,5"]|636148142770390000|13:44:37:039
62|1.1|636147899752873017|880851|49482.015625|10.66084219648|100.37194128874|-41255|-334685||49482.015625|380||37993.75|377.25|49482.015625|880851|AIQ3111|0|2283|0|||3|3|0|1|1|132|83|["132,18,5,3747","132,210,2,2131","132,82,5","132,66,5","132,50,5"]|636148142820160000|13:44:42:016
62|1.1|636147899802798009|880851|49487.015625|10.67060005827|100.37188764464|-41260|-333605||49487.015625|380||37993.75|377.25|49487.015625|880851|AIQ3111|0|2283|0|||3|3|0|1|1|132|66|["132,18,5,3747","132,210,2,2131","132,82,5","132,66,5","132,50,5"]|636148142870160000|13:44:47:016
62|1.1|636147899852713000|880851|49492.015625|10.68190287014|100.37155505122|-41294|-332354||49492.015625|380||38006.25|377.25|49492.015625|880851|AIQ3111|0|2283|0|||3|3|0|1|1|132|66|["132,18,5,3747","132,210,2,2131","132,82,5","132,66,5","132,50,5"]|636148142920160000|13:44:52:016
62|1.1|636147899902637992|880851|49497|10.69262632573|100.37140484774|-41309|-331167||49497|380||38012.5|377.25|49497|880851|AIQ3111|0|2283|0|||3|3|0|1|1|132|66|["132,18,5,3747","132,210,2,2131","132,82,5","132,66,5","132,50,5"]|636148142970000000|13:44:57:000
62|1.1|636147899952562984|880851|49502|10.70218570435|100.37107225432|-41344|-330108||49502|380||37993.75|377.25|49502|880851|AIQ3111|0|2283|0|||3|3|0|1|1|132|66|["132,18,5,3747","132,210,2,2131","132,82,5","132,66,5","132,50,5"]|636148143020000000|13:45:02:000
62|1.1|636147900002477975|880851|49506.9765625|10.71238881217|100.37083085587|-41369|-328979||49506.9765625|380||37993.75|377.25|49506.9765625|880851|AIQ3111|0|2283|0|||3|3|0|1|1|132|66|["132,18,5,3747","132,210,2,2131","132,82,5","132,66,5","132,50,5"]|636148143069770000|13:45:06:977
62|1.1|636147900052402967|880851|49511.9765625|10.72403494628|100.37062164388|-41390|-327690||49511.9765625|380||38006.25|377.25|49511.9765625|880851|AIQ3111|0|2283|0|||3|3|0|1|1|132|66|["132,18,5,3747","132,210,2,2131","132,82,5","132,66,5","132,50,5"]|636148143119770000|13:45:11:977
62|1.1|636147900102317958|880851|49516.9765625|10.73445799491|100.37039097425|-41414|-326536||49516.9765625|380||38000|377.25|49516.9765625|880851|AIQ3111|0|2283|0|||3|3|0|1|1|132|66|["132,18,5,3747","132,210,2,2131","132,82,5","132,66,5","132,50,5"]|636148143169770000|13:45:16:977
62|1.1|636147900152252951|880851|49521.9609375|10.74455381453|100.37019249108|-41434|-325419||49521.9609375|380||37993.75|377.25|49521.9609375|880851|AIQ3111|0|2283|0|||3|3|0|1|1|132|66|["132,18,5,3747","132,210,2,2131","132,82,5","132,66,5","132,50,5"]|636148143219610000|13:45:21:961
62|1.1|636147900202167942|880851|49526.9609375|10.75517534633|100.37005301642|-41447|-324243||49526.9609375|380||38000|377.25|49526.9609375|880851|AIQ3111|0|2283|0|||3|3|0|1|1|132|50|["132,18,5,3747","132,210,2,2131","132,82,5","132,66,5","132,50,5"]|636148143269610000|13:45:26:961
62|1.1|636147900252082933|880851|49531.9375|10.76544282707|100.3698813553|-41464|-323107||49531.9375|380||38000|377.25|49531.9375|880851|AIQ3111|0|2283|0|||3|3|0|1|1|132|50|["132,18,5,3747","132,210,2,2131","132,82,5","132,66,5","132,50,5"]|636148143319380000|13:45:31:938
62|1.1|636147900302007925|880851|49536.9375|10.77580150278|100.36967750772|-41485|-321960||49536.9375|380||38000|377.25|49536.9375|880851|AIQ3111|0|2283|0|||3|3|0|1|1|132|50|["132,18,5,3747","132,210,2,2131","132,82,5","132,66,5","132,50,5"]|636148143369380000|13:45:36:938
62|1.1|636147900351932917|880851|49541.9375|10.787292069|100.36946293132|-41507|-320688||49541.9375|380||38006.25|377.25|49541.9375|880851|AIQ3111|0|2283|0|||3|3|0|1|1|132|66|["132,18,5,3747","132,210,2,2131","132,82,5","132,66,5","132,50,5"]|636148143419380000|13:45:41:938
62|1.1|636147900401847908|880851|49546.921875|10.79879336404|100.36921616846|-41532|-319415||49546.921875|380||38006.25|377.25|49546.921875|880851|AIQ3111|0|2283|0|||3|3|0|1|1|132|66|["132,18,5,3747","132,210,2,2131","132,82,5","132,66,2","132,50,5"]|636148143469220000|13:45:46:922
62|1.1|636147900451772900|880851|49551.921875|10.80979576895|100.36900159206|-41554|-318197||49551.921875|380||38006.25|377.25|49551.921875|880851|AIQ3111|0|2283|0|||3|3|0|1|1|132|18|["132,18,5,3747","132,210,2,2131","132,82,5","132,66,2","132,50,5"]|636148143519220000|13:45:51:922
62|1.1|636147900501697892|880851|49556.8984375|10.81975747832|100.36880310889|-41574|-317095||49556.8984375|380||37993.75|377.25|49556.8984375|880851|AIQ3111|0|2283|0|||3|3|0|1|1|132|5|["132,18,5,3747","132,210,2,2131","132,82,5","132,66,2","132,50,5"]|636148143568980000|13:45:56:898
62|1.1|636147900551612883|880851|49561.8984375|10.82925784843|100.36862071895|-41593|-316043||49561.8984375|380||37987.5|377.25|49561.8984375|880851|AIQ3111|0|2283|0|||3|3|0|1|1|132|18|["132,18,5,3747","132,210,2,2131","132,82,5","132,66,2","132,50,5"]|636148143618980000|13:46:01:898
62|1.1|636147900601537875|880851|49566.8984375|10.8406143044|100.36843832901|-41611|-314786||49566.8984375|380||38000|377.25|49566.8984375|880851|AIQ3111|0|2283|0|||3|3|0|1|1|132|18|["132,18,5,3747","132,210,2,2131","132,82,5","132,66,2","132,50,5"]|636148143668980000|13:46:06:898
62|1.1|636147900651312852|880851|49571.875|10.85195466714|100.36823984584|-41631|-313531||49571.875|380||38012.5|377.25|49571.875|880851|AIQ3111|0|2283|0|||3|3|0|1|1|132|18|["132,18,5,3747","132,210,2,2131","132,82,5","132,66,2","132,50,5"]|636148143718750000|13:46:11:875
62|1.1|636147900701387859|880851|49576.875|10.86181445272|100.3680574559|-41649|-312439||49576.875|380||38000|377.25|49576.875|880851|AIQ3111|0|2283|0|||3|3|0|1|1|132|18|["132,18,5,3747","132,210,2,2131","132,82,5","132,66,2","132,50,5"]|636148143768750000|13:46:16:875
62|1.1|636147900751162836|880851|49581.859375|10.87275248471|100.3678965236|-41665|-311229||49581.859375|380||38000|377.25|49581.859375|880851|AIQ3111|0|2283|0|||3|3|0|1|1|132|5|["132,18,5,3747","132,210,2,2131","132,82,5","132,66,2","132,50,5"]|636148143818590000|13:46:21:859
62|1.1|636147900801077827|880851|49586.859375|10.88366905906|100.36771949807|-41683|-310020||49586.859375|380||38006.25|377.25|49586.859375|880851|AIQ3111|0|2283|0|||3|3|0|1|1|132|18|["132,18,5,3747","132,210,2,2131","132,82,5","132,66,2","132,50,5"]|636148143868590000|13:46:26:859
62|1.1|636147900851152834|880851|49591.859375|10.89363076843|100.36754247254|-41701|-308918||49591.859375|380||37993.75|377.25|49591.859375|880851|AIQ3111|0|2283|0|||3|3|0|1|1|132|18|["132,18,5,3747","132,210,2,2131","132,82,5","132,50,5"]|636148143918590000|13:46:31:859
62|1.1|636147900901067825|880851|49596.8359375|10.90415037644|100.36736544701|-41718|-307754||49596.8359375|380||38000|377.25|49596.8359375|880851|AIQ3111|0|2283|0|||3|3|0|1|1|132|18|["132,18,5,3747","132,210,2,2131","132,82,5","132,50,5"]|636148143968360000|13:46:36:836
62|1.1|636147900950992817|880851|49601.8359375|10.91526006955|100.36721524353|-41733|-306524||49601.8359375|380||38006.25|377.25|49601.8359375|880851|AIQ3111|0|2283|0|||3|3|0|1|1|132|18|["132,18,5,3747","132,210,2,2131","132,82,5","132,50,5"]|636148144018360000|13:46:41:836
62|1.1|636147901000767794|880851|49606.8203125|10.92599961837|100.36698993831|-41756|-305335||49606.8203125|380||38000|377.25|49606.8203125|880851|AIQ3111|0|2283|0|||3|3|0|1|1|132|83|["132,18,5,3747","132,210,2,2131","132,82,5","132,50,5"]|636148144068200000|13:46:46:820
62|1.1|636147901050682785|880851|49611.8203125|10.93582185308|100.36688265011|-41766|-304248||49611.8203125|380||38000|377.25|49611.8203125|880851|AIQ3111|0|2283|0|||3|3|0|1|1|132|50|["132,18,5,3747","132,210,2,2131","132,82,5","132,50,5"]|636148144118200000|13:46:51:820
62|1.1|636147901100607777|880851|49616.8203125|10.94708174967|100.36661979402|-41793|-303002||49616.8203125|380||38006.25|377.25|49616.8203125|880851|AIQ3111|0|2283|0|||3|3|0|1|1|132|50|["132,18,5,3747","132,210,2,2131","132,82,5","132,50,5"]|636148144168200000|13:46:56:820
62|1.1|636147901150522768|880851|49621.796875|10.95778374762|100.36646959054|-41808|-301817||49621.796875|380||38012.5|377.25|49621.796875|880851|AIQ3111|0|2283|0|||3|3|0|1|1|132|50|["132,18,5,3747","132,210,2,2131","132,82,5","132,50,5"]|636148144217970000|13:47:01:797
62|1.1|636147901200447760|880851|49626.796875|10.96872177961|100.36628183619|-41826|-300607||49626.796875|380||38006.25|377.25|49626.796875|880851|AIQ3111|0|2283|0|||3|3|0|1|1|132|18|["132,18,5,3747","132,210,2,2131","132,82,5","132,50,5"]|636148144267970000|13:47:06:797
62|1.1|636147901250372752|880851|49631.78125|10.97844745494|100.36609408184|-41846|-299530||49631.78125|380||37993.75|377.25|49631.78125|880851|AIQ3111|0|2283|0|||3|3|0|1|1|132|18|["132,18,5,3747","132,210,2,2131","132,82,5","132,50,5"]|636148144317810000|13:47:11:781
62|1.1|636147901300287743|880851|49636.78125|10.98907971556|100.36598142923|-41856|-298353||49636.78125|380||37993.75|377.25|49636.78125|880851|AIQ3111|0|2283|0|||3|3|0|1|1|132|18|["132,18,5,3747","132,210,2,2131","132,82,5","132,50,5"]|636148144367810000|13:47:16:781
62|1.1|636147901350212735|880851|49641.78125|10.99967978972|100.36584731898|-41869|-297180||49641.78125|380||38000|377.25|49641.78125|880851|AIQ3111|0|2283|0|||3|3|0|1|1|132|18|["132,18,5,3747","132,210,2,2131","132,82,5","132,50,5"]|636148144417810000|13:47:21:781
62|1.1|636147901400137727|880851|49646.7578125|11.01038715208|100.3657507596|-41878|-295995||49646.7578125|380.25||38025|377.75|49646.7578125|880851|AIQ3111|0|2283|0|||3|3|0|1|1|132|18|["132,18,5,3747","132,210,2,2131","132,82,5","132,50,5"]|636148144467580000|13:47:26:758
62|1.1|636147901450052718|880851|49651.7578125|11.02116425177|100.36568102227|-41884|-294803||49651.7578125|380.25||38062.5|377.25|49651.7578125|880851|AIQ3111|0|2283|0|||3|3|0|1|1|132|18|["132,18,5,3747","132,210,2,2131","132,82,5","132,50,5"]|636148144517580000|13:47:31:758
62|1.1|636147901499977710|880851|49656.7421875|11.03179651239|100.36566492904|-41884|-293626||49656.7421875|380||38093.75|377.25|49656.7421875|880851|AIQ3111|0|2283|0|||3|3|0|1|1|132|18|["132,18,5,3747","132,210,2,2131","132,82,5","132,50,5"]|636148144567420000|13:47:36:742
62|1.1|636147901549912703|880851|49661.7421875|11.04248241711|100.36550399674|-41900|-292443||49661.7421875|380.25||38112.5|377.75|49661.7421875|880851|AIQ3111|0|2283|0|||3|3|0|1|1|132|18|["132,18,5,3747","132,210,2,2131","132,82,5","132,50,5"]|636148144617420000|13:47:41:742
62|1.1|636147901599817693|880851|49666.7421875|11.05321660152|100.3652143186|-41930|-291255||49666.7421875|380.25||38131.25|377.75|49666.7421875|880851|AIQ3111|0|2283|0|||3|3|0|1|1|132|18|["132,18,5,3747","132,210,2,2131","132,82,5","132,50,5"]|636148144667420000|13:47:46:742
62|1.1|636147901649742685|880851|49671.71875|11.06382204009|100.36506947953|-41944|-290081||49671.71875|380.25||38131.25|377.75|49671.71875|880851|AIQ3111|0|2283|0|||3|3|0|1|1|132|18|["132,18,5,3747","132,210,2,2131","132,82,5","132,50,5"]|636148144717190000|13:47:51:719
62|1.1|636147901699667677|880851|49676.71875|11.07443820748|100.36506411512|-41943|-288906||49676.71875|380.25||38131.25|377.75|49676.71875|880851|AIQ3111|0|2283|0|||3|3|0|1|1|132|18|["132,18,5,3747","132,210,2,2131","132,82,5","132,50,5"]|636148144767190000|13:47:56:719
62|1.1|636147901749582668|880851|49681.6953125|11.08497927313|100.36502656425|-41945|-287740||49681.6953125|380.25||38118.75|377.75|49681.6953125|880851|AIQ3111|0|2283|0|||3|3|0|1|1|132|18|["132,18,5,3747","132,210,2,2131","132,82,5","132,50,5"]|636148144816950000|13:48:01:695
62|1.1|636147901799527662|880851|49686.6953125|11.09550960996|100.36503192866|-41943|-286574||49686.6953125|380.25||38112.5|377.75|49686.6953125|880851|AIQ3111|0|2283|0|||3|3|0|1|1|132|18|["132,18,5,3747","132,210,2,2131","132,82,5","132,50,5"]|636148144866950000|13:48:06:695
62|1.1|636147901849422651|880851|49691.6953125|11.10675877773|100.36393222461|-42061|-285329||49691.6953125|380||38031.25|377.75|49691.6953125|880851|AIQ3111|0|2283|0|||3|3|0|1|1|132|18|["132,18,5,3747","132,210,2,2131","132,82,5"]|636148144916950000|13:48:11:695
62|1.1|636147901899347643|880851|49696.6796875|11.1163986225|100.36362645324|-42093|-284262||49696.6796875|380.25||38012.5|377.75|49696.6796875|880851|AIQ3111|0|2283|0|||3|3|0|1|1|132|18|["132,18,5,3747","132,210,2,2131","132,82,5"]|636148144966800000|13:48:16:680
62|1.1|636147901949282636|880851|49701.6796875|11.12620476398|100.36340114802|-42116|-283177||49701.6796875|380.25||38018.75|378|49701.6796875|880851|AIQ3111|0|2283|0|||3|3|0|1|1|132|18|["132,18,5,3747","132,210,2,2131","132,82,5"]|636148145016800000|13:48:21:680
62|1.1|636147901999187626|880851|49706.65625|11.13655807528|100.36320802926|-42136|-282031||49706.65625|380.25||38018.75|378|49706.65625|880851|AIQ3111|0|2283|0|||3|3|0|1|1|132|18|["132,18,5,3747","132,210,2,2131","132,82,5","132,50,5"]|636148145066560000|13:48:26:656
62|1.1|636147902049112618|880851|49711.65625|11.1480486415|100.36299345286|-42158|-280759||49711.65625|380.25||38025|378|49711.65625|880851|AIQ3111|0|2283|0|||3|3|0|1|1|132|18|["132,18,5,3747","132,210,2,2131","132,82,5","132,50,5"]|636148145116560000|13:48:31:656
62|1.1|636147902099037610|880851|49716.65625|11.15886865647|100.36278960528|-42178|-279562||49716.65625|380.25||38031.25|378|49716.65625|880851|AIQ3111|0|2283|0|||3|3|0|1|1|132|18|["132,18,5,3747","132,210,2,2131","132,82,5","132,50,5"]|636148145166560000|13:48:36:656
62|1.1|636147902148952601|880851|49721.640625|11.17028412095|100.36256966447|-42200|-278298||49721.640625|380.25||38031.25|378|49721.640625|880851|AIQ3111|0|2283|0|||3|3|0|1|1|132|18|["132,18,5,3747","132,210,2,2131","132,82,5","132,50,5"]|636148145216410000|13:48:41:641
62|1.1|636147902198887594|880851|49726.640625|11.17982204193|100.36241946099|-42215|-277243||49726.640625|380.25||38031.25|378|49726.640625|880851|AIQ3111|0|2283|0|||3|3|0|1|1|132|18|["132,18,5,3747","132,210,2,2131","132,82,5","132,50,5"]|636148145266410000|13:48:46:641
62|1.1|636147902248812586|880851|49731.6171875|11.19032555671|100.3622638931|-42231|-276080||49731.6171875|380.25||38037.5|378|49731.6171875|880851|AIQ3111|0|2283|0|||3|3|0|1|1|132|18|["132,18,5,3747","132,210,2,2131","132,82,5","132,50,5"]|636148145316170000|13:48:51:617
62|1.1|636147902298717576|880851|49736.6171875|11.20100073261|100.36209759639|-42247|-274899||49736.6171875|380.25||38050|378|49736.6171875|880851|AIQ3111|0|2283|0|||3|3|0|1|1|132|18|["132,18,5,3747","132,210,2,2131","132,82,5","132,50,5"]|636148145366170000|13:48:56:617
62|1.1|636147902348642568|880851|49741.6171875|11.21157934913|100.36193129968|-42263|-273728||49741.6171875|380.25||38075|378|49741.6171875|880851|AIQ3111|0|2283|0|||3|3|0|1|1|132|18|["132,18,5,3747","132,210,2,2131","132,82,5","132,50,5"]|636148145416170000|13:49:01:617
62|1.1|636147902398567560|880851|49746.6015625|11.22224379621|100.36197957937|-42256|-272548||49746.6015625|380.25||38100|378|49746.6015625|880851|AIQ3111|0|2283|0|||3|3|0|1|1|132|18|["132,18,5,3747","132,210,2,2131","132,82,5","132,50,5"]|636148145466020000|13:49:06:602
62|1.1|636147902448482551|880851|49751.6015625|11.23284387037|100.36201713024|-42251|-271375||49751.6015625|380.25||38112.5|378|49751.6015625|880851|AIQ3111|0|2283|0|||3|3|0|1|1|132|18|["132,18,5,3747","132,210,2,2131","132,82,5","132,50,5"]|636148145516020000|13:49:11:602
62|1.1|636147902498407543|880851|49756.578125|11.24342248689|100.36195275732|-42256|-270204||49756.578125|380.25||38112.5|377.75|49756.578125|880851|AIQ3111|0|2283|0|||3|3|0|1|1|132|18|["132,18,5,3747","132,210,2,2131","132,82,5","132,50,5"]|636148145565780000|13:49:16:578
62|1.1|636147902548332535|880851|49761.578125|11.25384553552|100.36218879136|-42229|-269050||49761.578125|380||38100|377.75|49761.578125|880851|AIQ3111|0|2283|0|||3|3|0|1|1|132|18|["132,18,5,3747","132,210,2,2131","132,82,5"]|636148145615780000|13:49:21:578
62|1.1|636147902598257527|880851|49766.578125|11.26439196558|100.36202785906|-42244|-267883||49766.578125|380||38093.75|377.75|49766.578125|880851|AIQ3111|0|2283|0|||3|3|0|1|1|132|18|["132,18,5,3747","132,210,2,2131","132,82,5"]|636148145665780000|13:49:26:578
62|1.1|636147902648182519|880851|49771.5625|11.27509396353|100.3611910111|-42334|-266699||49771.5625|380||38106.25|377.75|49771.5625|880851|AIQ3111|0|2283|0|||3|3|0|1|1|132|18|["132,18,5,3747","132,210,2,2131","132,82,5"]|636148145715630000|13:49:31:563
62|1.1|636147902698107511|880851|49776.5625|11.28562966477|100.36114809582|-42337|-265533||49776.5625|380||38093.75|377.75|49776.5625|880851|AIQ3111|0|2283|0|||3|3|0|1|1|132|18|["132,18,5,3747","132,210,2,2131","132,82,5"]|636148145765630000|13:49:36:563
62|1.1|636147902748022502|880851|49781.5390625|11.29625119657|100.3608155024|-42372|-264358||49781.5390625|380||38100|377.75|49781.5390625|880851|AIQ3111|0|2283|0|||3|3|0|1|1|132|18|["132,18,5,3747","132,210,2,2131","132,82,5"]|636148145815390000|13:49:41:539
62|1.1|636147902797937493|880851|49786.5390625|11.30670106725|100.36087451091|-42363|-263201||49786.5390625|380||38081.25|377.75|49786.5390625|880851|AIQ3111|0|2283|0|||3|3|0|1|1|132|18|["132,18,5,3747","132,210,2,2131","132,82,5"]|636148145865390000|13:49:46:539
62|1.1|636147902847862485|880851|49791.5390625|11.31715630234|100.36082623122|-42367|-262044||49791.5390625|379.75||38062.5|377.5|49791.5390625|880851|AIQ3111|0|2283|0|||3|3|0|1|1|132|18|["132,18,5,3747","132,210,2,2131","132,82,5"]|636148145915390000|13:49:51:539
62|1.1|636147902897787477|880851|49796.515625|11.32762226625|100.36082086681|-42366|-260886||49796.515625|379.75||38043.75|377.5|49796.515625|880851|AIQ3111|0|2283|0|||3|3|0|1|1|132|18|["132,18,5,3747","132,210,2,2131","132,82,5"]|636148145965160000|13:49:56:516
62|1.1|636147902947712469|880851|49801.515625|11.33813650985|100.360600926|-42388|-259722||49801.515625|379.75||38037.5|377.5|49801.515625|880851|AIQ3111|0|2283|0|||3|3|0|1|1|132|18|["132,18,5,3747","132,210,2,2131","132,82,5"]|636148146015160000|13:50:01:516
62|1.1|636147902997627460|880851|49806.5|11.34866148227|100.36037025637|-42412|-258557||49806.5|379.75||38031.25|377.5|49806.5|880851|AIQ3111|0|2283|0|||3|3|0|1|1|132|18|["132,18,5,3747","132,210,2,2131","132,82,5"]|636148146065000000|13:50:06:500
62|1.1|636147903047542451|880851|49811.5|11.35922936997|100.35998938326|-42452|-257388||49811.5|379.75||38037.5|377.5|49811.5|880851|AIQ3111|0|2283|0|||3|3|0|1|1|132|18|["132,18,5,3747","132,210,2,2131","132,82,5"]|636148146115000000|13:50:11:500
62|1.1|636147903097467443|880851|49816.5|11.36969533388|100.36002693413|-42446|-256230||49816.5|379.75||38031.25|377.5|49816.5|880851|AIQ3111|0|2283|0|||3|3|0|1|1|132|18|["132,18,5,3747","132,210,2,2131","132,82,5"]|636148146165000000|13:50:16:500
62|1.1|636147903147392435|880851|49821.4765625|11.38030613686|100.3599035527|-42457|-255055||49821.4765625|379.75||38018.75|377.5|49821.4765625|880851|AIQ3111|0|2283|0|||3|3|0|1|1|132|82|["132,18,5,3747","132,210,2,2131","132,82,5"]|636148146214770000|13:50:21:477
62|1.1|636147903197317427|880851|49826.4765625|11.39116906711|100.35895405213|-42559|-253853||49826.4765625|379.75||37981.25|377.5|49826.4765625|880851|AIQ3111|0|2283|0|||3|3|0|1|1|132|18|["132,18,5,3747","132,210,2,2131","132,82,5"]|636148146264770000|13:50:26:477
62|1.1|636147903247242419|880851|49831.4609375|11.40103958151|100.3587233825|-42583|-252761||49831.4609375|379.75||37962.5|377.5|49831.4609375|880851|AIQ3111|0|2283|0|||3|3|0|1|1|132|18|["132,18,5,3747","132,210,2,2131","132,82,5"]|636148146314610000|13:50:31:461
62|1.1|636147903297157410|880851|49836.4609375|11.41155382511|100.35856781461|-42598|-251597||49836.4609375|379.75||37950|377.5|49836.4609375|880851|AIQ3111|0|2283|0|||3|3|0|1|1|132|82|["132,18,5,3747","132,210,2,2131","132,82,5"]|636148146364610000|13:50:36:461
62|1.1|636147903347092403|880851|49841.4609375|11.42257232325|100.35825131442|-42631|-250378||49841.4609375|379.75||37975|377.5|49841.4609375|880851|AIQ3111|0|2283|0|||3|3|0|1|1|132|18|["132,18,5,3747","132,210,2,2131","132,82,5"]|636148146414610000|13:50:41:461
62|1.1|636147903397007394|880851|49846.4375|11.43313484654|100.35806892448|-42649|-249209||49846.4375|379.75||37975|377.5|49846.4375|880851|AIQ3111|0|2283|0|||3|3|0|1|1|132|18|["132,18,5,3747","132,210,2,2131","132,82,5"]|636148146464380000|13:50:46:438
62|1.1|636147903446922385|880851|49851.4375|11.44377247157|100.35800455156|-42654|-248032||49851.4375|379.75||37981.25|377.5|49851.4375|880851|AIQ3111|0|2283|0|||3|3|0|1|1|132|82|["132,18,5,3747","132,210,2,2131","132,82,5"]|636148146514380000|13:50:51:438
62|1.1|636147903496847377|880851|49856.421875|11.45429744399|100.357918721|-42662|-246867||49856.421875|379.75||37993.75|377.5|49856.421875|880851|AIQ3111|0|2283|0|||3|3|0|1|1|132|82|["132,18,5,3747","132,210,2,2131","132,82,5"]|636148146564220000|13:50:56:422
62|1.1|636147903546762368|880851|49861.421875|11.46490824697|100.35788117013|-42664|-245693||49861.421875|379.75||38018.75|377.5|49861.421875|880851|AIQ3111|0|2283|0|||3|3|0|1|1|132|82|["132,18,5,3747","132,210,2,2131","132,82,5"]|636148146614220000|13:51:01:422
62|1.1|636147903596687360|880851|49866.421875|11.47519718535|100.35745738174|-42709|-244554||49866.421875|380||38000|377.5|49866.421875|880851|AIQ3111|0|2283|0|||3|3|0|1|1|132|83|["132,18,5,3747","132,210,2,2131","132,82,5"]|636148146664220000|13:51:06:422
62|1.1|636147903646612352|880851|49871.3984375|11.48571679336|100.35714624596|-42741|-243390||49871.3984375|380||38000|377.75|49871.3984375|880851|AIQ3111|0|2283|0|||3|3|0|1|1|132|83|["132,18,5,3747","132,210,2,2131","132,82,5"]|636148146713980000|13:51:11:398
62|1.1|636147903696527343|880851|49876.3984375|11.4963597828|100.35697458484|-42758|-242212||49876.3984375|380||38012.5|377.75|49876.3984375|880851|AIQ3111|0|2283|0|||3|3|0|1|1|132|5|["132,18,5,3747","132,210,2,2131","132,82,5"]|636148146763980000|13:51:16:398
62|1.1|636147903746452335|880851|49881.375|11.50723344187|100.35667417788|-42789|-241009||49881.375|380||38006.25|377.75|49881.375|880851|AIQ3111|0|2283|0|||3|3|0|1|1|132|82|["132,18,5,3747","132,210,2,2131","132,82,5"]|636148146813750000|13:51:21:375
62|1.1|636147903796387328|880851|49886.375|11.51798371951|100.35650251676|-42806|-239819||49886.375|380||38006.25|377.75|49886.375|880851|AIQ3111|0|2283|0|||3|3|0|1|1|132|82|["132,18,5,3747","132,210,2,2131","132,82,5"]|636148146863750000|13:51:26:375
62|1.1|636147903846292318|880851|49891.375|11.52864816659|100.35634158446|-42822|-238639||49891.375|380||38018.75|377.75|49891.375|880851|AIQ3111|0|2283|0|||3|3|0|1|1|132|82|["132,18,5,3747","132,210,2,2131","132,82,5"]|636148146913750000|13:51:31:375
62|1.1|636147903896217310|880851|49896.359375|11.53939844423|100.3560948216|-42847|-237450||49896.359375|380||38000|377.75|49896.359375|880851|AIQ3111|0|2283|0|||3|3|0|1|1|132|83|["132,18,5,3747","132,210,2,2131","132,82,5"]|636148146963590000|13:51:36:359
62|1.1|636147903946132301|880851|49901.359375|11.54910266192|100.35594998253|-42861|-236376||49901.359375|380||37993.75|377.75|49901.359375|880851|AIQ3111|0|2283|0|||3|3|0|1|1|132|82|["132,18,5,3747","132,210,2,2131","132,82,5"]|636148147013590000|13:51:41:359
62|1.1|636147903999177605|880851|49906.65625|11.55952571055|100.35569785526|-42887|-235222||49906.65625|380||37993.75|377.75|49906.65625|880851|AIQ3111|0|2283|0|||3|3|0|1|1|132|18|["132,18,5,3747","132,210,2,2131","132,82,5"]|636148147066560000|13:51:46:656
62|1.1|636147904049102597|880851|49911.65625|11.56966980986|100.35547255004|-42910|-234100||49911.65625|380||37993.75|377.75|49911.65625|880851|AIQ3111|0|2283|0|||3|3|0|1|1|132|82|["132,18,5,3747","132,210,2,2131","132,82,5"]|636148147116560000|13:51:51:656
62|1.1|636147904099017588|880851|49916.640625|11.58106918111|100.35531698215|-42925|-232838||49916.640625|380||38006.25|377.75|49916.640625|880851|AIQ3111|0|2283|0|||3|3|0|1|1|132|18|["132,18,5,3747","132,210,2,2131","132,82,5"]|636148147166410000|13:51:56:641
62|1.1|636147904148942580|880851|49921.640625|11.59120791601|100.35509704134|-42947|-231716||49921.640625|380||38000|377.75|49921.640625|880851|AIQ3111|0|2283|0|||3|3|0|1|1|132|18|["132,18,5,3747","132,210,2,2131","132,82,5"]|636148147216410000|13:52:01:641
62|1.1|636147904198867572|880851|49926.6171875|11.60259119403|100.35489855817|-42967|-230457||49926.6171875|380.25||38018.75|377.75|49926.6171875|880851|AIQ3111|0|2283|0|||3|3|0|1|1|132|83|["132,18,5,3747","132,210,2,2131","132,82,5"]|636148147266170000|13:52:06:617
62|1.1|636147904248792564|880851|49931.6171875|11.6133575649|100.35472689705|-42984|-229265||49931.6171875|380||38037.5|377.75|49931.6171875|880851|AIQ3111|0|2283|0|||3|3|0|1|1|132|82|["132,18,5,3747","132,210,2,2131","132,82,5"]|636148147316170000|13:52:11:617
62|1.1|636147904298707555|880851|49936.6171875|11.62402737639|100.35462497326|-42993|-228084||49936.6171875|380||38056.25|377.75|49936.6171875|880851|AIQ3111|0|2283|0|||3|3|0|1|1|132|82|["132,18,5,3747","132,210,2,2131","132,82,5"]|636148147366170000|13:52:16:617
62|1.1|636147904348632547|880851|49941.6015625|11.63474546757|100.35450695624|-43004|-226898||49941.6015625|380||38075|377.75|49941.6015625|880851|AIQ3111|0|2283|0|||3|3|0|1|1|132|82|["132,18,5,3747","132,210,2,2131","132,82,5"]|636148147416020000|13:52:21:602
62|1.1|636147904398557539|880851|49946.6015625|11.64546892316|100.35442112568|-43012|-225712||49946.6015625|380||38093.75|377.75|49946.6015625|880851|AIQ3111|0|2283|0|||3|3|0|1|1|132|82|["132,18,5,3747","132,210,2,2131","132,82,5"]|636148147466020000|13:52:26:602
62|1.1|636147904448472530|880851|49951.578125|11.65608509055|100.35411535431|-43044|-224537||49951.578125|380||38112.5|377.75|49951.578125|880851|AIQ3111|0|2283|0|||3|3|0|1|1|132|82|["132,18,5,3747","132,210,2,2131","132,82,5"]|636148147515780000|13:52:31:578
62|1.1|636147904498397522|880851|49956.578125|11.66671198676|100.35402952375|-43051|-223361||49956.578125|380||38112.5|377.75|49956.578125|880851|AIQ3111|0|2283|0|||3|3|0|1|1|132|83|["132,18,5,3747","132,210,2,2131","132,82,5"]|636148147565780000|13:52:36:578
62|1.1|636147904548322514|880851|49961.578125|11.67725841682|100.35416899841|-43034|-222194||49961.578125|380||38112.5|377.75|49961.578125|880851|AIQ3111|0|2283|0|||3|3|0|1|1|132|83|["132,18,5,3747","132,210,2,2131","132,82,5"]|636148147615780000|13:52:41:578
62|1.1|636147904598247506|880851|49966.5625|11.68779411806|100.35415290518|-43034|-221028||49966.5625|380||38106.25|377.75|49966.5625|880851|AIQ3111|0|2283|0|||3|3|0|1|1|132|5|["132,18,5,3747","132,210,2,2131","132,82,5"]|636148147665630000|13:52:46:563
62|1.1|636147904648162497|880851|49971.5625|11.69833518371|100.3542709222|-43020|-219862||49971.5625|380||38100|377.75|49971.5625|880851|AIQ3111|0|2283|0|||3|3|0|1|1|132|82|["132,18,5,3747","132,210,2,2131","132,82,5"]|636148147715630000|13:52:51:563
62|1.1|636147904698077488|880851|49976.5390625|11.70783018941|100.35343407424|-43109|-218811||49976.5390625|380||38000|377.75|49976.5390625|880851|AIQ3111|0|2283|0|||3|3|0|1|1|132|82|["132,18,5,3747","132,210,2,2131","132,82,5"]|636148147765390000|13:52:56:539
62|1.1|636147904748012481|880851|49981.5390625|11.71796892431|100.35290836206|-43165|-217689||49981.5390625|380||37987.5|377.75|49981.5390625|880851|AIQ3111|0|2283|0|||3|3|0|1|1|132|82|["132,18,5,3747","132,210,2,2131","132,82,5"]|636148147815390000|13:53:01:539
62|1.1|636147904797927472|880851|49986.5390625|11.72839197294|100.35261868392|-43195|-216535||49986.5390625|380||37987.5|377.75|49986.5390625|880851|AIQ3111|0|2283|0|||3|3|0|1|1|132|82|["132,18,5,3747","132,210,2,2131","132,82,5"]|636148147865390000|13:53:06:539
62|1.1|636147904847842463|880851|49991.515625|11.73887403008|100.35237728547|-43219|-215376||49991.515625|380||37993.75|377.75|49991.515625|880851|AIQ3111|0|2283|0|||3|3|0|1|1|132|82|["132,18,5,3747","132,210,2,2131","132,82,5"]|636148147915160000|13:53:11:516
62|1.1|636147904897767455|880851|49996.515625|11.74952774834|100.35217343789|-43240|-214197||49996.515625|380||38000|377.75|49996.515625|880851|AIQ3111|0|2283|0|||3|3|0|1|1|132|82|["132,18,5,3747","132,210,2,2131","132,82,5"]|636148147965160000|13:53:16:516
62|1.1|636147904947692447|880851|50001.5|11.76010636486|100.35190521739|-43267|-213026||50001.5|380||38000|377.75|50001.5|880851|AIQ3111|0|2283|0|||3|3|0|1|1|132|82|["132,18,5,3747","132,210,2,2131","132,82,5"]|636148148015000000|13:53:21:500
62|1.1|636147904997607438|880851|50006.5|11.77132871058|100.35169064099|-43289|-211784||50006.5|380||38000|377.75|50006.5|880851|AIQ3111|0|2283|0|||3|3|0|1|1|132|5|["132,18,5,3747","132,210,2,2131","132,82,5"]|636148148065000000|13:53:26:500
62|1.1|636147905047532430|880851|50011.5|11.78139770815|100.35149215782|-43309|-210670||50011.5|380||38000|377.75|50011.5|880851|AIQ3111|0|2283|0|||3|3|0|1|1|132|82|["132,18,5,3747","132,210,2,2131","132,82,5"]|636148148115000000|13:53:31:500
62|1.1|636147905097457422|880851|50016.4765625|11.79309748636|100.35128294583|-43329|-209376||50016.4765625|380||38006.25|377.75|50016.4765625|880851|AIQ3111|0|2283|0|||3|3|0|1|1|132|82|["132,18,5,3747","132,210,2,2131","132,82,5"]|636148148164770000|13:53:36:477
62|1.1|636147905147372413|880851|50021.4765625|11.80430910326|100.35107909825|-43350|-208135||50021.4765625|380||38012.5|377.75|50021.4765625|880851|AIQ3111|0|2283|0|||3|3|0|1|1|132|82|["132,18,5,3747","132,210,2,2131","132,82,5"]|636148148214770000|13:53:41:477
62|1.1|636147905197297405|880851|50026.4609375|11.81417425325|100.35089670831|-43368|-207043||50026.4609375|380.25||38025|378|50026.4609375|880851|AIQ3111|0|2283|0|||3|3|0|1|1|132|82|["132,18,5,3747","132,210,2,2131","132,82,5"]|636148148264610000|13:53:46:461
62|1.1|636147905247222397|880851|50031.4609375|11.82432371697|100.3507304116|-43384|-205920||50031.4609375|380||38006.25|377.75|50031.4609375|880851|AIQ3111|0|2283|0|||3|3|0|1|1|132|82|["132,18,5,3747","132,210,2,2131","132,82,5"]|636148148314610000|13:53:51:461
62|1.1|636147905297157390|880851|50036.4609375|11.83467166386|100.35055338607|-43402|-204775||50036.4609375|380||38006.25|377.75|50036.4609375|880851|AIQ3111|0|2283|0|||3|3|0|1|1|132|82|["132,18,5,3747","132,210,2,2131","132,82,5"]|636148148364610000|13:53:56:461
62|1.1|636147905347062380|880851|50041.4375|11.84596374691|100.35037099613|-43420|-203526||50041.4375|380||38000|377.75|50041.4375|880851|AIQ3111|0|2283|0|||3|3|0|1|1|132|5|["132,18,5,3747","132,210,2,2131","132,82,5"]|636148148414380000|13:54:01:438
62|1.1|636147905396987372|880851|50046.4375|11.85676230424|100.35017251296|-43440|-202331||50046.4375|380||38006.25|377.75|50046.4375|880851|AIQ3111|0|2283|0|||3|3|0|1|1|132|82|["132,18,5,3747","132,210,2,2131","132,82,5"]|636148148464380000|13:54:06:438
62|1.1|636147905446912364|880851|50051.421875|11.86759304803|100.34999012302|-43458|-201132||50051.421875|380||38006.25|377.75|50051.421875|880851|AIQ3111|0|2283|0|||3|3|0|1|1|132|82|["132,18,5,3747","132,210,2,2131","132,82,5"]|636148148514220000|13:54:11:422
62|1.1|636147905496827355|880851|50056.421875|11.87884758021|100.34982382631|-43474|-199887||50056.421875|380||38000|377.75|50056.421875|880851|AIQ3111|0|2283|0|||3|3|0|1|1|132|82|["132,18,5,3747","132,210,2,2131","132,82,5"]|636148148564220000|13:54:16:422
62|1.1|636147905546752347|880851|50061.421875|11.88966223077|100.34964143637|-43492|-198690||50061.421875|380||38000|377.75|50061.421875|880851|AIQ3111|0|2283|0|||3|3|0|1|1|132|82|["132,18,5,3747","132,210,2,2131","132,82,5"]|636148148614220000|13:54:21:422
62|1.1|636147905596667338|880851|50066.3984375|11.89913041442|100.3494965973|-43506|-197643||50066.3984375|380||38000|377.75|50066.3984375|880851|AIQ3111|0|2283|0|||3|3|0|1|1|132|82|["132,18,5,3747","132,210,2,2131","132,82,5"]|636148148663980000|13:54:26:398
62|1.1|636147905646592330|880851|50071.3984375|11.90896874236|100.34933030059|-43522|-196554||50071.3984375|380||37993.75|377.75|50071.3984375|880851|AIQ3111|0|2283|0|||3|3|0|1|1|132|82|["132,18,5,3747","132,210,2,2131","132,82,5"]|636148148713980000|13:54:31:398
62|1.1|636147905696517322|880851|50076.375|11.92068997821|100.34914254624|-43541|-195257||50076.375|380||38006.25|377.75|50076.375|880851|AIQ3111|0|2283|0|||3|3|0|1|1|132|83|["132,18,5,3747","132,210,2,2131","132,82,5"]|636148148763750000|13:54:36:375
62|1.1|636147905746442314|880851|50081.375|11.93166556107|100.34896552071|-43559|-194042||50081.375|380||38000|377.75|50081.375|880851|AIQ3111|0|2283|0|||3|3|0|1|1|132|82|["132,18,5,3747","132,210,2,2131","132,82,5"]|636148148813750000|13:54:41:375
62|1.1|636147905796367306|880851|50086.375|11.94256067778|100.34877776636|-43577|-192837||50086.375|380||38000|377.75|50086.375|880851|AIQ3111|0|2283|0|||3|3|0|1|1|132|82|["132,18,5,3747","132,210,2,2131","132,82,5"]|636148148863750000|13:54:46:375
62|1.1|636147905846282297|880851|50091.359375|11.95325731132|100.34859537642|-43595|-191653||50091.359375|380||38000|377.75|50091.359375|880851|AIQ3111|0|2283|0|||3|3|0|1|1|132|82|["132,18,5,3747","132,210,2,2131","132,82,5"]|636148148913590000|13:54:51:359
62|1.1|636147905896207289|880851|50096.359375|11.9626343|100.34841835089|-43613|-190616||50096.359375|380||37993.75|377.75|50096.359375|880851|AIQ3111|0|2283|0|||3|3|0|1|1|132|82|["132,18,5,3747","132,210,2,2131","132,82,5"]|636148148963590000|13:54:56:359
62|1.1|636147905946122280|880851|50101.3359375|11.97375472193|100.34823059654|-43631|-189385||50101.3359375|380||38000|377.75|50101.3359375|880851|AIQ3111|0|2283|0|||3|3|0|1|1|132|83|["132,18,5,3747","132,210,2,2131","132,82,5"]|636148149013360000|13:55:01:336
62|1.1|636147905996047272|880851|50106.3359375|11.98390955006|100.34804284219|-43650|-188261||50106.3359375|380||38000|377.75|50106.3359375|880851|AIQ3111|0|2283|0|||3|3|0|1|1|132|82|["132,18,5,3747","132,210,2,2131","132,82,5"]|636148149063360000|13:55:06:336
62|1.1|636147906045972264|880851|50111.3359375|11.99449353099|100.34785508784|-43668|-187091||50111.3359375|380||38006.25|377.75|50111.3359375|880851|AIQ3111|0|2283|0|||3|3|0|1|1|132|82|["132,18,5,3747","132,210,2,2131","132,82,5"]|636148149113360000|13:55:11:336
62|1.1|636147906095887255|880851|50116.3203125|12.00507214751|100.34768342672|-43685|-185920||50116.3203125|380||38012.5|377.75|50116.3203125|880851|AIQ3111|0|2283|0|||3|3|0|1|1|132|82|["132,18,5,3747","132,210,2,2131","132,82,5"]|636148149163200000|13:55:16:320
62|1.1|636147906145812247|880851|50121.3203125|12.01490511104|100.3475654097|-43697|-184832||50121.3203125|380||37993.75|377.75|50121.3203125|880851|AIQ3111|0|2283|0|||3|3|0|1|1|132|82|["132,18,5,3747","132,210,2,2131","132,82,5"]|636148149213200000|13:55:21:320
62|1.1|636147906195737239|880851|50126.296875|12.02531743085|100.34731864684|-43722|-183680||50126.296875|380||38000|377.75|50126.296875|880851|AIQ3111|0|2283|0|||3|3|0|1|1|132|82|["132,18,5,3747","132,210,2,2131","132,82,5"]|636148149262970000|13:55:26:297
62|1.1|636147906245652230|880851|50131.296875|12.03555272513|100.34712552808|-43741|-182547||50131.296875|380||38000|377.75|50131.296875|880851|AIQ3111|0|2283|0|||3|3|0|1|1|132|82|["132,18,5,3747","132,210,2,2131","132,82,5"]|636148149312970000|13:55:31:297
62|1.1|636147906295587223|880851|50136.296875|12.04686626582|100.34688412963|-43765|-181296||50136.296875|380||38000|377.75|50136.296875|880851|AIQ3111|0|2283|0|||3|3|0|1|1|132|82|["132,18,5,3747","132,210,2,2131","132,82,5"]|636148149362970000|13:55:36:297
62|1.1|636147906345492213|880851|50141.28125|12.0567260514|100.34669637528|-43784|-180204||50141.28125|380||38000|377.75|50141.28125|880851|AIQ3111|0|2283|0|||3|3|0|1|1|132|82|["132,18,5,3747","132,210,2,2131","132,82,5"]|636148149412810000|13:55:41:281
62|1.1|636147906395417205|880851|50146.28125|12.06866186365|100.34647643447|-43806|-178884||50146.28125|380||38006.25|377.75|50146.28125|880851|AIQ3111|0|2283|0|||3|3|0|1|1|132|82|["132,18,5,3747","132,210,2,2131","132,82,5"]|636148149462810000|13:55:46:281
62|1.1|636147906445342197|880851|50151.2578125|12.07938531924|100.34628331571|-43825|-177697||50151.2578125|380||38012.5|377.75|50151.2578125|880851|AIQ3111|0|2283|0|||3|3|0|1|1|132|210|["132,18,5,3747","132,210,2,2131","132,82,5"]|636148149512580000|13:55:51:258
62|1.1|636147906495257188|880851|50156.2578125|12.09019460539|100.34614920546|-43838|-176501||50156.2578125|380||38018.75|377.75|50156.2578125|880851|AIQ3111|0|2283|0|||3|3|0|1|1|132|82|["132,18,5,3747","132,210,2,2131","132,82,5"]|636148149562580000|13:55:56:258
62|1.1|636147906545182180|880851|50161.2578125|12.09989882308|100.34593462906|-43859|-175427||50161.2578125|379.75||37975|377.5|50161.2578125|880851|AIQ3111|0|2283|0|||3|3|0|1|1|132|82|["132,18,5,3747","132,210,2,2131","132,82,5"]|636148149612580000|13:56:01:258
62|1.1|636147906595107172|880851|50166.2421875|12.11009656649|100.34570932384|-43882|-174299||50166.2421875|380||37968.75|377.5|50166.2421875|880851|AIQ3111|0|2283|0|||3|3|0|1|1|132|82|["132,18,5,3747","132,210,2,2131","132,82,5"]|636148149662420000|13:56:06:242
62|1.1|636147906645042165|880851|50171.2421875|12.12160322594|100.34550547626|-43902|-173026||50171.2421875|379.75||37968.75|377.5|50171.2421875|880851|AIQ3111|0|2283|0|||3|3|0|1|1|132|82|["132,18,5,3747","132,210,2,2131","132,82,5"]|636148149712420000|13:56:11:242
62|1.1|636147906694947155|880851|50176.21875|12.13226230861|100.3453660016|-43916|-171846||50176.21875|379.75||37975|377.5|50176.21875|880851|AIQ3111|0|2283|0|||3|3|0|1|1|132|82|["132,18,5,3747","132,210,2,2131","132,82,5"]|636148149762190000|13:56:16:219
62|1.1|636147906744872147|880851|50181.21875|12.1429321201|100.34517824725|-43934|-170666||50181.21875|380||37968.75|377.5|50181.21875|880851|AIQ3111|0|2283|0|||3|3|0|1|1|132|82|["132,18,5,3747","132,210,2,2131","132,82,5"]|636148149812190000|13:56:21:219
62|1.1|636147906794797139|880851|50186.21875|12.15375749948|100.34502804377|-43949|-169468||50186.21875|380||37993.75|377.75|50186.21875|880851|AIQ3111|0|2283|0|||3|3|0|1|1|132|82|["132,18,5,3747","132,210,2,2131","132,82,5"]|636148149862190000|13:56:26:219
62|1.1|636147906844712130|880851|50191.1953125|12.16468480265|100.34494757762|-43956|-168259||50191.1953125|380||38037.5|377.75|50191.1953125|880851|AIQ3111|0|2283|0|||3|3|0|1|1|132|82|["132,18,5,3747","132,210,2,2131","132,82,5"]|636148149911950000|13:56:31:195
62|1.1|636147906894637122|880851|50196.1953125|12.17568184315|100.34467935712|-43983|-167042||50196.1953125|380||38075|377.75|50196.1953125|880851|AIQ3111|0|2283|0|||3|3|0|1|1|132|82|["132,18,5,3747","132,210,2,2131","132,82,5"]|636148149961950000|13:56:36:195
62|1.1|636147906944562114|880851|50201.1796875|12.18620145116|100.34438431457|-44013|-165878||50201.1796875|380||38006.25|377.75|50201.1796875|880851|AIQ3111|0|2283|0|||3|3|0|1|1|132|82|["132,18,5,3747","132,210,2,2131","132,82,5"]|636148150011800000|13:56:41:180
62|1.1|636147906994487106|880851|50206.1796875|12.19607196556|100.34417510258|-44034|-164786||50206.1796875|380||38000|377.75|50206.1796875|880851|AIQ3111|0|2283|0|||3|3|0|1|1|132|83|["132,18,5,3747","132,210,2,2131","132,82,5"]|636148150061800000|13:56:46:180
62|1.1|636147907044412098|880851|50211.1796875|12.20702609078|100.34397661941|-44054|-163574||50211.1796875|380||38000|377.75|50211.1796875|880851|AIQ3111|0|2283|0|||3|3|0|1|1|132|83|["132,18,5,3747","132,210,2,2131","132,82,5"]|636148150111800000|13:56:51:180
62|1.1|636147907094327089|880851|50216.15625|12.21772808873|100.34379422947|-44072|-162390||50216.15625|380||38006.25|377.75|50216.15625|880851|AIQ3111|0|2283|0|||3|3|0|1|1|132|5|["132,18,5,3747","132,210,2,2131","132,82,5"]|636148150161560000|13:56:56:156
62|1.1|636147907144252081|880851|50221.15625|12.2277970863|100.34358501748|-44093|-161276||50221.15625|380||37993.75|377.75|50221.15625|880851|AIQ3111|0|2283|0|||3|3|0|1|1|132|5|["132,18,5,3747","132,210,2,2131","132,82,5"]|636148150211560000|13:57:01:156
62|1.1|636147907194177073|880851|50226.140625|12.23949686451|100.34340262754|-44111|-159981||50226.140625|380||38006.25|377.75|50226.140625|880851|AIQ3111|0|2283|0|||3|3|0|1|1|132|82|["132,18,5,3747","132,210,2,2131","132,82,5"]|636148150261410000|13:57:06:141
62|1.1|636147907244092064|880851|50231.140625|12.25081576961|100.34317732232|-44133|-158729||50231.140625|380||38006.25|377.75|50231.140625|880851|AIQ3111|0|2283|0|||3|3|0|1|1|132|82|["132,18,5,3747","132,210,2,2131","132,82,5"]|636148150311410000|13:57:11:141
62|1.1|636147907294017056|880851|50236.140625|12.26174307278|100.34299493238|-44151|-157520||50236.140625|380||38006.25|377.75|50236.140625|880851|AIQ3111|0|2283|0|||3|3|0|1|1|132|210|["132,18,5,3747","132,210,2,2131","132,82,5"]|636148150361410000|13:57:16:141
62|1.1|636147907343942048|880851|50241.1171875|12.27261673185|100.34282863567|-44167|-156317||50241.1171875|380||38012.5|377.75|50241.1171875|880851|AIQ3111|0|2283|0|||3|3|0|1|1|132|210|["132,18,5,3747","132,210,2,2131","132,82,5"]|636148150411170000|13:57:21:117
62|1.1|636147907393847038|880851|50246.1171875|12.28337773831|100.34267843219|-44182|-155126||50246.1171875|379.75||38025|377.75|50246.1171875|880851|AIQ3111|0|2283|0|||3|3|0|1|1|132|83|["132,18,5,3747","132,210,2,2131","132,82,5"]|636148150461170000|13:57:26:117
62|1.1|636147907443772030|880851|50251.1015625|12.29182668406|100.34248531343|-44201|-154191||50251.1015625|379.25||37925|377|50251.1015625|880851|AIQ3111|0|2283|0|||3|3|0|1|1|132|83|["132,18,5,3747","132,210,2,2131","132,82,5"]|636148150511020000|13:57:31:102
62|1.1|636147907493697022|880851|50256.1015625|12.30213171567|100.34230292349|-44219|-153051||50256.1015625|379||37875|376.25|50256.1015625|880851|AIQ3111|0|2283|0|||3|3|0|1|1|132|210|["132,18,5,3747","132,210,2,2131","132,82,5"]|636148150561020000|13:57:36:102
62|1.1|636147907543622014|880851|50261.1015625|12.31372420568|100.3420937115|-44240|-151768||50261.1015625|378||37800|375.5|50261.1015625|880851|AIQ3111|0|2283|-825|||3|3|2|1|1|132|210|["132,18,5,3747","132,210,2,2131","132,82,5"]|636148150611020000|13:57:41:102
62|1.1|636147907593537005|880851|50266.078125|12.32449057655|100.34191668597|-44258|-150577||50266.078125|377||37756.25|374.5|50266.078125|880851|AIQ3111|0|2283|-962.5|||3|3|2|1|1|132|210|["132,18,5,3747","132,210,2,2131","132,82,5"]|636148150660780000|13:57:46:078
62|1.1|636147907643461997|880851|50271.078125|12.33534277798|100.34175575367|-44273|-149376||50271.078125|376||37706.25|373.5|50271.078125|880851|AIQ3111|0|2283|-1062.5|||3|3|2|1|1|132|210|["132,18,5,3747","132,210,2,2131"]|636148150710780000|13:57:51:078
62|1.1|636147907693386989|880851|50276.0625|12.3460286827|100.34165382988|-44282|-148194||50276.0625|375||37656.25|372.25|50276.0625|880851|AIQ3111|0|2283|-1181.25|||3|3|2|1|1|132|210|["132,18,5,3747","132,210,2,2131"]|636148150760630000|13:57:56:063
62|1.1|636147907743301980|880851|50281.0625|12.35661266363|100.34166992311|-44279|-147023||50281.0625|373||37581.25|369.75|50281.0625|880851|AIQ3111|0|2283|-2068.75|||3|3|2|1|1|132|210|["132,18,5,3747","132,210,2,2131"]|636148150810630000|13:58:01:063
62|1.1|636147907793236973|880851|50286.0625|12.36713763605|100.34161627901|-44283|-145858||50286.0625|371||37343.75|367.25|50286.0625|880851|AIQ3111|0|2283|-2400|||3|3|2|1|1|132|210|["132,18,5,3747","132,210,2,2131"]|636148150860630000|13:58:06:063
62|1.1|636147907843151964|880851|50291.0390625|12.37755532027|100.34177721131|-44263|-144706||50291.0390625|369||37087.5|366.75|50291.0390625|880851|AIQ3111|0|2283|-2381.25|||3|3|2|1|1|132|210|["132,18,5,3747","132,210,2,2131"]|636148150910390000|13:58:11:039
62|1.1|636147907893076956|880851|50296.0390625|12.38813393679|100.34170747398|-44269|-143535||50296.0390625|367||36818.75|363|50296.0390625|880851|AIQ3111|0|2283|-2518.75|||3|3|2|1|1|132|210|["132,18,5,3747","132,210,2,2131"]|636148150960390000|13:58:16:039
62|1.1|636147907942991947|880851|50301.015625|12.39875010418|100.34162700783|-44276|-142361||50301.015625|363||36537.5|360.5|50301.015625|880851|AIQ3111|0|2283|-2675|||3|3|2|1|1|132|5|["132,18,5,3747","132,210,2,2131"]|636148151010160000|13:58:21:016
62|1.1|636147907992916939|880851|50306.015625|12.40919997486|100.34203470299|-44229|-141205||50306.015625|362||36268.75|358.25|50306.015625|880851|AIQ3111|0|2283|-2693.75|||3|3|2|1|1|132|210|["132,18,5,3747","132,210,2,2131"]|636148151060160000|13:58:26:016
62|1.1|636147908042841931|880851|50311.015625|12.41980541343|100.3421473556|-44216|-140031||50311.015625|358.5||36000|355.75|50311.015625|880851|AIQ3111|0|2283|-2775|||3|3|2|1|1|132|5|["132,18,5,3747","132,210,2,2131"]|636148151110160000|13:58:31:016
62|1.1|636147908092756922|880851|50316|12.43042158082|100.34242630492|-44183|-138857||50316|357||35718.75|353.5|50316|880851|AIQ3111|0|2283|-2793.75|||3|3|2|1|1|132|210|["132,18,5,3747","132,210,2,2131"]|636148151160000000|13:58:36:000
62|1.1|636147908142531899|880851|50321|12.44112357877|100.34227073703|-44198|-137673||50321|354||35425|350.75|50321|880851|AIQ3111|0|2283|-3168.75|||3|3|2|1|1|132|210|["132,18,5,3747","132,210,2,2131"]|636148151210000000|13:58:41:000
62|1.1|636147908192606906|880851|50325.9765625|12.45188994964|100.34198105889|-44228|-136482||50325.9765625|351||35106.25|347|50325.9765625|880851|AIQ3111|0|2283|-3506.25|||3|3|2|1|1|132|210|["132,18,5,3747","132,210,2,2131"]|636148151259770000|13:58:45:977
62|1.1|636147908242531898|880851|50330.9765625|12.46401351624|100.33979237961|-44464|-135140||50330.9765625|346.5||34612.5|343.75|50330.9765625|880851|AIQ3111|0|2283|-3625|||3|3|2|1|1|132|5|["132,18,5,3747","132,210,2,2131"]|636148151309770000|13:58:50:977
62|1.1|636147908292446889|880851|50335.9765625|12.4739698612|100.33939541327|-44505|-134038||50335.9765625|344.25||34350|341.25|50335.9765625|880851|AIQ3111|0|2283|-3443.75|||3|3|2|1|1|132|5|["132,18,5,3747","132,210,2,2131"]|636148151359770000|13:58:55:977
62|1.1|636147908342371881|880851|50340.9609375|12.48463967269|100.33903063339|-44543|-132858||50340.9609375|343||34068.75|340.75|50340.9609375|880851|AIQ3111|0|2283|-3387.5|||3|3|2|1|1|132|210|["132,18,5,3747","132,210,2,2131"]|636148151409610000|13:59:00:961
62|1.1|636147908392286872|880851|50345.9609375|12.49631262885|100.33867658233|-44579|-131566||50345.9609375|340||33743.75|335.25|50345.9609375|880851|AIQ3111|0|2283|-3425|||3|3|2|1|1|132|210|["132,18,5,3747","132,210,2,2131"]|636148151459610000|13:59:05:961
62|1.1|636147908442221865|880851|50350.9375|12.50774418656|100.33835471773|-44612|-130301||50350.9375|337||33450|332.25|50350.9375|880851|AIQ3111|0|2283|-3481.25|||3|3|2|1|1|132|210|["132,18,5,3747","132,210,2,2131"]|636148151509380000|13:59:10:938
62|1.1|636147908492126855|880851|50355.9375|12.51904163402|100.33814550574|-44633|-129051||50355.9375|332||33175|329.75|50355.9375|880851|AIQ3111|0|2283|-3387.5|||3|3|2|1|1|132|5|["132,18,5,3747","132,210,2,2131"]|636148151559380000|13:59:15:938
62|1.1|636147908541891831|880851|50360.9375|12.52863856351|100.33786655642|-44662|-127989||50360.9375|331||32931.25|327|50360.9375|880851|AIQ3111|0|2283|-3368.75|||3|3|2|1|1|132|210|["132,18,5,3747","132,210,2,2131"]|636148151609380000|13:59:20:938
62|1.1|636147908591826824|880851|50365.921875|12.53885776456|100.33771098853|-44676|-126859||50365.921875|328||32668.75|324.25|50365.921875|880851|AIQ3111|0|2283|-3325|||3|3|2|1|1|132|210|["132,18,5,3747","132,210,2,2131"]|636148151659220000|13:59:25:922
62|1.1|636147908641751816|880851|50370.921875|12.54944174549|100.33752859859|-44694|-125687||50370.921875|326||32418.75|321.75|50370.921875|880851|AIQ3111|0|2283|-3250|||3|3|2|1|1|132|210|["132,18,5,3747","132,210,2,2131"]|636148151709220000|13:59:30:922
62|1.1|636147908691816822|880851|50375.8984375|12.56130782041|100.3373193866|-44715|-124375||50375.8984375|322||32075|319.25|50375.8984375|880851|AIQ3111|0|2283|-3562.5|||3|3|2|1|1|132|210|["132,18,5,3747","132,210,2,2131"]|636148151758980000|13:59:35:898
62|1.1|636147908741741814|880851|50380.8984375|12.57365132782|100.33717454753|-44729|-123009||50380.8984375|318||31762.5|315.25|50380.8984375|880851|AIQ3111|0|2283|-3718.75|||3|3|2|1|1|132|5|["132,18,5,3747","132,210,2,2131"]|636148151808980000|13:59:40:898
62|1.1|636147908791506790|880851|50385.8984375|12.58502924143|100.33697069995|-44749|-121750||50385.8984375|316.25||31468.75|312.5|50385.8984375|880851|AIQ3111|0|2283|-3525|||3|3|2|1|1|132|210|["132,18,5,3747","132,210,2,2131"]|636148151858980000|13:59:45:898
62|1.1|636147908841431782|880851|50390.875|12.59623012951|100.33677758119|-44768|-120511||50390.875|314||31181.25|309.75|50390.875|880851|AIQ3111|0|2283|-3481.25|||3|3|2|1|1|132|210|["132,18,5,3747","132,210,2,2131"]|636148151908750000|13:59:50:875
62|1.1|636147908891346773|880851|50395.875|12.60710915299|100.33660592007|-44784|-119307||50395.875|311||30900|306.75|50395.875|880851|AIQ3111|0|2283|-3462.5|||3|3|2|1|1|132|210|["132,18,5,3747","132,210,2,2131"]|636148151958750000|13:59:55:875
62|1.1|636147908941271765|880851|50400.859375|12.61806327821|100.33641816572|-44803|-118095||50400.859375|308||30612.5|304|50400.859375|880851|AIQ3111|0|2283|-3462.5|||3|3|2|1|1|132|210|["132,18,5,3747","132,210,2,2131"]|636148152008590000|14:00:00:859
62|1.1|636147908991196757|880851|50405.859375|12.62888329318|100.33628405547|-44815|-116898||50405.859375|303.5||30312.5|301|50405.859375|880851|AIQ3111|0|2283|-3506.25|||3|3|2|1|1|132|83|["132,18,5,3747","132,210,2,2131"]|636148152058590000|14:00:05:859
62|1.1|636147909041121749|880851|50410.859375|12.64062598667|100.33607484348|-44836|-115599||50410.859375|300.75||30037.5|298.5|50410.859375|880851|AIQ3111|0|2283|-3506.25|||3|3|2|1|1|132|5|["132,18,5,3747","132,210,2,2131"]|636148152108590000|14:00:10:859
62|1.1|636147909091036740|880851|50415.8359375|12.64999224653|100.33590318236|-44853|-114563||50415.8359375|298||29800|296|50415.8359375|880851|AIQ3111|0|2283|-3700|||3|3|2|1|1|132|83|["132,18,5,3747","132,210,2,2131"]|636148152158360000|14:00:15:836
62|1.1|636147909140961732|880851|50420.8359375|12.66121995666|100.3357100636|-44872|-113320||50420.8359375|296||29518.75|292.25|50420.8359375|880851|AIQ3111|0|2283|-3975|||3|3|2|1|1|132|5|["132,18,5,3747","132,210,2,2131"]|636148152208360000|14:00:20:836
62|1.1|636147909190886724|880851|50425.8203125|12.67251740412|100.33551694484|-44891|-112071||50425.8203125|293.5||29262.5|290.5|50425.8203125|880851|AIQ3111|0|2283|-3206.25|||3|3|2|1|1|132|83|["132,18,5,3747","132,210,2,2131"]|636148152258200000|14:00:25:820
62|1.1|636147909240801715|880851|50430.8203125|12.68267759666|100.33531846167|-44911|-110946||50430.8203125|292||29050|288.75|50430.8203125|880851|AIQ3111|0|2283|-2793.75|||3|3|2|1|1|132|210|["132,18,5,3747","132,210,2,2131"]|636148152308200000|14:00:30:820
62|1.1|636147909290726707|880851|50435.8203125|12.69342250989|100.3351199785|-44930|-109757||50435.8203125|289.5||28806.25|287.5|50435.8203125|880851|AIQ3111|0|2283|-3068.75|||3|3|2|1|1|132|210|["132,18,5,3747","132,210,2,2131"]|636148152358200000|14:00:35:820
62|1.1|636147909340641698|880851|50440.796875|12.70531004245|100.33492149533|-44950|-108442||50440.796875|286.5||28568.75|283.5|50440.796875|880851|AIQ3111|0|2283|-2581.25|||3|3|2|1|1|132|83|["132,18,5,3747","132,210,2,2131"]|636148152407970000|14:00:40:797
62|1.1|636147909390566690|880851|50445.796875|12.71541122648|100.33471764775|-44970|-107325||50445.796875|285||28387.5|282.25|50445.796875|880851|AIQ3111|0|2283|-2162.5|||3|3|2|1|1|132|210|["132,18,5,3747","132,210,2,2131"]|636148152457970000|14:00:45:797
62|1.1|636147909440481681|880851|50450.78125|12.72571625809|100.3345298934|-44988|-106184||50450.78125|281.25||28137.5|279|50450.78125|880851|AIQ3111|0|2283|-2693.75|||3|3|2|1|1|132|5|["132,18,5,3747","132,210,2,2131"]|636148152507810000|14:00:50:781
62|1.1|636147909490406673|880851|50455.78125|12.73613394231|100.33434750346|-45006|-105032||50455.78125|279.25||27887.5|276.5|50455.78125|880851|AIQ3111|0|2283|-2775|||3|3|2|1|1|132|210|["132,18,5,3747","132,210,2,2131"]|636148152557810000|14:00:55:781
62|1.1|636147909540331665|880851|50460.78125|12.74686812672|100.33417047793|-45024|-103844||50460.78125|277||27618.75|274|50460.78125|880851|AIQ3111|0|2283|-2912.5|||3|3|2|1|1|132|210|["132,18,5,3747","132,210,2,2131"]|636148152607810000|14:01:00:781
62|1.1|636147909590256657|880851|50465.7578125|12.75755403144|100.33397735917|-45042|-102662||50465.7578125|274||27331.25|271.25|50465.7578125|880851|AIQ3111|0|2283|-3087.5|||3|3|2|1|1|132|114|["132,18,5,3747","132,114,5,582","132,210,2,2131"]|636148152657580000|14:01:05:758
62|1.1|636147909640181649|880851|50470.7578125|12.76958103866|100.33376814718|-45063|-101331||50470.7578125|270.75||27043.75|268|50470.7578125|880851|AIQ3111|0|2283|-3306.25|||3|3|2|1|1|132|83|["132,18,5,3747","132,114,5,582","132,210,2,2131"]|636148152707580000|14:01:10:758
62|1.1|636147909690096640|880851|50475.7421875|12.78070146059|100.33358039283|-45081|-100101||50475.7421875|269||26768.75|265.25|50475.7421875|880851|AIQ3111|0|2283|-3306.25|||3|3|2|1|1|132|210|["132,18,5,3747","132,114,5,582","132,210,2,2131"]|636148152757420000|14:01:15:742
62|1.1|636147909740021632|880851|50480.7421875|12.79213838271|100.33339263848|-45100|-98835||50480.7421875|267||26493.75|263.75|50480.7421875|880851|AIQ3111|0|2283|-2856.25|||3|3|2|1|1|132|210|["132,18,5,3747","132,114,5,582","132,210,2,2131"]|636148152807420000|14:01:20:742
62|1.1|636147909789936623|880851|50485.7421875|12.80309787234|100.33319951972|-45119|-97623||50485.7421875|265||26381.25|262|50485.7421875|880851|AIQ3111|0|2283|-2537.5|||3|3|2|1|1|132|210|["132,18,5,3747","132,114,5,582","132,210,2,2131"]|636148152857420000|14:01:25:742
62|1.1|636147909839861615|880851|50490.71875|12.81390179408|100.33300103655|-45138|-96428||50490.71875|263||26212.5|260|50490.71875|880851|AIQ3111|0|2283|-2418.75|||3|3|2|1|1|132|210|["132,18,5,3747","132,114,5,582","132,210,2,2131"]|636148152907190000|14:01:30:719
62|1.1|636147909889786607|880851|50495.71875|12.8243731224|100.33280255338|-45158|-95269||50495.71875|261||26006.25|258|50495.71875|880851|AIQ3111|0|2283|-2518.75|||3|3|2|1|1|132|210|["132,18,5,3747","132,114,5,582","132,210,2,2131"]|636148152957190000|14:01:35:719
62|1.1|636147909939711599|880851|50500.6953125|12.83377156872|100.33260943462|-45177|-94229||50500.6953125|259||25812.5|255.75|50500.6953125|880851|AIQ3111|0|2283|-2481.25|||3|3|2|1|1|132|114|["132,18,5,3747","132,114,4,582","132,210,2,2131"]|636148153006950000|14:01:40:695
62|1.1|636147909989626590|880851|50505.6953125|12.84329876088|100.33242704468|-45195|-93175||50505.6953125|257||25612.5|253.75|50505.6953125|880851|AIQ3111|0|2283|-2462.5|||3|3|2|1|1|132|114|["132,18,5,3747","132,114,4,582","132,210,2,2131"]|636148153056950000|14:01:45:695
62|1.1|636147910039551582|880851|50510.6953125|12.85470349654|100.33225001915|-45212|-91913||50510.6953125|254.25||25375|251.5|50510.6953125|880851|AIQ3111|0|2283|-2556.25|||3|3|2|1|1|132|114|["132,18,5,3747","132,114,5,585","132,210,2,2131"]|636148153106950000|14:01:50:695
62|1.1|636147910089466573|880851|50515.6796875|12.86582928288|100.33203544275|-45233|-90682||50515.6796875|252||25143.75|249.25|50515.6796875|880851|AIQ3111|0|2283|-2618.75|||3|3|2|1|1|132|83|["132,18,5,3747","132,114,5,585","132,210,2,2131"]|636148153156800000|14:01:55:680
62|1.1|636147910139391565|880851|50520.6796875|12.87652055201|100.33182623076|-45254|-89499||50520.6796875|251||24943.75|247|50520.6796875|880851|AIQ3111|0|2283|-2600|||3|3|2|1|1|132|210|["132,18,5,3747","132,114,5,585","132,210,2,2131"]|636148153206800000|14:02:00:680
62|1.1|636147910189316557|880851|50525.65625|12.88761415189|100.33158483231|-45278|-88272||50525.65625|247.5||24731.25|245.25|50525.65625|880851|AIQ3111|0|2283|-2400|||3|3|2|1|1|132|5|["132,18,5,3747","132,114,5,585","132,210,2,2131"]|636148153256560000|14:02:05:656
62|1.1|636147910239241549|880851|50530.65625|12.89627230963|100.3314185356|-45295|-87314||50530.65625|246||24575|243.5|50530.65625|880851|AIQ3111|0|2283|-2400|||3|3|2|1|1|132|210|["132,18,5,3747","132,114,5,585","132,210,2,2131"]|636148153306560000|14:02:10:656
62|1.1|636147910289156540|880851|50535.65625|12.90613745962|100.33123078125|-45313|-86223||50535.65625|244||24387.5|241.25|50535.65625|880851|AIQ3111|0|2283|-2462.5|||3|3|2|1|1|132|210|["132,18,5,3747","132,114,5,585","132,210,2,2131"]|636148153356560000|14:02:15:656
62|1.1|636147910339081532|880851|50540.640625|12.91597578756|100.33105375572|-45331|-85134||50540.640625|242||24193.75|238.75|50540.640625|880851|AIQ3111|0|2283|-2556.25|||3|3|2|1|1|132|210|["132,18,5,3747","132,114,5,585","132,210,2,2131"]|636148153406410000|14:02:20:641
62|1.1|636147910388996523|880851|50545.640625|12.92594286134|100.33089282342|-45347|-84031||50545.640625|240||24000|236.75|50545.640625|880851|AIQ3111|0|2283|-2556.25|||3|3|2|1|1|132|114|["132,18,5,3747","132,114,4,585","132,210,2,2131"]|636148153456410000|14:02:25:641
62|1.1|636147910438921515|880851|50550.6171875|12.93776602098|100.3308284505|-45351|-82723||50550.6171875|237.25||23712.5|234.75|50550.6171875|880851|AIQ3111|0|2283|-2481.25|||3|3|2|1|1|132|83|["132,18,5,3747","132,114,4,585","132,210,2,2131"]|636148153506170000|14:02:30:617
62|1.1|636147910488846507|880851|50555.6171875|12.9483982816|100.3306675182|-45367|-81547||50555.6171875|235.5||23493.75|232.75|50555.6171875|880851|AIQ3111|0|2283|-2481.25|||3|3|2|1|1|132|114|["132,18,5,3747","132,114,5,587","132,210,2,2131"]|636148153556170000|14:02:35:617
62|1.1|636147910538791501|880851|50560.6171875|12.95826343159|100.33042611975|-45391|-80455||50560.6171875|233.25||23293.75|230.75|50560.6171875|880851|AIQ3111|0|2283|-2400|||3|3|2|1|1|132|5|["132,18,5,3747","132,114,5,587","132,210,2,2131"]|636148153606170000|14:02:40:617
62|1.1|636147910588696491|880851|50565.6015625|12.96730246244|100.33023300099|-45410|-79456||50565.6015625|231.75||23125|229|50565.6015625|880851|AIQ3111|0|2283|-2243.75|||3|3|2|1|1|132|114|["132,18,5,3747","132,114,5,587","132,210,2,2131"]|636148153656020000|14:02:45:602
62|1.1|636147910638611482|880851|50570.6015625|12.97687793429|100.33004524664|-45429|-78396||50570.6015625|229.5||22931.25|227.25|50570.6015625|880851|AIQ3111|0|2283|-2243.75|||3|3|2|1|1|132|114|["132,18,5,3747","132,114,5,587","132,210,2,2131"]|636148153706020000|14:02:50:602
62|1.1|636147910688526473|880851|50575.578125|12.98665725372|100.32985749229|-45447|-77314||50575.578125|228||22725|225|50575.578125|880851|AIQ3111|0|2283|-2343.75|||3|3|2|1|1|132|210|["132,18,5,3747","132,114,5,587","132,210,2,2131"]|636148153755780000|14:02:55:578
62|1.1|636147910738451465|880851|50580.578125|12.99664042073|100.32967510235|-45465|-76209||50580.578125|226||22506.25|222.75|50580.578125|880851|AIQ3111|0|2283|-2481.25|||3|3|2|1|1|132|210|["132,18,5,3747","132,114,5,587","132,210,2,2131"]|636148153805780000|14:03:00:578
62|1.1|636147910788376457|880851|50585.578125|13.00715466433|100.32948198359|-45484|-75046||50585.578125|222.75||22275|220.75|50585.578125|880851|AIQ3111|0|2283|-2537.5|||3|3|2|1|1|132|83|["132,18,5,3747","132,114,5,587","132,210,2,2131"]|636148153855780000|14:03:05:578
62|1.1|636147910838291448|880851|50590.5625|13.0175991706|100.32932105129|-45500|-73891||50590.5625|220.75||22075|218.5|50590.5625|880851|AIQ3111|0|2283|-2618.75|||3|3|2|1|1|132|5|["132,18,5,3747","132,114,5,587","132,210,2,2131"]|636148153905630000|14:03:10:563
62|1.1|636147910888226441|880851|50595.5625|13.02845137203|100.32914402576|-45517|-72690||50595.5625|219.25||21862.5|216.5|50595.5625|880851|AIQ3111|0|2283|-2581.25|||3|3|2|1|1|132|114|["132,18,5,3747","132,114,5,587","132,210,2,2131"]|636148153955630000|14:03:15:563
62|1.1|636147910938141432|880851|50600.5390625|13.0379839286|100.32897236464|-45534|-71635||50600.5390625|217.25||21675|214.75|50600.5390625|880851|AIQ3111|0|2283|-2462.5|||3|3|2|1|1|132|114|["132,18,5,3747","132,114,5,587","132,210,2,2131"]|636148154005390000|14:03:20:539
62|1.1|636147910988056423|880851|50605.5390625|13.04751112076|100.32880606793|-45550|-70581||50605.5390625|215||21500|212.75|50605.5390625|880851|AIQ3111|0|2283|-2537.5|||3|3|2|1|1|132|114|["132,18,5,3747","132,114,5,587","132,210,2,2131"]|636148154055390000|14:03:25:539
62|1.1|636147911037981415|880851|50610.5390625|13.05752110982|100.32862367799|-45568|-69474||50610.5390625|213.25||21281.25|210.75|50610.5390625|880851|AIQ3111|0|2283|-2281.25|||3|3|2|1|1|132|114|["132,18,5,3747","132,114,5,587","132,210,2,2131"]|636148154105390000|14:03:30:539
62|1.1|636147911087906407|880851|50615.515625|13.06709121726|100.32845201687|-45585|-68415||50615.515625|210.75||21081.25|208.75|50615.515625|880851|AIQ3111|0|2283|-2306.25|||3|3|2|1|1|132|83|["132,18,5,3747","132,114,5,587","132,210,2,2131"]|636148154155160000|14:03:35:516
62|1.1|636147911137821398|880851|50620.515625|13.07650575681|100.32829644898|-45600|-67373||50620.515625|209.25||20893.75|206.75|50620.515625|880851|AIQ3111|0|2283|-2343.75|||3|3|2|1|1|132|83|["132,18,5,3747","132,114,5,587","132,210,2,2131"]|636148154205160000|14:03:40:516
62|1.1|636147911187756391|880851|50625.5|13.08629044065|100.32813015227|-45616|-66291||50625.5|208||20693.75|204.75|50625.5|880851|AIQ3111|0|2283|-2381.25|||3|3|2|1|1|132|18|["132,18,5,3747","132,114,5,587","132,210,2,2131"]|636148154255000000|14:03:45:500
62|1.1|636147911237681383|880851|50630.5|13.09671885369|100.32792630469|-45636|-65137||50630.5|205.25||20525|203.25|50630.5|880851|AIQ3111|0|2283|-2262.5|||3|3|2|1|1|132|5|["132,18,5,3747","132,114,5,587","132,210,2,2131"]|636148154305000000|14:03:50:500
62|1.1|636147911287596374|880851|50635.5|13.10619776616|100.32774927916|-45654|-64088||50635.5|204.25||20362.5|201.5|50635.5|880851|AIQ3111|0|2283|-2206.25|||3|3|2|1|1|132|18|["132,18,5,3747","132,114,5,587"]|636148154355000000|14:03:55:500
62|1.1|636147911337521366|880851|50640.4765625|13.11780098499|100.32754543158|-45674|-62804||50640.4765625|201.25||20125|199.25|50640.4765625|880851|AIQ3111|0|2283|-2281.25|||3|3|2|1|1|132|83|["132,18,5,3747","132,114,5,587"]|636148154404770000|14:04:00:477
62|1.1|636147911387436357|880851|50645.4765625|13.12703849901|100.32736840605|-45691|-61782||50645.4765625|200.5||19956.25|197.5|50645.4765625|880851|AIQ3111|0|2283|-2243.75|||3|3|2|1|1|132|18|["132,18,5,3747","132,114,5,587"]|636148154454770000|14:04:05:477
62|1.1|636147911437371350|880851|50650.4609375|13.13696802192|100.32718601611|-45709|-60684||50650.4609375|199||19768.75|195.75|50650.4609375|880851|AIQ3111|0|2283|-2206.25|||3|3|2|1|1|132|18|["132,18,5,3747","132,114,5,587"]|636148154504610000|14:04:10:461
62|1.1|636147911487276340|880851|50655.4609375|13.14728914676|100.32700362617|-45727|-59542||50655.4609375|197.75||19681.25|194.75|50655.4609375|880851|AIQ3111|0|2283|-1812.5|||3|3|2|1|1|132|18|["132,18,5,3747","132,114,5,587"]|636148154554610000|14:04:15:461
62|1.1|636147911537211333|880851|50660.4609375|13.15601167742|100.32679977859|-45747|-58577||50660.4609375|196.75||19593.75|194|50660.4609375|880851|AIQ3111|0|2283|-1356.25|||3|3|2|1|1|132|18|["132,18,5,3747"]|636148154604610000|14:04:20:461
62|1.1|636147911587126324|880851|50665.4375|13.16537257287|100.32662275306|-45765|-57541||50665.4375|195.75||19475|193.25|50665.4375|880851|AIQ3111|0|2283|-1237.5|||3|3|2|1|1|132|18|["132,18,5,3747"]|636148154654380000|14:04:25:438
62|1.1|636147911637071318|880851|50670.4375|13.17396099328|100.3264296343|-45784|-56591||50670.4375|194.5||19431.25|192.5|50670.4375|880851|AIQ3111|0|2283|-1100|||3|3|2|1|1|132|5|["132,18,5,3747"]|636148154704380000|14:04:30:438
62|1.1|636147911686966307|880851|50675.421875|13.18445914365|100.32622578672|-45804|-55429||50675.421875|193.75||19318.75|191.25|50675.421875|880851|AIQ3111|0|2283|-1143.75|||3|3|2|1|1|132|18|["132,18,5,3747"]|636148154754220000|14:04:35:422
62|1.1|636147911736891299|880851|50680.421875|13.19421164103|100.32604339678|-45822|-54350||50680.421875|192.75||19225|190.25|50680.421875|880851|AIQ3111|0|2283|-1181.25|||3|3|2|1|1|132|18|["132,18,5,3747"]|636148154804220000|14:04:40:422
62|1.1|636147911786826292|880851|50685.421875|13.20295026492|100.32585027802|-45841|-53384||50685.421875|191.75||19131.25|189.25|50685.421875|880851|AIQ3111|0|2283|-1181.25|||3|3|2|1|1|132|18|["132,18,5,3747"]|636148154854220000|14:04:45:422
62|1.1|636147911836731282|880851|50690.3984375|13.21223069422|100.32565715926|-45860|-52357||50690.3984375|190.75||19031.25|188.25|50690.3984375|880851|AIQ3111|0|2283|-1200|||3|3|2|1|1|132|18|["132,18,5,3747"]|636148154903980000|14:04:50:398
62|1.1|636147911886666275|880851|50695.3984375|13.22213875949|100.32548013373|-45878|-51260||50695.3984375|189||18906.25|187|50695.3984375|880851|AIQ3111|0|2283|-1262.5|||3|3|2|1|1|132|5|["132,18,5,3747"]|636148154953980000|14:04:55:398
62|1.1|636147911936581266|880851|50700.375|13.2308881122|100.32531920143|-45894|-50292||50700.375|188.75||18831.25|186.25|50700.375|880851|AIQ3111|0|2283|-1218.75|||3|3|2|1|1|132|18|["132,18,5,3747"]|636148155003750000|14:05:00:375
62|1.1|636147911986506258|880851|50705.375|13.24147209313|100.32512071826|-45913|-49122||50705.375|187.75||18712.5|185.25|50705.375|880851|AIQ3111|0|2283|-1218.75|||3|3|2|1|1|132|18|["132,18,5,3747"]|636148155053750000|14:05:05:375
62|1.1|636147912036431250|880851|50710.375|13.25140161604|100.32494369273|-45931|-48023||50710.375|186.5||18612.5|184|50710.375|880851|AIQ3111|0|2283|-1237.5|||3|3|2|1|1|132|18|["132,18,5,3747"]|636148155103750000|14:05:10:375
62|1.1|636147912086336240|880851|50715.359375|13.25995784999|100.32473448074|-45951|-47076||50715.359375|185.5||18512.5|183|50715.359375|880851|AIQ3111|0|2283|-1218.75|||3|3|2|1|1|132|18|["132,18,5,3747"]|636148155153590000|14:05:15:359
62|1.1|636147912136261232|880851|50720.359375|13.27033261893|100.32454672639|-45970|-45928||50720.359375|184.5||18393.75|182|50720.359375|880851|AIQ3111|0|2283|-1262.5|||3|3|2|1|1|132|18|["132,18,5,3747"]|636148155203590000|14:05:20:359
62|1.1|636147912186186224|880851|50725.3359375|13.27901759872|100.32434824322|-45990|-44968||50725.3359375|183.5||18312.5|181|50725.3359375|880851|AIQ3111|0|2283|-1200|||3|3|2|1|1|132|18|["132,18,5,3747"]|636148155253360000|14:05:25:336
62|1.1|636147912236101215|880851|50730.3359375|13.28828193479|100.32416048887|-46008|-43942||50730.3359375|182.5||18212.5|180|50730.3359375|880851|AIQ3111|0|2283|-1200|||3|3|2|1|1|132|18|["132,18,5,3747"]|636148155303360000|14:05:30:336
62|1.1|636147912286026207|880851|50735.3359375|13.29912877181|100.32395127688|-46029|-42742||50735.3359375|181.5||18087.5|179|50735.3359375|880851|AIQ3111|0|2283|-1218.75|||3|3|2|1|1|132|18|["132,18,5,3747"]|636148155353360000|14:05:35:336
62|1.1|636147912335971201|880851|50740.3203125|13.30896709975|100.32376888694|-46047|-41654||50740.3203125|180||17981.25|177.5|50740.3203125|880851|AIQ3111|0|2283|-1318.75|||3|3|2|1|1|132|18|["132,18,5,3747"]|636148155403200000|14:05:40:320
62|1.1|636147912385876191|880851|50745.3203125|13.31705126562|100.32355431054|-46068|-40759||50745.3203125|179||17893.75|177|50745.3203125|880851|AIQ3111|0|2283|-1218.75|||3|3|2|1|1|132|18|["132,18,5,3747"]|636148155453200000|14:05:45:320
62|1.1|636147912435811184|880851|50750.296875|13.32625122877|100.32336119178|-46087|-39741||50750.296875|178||17793.75|175.5|50750.296875|880851|AIQ3111|0|2283|-1281.25|||3|3|2|1|1|132|18|["132,18,5,3747"]|636148155502970000|14:05:50:297
62|1.1|636147912485716174|880851|50755.296875|13.33681911647|100.32316270861|-46107|-38572||50755.296875|176.75||17656.25|174.5|50755.296875|880851|AIQ3111|0|2283|-1281.25|||3|3|2|1|1|132|5|["132,18,5,3747"]|636148155552970000|14:05:55:297
62|1.1|636147912535631165|880851|50760.296875|13.34648578329|100.32296958985|-46126|-37503||50760.296875|176||17537.5|173.5|50760.296875|880851|AIQ3111|0|2283|-1262.5|||3|3|2|1|1|132|18|["132,18,5,3747"]|636148155602970000|14:06:00:297
62|1.1|636147912585556157|880851|50765.28125|13.3560397975|100.32278719991|-46144|-36446||50765.28125|175||17437.5|172.5|50765.28125|880851|AIQ3111|0|2283|-1262.5|||3|3|2|1|1|132|18|["132,18,5,3747"]|636148155652810000|14:06:05:281
62|1.1|636147912635491150|880851|50770.28125|13.36367335293|100.32255116587|-46168|-35601||50770.28125|173.75||17343.75|171.5|50770.28125|880851|AIQ3111|0|2283|-1218.75|||3|3|2|1|1|132|18|["132,18,5,3747"]|636148155702810000|14:06:10:281
62|1.1|636147912685406141|880851|50775.2578125|13.37270701937|100.32237414034|-46186|-34602||50775.2578125|172.75||17237.5|170.25|50775.2578125|880851|AIQ3111|0|2283|-1262.5|||3|3|2|1|1|132|18|["132,18,5,3747"]|636148155752580000|14:06:15:258
62|1.1|636147912735321132|880851|50780.2578125|13.38185870283|100.32219711481|-46203|-33589||50780.2578125|171.75||17137.5|169.25|50780.2578125|880851|AIQ3111|0|2283|-1262.5|||3|3|2|1|1|132|18|["132,18,5,3747"]|636148155802580000|14:06:20:258
62|1.1|636147912785246124|880851|50785.2578125|13.39105866598|100.32202545369|-46220|-32571||50785.2578125|171||17037.5|168.5|50785.2578125|880851|AIQ3111|0|2283|-1200|||3|3|2|1|1|132|18|["132,18,5,3747"]|636148155852580000|14:06:25:258
62|1.1|636147912835181117|880851|50790.2421875|13.40053757845|100.32179478406|-46243|-31522||50790.2421875|170.25||16956.25|167.75|50790.2421875|880851|AIQ3111|0|2283|-1125|||3|3|2|1|1|132|18|["132,18,5,3747"]|636148155902420000|14:06:30:242
62|1.1|636147912885086107|880851|50795.2421875|13.40965171104|100.32162848735|-46259|-30514||50795.2421875|169.5||16887.5|167|50795.2421875|880851|AIQ3111|0|2283|-1025|||3|3|2|1|1|132|18|["132,18,5,3747"]|636148155952420000|14:06:35:242
62|1.1|636147912935011099|880851|50800.21875|13.41824013145|100.32158557207|-46262|-29564||50800.21875|168.75||16825|166.25|50800.21875|880851|AIQ3111|0|2283|-962.5|||3|3|2|1|1|132|114|["132,18,5,3747","132,114,4,587"]|636148156002190000|14:06:40:219
62|1.1|636147912984926090|880851|50805.21875|13.42698411975|100.32145146182|-46275|-28596||50805.21875|168||16762.5|165.75|50805.21875|880851|AIQ3111|0|2283|-925|||3|3|2|1|1|132|114|["132,18,5,3747","132,114,4,587"]|636148156052190000|14:06:45:219
62|1.1|636147913034851082|880851|50810.21875|13.43560472662|100.32140854654|-46278|-27643||50810.21875|167||16687.5|165|50810.21875|880851|AIQ3111|0|2283|-843.75|||3|3|2|1|1|132|114|["132,18,5,3747","132,114,5,605"]|636148156102190000|14:06:50:219
62|1.1|636147913084776074|880851|50815.1953125|13.44425751995|100.32116178368|-46303|-26685||50815.1953125|166.5||16618.75|164.25|50815.1953125|880851|AIQ3111|0|2283|-868.75|||3|3|2|1|1|132|18|["132,18,5,3747","132,114,5,605"]|636148156151950000|14:06:55:195
62|1.1|636147913134701066|880851|50820.1953125|13.45247579607|100.32105985989|-46312|-25776||50820.1953125|165.75||16550|163.5|50820.1953125|880851|AIQ3111|0|2283|-887.5|||3|3|2|1|1|132|114|["132,18,5,3747","132,114,5,605"]|636148156201950000|14:07:00:195
62|1.1|636147913184636059|880851|50825.1796875|13.45991086833|100.32069508001|-46351|-24953||50825.1796875|165||16500|163|50825.1796875|880851|AIQ3111|0|2283|-825|||3|3|2|1|1|132|114|["132,18,5,3747","132,114,5,605"]|636148156251800000|14:07:05:180
62|1.1|636147913234541049|880851|50830.1796875|13.46835981408|100.3204751392|-46373|-24018||50830.1796875|164.5||16431.25|162.25|50830.1796875|880851|AIQ3111|0|2283|-825|||3|3|2|1|1|132|18|["132,18,5,3747","132,114,5,605"]|636148156301800000|14:07:10:180
62|1.1|636147913284456040|880851|50835.1796875|13.4771681753|100.32021228311|-46399|-23044||50835.1796875|164||16368.75|161.75|50835.1796875|880851|AIQ3111|0|2283|-750|||3|3|2|1|1|132|18|["132,18,5,3747","132,114,5,605"]|636148156351800000|14:07:15:180
62|1.1|636147913334381032|880851|50840.15625|13.48531671409|100.31990651174|-46431|-22143||50840.15625|163.25||16318.75|161.25|50840.15625|880851|AIQ3111|0|2283|-706.25|||3|3|2|1|1|132|114|["132,18,5,3747","132,114,5,605"]|636148156401560000|14:07:20:156
62|1.1|636147913384306024|880851|50845.15625|13.49222070976|100.31971875739|-46450|-21379||50845.15625|162.75||16268.75|160.75|50845.15625|880851|AIQ3111|0|2283|-668.75|||3|3|2|1|1|132|18|["132,18,5,3747","132,114,5,605"]|636148156451560000|14:07:25:156
62|1.1|636147913434231016|880851|50850.140625|13.49988108724|100.31952027422|-46470|-20531||50850.140625|162.25||16206.25|160|50850.140625|880851|AIQ3111|0|2283|-668.75|||3|3|2|1|1|132|18|["132,18,5,3747","132,114,5,605"]|636148156501410000|14:07:30:141
62|1.1|636147913484176010|880851|50855.140625|13.50754682913|100.31933788428|-46488|-19683||50855.140625|161.5||16156.25|159.5|50855.140625|880851|AIQ3111|0|2283|-668.75|||3|3|2|1|1|132|18|["132,18,5,3747","132,114,5,605"]|636148156551410000|14:07:35:141
62|1.1|636147913534081000|880851|50860.140625|13.51629081743|100.31917158757|-46505|-18716||50860.140625|160.75||16062.5|158.5|50860.140625|880851|AIQ3111|0|2283|-806.25|||3|3|2|1|1|132|18|["132,18,5,3747","132,114,5,605"]|636148156601410000|14:07:40:141
62|1.1|636147913583995991|880851|50865.1171875|13.52402093224|100.3190267485|-46519|-17860||50865.1171875|159.25||15943.75|157.5|50865.1171875|880851|AIQ3111|0|2283|-1062.5|||3|3|2|1|1|132|5|["132,18,5,3747","132,114,5,605"]|636148156651170000|14:07:45:117
62|1.1|636147913633910982|880851|50870.1171875|13.53072108033|100.31888190943|-46533|-17119||50870.1171875|158.25||15825|156|50870.1171875|880851|AIQ3111|0|2283|-1281.25|||3|3|2|1|1|132|18|["132,18,5,3747","132,114,5,605"]|636148156701170000|14:07:50:117
62|1.1|636147913683845975|880851|50875.1015625|13.53911101757|100.31871024831|-46550|-16191||50875.1015625|156.75||15662.5|154.5|50875.1015625|880851|AIQ3111|0|2283|-1575|||3|3|2|1|1|132|18|["132,18,5,3747","132,114,5,605"]|636148156751020000|14:07:55:102
62|1.1|636147913733760966|880851|50880.1015625|13.54740975984|100.31854931601|-46566|-15273||50880.1015625|155.25||15481.25|152.75|50880.1015625|880851|AIQ3111|0|2283|-1768.75|||3|3|2|1|1|132|18|["132,18,5,3747","132,114,5,605"]|636148156801020000|14:08:00:102
62|1.1|636147913783685958|880851|50885.1015625|13.55549929012|100.3183830193|-46582|-14377||50885.1015625|153.75||15318.75|151.25|50885.1015625|880851|AIQ3111|0|2283|-1868.75|||3|3|2|1|1|132|18|["132,18,5,3747","132,114,5,605"]|636148156851020000|14:08:05:102
62|1.1|636147913833600949|880851|50890.078125|13.56237646374|100.31825427346|-46595|-13616||50890.078125|152.25||15175|149.75|50890.078125|880851|AIQ3111|0|2283|-1812.5|||3|3|2|1|1|132|18|["132,18,5,3747","132,114,5,605"]|636148156900780000|14:08:10:078
62|1.1|636147913883525941|880851|50895.078125|13.57047135843|100.31809870557|-46610|-12721||50895.078125|150.75||15031.25|148.25|50895.078125|880851|AIQ3111|0|2283|-1793.75|||3|3|2|1|1|132|18|["132,18,5,3747","132,114,5,605"]|636148156950780000|14:08:15:078
62|1.1|636147913933450933|880851|50900.0625|13.57821756647|100.31794850209|-46625|-11864||50900.0625|149.5||14937.5|147.5|50900.0625|880851|AIQ3111|0|2283|-1218.75|||3|3|2|1|1|132|5|["132,18,5,3747","132,114,5,605"]|636148157000630000|14:08:20:063
62|1.1|636147913983375925|880851|50905.0625|13.58468704493|100.31781975625|-46638|-11148||50905.0625|148.75||14837.5|146.5|50905.0625|880851|AIQ3111|0|2283|-1237.5|||3|3|2|1|1|132|18|["132,18,5,3747","132,114,5,605"]|636148157050630000|14:08:25:063
62|1.1|636147914033290916|880851|50910.0625|13.59313599068|100.31765882395|-46653|-10213||50910.0625|147.75||14725|145.5|50910.0625|880851|AIQ3111|0|2283|-1281.25|||3|3|2|1|1|132|18|["132,18,5,3747","132,114,5,605"]|636148157100630000|14:08:30:063
62|1.1|636147914083215908|880851|50915.0390625|13.60037794418|100.31750862047|-46668|-9412||50915.0390625|147.25||14693.75|145.25|50915.0390625|880851|AIQ3111|0|2283|-787.5|||3|3|2|1|1|132|18|["132,18,5,3747","132,114,5,605"]|636148157150390000|14:08:35:039
62|1.1|636147914133140900|880851|50920.0390625|13.6076306265|100.31734768817|-46684|-8610||50920.0390625|146.75||14662.5|145|50920.0390625|880851|AIQ3111|0|2283|-631.25|||3|3|2|1|1|132|18|["132,18,5,3747","132,114,5,605"]|636148157200390000|14:08:40:039
62|1.1|636147914183055891|880851|50925.015625|13.61604202138|100.31719748469|-46699|-7679||50925.015625|146.5||14606.25|144.25|50925.015625|880851|AIQ3111|0|2283|-612.5|||3|3|2|1|1|132|18|["132,18,5,3747"]|636148157250160000|14:08:45:016
62|1.1|636147914232980883|880851|50930.015625|13.62284409326|100.31704728121|-46714|-6926||50930.015625|145.75||14587.5|143.75|50930.015625|880851|AIQ3111|0|2283|-587.5|||3|3|2|1|1|132|18|["132,18,5,3747"]|636148157300160000|14:08:50:016
62|1.1|636147914282895874|880851|50935.015625|13.63089070826|100.31687562009|-46731|-6036||50935.015625|145||14481.25|142.75|50935.015625|880851|AIQ3111|0|2283|-750|||3|3|2|1|1|132|18|["132,18,5,3747"]|636148157350160000|14:08:55:016
62|1.1|636147914332830867|880851|50940|13.63856181456|100.31670932338|-46747|-5187||50940|143.75||14406.25|141.75|50940|880851|AIQ3111|0|2283|-943.75|||3|3|2|1|1|132|18|["132,18,5,3747"]|636148157400000000|14:09:00:000
62|1.1|636147914382755859|880851|50945|13.64470942842|100.31654839108|-46763|-4507||50945|141.75||14218.75|140|50945|880851|AIQ3111|0|2283|-1356.25|||3|3|2|1|1|132|18|["132,18,5,3747"]|636148157450000000|14:09:05:000
62|1.1|636147914432670850|880851|50949.9765625|13.65155977999|100.3163981876|-46778|-3749||50949.9765625|140||13993.75|137.75|50949.9765625|880851|AIQ3111|0|2283|-1931.25|||3|3|2|1|1|132|18|["132,18,5,3747"]|636148157499770000|14:09:09:977
62|1.1|636147914482585841|880851|50954.9765625|13.65871053852|100.31626944176|-46791|-2958||50954.9765625|138.5||13812.5|136|50954.9765625|880851|AIQ3111|0|2283|-2162.5|||3|3|2|1|1|132|18|["132,18,5,3747"]|636148157549770000|14:09:14:977
62|1.1|636147914532510833|880851|50959.9765625|13.66690199259|100.31630162822|-46786|-2052||50959.9765625|137.75||13643.75|135.25|50959.9765625|880851|AIQ3111|0|2283|-1868.75|||3|3|2|1|1|132|18|["132,18,5,3747"]|636148157599770000|14:09:19:977
62|1.1|636147914582425824|880851|50964.9609375|13.67374697975|100.31898383322|-46494|-1295||50964.9609375|137||13643.75|135|50964.9609375|880851|AIQ3111|0|2283|-1675|||3|3|2|1|1|132|18|["132,18,5,3747"]|636148157649610000|14:09:24:961
62|1.1|636147914632350816|880851|50969.9609375|13.68046858548|100.32237950475|-46125|-552||50969.9609375|136.5||13606.25|134.25|50969.9609375|880851|AIQ3111|0|2283|-1337.5|||3|3|2|1|1|132|18|["132,18,5,3747"]|636148157699610000|14:09:29:961
62|1.1|636147914685386119|880851|50975.2578125|13.68784464923|100.32703581263|-45620|263||50975.2578125|136||13568.75|133.75|50975.2578125|880851|AIQ3111|0|2283|-868.75|||3|3|2|1|1|132|18|["132,18,5,3747"]|636148157752580000|14:09:35:258
62|1.1|636147914735311111|880851|50980.2578125|13.69412100893|100.33172967138|-45111|957||50980.2578125|135.75||13531.25|133.5|50980.2578125|880851|AIQ3111|0|2283|-631.25|||3|3|2|1|1|132|18|["132,18,5,3747"]|636148157802580000|14:09:40:258
62|1.1|636147914785226102|880851|50985.2421875|13.70060658062|100.33501805471|-44755|1674||50985.2421875|135.5||13525|133.25|50985.2421875|880851|AIQ3111|0|2283|-475|||3|3|2|1|1|132|18|["132,18,5,3747"]|636148157852420000|14:09:45:242
62|1.1|636147914835151094|880851|50990.2421875|13.70657716895|100.33842981947|-44384|2334||50990.2421875|135||13487.5|133|50990.2421875|880851|AIQ3111|0|2283|-450|||3|3|2|1|1|132|18|["132,18,5,3747"]|636148157902420000|14:09:50:242
62|1.1|636147914885076086|880851|50995.21875|13.71281597778|100.34199178771|-43998|3023||50995.21875|134.5||13443.75|132.5|50995.21875|880851|AIQ3111|0|2283|-475|||3|3|2|1|1|132|18|["132,18,5,3747"]|636148157952190000|14:09:55:219
62|1.1|636147914934991077|880851|51000.21875|13.71779415026|100.34465789948|-43708|3574||51000.21875|133.25||13337.5|131.5|51000.21875|880851|AIQ3111|0|2283|-768.75|||3|3|2|1|1|132|18|["132,18,5,3747"]|636148158002190000|14:10:00:219
62|1.1|636147914984926070|880851|51005.21875|13.72419389139|100.34824668977|-43319|4281||51005.21875|132.25||13231.25|130|51005.21875|880851|AIQ3111|0|2283|-1237.5|||3|3|2|1|1|132|18|["132,18,5,3747"]|636148158052190000|14:10:05:219
62|1.1|636147915034841061|880851|51010.1953125|13.72957975903|100.35139023403|-42978|4877||51010.1953125|131.5||13131.25|129.25|51010.1953125|880851|AIQ3111|0|2283|-1218.75|||3|3|2|1|1|132|18|["132,18,5,3747"]|636148158101950000|14:10:10:195
62|1.1|636147915084756052|880851|51015.1953125|13.73597413575|100.3549682955|-42590|5583||51015.1953125|130.5||13025|128.25|51015.1953125|880851|AIQ3111|0|2283|-1200|||3|3|2|1|1|132|18|["132,18,5,3747"]|636148158151950000|14:10:15:195
62|1.1|636147915134691045|880851|51020.1796875|13.74199836818|100.35850344169|-42206|6249||51020.1796875|129.5||12937.5|127.5|51020.1796875|880851|AIQ3111|0|2283|-1125|||3|3|2|1|1|132|18|["132,18,5,3747"]|636148158201800000|14:10:20:180
62|1.1|636147915184596035|880851|51025.1796875|13.74711601532|100.36152896893|-41878|6815||51025.1796875|128.5||12850|126.5|51025.1796875|880851|AIQ3111|0|2283|-1100|||3|3|2|1|1|132|18|["132,18,5,3747"]|636148158251800000|14:10:25:180
62|1.1|636147915234521027|880851|51030.1796875|13.75345138353|100.36514458127|-41486|7515||51030.1796875|127.25||12718.75|125.25|51030.1796875|880851|AIQ3111|0|2283|-1181.25|||3|3|2|1|1|132|18|["132,18,5,3747"]|636148158301800000|14:10:30:180
62|1.1|636147915284446019|880851|51035.15625|13.75898745465|100.36845442224|-41127|8127||51035.15625|126||12612.5|124.25|51035.15625|880851|AIQ3111|0|2283|-1237.5|||3|3|2|1|1|132|18|["132,18,5,3747"]|636148158351560000|14:10:35:156
62|1.1|636147915334381012|880851|51040.15625|13.76544620429|100.37219341601|-40722|8841||51040.15625|124.75||12487.5|122.75|51040.15625|880851|AIQ3111|0|2283|-1418.75|||3|3|2|1|1|132|18|["132,18,5,3747"]|636148158401560000|14:10:40:156
62|1.1|636147915384286002|880851|51045.140625|13.77158308933|100.37578757071|-40332|9519||51045.140625|123.75||12368.75|121.5|51045.140625|880851|AIQ3111|0|2283|-1475|||3|3|2|1|1|132|18|["132,18,5,3747"]|636148158451410000|14:10:45:141
62|1.1|636147915434210994|880851|51050.140625|13.77740883859|100.37930125926|-39951|10163||51050.140625|122.5||12231.25|120.5|51050.140625|880851|AIQ3111|0|2283|-1437.5|||3|3|2|1|1|132|18|["132,18,5,3747"]|636148158501410000|14:10:50:141
62|1.1|636147915484135986|880851|51055.140625|13.78283762151|100.38244480352|-39610|10763||51055.140625|121.75||12143.75|119.5|51055.140625|880851|AIQ3111|0|2283|-1375|||3|3|2|1|1|132|5|["132,18,5,3747"]|636148158551410000|14:10:55:141
62|1.1|636147915534050977|880851|51060.1171875|13.78872237928|100.38588875474|-39237|11414||51060.1171875|121.75||12031.25|118.25|51060.1171875|880851|AIQ3111|0|2283|-1375|||3|3|2|1|1|132|18|["132,18,5,3747"]|636148158601170000|14:11:00:117
62|1.1|636147915583975969|880851|51065.1171875|13.79413506897|100.38912885838|-38885|12012||51065.1171875|120||12006.25|118.25|51065.1171875|880851|AIQ3111|0|2283|-825|||3|3|2|1|1|132|18|["132,18,5,3747"]|636148158651170000|14:11:05:117
