62|1.1|636147897412839037|880e08|49248.015625|14.63264063166|101.57297367923|88802|104915||49248.015625|240.75||23943.75|238.5|49248.015625|880e08|HSCPH|0|2494|-2443.75|||3|3|2|1|1|132|178|["132,18,5,3651","132,114,5,479","132,178,5,1615","132,162,5"]|636148140480160000|13:40:48:016
62|1.1|636147897462734026|880e08|49253.015625|14.62881044292|101.56293150371|87722|104488||49253.015625|238.75||23737.5|236.5|49253.015625|880e08|HSCPH|0|2494|-2418.75|||3|3|2|1|1|132|178|["132,18,5,3651","132,114,5,479","132,178,5,1615","132,162,5"]|636148140530160000|13:40:53:016
62|1.1|636147897512639016|880e08|49258.015625|14.62508217797|101.55305026049|86658|104071||49258.015625|236.75||23556.25|234.5|49258.015625|880e08|HSCPH|0|2494|-2418.75|||3|3|2|1|1|132|178|["132,18,5,3651","132,114,5,479","132,178,5,1615","132,162,5"]|636148140580160000|13:40:58:016
62|1.1|636147897562894041|880e08|49263|14.62143437917|101.54312610199|85590|103664||49263|234.75||23368.75|232.5|49263|880e08|HSCPH|0|2494|-2400|||3|3|2|1|1|132|178|["132,18,5,3651","132,114,5,479","132,178,5,1615","132,162,5"]|636148140630000000|13:41:03:000
62|1.1|636147897612478999|880e08|49268|14.61758273279|101.53333605374|84537|103234||49268|232.75||23175|230.5|49268|880e08|HSCPH|0|2494|-2362.5|||3|3|2|1|1|132|178|["132,18,5,3651","132,114,5,479","132,178,5,1615","132,162,5"]|636148140680000000|13:41:08:000
62|1.1|636147897662403991|880e08|49272.9765625|14.61387592548|101.52347626816|83476|102821||49272.9765625|230.75||22993.75|228.5|49272.9765625|880e08|HSCPH|0|2494|-2325|||3|3|2|1|1|132|178|["132,18,5,3651","132,114,5,479","132,178,5,1615","132,162,5"]|636148140729770000|13:41:12:977
62|1.1|636147897712328983|880e08|49277.9765625|14.61020130463|101.51346091469|82398|102411||49277.9765625|229||22812.5|226.75|49277.9765625|880e08|HSCPH|0|2494|-2306.25|||3|3|2|1|1|132|114|["132,18,5,3651","132,114,5,479","132,178,5,1615","132,162,5"]|636148140779770000|13:41:17:977
62|1.1|636147897762253975|880e08|49282.9765625|14.60646767527|101.50333827302|81309|101994||49282.9765625|227||22581.25|224.75|49282.9765625|880e08|HSCPH|0|2494|-2325|||3|3|2|1|1|132|114|["132,18,5,3651","132,114,5,479","132,178,5,1615","132,162,5"]|636148140829770000|13:41:22:977
62|1.1|636147897812188968|880e08|49287.9609375|14.60273941032|101.49343557216|80243|101578||49287.9609375|225||22387.5|222.75|49287.9609375|880e08|HSCPH|0|2494|-2306.25|||3|3|2|1|1|132|114|["132,18,5,3651","132,114,5,479","132,178,5,1615","132,162,5"]|636148140879610000|13:41:27:961
62|1.1|636147897862093958|880e08|49292.9609375|14.59873756046|101.48366161714|79191|101132||49292.9609375|223||22193.75|220.75|49292.9609375|880e08|HSCPH|0|2494|-2325|||3|3|2|1|1|132|114|["132,18,5,3651","132,114,5,479","132,178,5,1615","132,162,5"]|636148140929610000|13:41:32:961
62|1.1|636147897912018950|880e08|49297.9375|14.59510049048|101.47369990777|78119|100726||49297.9375|221.5||22000|219|49297.9375|880e08|HSCPH|0|2494|-2281.25|||3|3|2|1|1|132|162|["132,18,5,3651","132,114,5,479","132,178,5,1615","132,162,5"]|636148140979380000|13:41:37:938
62|1.1|636147897961953943|880e08|49302.9375|14.59136686112|101.46381330014|77055|100309||49302.9375|219.25||21812.5|217|49302.9375|880e08|HSCPH|0|2494|-2281.25|||3|3|2|1|1|132|114|["132,18,5,3651","132,114,5,479","132,178,5,1615","132,162,5"]|636148141029380000|13:41:42:938
62|1.1|636147898011858933|880e08|49307.9375|14.58746693505|101.45415199773|76015|99875||49307.9375|217.25||21612.5|215|49307.9375|880e08|HSCPH|0|2494|-2306.25|||3|3|2|1|1|132|114|["132,18,5,3651","132,114,5,479","132,178,5,1615","132,162,5"]|636148141079380000|13:41:47:938
62|1.1|636147898061783925|880e08|49312.921875|14.58356700898|101.44457652588|74985|99440||49312.921875|215.25||21425|213|49312.921875|880e08|HSCPH|0|2494|-2325|||3|3|2|1|1|132|114|["132,18,5,3651","132,114,5,479","132,178,5,1615","132,162,5"]|636148141129220000|13:41:52:922
62|1.1|636147898111698916|880e08|49317.921875|14.57989775254|101.43484012173|73936|99031||49317.921875|213.25||21231.25|211|49317.921875|880e08|HSCPH|0|2494|-2343.75|||3|3|2|1|1|132|114|["132,18,5,3651","132,114,5,479","132,178,5,1615","132,162,5"]|636148141179220000|13:41:57:922
62|1.1|636147898161623908|880e08|49322.8984375|14.57614802995|101.42547386187|72928|98613||49322.8984375|211.5||21043.75|209.25|49322.8984375|880e08|HSCPH|0|2494|-2281.25|||3|3|2|1|1|132|114|["132,18,5,3651","132,114,5,479","132,178,5,1615","132,162,5"]|636148141228980000|13:42:02:898
62|1.1|636147898211548900|880e08|49327.8984375|14.5723661209|101.41591448325|71899|98192||49327.8984375|209.5||20831.25|207.25|49327.8984375|880e08|HSCPH|0|2494|-2262.5|||3|3|2|1|1|132|114|["132,18,5,3651","132,114,5,479","132,178,5,1615","132,162,5"]|636148141278980000|13:42:07:898
62|1.1|636147898261463891|880e08|49332.8984375|14.56860566949|101.40661796072|70898|97773||49332.8984375|207.5||20650|205.25|49332.8984375|880e08|HSCPH|0|2494|-2306.25|||3|3|2|1|1|132|114|["132,18,5,3651","132,114,5,479","132,178,5,1615","132,162,5"]|636148141328980000|13:42:12:898
62|1.1|636147898311388883|880e08|49337.875|14.56489349777|101.39739117552|69905|97359||49337.875|205.75||20468.75|203.5|49337.875|880e08|HSCPH|0|2494|-2306.25|||3|3|2|1|1|132|114|["132,18,5,3651","132,114,5,479","132,178,5,1615","132,162,5"]|636148141378750000|13:42:17:875
62|1.1|636147898361313875|880e08|49342.875|14.5613154363|101.38818048355|68914|96960||49342.875|203.75||20250|201.5|49342.875|880e08|HSCPH|0|2494|-2281.25|||3|3|2|1|1|132|114|["132,18,5,3651","132,114,5,479","132,178,5,1615","132,162,5"]|636148141428750000|13:42:22:875
62|1.1|636147898411228866|880e08|49347.875|14.55776419688|101.37901807127|67927|96565||49347.875|202||20087.5|199.75|49347.875|880e08|HSCPH|0|2494|-2262.5|||3|3|2|1|1|132|114|["132,18,5,3651","132,114,5,479","132,178,5,1615","132,162,5"]|636148141478750000|13:42:27:875
62|1.1|636147898461153858|880e08|49352.859375|14.55415394895|101.36945869265|66898|96163||49352.859375|200||19868.75|198|49352.859375|880e08|HSCPH|0|2494|-2243.75|||3|3|2|1|1|132|114|["132,18,5,3651","132,114,5,479","132,178,5,1615","132,162,5"]|636148141528590000|13:42:32:859
62|1.1|636147898511078850|880e08|49357.859375|14.55054906543|101.35996368695|65876|95761||49357.859375|198.25||19700|195.75|49357.859375|880e08|HSCPH|0|2494|-2206.25|||3|3|2|1|1|132|114|["132,18,5,3651","132,114,5,479","132,178,5,1615","132,162,5"]|636148141578590000|13:42:37:859
62|1.1|636147898560993841|880e08|49362.8359375|14.54682080048|101.35075835939|64885|95346||49362.8359375|196.5||19543.75|194|49362.8359375|880e08|HSCPH|0|2494|-2162.5|||3|3|2|1|1|132|114|["132,18,5,3651","132,114,5,479","132,178,5,1615","132,162,5"]|636148141628360000|13:42:42:836
62|1.1|636147898610918833|880e08|49367.8359375|14.54326956106|101.34125262487|63861|94950||49367.8359375|196.25||19368.75|192.25|49367.8359375|880e08|HSCPH|0|2494|-2162.5|||3|3|2|1|1|132|18|["132,18,5,3651","132,114,5,479","132,178,5,1615","132,162,5"]|636148141678360000|13:42:47:836
62|1.1|636147898660853826|880e08|49372.8203125|14.53974514369|101.33238525514|62906|94558||49372.8203125|192.75||19212.5|190.25|49372.8203125|880e08|HSCPH|0|2494|-2162.5|||3|3|2|1|1|132|114|["132,18,5,3651","132,114,5,479","132,178,5,1615","132,162,5"]|636148141728200000|13:42:52:820
62|1.1|636147898710768817|880e08|49377.8203125|14.53620463309|101.32359298715|61960|94164||49377.8203125|191||19031.25|188.5|49377.8203125|880e08|HSCPH|0|2494|-2143.75|||3|3|2|1|1|132|114|["132,18,5,3651","132,114,5,479","132,178,5,1615","132,162,5"]|636148141778200000|13:42:57:820
62|1.1|636147898760683808|880e08|49382.8203125|14.53264266485|101.31403897294|60931|93767||49382.8203125|190.75||18843.75|186.75|49382.8203125|880e08|HSCPH|0|2494|-2143.75|||3|3|2|1|1|132|18|["132,18,5,3651","132,114,5,479","132,178,5,1615","132,162,5"]|636148141828200000|13:43:02:820
62|1.1|636147898810598799|880e08|49387.796875|14.52897877282|101.30506967942|59965|93360||49387.796875|188.75||18656.25|185.25|49387.796875|880e08|HSCPH|0|2494|-2206.25|||3|3|2|1|1|132|18|["132,18,5,3651","132,114,5,479","132,178,5,1615","132,162,5"]|636148141877970000|13:43:07:797
62|1.1|636147898860523791|880e08|49392.796875|14.52562601657|101.2957785213|58964|92986||49392.796875|187||18468.75|183|49392.796875|880e08|HSCPH|0|2494|-2206.25|||3|3|2|1|1|132|18|["132,18,5,3651","132,114,5,479","132,178,5,1615","132,162,5"]|636148141927970000|13:43:12:797
62|1.1|636147898910458784|880e08|49397.78125|14.52214987889|101.28663220225|57979|92599||49397.78125|185.25||18287.5|181.25|49397.78125|880e08|HSCPH|0|2494|-2162.5|||3|3|2|1|1|132|18|["132,18,5,3651","132,114,5,479","132,178,5,1615"]|636148141977810000|13:43:17:781
62|1.1|636147898960363774|880e08|49402.78125|14.51835187661|101.27782384103|57031|92177||49402.78125|183.5||18106.25|181.25|49402.78125|880e08|HSCPH|0|2494|-2187.5|||3|3|2|1|1|132|18|["132,18,5,3651","132,114,5,479","132,178,5,1615"]|636148142027810000|13:43:22:781
62|1.1|636147899010288766|880e08|49407.78125|14.51498839154|101.26859705583|56037|91803||49407.78125|181.75||17931.25|179.75|49407.78125|880e08|HSCPH|0|2494|-2143.75|||3|3|2|1|1|132|18|["132,18,5,3651","132,114,5,479","132,178,5,1615"]|636148142077810000|13:43:27:781
62|1.1|636147899060223759|880e08|49412.7578125|14.51151225386|101.25956338939|55064|91416||49412.7578125|180||17756.25|178|49412.7578125|880e08|HSCPH|0|2494|-2106.25|||3|3|2|1|1|132|18|["132,18,5,3651","132,114,5,479","132,178,5,1615"]|636148142127580000|13:43:32:758
62|1.1|636147899110128749|880e08|49417.7578125|14.50793419239|101.25053508736|54091|91018||49417.7578125|178||17575|174.25|49417.7578125|880e08|HSCPH|0|2494|-2125|||3|3|2|1|1|132|18|["132,18,5,3651","132,114,5,479","132,178,5,1615"]|636148142177580000|13:43:37:758
62|1.1|636147899160063742|880e08|49422.7421875|14.50463508024|101.24146923446|53115|90651||49422.7421875|176.25||17393.75|172.5|49422.7421875|880e08|HSCPH|0|2494|-2125|||3|3|2|1|1|132|18|["132,18,5,3651","132,114,5,479","132,178,5,1615"]|636148142227420000|13:43:42:742
62|1.1|636147899209978733|880e08|49427.7421875|14.50126086635|101.23252676299|52152|90276||49427.7421875|174.5||17212.5|172.5|49427.7421875|880e08|HSCPH|0|2494|-2162.5|||3|3|2|1|1|132|18|["132,18,5,3651","132,114,5,479","132,178,5,1615"]|636148142277420000|13:43:47:742
62|1.1|636147899259903725|880e08|49432.7421875|14.49832653408|101.22340190158|51169|89949||49432.7421875|172.5||17018.75|168.75|49432.7421875|880e08|HSCPH|0|2494|-2162.5|||3|3|2|1|1|132|18|["132,18,5,3651","132,114,5,479","132,178,5,1615"]|636148142327420000|13:43:52:742
62|1.1|636147899309818716|880e08|49437.71875|14.49567651554|101.21412147228|50169|89653||49437.71875|170.75||16843.75|167|49437.71875|880e08|HSCPH|0|2494|-2143.75|||3|3|2|1|1|132|18|["132,18,5,3651","132,114,5,479","132,178,5,1615"]|636148142377190000|13:43:57:719
62|1.1|636147899359753709|880e08|49442.71875|14.49395990434|101.20452454279|49135|89462||49442.71875|169||16668.75|165.25|49442.71875|880e08|HSCPH|0|2494|-2106.25|||3|3|2|1|1|132|18|["132,18,5,3651","132,114,5,479","132,178,5,1615"]|636148142427190000|13:44:02:719
62|1.1|636147899409668700|880e08|49447.6953125|14.49300503936|101.19496516417|48104|89354||49447.6953125|167.25||16500|163.5|49447.6953125|880e08|HSCPH|0|2494|-2106.25|||3|3|2|1|1|132|18|["132,18,5,3651","132,114,5,479","132,178,5,1615"]|636148142476950000|13:44:07:695
62|1.1|636147899459583691|880e08|49452.6953125|14.49250078482|101.18534141263|47067|89296||49452.6953125|165.5||16325|161.75|49452.6953125|880e08|HSCPH|0|2494|-2068.75|||3|3|2|1|1|132|18|["132,18,5,3651","132,114,5,479","132,178,5,1615"]|636148142526950000|13:44:12:695
62|1.1|636147899509508683|880e08|49457.6953125|14.49084854654|101.17631847501|46094|89111||49457.6953125|163.75||16156.25|160.25|49457.6953125|880e08|HSCPH|0|2494|-2087.5|||3|3|2|1|1|132|18|["132,18,5,3651","132,114,5,479","132,178,5,1615"]|636148142576950000|13:44:17:695
62|1.1|636147899559443676|880e08|49462.6796875|14.48958254578|101.16731163062|45124|88970||49462.6796875|162||15981.25|158.25|49462.6796875|880e08|HSCPH|0|2494|-2106.25|||3|3|2|1|1|132|18|["132,18,5,3651","132,114,5,479","132,178,5,1615"]|636148142626800000|13:44:22:680
62|1.1|636147899609348666|880e08|49467.6796875|14.48903001155|101.15795073517|44115|88907||49467.6796875|160.5||15806.25|156.5|49467.6796875|880e08|HSCPH|0|2494|-2087.5|||3|3|2|1|1|132|18|["132,18,5,3651","132,114,5,479","132,178,5,1615"]|636148142676800000|13:44:27:680
62|1.1|636147899659273658|880e08|49472.65625|14.48765672259|101.14897607724|43147|88753||49472.65625|158.75||15650|155|49472.65625|880e08|HSCPH|0|2494|-2025|||3|3|2|1|1|132|18|["132,18,5,3651","132,114,5,479","132,178,5,1615"]|636148142726560000|13:44:32:656
62|1.1|636147899709198650|880e08|49477.65625|14.48581672996|101.14003360577|42184|88548||49477.65625|157||15512.5|153.5|49477.65625|880e08|HSCPH|0|2494|-2006.25|||3|3|2|1|1|132|18|["132,18,5,3651","132,114,5,479","132,178,5,1615"]|636148142776560000|13:44:37:656
62|1.1|636147899759133643|880e08|49482.65625|14.48396600851|101.13135399039|41248|88342||49482.65625|155.25||15312.5|151.5|49482.65625|880e08|HSCPH|0|2494|-2068.75|||3|3|2|1|1|132|18|["132,18,5,3651","132,114,5,479","132,178,5,1615"]|636148142826560000|13:44:42:656
62|1.1|636147899809038633|880e08|49487.640625|14.48275365185|101.12263682414|40309|88206||49487.640625|153.5||15125|149.5|49487.640625|880e08|HSCPH|0|2494|-2125|||3|3|2|1|1|132|18|["132,18,5,3651","132,114,5,479","132,178,5,1615"]|636148142876410000|13:44:47:641
62|1.1|636147899858963625|880e08|49492.640625|14.48116578649|101.11415032752|39394|88029||49492.640625|151.75||14962.5|148|49492.640625|880e08|HSCPH|0|2494|-2087.5|||3|3|2|1|1|132|18|["132,18,5,3651","132,114,5,479","132,178,5,1615"]|636148142926410000|13:44:52:641
62|1.1|636147899908898618|880e08|49497.6171875|14.47979249753|101.10584085643|38499|87876||49497.6171875|150.25||14806.25|146.5|49497.6171875|880e08|HSCPH|0|2494|-2006.25|||3|3|2|1|1|132|18|["132,18,5,3651","132,114,5,479","132,178,5,1615"]|636148142976170000|13:44:57:617
62|1.1|636147899958813609|880e08|49502.6171875|14.4783280136|101.09752065652|37602|87712||49502.6171875|148.75||14675|145|49502.6171875|880e08|HSCPH|0|2494|-1968.75|||3|3|2|1|1|132|18|["132,18,5,3651","132,114,5,479","132,178,5,1615"]|636148143026170000|13:45:02:617
62|1.1|636147900008728600|880e08|49507.6171875|14.47709956371|101.08929165158|36715|87575||49507.6171875|147||14531.25|143.5|49507.6171875|880e08|HSCPH|0|2494|-1931.25|||3|3|2|1|1|132|18|["132,18,5,3651","132,114,5,479","132,178,5,1615"]|636148143076170000|13:45:07:617
62|1.1|636147900058653592|880e08|49512.6015625|14.47606423258|101.08089634993|35810|87459||49512.6015625|145.5||14393.75|142|49512.6015625|880e08|HSCPH|0|2494|-1887.5|||3|3|2|1|1|132|18|["132,18,5,3651","132,114,5,479","132,178,5,1615"]|636148143126020000|13:45:12:602
62|1.1|636147900108578584|880e08|49517.6015625|14.4747338589|101.07298384518|34957|87311||49517.6015625|144||14250|140.5|49517.6015625|880e08|HSCPH|0|2494|-1850|||3|3|2|1|1|132|18|["132,18,5,3651","132,114,5,479","132,178,5,1615"]|636148143176020000|13:45:17:602
62|1.1|636147900158493575|880e08|49522.578125|14.47343030727|101.06474411142|34069|87165||49522.578125|142.5||14106.25|139|49522.578125|880e08|HSCPH|0|2494|-1831.25|||3|3|2|1|1|132|18|["132,18,5,3651","132,114,5,479","132,178,5,1615"]|636148143225780000|13:45:22:578
62|1.1|636147900208418567|880e08|49527.578125|14.4722125862|101.0565258353|33183|87029||49527.578125|141||13956.25|137.5|49527.578125|880e08|HSCPH|0|2494|-1812.5|||3|3|2|1|1|132|18|["132,18,5,3651","132,114,5,479","132,178,5,1615"]|636148143275780000|13:45:27:578
62|1.1|636147900258333558|880e08|49532.578125|14.47090903457|101.04838266092|32305|86884||49532.578125|139.5||13806.25|136|49532.578125|880e08|HSCPH|0|2494|-1793.75|||3|3|2|1|1|132|18|["132,18,5,3651","132,114,5,479","132,178,4,1615"]|636148143325780000|13:45:32:578
62|1.1|636147900308268551|880e08|49537.5625|14.46965912704|101.04073837667|31481|86745||49537.5625|138||13656.25|134.75|49537.5625|880e08|HSCPH|0|2494|-1793.75|||3|3|2|1|1|132|18|["132,18,5,3651","132,114,5,479","132,178,4,1615"]|636148143375630000|13:45:37:563
62|1.1|636147900358173541|880e08|49542.5625|14.46838776187|101.032761499|30621|86603||49542.5625|136.5||13506.25|133.25|49542.5625|880e08|HSCPH|0|2494|-1793.75|||3|3|2|1|1|132|18|["132,18,5,3651","132,114,5,479","132,178,4,1615"]|636148143425630000|13:45:42:563
62|1.1|636147900408098533|880e08|49547.5390625|14.46735243074|101.02462368903|29744|86487||49547.5390625|135||13350|131.5|49547.5390625|880e08|HSCPH|0|2494|-1812.5|||3|3|2|1|1|132|18|["132,18,5,3651","132,114,5,479","132,178,4,1615"]|636148143475390000|13:45:47:539
62|1.1|636147900458023525|880e08|49552.5390625|14.46605960793|101.01681310807|28902|86343||49552.5390625|133.5||13206.25|130|49552.5390625|880e08|HSCPH|0|2494|-1812.5|||3|3|2|1|1|132|18|["132,18,5,3651","132,114,5,479","132,178,4,1615"]|636148143525390000|13:45:52:539
62|1.1|636147900507938516|880e08|49557.5390625|14.46490089537|101.00914736618|28076|86214||49557.5390625|132||13056.25|128.75|49557.5390625|880e08|HSCPH|0|2494|-1793.75|||3|3|2|1|1|132|18|["132,18,5,3651","132,114,5,479","132,178,4,1615"]|636148143575390000|13:45:57:539
62|1.1|636147900557883510|880e08|49562.515625|14.46364025902|101.00199124324|27304|86074||49562.515625|130.5||12906.25|127.25|49562.515625|880e08|HSCPH|0|2494|-1793.75|||3|3|2|1|1|132|18|["132,18,5,3651","132,114,5,479"]|636148143625160000|13:46:02:516
62|1.1|636147900607788500|880e08|49567.515625|14.46244399559|100.99466882359|26515|85941||49567.515625|129||12756.25|125.75|49567.515625|880e08|HSCPH|0|2494|-1793.75|||3|3|2|1|1|132|18|["132,18,5,3651","132,114,5,479"]|636148143675160000|13:46:07:516
62|1.1|636147900657703491|880e08|49572.5|14.46132819831|100.98709427667|25698|85816||49572.5|127.75||12625|124.5|49572.5|880e08|HSCPH|0|2494|-1731.25|||3|3|2|1|1|132|18|["132,18,5,3651","132,114,5,479"]|636148143725000000|13:46:12:500
62|1.1|636147900707628483|880e08|49577.5|14.46020703662|100.97929442453|24857|85691||49577.5|126.75||12506.25|123.25|49577.5|880e08|HSCPH|0|2494|-1631.25|||3|3|2|1|1|132|18|["132,18,5,3651","132,114,5,479"]|636148143775000000|13:46:17:500
62|1.1|636147900757553475|880e08|49582.5|14.45935409543|100.97109760605|23974|85596||49582.5|125.75||12412.5|122.5|49582.5|880e08|HSCPH|0|2494|-1518.75|||3|3|2|1|1|132|18|["132,18,5,3651","132,114,5,479"]|636148143825000000|13:46:22:500
62|1.1|636147900807488468|880e08|49587.4765625|14.45822756933|100.96360352528|23166|85470||49587.4765625|124.75||12331.25|121.5|49587.4765625|880e08|HSCPH|0|2494|-1375|||3|3|2|1|1|132|18|["132,18,5,3651","132,114,5,479"]|636148143874770000|13:46:27:477
62|1.1|636147900857403459|880e08|49592.4765625|14.45704203472|100.95643130911|22393|85339||49592.4765625|123.75||12243.75|120.75|49592.4765625|880e08|HSCPH|0|2494|-1300|||3|3|2|1|1|132|18|["132,18,5,3651","132,114,5,479"]|636148143924770000|13:46:32:477
62|1.1|636147900907318450|880e08|49597.4609375|14.45581894924|100.94975261866|21673|85203||49597.4609375|122.75||12175|120|49597.4609375|880e08|HSCPH|0|2494|-1200|||3|3|2|1|1|132|18|["132,18,5,3651","132,114,5,479"]|636148143974610000|13:46:37:461
62|1.1|636147900957093427|880e08|49602.4609375|14.4548318978|100.94230681758|20870|85093||49602.4609375|121.75||12075|119|49602.4609375|880e08|HSCPH|0|2494|-1200|||3|3|2|1|1|132|18|["132,18,5,3651","132,114,5,479"]|636148144024610000|13:46:42:461
62|1.1|636147901007158433|880e08|49607.4609375|14.45374292257|100.93520433874|20104|84972||49607.4609375|120.5||11962.5|117.75|49607.4609375|880e08|HSCPH|0|2494|-1262.5|||3|3|2|1|1|132|18|["132,18,5,3651","132,114,5,479"]|636148144074610000|13:46:47:461
62|1.1|636147901057083425|880e08|49612.4375|14.45271832026|100.92805358021|19333|84858||49612.4375|119.25||11837.5|116.25|49612.4375|880e08|HSCPH|0|2494|-1337.5|||3|3|2|1|1|132|18|["132,18,5,3651","132,114,5,479"]|636148144124380000|13:46:52:438
62|1.1|636147901106998416|880e08|49617.4375|14.45151669242|100.92110666926|18584|84725||49617.4375|117.75||11700|114.75|49617.4375|880e08|HSCPH|0|2494|-1456.25|||3|3|2|1|1|132|18|["132,18,5,3651","132,114,4,479"]|636148144174380000|13:46:57:438
62|1.1|636147901156923408|880e08|49622.421875|14.45036334427|100.91471765695|17896|84596||49622.421875|116.25||11531.25|113.25|49622.421875|880e08|HSCPH|0|2494|-1575|||3|3|2|1|1|132|18|["132,18,5,3651","132,114,4,479"]|636148144224220000|13:47:02:422
62|1.1|636147901206858401|880e08|49627.421875|14.44922072494|100.90786194097|17157|84470||49627.421875|115||11356.25|111.5|49627.421875|880e08|HSCPH|0|2494|-1656.25|||3|3|2|1|1|132|18|["132,18,5,3651","132,114,5,531"]|636148144274220000|13:47:07:422
62|1.1|636147901256763391|880e08|49632.421875|14.44794399536|100.90173578475|16496|84328||49632.421875|113.5||11200|110|49632.421875|880e08|HSCPH|0|2494|-1712.5|||3|3|2|1|1|132|18|["132,18,5,3651","132,114,5,531"]|636148144324220000|13:47:12:422
62|1.1|636147901306698384|880e08|49637.3984375|14.44628102826|100.8948425179|15753|84143||49637.3984375|112||11068.75|108.75|49637.3984375|880e08|HSCPH|0|2494|-1693.75|||3|3|2|1|1|132|18|["132,18,5,3651","132,114,5,531"]|636148144373980000|13:47:17:398
62|1.1|636147901356473361|880e08|49642.3984375|14.44330914512|100.88873245491|15094|83814||49642.3984375|110.75||10937.5|107.25|49642.3984375|880e08|HSCPH|0|2494|-1693.75|||3|3|2|1|1|132|18|["132,18,5,3651","132,114,5,531"]|636148144423980000|13:47:22:398
62|1.1|636147901406378351|880e08|49647.375|14.43928047321|100.88275650217|14450|83368||49647.375|109.25||10793.75|106|49647.375|880e08|HSCPH|0|2494|-1693.75|||3|3|2|1|1|132|18|["132,18,5,3651","132,114,5,531"]|636148144473750000|13:47:27:375
62|1.1|636147901456303343|880e08|49652.375|14.43365857153|100.87751010919|13885|82745||49652.375|107.75||10637.5|104.5|49652.375|880e08|HSCPH|0|2494|-1712.5|||3|3|2|1|1|132|18|["132,18,5,3651","132,114,5,531"]|636148144523750000|13:47:32:375
62|1.1|636147901506218334|880e08|49657.375|14.42791865283|100.8729557251|13394|82110||49657.375|106.25||10487.5|103|49657.375|880e08|HSCPH|0|2494|-1731.25|||3|3|2|1|1|132|18|["132,18,5,3651","132,114,5,531"]|636148144573750000|13:47:37:375
62|1.1|636147901556143326|880e08|49662.359375|14.42174421692|100.86945812978|13017|81427||49662.359375|105||10350|101.5|49662.359375|880e08|HSCPH|0|2494|-1712.5|||3|3|2|1|1|132|18|["132,18,5,3651","132,114,5,531"]|636148144623590000|13:47:42:359
62|1.1|636147901606078319|880e08|49667.359375|14.41615986611|100.86580496657|12623|80808||49667.359375|103.75||10231.25|100.5|49667.359375|880e08|HSCPH|0|2494|-1656.25|||3|3|2|1|1|132|18|["132,18,5,3651","132,114,5,531"]|636148144673590000|13:47:47:359
62|1.1|636147901655993310|880e08|49672.3359375|14.41063988822|100.86242002386|12259|80198||49672.3359375|102.25||10093.75|99|49672.3359375|880e08|HSCPH|0|2494|-1631.25|||3|3|2|1|1|132|18|["132,18,5,3651","132,114,5,531"]|636148144723360000|13:47:52:336
62|1.1|636147901705908301|880e08|49677.3359375|14.40555979195|100.85838598754|11824|79635||49677.3359375|101||9962.5|97.75|49677.3359375|880e08|HSCPH|0|2494|-1612.5|||3|3|2|1|1|132|18|["132,18,5,3651","132,114,5,531"]|636148144773360000|13:47:57:336
62|1.1|636147901755823292|880e08|49682.3359375|14.40111806047|100.85311813692|11256|79144||49682.3359375|99.75||9837.5|96.5|49682.3359375|880e08|HSCPH|0|2494|-1593.75|||3|3|2|1|1|132|18|["132,18,5,3651"]|636148144823360000|13:48:02:336
62|1.1|636147901805748284|880e08|49687.3203125|14.39642420172|100.84868713426|10778|78624||49687.3203125|98.25||9700|95.25|49687.3203125|880e08|HSCPH|0|2494|-1612.5|||3|3|2|1|1|132|18|["132,18,5,3651","132,114,4,531"]|636148144873200000|13:48:07:320
62|1.1|636147901855673276|880e08|49692.3203125|14.39172497856|100.84413275017|10287|78104||49692.3203125|97||9575|93.75|49692.3203125|880e08|HSCPH|0|2494|-1593.75|||3|3|2|1|1|132|18|["132,18,5,3651","132,114,4,531"]|636148144923200000|13:48:12:320
62|1.1|636147901905598268|880e08|49697.296875|14.38707403509|100.84019527323|9863|77589||49697.296875|95.75||9443.75|92.5|49697.296875|880e08|HSCPH|0|2494|-1593.75|||3|3|2|1|1|132|18|["132,18,5,3651","132,114,5,534"]|636148144972970000|13:48:17:297
62|1.1|636147901955513259|880e08|49702.296875|14.38251428659|100.83595202492|9406|77084||49702.296875|94.5||9318.75|91.25|49702.296875|880e08|HSCPH|0|2494|-1575|||3|3|2|1|1|132|18|["132,18,5,3651","132,114,5,534"]|636148145022970000|13:48:22:297
62|1.1|636147902005448252|880e08|49707.296875|14.37800281778|100.831596124|8936|76585||49707.296875|93||9187.5|90|49707.296875|880e08|HSCPH|0|2494|-1556.25|||3|3|2|1|1|132|18|["132,18,5,3651","132,114,5,534"]|636148145072970000|13:48:27:297
62|1.1|636147902055383245|880e08|49712.28125|14.3733465099|100.82769083352|8515|76070||49712.28125|91.75||9050|88.5|49712.28125|880e08|HSCPH|0|2494|-1575|||3|3|2|1|1|132|18|["132,18,5,3651","132,114,5,534"]|636148145122810000|13:48:32:281
62|1.1|636147902105278234|880e08|49717.28125|14.36874384612|100.82387673801|8104|75560||49717.28125|90.5||8925|87.25|49717.28125|880e08|HSCPH|0|2494|-1593.75|||3|3|2|1|1|132|18|["132,18,5,3651","132,114,5,534"]|636148145172810000|13:48:37:281
62|1.1|636147902155203226|880e08|49722.2578125|14.36415191116|100.81945109976|7627|75052||49722.2578125|89||8787.5|86|49722.2578125|880e08|HSCPH|0|2494|-1575|||3|3|2|1|1|132|18|["132,18,5,3651","132,114,5,534"]|636148145222580000|13:48:42:258
62|1.1|636147902205118217|880e08|49727.2578125|14.35959752707|100.81506301238|7153|74548||49727.2578125|87.75||8650|84.75|49727.2578125|880e08|HSCPH|0|2494|-1575|||3|3|2|1|1|132|18|["132,18,5,3651","132,114,5,534"]|636148145272580000|13:48:47:258
62|1.1|636147902255043209|880e08|49732.2578125|14.35487148186|100.81102361165|6718|74025||49732.2578125|86.5||8525|83.25|49732.2578125|880e08|HSCPH|0|2494|-1575|||3|3|2|1|1|132|18|["132,18,5,3651","132,114,5,534"]|636148145322580000|13:48:52:258
62|1.1|636147902304968201|880e08|49737.2421875|14.35023126721|100.80687155831|6270|73512||49737.2421875|85.25||8406.25|82|49737.2421875|880e08|HSCPH|0|2494|-1556.25|||3|3|2|1|1|132|18|["132,18,5,3651","132,114,5,534"]|636148145372420000|13:48:57:242
62|1.1|636147902354893193|880e08|49742.2421875|14.34563933225|100.80265513205|5815|73003||49742.2421875|83.75||8262.5|80.75|49742.2421875|880e08|HSCPH|0|2494|-1575|||3|3|2|1|1|132|18|["132,18,5,3651","132,114,5,534"]|636148145422420000|13:49:02:242
62|1.1|636147902404818185|880e08|49747.21875|14.34104739729|100.79866937542|5385|72495||49747.21875|82.5||8131.25|79.25|49747.21875|880e08|HSCPH|0|2494|-1612.5|||3|3|2|1|1|132|18|["132,18,5,3651","132,114,5,534"]|636148145472190000|13:49:07:219
62|1.1|636147902454733176|880e08|49752.21875|14.3364930132|100.79434029655|4918|71991||49752.21875|80.75||7962.5|77.75|49752.21875|880e08|HSCPH|0|2494|-1693.75|||3|3|2|1|1|132|18|["132,18,5,3651","132,114,5,534"]|636148145522190000|13:49:12:219
62|1.1|636147902504668169|880e08|49757.21875|14.33183134091|100.79019360762|4471|71475||49757.21875|79.5||7825|76.25|49757.21875|880e08|HSCPH|0|2494|-1693.75|||3|3|2|1|1|132|18|["132,18,5,3651","132,114,5,534"]|636148145572190000|13:49:17:219
62|1.1|636147902554573159|880e08|49762.1953125|14.32720185508|100.78607374074|4027|70963||49762.1953125|78.25||7700|75|49762.1953125|880e08|HSCPH|0|2494|-1656.25|||3|3|2|1|1|132|18|["132,18,5,3651","132,114,5,534"]|636148145621950000|13:49:22:195
62|1.1|636147902604498151|880e08|49767.1953125|14.3224919031|100.78222745877|3612|70441||49767.1953125|77||7581.25|73.75|49767.1953125|880e08|HSCPH|0|2494|-1612.5|||3|3|2|1|1|132|18|["132,18,5,3651","132,114,4,534"]|636148145671950000|13:49:27:195
62|1.1|636147902654423143|880e08|49772.1796875|14.31784632404|100.77842945649|3202|69927||49772.1796875|75.5||7431.25|72.5|49772.1796875|880e08|HSCPH|0|2494|-1612.5|||3|3|2|1|1|132|18|["132,18,5,3651","132,114,4,534"]|636148145721800000|13:49:32:180
62|1.1|636147902704348135|880e08|49777.1796875|14.31322220262|100.77428276756|2755|69416||49777.1796875|74.5||7343.75|71.25|49777.1796875|880e08|HSCPH|0|2494|-1556.25|||3|3|2|1|1|132|18|["132,18,5,3651","132,114,4,534"]|636148145771800000|13:49:37:180
62|1.1|636147902754273127|880e08|49782.1796875|14.30862490325|100.77010389217|2304|68907||49782.1796875|73.25||7225|70.25|49782.1796875|880e08|HSCPH|0|2494|-1493.75|||3|3|2|1|1|132|18|["132,18,5,3651","132,114,4,534"]|636148145821800000|13:49:42:180
62|1.1|636147902804178117|880e08|49787.15625|14.30392568009|100.76620933051|1884|68387||49787.15625|72||7100|69|49787.15625|880e08|HSCPH|0|2494|-1475|||3|3|2|1|1|132|18|["132,18,5,3651","132,114,4,534"]|636148145871560000|13:49:47:156
62|1.1|636147902854103109|880e08|49792.15625|14.29922645693|100.76224503152|1456|67867||49792.15625|70.5||6950|67.5|49792.15625|880e08|HSCPH|0|2494|-1518.75|||3|3|2|1|1|132|18|["132,18,5,3651","132,114,4,534"]|636148145921560000|13:49:52:156
62|1.1|636147902904028101|880e08|49797.140625|14.2943287506|100.75870452092|1074|67325||49797.140625|69.25||6812.5|66.25|49797.140625|880e08|HSCPH|0|2494|-1556.25|||3|3|2|1|1|132|18|["132,18,5,3651","132,114,4,534"]|636148145971410000|13:49:57:141
62|1.1|636147902953963094|880e08|49802.140625|14.28888923886|100.75605450238|788|66724||49802.140625|68||6687.5|65|49802.140625|880e08|HSCPH|0|2494|-1556.25|||3|3|2|1|1|132|18|["132,18,5,3651"]|636148146021410000|13:50:02:141
62|1.1|636147903003868084|880e08|49807.140625|14.28225346369|100.75550733256|729|65989||49807.140625|66.75||6568.75|63.75|49807.140625|880e08|HSCPH|0|2494|-1537.5|||3|3|2|1|1|132|18|["132,18,5,3651"]|636148146071410000|13:50:07:141
62|1.1|636147903053793076|880e08|49812.1171875|14.27585908697|100.75499771361|674|65282||49812.1171875|65.75||6456.25|62.75|49812.1171875|880e08|HSCPH|0|2494|-1475|||3|3|2|1|1|132|18|["132,18,5,3651"]|636148146121170000|13:50:12:117
62|1.1|636147903103708067|880e08|49817.1171875|14.26979193926|100.75449345907|620|64611||49817.1171875|64.5||6343.75|61.5|49817.1171875|880e08|HSCPH|0|2494|-1437.5|||3|3|2|1|1|132|18|["132,18,5,3651"]|636148146171170000|13:50:17:117
62|1.1|636147903153633059|880e08|49822.1015625|14.26405738497|100.75404284863|571|63976||49822.1015625|63.25||6225|60.25|49822.1015625|880e08|HSCPH|0|2494|-1437.5|||3|3|2|1|1|132|18|["132,18,5,3651","132,114,4,534"]|636148146221020000|13:50:22:102
62|1.1|636147903203568052|880e08|49827.1015625|14.25851058503|100.75225113569|378|63362||49827.1015625|62||6100|59|49827.1015625|880e08|HSCPH|0|2494|-1437.5|||3|3|2|1|1|132|18|["132,18,5,3651","132,114,4,534"]|636148146271020000|13:50:27:102
62|1.1|636147903253473042|880e08|49832.1015625|14.25293696304|100.75052916008|192|62746||49832.1015625|60.75||5968.75|57.75|49832.1015625|880e08|HSCPH|0|2494|-1456.25|||3|3|2|1|1|132|18|["132,18,5,3651","132,114,4,534"]|636148146321020000|13:50:32:102
62|1.1|636147903303398034|880e08|49837.078125|14.24753500217|100.74838339608|-39|62148||49837.078125|59.75||5862.5|56.75|49837.078125|880e08|HSCPH|0|2494|-1437.5|||3|3|2|1|1|132|18|["132,18,5,3651","132,114,4,534"]|636148146370780000|13:50:37:078
62|1.1|636147903353323026|880e08|49842.078125|14.24219204981|100.74657558991|-235|61557||49842.078125|58.5||5743.75|55.5|49842.078125|880e08|HSCPH|0|2494|-1418.75|||3|3|2|1|1|132|18|["132,18,5,3651","132,114,4,534"]|636148146420780000|13:50:42:078
62|1.1|636147903403248018|880e08|49847.0625|14.23696711447|100.74492871604|-412|60979||49847.0625|57.5||5643.75|54.5|49847.0625|880e08|HSCPH|0|2494|-1375|||3|3|2|1|1|132|18|["132,18,5,3651","132,114,4,534"]|636148146470630000|13:50:47:063
62|1.1|636147903453163009|880e08|49852.0625|14.23188165379|100.74326038453|-592|60416||49852.0625|56.5||5543.75|53.5|49852.0625|880e08|HSCPH|0|2494|-1318.75|||3|3|2|1|1|132|18|["132,18,5,3651"]|636148146520630000|13:50:52:063
62|1.1|636147903503098002|880e08|49857.0625|14.22702149833|100.74130237488|-804|59878||49857.0625|55.5||5450|52.75|49857.0625|880e08|HSCPH|0|2494|-1262.5|||3|3|2|1|1|132|18|["132,18,5,3651"]|636148146570630000|13:50:57:063
62|1.1|636147903553012993|880e08|49862.0390625|14.22203796144|100.73988080623|-957|59327||49862.0390625|54.5||5356.25|51.75|49862.0390625|880e08|HSCPH|0|2494|-1237.5|||3|3|2|1|1|132|18|["132,18,5,3651"]|636148146620390000|13:51:02:039
62|1.1|636147903602937985|880e08|49867.0390625|14.21694713635|100.73872745808|-1082|58764||49867.0390625|53.5||5262.5|50.75|49867.0390625|880e08|HSCPH|0|2494|-1200|||3|3|2|1|1|132|18|["132,18,5,3651"]|636148146670390000|13:51:07:039
62|1.1|636147903652862977|880e08|49872.015625|14.21208698089|100.73719860123|-1247|58226||49872.015625|52.5||5162.5|49.75|49872.015625|880e08|HSCPH|0|2494|-1200|||3|3|2|1|1|132|18|["132,18,5,3651"]|636148146720160000|13:51:12:016
62|1.1|636147903702777968|880e08|49877.015625|14.20717318133|100.73584676991|-1393|57682||49877.015625|51.75||5087.5|49|49877.015625|880e08|HSCPH|0|2494|-1143.75|||3|3|2|1|1|132|18|["132,18,5,3651"]|636148146770160000|13:51:17:016
62|1.1|636147903752692959|880e08|49882.015625|14.20233984792|100.73440910803|-1548|57147||49882.015625|50.5||4975|48|49882.015625|880e08|HSCPH|0|2494|-1162.5|||3|3|2|1|1|132|18|["132,18,5,3651"]|636148146820160000|13:51:22:016
62|1.1|636147903802617951|880e08|49887|14.19751187892|100.73291243764|-1709|56613||49887|49.75||4893.75|47|49887|880e08|HSCPH|0|2494|-1143.75|||3|3|2|1|1|132|18|["132,18,5,3651"]|636148146870000000|13:51:27:000
62|1.1|636147903852542943|880e08|49892|14.19269463874|100.73160888601|-1850|56080||49892|48.75||4793.75|46|49892|880e08|HSCPH|0|2494|-1143.75|||3|3|2|1|1|132|18|["132,18,5,3651"]|636148146920000000|13:51:32:000
62|1.1|636147903902457934|880e08|49896.9765625|14.18786666974|100.73028924115|-1992|55546||49896.9765625|47.75||4700|45|49896.9765625|880e08|HSCPH|0|2494|-1143.75|||3|3|2|1|1|132|18|["132,18,5,3651"]|636148146969770000|13:51:36:977
62|1.1|636147903952382926|880e08|49901.9765625|14.18311380248|100.72895350306|-2137|55020||49901.9765625|46.75||4600|44|49901.9765625|880e08|HSCPH|0|2494|-1162.5|||3|3|2|1|1|132|18|["132,18,5,3651"]|636148147019770000|13:51:41:977
62|1.1|636147904002307918|880e08|49906.9765625|14.17832338435|100.72768213789|-2274|54490||49906.9765625|46||4518.75|43.25|49906.9765625|880e08|HSCPH|0|2494|-1125|||3|3|2|1|1|132|18|["132,18,5,3651"]|636148147069770000|13:51:46:977
62|1.1|636147904052222909|880e08|49911.9609375|14.17363489001|100.72637858626|-2415|53971||49911.9609375|45||4425|42.25|49911.9609375|880e08|HSCPH|0|2494|-1100|||3|3|2|1|1|132|18|["132,18,5,3651"]|636148147119610000|13:51:51:961
62|1.1|636147904102147901|880e08|49916.9609375|14.16900003977|100.72507503463|-2556|53459||49916.9609375|44.25||4350|41.5|49916.9609375|880e08|HSCPH|0|2494|-1062.5|||3|3|2|1|1|132|18|["132,18,5,3651"]|636148147169610000|13:51:56:961
62|1.1|636147904152072893|880e08|49921.9375|14.16434373189|100.72393777971|-2678|52943||49921.9375|43.5||4281.25|40.75|49921.9375|880e08|HSCPH|0|2494|-1025|||3|3|2|1|1|132|18|["132,18,5,3651"]|636148147219380000|13:52:01:938
62|1.1|636147904201987884|880e08|49926.9375|14.15977325457|100.72270396541|-2812|52438||49926.9375|42.5||4181.25|40|49926.9375|880e08|HSCPH|0|2494|-1025|||3|3|2|1|1|132|18|["132,18,5,3651"]|636148147269380000|13:52:06:938
62|1.1|636147904251912876|880e08|49931.9375|14.15532079427|100.72131458322|-2962|51945||49931.9375|41.75||4106.25|39.25|49931.9375|880e08|HSCPH|0|2494|-1006.25|||3|3|2|1|1|132|18|["132,18,5,3651"]|636148147319380000|13:52:11:938
62|1.1|636147904301857870|880e08|49936.921875|14.15086833397|100.72005394687|-3098|51452||49936.921875|41||4037.5|38.5|49936.921875|880e08|HSCPH|0|2494|-981.25|||3|3|2|1|1|132|18|["132,18,5,3651"]|636148147369220000|13:52:16:922
62|1.1|636147904351752859|880e08|49941.921875|14.14637295839|100.71885768344|-3227|50955||49941.921875|40||3937.5|37.5|49941.921875|880e08|HSCPH|0|2494|-1006.25|||3|3|2|1|1|132|18|["132,18,5,3651"]|636148147419220000|13:52:21:922
62|1.1|636147904401687852|880e08|49946.8984375|14.14189904045|100.71768287765|-3354|50460||49946.8984375|39.25||3856.25|36.75|49946.8984375|880e08|HSCPH|0|2494|-1006.25|||3|3|2|1|1|132|18|["132,18,5,3651"]|636148147468980000|13:52:26:898
62|1.1|636147904451642847|880e08|49951.8984375|14.13754313953|100.71641151248|-3491|49978||49951.8984375|38.5||3781.25|36|49951.8984375|880e08|HSCPH|0|2494|-981.25|||3|3|2|1|1|132|18|["132,18,5,3651"]|636148147518980000|13:52:31:898
62|1.1|636147904501527835|880e08|49956.8984375|14.13317114538|100.71523134228|-3619|49494||49956.8984375|37.75||3712.5|35.25|49956.8984375|880e08|HSCPH|0|2494|-943.75|||3|3|2|1|1|132|18|["132,18,5,3651"]|636148147568980000|13:52:36:898
62|1.1|636147904551452827|880e08|49961.875|14.12884743092|100.71403507885|-3748|49016||49961.875|36.75||3612.5|34.25|49961.875|880e08|HSCPH|0|2494|-981.25|||3|3|2|1|1|132|18|["132,18,5,3651"]|636148147618750000|13:52:41:875
62|1.1|636147904601357817|880e08|49966.875|14.12460418261|100.71272616281|-3890|48547||49966.875|36||3531.25|33.5|49966.875|880e08|HSCPH|0|2494|-981.25|||3|3|2|1|1|132|18|["132,18,5,3651"]|636148147668750000|13:52:46:875
62|1.1|636147904651282809|880e08|49971.859375|14.12038239194|100.71142797559|-4030|48080||49971.859375|35.25||3462.5|32.75|49971.859375|880e08|HSCPH|0|2494|-962.5|||3|3|2|1|1|132|18|["132,18,5,3651"]|636148147718590000|13:52:51:859
62|1.1|636147904701217802|880e08|49976.859375|14.11600503338|100.71034972918|-4147|47595||49976.859375|34.25||3362.5|31.75|49976.859375|880e08|HSCPH|0|2494|-1006.25|||3|3|2|1|1|132|18|["132,18,5,3651"]|636148147768590000|13:52:56:859
62|1.1|636147904751132793|880e08|49981.859375|14.11176714948|100.70913200811|-4278|47126||49981.859375|33.5||3281.25|31|49981.859375|880e08|HSCPH|0|2494|-1006.25|||3|3|2|1|1|132|18|["132,18,5,3651"]|636148147818590000|13:53:01:859
62|1.1|636147904801047784|880e08|49986.8359375|14.10751853676|100.70798402437|-4402|46656||49986.8359375|32.5||3187.5|30|49986.8359375|880e08|HSCPH|0|2494|-1025|||3|3|2|1|1|132|18|["132,18,5,3651"]|636148147868360000|13:53:06:836
62|1.1|636147904850972776|880e08|49991.8359375|14.10337721224|100.70673948125|-4536|46198||49991.8359375|31.75||3112.5|29.25|49991.8359375|880e08|HSCPH|0|2494|-1025|||3|3|2|1|1|132|18|["132,18,5,3651"]|636148147918360000|13:53:11:836
62|1.1|636147904900907769|880e08|49996.8203125|14.09910714188|100.70569878571|-4649|45726||49996.8203125|31||3037.5|28.5|49996.8203125|880e08|HSCPH|0|2494|-1006.25|||3|3|2|1|1|132|18|["132,18,5,3651"]|636148147968200000|13:53:16:820
62|1.1|636147904950812759|880e08|50001.8203125|14.09501946146|100.70443814936|-4785|45273||50001.8203125|30||2937.5|27.5|50001.8203125|880e08|HSCPH|0|2494|-1006.25|||3|3|2|1|1|132|18|["132,18,5,3651"]|636148148018200000|13:53:21:820
62|1.1|636147905000737751|880e08|50006.8203125|14.0908566793|100.70330089444|-4908|44813||50006.8203125|29.25||2862.5|26.75|50006.8203125|880e08|HSCPH|0|2494|-1006.25|||3|3|2|1|1|132|18|["132,18,5,3651"]|636148148068200000|13:53:26:820
62|1.1|636147905050652742|880e08|50011.796875|14.08674754124|100.70214218188|-5033|44358||50011.796875|28.5||2787.5|26|50011.796875|880e08|HSCPH|0|2494|-981.25|||3|3|2|1|1|132|18|["132,18,5,3651"]|636148148117970000|13:53:31:797
62|1.1|636147905100587735|880e08|50016.796875|14.08271350492|100.7008654523|-5171|43912||50016.796875|27.5||2687.5|25|50016.796875|880e08|HSCPH|0|2494|-1006.25|||3|3|2|1|1|132|18|["132,18,5,3651"]|636148148167970000|13:53:36:797
62|1.1|636147905150502726|880e08|50021.78125|14.07888331618|100.69942779042|-5327|43488||50021.78125|26.75||2612.5|24.25|50021.78125|880e08|HSCPH|0|2494|-1006.25|||3|3|2|1|1|132|18|["132,18,5,3651"]|636148148217810000|13:53:41:781
62|1.1|636147905200417717|880e08|50026.78125|14.07525697502|100.69767899276|-5516|43087||50026.78125|26||2543.75|23.5|50026.78125|880e08|HSCPH|0|2494|-981.25|||3|3|2|1|1|132|18|["132,18,5,3651"]|636148148267810000|13:53:46:781
62|1.1|636147905250352710|880e08|50031.78125|14.07210270194|100.69529183031|-5773|42738||50031.78125|25.25||2481.25|22.75|50031.78125|880e08|HSCPH|0|2494|-943.75|||3|3|2|1|1|132|18|["132,18,5,3651"]|636148148317810000|13:53:51:781
62|1.1|636147905300267701|880e08|50036.7578125|14.06900743737|100.69263644736|-6060|42396||50036.7578125|24.5||2406.25|22|50036.7578125|880e08|HSCPH|0|2494|-925|||3|3|2|1|1|132|18|["132,18,5,3651"]|636148148367580000|13:53:56:758
62|1.1|636147905350182692|880e08|50041.7578125|14.06568150317|100.69031902224|-6310|42028||50041.7578125|23.75||2331.25|21.25|50041.7578125|880e08|HSCPH|0|2494|-906.25|||3|3|2|1|1|132|18|["132,18,5,3651"]|636148148417580000|13:54:01:758
62|1.1|636147905400107684|880e08|50046.7421875|14.06233947574|100.68806597004|-6554|41658||50046.7421875|23||2256.25|20.5|50046.7421875|880e08|HSCPH|0|2494|-906.25|||3|3|2|1|1|132|18|["132,18,5,3651"]|636148148467420000|13:54:06:742
62|1.1|636147905450032676|880e08|50051.7421875|14.0587775075|100.6861133248|-6765|41264||50051.7421875|22||2156.25|19.75|50051.7421875|880e08|HSCPH|0|2494|-943.75|||3|3|2|1|1|132|18|["132,18,5,3651"]|636148148517420000|13:54:11:742
62|1.1|636147905499947667|880e08|50056.7421875|14.05524236131|100.68410703546|-6982|40873||50056.7421875|21.25||2075|18.75|50056.7421875|880e08|HSCPH|0|2494|-962.5|||3|3|2|1|1|132|18|["132,18,5,3651"]|636148148567420000|13:54:16:742
62|1.1|636147905549872659|880e08|50061.71875|14.05170185071|100.68216511904|-7192|40481||50061.71875|20.25||1975|17.75|50061.71875|880e08|HSCPH|0|2494|-1025|||3|3|2|1|1|132|18|["132,18,5,3651"]|636148148617190000|13:54:21:719
62|1.1|636147905599797651|880e08|50066.71875|14.0482096198|100.68011055001|-7414|40095||50066.71875|19.5||1900|17|50066.71875|880e08|HSCPH|0|2494|-1025|||3|3|2|1|1|132|18|["132,18,5,3651"]|636148148667190000|13:54:26:719
62|1.1|636147905649722643|880e08|50071.6953125|14.04460473628|100.67818472682|-7622|39696||50071.6953125|18.75||1831.25|16.25|50071.6953125|880e08|HSCPH|0|2494|-1006.25|||3|3|2|1|1|132|18|["132,18,5,3651"]|636148148716950000|13:54:31:695
62|1.1|636147905699637634|880e08|50076.6953125|14.04110714096|100.67615697984|-7841|39309||50076.6953125|18.25||1787.5|15.75|50076.6953125|880e08|HSCPH|0|2494|-906.25|||3|3|2|1|1|132|18|["132,18,5,3651"]|636148148766950000|13:54:36:695
62|1.1|636147905749562626|880e08|50081.6953125|14.037588088|100.67413459727|-8060|38920||50081.6953125|18||1775|15.5|50081.6953125|880e08|HSCPH|0|2494|-706.25|||3|3|2|1|1|132|18|["132,18,5,3651"]|636148148816950000|13:54:41:695
62|1.1|636147905799487618|880e08|50086.6796875|14.03418705206|100.6721122147|-8278|38544||50086.6796875|17.75||1762.5|15.5|50086.6796875|880e08|HSCPH|0|2494|-493.75|||3|3|2|1|1|132|18|["132,18,5,3651"]|636148148866800000|13:54:46:680
62|1.1|636147905849402609|880e08|50091.6796875|14.03064117705|100.67030977294|-8473|38152||50091.6796875|18||1793.75|15.75|50091.6796875|880e08|HSCPH|0|2494|0|||3|3|0|1|1|132|18|["132,18,5,3651"]|636148148916800000|13:54:51:680
62|1.1|636147905899327601|880e08|50096.65625|14.02721331906|100.66848050913|-8671|37772||50096.65625|18||1800|16|50096.65625|880e08|HSCPH|0|2494|0|||3|3|0|1|1|132|18|["132,18,5,3651"]|636148148966560000|13:54:56:656
62|1.1|636147905949252593|880e08|50101.65625|14.02386592722|100.66654395712|-8880|37402||50101.65625|18||1800|16|50101.65625|880e08|HSCPH|0|2494|0|||3|3|0|1|1|132|18|["132,18,5,3651"]|636148149016560000|13:55:01:656
62|1.1|636147905999177585|880e08|50106.65625|14.02049171333|100.66462886275|-9087|37029||50106.65625|18||1793.75|16|50106.65625|880e08|HSCPH|0|2494|0|||3|3|0|1|1|132|18|["132,18,5,3651"]|636148149066560000|13:55:06:656
62|1.1|636147906049102577|880e08|50111.640625|14.01711213503|100.66273522602|-9292|36655||50111.640625|18||1793.75|16|50111.640625|880e08|HSCPH|0|2494|0|||3|3|0|1|1|132|18|["132,18,5,3651"]|636148149116410000|13:55:11:641
62|1.1|636147906099017568|880e08|50116.640625|14.01373792114|100.66083086047|-9498|36282||50116.640625|18||1793.75|16|50116.640625|880e08|HSCPH|0|2494|0|||3|3|0|1|1|132|18|["132,18,5,3651"]|636148149166410000|13:55:16:641
62|1.1|636147906148932559|880e08|50121.6171875|14.01037980048|100.65898013902|-9698|35910||50121.6171875|18||1793.75|16|50121.6171875|880e08|HSCPH|0|2494|0|||3|3|0|1|1|132|18|["132,18,5,3651"]|636148149216170000|13:55:21:617
62|1.1|636147906198857551|880e08|50126.6171875|14.00700558659|100.65708113788|-9903|35537||50126.6171875|18||1793.75|16|50126.6171875|880e08|HSCPH|0|2494|0|||3|3|0|1|1|132|18|["132,18,5,3651"]|636148149266170000|13:55:26:617
62|1.1|636147906248772542|880e08|50131.6171875|14.00366355916|100.65521968761|-10104|35167||50131.6171875|18||1793.75|16|50131.6171875|880e08|HSCPH|0|2494|0|||3|3|0|1|1|132|18|["132,18,5,3651"]|636148149316170000|13:55:31:617
62|1.1|636147906298697534|880e08|50136.6015625|14.00039126906|100.65338505939|-10303|34805||50136.6015625|17.75||1762.5|15.75|50136.6015625|880e08|HSCPH|0|2494|0|||3|3|0|1|1|132|18|["132,18,5,3651"]|636148149366020000|13:55:36:602
62|1.1|636147906348622526|880e08|50141.6015625|13.99712434337|100.65153970235|-10502|34444||50141.6015625|17.5||1725|15.5|50141.6015625|880e08|HSCPH|0|2494|0|||3|3|0|1|1|132|18|["132,18,5,3651"]|636148149416020000|13:55:41:602
62|1.1|636147906398547518|880e08|50146.578125|13.99391642619|100.64976408264|-10694|34089||50146.578125|17||1668.75|15|50146.578125|880e08|HSCPH|0|2494|0|||3|3|0|1|1|132|18|["132,18,5,3651"]|636148149465780000|13:55:46:578
62|1.1|636147906448472510|880e08|50151.578125|13.99071387342|100.64801528498|-10883|33735||50151.578125|16.5||1612.5|14.5|50151.578125|880e08|HSCPH|0|2494|0|||3|3|0|1|1|132|18|["132,18,5,3651"]|636148149515780000|13:55:51:578
62|1.1|636147906498387501|880e08|50156.578125|13.98758642239|100.64628794496|-11070|33389||50156.578125|15.75||1525|13.75|50156.578125|880e08|HSCPH|0|2494|-531.25|||3|3|2|1|1|132|18|["132,18,5,3651"]|636148149565780000|13:55:56:578
62|1.1|636147906548312493|880e08|50161.5625|13.98449652223|100.64456596935|-11256|33047||50161.5625|15||1443.75|12.75|50161.5625|880e08|HSCPH|0|2494|-668.75|||3|3|2|1|1|132|18|["132,18,5,3651"]|636148149615630000|13:56:01:563
62|1.1|636147906598237485|880e08|50166.5625|13.98141198648|100.64283862933|-11443|32706||50166.5625|14.5||1400|12.25|50166.5625|880e08|HSCPH|0|2494|-731.25|||3|3|2|1|1|132|18|["132,18,5,3651"]|636148149665630000|13:56:06:563
62|1.1|636147906648162477|880e08|50171.5390625|13.97838645924|100.64114347577|-11626|32371||50171.5390625|14||1350|11.75|50171.5390625|880e08|HSCPH|0|2494|-731.25|||3|3|2|1|1|132|18|["132,18,5,3651"]|636148149715390000|13:56:11:539
62|1.1|636147906698077468|880e08|50176.5390625|13.97536629641|100.63946441544|-11808|32037||50176.5390625|13.25||1268.75|11|50176.5390625|880e08|HSCPH|0|2494|-731.25|||3|3|2|1|1|132|18|["132,18,5,3651"]|636148149765390000|13:56:16:539
62|1.1|636147906748012461|880e08|50181.5390625|13.97237295563|100.63779071952|-11989|31706||50181.5390625|12.75||1218.75|10.5|50181.5390625|880e08|HSCPH|0|2494|-731.25|||3|3|2|1|1|132|18|["132,18,5,3651"]|636148149815390000|13:56:21:539
62|1.1|636147906797927452|880e08|50186.515625|13.96947617423|100.6361706677|-12164|31386||50186.515625|12.25||1175|10|50186.515625|880e08|HSCPH|0|2494|-687.5|||3|3|2|1|1|132|18|["132,18,5,3651"]|636148149865160000|13:56:26:516
62|1.1|636147906847842443|880e08|50191.515625|13.96662767252|100.63455061588|-12339|31071||50191.515625|11.5||1093.75|9.25|50191.515625|880e08|HSCPH|0|2494|-706.25|||3|3|2|1|1|132|18|["132,18,5,3651"]|636148149915160000|13:56:31:516
62|1.1|636147906897777436|880e08|50196.5|13.96387036578|100.63298957257|-12508|30766||50196.5|10.75||1012.5|8.5|50196.5|880e08|HSCPH|0|2494|-750|||3|3|2|1|1|132|18|["132,18,5,3651"]|636148149965000000|13:56:36:500
62|1.1|636147906947682426|880e08|50201.5|13.96124180488|100.63150899541|-12668|30475||50201.5|10.25||962.5|8|50201.5|880e08|HSCPH|0|2494|-750|||3|3|2|1|1|132|18|["132,18,5,3651"]|636148150015000000|13:56:41:500
62|1.1|636147906997607418|880e08|50206.5|13.95871516777|100.6301088844|-12820|30195||50206.5|9.75||925|7.5|50206.5|880e08|HSCPH|0|2494|-731.25|||3|3|2|1|1|132|18|["132,18,5,3651"]|636148150065000000|13:56:46:500
62|1.1|636147907047522409|880e08|50211.4765625|13.95634946296|100.62877314631|-12964|29934||50211.4765625|9.25||875|7|50211.4765625|880e08|HSCPH|0|2494|-687.5|||3|3|2|1|1|132|18|["132,18,5,3651"]|636148150114770000|13:56:51:477
62|1.1|636147907097447401|880e08|50216.4765625|13.9540642243|100.62746959468|-13105|29681||50216.4765625|8.75||831.25|6.5|50216.4765625|880e08|HSCPH|0|2494|-650|||3|3|2|1|1|132|18|["132,18,5,3651"]|636148150164770000|13:56:56:477
62|1.1|636147907147372393|880e08|50221.4609375|13.95182726533|100.6262465092|-13237|29434||50221.4609375|8.25||781.25|6|50221.4609375|880e08|HSCPH|0|2494|-612.5|||3|3|2|1|1|132|18|["132,18,5,3651"]|636148150214610000|13:57:01:461
62|1.1|636147907197287384|880e08|50226.4609375|13.94953666226|100.62498587285|-13374|29180||50226.4609375|7.75||743.75|5.5|50226.4609375|880e08|HSCPH|0|2494|-612.5|||3|3|2|1|1|132|18|["132,18,5,3651"]|636148150264610000|13:57:06:461
62|1.1|636147907247232378|880e08|50231.4609375|13.94721923714|100.62371450768|-13511|28924||50231.4609375|7.25||693.75|5|50231.4609375|880e08|HSCPH|0|2494|-587.5|||3|3|2|1|1|132|18|["132,18,5,3651"]|636148150314610000|13:57:11:461
62|1.1|636147907297137368|880e08|50236.4375|13.94486962556|100.62239486282|-13654|28664||50236.4375|6.75||643.75|4.5|50236.4375|880e08|HSCPH|0|2494|-587.5|||3|3|2|1|1|132|18|["132,18,5,3651"]|636148150364380000|13:57:16:438
62|1.1|636147907347052359|880e08|50241.4375|13.9425307428|100.6210966756|-13794|28406||50241.4375|6.25||600|4|50241.4375|880e08|HSCPH|0|2494|-587.5|||3|3|2|1|1|132|18|["132,18,5,3651"]|636148150414380000|13:57:21:438
62|1.1|636147907396977351|880e08|50246.421875|13.94014358035|100.61976630192|-13938|28141||50246.421875|5.75||550|3.5|50246.421875|880e08|HSCPH|0|2494|-587.5|||3|3|2|1|1|132|18|["132,18,5,3651"]|636148150464220000|13:57:26:422
62|1.1|636147907446902343|880e08|50251.421875|13.93771886703|100.61840910619|-14085|27873||50251.421875|5.25||506.25|3|50251.421875|880e08|HSCPH|0|2494|-587.5|||3|3|2|1|1|132|18|["132,18,5,3651"]|636148150514220000|13:57:31:422
62|1.1|636147907496827335|880e08|50256.421875|13.93531561135|100.61706263928|-14231|27607||50256.421875|4.75||456.25|2.5|50256.421875|880e08|HSCPH|0|2494|-587.5|||3|3|2|1|1|132|18|["132,18,5,3651"]|636148150564220000|13:57:36:422
62|1.1|636147907546742326|880e08|50261.3984375|13.9329284489|100.61572153678|-14376|27343||50261.3984375|4.25||406.25|2|50261.3984375|880e08|HSCPH|0|2494|-587.5|||3|3|2|1|1|132|18|["132,18,5,3651"]|636148150613980000|13:57:41:398
62|1.1|636147907596677319|880e08|50266.3984375|13.93052519322|100.61437506987|-14521|27077||50266.3984375|3.75||356.25|1.5|50266.3984375|880e08|HSCPH|0|2494|-587.5|||3|3|2|1|1|132|18|["132,18,5,3651"]|636148150663980000|13:57:46:398
62|1.1|636147907646602311|880e08|50271.375|13.92812730195|100.61303933178|-14666|26812||50271.375|3.75||306.25|1|50271.375|880e08|HSCPH|0|2494|-587.5|||3|3|2|1|1|132|18|["132,18,5,3651"]|636148150713750000|13:57:51:375
62|1.1|636147907696507301|880e08|50276.375|13.92570795304|100.61169286487|-14812|26545||50276.375|3.75||256.25|0.5|50276.375|880e08|HSCPH|0|2494|-587.5|||3|3|2|1|1|132|18|[]|636148150763750000|13:57:56:375
62|1.1|636147907746432293|880e08|50281.375|13.92330469736|100.61034103355|-14958|26279||50281.375|3.75||206.25|0|50281.375|880e08|HSCPH|0|2494|-587.5|||3|3|2|1|1|132|18|[]|636148150813750000|13:58:01:375
62|1.1|636147907796357285|880e08|50286.359375|13.92090680609|100.60898920223|-15104|26014||50286.359375|3.75||162.5|8191.5|50286.359375|880e08|HSCPH|0|2494|-587.5|||3|3|2|1|1|132|18|[]|636148150863590000|13:58:06:359
62|1.1|636147907846292278|X|50291.359375||||||||||||X|X|X|2494|||||||1|1|0|0|[]|636148150913590000|13:58:11:359
