62|1.1|636147897456473400|88328c|49252.3984375|10.9871699856|99.51997642136|-134373|-298287||49252.3984375|350||35012.5|347.25|49252.3984375|88328c|TLM8028|0|2629|0|||3|3|0|1|1|132|210|["132,18,5,3749","132,210,2,2127","132,82,5","132,66,5","132,50,5"]|636148140523980000|13:40:52:398
62|1.1|636147897506408393|88328c|49257.375|10.99732481373|99.52347938109|-133985|-297164||49257.375|350||35012.5|347.25|49257.375|88328c|TLM8028|0|2629|0|||3|3|0|1|1|132|210|["132,18,5,3749","132,210,2,2127","132,82,5","132,66,5","132,50,5"]|636148140573750000|13:40:57:375
62|1.1|636147897556323384|88328c|49262.375|11.00751719273|99.52695015436|-133600|-296038||49262.375|350||35006.25|347.25|49262.375|88328c|TLM8028|0|2629|0|||3|3|0|1|1|132|210|["132,18,5,3749","132,210,2,2127","132,82,5","132,66,5","132,50,5"]|636148140623750000|13:41:02:375
62|1.1|636147897606238375|88328c|49267.375|11.01771493614|99.53001323247|-133260|-294911||49267.375|350||34975|347.25|49267.375|88328c|TLM8028|0|2629|0|||3|3|0|1|1|132|210|["132,18,5,3749","132,210,2,2127","132,82,5","132,66,5"]|636148140673750000|13:41:07:375
62|1.1|636147897656163367|88328c|49272.359375|11.02786976427|99.53311386145|-132916|-293788||49272.359375|350||34950|347.25|49272.359375|88328c|TLM8028|0|2629|0|||3|3|0|1|1|132|210|["132,18,5,3749","132,210,2,2127","132,82,5","132,66,5"]|636148140723590000|13:41:12:359
62|1.1|636147897706088359|88328c|49277.359375|11.03804068563|99.53624131248|-132569|-292664||49277.359375|350||34931.25|347.25|49277.359375|88328c|TLM8028|0|2629|0|||3|3|0|1|1|132|18|["132,18,5,3749","132,210,2,2127","132,82,5","132,66,5"]|636148140773590000|13:41:17:359
62|1.1|636147897756003350|88328c|49282.3359375|11.04817405612|99.53927220413|-132232|-291544||49282.3359375|350||34912.5|347.25|49282.3359375|88328c|TLM8028|0|2629|0|||3|3|0|1|1|132|210|["132,18,5,3749","132,210,2,2127","132,82,5","132,66,5"]|636148140823360000|13:41:22:336
62|1.1|636147897805928342|88328c|49287.3359375|11.05831279102|99.54238892634|-131887|-290423||49287.3359375|350||34900|347.25|49287.3359375|88328c|TLM8028|0|2629|0|||3|3|0|1|1|132|210|["132,18,5,3749","132,210,2,2127","132,82,5","132,66,5"]|636148140873360000|13:41:27:336
62|1.1|636147897855853334|88328c|49292.3359375|11.0682798648|99.545747047|-131514|-289322||49292.3359375|350||34906.25|347.25|49292.3359375|88328c|TLM8028|0|2629|0|||3|3|0|1|1|132|210|["132,18,5,3749","132,210,2,2127","132,82,5","132,66,5"]|636148140923360000|13:41:32:336
62|1.1|636147897905778326|88328c|49297.3203125|11.07817720125|99.54919636263|-131132|-288228||49297.3203125|350||34912.5|347.25|49297.3203125|88328c|TLM8028|0|2629|0|||3|3|0|1|1|132|18|["132,18,5,3749","132,210,2,2127","132,82,5","132,66,5"]|636148140973200000|13:41:37:320
62|1.1|636147897955693317|88328c|49302.3203125|11.08817646149|99.55238818658|-130779|-287123||49302.3203125|350||34906.25|347.25|49302.3203125|88328c|TLM8028|0|2629|0|||3|3|0|1|1|132|210|["132,18,5,3749","132,210,2,2127","132,82,5","132,66,5"]|636148141023200000|13:41:42:320
62|1.1|636147898005618309|88328c|49307.296875|11.09691508538|99.55900250411|-130051|-286159||49307.296875|350||34993.75|347.25|49307.296875|88328c|TLM8028|0|2629|0|||3|3|0|1|1|132|210|["132,18,5,3749","132,210,2,2127","132,82,5","132,66,5"]|636148141072970000|13:41:47:297
62|1.1|636147898055533300|88328c|49312.296875|11.10678023537|99.56288633695|-129622|-285069||49312.296875|350||35000|347.25|49312.296875|88328c|TLM8028|0|2629|0|||3|3|0|1|1|132|18|["132,18,5,3749","132,210,2,2127","132,82,5"]|636148141122970000|13:41:52:297
62|1.1|636147898105458292|88328c|49317.296875|11.11535256255|99.56683454271|-129186|-284122||49317.296875|350||34993.75|347.25|49317.296875|88328c|TLM8028|0|2629|0|||3|3|0|1|1|132|18|["132,18,5,3749","132,210,2,2127","132,82,5"]|636148141172970000|13:41:57:297
62|1.1|636147898155373283|88328c|49322.28125|11.12490657676|99.57057353648|-128772|-283066||49322.28125|350||34993.75|347.25|49322.28125|88328c|TLM8028|0|2629|0|||3|3|0|1|1|132|18|["132,18,5,3749","132,210,2,2127","132,82,5"]|636148141222810000|13:42:02:281
62|1.1|636147898205298275|88328c|49327.28125|11.13443376892|99.57436617435|-128353|-282013||49327.28125|350||35000|347.25|49327.28125|88328c|TLM8028|0|2629|0|||3|3|0|1|1|132|18|["132,18,5,3749","132,210,2,2127","132,82,5"]|636148141272810000|13:42:07:281
62|1.1|636147898255233268|88328c|49332.2578125|11.14405752046|99.57807298166|-127943|-280950||49332.2578125|350||34993.75|347.25|49332.2578125|88328c|TLM8028|0|2629|0|||3|3|0|1|1|132|18|["132,18,5,3749","132,210,2,2127","132,82,5"]|636148141322580000|13:42:12:258
62|1.1|636147898305158260|88328c|49337.2578125|11.15488289984|99.58198363655|-127511|-279754||49337.2578125|350||35012.5|347.25|49337.2578125|88328c|TLM8028|0|2629|0|||3|3|0|1|1|132|18|["132,18,5,3749","132,210,2,2127","132,82,5"]|636148141372580000|13:42:17:258
62|1.1|636147898355073251|88328c|49342.2578125|11.1651074653|99.58580846088|-127088|-278624||49342.2578125|350||35012.5|347.25|49342.2578125|88328c|TLM8028|0|2629|0|||3|3|0|1|1|132|18|["132,18,5,3749","132,210,2,2127","132,82,5"]|636148141422580000|13:42:22:258
62|1.1|636147898405008244|88328c|49347.2421875|11.17459174218|99.5891451239|-126718|-277576||49347.2421875|350||34993.75|347.25|49347.2421875|88328c|TLM8028|0|2629|0|||3|3|0|1|1|132|5|["132,18,5,3749","132,210,2,2127","132,82,5"]|636148141472420000|13:42:27:242
62|1.1|636147898454903233|88328c|49352.2421875|11.18541712156|99.59296994823|-126295|-276380||49352.2421875|350||35006.25|347.25|49352.2421875|88328c|TLM8028|0|2629|0|||3|3|0|1|1|132|18|["132,18,5,3749","132,210,2,2127","132,82,5"]|636148141522420000|13:42:32:242
62|1.1|636147898504838226|88328c|49357.21875|11.19559340733|99.59676795051|-125875|-275255||49357.21875|350||35012.5|347.25|49357.21875|88328c|TLM8028|0|2629|0|||3|3|0|1|1|132|18|["132,18,5,3749","132,210,2,2127","132,82,5"]|636148141572190000|13:42:37:219
62|1.1|636147898554753217|88328c|49362.21875|11.20493820955|99.60024408819|-125491|-274223||49362.21875|350||35000|347.25|49362.21875|88328c|TLM8028|0|2629|0|||3|3|0|1|1|132|18|["132,18,5,3749","132,210,2,2127","132,82,5"]|636148141622190000|13:42:42:219
62|1.1|636147898604678209|88328c|49367.21875|11.21595134328|99.6040581837|-125069|-273005||49367.21875|350||35006.25|347.25|49367.21875|88328c|TLM8028|0|2629|0|||3|3|0|1|1|132|83|["132,18,5,3749","132,210,2,2127","132,82,5"]|636148141672190000|13:42:47:219
62|1.1|636147898654593200|88328c|49372.1953125|11.22607398495|99.60778644865|-124657|-271887||49372.1953125|350||35012.5|347.25|49372.1953125|88328c|TLM8028|0|2629|0|||3|3|0|1|1|132|18|["132,18,5,3749","132,210,2,2127","132,82,5"]|636148141721950000|13:42:52:195
62|1.1|636147898704518192|88328c|49377.1953125|11.23642193184|99.61139669658|-124257|-270743||49377.1953125|350||35018.75|347.25|49377.1953125|88328c|TLM8028|0|2629|0|||3|3|0|1|1|132|18|["132,18,5,3749","132,210,2,2127","132,82,5"]|636148141771950000|13:42:57:195
62|1.1|636147898754453185|88328c|49382.1796875|11.24501571666|99.61460461376|-123903|-269794||49382.1796875|350||35000|347.25|49382.1796875|88328c|TLM8028|0|2629|0|||3|3|0|1|1|132|5|["132,18,5,3749","132,210,2,2127","132,82,5"]|636148141821800000|13:43:02:180
62|1.1|636147898804368176|88328c|49387.1796875|11.25481112932|99.61820413287|-123505|-268711||49387.1796875|350||35000|347.25|49387.1796875|88328c|TLM8028|0|2629|0|||3|3|0|1|1|132|5|["132,18,5,3749","132,210,2,2127","132,82,5"]|636148141871800000|13:43:07:180
62|1.1|636147898854283167|88328c|49392.1796875|11.26469237254|99.6218143808|-123106|-267619||49392.1796875|350||35000|347.25|49392.1796875|88328c|TLM8028|0|2629|0|||3|3|0|1|1|132|5|["132,18,5,3749","132,210,2,2127","132,82,5"]|636148141921800000|13:43:12:180
62|1.1|636147898904208159|88328c|49397.15625|11.27590398944|99.62593961209|-122650|-266381||49397.15625|350||35000|347.25|49397.15625|88328c|TLM8028|0|2629|0|||3|3|0|1|1|132|83|["132,18,5,3749","132,210,2,2127","132,82,5"]|636148141971560000|13:43:17:156
62|1.1|636147898954123150|88328c|49402.15625|11.28449240985|99.62911534281|-122299|-265431||49402.15625|350||35000|347.25|49402.15625|88328c|TLM8028|0|2629|0|||3|3|0|1|1|132|83|["132,18,5,3749","132,210,2,2127","132,82,5"]|636148142021560000|13:43:22:156
62|1.1|636147899004048142|88328c|49407.140625|11.29450776332|99.63276850602|-121895|-264325||49407.140625|350||35000|347.25|49407.140625|88328c|TLM8028|0|2629|0|||3|3|0|1|1|132|18|["132,18,5,3749","132,210,2,2127","132,82,5"]|636148142071410000|13:43:27:141
62|1.1|636147899053973134|88328c|49412.140625|11.30448020151|99.63643776246|-121490|-263223||49412.140625|350||35000|347.25|49412.140625|88328c|TLM8028|0|2629|0|||3|3|0|1|1|132|18|["132,18,5,3749","132,210,2,2127","132,82,5"]|636148142121410000|13:43:32:141
62|1.1|636147899103898126|88328c|49417.140625|11.31453310585|99.64012847654|-121082|-262112||49417.140625|350||35000|347.25|49417.140625|88328c|TLM8028|0|2629|0|||3|3|0|1|1|132|18|["132,18,5,3749","132,210,2,2127","132,82,5"]|636148142171410000|13:43:37:141
62|1.1|636147899153813117|88328c|49422.1171875|11.32610413822|99.64440927572|-120609|-260833||49422.1171875|350||35000|347.25|49422.1171875|88328c|TLM8028|0|2629|0|||3|3|0|1|1|132|83|["132,18,5,3749","132,210,2,2127","132,82,5"]|636148142221170000|13:43:42:117
62|1.1|636147899203738109|88328c|49427.1171875|11.3354811269|99.64774057433|-120241|-259797||49427.1171875|350||35012.5|347.25|49427.1171875|88328c|TLM8028|0|2629|0|||3|3|0|1|1|132|83|["132,18,5,3749","132,210,2,2127","132,82,5"]|636148142271170000|13:43:47:117
62|1.1|636147899253653100|88328c|49432.1015625|11.34620458249|99.65160294953|-119814|-258612||49432.1015625|350||35012.5|347.25|49432.1015625|88328c|TLM8028|0|2629|0|||3|3|0|1|1|132|83|["132,18,5,3749","132,210,2,2127","132,82,5"]|636148142321020000|13:43:52:102
62|1.1|636147899303578092|88328c|49437.1015625|11.35616092745|99.6553419433|-119401|-257511||49437.1015625|350||35006.25|347.25|49437.1015625|88328c|TLM8028|0|2629|0|||3|3|0|1|1|132|83|["132,18,5,3749","132,210,2,2127","132,82,5"]|636148142371020000|13:43:57:102
62|1.1|636147899353503084|88328c|49442.1015625|11.36645523024|99.65908630148|-118988|-256374||49442.1015625|350||35006.25|347.25|49442.1015625|88328c|TLM8028|0|2629|0|||3|3|0|1|1|132|18|["132,18,5,3749","132,210,2,2127","132,82,5"]|636148142421020000|13:44:02:102
62|1.1|636147899403418075|88328c|49447.078125|11.37680317713|99.66277701556|-118580|-255230||49447.078125|350||35006.25|347.25|49447.078125|88328c|TLM8028|0|2629|0|||3|3|0|1|1|132|18|["132,18,5,3749","132,210,2,2127","132,82,5"]|636148142470780000|13:44:07:078
62|1.1|636147899453363069|88328c|49452.078125|11.38704383582|99.66646236523|-118173|-254099||49452.078125|350||35012.5|347.25|49452.078125|88328c|TLM8028|0|2629|0|||3|3|0|1|1|132|18|["132,18,5,3749","132,210,2,2127","132,82,5"]|636148142520780000|13:44:12:078
62|1.1|636147899503268059|88328c|49457.0625|11.39560006977|99.6698794944|-117796|-253153||49457.0625|350||34993.75|347.25|49457.0625|88328c|TLM8028|0|2629|0|||3|3|0|1|1|132|18|["132,18,5,3749","132,210,2,2127","132,82,5"]|636148142570630000|13:44:17:063
62|1.1|636147899553183050|88328c|49462.0625|11.40502533814|99.67346292028|-117400|-252112||49462.0625|350||34993.75|347.25|49462.0625|88328c|TLM8028|0|2629|0|||3|3|0|1|1|132|18|["132,18,5,3749","132,210,2,2127","132,82,5"]|636148142620630000|13:44:22:063
62|1.1|636147899603108042|88328c|49467.0625|11.41619940417|99.67739503281|-116966|-250877||49467.0625|350||35000|347.25|49467.0625|88328c|TLM8028|0|2629|0|||3|3|0|1|1|132|83|["132,18,5,3749","132,210,2,2127","132,82,5"]|636148142670630000|13:44:27:063
62|1.1|636147899653033034|88328c|49472.0390625|11.4263542323|99.68110720453|-116556|-249754||49472.0390625|350||35012.5|347.25|49472.0390625|88328c|TLM8028|0|2629|0|||3|3|0|1|1|132|18|["132,18,5,3749","132,210,2,2127","132,82,5"]|636148142720390000|13:44:32:039
62|1.1|636147899702948025|88328c|49477.0390625|11.43661634863|99.68482474066|-116146|-248621||49477.0390625|350||35018.75|347.25|49477.0390625|88328c|TLM8028|0|2629|0|||3|3|0|1|1|132|18|["132,18,5,3749","132,210,2,2127","132,82,5"]|636148142770390000|13:44:37:039
62|1.1|636147899752873017|88328c|49482.015625|11.44676581235|99.68851009033|-115739|-247499||49482.015625|350||35031.25|347.25|49482.015625|88328c|TLM8028|0|2629|0|||3|3|0|1|1|132|18|["132,18,5,3749","132,210,2,2127","132,82,5"]|636148142820160000|13:44:42:016
62|1.1|636147899802808010|88328c|49487.015625|11.45696355576|99.6922490841|-115326|-246372||49487.015625|350||35037.5|347.25|49487.015625|88328c|TLM8028|0|2629|0|||3|3|0|1|1|132|18|["132,18,5,3749","132,210,2,2127","132,82,5"]|636148142870160000|13:44:47:016
62|1.1|636147899852713000|88328c|49492.015625|11.46708083302|99.69599344228|-114913|-245254||49492.015625|350||35043.75|347.25|49492.015625|88328c|TLM8028|0|2629|0|||3|3|0|1|1|132|18|["132,18,5,3749","132,210,2,2127","132,82,5"]|636148142920160000|13:44:52:016
62|1.1|636147899902637992|88328c|49497|11.47706400003|99.69985581748|-114487|-244151||49497|350||35050|347.25|49497|88328c|TLM8028|0|2629|0|||3|3|0|1|1|132|18|["132,18,5,3749","132,210,2,2127","132,82,5"]|636148142970000000|13:44:57:000
62|1.1|636147899952562984|88328c|49502|11.48706862468|99.70360017566|-114074|-243045||49502|350||35050|347.25|49502|88328c|TLM8028|0|2629|0|||3|3|0|1|1|132|18|["132,18,5,3749","132,210,2,2127","132,82,5"]|636148143020000000|13:45:02:000
62|1.1|636147900002477975|88328c|49506.9765625|11.49704106287|99.70729625415|-113666|-241943||49506.9765625|350||35043.75|347.25|49506.9765625|88328c|TLM8028|0|2629|0|||3|3|0|1|1|132|18|["132,18,5,3749","132,210,2,2127","132,82,5"]|636148143069770000|13:45:06:977
62|1.1|636147900052402967|88328c|49511.9765625|11.50706178075|99.71084212916|-113275|-240836||49511.9765625|350||35037.5|347.25|49511.9765625|88328c|TLM8028|0|2629|0|||3|3|0|1|1|132|5|["132,18,5,3749","132,210,2,2127","132,82,5"]|636148143119770000|13:45:11:977
62|1.1|636147900102327959|88328c|49516.9765625|11.51559119265|99.71378182584|-112950|-239893||49516.9765625|350||35000|347.25|49516.9765625|88328c|TLM8028|0|2629|0|||3|3|0|1|1|132|18|["132,18,5,3749","132,210,2,2127","132,82,5"]|636148143169770000|13:45:16:977
62|1.1|636147900152262952|88328c|49521.9609375|11.52587476662|99.71767102309|-112521|-238757||49521.9609375|350||34993.75|347.25|49521.9609375|88328c|TLM8028|0|2629|0|||3|3|0|1|1|132|83|["132,18,5,3749","132,210,2,2127","132,82,5"]|636148143219610000|13:45:21:961
62|1.1|636147900202167942|88328c|49526.9609375|11.53452755995|99.72087357586|-112168|-237801||49526.9609375|350||34987.5|347.25|49526.9609375|88328c|TLM8028|0|2629|0|||3|3|0|1|1|132|18|["132,18,5,3749","132,210,2,2127","132,82,5"]|636148143269610000|13:45:26:961
62|1.1|636147900255213246|88328c|49532.2578125|11.54482722715|99.72475204429|-111740|-236663||49532.2578125|350||34993.75|347.25|49532.2578125|88328c|TLM8028|0|2629|0|||3|3|0|1|1|132|83|["132,18,5,3749","132,210,2,2127","132,82,5"]|636148143322580000|13:45:32:258
62|1.1|636147900305128237|88328c|49537.2578125|11.55562578448|99.72863051272|-111312|-235469||49537.2578125|350||35006.25|347.75|49537.2578125|88328c|TLM8028|0|2629|0|||3|3|0|1|1|132|18|["132,18,5,3749","132,210,2,2127","132,82,5"]|636148143372580000|13:45:37:258
62|1.1|636147900355053229|88328c|49542.2421875|11.56543729037|99.73227831152|-110910|-234385||49542.2421875|350||35000|347.75|49542.2421875|88328c|TLM8028|0|2629|0|||3|3|0|1|1|132|18|["132,18,5,3749","132,210,2,2127","132,82,5"]|636148143422420000|13:45:42:242
62|1.1|636147900404968220|88328c|49547.2421875|11.57545264384|99.73596366119|-110504|-233278||49547.2421875|350||35000|347.75|49547.2421875|88328c|TLM8028|0|2629|0|||3|3|0|1|1|132|18|["132,18,5,3749","132,210,2,2127","132,82,5"]|636148143472420000|13:45:47:242
62|1.1|636147900454893212|88328c|49552.21875|11.5852480565|99.73960609558|-110102|-232196||49552.21875|350||35006.25|347.75|49552.21875|88328c|TLM8028|0|2629|0|||3|3|0|1|1|132|18|["132,18,5,3749","132,210,2,2127","132,82,5"]|636148143522190000|13:45:52:219
62|1.1|636147900504818204|88328c|49557.21875|11.59610025793|99.74350065724|-109672|-230996||49557.21875|350||35006.25|347.75|49557.21875|88328c|TLM8028|0|2629|0|||3|3|0|1|1|132|18|["132,18,5,3749","132,210,2,2127","132,82,5"]|636148143572190000|13:45:57:219
62|1.1|636147900554733195|88328c|49562.21875|11.60642138277|99.74723965101|-109260|-229856||49562.21875|350||35012.5|347.75|49562.21875|88328c|TLM8028|0|2629|0|||3|3|0|1|1|132|18|["132,18,5,3749","132,210,2,2127","132,82,5"]|636148143622190000|13:46:02:219
62|1.1|636147900604658187|88328c|49567.1953125|11.61676396525|99.75092500068|-108853|-228713||49567.1953125|350||35018.75|347.75|49567.1953125|88328c|TLM8028|0|2629|0|||3|3|0|1|1|132|18|["132,18,5,3749","132,210,2,2127","132,82,5"]|636148143671950000|13:46:07:195
62|1.1|636147900654583179|88328c|49572.1953125|11.62718701388|99.75459425712|-108449|-227561||49572.1953125|350||35031.25|347.75|49572.1953125|88328c|TLM8028|0|2629|0|||3|3|0|1|1|132|18|["132,18,5,3749","132,210,2,2127","132,82,5"]|636148143721950000|13:46:12:195
62|1.1|636147900704498170|88328c|49577.1796875|11.63732038437|99.75838689499|-108031|-226441||49577.1796875|350||35037.5|347.75|49577.1796875|88328c|TLM8028|0|2629|0|||3|3|0|1|1|132|18|["132,18,5,3749","132,210,2,2127","132,82,5"]|636148143771800000|13:46:17:180
62|1.1|636147900754423162|88328c|49582.1796875|11.64749130573|99.76184157503|-107650|-225317||49582.1796875|350||35031.25|347.75|49582.1796875|88328c|TLM8028|0|2629|0|||3|3|0|1|1|132|18|["132,18,5,3749","132,210,2,2127","132,82,5"]|636148143821800000|13:46:22:180
62|1.1|636147900804198139|88328c|49587.1796875|11.65779633734|99.76501194134|-107300|-224178||49587.1796875|350||35012.5|347.75|49587.1796875|88328c|TLM8028|0|2629|0|||3|3|0|1|1|132|18|["132,18,5,3749","132,210,2,2127","132,82,5"]|636148143871800000|13:46:27:180
62|1.1|636147900854113130|88328c|49592.15625|11.66782241963|99.76866510455|-106897|-223070||49592.15625|350||35012.5|347.75|49592.15625|88328c|TLM8028|0|2629|0|||3|3|0|1|1|132|18|["132,18,5,3749","132,210,2,2127","132,82,5"]|636148143921560000|13:46:32:156
62|1.1|636147900904028121|88328c|49597.15625|11.67803089186|99.7720178608|-106527|-221942||49597.15625|350||35006.25|347.75|49597.15625|88328c|TLM8028|0|2629|0|||3|3|0|1|1|132|18|["132,18,5,3749","132,210,2,2127","132,82,5"]|636148143971560000|13:46:37:156
62|1.1|636147900953953113|88328c|49602.140625|11.68866851689|99.7738417602|-106324|-220765||49602.140625|350.25||35006.25|347.75|49602.140625|88328c|TLM8028|0|2629|0|||3|3|0|1|1|132|18|["132,18,5,3749","132,210,2,2127","132,82,5"]|636148144021410000|13:46:42:141
62|1.1|636147901003878105|88328c|49607.140625|11.69903792142|99.77664198222|-106014|-219619||49607.140625|350||35006.25|347.75|49607.140625|88328c|TLM8028|0|2629|0|||3|3|0|1|1|132|18|["132,18,5,3749","132,210,2,2127","132,82,5"]|636148144071410000|13:46:47:141
62|1.1|636147901053803097|88328c|49612.140625|11.71015834335|99.77576758339|-106105|-218388||49612.140625|350||35012.5|347.75|49612.140625|88328c|TLM8028|0|2629|0|||3|3|0|1|1|132|18|["132,18,5,3749","132,210,2,2127","132,82,5"]|636148144121410000|13:46:52:141
62|1.1|636147901103718088|88328c|49617.1171875|11.72072623105|99.77659370253|-106010|-217219||49617.1171875|350||35012.5|347.75|49617.1171875|88328c|TLM8028|0|2629|0|||3|3|0|1|1|132|18|["132,18,5,3749","132,210,2,2127","132,82,5"]|636148144171170000|13:46:57:117
62|1.1|636147901153653081|88328c|49622.1171875|11.73131021198|99.77785970329|-105868|-216048||49622.1171875|350||35006.25|347.75|49622.1171875|88328c|TLM8028|0|2629|0|||3|3|0|1|1|132|18|["132,18,5,3749","132,210,2,2127","132,82,5"]|636148144221170000|13:47:02:117
62|1.1|636147901203718087|88328c|49627.1015625|11.74202293875|99.77794553385|-105854|-214863||49627.1015625|350||35000|347.75|49627.1015625|88328c|TLM8028|0|2629|0|||3|3|0|1|1|132|18|["132,18,5,3749","132,210,2,2127","132,82,5"]|636148144271020000|13:47:07:102
62|1.1|636147901253493064|88328c|49632.1015625|11.75271420788|99.77915789051|-105718|-213680||49632.1015625|350||34993.75|347.75|49632.1015625|88328c|TLM8028|0|2629|0|||3|3|0|1|1|132|83|["132,18,5,3749","132,210,2,2127","132,82,5"]|636148144321020000|13:47:12:102
62|1.1|636147901303408055|88328c|49637.1015625|11.76084665344|99.78224242626|-105378|-212782||49637.1015625|350||34993.75|347.75|49637.1015625|88328c|TLM8028|0|2629|0|||3|3|0|1|1|132|18|["132,18,5,3749","132,210,2,2127","132,82,5"]|636148144371020000|13:47:17:102
62|1.1|636147901353353049|88328c|49642.078125|11.77187051599|99.78336358795|-105251|-211562||49642.078125|350||35000|347.75|49642.078125|88328c|TLM8028|0|2629|0|||3|3|0|1|1|132|18|["132,18,5,3749","132,210,2,2127","132,82,5"]|636148144420780000|13:47:22:078
62|1.1|636147901403248038|88328c|49647.078125|11.78253496307|99.78430772411|-105144|-210382||49647.078125|350||35000|347.75|49647.078125|88328c|TLM8028|0|2629|0|||3|3|0|1|1|132|18|["132,18,5,3749","132,210,2,2127","132,82,5"]|636148144470780000|13:47:27:078
62|1.1|636147901453173030|88328c|49652.0625|11.79245912157|99.78521967381|-105040|-209284||49652.0625|350||35000|347.75|49652.0625|88328c|TLM8028|0|2629|0|||3|3|0|1|1|132|18|["132,18,5,3749","132,210,2,2127","132,82,5"]|636148144520630000|13:47:32:063
62|1.1|636147901503098022|88328c|49657.0625|11.80307528896|99.78616917438|-104932|-208110||49657.0625|350||34993.75|347.75|49657.0625|88328c|TLM8028|0|2629|0|||3|3|0|1|1|132|18|["132,18,5,3749","132,210,2,2127","132,82,5"]|636148144570630000|13:47:37:063
62|1.1|636147901553013013|88328c|49662.0625|11.81589622886|99.7871991411|-104815|-206692||49662.0625|350||35000|347.75|49662.0625|88328c|TLM8028|0|2629|0|||3|3|0|1|1|132|83|["132,18,5,3749","132,210,2,2127","132,82,5"]|636148144620630000|13:47:42:063
62|1.1|636147901602938005|88328c|49667.0390625|11.82622808252|99.78809499757|-104713|-205549||49667.0390625|350||34993.75|347.75|49667.0390625|88328c|TLM8028|0|2629|0|||3|3|0|1|1|132|5|["132,18,5,3749","132,210,2,2127","132,82,5"]|636148144670390000|13:47:47:039
62|1.1|636147901652862997|88328c|49672.0390625|11.83580355437|99.78889965907|-104621|-204489||49672.0390625|350||35000|347.75|49672.0390625|88328c|TLM8028|0|2629|0|||3|3|0|1|1|132|18|["132,18,5,3749","132,210,2,2127","132,82,5"]|636148144720390000|13:47:52:039
62|1.1|636147901702777988|88328c|49677.015625|11.84703662891|99.78982233759|-104516|-203247||49677.015625|350||35006.25|347.75|49677.015625|88328c|TLM8028|0|2629|0|||3|3|0|1|1|132|18|["132,18,5,3749","132,210,2,2127","132,82,5"]|636148144770160000|13:47:57:016
62|1.1|636147901752702980|88328c|49682.015625|11.85801221177|99.79078256698|-104407|-202033||49682.015625|350||35006.25|347.75|49682.015625|88328c|TLM8028|0|2629|0|||3|3|0|1|1|132|18|["132,18,5,3749","132,210,2,2127","132,82,5"]|636148144820160000|13:48:02:016
62|1.1|636147901802627972|88328c|49687.015625|11.86745893778|99.79164623699|-104309|-200988||49687.015625|350||35000|347.75|49687.015625|88328c|TLM8028|0|2629|0|||3|3|0|1|1|132|18|["132,18,5,3749","132,210,2,2127","132,82,5"]|636148144870160000|13:48:07:016
62|1.1|636147901852552964|88328c|49692|11.87761913032|99.79247235613|-104215|-199864||49692|350||35000|347.75|49692|88328c|TLM8028|0|2629|0|||3|3|0|1|1|132|18|["132,18,5,3749","132,210,2,2127","132,82,5"]|636148144920000000|13:48:12:000
62|1.1|636147901902627971|88328c|49697|11.88971051046|99.79328238204|-104122|-198526||49697|350||35006.25|347.75|49697|88328c|TLM8028|0|2629|0|||3|3|0|1|1|132|83|["132,18,5,3749","132,210,2,2127","132,82,5"]|636148144970000000|13:48:17:000
62|1.1|636147901952392947|88328c|49701.9765625|11.89959711809|99.79392074683|-104048|-197432||49701.9765625|350||35000|347.75|49701.9765625|88328c|TLM8028|0|2629|0|||3|3|0|1|1|132|18|["132,18,5,3749","132,210,2,2127","132,82,5"]|636148145019770000|13:48:21:977
62|1.1|636147902002317939|88328c|49706.9765625|11.91021864989|99.79478441684|-103950|-196257||49706.9765625|350||35000|347.75|49706.9765625|88328c|TLM8028|0|2629|0|||3|3|0|1|1|132|18|["132,18,5,3749","132,210,2,2127","132,82,5"]|636148145069770000|13:48:26:977
62|1.1|636147902052232930|88328c|49711.9765625|11.92188087723|99.79393684006|-104037|-194967||49711.9765625|350||35006.25|347.75|49711.9765625|88328c|TLM8028|0|2629|0|||3|3|0|1|1|132|18|["132,18,5,3749","132,210,2,2127","132,82,5"]|636148145119770000|13:48:31:977
62|1.1|636147902102167923|88328c|49716.9609375|11.93275990071|99.79384028068|-104043|-193763||49716.9609375|350||35012.5|347.75|49716.9609375|88328c|TLM8028|0|2629|0|||3|3|0|1|1|132|18|["132,18,5,3749","132,210,2,2127","132,82,5"]|636148145169610000|13:48:36:961
62|1.1|636147902152092915|88328c|49721.9609375|11.942785983|99.79297124626|-104134|-192653||49721.9609375|350||35000|347.75|49721.9609375|88328c|TLM8028|0|2629|0|||3|3|0|1|1|132|18|["132,18,5,3749","132,210,2,2127","132,82,5"]|636148145219610000|13:48:41:961
62|1.1|636147902202007906|88328c|49726.9375|11.95336459952|99.79269766135|-104159|-191482||49726.9375|350||35000|347.75|49726.9375|88328c|TLM8028|0|2629|0|||3|3|0|1|1|132|18|["132,18,5,3749","132,210,2,2127","132,82,5"]|636148145269380000|13:48:46:938
62|1.1|636147902251922897|88328c|49731.9375|11.96424898741|99.79255818669|-104170|-190278||49731.9375|350||35000|347.75|49731.9375|88328c|TLM8028|0|2629|0|||3|3|0|1|1|132|5|["132,18,5,3749","132,210,2,2127","132,82,5"]|636148145319380000|13:48:51:938
62|1.1|636147902301837888|88328c|49736.9375|11.97358842522|99.79233288147|-104191|-189244||49736.9375|350||35000|347.75|49736.9375|88328c|TLM8028|0|2629|0|||3|3|0|1|1|132|18|["132,18,5,3749","132,210,2,2127","132,82,5"]|636148145369380000|13:48:56:938
62|1.1|636147902351762880|88328c|49741.921875|11.98415631292|99.79209684743|-104212|-188075||49741.921875|350||35000|347.75|49741.921875|88328c|TLM8028|0|2629|0|||3|3|0|1|1|132|18|["132,18,5,3749","132,210,2,2127","132,82,5"]|636148145419220000|13:49:01:922
62|1.1|636147902401677871|88328c|49746.921875|11.99578098939|99.79188763544|-104230|-186788||49746.921875|350||35006.25|347.75|49746.921875|88328c|TLM8028|0|2629|0|||3|3|0|1|1|132|18|["132,18,5,3749","132,210,2,2127","132,82,5"]|636148145469220000|13:49:06:922
62|1.1|636147902451602863|88328c|49751.8984375|12.00722864033|99.79171597432|-104244|-185522||49751.8984375|350||35006.25|347.75|49751.8984375|88328c|TLM8028|0|2629|0|||3|3|0|1|1|132|18|["132,18,5,3749","132,210,2,2127","132,82,5"]|636148145518980000|13:49:11:898
62|1.1|636147902501527855|88328c|49756.8984375|12.01859046071|99.79153894879|-104259|-184265||49756.8984375|350||35006.25|347.75|49756.8984375|88328c|TLM8028|0|2629|0|||3|3|0|1|1|132|18|["132,18,5,3749","132,210,2,2127","132,82,5"]|636148145568980000|13:49:16:898
62|1.1|636147902551452847|88328c|49761.8984375|12.02857362772|99.79136192326|-104274|-183160||49761.8984375|350||35000|347.75|49761.8984375|88328c|TLM8028|0|2629|0|||3|3|0|1|1|132|18|["132,18,5,3749","132,210,2,2127","132,82,5"]|636148145618980000|13:49:21:898
62|1.1|636147902601367838|88328c|49766.875|12.03924343921|99.79115807568|-104292|-181979||49766.875|350||35006.25|347.75|49766.875|88328c|TLM8028|0|2629|0|||3|3|0|1|1|132|18|["132,18,5,3749","132,210,2,2127","132,82,5"]|636148145668750000|13:49:26:875
62|1.1|636147902651302831|88328c|49771.875|12.05000444567|99.79094886369|-104310|-180788||49771.875|350||35006.25|347.75|49771.875|88328c|TLM8028|0|2629|0|||3|3|0|1|1|132|18|["132,18,5,3749","132,210,2,2127","132,82,5"]|636148145718750000|13:49:31:875
62|1.1|636147902701217822|88328c|49776.859375|12.06082446064|99.79081475344|-104320|-179591||49776.859375|350||35000|347.75|49776.859375|88328c|TLM8028|0|2629|0|||3|3|0|1|1|132|83|["132,18,5,3749","132,210,2,2127","132,82,5"]|636148145768590000|13:49:36:859
62|1.1|636147902751132813|88328c|49781.859375|12.06968646596|99.79066991437|-104332|-178610||49781.859375|350||35000|347.75|49781.859375|88328c|TLM8028|0|2629|0|||3|3|0|1|1|132|18|["132,18,5,3749","132,210,2,2127","132,82,5"]|636148145818590000|13:49:41:859
62|1.1|636147902801057805|88328c|49786.859375|12.08133796448|99.7904714312|-104349|-177321||49786.859375|350||35006.25|347.75|49786.859375|88328c|TLM8028|0|2629|0|||3|3|0|1|1|132|18|["132,18,5,3749","132,210,2,2127","132,82,5"]|636148145868590000|13:49:46:859
62|1.1|636147902850982797|88328c|49791.8359375|12.09223308119|99.79028367685|-104365|-176115||49791.8359375|350||35012.5|347.75|49791.8359375|88328c|TLM8028|0|2629|0|||3|3|0|1|1|132|18|["132,18,5,3749","132,210,2,2127","132,82,5"]|636148145918360000|13:49:51:836
62|1.1|636147902900907789|88328c|49796.8359375|12.10324085051|99.7900959225|-104381|-174897||49796.8359375|350||35018.75|347.75|49796.8359375|88328c|TLM8028|0|2629|0|||3|3|0|1|1|132|18|["132,18,5,3749","132,210,2,2127","132,82,5"]|636148145968360000|13:49:56:836
62|1.1|636147902950822780|88328c|49801.8203125|12.11431299275|99.7899349902|-104394|-173672||49801.8203125|350||35018.75|347.75|49801.8203125|88328c|TLM8028|0|2629|0|||3|3|0|1|1|132|18|["132,18,5,3749","132,210,2,2127","132,82,5"]|636148146018200000|13:50:01:820
62|1.1|636147903000747772|88328c|49806.8203125|12.12554070288|99.7897204138|-104413|-172429||49806.8203125|350||35031.25|347.75|49806.8203125|88328c|TLM8028|0|2629|0|||3|3|0|1|1|132|18|["132,18,5,3749","132,210,2,2127","132,82,5"]|636148146068200000|13:50:06:820
62|1.1|636147903050672764|88328c|49811.8203125|12.13646800605|99.78969359175|-104411|-171220||49811.8203125|350||35031.25|347.75|49811.8203125|88328c|TLM8028|0|2629|0|||3|3|0|1|1|132|18|["132,18,5,3749","132,210,2,2127","132,82,5"]|636148146118200000|13:50:11:820
62|1.1|636147903100587755|88328c|49816.796875|12.14737921599|99.78939318479|-104439|-170013||49816.796875|350||35031.25|347.75|49816.796875|88328c|TLM8028|0|2629|0|||3|3|0|1|1|132|18|["132,18,5,3749","132,210,2,2127","132,82,5"]|636148146167970000|13:50:16:797
62|1.1|636147903150512747|88328c|49821.796875|12.15815095127|99.78924834572|-104450|-168821||49821.796875|350||35031.25|347.75|49821.796875|88328c|TLM8028|0|2629|0|||3|3|0|1|1|132|18|["132,18,5,3749","132,210,2,2127","132,82,5"]|636148146217970000|13:50:21:797
62|1.1|636147903200437739|88328c|49826.78125|12.16865983046|99.78949510858|-104419|-167658||49826.78125|350||35037.5|347.75|49826.78125|88328c|TLM8028|0|2629|0|||3|3|0|1|1|132|18|["132,18,5,3749","132,210,2,2127","132,82,5"]|636148146267810000|13:50:26:781
62|1.1|636147903250352730|88328c|49831.78125|12.17933500636|99.78942000684|-104423|-166477||49831.78125|350||35037.5|347.75|49831.78125|88328c|TLM8028|0|2629|0|||3|3|0|1|1|132|18|["132,18,5,3749","132,210,2,2127","132,82,5"]|636148146317810000|13:50:31:781
62|1.1|636147903300277722|88328c|49836.78125|12.18973659735|99.78980087995|-104377|-165326||49836.78125|350||35050|347.75|49836.78125|88328c|TLM8028|0|2629|0|||3|3|0|1|1|132|18|["132,18,5,3749","132,210,2,2127","132,82,5"]|636148146367810000|13:50:36:781
62|1.1|636147903350192713|88328c|49841.7578125|12.20045468853|99.78949510858|-104406|-164140||49841.7578125|350||35043.75|347.75|49841.7578125|88328c|TLM8028|0|2629|0|||3|3|0|1|1|132|18|["132,18,5,3749","132,210,2,2127","132,82,5"]|636148146417580000|13:50:41:758
62|1.1|636147903400117705|88328c|49846.7578125|12.21130688996|99.7891839728|-104436|-162939||49846.7578125|350||35037.5|347.75|49846.7578125|88328c|TLM8028|0|2629|0|||3|3|0|1|1|132|5|["132,18,5,3749","132,210,2,2127","132,82,5"]|636148146467580000|13:50:46:758
62|1.1|636147903450042697|88328c|49851.7421875|12.22193378617|99.78911959988|-104438|-161763||49851.7421875|350||35037.5|347.75|49851.7421875|88328c|TLM8028|0|2629|0|||3|3|0|1|1|132|82|["132,18,5,3749","132,210,2,2127","132,82,5"]|636148146517420000|13:50:51:742
62|1.1|636147903499957688|88328c|49856.7421875|12.23250703828|99.78896403199|-104451|-160593||49856.7421875|350||35043.75|347.75|49856.7421875|88328c|TLM8028|0|2629|0|||3|3|0|1|1|132|18|["132,18,5,3749","132,210,2,2127","132,82,5"]|636148146567420000|13:50:56:742
62|1.1|636147903549892681|88328c|49861.7421875|12.24325731592|99.7878428703|-104568|-159403||49861.7421875|350||35000|347.75|49861.7421875|88328c|TLM8028|0|2629|0|||3|3|0|1|1|132|83|["132,18,5,3749","132,210,2,2127","132,82,5"]|636148146617420000|13:51:01:742
62|1.1|636147903599807672|88328c|49866.71875|12.2539754071|99.78766048036|-104584|-158217||49866.71875|350||34993.75|347.75|49866.71875|88328c|TLM8028|0|2629|0|||3|3|0|1|1|132|82|["132,18,5,3749","132,210,2,2127","132,82,5"]|636148146667190000|13:51:06:719
62|1.1|636147903649732664|88328c|49871.71875|12.2637386333|99.78734934458|-104613|-157137||49871.71875|350||34993.75|347.75|49871.71875|88328c|TLM8028|0|2629|0|||3|3|0|1|1|132|83|["132,18,5,3749","132,210,2,2127","132,82,5"]|636148146717190000|13:51:11:719
62|1.1|636147903699647655|88328c|49876.6953125|12.27386127497|99.78701675116|-104645|-156017||49876.6953125|350||34993.75|347.75|49876.6953125|88328c|TLM8028|0|2629|0|||3|3|0|1|1|132|5|["132,18,5,3749","132,210,2,2127","132,82,5"]|636148146766950000|13:51:16:695
62|1.1|636147903749572647|88328c|49881.6953125|12.2839088149|99.78674316625|-104671|-154905||49881.6953125|350||34993.75|347.75|49881.6953125|88328c|TLM8028|0|2629|0|||3|3|0|1|1|132|210|["132,18,5,3749","132,210,2,2127","132,82,5"]|636148146816950000|13:51:21:695
62|1.1|636147903799497639|88328c|49886.6953125|12.29522235559|99.78650713221|-104692|-153653||49886.6953125|350||35000|347.75|49886.6953125|88328c|TLM8028|0|2629|0|||3|3|0|1|1|132|82|["132,18,5,3749","132,210,2,2127","132,82,5"]|636148146866950000|13:51:26:695
62|1.1|636147903849412630|88328c|49891.6796875|12.30593508236|99.78629792022|-104710|-152468||49891.6796875|350||35000|347.75|49891.6796875|88328c|TLM8028|0|2629|0|||3|3|0|1|1|132|82|["132,18,5,3749","132,210,2,2127","132,82,5"]|636148146916800000|13:51:31:680
62|1.1|636147903899337622|88328c|49896.6796875|12.31608454608|99.78608870823|-104729|-151345||49896.6796875|350||35000|347.75|49896.6796875|88328c|TLM8028|0|2629|0|||3|3|0|1|1|132|83|["132,18,5,3749","132,210,2,2127","132,82,5"]|636148146966800000|13:51:36:680
62|1.1|636147903949252613|88328c|49901.65625|12.32652905235|99.78589022506|-104746|-150189||49901.65625|350||35000|347.75|49901.65625|88328c|TLM8028|0|2629|0|||3|3|0|1|1|132|83|["132,18,5,3749","132,210,2,2127","132,82,5"]|636148147016560000|13:51:41:656
62|1.1|636147903999177605|88328c|49906.65625|12.33789087273|99.78567028425|-104765|-148931||49906.65625|350||35006.25|347.75|49906.65625|88328c|TLM8028|0|2629|0|||3|3|0|1|1|132|82|["132,18,5,3749","132,210,2,2127","132,82,5"]|636148147066560000|13:51:46:656
62|1.1|636147904049102597|88328c|49911.65625|12.34875380298|99.7854825299|-104781|-147730||49911.65625|350||35012.5|347.75|49911.65625|88328c|TLM8028|0|2629|0|||3|3|0|1|1|132|82|["132,18,5,3749","132,210,2,2127","132,82,5"]|636148147116560000|13:51:51:656
62|1.1|636147904099017588|88328c|49916.640625|12.35960064|99.78530013996|-104796|-146529||49916.640625|350||35018.75|347.75|49916.640625|88328c|TLM8028|0|2629|0|||3|3|0|1|1|132|82|["132,18,5,3749","132,210,2,2127","132,82,5"]|636148147166410000|13:51:56:641
62|1.1|636147904148942580|88328c|49921.640625|12.37053867199|99.78511238561|-104812|-145319||49921.640625|350||35025|347.75|49921.640625|88328c|TLM8028|0|2629|0|||3|3|0|1|1|132|82|["132,18,5,3749","132,210,2,2127","132,82,5"]|636148147216410000|13:52:01:641
62|1.1|636147904198867572|88328c|49926.6171875|12.38151425485|99.78498363977|-104822|-144104||49926.6171875|350||35037.5|347.75|49926.6171875|88328c|TLM8028|0|2629|0|||3|3|0|1|1|132|82|["132,18,5,3749","132,210,2,2127","132,82,5"]|636148147266170000|13:52:06:617
62|1.1|636147904248792564|88328c|49931.6171875|12.39275805821|99.78466177517|-104852|-142860||49931.6171875|350||35037.5|347.75|49931.6171875|88328c|TLM8028|0|2629|0|||3|3|0|1|1|132|83|["132,18,5,3749","132,210,2,2127","132,82,5"]|636148147316170000|13:52:11:617
62|1.1|636147904298707555|88328c|49936.6171875|12.401979479|99.78482270747|-104830|-141840||49936.6171875|350||35006.25|347.75|49936.6171875|88328c|TLM8028|0|2629|0|||3|3|0|1|1|132|83|["132,18,5,3749","132,210,2,2127","132,82,5"]|636148147366170000|13:52:16:617
62|1.1|636147904348632547|88328c|49941.6015625|12.41213430713|99.78472614809|-104836|-140716||49941.6015625|350||35000|347.75|49941.6015625|88328c|TLM8028|0|2629|0|||3|3|0|1|1|132|5|["132,18,5,3749","132,210,2,2127","132,82,5"]|636148147416020000|13:52:21:602
62|1.1|636147904398557539|88328c|49946.6015625|12.42253589812|99.78467250399|-104838|-139565||49946.6015625|350||35000|347.75|49946.6015625|88328c|TLM8028|0|2629|0|||3|3|0|1|1|132|5|["132,18,5,3749","132,210,2,2127","132,82,5"]|636148147466020000|13:52:26:602
62|1.1|636147904448472530|88328c|49951.578125|12.43299649762|99.78455985138|-104846|-138408||49951.578125|350||35000|347.75|49951.578125|88328c|TLM8028|0|2629|0|||3|3|0|1|1|132|5|["132,18,5,3749","132,210,2,2127","132,82,5"]|636148147515780000|13:52:31:578
62|1.1|636147904498397522|88328c|49956.578125|12.44465872496|99.78442574113|-104855|-137117||49956.578125|350||35006.25|347.75|49956.578125|88328c|TLM8028|0|2629|0|||3|3|0|1|1|132|5|["132,18,5,3749","132,210,2,2127","132,82,5"]|636148147565780000|13:52:36:578
62|1.1|636147904548322514|88328c|49961.578125|12.45501740067|99.78430772411|-104864|-135971||49961.578125|350||35000|347.75|49961.578125|88328c|TLM8028|0|2629|0|||3|3|0|1|1|132|83|["132,18,5,3749","132,210,2,2127","132,82,5"]|636148147615780000|13:52:41:578
62|1.1|636147904598247506|88328c|49966.5625|12.46674400093|99.78418970709|-104872|-134674||49966.5625|350||35000|347.75|49966.5625|88328c|TLM8028|0|2629|0|||3|3|0|1|1|132|5|["132,18,5,3749","132,210,2,2127","132,82,5"]|636148147665630000|13:52:46:563
62|1.1|636147904648162497|88328c|49971.5625|12.47820238069|99.78408241889|-104879|-133406||49971.5625|350||35006.25|347.75|49971.5625|88328c|TLM8028|0|2629|0|||3|3|0|1|1|132|5|["132,18,5,3749","132,210,2,2127"]|636148147715630000|13:52:51:563
62|1.1|636147904698077488|88328c|49976.5390625|12.48829820031|99.78396976628|-104887|-132289||49976.5390625|350||35000|347.75|49976.5390625|88328c|TLM8028|0|2629|0|||3|3|0|1|1|132|5|["132,18,5,3749","132,210,2,2127"]|636148147765390000|13:52:56:539
62|1.1|636147904748012481|88328c|49981.5390625|12.498538859|99.78385174926|-104895|-131156||49981.5390625|350||35000|347.75|49981.5390625|88328c|TLM8028|0|2629|0|||3|3|0|1|1|132|83|["132,18,5,3749","132,210,2,2127"]|636148147815390000|13:53:01:539
62|1.1|636147904797927472|88328c|49986.5390625|12.5080875088|99.78377128311|-104900|-130099||49986.5390625|350||35000|347.75|49986.5390625|88328c|TLM8028|0|2629|0|||3|3|0|1|1|132|83|["132,18,5,3749","132,210,2,2127"]|636148147865390000|13:53:06:539
62|1.1|636147904847842463|88328c|49991.515625|12.51933131216|99.7836586305|-104908|-128855||49991.515625|350||35000|347.75|49991.515625|88328c|TLM8028|0|2629|0|||3|3|0|1|1|132|83|["132,18,5,3749","132,210,2,2127"]|636148147915160000|13:53:11:516
62|1.1|636147904897767455|88328c|49996.515625|12.52995820837|99.78354061348|-104916|-127679||49996.515625|350||35006.25|347.75|49996.515625|88328c|TLM8028|0|2629|0|||3|3|0|1|1|132|210|["132,18,5,3749","132,210,2,2127"]|636148147965160000|13:53:16:516
62|1.1|636147904947692447|88328c|50001.5|12.54062265545|99.78341723205|-104925|-126499||50001.5|350||35006.25|347.75|50001.5|88328c|TLM8028|0|2629|0|||3|3|0|1|1|132|210|["132,18,5,3749","132,210,2,2127"]|636148148015000000|13:53:21:500
62|1.1|636147904997607438|88328c|50006.5|12.55151240775|99.78326166416|-104937|-125294||50006.5|350||35006.25|347.75|50006.5|88328c|TLM8028|0|2629|0|||3|3|0|1|1|132|210|["132,18,5,3749","132,210,2,2127"]|636148148065000000|13:53:26:500
62|1.1|636147905047532430|88328c|50011.5|12.56231632949|99.78324020652|-104935|-124099||50011.5|350||35006.25|347.75|50011.5|88328c|TLM8028|0|2629|0|||3|3|0|1|1|132|83|["132,18,5,3749","132,210,2,2127"]|636148148115000000|13:53:31:500
62|1.1|636147905097457422|88328c|50016.4765625|12.57331336999|99.78346551174|-104906|-122882||50016.4765625|350||34981.25|347.75|50016.4765625|88328c|TLM8028|0|2629|0|||3|3|0|1|1|132|83|["132,18,5,3749","132,210,2,2127"]|636148148164770000|13:53:36:477
62|1.1|636147905147372413|88328c|50021.4765625|12.58519017373|99.78302563012|-104948|-121568||50021.4765625|350||35000|347.75|50021.4765625|88328c|TLM8028|0|2629|0|||3|3|0|1|1|132|83|["132,18,5,3749","132,210,2,2127"]|636148148214770000|13:53:41:477
62|1.1|636147905197297405|88328c|50026.4609375|12.5962247651|99.78287542664|-104960|-120347||50026.4609375|350||35000|347.75|50026.4609375|88328c|TLM8028|0|2629|0|||3|3|0|1|1|132|114|["132,18,5,3749","132,210,2,2127","132,114,4"]|636148148264610000|13:53:46:461
62|1.1|636147905247222397|88328c|50031.4609375|12.60691066982|99.78276277403|-104968|-119164||50031.4609375|350||35000|347.75|50031.4609375|88328c|TLM8028|0|2629|0|||3|3|0|1|1|132|5|["132,18,5,3749","132,114,5,559","132,210,2,2127"]|636148148314610000|13:53:51:461
62|1.1|636147905297157390|88328c|50036.4609375|12.61625547204|99.78266621465|-104974|-118130||50036.4609375|350||35000|347.75|50036.4609375|88328c|TLM8028|0|2629|0|||3|3|0|1|1|132|83|["132,18,5,3749","132,114,5,559","132,210,2,2127"]|636148148364610000|13:53:56:461
62|1.1|636147905347062380|88328c|50041.4375|12.62623327464|99.78255892645|-104982|-117026||50041.4375|350||35000|347.75|50041.4375|88328c|TLM8028|0|2629|0|||3|3|0|1|1|132|83|["132,18,5,3749","132,114,5,559","132,210,2,2127"]|636148148414380000|13:54:01:438
62|1.1|636147905396987372|88328c|50046.4375|12.63665095886|99.78245163825|-104989|-115874||50046.4375|350||35000|347.75|50046.4375|88328c|TLM8028|0|2629|0|||3|3|0|1|1|132|83|["132,18,5,3749","132,114,5,559","132,210,2,2127"]|636148148464380000|13:54:06:438
62|1.1|636147905446912364|88328c|50051.421875|12.64792694868|99.78233362123|-104997|-114626||50051.421875|350||35006.25|347.75|50051.421875|88328c|TLM8028|0|2629|0|||3|3|0|1|1|132|114|["132,18,5,3749","132,114,5,559","132,210,2,2127"]|636148148514220000|13:54:11:422
62|1.1|636147905496827355|88328c|50056.421875|12.65858066694|99.78221560421|-105005|-113447||50056.421875|350||35006.25|347.75|50056.421875|88328c|TLM8028|0|2629|0|||3|3|0|1|1|132|210|["132,18,5,3749","132,114,5,559","132,210,2,2127"]|636148148564220000|13:54:16:422
62|1.1|636147905546752347|88328c|50061.421875|12.66887496973|99.78211904483|-105011|-112308||50061.421875|350||35000|347.75|50061.421875|88328c|TLM8028|0|2629|0|||3|3|0|1|1|132|114|["132,18,5,3749","132,114,5,559","132,210,2,2127"]|636148148614220000|13:54:21:422
62|1.1|636147905596667338|88328c|50066.3984375|12.67944822184|99.78201712104|-105018|-111138||50066.3984375|350||35000|347.75|50066.3984375|88328c|TLM8028|0|2629|0|||3|3|0|1|1|132|114|["132,18,5,3749","132,114,5,559","132,210,2,2127"]|636148148663980000|13:54:26:398
62|1.1|636147905646592330|88328c|50071.3984375|12.69147522906|99.7829612572|-104910|-109808||50071.3984375|350||35006.25|347.75|50071.3984375|88328c|TLM8028|0|2629|0|||3|3|0|1|1|132|83|["132,18,5,3749","132,114,5,559","132,210,2,2127"]|636148148713980000|13:54:31:398
62|1.1|636147905696517322|88328c|50076.375|12.70167297247|99.78409851212|-104782|-108680||50076.375|350||35006.25|347.75|50076.375|88328c|TLM8028|0|2629|0|||3|3|0|1|1|132|83|["132,18,5,3749","132,114,5,559","132,210,2,2127"]|636148148763750000|13:54:36:375
62|1.1|636147905746442314|88328c|50081.375|12.71246616539|99.784999733|-104680|-107486||50081.375|350||35006.25|347.75|50081.375|88328c|TLM8028|0|2629|0|||3|3|0|1|1|132|114|["132,18,5,3749","132,114,5,559","132,210,2,2127"]|636148148813750000|13:54:41:375
62|1.1|636147905796367306|88328c|50086.375|12.72338273974|99.78629792022|-104534|-106279||50086.375|350||35000|347.75|50086.375|88328c|TLM8028|0|2629|0|||3|3|0|1|1|132|114|["132,18,5,3749","132,114,5,559","132,210,2,2127"]|636148148863750000|13:54:46:375
62|1.1|636147905846282297|88328c|50091.359375|12.73334444911|99.79123317742|-103994|-105179||50091.359375|350||35000|347.75|50091.359375|88328c|TLM8028|0|2629|0|||3|3|0|1|1|132|5|["132,18,5,3749","132,114,5,559","132,210,2,2127"]|636148148913590000|13:54:51:359
62|1.1|636147905896207289|88328c|50096.359375|12.74452924396|99.79459666249|-103624|-103943||50096.359375|350||35000|347.75|50096.359375|88328c|TLM8028|0|2629|0|||3|3|0|1|1|132|83|["132,18,5,3749","132,114,5,559","132,210,2,2127"]|636148148963590000|13:54:56:359
62|1.1|636147905946122280|88328c|50101.3359375|12.75450704656|99.79762218973|-103291|-102840||50101.3359375|350||34993.75|347.75|50101.3359375|88328c|TLM8028|0|2629|0|||3|3|0|1|1|132|114|["132,18,5,3749","132,114,5,559","132,210,2,2127"]|636148149013360000|13:55:01:336
62|1.1|636147905996047272|88328c|50106.3359375|12.76436146773|99.80099103921|-102921|-101751||50106.3359375|350||34993.75|347.75|50106.3359375|88328c|TLM8028|0|2629|0|||3|3|0|1|1|132|83|["132,18,5,3749","132,114,5,559","132,210,2,2127"]|636148149063360000|13:55:06:336
62|1.1|636147906045972264|88328c|50111.3359375|12.77521903357|99.80459592273|-102525|-100551||50111.3359375|350||35000|347.75|50111.3359375|88328c|TLM8028|0|2629|0|||3|3|0|1|1|132|114|["132,18,5,3749","132,114,5,559","132,210,2,2127"]|636148149113360000|13:55:11:336
62|1.1|636147906095887255|88328c|50116.3203125|12.78618925202|99.80857095054|-102089|-99339||50116.3203125|350||35000|347.75|50116.3203125|88328c|TLM8028|0|2629|0|||3|3|0|1|1|132|5|["132,18,5,3749","132,114,5,559","132,210,2,2127"]|636148149163200000|13:55:16:320
62|1.1|636147906145812247|88328c|50121.3203125|12.79575935946|99.81201490176|-101711|-98282||50121.3203125|350||35000|347.75|50121.3203125|88328c|TLM8028|0|2629|0|||3|3|0|1|1|132|5|["132,18,5,3749","132,114,5,559","132,210,2,2127"]|636148149213200000|13:55:21:320
62|1.1|636147906195737239|88328c|50126.296875|12.80479839031|99.81523354776|-101358|-97283||50126.296875|350||35000|347.75|50126.296875|88328c|TLM8028|0|2629|0|||3|3|0|1|1|132|5|["132,18,5,3749","132,114,5,559","132,210,2,2127"]|636148149262970000|13:55:26:297
62|1.1|636147906245652230|88328c|50131.296875|12.8149317608|99.81874723631|-100972|-96163||50131.296875|350||35000|347.75|50131.296875|88328c|TLM8028|0|2629|0|||3|3|0|1|1|132|114|["132,18,5,3749","132,114,5,559","132,210,2,2127"]|636148149312970000|13:55:31:297
62|1.1|636147906295587223|88328c|50136.296875|12.82515632626|99.82223410281|-100589|-95033||50136.296875|350||35000|347.75|50136.296875|88328c|TLM8028|0|2629|0|||3|3|0|1|1|132|83|["132,18,5,3749","132,114,5,559","132,210,2,2127"]|636148149362970000|13:55:36:297
62|1.1|636147906345492213|88328c|50141.28125|12.83537552731|99.825769249|-100201|-93904||50141.28125|350||35000|347.75|50141.28125|88328c|TLM8028|0|2629|0|||3|3|0|1|1|132|114|["132,18,5,3749","132,114,5,559","132,210,2,2127"]|636148149412810000|13:55:41:281
62|1.1|636147906395417205|88328c|50146.28125|12.84699483937|99.82974427681|-99765|-92620||50146.28125|350||35006.25|347.75|50146.28125|88328c|TLM8028|0|2629|0|||3|3|0|1|1|132|5|["132,18,5,3749","132,114,5,559","132,210,2,2127"]|636148149462810000|13:55:46:281
62|1.1|636147906445342197|88328c|50151.2578125|12.85739643036|99.83328478741|-99376|-91471||50151.2578125|350||35000|347.75|50151.2578125|88328c|TLM8028|0|2629|0|||3|3|0|1|1|132|83|["132,18,5,3749","132,114,5,559","132,210,2,2127"]|636148149512580000|13:55:51:258
62|1.1|636147906495257188|88328c|50156.2578125|12.86634963065|99.83635322993|-99040|-90481||50156.2578125|350||35000|347.75|50156.2578125|88328c|TLM8028|0|2629|0|||3|3|0|1|1|132|114|["132,18,5,3749","132,114,5,559","132,210,2,2127"]|636148149562580000|13:55:56:258
62|1.1|636147906545182180|88328c|50161.2578125|12.87677804369|99.8399312914|-98647|-89329||50161.2578125|350||35000|347.75|50161.2578125|88328c|TLM8028|0|2629|0|||3|3|0|1|1|132|114|["132,18,5,3749","132,114,5,559","132,210,2,2127"]|636148149612580000|13:56:01:258
62|1.1|636147906595107172|88328c|50166.2421875|12.88715281263|99.84347716641|-98258|-88182||50166.2421875|350||35000|347.75|50166.2421875|88328c|TLM8028|0|2629|0|||3|3|0|1|1|132|114|["132,18,5,3749","132,114,5,559","132,210,2,2127"]|636148149662420000|13:56:06:242
62|1.1|636147906645042165|88328c|50171.2421875|12.8974900307|99.84701767701|-97869|-87040||50171.2421875|350||35000|347.75|50171.2421875|88328c|TLM8028|0|2629|0|||3|3|0|1|1|132|210|["132,18,5,3749","132,114,5,559","132,210,2,2127"]|636148149712420000|13:56:11:242
62|1.1|636147906694957156|88328c|50176.21875|12.90881430021|99.85077812842|-97457|-85789||50176.21875|350||35006.25|347.75|50176.21875|88328c|TLM8028|0|2629|0|||3|3|0|1|1|132|114|["132,18,5,3749","132,114,5,559","132,210,2,2127"]|636148149762190000|13:56:16:219
62|1.1|636147906744872147|88328c|50181.21875|12.91966113723|99.85463513921|-97034|-84590||50181.21875|350||35000|347.75|50181.21875|88328c|TLM8028|0|2629|0|||3|3|0|1|1|132|5|["132,18,5,3749","132,114,5,559","132,210,2,2127"]|636148149812190000|13:56:21:219
62|1.1|636147906794797139|88328c|50186.21875|12.92877526982|99.85788060726|-96678|-83583||50186.21875|350||35000|347.75|50186.21875|88328c|TLM8028|0|2629|0|||3|3|0|1|1|132|5|["132,18,5,3749","132,114,5,559","132,210,2,2127"]|636148149862190000|13:56:26:219
62|1.1|636147906844712130|88328c|50191.1953125|12.93971330181|99.86155522811|-96275|-82374||50191.1953125|350||35006.25|347.75|50191.1953125|88328c|TLM8028|0|2629|0|||3|3|0|1|1|132|114|["132,18,5,3749","132,114,5,559","132,210,2,2127"]|636148149911950000|13:56:31:195
62|1.1|636147906894637122|88328c|50196.1953125|12.95058696088|99.86539078126|-95854|-81173||50196.1953125|350||35000|347.75|50196.1953125|88328c|TLM8028|0|2629|0|||3|3|0|1|1|132|83|["132,18,5,3749","132,114,5,559","132,210,2,2127"]|636148149961950000|13:56:36:195
62|1.1|636147906944562114|88328c|50201.1796875|12.95927194067|99.86845385937|-95519|-80213||50201.1796875|350||35000|347.75|50201.1796875|88328c|TLM8028|0|2629|0|||3|3|0|1|1|132|114|["132,18,5,3749","132,114,5,559","132,210,2,2127"]|636148150011800000|13:56:41:180
62|1.1|636147906994487106|88328c|50206.1796875|12.96936239588|99.87198364115|-95132|-79098||50206.1796875|350||35000|347.75|50206.1796875|88328c|TLM8028|0|2629|0|||3|3|0|1|1|132|114|["132,18,5,3749","132,114,5,559","132,210,2,2127"]|636148150061800000|13:56:46:180
62|1.1|636147907044412098|88328c|50211.1796875|12.98128747931|99.87572799933|-94721|-77780||50211.1796875|350||35000|347.75|50211.1796875|88328c|TLM8028|0|2629|0|||3|3|0|1|1|132|5|["132,18,5,3749","132,114,5,559","132,210,2,2127"]|636148150111800000|13:56:51:180
62|1.1|636147907094327089|88328c|50216.15625|12.99186073142|99.87928460316|-94331|-76611||50216.15625|350||35000|347.75|50216.15625|88328c|TLM8028|0|2629|0|||3|3|0|1|1|132|114|["132,18,5,3749","132,114,5,559","132,210,2,2127"]|636148150161560000|13:56:56:156
62|1.1|636147907144252081|88328c|50221.15625|13.00248226322|99.88302359693|-93921|-75438||50221.15625|350||35000|347.75|50221.15625|88328c|TLM8028|0|2629|0|||3|3|0|1|1|132|114|["132,18,5,3749","132,114,5,559","132,210,2,2127"]|636148150211560000|13:57:01:156
62|1.1|636147907194177073|88328c|50226.140625|13.01162321786|99.88637098877|-93555|-74428||50226.140625|350||34993.75|347.75|50226.140625|88328c|TLM8028|0|2629|0|||3|3|0|1|1|132|114|["132,18,5,3749","132,114,5,559","132,210,2,2127"]|636148150261410000|13:57:06:141
62|1.1|636147907244092064|88328c|50231.140625|13.02110213033|99.88967010092|-93193|-73380||50231.140625|350||35000|347.75|50231.140625|88328c|TLM8028|0|2629|0|||3|3|0|1|1|132|83|["132,18,5,3749","132,114,5,559","132,210,2,2127"]|636148150311410000|13:57:11:141
62|1.1|636147907294017056|88328c|50236.140625|13.03192750971|99.89330180649|-92795|-72184||50236.140625|350||35000|347.75|50236.140625|88328c|TLM8028|0|2629|0|||3|3|0|1|1|132|114|["132,18,5,3749","132,114,5,559","132,210,2,2127"]|636148150361410000|13:57:16:141
62|1.1|636147907343942048|88328c|50241.1171875|13.04279580437|99.89692278324|-92398|-70983||50241.1171875|350||35000|347.75|50241.1171875|88328c|TLM8028|0|2629|0|||3|3|0|1|1|132|5|["132,18,5,3749","132,114,5,559","132,210,2,2127"]|636148150411170000|13:57:21:117
62|1.1|636147907393847038|88328c|50246.1171875|13.05334759884|99.90051157353|-92004|-69817||50246.1171875|350||35000|347.75|50246.1171875|88328c|TLM8028|0|2629|0|||3|3|0|1|1|132|5|["132,18,5,3749","132,114,5,559","132,210,2,2127"]|636148150461170000|13:57:26:117
62|1.1|636147907443772030|88328c|50251.1015625|13.06372236778|99.90405744854|-91616|-68670||50251.1015625|350||35006.25|347.75|50251.1015625|88328c|TLM8028|0|2629|0|||3|3|0|1|1|132|114|["132,18,5,3749","132,114,5,559","132,210,2,2127"]|636148150511020000|13:57:31:102
62|1.1|636147907493697022|88328c|50256.1015625|13.07316909379|99.90742093361|-91248|-67626||50256.1015625|350||35000|347.75|50256.1015625|88328c|TLM8028|0|2629|0|||3|3|0|1|1|132|114|["132,18,5,3749","132,114,5,559","132,210,2,2127"]|636148150561020000|13:57:36:102
62|1.1|636147907543622014|88328c|50261.1015625|13.0836887018|99.9109560798|-90860|-66464||50261.1015625|350||35000|347.75|50261.1015625|88328c|TLM8028|0|2629|0|||3|3|0|1|1|132|83|["132,18,5,3749","132,114,5,559","132,210,2,2127"]|636148150611020000|13:57:41:102
62|1.1|636147907593537005|88328c|50266.078125|13.09417612335|99.91452877686|-90469|-65304||50266.078125|350||35000|347.75|50266.078125|88328c|TLM8028|0|2629|0|||3|3|0|1|1|132|114|["132,18,5,3749","132,114,5,559","132,210,2,2127"]|636148150660780000|13:57:46:078
62|1.1|636147907643461997|88328c|50271.078125|13.10356920526|99.91784934665|-90105|-64266||50271.078125|350||35000|347.75|50271.078125|88328c|TLM8028|0|2629|0|||3|3|0|1|1|132|114|["132,18,5,3749","132,114,5,559","132,210,2,2127"]|636148150710780000|13:57:51:078
62|1.1|636147907693386989|88328c|50276.0625|13.11423901675|99.92140058607|-89716|-63087||50276.0625|350||35000|347.75|50276.0625|88328c|TLM8028|0|2629|0|||3|3|0|1|1|132|5|["132,18,5,3749","132,114,5,559","132,210,2,2127"]|636148150760630000|13:57:56:063
62|1.1|636147907743311981|88328c|50281.0625|13.12459232805|99.92490891021|-89332|-61943||50281.0625|350||35006.25|347.75|50281.0625|88328c|TLM8028|0|2629|0|||3|3|0|1|1|132|114|["132,18,5,3749","132,114,5,559","132,210,2,2127"]|636148150810630000|13:58:01:063
62|1.1|636147907793236973|88328c|50286.0625|13.13498855463|99.9284440564|-88945|-60794||50286.0625|350||35006.25|347.75|50286.0625|88328c|TLM8028|0|2629|0|||3|3|0|1|1|132|114|["132,18,5,3749","132,114,5,559","132,210,2,2127"]|636148150860630000|13:58:06:063
62|1.1|636147907843151964|88328c|50291.0390625|13.14522384891|99.9320918552|-88546|-59663||50291.0390625|350||35000|347.75|50291.0390625|88328c|TLM8028|0|2629|0|||3|3|0|1|1|132|83|["132,18,5,3749","132,114,5,559","132,210,2,2127"]|636148150910390000|13:58:11:039
62|1.1|636147907893076956|88328c|50296.0390625|13.15501926157|99.93537487412|-88186|-58580||50296.0390625|350||35000|347.75|50296.0390625|88328c|TLM8028|0|2629|0|||3|3|0|1|1|132|83|["132,18,5,3749","132,114,5,559","132,210,2,2127"]|636148150960390000|13:58:16:039
62|1.1|636147907942991947|88328c|50301.015625|13.16536184405|99.93887783385|-87802|-57437||50301.015625|350||34993.75|347.75|50301.015625|88328c|TLM8028|0|2629|0|||3|3|0|1|1|132|114|["132,18,5,3749","132,114,5,559","132,210,2,2127"]|636148151010160000|13:58:21:016
62|1.1|636147907992916939|88328c|50306.015625|13.17496950236|99.94225741215|-87432|-56375||50306.015625|350||35000|347.75|50306.015625|88328c|TLM8028|0|2629|0|||3|3|0|1|1|132|114|["132,18,5,3749","132,114,5,559","132,210,2,2127"]|636148151060160000|13:58:26:016
62|1.1|636147908042841931|88328c|50311.015625|13.18521016105|99.9457711007|-87048|-55244||50311.015625|350||35000|347.75|50311.015625|88328c|TLM8028|0|2629|0|||3|3|0|1|1|132|114|["132,18,5,3749","132,114,5,559","132,210,2,2127"]|636148151110160000|13:58:31:016
62|1.1|636147908092756922|88328c|50316|13.19496802284|99.94911312813|-86682|-54165||50316|350||34993.75|347.75|50316|88328c|TLM8028|0|2629|0|||3|3|0|1|1|132|114|["132,18,5,3749","132,114,5,559","132,210,2,2127"]|636148151160000000|13:58:36:000
62|1.1|636147908142681914|88328c|50321|13.20611526682|99.95281993544|-86276|-52933||50321|350||35000|347.75|50321|88328c|TLM8028|0|2629|0|||3|3|0|1|1|132|210|["132,18,5,3749","132,114,5,559","132,210,2,2127"]|636148151210000000|13:58:41:000
62|1.1|636147908192606906|88328c|50325.9765625|13.21587312861|99.95618878492|-85908|-51855||50325.9765625|350||35000|347.75|50325.9765625|88328c|TLM8028|0|2629|0|||3|3|0|1|1|132|114|["132,18,5,3749","132,114,5,559","132,210,2,2127"]|636148151259770000|13:58:45:977
62|1.1|636147908242531898|88328c|50330.9765625|13.2274012457|99.96016381273|-85473|-50581||50330.9765625|350||35000|347.75|50330.9765625|88328c|TLM8028|0|2629|0|||3|3|0|1|1|132|5|["132,18,5,3749","132,114,5,559","132,210,2,2127"]|636148151309770000|13:58:50:977
62|1.1|636147908292446889|88328c|50335.9765625|13.23592529319|99.96308741618|-85153|-49639||50335.9765625|350||35006.25|347.75|50335.9765625|88328c|TLM8028|0|2629|0|||3|3|0|1|1|132|114|["132,18,5,3749","132,114,5,559","132,210,2,2127"]|636148151359770000|13:58:55:977
62|1.1|636147908342371881|88328c|50340.9609375|13.24718518978|99.96678885908|-84748|-48394||50340.9609375|350||35006.25|347.75|50340.9609375|88328c|TLM8028|0|2629|0|||3|3|0|1|1|132|114|["132,18,5,3749","132,114,5,559","132,210,2,2127"]|636148151409610000|13:59:00:961
62|1.1|636147908392286872|88328c|50345.9609375|13.25777989953|99.97032400527|-84361|-47223||50345.9609375|350||35006.25|347.75|50345.9609375|88328c|TLM8028|0|2629|0|||3|3|0|1|1|132|114|["132,18,5,3749","132,114,5,559","132,210,2,2127"]|636148151459610000|13:59:05:961
62|1.1|636147908442221865|88328c|50350.9375|13.26836924487|99.97385378705|-83974|-46053||50350.9375|350||35006.25|348|50350.9375|88328c|TLM8028|0|2629|0|||3|3|0|1|1|132|114|["132,18,5,3749","132,114,5,559","132,210,2,2127"]|636148151509380000|13:59:10:938
62|1.1|636147908492136856|88328c|50355.9375|13.27907124282|99.97742648411|-83583|-44870||50355.9375|350||35000|348|50355.9375|88328c|TLM8028|0|2629|0|||3|3|0|1|1|132|114|["132,18,5,3749","132,114,5,559","132,210,2,2127"]|636148151559380000|13:59:15:938
62|1.1|636147908542051847|88328c|50360.9375|13.28948356263|99.98147124925|-83142|-43719||50360.9375|350||35000|348|50360.9375|88328c|TLM8028|0|2629|0|||3|3|0|1|1|132|114|["132,18,5,3749","132,114,5,559","132,210,2,2127"]|636148151609380000|13:59:20:938
62|1.1|636147908591826824|88328c|50365.921875|13.29997098418|99.98496884457|-82759|-42560||50365.921875|350||35006.25|348|50365.921875|88328c|TLM8028|0|2629|0|||3|3|0|1|1|132|114|["132,18,5,3749","132,114,5,559","132,210,2,2127"]|636148151659220000|13:59:25:922
62|1.1|636147908641891830|88328c|50370.921875|13.31039403281|99.98864346542|-82357|-41408||50370.921875|350||35031.25|348|50370.921875|88328c|TLM8028|0|2629|0|||3|3|0|1|1|132|114|["132,18,5,3749","132,114,5,559","132,210,2,2127"]|636148151709220000|13:59:30:922
62|1.1|636147908691826823|88328c|50375.8984375|13.32054886094|99.99242537447|-81944|-40286||50375.8984375|350||35043.75|348|50375.8984375|88328c|TLM8028|0|2629|0|||3|3|0|1|1|132|114|["132,18,5,3749","132,114,5,559","132,210,2,2127"]|636148151758980000|13:59:35:898
62|1.1|636147908741741814|88328c|50380.8984375|13.33074123994|99.99626092762|-81525|-39160||50380.8984375|350||35068.75|348|50380.8984375|88328c|TLM8028|0|2629|0|||3|3|0|1|1|132|83|["132,18,5,3749","132,114,5,559","132,210,2,2127"]|636148151808980000|13:59:40:898
62|1.1|636147908791506790|88328c|50385.8984375|13.34101408509|99.99966196356|-81153|-38024||50385.8984375|350||35068.75|348|50385.8984375|88328c|TLM8028|0|2629|0|||3|3|0|1|1|132|114|["132,18,5,3749","132,114,5,559","132,210,2,2127"]|636148151858980000|13:59:45:898
62|1.1|636147908841431782|88328c|50390.875|13.35108844707|100.00316492329|-80770|-36911||50390.875|350||35068.75|348|50390.875|88328c|TLM8028|0|2629|0|||3|3|0|1|1|132|114|["132,18,5,3749","132,114,5,559","132,210,2,2127"]|636148151908750000|13:59:50:875
62|1.1|636147908891346773|88328c|50395.875|13.36126473284|100.00653913718|-80401|-35786||50395.875|350||35062.5|348|50395.875|88328c|TLM8028|0|2629|0|||3|3|0|1|1|132|114|["132,18,5,3749","132,114,5,559","132,210,2,2127"]|636148151958750000|13:59:55:875
62|1.1|636147908941281766|88328c|50400.859375|13.37140883215|100.01021912244|-79999|-34665||50400.859375|350||35081.25|348|50400.859375|88328c|TLM8028|0|2629|0|||3|3|0|1|1|132|114|["132,18,5,3749","132,114,5,559","132,210,2,2127"]|636148152008590000|14:00:00:859
62|1.1|636147908991196757|88328c|50405.859375|13.38183188078|100.01341094639|-79650|-33513||50405.859375|350||35093.75|348|50405.859375|88328c|TLM8028|0|2629|0|||3|3|0|1|1|132|210|["132,18,5,3749","132,114,5,559","132,210,2,2127"]|636148152058590000|14:00:05:859
62|1.1|636147909041121749|88328c|50410.859375|13.39193842922|100.01699437227|-79258|-32396||50410.859375|350||35087.5|348|50410.859375|88328c|TLM8028|0|2629|0|||3|3|0|1|1|132|114|["132,18,5,3749","132,114,5,559","132,210,2,2127"]|636148152108590000|14:00:10:859
62|1.1|636147909091036740|88328c|50415.8359375|13.40203961325|100.0202827556|-78899|-31279||50415.8359375|350||35056.25|348|50415.8359375|88328c|TLM8028|0|2629|0|||3|3|0|1|1|132|114|["132,18,5,3749","132,114,5,559","132,210,2,2127"]|636148152158360000|14:00:15:836
62|1.1|636147909140961732|88328c|50420.8359375|13.41235000927|100.02366769831|-78529|-30140||50420.8359375|350||35056.25|348|50420.8359375|88328c|TLM8028|0|2629|0|||3|3|0|1|1|132|114|["132,18,5,3749","132,114,5,559","132,210,2,2127"]|636148152208360000|14:00:20:836
62|1.1|636147909190886724|88328c|50425.8203125|13.42251020181|100.02711164953|-78153|-29016||50425.8203125|350||35056.25|348|50425.8203125|88328c|TLM8028|0|2629|0|||3|3|0|1|1|132|114|["132,18,5,3749","132,114,5,559","132,210,2,2127"]|636148152258200000|14:00:25:820
62|1.1|636147909240821717|88328c|50430.8203125|13.43275622491|100.03053414311|-77779|-27884||50430.8203125|350||35062.5|348|50430.8203125|88328c|TLM8028|0|2629|0|||3|3|0|1|1|132|5|["132,18,5,3749","132,114,5,559","132,210,2,2127"]|636148152308200000|14:00:30:820
62|1.1|636147909290726707|88328c|50435.8203125|13.44290032422|100.03416048427|-77383|-26763||50435.8203125|350||35075|348|50435.8203125|88328c|TLM8028|0|2629|0|||3|3|0|1|1|132|114|["132,18,5,3749","132,114,5,559","132,210,2,2127"]|636148152358200000|14:00:35:820
62|1.1|636147909340651699|88328c|50440.796875|13.45173550749|100.03693388424|-77080|-25786||50440.796875|350||34987.5|348|50440.796875|88328c|TLM8028|0|2629|0|||3|3|0|1|1|132|114|["132,18,5,3749","132,114,5,559","132,210,2,2127"]|636148152407970000|14:00:40:797
62|1.1|636147909390576691|88328c|50445.796875|13.4623087596|100.04059241186|-76680|-24617||50445.796875|350||35000|348|50445.796875|88328c|TLM8028|0|2629|0|||3|3|0|1|1|132|114|["132,18,5,3749","132,114,5,559","132,210,2,2127"]|636148152457970000|14:00:45:797
62|1.1|636147909440491682|88328c|50450.78125|13.4725547827|100.04398271898|-76310|-23485||50450.78125|350||35000|348|50450.78125|88328c|TLM8028|0|2629|0|||3|3|0|1|1|132|114|["132,18,5,3749","132,114,5,559","132,210,2,2127"]|636148152507810000|14:00:50:781
62|1.1|636147909490416674|88328c|50455.78125|13.48311730599|100.04765197542|-75909|-22318||50455.78125|350||35000|348|50455.78125|88328c|TLM8028|0|2629|0|||3|3|0|1|1|132|114|["132,18,5,3749","132,114,5,559","132,210,2,2127"]|636148152557810000|14:00:55:781
62|1.1|636147909540341666|88328c|50460.78125|13.49226898945|100.05094035875|-75550|-21306||50460.78125|350||35000|348|50460.78125|88328c|TLM8028|0|2629|0|||3|3|0|1|1|132|114|["132,18,5,3749","132,114,5,559","132,210,2,2127"]|636148152607810000|14:01:00:781
62|1.1|636147909590256657|88328c|50465.7578125|13.50306754678|100.05462570842|-75148|-20113||50465.7578125|350||35000|348|50465.7578125|88328c|TLM8028|0|2629|0|||3|3|0|1|1|132|5|["132,18,5,3749","132,114,5,559","132,210,2,2127"]|636148152657580000|14:01:05:758
62|1.1|636147909640191650|88328c|50470.7578125|13.5133242987|100.05811257492|-74767|-18979||50470.7578125|350||35006.25|348|50470.7578125|88328c|TLM8028|0|2629|0|||3|3|0|1|1|132|210|["132,18,5,3749","132,114,5,559","132,210,2,2127"]|636148152707580000|14:01:10:758
62|1.1|636147909690096640|88328c|50475.7421875|13.5235703218|100.06167454316|-74378|-17846||50475.7421875|350||35006.25|348|50475.7421875|88328c|TLM8028|0|2629|0|||3|3|0|1|1|132|114|["132,18,5,3749","132,114,5,559","132,210,2,2127"]|636148152757420000|14:01:15:742
62|1.1|636147909740021632|88328c|50480.7421875|13.53397191279|100.06513995202|-73999|-16696||50480.7421875|350||35000|348|50480.7421875|88328c|TLM8028|0|2629|0|||3|3|0|1|1|132|114|["132,18,5,3749","132,114,5,559","132,210,2,2127"]|636148152807420000|14:01:20:742
62|1.1|636147909789946624|88328c|50485.7421875|13.54437350378|100.06888967461|-73590|-15547||50485.7421875|350||35012.5|348|50485.7421875|88328c|TLM8028|0|2629|0|||3|3|0|1|1|132|114|["132,18,5,3749","132,114,5,559","132,210,2,2127"]|636148152857420000|14:01:25:742
62|1.1|636147909839861615|88328c|50490.71875|13.55446395899|100.07238190552|-73209|-14431||50490.71875|350||35025|348|50490.71875|88328c|TLM8028|0|2629|0|||3|3|0|1|1|132|114|["132,18,5,3749","132,114,5,559","132,210,2,2127"]|636148152907190000|14:01:30:719
62|1.1|636147909889806609|88328c|50495.71875|13.56479044824|100.07591705171|-72823|-13290||50495.71875|350||35043.75|348|50495.71875|88328c|TLM8028|0|2629|0|||3|3|0|1|1|132|114|["132,18,5,3749","132,114,5,559","132,210,2,2127"]|636148152957190000|14:01:35:719
62|1.1|636147909939711599|88328c|50500.6953125|13.57504183575|100.07916251976|-72469|-12157||50500.6953125|350||35050|348|50500.6953125|88328c|TLM8028|0|2629|0|||3|3|0|1|1|132|114|["132,18,5,3749","132,114,5,559","132,210,2,2127"]|636148153006950000|14:01:40:695
62|1.1|636147909989626590|88328c|50505.6953125|13.58519129947|100.08263329303|-72090|-11035||50505.6953125|350||35062.5|348|50505.6953125|88328c|TLM8028|0|2629|0|||3|3|0|1|1|132|114|["132,18,5,3749","132,114,5,559","132,210,2,2127"]|636148153056950000|14:01:45:695
62|1.1|636147910039551582|88328c|50510.6953125|13.59536758524|100.08602896456|-71720|-9910||50510.6953125|350||35075|348|50510.6953125|88328c|TLM8028|0|2629|0|||3|3|0|1|1|132|114|["132,18,5,3749","132,114,5,559","132,210,2,2127"]|636148153106950000|14:01:50:695
62|1.1|636147910089486575|88328c|50515.6796875|13.60538830312|100.08962311926|-71328|-8802||50515.6796875|350||35087.5|348|50515.6796875|88328c|TLM8028|0|2629|0|||3|3|0|1|1|132|114|["132,18,5,3749","132,114,5,559","132,210,2,2127"]|636148153156800000|14:01:55:680
62|1.1|636147910139391565|88328c|50520.6796875|13.61561823299|100.09295441787|-70964|-7671||50520.6796875|350||35093.75|348|50520.6796875|88328c|TLM8028|0|2629|0|||3|3|0|1|1|132|114|["132,18,5,3749","132,114,5,559","132,210,2,2127"]|636148153206800000|14:02:00:680
62|1.1|636147910189316557|88328c|50525.65625|13.62563358646|100.0963500894|-70594|-6564||50525.65625|350||35087.5|348|50525.65625|88328c|TLM8028|0|2629|0|||3|3|0|1|1|132|114|["132,18,5,3749","132,114,5,559","132,210,2,2127"]|636148153256560000|14:02:05:656
62|1.1|636147910239251550|88328c|50530.65625|13.63573477049|100.09967065919|-70232|-5448||50530.65625|350||35075|348|50530.65625|88328c|TLM8028|0|2629|0|||3|3|0|1|1|132|114|["132,18,5,3749","132,114,5,559","132,210,2,2127"]|636148153306560000|14:02:10:656
62|1.1|636147910289156540|88328c|50535.65625|13.64588423421|100.10311997482|-69856|-4326||50535.65625|350||35081.25|348|50535.65625|88328c|TLM8028|0|2629|0|||3|3|0|1|1|132|114|["132,18,5,3749","132,114,5,559","132,210,2,2127"]|636148153356560000|14:02:15:656
62|1.1|636147910339091533|88328c|50540.640625|13.65602296911|100.10653173958|-69483|-3205||50540.640625|350||35087.5|348|50540.640625|88328c|TLM8028|0|2629|0|||3|3|0|1|1|132|114|["132,18,5,3749","132,114,5,559","132,210,2,2127"]|636148153406410000|14:02:20:641
62|1.1|636147910388996523|88328c|50545.640625|13.66612951755|100.10992741111|-69113|-2088||50545.640625|350||35093.75|348|50545.640625|88328c|TLM8028|0|2629|0|||3|3|0|1|1|132|114|["132,18,5,3749","132,114,5,559","132,210,2,2127"]|636148153456410000|14:02:25:641
62|1.1|636147910438931516|88328c|50550.6171875|13.67623070158|100.11330698941|-68744|-971||50550.6171875|350||35087.5|348|50550.6171875|88328c|TLM8028|0|2629|0|||3|3|0|1|1|132|114|["132,18,5,3749","132,114,5,559"]|636148153506170000|14:02:30:617
62|1.1|636147910491966819|88328c|50555.9375|13.68701853009|100.11680458473|-68363|221||50555.9375|350||35006.25|348|50555.9375|88328c|TLM8028|0|2629|0|||3|3|0|1|1|132|5|["132,18,5,3749","132,114,5,559"]|636148153559380000|14:02:35:938
62|1.1|636147910541881810|88328c|50560.921875|13.69708216325|100.12021098508|-67991|1334||50560.921875|350||35000|348|50560.921875|88328c|TLM8028|0|2629|0|||3|3|0|1|1|132|114|["132,18,5,3749","132,114,5,559"]|636148153609220000|14:02:40:922
62|1.1|636147910591806802|88328c|50565.921875|13.70631967727|100.12325260555|-67660|2355||50565.921875|350||34993.75|348|50565.921875|88328c|TLM8028|0|2629|0|||3|3|0|1|1|132|114|["132,18,5,3749","132,114,5,559"]|636148153659220000|14:02:45:922
62|1.1|636147910641721793|88328c|50570.8984375|13.7158307762|100.12647125155|-67309|3407||50570.8984375|350||35000|348|50570.8984375|88328c|TLM8028|0|2629|0|||3|3|0|1|1|132|114|["132,18,5,3749","132,114,5,559"]|636148153708980000|14:02:50:898
62|1.1|636147910691656786|88328c|50575.8984375|13.72572274824|100.12979182134|-66947|4500||50575.8984375|350||35000|348|50575.8984375|88328c|TLM8028|0|2629|0|||3|3|0|1|1|132|114|["132,18,5,3749","132,114,5,559"]|636148153758980000|14:02:55:898
62|1.1|636147910741581778|88328c|50580.8984375|13.73722940769|100.13355763716|-66536|5772||50580.8984375|350||35006.25|348|50580.8984375|88328c|TLM8028|0|2629|0|||3|3|0|1|1|132|5|["132,18,5,3749","132,114,5,559","132,178,4"]|636148153808980000|14:03:00:898
62|1.1|636147910791496769|88328c|50585.875|13.74764709191|100.13709278335|-66151|6924||50585.875|350||35006.25|348|50585.875|88328c|TLM8028|0|2629|0|||3|3|0|1|1|132|5|["132,18,5,3749","132,114,5,559","132,178,4"]|636148153858750000|14:03:05:875
62|1.1|636147910841411760|88328c|50590.875|13.7580486829|100.14062792954|-65766|8074||50590.875|350||35000|348|50590.875|88328c|TLM8028|0|2629|0|||3|3|0|1|1|132|114|["132,18,5,3749","132,114,5,559","132,178,4,1932"]|636148153908750000|14:03:10:875
62|1.1|636147910891336752|88328c|50595.859375|13.76727010369|100.14389485523|-65410|9093||50595.859375|350||35006.25|348|50595.859375|88328c|TLM8028|0|2629|0|||3|3|0|1|1|132|114|["132,18,5,3749","132,114,5,559","132,178,4,1932"]|636148153958590000|14:03:15:859
62|1.1|636147910941261744|88328c|50600.859375|13.77732300803|100.14733344204|-65035|10204||50600.859375|350||35000|348|50600.859375|88328c|TLM8028|0|2629|0|||3|3|0|1|1|132|114|["132,18,5,3749","132,114,5,559","132,178,5,1932"]|636148154008590000|14:03:20:859
62|1.1|636147910991186736|88328c|50605.859375|13.78739737001|100.15075057121|-64663|11318||50605.859375|350||35000|348|50605.859375|88328c|TLM8028|0|2629|0|||3|3|0|1|1|132|114|["132,18,5,3749","132,114,5,559","132,178,5,1932"]|636148154058590000|14:03:25:859
62|1.1|636147911041111728|88328c|50610.8359375|13.79755756255|100.15418915802|-64289|12441||50610.8359375|350||35000|348|50610.8359375|88328c|TLM8028|0|2629|0|||3|3|0|1|1|132|114|["132,18,5,3749","132,114,5,559","132,178,5,1932"]|636148154108360000|14:03:30:836
62|1.1|636147911091036720|88328c|50615.8359375|13.80801279764|100.15782086359|-63893|13597||50615.8359375|350||35006.25|348|50615.8359375|88328c|TLM8028|0|2629|0|||3|3|0|1|1|132|114|["132,18,5,3749","132,114,5,559","132,178,5,1932"]|636148154158360000|14:03:35:836
62|1.1|636147911140941710|88328c|50620.8203125|13.81741660837|100.1609912299|-63548|14637||50620.8203125|350||34993.75|348|50620.8203125|88328c|TLM8028|0|2629|0|||3|3|0|1|1|132|114|["132,18,5,3749","132,114,5,559","132,178,5,1932"]|636148154208200000|14:03:40:820
62|1.1|636147911190866702|88328c|50625.8203125|13.8270886396|100.16419914708|-63198|15706||50625.8203125|350||35000|348|50625.8203125|88328c|TLM8028|0|2629|0|||3|3|0|1|1|132|114|["132,18,5,3749","132,114,5,559","132,178,5,1932"]|636148154258200000|14:03:45:820
62|1.1|636147911240791694|88328c|50630.8203125|13.8369055099|100.16757872538|-62830|16791||50630.8203125|350||35000|348|50630.8203125|88328c|TLM8028|0|2629|0|||3|3|0|1|1|132|114|["132,18,5,3749","132,114,5,559","132,178,5,1932"]|636148154308200000|14:03:50:820
62|1.1|636147911290706685|88328c|50635.796875|13.84686185486|100.17096366809|-62462|17892||50635.796875|350||35006.25|348|50635.796875|88328c|TLM8028|0|2629|0|||3|3|0|1|1|132|114|["132,18,5,3749","132,114,5,559","132,178,5,1932"]|636148154357970000|14:03:55:797
62|1.1|636147911340631677|88328c|50640.796875|13.85697913212|100.1743486108|-62093|19010||50640.796875|350||35000|348|50640.796875|88328c|TLM8028|0|2629|0|||3|3|0|1|1|132|114|["132,18,5,3749","132,114,5,559","132,178,5,1932"]|636148154407970000|14:04:00:797
62|1.1|636147911390566670|88328c|50645.78125|13.86842678306|100.17801786724|-61693|20276||50645.78125|350||35006.25|348|50645.78125|88328c|TLM8028|0|2629|0|||3|3|0|1|1|132|114|["132,18,5,3749","132,114,5,559","132,178,5,1932"]|636148154457810000|14:04:05:781
62|1.1|636147911440481661|88328c|50650.78125|13.87901076399|100.18148864051|-61316|21446||50650.78125|350||35006.25|348|50650.78125|88328c|TLM8028|0|2629|0|||3|3|0|1|1|132|114|["132,18,5,3749","132,114,5,559","132,178,5,1932"]|636148154507810000|14:04:10:781
62|1.1|636147911490396652|88328c|50655.78125|13.88967521107|100.18494332055|-60939|22625||50655.78125|350||35012.5|348|50655.78125|88328c|TLM8028|0|2629|0|||3|3|0|1|1|132|114|["132,18,5,3749","132,114,5,559","132,178,5,1932"]|636148154557810000|14:04:15:781
62|1.1|636147911540331645|88328c|50660.7578125|13.90018409026|100.18859111935|-60542|23787||50660.7578125|350||35018.75|348|50660.7578125|88328c|TLM8028|0|2629|0|||3|3|0|1|1|132|114|["132,18,5,3749","132,114,5,559","132,178,5,1932"]|636148154607580000|14:04:20:758
62|1.1|636147911590246636|88328c|50665.7578125|13.91044620659|100.19211553672|-60159|24921||50665.7578125|350||35068.75|348|50665.7578125|88328c|TLM8028|0|2629|0|||3|3|0|1|1|132|114|["132,18,5,3749","132,114,5,559","132,178,5,1932"]|636148154657580000|14:04:25:758
62|1.1|636147911640161627|88328c|50670.7421875|13.92068150087|100.19569359819|-59769|26053||50670.7421875|350||35062.5|348|50670.7421875|88328c|TLM8028|0|2629|0|||3|3|0|1|1|132|114|["132,18,5,3749","132,114,5,559","132,178,5,1932"]|636148154707420000|14:04:30:742
62|1.1|636147911690086619|88328c|50675.7421875|13.93086851546|100.19943795637|-59362|27179||50675.7421875|350||35081.25|348|50675.7421875|88328c|TLM8028|0|2629|0|||3|3|0|1|1|132|114|["132,18,5,3749","132,114,5,559","132,178,5,1932"]|636148154757420000|14:04:35:742
62|1.1|636147911740011611|88328c|50680.7421875|13.94105016564|100.20271024647|-59006|28305||50680.7421875|350||35125|348|50680.7421875|88328c|TLM8028|0|2629|0|||3|3|0|1|1|132|114|["132,18,5,3749","132,114,5,559","132,178,5,1932"]|636148154807420000|14:04:40:742
62|1.1|636147911789936603|88328c|50685.71875|13.95114598526|100.20593425688|-58655|29421||50685.71875|350||35150|348|50685.71875|88328c|TLM8028|0|2629|0|||3|3|0|1|1|132|114|["132,18,5,3749","132,114,5,559","132,178,5,1932"]|636148154857190000|14:04:45:719
62|1.1|636147911839851594|88328c|50690.71875|13.96041568574|100.20914753847|-58305|30446||50690.71875|350||35018.75|348|50690.71875|88328c|TLM8028|0|2629|0|||3|3|0|1|1|132|114|["132,18,5,3749","132,114,5,559","132,178,5,1932"]|636148154907190000|14:04:50:719
62|1.1|636147911889776586|88328c|50695.6953125|13.9711766922|100.21279533727|-57908|31636||50695.6953125|350||35006.25|348|50695.6953125|88328c|TLM8028|0|2629|0|||3|3|0|1|1|132|5|["132,18,5,3749","132,114,5,559","132,178,5,1932"]|636148154956950000|14:04:55:695
62|1.1|636147911939711579|88328c|50700.6953125|13.98150854586|100.21623928849|-57534|32778||50700.6953125|350||35012.5|348|50700.6953125|88328c|TLM8028|0|2629|0|||3|3|0|1|1|132|114|["132,18,5,3749","132,114,5,559","132,178,5,1932"]|636148155006950000|14:05:00:695
62|1.1|636147911989616569|88328c|50705.6953125|13.99189940803|100.21964032443|-57164|33927||50705.6953125|350||35031.25|348|50705.6953125|88328c|TLM8028|0|2629|0|||3|3|0|1|1|132|114|["132,18,5,3749","132,114,5,559","132,178,5,1932"]|636148155056950000|14:05:05:695
62|1.1|636147912039541561|88328c|50710.6796875|14.00222053287|100.22314328416|-56783|35068||50710.6796875|350||35012.5|348|50710.6796875|88328c|TLM8028|0|2629|0|||3|3|0|1|1|132|114|["132,18,5,3749","132,114,5,559","132,178,5,1932"]|636148155106800000|14:05:10:680
62|1.1|636147912089466553|88328c|50715.6796875|14.01251483566|100.22672134563|-56394|36206||50715.6796875|350||34981.25|348|50715.6796875|88328c|TLM8028|0|2629|0|||3|3|0|1|1|132|114|["132,18,5,3749","132,114,5,559","132,178,5,1932"]|636148155156800000|14:05:15:680
62|1.1|636147912139391545|88328c|50720.65625|14.02312027423|100.22995608486|-56042|37379||50720.65625|350||35000|348|50720.65625|88328c|TLM8028|0|2629|0|||3|3|0|1|1|132|114|["132,18,5,3749","132,114,5,559","132,178,5,1932"]|636148155206560000|14:05:20:656
62|1.1|636147912189306536|88328c|50725.65625|14.03345212789|100.23356096838|-55650|38521||50725.65625|350||35037.5|348|50725.65625|88328c|TLM8028|0|2629|0|||3|3|0|1|1|132|114|["132,18,5,3749","132,114,5,559","132,178,5,1932"]|636148155256560000|14:05:25:656
62|1.1|636147912239221527|88328c|50730.65625|14.04385371888|100.23682252966|-55295|39671||50730.65625|350||35012.5|348|50730.65625|88328c|TLM8028|0|2629|0|||3|3|0|1|1|132|114|["132,18,5,3749","132,114,5,559","132,178,5,1932"]|636148155306560000|14:05:30:656
62|1.1|636147912289146519|88328c|50735.640625|14.05401391142|100.24021820119|-54926|40795||50735.640625|350||35056.25|348|50735.640625|88328c|TLM8028|0|2629|0|||3|3|0|1|1|132|114|["132,18,5,3749","132,114,5,559","132,178,5,1932"]|636148155356410000|14:05:35:641
62|1.1|636147912339071511|88328c|50740.640625|14.0643028498|100.24364605918|-54553|41932||50740.640625|350||35037.5|348|50740.640625|88328c|TLM8028|0|2629|0|||3|3|0|1|1|132|114|["132,18,5,3749","132,114,5,559","132,178,5,1932"]|636148155406410000|14:05:40:641
62|1.1|636147912388996503|88328c|50745.6171875|14.07453814408|100.24725630711|-54161|43064||50745.6171875|350||35043.75|348|50745.6171875|88328c|TLM8028|0|2629|0|||3|3|0|1|1|132|114|["132,18,5,3749","132,114,5,559","132,178,5,1932"]|636148155456170000|14:05:45:617
62|1.1|636147912438921495|88328c|50750.6171875|14.08472515867|100.25064124982|-53793|44190||50750.6171875|350||35031.25|348|50750.6171875|88328c|TLM8028|0|2629|0|||3|3|0|1|1|132|114|["132,18,5,3749","132,114,5,559","132,178,5,1932"]|636148155506170000|14:05:50:617
62|1.1|636147912488846487|88328c|50755.6171875|14.09506237674|100.25413348073|-53414|45333||50755.6171875|350||34975|348|50755.6171875|88328c|TLM8028|0|2629|0|||3|3|0|1|1|132|114|["132,18,5,3749","132,114,5,559","132,178,5,1932"]|636148155556170000|14:05:55:617
62|1.1|636147912538771479|88328c|50760.6015625|14.10524939133|100.25773299984|-53023|46459||50760.6015625|350||34912.5|348|50760.6015625|88328c|TLM8028|0|2629|0|||3|3|0|1|1|132|114|["132,18,5,3749","132,114,5,559","132,178,5,1932"]|636148155606020000|14:06:00:602
62|1.1|636147912588676469|88328c|50765.6015625|14.11544177033|100.26141834951|-52622|47586||50765.6015625|350||34850|348|50765.6015625|88328c|TLM8028|0|2629|0|||3|3|0|1|1|132|114|["132,18,5,3749","132,114,5,559","132,178,5,1932"]|636148155656020000|14:06:05:602
62|1.1|636147912638611462|88328c|50770.578125|14.12542493734|100.2651680721|-52215|48690||50770.578125|350||34806.25|348|50770.578125|88328c|TLM8028|0|2629|0|||3|3|0|1|1|132|114|["132,18,5,3749","132,114,5,559","132,178,5,1932"]|636148155705780000|14:06:10:578
62|1.1|636147912688526453|88328c|50775.578125|14.13549393491|100.26888024382|-51812|49803||50775.578125|350||34768.75|348|50775.578125|88328c|TLM8028|0|2629|0|||3|3|0|1|1|132|18|["132,18,5,3749","132,114,5,559","132,178,5,1932"]|636148155755780000|14:06:15:578
62|1.1|636147912738451445|88328c|50780.578125|14.14526788993|100.27275334784|-51392|50884||50780.578125|350||34743.75|348|50780.578125|88328c|TLM8028|0|2629|0|||3|3|0|1|1|132|18|["132,18,5,3749","132,114,5,559","132,178,5,1932"]|636148155805780000|14:06:20:578
62|1.1|636147912788366436|88328c|50785.5625|14.15480581091|100.2767015536|-50964|51939||50785.5625|350||34731.25|348|50785.5625|88328c|TLM8028|0|2629|0|||3|3|0|1|1|132|18|["132,18,5,3749","132,114,5,559","132,178,5,1932"]|636148155855630000|14:06:25:563
62|1.1|636147912838301429|88328c|50790.5625|14.16479434233|100.2804029965|-50562|53043||50790.5625|350||34725|348|50790.5625|88328c|TLM8028|0|2629|0|||3|3|0|1|1|132|18|["132,18,5,3749","132,114,5,559","132,178,5,1932"]|636148155905630000|14:06:30:563
62|1.1|636147912888206419|88328c|50795.5390625|14.17666578166|100.28224835354|-50360|54356||50795.5390625|350||34775|348|50795.5390625|88328c|TLM8028|0|2629|0|||3|3|0|1|1|132|18|["132,18,5,3749","132,114,5,559","132,178,5,1932"]|636148155955390000|14:06:35:539
62|1.1|636147912938151413|88328c|50800.5390625|14.18706200824|100.2856601183|-49989|55505||50800.5390625|350||34918.75|348|50800.5390625|88328c|TLM8028|0|2629|0|||3|3|0|1|1|132|18|["132,18,5,3749","132,114,5,559","132,178,5,1932"]|636148156005390000|14:06:40:539
62|1.1|636147912988066404|88328c|50805.5390625|14.19741531954|100.28906651865|-49619|56650||50805.5390625|350||34956.25|348|50805.5390625|88328c|TLM8028|0|2629|0|||3|3|0|1|1|132|18|["132,18,5,3749","132,114,5,559","132,178,5,1932"]|636148156055390000|14:06:45:539
62|1.1|636147913037981395|88328c|50810.515625|14.20755941885|100.2927411395|-49220|57772||50810.515625|350||35025|348|50810.515625|88328c|TLM8028|0|2629|0|||3|3|0|1|1|132|18|["132,18,5,3749","132,114,5,559","132,178,5,1932"]|636148156105160000|14:06:50:516
62|1.1|636147913087916388|88328c|50815.515625|14.21786981487|100.29602415842|-48864|58912||50815.515625|350||35037.5|348|50815.515625|88328c|TLM8028|0|2629|0|||3|3|0|1|1|132|18|["132,18,5,3749","132,114,5,559","132,178,5,1932"]|636148156155160000|14:06:55:516
62|1.1|636147913137821378|88328c|50820.5|14.22809438033|100.29960221989|-48476|60043||50820.5|350||34975|348|50820.5|88328c|TLM8028|0|2629|0|||3|3|0|1|1|132|114|["132,18,5,3749","132,114,5,559","132,178,5,1932"]|636148156205000000|14:07:00:500
62|1.1|636147913187736369|88328c|50825.5|14.23779323361|100.30338949335|-48065|61115||50825.5|350||35012.5|348|50825.5|88328c|TLM8028|0|2629|0|||3|3|0|1|1|132|114|["132,18,5,3749","132,114,5,559","132,178,5,1932"]|636148156255000000|14:07:05:500
62|1.1|636147913237661361|88328c|50830.5|14.24801779907|100.30688708867|-47685|62246||50830.5|350||35012.5|348|50830.5|88328c|TLM8028|0|2629|0|||3|3|0|1|1|132|114|["132,18,5,3749","132,114,5,559","132,178,5,1932"]|636148156305000000|14:07:10:500
62|1.1|636147913287586353|88328c|50835.4765625|14.25814044074|100.31042223486|-47302|63365||50835.4765625|350||35006.25|348|50835.4765625|88328c|TLM8028|0|2629|0|||3|3|0|1|1|132|114|["132,18,5,3749","132,114,5,559","132,178,5,1932"]|636148156354770000|14:07:15:477
62|1.1|636147913337521346|88328c|50840.4765625|14.26737795476|100.31375889788|-46940|64386||50840.4765625|350||35006.25|348|50840.4765625|88328c|TLM8028|0|2629|0|||3|3|0|1|1|132|114|["132,18,5,3749","132,114,5,559","132,178,5,1932"]|636148156404770000|14:07:20:477
62|1.1|636147913387426336|88328c|50845.4609375|14.27720018947|100.31725112879|-46561|65472||50845.4609375|350||35006.25|348|50845.4609375|88328c|TLM8028|0|2629|0|||3|3|0|1|1|132|114|["132,18,5,3749","132,114,5,559","132,178,5,1932"]|636148156454610000|14:07:25:461
62|1.1|636147913437351328|88328c|50850.4609375|14.28823478084|100.32078627498|-46177|66693||50850.4609375|350||35006.25|348|50850.4609375|88328c|TLM8028|0|2629|0|||3|3|0|1|1|132|114|["132,18,5,3749","132,114,5,559","132,178,5,1932"]|636148156504610000|14:07:30:461
62|1.1|636147913487276320|88328c|50855.4609375|14.29855054127|100.3242838703|-45798|67833||50855.4609375|350||35006.25|348|50855.4609375|88328c|TLM8028|0|2629|0|||3|3|0|1|1|132|114|["132,18,5,3749","132,114,5,559","132,178,5,1932"]|636148156554610000|14:07:35:461
62|1.1|636147913537191311|88328c|50860.4375|14.30939737829|100.32781901649|-45415|69033||50860.4375|350||35006.25|348|50860.4375|88328c|TLM8028|0|2629|0|||3|3|0|1|1|132|114|["132,18,5,3749","132,114,5,559","132,178,5,1932"]|636148156604380000|14:07:40:438
62|1.1|636147913587116303|88328c|50865.4375|14.31982579133|100.33130588299|-45036|70186||50865.4375|350||35006.25|348|50865.4375|88328c|TLM8028|0|2629|0|||3|3|0|1|1|132|114|["132,18,5,3749","132,114,5,559","132,178,5,1932"]|636148156654380000|14:07:45:438
62|1.1|636147913637031294|88328c|50870.421875|14.33016837381|100.33475519862|-44662|71330||50870.421875|350||35006.25|348|50870.421875|88328c|TLM8028|0|2629|0|||3|3|0|1|1|132|114|["132,18,5,3749","132,114,5,559","132,178,5,1932"]|636148156704220000|14:07:50:422
62|1.1|636147913686966287|88328c|50875.421875|14.34065579536|100.33805967518|-44303|72490||50875.421875|350||34987.5|348|50875.421875|88328c|TLM8028|0|2629|0|||3|3|0|1|1|132|114|["132,18,5,3749","132,114,5,559","132,178,5,1932"]|636148156754220000|14:07:55:422
62|1.1|636147913736881278|88328c|50880.421875|14.35099837784|100.3415036264|-43930|73633||50880.421875|350||34981.25|348|50880.421875|88328c|TLM8028|0|2629|0|||3|3|0|1|1|132|114|["132,18,5,3749","132,114,5,559","132,178,5,1932"]|636148156804220000|14:08:00:422
62|1.1|636147913786806270|88328c|50885.3984375|14.36119075684|100.34480273855|-43572|74760||50885.3984375|350||34975|348|50885.3984375|88328c|TLM8028|0|2629|0|||3|3|0|1|1|132|114|["132,18,5,3749","132,114,5,559","132,178,5,1932"]|636148156853980000|14:08:05:398
62|1.1|636147913836721261|88328c|50890.3984375|14.37149578845|100.34838080002|-43184|75900||50890.3984375|350||35018.75|348|50890.3984375|88328c|TLM8028|0|2629|0|||3|3|0|1|1|132|114|["132,18,5,3749","132,114,5,559","132,178,5,1932"]|636148156903980000|14:08:10:398
62|1.1|636147913886666255|88328c|50895.375|14.38176326919|100.35180865801|-42812|77035||50895.375|350||35043.75|348|50895.375|88328c|TLM8028|0|2629|0|||3|3|0|1|1|132|114|["132,18,5,3749","132,114,5,559","132,178,5,1932"]|636148156953750000|14:08:15:375
62|1.1|636147913936581246|88328c|50900.375|14.39208439403|100.35511849898|-42454|78177||50900.375|350||35000|348|50900.375|88328c|TLM8028|0|2629|0|||3|3|0|1|1|132|114|["132,18,5,3749","132,114,5,559","132,178,5,1932"]|636148157003750000|14:08:20:375
62|1.1|636147913986486236|88328c|50905.375|14.40233578154|100.35863218753|-42073|79310||50905.375|350||34975|348|50905.375|88328c|TLM8028|0|2629|0|||3|3|0|1|1|132|114|["132,18,5,3749","132,114,5,559","132,178,5,1932"]|636148157053750000|14:08:25:375
62|1.1|636147914036411228|88328c|50910.359375|14.41236186383|100.36212978285|-41694|80419||50910.359375|350||34956.25|348|50910.359375|88328c|TLM8028|0|2629|0|||3|3|0|1|1|132|114|["132,18,5,3749","132,114,5,559","132,178,5,1932"]|636148157103590000|14:08:30:359
62|1.1|636147914086336220|88328c|50915.359375|14.42250596314|100.36581513252|-41295|81541||50915.359375|350||34950|348|50915.359375|88328c|TLM8028|0|2629|0|||3|3|0|1|1|132|114|["132,18,5,3749","132,114,5,559","132,178,5,1932"]|636148157153590000|14:08:35:359
62|1.1|636147914136261212|88328c|50920.3359375|14.43271443537|100.36915179554|-40933|82670||50920.3359375|350||34931.25|348|50920.3359375|88328c|TLM8028|0|2629|0|||3|3|0|1|1|132|178|["132,18,5,3749","132,114,5,559","132,178,5,1932"]|636148157203360000|14:08:40:336
62|1.1|636147914186176203|88328c|50925.3359375|14.44300873816|100.37259574676|-40560|83808||50925.3359375|350||34918.75|348|50925.3359375|88328c|TLM8028|0|2629|0|||3|3|0|1|1|132|178|["132,18,5,3749","132,114,5,559","132,178,5,1932"]|636148157253360000|14:08:45:336
62|1.1|636147914236101195|88328c|50930.3359375|14.45317965952|100.37611479972|-40179|84933||50930.3359375|350||34931.25|348|50930.3359375|88328c|TLM8028|0|2629|0|||3|3|0|1|1|132|114|["132,18,5,3749","132,114,5,559","132,178,5,1932"]|636148157303360000|14:08:50:336
62|1.1|636147914286016186|88328c|50935.3203125|14.46342568262|100.37960166622|-39801|86066||50935.3203125|350||34931.25|348|50935.3203125|88328c|TLM8028|0|2629|0|||3|3|0|1|1|132|114|["132,18,5,3749","132,114,5,559","132,178,5,1932"]|636148157353200000|14:08:55:320
62|1.1|636147914335941178|88328c|50940.3203125|14.47367707013|100.38300270216|-39432|87200||50940.3203125|350||34912.5|348|50940.3203125|88328c|TLM8028|0|2629|0|||3|3|0|1|1|132|178|["132,18,5,3749","132,114,5,559","132,178,5,1932"]|636148157403200000|14:09:00:320
62|1.1|636147914385876171|88328c|50945.296875|14.48390163559|100.38657003481|-39046|88331||50945.296875|350||34906.25|348|50945.296875|88328c|TLM8028|0|2629|0|||3|3|0|1|1|132|178|["132,18,5,3749","132,114,5,559","132,178,5,1932"]|636148157452970000|14:09:05:297
62|1.1|636147914435791162|88328c|50950.296875|14.4941530231|100.38997643516|-38677|89465||50950.296875|350||34893.75|348|50950.296875|88328c|TLM8028|0|2629|0|||3|3|0|1|1|132|178|["132,18,5,3749","132,114,5,559","132,178,5,1932"]|636148157502970000|14:09:10:297
62|1.1|636147914485716154|88328c|50955.296875|14.50447414794|100.39336137787|-38311|90606||50955.296875|350||34868.75|348|50955.296875|88328c|TLM8028|0|2629|0|||3|3|0|1|1|132|178|["132,18,5,3749","132,114,5,559","132,178,5,1932"]|636148157552970000|14:09:15:297
62|1.1|636147914535631145|88328c|50960.28125|14.51466116253|100.39689115965|-37928|91733||50960.28125|350||34862.5|348|50960.28125|88328c|TLM8028|0|2629|0|||3|3|0|1|1|132|178|["132,18,5,3749","132,114,5,559","132,178,5,1932"]|636148157602810000|14:09:20:281
62|1.1|636147914585556137|88328c|50965.28125|14.52462823631|100.40047458553|-37540|92835||50965.28125|350||34893.75|348|50965.28125|88328c|TLM8028|0|2629|0|||3|3|0|1|1|132|178|["132,18,5,3749","132,114,5,559","132,178,5,1932"]|636148157652810000|14:09:25:281
62|1.1|636147914635471128|88328c|50970.2578125|14.53488498823|100.4039453588|-37164|93970||50970.2578125|350||34887.5|348|50970.2578125|88328c|TLM8028|0|2629|0|||3|3|0|1|1|132|178|["132,18,5,3749","132,114,5,559","132,178,5,1932"]|636148157702580000|14:09:30:258
62|1.1|636147914685396120|88328c|50975.2578125|14.54521684189|100.407271293|-36804|95112||50975.2578125|350||34906.25|348|50975.2578125|88328c|TLM8028|0|2629|0|||3|3|0|1|1|132|18|["132,18,5,3749","132,114,5,559","132,178,5,1932"]|636148157752580000|14:09:35:258
62|1.1|636147914735321112|88328c|50980.2578125|14.5554682294|100.4105435831|-36450|96246||50980.2578125|350||34950|348|50980.2578125|88328c|TLM8028|0|2629|0|||3|3|0|1|1|132|18|["132,18,5,3749","132,114,5,559","132,178,5,1932"]|636148157802580000|14:09:40:258
62|1.1|636147914785236103|88328c|50985.2421875|14.56566597281|100.41422356836|-36052|97374||50985.2421875|350||34937.5|348|50985.2421875|88328c|TLM8028|0|2629|0|||3|3|0|1|1|132|178|["132,18,5,3749","132,114,5,559","132,178,5,1932"]|636148157852420000|14:09:45:242
62|1.1|636147914835161095|88328c|50990.2421875|14.57584762299|100.41777480778|-35667|98500||50990.2421875|350||34918.75|348|50990.2421875|88328c|TLM8028|0|2629|0|||3|3|0|1|1|132|178|["132,18,5,3749","132,114,5,559","132,178,5,1932"]|636148157902420000|14:09:50:242
62|1.1|636147914885086087|88328c|50995.21875|14.58605073081|100.42117584372|-35299|99629||50995.21875|350||34900|348|50995.21875|88328c|TLM8028|0|2629|0|||3|3|0|1|1|132|178|["132,18,5,3749","132,114,5,559","132,178,5,1932"]|636148157952190000|14:09:55:219
62|1.1|636147914935011079|88328c|51000.21875|14.5963450336|100.42483973575|-34903|100767||51000.21875|350||34887.5|348|51000.21875|88328c|TLM8028|0|2629|0|||3|3|0|1|1|132|178|["132,18,5,3749","132,114,5,559","132,178,5,1932"]|636148158002190000|14:10:00:219
62|1.1|636147914984936071|88328c|51005.21875|14.60667152285|100.42828905138|-34530|101909||51005.21875|350||34918.75|348|51005.21875|88328c|TLM8028|0|2629|0|||3|3|0|1|1|132|18|["132,18,5,3749","132,114,5,559","132,178,5,1932"]|636148158052190000|14:10:05:219
62|1.1|636147915034851062|88328c|51010.1953125|14.61690145272|100.43183492639|-34146|103041||51010.1953125|350||34912.5|348|51010.1953125|88328c|TLM8028|0|2629|0|||3|3|0|1|1|132|18|["132,18,5,3749","132,114,5,559","132,178,5,1932"]|636148158101950000|14:10:10:195
62|1.1|636147915084766053|88328c|51015.1953125|14.62710992495|100.4353808014|-33763|104169||51015.1953125|350||34868.75|348|51015.1953125|88328c|TLM8028|0|2629|0|||3|3|0|1|1|132|178|["132,18,5,3749","132,114,5,559","132,178,5,1932"]|636148158151950000|14:10:15:195
62|1.1|636147915134701046|88328c|51020.1796875|14.6370072614|100.4391895325|-33351|105264||51020.1796875|350||35000|348|51020.1796875|88328c|TLM8028|0|2629|0|||3|3|0|1|1|132|5|["132,18,5,3749","132,114,5,559","132,178,5,1932"]|636148158201800000|14:10:20:180
62|1.1|636147915184606036|88328c|51025.1796875|14.64723182686|100.44277295838|-32963|106395||51025.1796875|350||35012.5|348|51025.1796875|88328c|TLM8028|0|2629|0|||3|3|0|1|1|132|146|["132,18,5,3749","132,114,5,559","132,178,5,1932","132,146,4"]|636148158251800000|14:10:25:180
62|1.1|636147915234541029|88328c|51030.1796875|14.65748857878|100.44625446047|-32587|107530||51030.1796875|350||35031.25|348|51030.1796875|88328c|TLM8028|0|2629|0|||3|3|0|1|1|132|146|["132,18,5,3749","132,114,5,559","132,178,5,1932","132,146,4"]|636148158301800000|14:10:30:180
62|1.1|636147915284456020|88328c|51035.15625|14.66767022896|100.44982179312|-32201|108656||51035.15625|350||35012.5|348|51035.15625|88328c|TLM8028|0|2629|0|||3|3|0|1|1|132|146|["132,18,5,3749","132,114,5,559","132,178,5,1932","132,146,5,1874"]|636148158351560000|14:10:35:156
62|1.1|636147915334391013|88328c|51040.15625|14.67793234529|100.45336230372|-31818|109791||51040.15625|350||35018.75|348|51040.15625|88328c|TLM8028|0|2629|0|||3|3|0|1|1|132|146|["132,18,5,3749","132,114,5,559","132,178,5,1932","132,146,5,1874"]|636148158401560000|14:10:40:156
62|1.1|636147915384296003|88328c|51045.140625|14.68815691075|100.45690817873|-31435|110922||51045.140625|350||35025|348|51045.140625|88328c|TLM8028|0|2629|0|||3|3|0|1|1|132|5|["132,18,5,3749","132,114,5,559","132,178,5,1932","132,146,5,1874"]|636148158451410000|14:10:45:141
62|1.1|636147915434220995|88328c|51050.140625|14.69860678143|100.46018583324|-31080|112078||51050.140625|350||35037.5|348|51050.140625|88328c|TLM8028|0|2629|0|||3|3|0|1|1|132|146|["132,18,5,3749","132,114,5,559","132,178,5,1932","132,146,5,1874"]|636148158501410000|14:10:50:141
62|1.1|636147915484145987|88328c|51055.140625|14.70901373683|100.46355468272|-30716|113229||51055.140625|350||35006.25|348|51055.140625|88328c|TLM8028|0|2629|0|||3|3|0|1|1|132|146|["132,18,5,3749","132,114,5,559","132,178,5,1932","132,146,5,1874"]|636148158551410000|14:10:55:141
62|1.1|636147915534070979|88328c|51060.1171875|14.71944751428|100.46691816779|-30352|114383||51060.1171875|350||34993.75|348|51060.1171875|88328c|TLM8028|0|2629|0|||3|3|0|1|1|132|5|["132,18,5,3749","132,114,5,559","132,178,5,1932","132,146,5,1874"]|636148158601170000|14:11:00:117
62|1.1|636147915583985970|88328c|51065.1171875|14.72976863912|100.47051232249|-29964|115524||51065.1171875|350||34968.75|348|51065.1171875|88328c|TLM8028|0|2629|0|||3|3|0|1|1|132|18|["132,18,5,3749","132,114,5,559","132,178,5,1932","132,146,5,1874"]|636148158651170000|14:11:05:117
