62|1.1|636147897456473400|884204|49252.3984375|11.2679968491|100.04036174223|-77382|-267412||49252.3984375|350.25||35012.5|347.75|49252.3984375|884204|BKP264|0|2609|0|||3|3|0|1|1|132|5|["132,18,5,3720","132,210,2,2124","132,82,5"]|636148140523980000|13:40:52:398
62|1.1|636147897506408393|884204|49257.375|11.27814094841|100.04272744704|-77121|-266290||49257.375|350.25||35025|347.75|49257.375|884204|BKP264|0|2609|0|||3|3|0|1|1|132|5|["132,18,5,3720","132,210,2,2124","132,82,5"]|636148140573750000|13:40:57:375
62|1.1|636147897556323384|884204|49262.375|11.28842988679|100.04513070272|-76855|-265152||49262.375|350.25||35031.25|347.75|49262.375|884204|BKP264|0|2609|0|||3|3|0|1|1|132|18|["132,18,5,3720","132,210,2,2124","132,82,5"]|636148140623750000|13:41:02:375
62|1.1|636147897606238375|884204|49267.375|11.29918552884|100.04763051778|-76579|-263962||49267.375|350.25||35031.25|347.75|49267.375|884204|BKP264|0|2609|0|||3|3|0|1|1|132|83|["132,18,5,3720","132,210,2,2124","132,82,5"]|636148140673750000|13:41:07:375
62|1.1|636147897656163367|884204|49272.359375|11.30943691635|100.0500552311|-76311|-262828||49272.359375|350.25||35037.5|347.75|49272.359375|884204|BKP264|0|2609|0|||3|3|0|1|1|132|18|["132,18,5,3720","132,210,2,2124","132,82,5"]|636148140723590000|13:41:12:359
62|1.1|636147897706088359|884204|49277.359375|11.31861542186|100.05232974094|-76060|-261813||49277.359375|350.25||35018.75|347.75|49277.359375|884204|BKP264|0|2609|0|||3|3|0|1|1|132|18|["132,18,5,3720","132,210,2,2124","132,82,5"]|636148140773590000|13:41:17:359
62|1.1|636147897756003350|884204|49282.3359375|11.32865759738|100.05473299662|-75794|-260703||49282.3359375|350.25||35025|347.75|49282.3359375|884204|BKP264|0|2609|0|||3|3|0|1|1|132|18|["132,18,5,3720","132,210,2,2124","132,82,5"]|636148140823360000|13:41:22:336
62|1.1|636147897805928342|884204|49287.3359375|11.33900554427|100.05715234553|-75527|-259558||49287.3359375|350.25||35031.25|347.75|49287.3359375|884204|BKP264|0|2609|0|||3|3|0|1|1|132|18|["132,18,5,3720","132,210,2,2124","132,82,5"]|636148140873360000|13:41:27:336
62|1.1|636147897855853334|884204|49292.3359375|11.34922474532|100.05956096562|-75261|-258428||49292.3359375|350.25||35031.25|347.75|49292.3359375|884204|BKP264|0|2609|0|||3|3|0|1|1|132|18|["132,18,5,3720","132,210,2,2124","132,82,5"]|636148140923360000|13:41:32:336
62|1.1|636147897905778326|884204|49297.3203125|11.35948686165|100.06195885689|-74996|-257293||49297.3203125|350.25||35037.5|347.75|49297.3203125|884204|BKP264|0|2609|0|||3|3|0|1|1|132|18|["132,18,5,3720","132,210,2,2124","132,82,5"]|636148140973200000|13:41:37:320
62|1.1|636147897955693317|884204|49302.3203125|11.36990454587|100.06428164642|-74740|-256141||49302.3203125|350.25||35050|347.75|49302.3203125|884204|BKP264|0|2609|0|||3|3|0|1|1|132|18|["132,18,5,3720","132,210,2,2124","132,82,5"]|636148141023200000|13:41:42:320
62|1.1|636147898005618309|884204|49307.296875|11.38044561152|100.06654006303|-74490|-254975||49307.296875|350.25||35062.5|347.75|49307.296875|884204|BKP264|0|2609|0|||3|3|0|1|1|132|18|["132,18,5,3720","132,210,2,2124","132,82,5"]|636148141072970000|13:41:47:297
62|1.1|636147898055543301|884204|49312.296875|11.39074527872|100.0691525307|-74202|-253836||49312.296875|350.25||35068.75|347.75|49312.296875|884204|BKP264|0|2609|0|||3|3|0|1|1|132|18|["132,18,5,3720","132,210,2,2124","132,82,5"]|636148141122970000|13:41:52:297
62|1.1|636147898105458292|884204|49317.296875|11.40121660704|100.0711910065|-73976|-252678||49317.296875|350.25||35075|348|49317.296875|884204|BKP264|0|2609|0|||3|3|0|1|1|132|18|["132,18,5,3720","132,210,2,2124","132,82,5"]|636148141172970000|13:41:57:297
62|1.1|636147898155383284|884204|49322.28125|11.41141971486|100.07363717746|-73706|-251549||49322.28125|350.25||35075|348|49322.28125|884204|BKP264|0|2609|0|||3|3|0|1|1|132|5|["132,18,5,3720","132,210,2,2124","132,82,5"]|636148141222810000|13:42:02:281
62|1.1|636147898205298275|884204|49327.28125|11.42184276349|100.07551472096|-73498|-250396||49327.28125|350.25||35075|348|49327.28125|884204|BKP264|0|2609|0|||3|3|0|1|1|132|18|["132,18,5,3720","132,210,2,2124","132,82,5"]|636148141272810000|13:42:07:281
62|1.1|636147898255243269|884204|49332.2578125|11.43207269336|100.07766048496|-73261|-249265||49332.2578125|350.25||35075|348|49332.2578125|884204|BKP264|0|2609|0|||3|3|0|1|1|132|18|["132,18,5,3720","132,210,2,2124","132,82,5"]|636148141322580000|13:42:12:258
62|1.1|636147898305158260|884204|49337.2578125|11.44221679267|100.08023003735|-72978|-248143||49337.2578125|350.25||35068.75|348|49337.2578125|884204|BKP264|0|2609|0|||3|3|0|1|1|132|18|["132,18,5,3720","132,210,2,2124","132,82,5"]|636148141372580000|13:42:17:258
62|1.1|636147898355073251|884204|49342.2578125|11.45241453608|100.0825635557|-72720|-247015||49342.2578125|350.25||35068.75|348|49342.2578125|884204|BKP264|0|2609|0|||3|3|0|1|1|132|18|["132,18,5,3720","132,210,2,2124","132,82,5"]|636148141422580000|13:42:22:258
62|1.1|636147898405008244|884204|49347.2421875|11.46255863539|100.08490780287|-72461|-245893||49347.2421875|350||35062.5|348|49347.2421875|884204|BKP264|0|2609|0|||3|3|0|1|1|132|18|["132,18,5,3720","132,210,2,2124","132,82,5"]|636148141472420000|13:42:27:242
62|1.1|636147898454913234|884204|49352.2421875|11.47283684495|100.08703747364|-72226|-244756||49352.2421875|350||35050|347.75|49352.2421875|884204|BKP264|0|2609|0|||3|3|0|1|1|132|5|["132,18,5,3720","132,210,2,2124","132,82,5"]|636148141522420000|13:42:32:242
62|1.1|636147898504848227|884204|49357.21875|11.48286829165|100.08968749218|-71934|-243647||49357.21875|350||35043.75|347.75|49357.21875|884204|BKP264|0|2609|0|||3|3|0|1|1|132|18|["132,18,5,3720","132,210,2,2124","132,82,5"]|636148141572190000|13:42:37:219
62|1.1|636147898554753217|884204|49362.21875|11.49299629773|100.0920585614|-71672|-242526||49362.21875|350||35037.5|347.75|49362.21875|884204|BKP264|0|2609|0|||3|3|0|1|1|132|18|["132,18,5,3720","132,210,2,2124","132,82,5"]|636148141622190000|13:42:42:219
62|1.1|636147898604678209|884204|49367.21875|11.50321013437|100.09424724068|-71431|-241397||49367.21875|350||35037.5|347.75|49367.21875|884204|BKP264|0|2609|0|||3|3|0|1|1|132|18|["132,18,5,3720","132,210,2,2124","132,82,5"]|636148141672190000|13:42:47:219
62|1.1|636147898654593200|884204|49372.1953125|11.51342933542|100.09624816561|-71210|-240267||49372.1953125|350||35037.5|347.75|49372.1953125|884204|BKP264|0|2609|0|||3|3|0|1|1|132|18|["132,18,5,3720","132,210,2,2124","132,82,5"]|636148141721950000|13:42:52:195
62|1.1|636147898704518192|884204|49377.1953125|11.52383629082|100.09777165805|-71041|-239115||49377.1953125|350||35043.75|347.75|49377.1953125|884204|BKP264|0|2609|0|||3|3|0|1|1|132|18|["132,18,5,3720","132,210,2,2124","132,82,5"]|636148141771950000|13:42:57:195
62|1.1|636147898754453185|884204|49382.1796875|11.53395893249|100.10002471025|-70792|-237996||49382.1796875|350||35043.75|347.75|49382.1796875|884204|BKP264|0|2609|0|||3|3|0|1|1|132|18|["132,18,5,3720","132,210,2,2124","132,82,5"]|636148141821800000|13:43:02:180
62|1.1|636147898804368176|884204|49387.1796875|11.54416204031|100.10232604214|-70538|-236867||49387.1796875|350||35050|347.75|49387.1796875|884204|BKP264|0|2609|0|||3|3|0|1|1|132|5|["132,18,5,3720","132,210,2,2124","132,82,5"]|636148141871800000|13:43:07:180
62|1.1|636147898857403479|884204|49392.4765625|11.55495523323|100.10476148428|-70269|-235674||49392.4765625|350||35056.25|347.75|49392.4765625|884204|BKP264|0|2609|0|||3|3|0|1|1|132|18|["132,18,5,3720","132,210,2,2124","132,82,5"]|636148141924770000|13:43:12:477
62|1.1|636147898907328471|884204|49397.4765625|11.56506178167|100.10733640108|-69985|-234556||49397.4765625|350||35056.25|347.75|49397.4765625|884204|BKP264|0|2609|0|||3|3|0|1|1|132|83|["132,18,5,3720","132,210,2,2124","132,82,5"]|636148141974770000|13:43:17:477
62|1.1|636147898957243462|884204|49402.4609375|11.57517369452|100.10974502117|-69720|-233438||49402.4609375|350||35056.25|347.75|49402.4609375|884204|BKP264|0|2609|0|||3|3|0|1|1|132|83|["132,18,5,3720","132,210,2,2124","132,82,5"]|636148142024610000|13:43:22:461
62|1.1|636147899007168454|884204|49407.4609375|11.58532315824|100.11209463275|-69461|-232315||49407.4609375|350||35056.25|347.75|49407.4609375|884204|BKP264|0|2609|0|||3|3|0|1|1|132|18|["132,18,5,3720","132,210,2,2124","132,82,5"]|636148142074610000|13:43:27:461
62|1.1|636147899057083445|884204|49412.4609375|11.59504346916|100.11607502497|-69024|-231241||49412.4609375|350||35050|347.75|49412.4609375|884204|BKP264|0|2609|0|||3|3|0|1|1|132|18|["132,18,5,3720","132,210,2,2124","132,82,5"]|636148142124610000|13:43:32:461
62|1.1|636147899107008437|884204|49417.4375|11.60378209305|100.11959944234|-68637|-230274||49417.4375|350.25||35025|347.75|49417.4375|884204|BKP264|0|2609|0|||3|3|0|1|1|132|5|["132,18,5,3720","132,210,2,2124","132,82,5"]|636148142174380000|13:43:37:438
62|1.1|636147899156933429|884204|49422.4375|11.61441435367|100.12232456262|-68337|-229099||49422.4375|350.25||35025|348|49422.4375|884204|BKP264|0|2609|0|||3|3|0|1|1|132|18|["132,18,5,3720","132,210,2,2124","132,82,5"]|636148142224380000|13:43:42:438
62|1.1|636147899206848420|884204|49427.421875|11.62449944447|100.12492093706|-68051|-227983||49427.421875|350.25||35025|348|49427.421875|884204|BKP264|0|2609|0|||3|3|0|1|1|132|18|["132,18,5,3720","132,210,2,2124","132,82,5"]|636148142274220000|13:43:47:422
62|1.1|636147899256773412|884204|49432.421875|11.63463817937|100.12755486237|-67761|-226862||49432.421875|350.25||35031.25|348|49432.421875|884204|BKP264|0|2609|0|||3|3|0|1|1|132|18|["132,18,5,3720","132,210,2,2124","132,82,5"]|636148142324220000|13:43:52:422
62|1.1|636147899306698404|884204|49437.421875|11.6447930075|100.1301458724|-67476|-225739||49437.421875|350.25||35037.5|348|49437.421875|884204|BKP264|0|2609|0|||3|3|0|1|1|132|18|["132,18,5,3720","132,210,2,2124","132,82,5"]|636148142374220000|13:43:57:422
62|1.1|636147899356613395|884204|49442.3984375|11.65494783563|100.13262959423|-67202|-224616||49442.3984375|350||35043.75|347.75|49442.3984375|884204|BKP264|0|2609|0|||3|3|0|1|1|132|18|["132,18,5,3720","132,210,2,2124","132,82,5"]|636148142423980000|13:44:02:398
62|1.1|636147899406538387|884204|49447.3984375|11.66517240109|100.13515623134|-66924|-223485||49447.3984375|350||35043.75|347.75|49447.3984375|884204|BKP264|0|2609|0|||3|3|0|1|1|132|18|["132,18,5,3720","132,210,2,2124","132,82,5"]|636148142473980000|13:44:07:398
62|1.1|636147899456453378|884204|49452.375|11.67549889034|100.13710351217|-66709|-222343||49452.375|350||35050|347.75|49452.375|884204|BKP264|0|2609|0|||3|3|0|1|1|132|5|["132,18,5,3720","132,210,2,2124","132,82,5"]|636148142523750000|13:44:12:375
62|1.1|636147899506378370|884204|49457.375|11.68581465077|100.13913125915|-66485|-221202||49457.375|350||35050|347.75|49457.375|884204|BKP264|0|2609|0|||3|3|0|1|1|132|83|["132,18,5,3720","132,210,2,2124","132,82,5"]|636148142573750000|13:44:17:375
62|1.1|636147899556303362|884204|49462.375|11.69611968238|100.14108390439|-66269|-220062||49462.375|350||35050|347.75|49462.375|884204|BKP264|0|2609|0|||3|3|0|1|1|132|83|["132,18,5,3720","132,210,2,2124","132,82,5"]|636148142623750000|13:44:22:375
62|1.1|636147899606228354|884204|49467.359375|11.70651590896|100.14268249857|-66092|-218912||49467.359375|350||35056.25|347.75|49467.359375|884204|BKP264|0|2609|0|||3|3|0|1|1|132|18|["132,18,5,3720","132,210,2,2124","132,82,5"]|636148142673590000|13:44:27:359
62|1.1|636147899656143345|884204|49472.359375|11.71670828796|100.14505356779|-65831|-217785||49472.359375|350||35050|347.75|49472.359375|884204|BKP264|0|2609|0|||3|3|0|1|1|132|18|["132,18,5,3720","132,210,2,2124","132,82,5"]|636148142723590000|13:44:32:359
62|1.1|636147899706078338|884204|49477.3359375|11.72684165845|100.14739781496|-65573|-216664||49477.3359375|350||35056.25|347.75|49477.3359375|884204|BKP264|0|2609|0|||3|3|0|1|1|132|18|["132,18,5,3720","132,210,2,2124","132,82,5"]|636148142773360000|13:44:37:336
62|1.1|636147899755993329|884204|49482.3359375|11.73702867304|100.15009611319|-65276|-215538||49482.3359375|350||35043.75|347.75|49482.3359375|884204|BKP264|0|2609|0|||3|3|0|1|1|132|18|["132,18,5,3720","132,210,2,2124","132,82,5"]|636148142823360000|13:44:42:336
62|1.1|636147899805908320|884204|49487.3359375|11.74710839943|100.1534810559|-64904|-214423||49487.3359375|350||35006.25|347.75|49487.3359375|884204|BKP264|0|2609|0|||3|3|0|1|1|132|83|["132,18,5,3720","132,210,2,2124","132,82,5"]|636148142873360000|13:44:47:336
62|1.1|636147899855833312|884204|49492.3203125|11.757177397|100.15597014214|-64631|-213310||49492.3203125|350||35000|347.75|49492.3203125|884204|BKP264|0|2609|0|||3|3|0|1|1|132|83|["132,18,5,3720","132,210,2,2124","132,82,5"]|636148142923200000|13:44:52:320
62|1.1|636147899905758304|884204|49497.3203125|11.76665630947|100.15838949105|-64365|-212261||49497.3203125|350||34993.75|347.75|49497.3203125|884204|BKP264|0|2609|0|||3|3|0|1|1|132|5|["132,18,5,3720","132,210,2,2124","132,82,5"]|636148142973200000|13:44:57:320
62|1.1|636147899955683296|884204|49502.296875|11.7760601202|100.16065327207|-64115|-211221||49502.296875|350||34993.75|347.75|49502.296875|884204|BKP264|0|2609|0|||3|3|0|1|1|132|5|["132,18,5,3720","132,210,2,2124","132,82,5"]|636148143022970000|13:45:02:297
62|1.1|636147900005598287|884204|49507.296875|11.78561949882|100.16299215483|-63858|-210164||49507.296875|349.75||34975|347.75|49507.296875|884204|BKP264|0|2609|0|||3|3|0|1|1|132|5|["132,18,5,3720","132,210,2,2124","132,82,5"]|636148143072970000|13:45:07:297
62|1.1|636147900055523279|884204|49512.296875|11.79631076795|100.16547587666|-63584|-208981||49512.296875|349.75||34975|347.5|49512.296875|884204|BKP264|0|2609|0|||3|3|0|1|1|132|18|["132,18,5,3720","132,210,2,2124","132,82,5"]|636148143122970000|13:45:12:297
62|1.1|636147900105438270|884204|49517.28125|11.8071200541|100.16797569172|-63309|-207786||49517.28125|350||34975|347.75|49517.28125|884204|BKP264|0|2609|0|||3|3|0|1|1|132|18|["132,18,5,3720","132,210,2,2124","132,82,5"]|636148143172810000|13:45:17:281
62|1.1|636147900155363262|884204|49522.28125|11.8181170946|100.17055597293|-63025|-206570||49522.28125|350||35000|347.75|49522.28125|884204|BKP264|0|2609|0|||3|3|0|1|1|132|83|["132,18,5,3720","132,210,2,2124","132,82,5"]|636148143222810000|13:45:22:281
62|1.1|636147900205288254|884204|49527.2578125|11.82828801596|100.17300214389|-62756|-205445||49527.2578125|349.75||34987.5|347.75|49527.2578125|884204|BKP264|0|2609|0|||3|3|0|1|1|132|83|["132,18,5,3720","132,210,2,2124","132,82,5"]|636148143272580000|13:45:27:258
62|1.1|636147900255213246|884204|49532.2578125|11.83771864874|100.17533029783|-62500|-204402||49532.2578125|350||34993.75|347.5|49532.2578125|884204|BKP264|0|2609|0|||3|3|0|1|1|132|18|["132,18,5,3720","132,210,2,2124","132,82,5"]|636148143322580000|13:45:32:258
62|1.1|636147900305128237|884204|49537.2578125|11.84719756121|100.17761553649|-62249|-203354||49537.2578125|350||34993.75|347.75|49537.2578125|884204|BKP264|0|2609|0|||3|3|0|1|1|132|5|["132,18,5,3720","132,210,2,2124","132,82,5"]|636148143372580000|13:45:37:258
62|1.1|636147900355053229|884204|49542.2421875|11.85703588915|100.17998660571|-61988|-202266||49542.2421875|350||35000|347.75|49542.2421875|884204|BKP264|0|2609|0|||3|3|0|1|1|132|18|["132,18,5,3720","132,210,2,2124","132,82,5"]|636148143422420000|13:45:42:242
62|1.1|636147900404968220|884204|49547.2421875|11.86701905616|100.18236303934|-61727|-201162||49547.2421875|350||35000|347.75|49547.2421875|884204|BKP264|0|2609|0|||3|3|0|1|1|132|18|["132,18,5,3720","132,210,2,2124","132,82,5"]|636148143472420000|13:45:47:242
62|1.1|636147900454893212|884204|49552.21875|11.87808583399|100.18484139676|-61454|-199938||49552.21875|350||35006.25|347.75|49552.21875|884204|BKP264|0|2609|0|||3|3|0|1|1|132|83|["132,18,5,3720","132,210,2,2124","132,82,5"]|636148143522190000|13:45:52:219
62|1.1|636147900504818204|884204|49557.21875|11.88841768765|100.18726074567|-61188|-198795||49557.21875|350||35012.5|347.75|49557.21875|884204|BKP264|0|2609|0|||3|3|0|1|1|132|18|["132,18,5,3720","132,210,2,2124","132,82,5"]|636148143572190000|13:45:57:219
62|1.1|636147900554733195|884204|49562.21875|11.89833111733|100.18964790812|-60925|-197699||49562.21875|350.25||35006.25|348|49562.21875|884204|BKP264|0|2609|0|||3|3|0|1|1|132|18|["132,18,5,3720","132,210,2,2124","132,82,5"]|636148143622190000|13:46:02:219
62|1.1|636147900604658187|884204|49567.1953125|11.90937107311|100.19219600287|-60645|-196477||49567.1953125|350.25||35025|348|49567.1953125|884204|BKP264|0|2609|0|||3|3|0|1|1|132|5|["132,18,5,3720","132,210,2,2124","132,82,5"]|636148143671950000|13:46:07:195
62|1.1|636147900654583179|884204|49572.1953125|11.91985849466|100.19465290265|-60374|-195318||49572.1953125|350.25||35037.5|348|49572.1953125|884204|BKP264|0|2609|0|||3|3|0|1|1|132|18|["132,18,5,3720","132,210,2,2124","132,82,5"]|636148143721950000|13:46:12:195
62|1.1|636147900704498170|884204|49577.1796875|11.93014206863|100.19711516684|-60104|-194180||49577.1796875|350.25||35050|348|49577.1796875|884204|BKP264|0|2609|0|||3|3|0|1|1|132|18|["132,18,5,3720","132,210,2,2124","132,82,5"]|636148143771800000|13:46:17:180
62|1.1|636147900754423162|884204|49582.1796875|11.9405865749|100.1995613378|-59835|-193025||49582.1796875|350.25||35068.75|348|49582.1796875|884204|BKP264|0|2609|0|||3|3|0|1|1|132|18|["132,18,5,3720","132,210,2,2124","132,82,5"]|636148143821800000|13:46:22:180
62|1.1|636147900804198139|884204|49587.1796875|11.94914280885|100.20177147472|-59592|-192079||49587.1796875|350||35012.5|348|49587.1796875|884204|BKP264|0|2609|0|||3|3|0|1|1|132|83|["132,18,5,3720","132,210,2,2124","132,82,5"]|636148143871800000|13:46:27:180
62|1.1|636147900854113130|884204|49592.15625|11.95892749269|100.20414790835|-59331|-190997||49592.15625|350.25||35012.5|348|49592.15625|884204|BKP264|0|2609|0|||3|3|0|1|1|132|18|["132,18,5,3720","132,210,2,2124","132,82,5"]|636148143921560000|13:46:32:156
62|1.1|636147900904028121|884204|49597.15625|11.96906086318|100.20649751993|-59072|-189876||49597.15625|350||35000|347.75|49597.15625|884204|BKP264|0|2609|0|||3|3|0|1|1|132|18|["132,18,5,3720","132,210,2,2124","132,82,5"]|636148143971560000|13:46:37:156
62|1.1|636147900953953113|884204|49602.140625|11.97907621665|100.20888468238|-58810|-188769||49602.140625|350||34993.75|347.75|49602.140625|884204|BKP264|0|2609|0|||3|3|0|1|1|132|18|["132,18,5,3720","132,210,2,2124","132,82,5"]|636148144021410000|13:46:42:141
62|1.1|636147901003878105|884204|49607.140625|11.98922568037|100.21128257365|-58547|-187646||49607.140625|350||34993.75|347.75|49607.140625|884204|BKP264|0|2609|0|||3|3|0|1|1|132|18|["132,18,5,3720","132,210,2,2124","132,82,5"]|636148144071410000|13:46:47:141
62|1.1|636147901053803097|884204|49612.140625|11.99999741565|100.21373410902|-58277|-186455||49612.140625|350||35000|347.75|49612.140625|884204|BKP264|0|2609|0|||3|3|0|1|1|132|18|["132,18,5,3720","132,210,2,2124","132,82,5"]|636148144121410000|13:46:52:141
62|1.1|636147901103718088|884204|49617.1171875|12.01014687937|100.21611054265|-58016|-185333||49617.1171875|349.75||34981.25|347.5|49617.1171875|884204|BKP264|0|2609|0|||3|3|0|1|1|132|18|["132,18,5,3720","132,210,2,2124","132,82,5"]|636148144171170000|13:46:57:117
62|1.1|636147901153653081|884204|49622.1171875|12.02061820769|100.21857280684|-57745|-184175||49622.1171875|350||34987.5|347.5|49622.1171875|884204|BKP264|0|2609|0|||3|3|0|1|1|132|18|["132,18,5,3720","132,210,2,2124","132,82,5"]|636148144221170000|13:47:02:117
62|1.1|636147901203718087|884204|49627.1015625|12.03077303582|100.22098679134|-57480|-183051||49627.1015625|350||35000|347.75|49627.1015625|884204|BKP264|0|2609|0|||3|3|0|1|1|132|5|["132,18,5,3720","132,210,2,2124","132,82,5"]|636148144271020000|13:47:07:102
62|1.1|636147901253493064|884204|49632.1015625|12.04127118619|100.22350806404|-57203|-181890||49632.1015625|350||35006.25|347.75|49632.1015625|884204|BKP264|0|2609|0|||3|3|0|1|1|132|5|["132,18,5,3720","132,210,2,2124","132,82,5"]|636148144321020000|13:47:12:102
62|1.1|636147901303408055|884204|49637.1015625|12.05126508202|100.22588986208|-56941|-180785||49637.1015625|350||35000|347.75|49637.1015625|884204|BKP264|0|2609|0|||3|3|0|1|1|132|18|["132,18,5,3720","132,210,2,2124","132,82,5"]|636148144371020000|13:47:17:102
62|1.1|636147901353353049|884204|49642.078125|12.06259471594|100.22860961795|-56643|-179532||49642.078125|350||35000|347.75|49642.078125|884204|BKP264|0|2609|0|||3|3|0|1|1|132|83|["132,18,5,3720","132,210,2,2124","132,82,5"]|636148144420780000|13:47:22:078
62|1.1|636147901403278041|884204|49647.078125|12.07178395027|100.23078756841|-56403|-178516||49647.078125|350||35006.25|347.75|49647.078125|884204|BKP264|0|2609|0|||3|3|0|1|1|132|18|["132,18,5,3720","132,210,2,2124","132,82,5"]|636148144470780000|13:47:27:078
62|1.1|636147901453193032|884204|49652.0625|12.0830653045|100.2334107649|-56115|-177268||49652.0625|350.25||35006.25|347.75|49652.0625|884204|BKP264|0|2609|0|||3|3|0|1|1|132|18|["132,18,5,3720","132,210,2,2124","132,82,5"]|636148144520630000|13:47:32:063
62|1.1|636147901503108023|884204|49657.0625|12.09373511599|100.23591594437|-55840|-176088||49657.0625|350||35018.75|347.75|49657.0625|884204|BKP264|0|2609|0|||3|3|0|1|1|132|18|["132,18,5,3720","132,210,2,2124","132,82,5"]|636148144570630000|13:47:37:063
62|1.1|636147901553013013|884204|49662.0625|12.10434591897|100.23863033583|-55542|-174914||49662.0625|350||35000|347.75|49662.0625|884204|BKP264|0|2609|0|||3|3|0|1|1|132|5|["132,18,5,3720","132,210,2,2124","132,82,5"]|636148144620630000|13:47:42:063
62|1.1|636147901602938005|884204|49667.0390625|12.11318110224|100.24078146424|-55306|-173938||49667.0390625|349.75||34981.25|347.75|49667.0390625|884204|BKP264|0|2609|0|||3|3|0|1|1|132|5|["132,18,5,3720","132,210,2,2124","132,82,5"]|636148144670390000|13:47:47:039
62|1.1|636147901652862997|884204|49672.0390625|12.1241566851|100.24343148278|-55015|-172724||49672.0390625|349||34937.5|347|49672.0390625|884204|BKP264|0|2609|0|||3|3|0|1|1|132|83|["132,18,5,3720","132,210,2,2124","132,82,5"]|636148144720390000|13:47:52:039
62|1.1|636147901702797990|884204|49677.015625|12.13393064012|100.24568453498|-54768|-171643||49677.015625|348.5||34881.25|346|49677.015625|884204|BKP264|0|2609|0|||3|3|0|1|1|132|83|["132,18,5,3720","132,210,2,2124","132,82,5"]|636148144770160000|13:47:57:016
62|1.1|636147901752702980|884204|49682.015625|12.14431613788|100.2481628924|-54496|-170494||49682.015625|347.75||34843.75|345|49682.015625|884204|BKP264|0|2609|0|||3|3|0|1|1|132|18|["132,18,5,3720","132,210,2,2124","132,82,5"]|636148144820160000|13:48:02:016
62|1.1|636147901802627972|884204|49687.015625|12.15475527974|100.2506841651|-54219|-169340||49687.015625|347||34806.25|344.5|49687.015625|884204|BKP264|0|2609|-981.25|||3|3|2|1|1|132|18|["132,18,5,3720","132,210,2,2124","132,82,5"]|636148144870160000|13:48:07:016
62|1.1|636147901852562965|884204|49692|12.16411081078|100.25295331053|-53970|-168305||49692|346.25||34637.5|343.75|49692|884204|BKP264|0|2609|-887.5|||3|3|2|1|1|132|18|["132,18,5,3720","132,210,2,2124","132,82,5"]|636148144920000000|13:48:12:000
62|1.1|636147901902627971|884204|49697|12.17512394451|100.25544239677|-53696|-167087||49697|345.5||34550|343|49697|884204|BKP264|0|2609|-868.75|||3|3|2|1|1|132|18|["132,18,5,3720","132,210,2,2124","132,82,5"]|636148144970000000|13:48:17:000
62|1.1|636147901952392947|884204|49701.9765625|12.18579912041|100.2579261186|-53424|-165906||49701.9765625|345||34475|342.25|49701.9765625|884204|BKP264|0|2609|-768.75|||3|3|2|1|1|132|18|["132,18,5,3720","132,210,2,2124","132,82,5"]|636148145019770000|13:48:21:977
62|1.1|636147902002317939|884204|49706.9765625|12.19630263519|100.2603937472|-53153|-164745||49706.9765625|344||34393.75|342|49706.9765625|884204|BKP264|0|2609|-587.5|||3|3|2|1|1|132|83|["132,18,5,3720","132,210,2,2124","132,82,5"]|636148145069770000|13:48:26:977
62|1.1|636147902052252932|884204|49711.9765625|12.20675787028|100.2628613758|-52882|-163588||49711.9765625|343.5||34318.75|341.25|49711.9765625|884204|BKP264|0|2609|-687.5|||3|3|2|1|1|132|18|["132,18,5,3720","132,210,2,2124","132,82,5"]|636148145119770000|13:48:31:977
62|1.1|636147902102167923|884204|49716.9609375|12.21582908759|100.26520025856|-52626|-162585||49716.9609375|342.25||34212.5|340.25|49716.9609375|884204|BKP264|0|2609|-868.75|||3|3|2|1|1|132|18|["132,18,5,3720","132,210,2,2124","132,82,5"]|636148145169610000|13:48:36:961
62|1.1|636147902152092915|884204|49721.9609375|12.22580152578|100.2676357007|-52359|-161482||49721.9609375|341||34125|338.5|49721.9609375|884204|BKP264|0|2609|-1337.5|||3|3|2|1|1|132|18|["132,18,5,3720","132,210,2,2124","132,82,5"]|636148145219610000|13:48:41:961
62|1.1|636147902202007906|884204|49726.9375|12.23675028659|100.27008723607|-52090|-160271||49726.9375|339.5||33968.75|337|49726.9375|884204|BKP264|0|2609|-1656.25|||3|3|2|1|1|132|18|["132,18,5,3720","132,210,2,2124","132,82,5"]|636148145269380000|13:48:46:938
62|1.1|636147902251922897|884204|49731.9375|12.24601462266|100.27240466119|-51836|-159247||49731.9375|337.75||33781.25|335.25|49731.9375|884204|BKP264|0|2609|-1750|||3|3|2|1|1|132|18|["132,18,5,3720","132,210,2,2124","132,82,5"]|636148145319380000|13:48:51:938
62|1.1|636147902301847889|884204|49736.9375|12.2561211711|100.27486156097|-51566|-158129||49736.9375|335.25||33643.75|332.5|49736.9375|884204|BKP264|0|2609|-2443.75|||3|3|2|1|1|132|18|["132,18,5,3720","132,210,2,2124","132,82,5"]|636148145369380000|13:48:56:938
62|1.1|636147902351762880|884204|49741.921875|12.266796347|100.27732918957|-51296|-156948||49741.921875|332.75||33487.5|329.75|49741.921875|884204|BKP264|0|2609|-2931.25|||3|3|2|1|1|132|18|["132,18,5,3720","132,210,2,2124","132,82,5"]|636148145419220000|13:49:01:922
62|1.1|636147902401687872|884204|49746.921875|12.27832446409|100.27992556401|-51011|-155673||49746.921875|330.5||33006.25|327.25|49746.921875|884204|BKP264|0|2609|-2975|||3|3|2|1|1|132|18|["132,18,5,3720","132,210,2,2124","132,82,5"]|636148145469220000|13:49:06:922
62|1.1|636147902451612864|884204|49751.8984375|12.28882261446|100.28246292994|-50732|-154512||49751.8984375|327.25||32731.25|325.25|49751.8984375|884204|BKP264|0|2609|-2756.25|||3|3|2|1|1|132|83|["132,18,5,3720","132,210,2,2124","132,82,5"]|636148145518980000|13:49:11:898
62|1.1|636147902501537856|884204|49756.8984375|12.29845709482|100.28470525332|-50487|-153447||49756.8984375|325.75||32506.25|322.75|49756.8984375|884204|BKP264|0|2609|-2812.5|||3|3|2|1|1|132|18|["132,18,5,3720","132,210,2,2124","132,82,5"]|636148145568980000|13:49:16:898
62|1.1|636147902551472849|884204|49761.8984375|12.30892305873|100.28717288192|-50216|-152289||49761.8984375|323.25||32262.5|320.25|49761.8984375|884204|BKP264|0|2609|-2856.25|||3|3|2|1|1|132|18|["132,18,5,3720","132,210,2,2124","132,82,5"]|636148145618980000|13:49:21:898
62|1.1|636147902601377839|884204|49766.875|12.319367565|100.28965123934|-49944|-151134||49766.875|320.75||32018.75|317.75|49766.875|884204|BKP264|0|2609|-2931.25|||3|3|2|1|1|132|18|["132,18,5,3720","132,210,2,2124","132,82,5"]|636148145668750000|13:49:26:875
62|1.1|636147902651302831|884204|49771.875|12.32983889332|100.29218324086|-49667|-149976||49771.875|318.25||31775|315.25|49771.875|884204|BKP264|0|2609|-2950|||3|3|2|1|1|132|18|["132,18,5,3720","132,210,2,2124","132,82,5"]|636148145718750000|13:49:31:875
62|1.1|636147902701217822|884204|49776.859375|12.34024584872|100.29483862381|-49376|-148825||49776.859375|315.75||31531.25|312.75|49776.859375|884204|BKP264|0|2609|-2993.75|||3|3|2|1|1|132|18|["132,18,5,3720","132,210,2,2124"]|636148145768590000|13:49:36:859
62|1.1|636147902751142814|884204|49781.859375|12.35060452443|100.29808945627|-49020|-147680||49781.859375|312.5||31256.25|310|49781.859375|884204|BKP264|0|2609|-3050|||3|3|2|1|1|132|5|["132,18,5,3720","132,210,2,2124"]|636148145818590000|13:49:41:859
62|1.1|636147902801057805|884204|49786.859375|12.36029264889|100.29962367753|-48852|-146608||49786.859375|310.5||31006.25|307.75|49786.859375|884204|BKP264|0|2609|-2993.75|||3|3|2|1|1|132|18|["132,18,5,3720","132,210,2,2124"]|636148145868590000|13:49:46:859
62|1.1|636147902850982797|884204|49791.8359375|12.37060840932|100.302128857|-48577|-145467||49791.8359375|308||30756.25|305|49791.8359375|884204|BKP264|0|2609|-3012.5|||3|3|2|1|1|132|18|["132,18,5,3720","132,210,2,2124"]|636148145918360000|13:49:51:836
62|1.1|636147902900907789|884204|49796.8359375|12.38122994112|100.3050792825|-48254|-144293||49796.8359375|305.5||30493.75|302.5|49796.8359375|884204|BKP264|0|2609|-3031.25|||3|3|2|1|1|132|18|["132,18,5,3720","132,210,2,2124"]|636148145968360000|13:49:56:836
62|1.1|636147902950822780|884204|49801.8203125|12.39148669304|100.3070641142|-48036|-143158||49801.8203125|303||30250|300.25|49801.8203125|884204|BKP264|0|2609|-2975|||3|3|2|1|1|132|18|["132,18,5,3720","132,210,2,2124"]|636148146018200000|13:50:01:820
62|1.1|636147903000757773|884204|49806.8203125|12.4031596492|100.30962293777|-47756|-141867||49806.8203125|299.75||29975|297.75|49806.8203125|884204|BKP264|0|2609|-2950|||3|3|2|1|1|132|5|["132,18,5,3720","132,210,2,2124"]|636148146068200000|13:50:06:820
62|1.1|636147903050672764|884204|49811.8203125|12.41160323054|100.31165604916|-47533|-140933||49811.8203125|298||29750|295.25|49811.8203125|884204|BKP264|0|2609|-2950|||3|3|2|1|1|132|18|["132,18,5,3720","132,210,2,2124"]|636148146118200000|13:50:11:820
62|1.1|636147903100587755|884204|49816.796875|12.42172587221|100.31405394043|-47270|-139814||49816.796875|295.75||29506.25|292.75|49816.796875|884204|BKP264|0|2609|-2950|||3|3|2|1|1|132|18|["132,18,5,3720","132,210,2,2124"]|636148146167970000|13:50:16:797
62|1.1|636147903150512747|884204|49821.796875|12.43327544694|100.31660739959|-46990|-138536||49821.796875|293.5||29275|290.5|49821.796875|884204|BKP264|0|2609|-2931.25|||3|3|2|1|1|132|18|["132,18,5,3720","132,210,2,2124"]|636148146217970000|13:50:21:797
62|1.1|636147903200437739|884204|49826.78125|12.44390770756|100.31903747732|-46724|-137360||49826.78125|291.5||29031.25|288.5|49826.78125|884204|BKP264|0|2609|-2812.5|||3|3|2|1|1|132|18|["132,18,5,3720","132,210,2,2124"]|636148146267810000|13:50:26:781
62|1.1|636147903250352730|884204|49831.78125|12.45470090048|100.32150510592|-46454|-136167||49831.78125|289.5||28787.5|286.5|49831.78125|884204|BKP264|0|2609|-2600|||3|3|2|1|1|132|18|["132,18,5,3720","132,210,2,2124"]|636148146317810000|13:50:31:781
62|1.1|636147903300277722|884204|49836.78125|12.46580522918|100.32403710744|-46176|-134938||49836.78125|287.5||28556.25|284.75|49836.78125|884204|BKP264|0|2609|-2443.75|||3|3|2|1|1|132|18|["132,18,5,3720","132,210,2,2124"]|636148146367810000|13:50:36:781
62|1.1|636147903350192713|884204|49841.7578125|12.47716168515|100.32660129542|-45896|-133683||49841.7578125|285.5||28368.75|282.75|49841.7578125|884204|BKP264|0|2609|-2381.25|||3|3|2|1|1|132|18|["132,18,5,3720","132,210,2,2124"]|636148146417580000|13:50:41:758
62|1.1|636147903400117705|884204|49846.7578125|12.48814263242|100.32922449191|-45608|-132468||49846.7578125|283.5||28193.75|280.75|49846.7578125|884204|BKP264|0|2609|-2362.5|||3|3|2|1|1|132|18|["132,18,5,3720","132,210,2,2124"]|636148146467580000|13:50:46:758
62|1.1|636147903450042697|884204|49851.7421875|12.49865151161|100.33250214642|-45250|-131306||49851.7421875|281.5||28025|278.75|49851.7421875|884204|BKP264|0|2609|-2381.25|||3|3|2|1|1|132|18|["132,18,5,3720","132,210,2,2124"]|636148146517420000|13:50:51:742
62|1.1|636147903499957688|884204|49856.7421875|12.50917111962|100.33557058894|-44915|-130143||49856.7421875|279.5||27850|276.75|49856.7421875|884204|BKP264|0|2609|-2381.25|||3|3|2|1|1|132|18|["132,18,5,3720","132,210,2,2124"]|636148146567420000|13:50:56:742
62|1.1|636147903549892681|884204|49861.7421875|12.51964781235|100.33857465854|-44586|-128984||49861.7421875|277.25||27662.5|274.75|49861.7421875|884204|BKP264|0|2609|-2418.75|||3|3|2|1|1|132|18|["132,18,5,3720","132,210,2,2124"]|636148146617420000|13:51:01:742
62|1.1|636147903599807672|884204|49866.71875|12.52993138632|100.34184694864|-44229|-127847||49866.71875|275.25||27475|272.5|49866.71875|884204|BKP264|0|2609|-2462.5|||3|3|2|1|1|132|18|["132,18,5,3720","132,210,2,2124"]|636148146667190000|13:51:06:719
62|1.1|636147903649732664|884204|49871.71875|12.54030615526|100.34442186544|-43947|-126700||49871.71875|273.25||27287.5|270.5|49871.71875|884204|BKP264|0|2609|-2481.25|||3|3|2|1|1|132|18|["132,18,5,3720","132,210,2,2124"]|636148146717190000|13:51:11:719
62|1.1|636147903699647655|884204|49876.6953125|12.55061118687|100.34698068901|-43667|-125560||49876.6953125|271.25||27093.75|268.5|49876.6953125|884204|BKP264|0|2609|-2462.5|||3|3|2|1|1|132|18|["132,18,5,3720","132,210,2,2124"]|636148146766950000|13:51:16:695
62|1.1|636147903749572647|884204|49881.6953125|12.56087866761|100.3496038855|-43380|-124425||49881.6953125|269.25||26900|266.5|49881.6953125|884204|BKP264|0|2609|-2418.75|||3|3|2|1|1|132|18|["132,18,5,3720","132,210,2,2124"]|636148146816950000|13:51:21:695
62|1.1|636147903799497639|884204|49886.6953125|12.57108713984|100.35228072609|-43087|-123295||49886.6953125|267.25||26706.25|264.75|49886.6953125|884204|BKP264|0|2609|-2362.5|||3|3|2|1|1|132|18|["132,18,5,3720","132,210,2,2124"]|636148146866950000|13:51:26:695
62|1.1|636147903849412630|884204|49891.6796875|12.58130097648|100.35483954966|-42808|-122166||49891.6796875|265||26493.75|262.5|49891.6796875|884204|BKP264|0|2609|-2418.75|||3|3|2|1|1|132|18|["132,18,5,3720","132,210,2,2124"]|636148146916800000|13:51:31:680
62|1.1|636147903899337622|884204|49896.6796875|12.59150944871|100.35725353416|-42543|-121037||49896.6796875|263.25||26300|260.5|49896.6796875|884204|BKP264|0|2609|-2381.25|||3|3|2|1|1|132|18|["132,18,5,3720","132,210,2,2124"]|636148146966800000|13:51:36:680
62|1.1|636147903949262614|884204|49901.65625|12.60177156504|100.35951731518|-42296|-119902||49901.65625|261.25||26100|258.75|49901.65625|884204|BKP264|0|2609|-2281.25|||3|3|2|1|1|132|18|["132,18,5,3720","132,210,2,2124"]|636148147016560000|13:51:41:656
62|1.1|636147903999177605|884204|49906.65625|12.61193175758|100.3620493167|-42019|-118778||49906.65625|259||25887.5|256.5|49906.65625|884204|BKP264|0|2609|-2400|||3|3|2|1|1|132|18|["132,18,5,3720","132,210,2,2124"]|636148147066560000|13:51:46:656
62|1.1|636147904049102597|884204|49911.65625|12.62224751801|100.36464569114|-41735|-117637||49911.65625|258||25693.75|254.5|49911.65625|884204|BKP264|0|2609|-2381.25|||3|3|2|1|1|132|5|["132,18,5,3720","132,210,2,2124"]|636148147116560000|13:51:51:656
62|1.1|636147904099047591|884204|49916.640625|12.63113098097|100.36472079288|-41725|-116654||49916.640625|255||25481.25|252.5|49916.640625|884204|BKP264|0|2609|-2400|||3|3|2|1|1|132|18|["132,18,5,3720","132,210,2,2124"]|636148147166410000|13:51:56:641
62|1.1|636147904148942580|884204|49921.640625|12.64205291973|100.36666807371|-41512|-115446||49921.640625|252.75||25250|250|49921.640625|884204|BKP264|0|2609|-2500|||3|3|2|1|1|132|18|["132,18,5,3720","132,210,2,2124"]|636148147216410000|13:52:01:641
62|1.1|636147904198867572|884204|49926.6171875|12.65152110338|100.36880310889|-41278|-114399||49926.6171875|250.75||25062.5|248.25|49926.6171875|884204|BKP264|0|2609|-2462.5|||3|3|2|1|1|132|5|["132,18,5,3720","132,210,2,2124"]|636148147266170000|13:52:06:617
62|1.1|636147904248802565|884204|49931.6171875|12.66162765182|100.37096496612|-41042|-113281||49931.6171875|250||24862.5|246.25|49931.6171875|884204|BKP264|0|2609|-2462.5|||3|3|2|1|1|132|210|["132,18,5,3720","132,210,2,2124"]|636148147316170000|13:52:11:617
62|1.1|636147904298717556|884204|49936.6171875|12.67125676777|100.37323947596|-40793|-112216||49936.6171875|248||24650|244|49936.6171875|884204|BKP264|0|2609|-2500|||3|3|2|1|1|132|210|["132,18,5,3720","132,210,2,2124"]|636148147366170000|13:52:16:617
62|1.1|636147904348652549|884204|49941.6015625|12.68111655335|100.3755676299|-40539|-111126||49941.6015625|246||24437.5|242|49941.6015625|884204|BKP264|0|2609|-2481.25|||3|3|2|1|1|132|210|["132,18,5,3720","132,210,2,2124"]|636148147416020000|13:52:21:602
62|1.1|636147904398557539|884204|49946.6015625|12.69212968708|100.37806208055|-40266|-109907||49946.6015625|244||24200|240|49946.6015625|884204|BKP264|0|2609|-2518.75|||3|3|2|1|1|132|210|["132,18,5,3720","132,210,2,2124"]|636148147466020000|13:52:26:602
62|1.1|636147904448482531|884204|49951.578125|12.70250982043|100.38037950567|-40012|-108760||49951.578125|242||23981.25|237.5|49951.578125|884204|BKP264|0|2609|-2537.5|||3|3|2|1|1|132|210|["132,18,5,3720","132,210,2,2124"]|636148147515780000|13:52:31:578
62|1.1|636147904498397522|884204|49956.578125|12.71161858861|100.38283640545|-39744|-107752||49956.578125|238.25||23812.5|235.75|49956.578125|884204|BKP264|0|2609|-2481.25|||3|3|2|1|1|132|5|["132,18,5,3720","132,210,2,2124"]|636148147565780000|13:52:36:578
62|1.1|636147904548342516|884204|49961.578125|12.72146228096|100.38521820349|-39484|-106664||49961.578125|238||23612.5|233.75|49961.578125|884204|BKP264|0|2609|-2481.25|||3|3|2|1|1|132|210|["132,18,5,3720","132,210,2,2124"]|636148147615780000|13:52:41:578
62|1.1|636147904598247506|884204|49966.5625|12.73132206654|100.38756245066|-39228|-105573||49966.5625|236||23406.25|231.75|49966.5625|884204|BKP264|0|2609|-2443.75|||3|3|2|1|1|132|210|["132,18,5,3720","132,210,2,2124"]|636148147665630000|13:52:46:563
62|1.1|636147904648162497|884204|49971.5625|12.74145543703|100.38999252839|-38962|-104453||49971.5625|232.75||23200|229.75|49971.5625|884204|BKP264|0|2609|-2400|||3|3|2|1|1|132|5|["132,18,5,3720","132,210,2,2124"]|636148147715630000|13:52:51:563
62|1.1|636147904698087489|884204|49976.5390625|12.75246857076|100.39247088581|-38691|-103234||49976.5390625|231||22975|227.5|49976.5390625|884204|BKP264|0|2609|-2500|||3|3|2|1|1|132|5|["132,18,5,3720","132,210,2,2124"]|636148147765390000|13:52:56:539
62|1.1|636147904748012481|884204|49981.5390625|12.76296672113|100.39489023472|-38427|-102073||49981.5390625|229||22756.25|225.25|49981.5390625|884204|BKP264|0|2609|-2556.25|||3|3|2|1|1|132|210|["132,18,5,3720","132,210,2,2124"]|636148147815390000|13:53:01:539
62|1.1|636147904797927472|884204|49986.5390625|12.77352924442|100.39733640568|-38160|-100905||49986.5390625|227||22543.75|223|49986.5390625|884204|BKP264|0|2609|-2600|||3|3|2|1|1|132|210|["132,18,5,3720","132,210,2,2124"]|636148147865390000|13:53:06:539
62|1.1|636147904847852464|884204|49991.515625|12.78168314762|100.39964846639|-37907|-100003||49991.515625|225||22362.5|221.25|49991.515625|884204|BKP264|0|2609|-2500|||3|3|2|1|1|132|210|["132,18,5,3720","132,210,2,2124"]|636148147915160000|13:53:11:516
62|1.1|636147904897777456|884204|49996.515625|12.79222957768|100.40210000176|-37639|-98837||49996.515625|221.75||22168.75|219.25|49996.515625|884204|BKP264|0|2609|-2400|||3|3|2|1|1|132|5|["132,18,5,3720","132,210,2,2124"]|636148147965160000|13:53:16:516
62|1.1|636147904947722450|884204|50001.5|12.8023253973|100.40448716421|-37379|-97720||50001.5|221||21956.25|217.5|50001.5|884204|BKP264|0|2609|-2418.75|||3|3|2|1|1|132|210|["132,18,5,3720","132,210,2,2124"]|636148148015000000|13:53:21:500
62|1.1|636147904997607438|884204|50006.5|12.81251241189|100.40691187753|-37114|-96593||50006.5|219||21756.25|215.25|50006.5|884204|BKP264|0|2609|-2443.75|||3|3|2|1|1|132|210|["132,18,5,3720","132,210,2,2124"]|636148148065000000|13:53:26:500
62|1.1|636147905047532430|884204|50011.5|12.82269942648|100.40939023495|-36843|-95467||50011.5|217||21550|213.25|50011.5|884204|BKP264|0|2609|-2462.5|||3|3|2|1|1|132|210|["132,18,5,3720","132,210,2,2124"]|636148148115000000|13:53:31:500
62|1.1|636147905097457422|884204|50016.4765625|12.83277378846|100.41187395678|-36572|-94353||50016.4765625|215||21350|211.25|50016.4765625|884204|BKP264|0|2609|-2443.75|||3|3|2|1|1|132|210|["132,18,5,3720","132,210,2,2124"]|636148148164770000|13:53:36:477
62|1.1|636147905147372413|884204|50021.4765625|12.84257456553|100.41474928054|-36258|-93269||50021.4765625|213||21143.75|209.25|50021.4765625|884204|BKP264|0|2609|-2418.75|||3|3|2|1|1|132|210|["132,18,5,3720","132,210,2,2124"]|636148148214770000|13:53:41:477
62|1.1|636147905197297405|884204|50026.4609375|12.85075529078|100.4166590105|-36050|-92364||50026.4609375|211||20968.75|207.25|50026.4609375|884204|BKP264|0|2609|-2381.25|||3|3|2|1|1|132|210|["132,18,5,3720","132,210,2,2124"]|636148148264610000|13:53:46:461
62|1.1|636147905247222397|884204|50031.4609375|12.86059361872|100.41929830022|-35762|-91276||50031.4609375|209||20762.5|205.25|50031.4609375|884204|BKP264|0|2609|-2443.75|||3|3|2|1|1|132|210|["132,18,5,3720","132,210,2,2124"]|636148148314610000|13:53:51:461
62|1.1|636147905297157390|884204|50036.4609375|12.87053923486|100.42185712379|-35483|-90176||50036.4609375|207||20550|203|50036.4609375|884204|BKP264|0|2609|-2481.25|||3|3|2|1|1|132|210|["132,18,5,3720","132,210,2,2124"]|636148148364610000|13:53:56:461
62|1.1|636147905347062380|884204|50041.4375|12.88050630864|100.42441058295|-35204|-89073||50041.4375|205||20343.75|201|50041.4375|884204|BKP264|0|2609|-2481.25|||3|3|2|1|1|132|210|["132,18,5,3720","132,210,2,2124"]|636148148414380000|13:54:01:438
62|1.1|636147905396987372|884204|50046.4375|12.89032317894|100.42744683901|-34873|-87988||50046.4375|202.75||20137.5|199.5|50046.4375|884204|BKP264|0|2609|-2281.25|||3|3|2|1|1|132|5|["132,18,5,3720","132,210,2,2124"]|636148148464380000|13:54:06:438
62|1.1|636147905446912364|884204|50051.421875|12.89994693048|100.43053137476|-34537|-86923||50051.421875|202||19968.75|198|50051.421875|884204|BKP264|0|2609|-2050|||3|3|2|1|1|132|210|["132,18,5,3720","132,210,2,2124"]|636148148514220000|13:54:11:422
62|1.1|636147905496827355|884204|50056.421875|12.90925954624|100.4341469871|-34143|-85894||50056.421875|201||19843.75|198|50056.421875|884204|BKP264|0|2609|-1281.25|||3|3|2|1|1|132|210|["132,18,5,3720","132,210,2,2124"]|636148148564220000|13:54:16:422
62|1.1|636147905546752347|884204|50061.421875|12.91651759297|100.43876574411|-33641|-85091||50061.421875|199.75||19931.25|197.5|50061.421875|884204|BKP264|0|2609|-981.25|||3|3|2|1|1|132|5|["132,18,5,3720","132,210,2,2124"]|636148148614220000|13:54:21:422
62|1.1|636147905596677339|884204|50066.3984375|12.92466076735|100.44285878894|-33196|-84191||50066.3984375|199||19868.75|196.5|50066.3984375|884204|BKP264|0|2609|-962.5|||3|3|2|1|1|132|5|["132,18,5,3720","132,210,2,2124"]|636148148663980000|13:54:26:398
62|1.1|636147905646592330|884204|50071.3984375|12.93236406011|100.44703229992|-32742|-83339||50071.3984375|198.25||19806.25|196|50071.3984375|884204|BKP264|0|2609|-925|||3|3|2|1|1|132|5|["132,18,5,3720","132,210,2,2124"]|636148148713980000|13:54:31:398
62|1.1|636147905696527323|884204|50076.375|12.9412099722|100.45206948091|-32194|-82361||50076.375|197.5||19725|195|50076.375|884204|BKP264|0|2609|-943.75|||3|3|2|1|1|132|5|["132,18,5,3720","132,210,2,2124"]|636148148763750000|13:54:36:375
62|1.1|636147905746442314|884204|50081.375|12.94912247695|100.45649511916|-31713|-81486||50081.375|197||19662.5|194.25|50081.375|884204|BKP264|0|2609|-925|||3|3|2|1|1|132|5|["132,18,5,3720","132,210,2,2124"]|636148148813750000|13:54:41:375
62|1.1|636147905796367306|884204|50086.375|12.95676139679|100.46081346921|-31243|-80642||50086.375|196.25||19587.5|193.5|50086.375|884204|BKP264|0|2609|-906.25|||3|3|2|1|1|132|5|["132,18,5,3720","132,210,2,2124"]|636148148863750000|13:54:46:375
62|1.1|636147905846282297|884204|50091.359375|12.96540882571|100.46543222622|-30741|-79686||50091.359375|195.5||19500|192.75|50091.359375|884204|BKP264|0|2609|-925|||3|3|2|1|1|132|5|["132,18,5,3720","132,210,2,2124"]|636148148913590000|13:54:51:359
62|1.1|636147905896227291|884204|50096.359375|12.97412062755|100.4707322633|-30165|-78722||50096.359375|194||19368.75|191.75|50096.359375|884204|BKP264|0|2609|-962.5|||3|3|2|1|1|132|5|["132,18,5,3720","132,210,2,2124"]|636148148963590000|13:54:56:359
62|1.1|636147905946132281|884204|50101.3359375|12.98226380193|100.47461609614|-29742|-77822||50101.3359375|193.25||19287.5|191|50101.3359375|884204|BKP264|0|2609|-1025|||3|3|2|1|1|132|5|["132,18,5,3720","132,210,2,2124"]|636148149013360000|13:55:01:336
62|1.1|636147905996057273|884204|50106.3359375|12.99088977321|100.4789934547|-29266|-76868||50106.3359375|192.75||19218.75|190|50106.3359375|884204|BKP264|0|2609|-1025|||3|3|2|1|1|132|5|["132,18,5,3720","132,210,2,2124"]|636148149063360000|13:55:06:336
62|1.1|636147906045972264|884204|50111.3359375|12.99920460871|100.4831776945|-28812|-75949||50111.3359375|192||19143.75|189.25|50111.3359375|884204|BKP264|0|2609|-1006.25|||3|3|2|1|1|132|5|["132,18,5,3720","132,210,2,2124"]|636148149113360000|13:55:11:336
62|1.1|636147906095897256|884204|50116.3203125|13.00625344345|100.48694887473|-28402|-75169||50116.3203125|191.5||19093.75|189|50116.3203125|884204|BKP264|0|2609|-943.75|||3|3|2|1|1|132|5|["132,18,5,3720"]|636148149163200000|13:55:16:320
62|1.1|636147906145812247|884204|50121.3203125|13.01383335478|100.49056448707|-28008|-74331||50121.3203125|190.25||19025|188.25|50121.3203125|884204|BKP264|0|2609|-906.25|||3|3|2|1|1|132|5|["132,18,5,3720"]|636148149213200000|13:55:21:320
62|1.1|636147906195737239|884204|50126.296875|13.02110749474|100.49430348084|-27602|-73527||50126.296875|189.5||18950|187.5|50126.296875|884204|BKP264|0|2609|-887.5|||3|3|2|1|1|132|5|["132,18,5,3720"]|636148149262970000|13:55:26:297
62|1.1|636147906245652230|884204|50131.296875|13.0285962111|100.49812830517|-27186|-72699||50131.296875|189||18887.5|186.75|50131.296875|884204|BKP264|0|2609|-843.75|||3|3|2|1|1|132|5|["132,18,5,3720"]|636148149312970000|13:55:31:297
62|1.1|636147906295597224|884204|50136.296875|13.03683058045|100.50224817205|-26739|-71788||50136.296875|188.5||18818.75|186.25|50136.296875|884204|BKP264|0|2609|-825|||3|3|2|1|1|132|5|["132,18,5,3720"]|636148149362970000|13:55:36:297
62|1.1|636147906345502214|884204|50141.28125|13.0447967293|100.50627684396|-26301|-70907||50141.28125|187.75||18737.5|185.5|50141.28125|884204|BKP264|0|2609|-843.75|||3|3|2|1|1|132|5|["132,18,5,3720"]|636148149412810000|13:55:41:281
62|1.1|636147906395427206|884204|50146.28125|13.05167926733|100.50996219363|-25900|-70146||50146.28125|187.25||18675|184.75|50146.28125|884204|BKP264|0|2609|-825|||3|3|2|1|1|132|5|["132,18,5,3720"]|636148149462810000|13:55:46:281
62|1.1|636147906445342197|884204|50151.2578125|13.05943083978|100.51392112821|-25470|-69289||50151.2578125|186.75||18618.75|184.25|50151.2578125|884204|BKP264|0|2609|-825|||3|3|2|1|1|132|5|["132,18,5,3720"]|636148149512580000|13:55:51:258
62|1.1|636147906495267189|884204|50156.2578125|13.06655477626|100.51769767285|-25060|-68501||50156.2578125|185.75||18568.75|183.75|50156.2578125|884204|BKP264|0|2609|-731.25|||3|3|2|1|1|132|5|["132,18,5,3720"]|636148149562580000|13:55:56:258
62|1.1|636147906545192181|884204|50161.2578125|13.07375917889|100.52140448016|-24657|-67704||50161.2578125|185||18500|183|50161.2578125|884204|BKP264|0|2609|-750|||3|3|2|1|1|132|5|["132,18,5,3720"]|636148149612580000|13:56:01:258
62|1.1|636147906595107172|884204|50166.2421875|13.08030375909|100.52492889753|-24274|-66981||50166.2421875|184.25||18418.75|182.25|50166.2421875|884204|BKP264|0|2609|-787.5|||3|3|2|1|1|132|5|["132,18,5,3720"]|636148149662420000|13:56:06:242
62|1.1|636147906645042165|884204|50171.2421875|13.08714874625|100.52852841664|-23883|-66224||50171.2421875|183.25||18312.5|181.5|50171.2421875|884204|BKP264|0|2609|-843.75|||3|3|2|1|1|132|5|["132,18,5,3720"]|636148149712420000|13:56:11:242
62|1.1|636147906694957156|884204|50176.21875|13.09474475081|100.5323693342|-23466|-65384||50176.21875|182||18162.5|180.25|50176.21875|884204|BKP264|0|2609|-1237.5|||3|3|2|1|1|132|5|["132,18,5,3720"]|636148149762190000|13:56:16:219
62|1.1|636147906744872147|884204|50181.21875|13.1022495604|100.53620488735|-23049|-64554||50181.21875|181||18012.5|178.25|50181.21875|884204|BKP264|0|2609|-1493.75|||3|3|2|1|1|132|5|["132,18,5,3720"]|636148149812190000|13:56:21:219
62|1.1|636147906794797139|884204|50186.21875|13.10872440327|100.53970248267|-22669|-63838||50186.21875|178.5||17856.25|176.5|50186.21875|884204|BKP264|0|2609|-1556.25|||3|3|2|1|1|132|5|["132,18,5,3720"]|636148149862190000|13:56:26:219
62|1.1|636147906844742133|884204|50191.1953125|13.11568740745|100.54321080681|-22288|-63068||50191.1953125|177.5||17718.75|175|50191.1953125|884204|BKP264|0|2609|-1593.75|||3|3|2|1|1|132|5|["132,18,5,3720"]|636148149911950000|13:56:31:195
62|1.1|636147906894637122|884204|50196.1953125|13.12243583523|100.54673522418|-21905|-62322||50196.1953125|176.25||17593.75|173.75|50196.1953125|884204|BKP264|0|2609|-1593.75|||3|3|2|1|1|132|5|["132,18,5,3720"]|636148149961950000|13:56:36:195
62|1.1|636147906944562114|884204|50201.1796875|13.12917353419|100.5502328195|-21525|-61576||50201.1796875|175||17456.25|172.25|50201.1796875|884204|BKP264|0|2609|-1593.75|||3|3|2|1|1|132|5|["132,18,5,3720"]|636148150011800000|13:56:41:180
62|1.1|636147906994487106|884204|50206.1796875|13.13591659756|100.55373041482|-21145|-60831||50206.1796875|173.75||17306.25|170.75|50206.1796875|884204|BKP264|0|2609|-1693.75|||3|3|2|1|1|132|5|["132,18,5,3720"]|636148150061800000|13:56:46:180
62|1.1|636147907044422099|884204|50211.1796875|13.14357161063|100.55760888325|-20724|-59984||50211.1796875|172.75||17162.5|169.25|50211.1796875|884204|BKP264|0|2609|-1693.75|||3|3|2|1|1|132|5|["132,18,5,3720"]|636148150111800000|13:56:51:180
62|1.1|636147907094327089|884204|50216.15625|13.15056143686|100.56129423292|-20324|-59211||50216.15625|171.25||17106.25|169.25|50216.15625|884204|BKP264|0|2609|-1100|||3|3|2|1|1|132|5|["132,18,5,3720"]|636148150161560000|13:56:56:156
62|1.1|636147907144252081|884204|50221.15625|13.15757272073|100.56489375203|-19933|-58435||50221.15625|170.5||17025|168|50221.15625|884204|BKP264|0|2609|-1125|||3|3|2|1|1|132|5|["132,18,5,3720"]|636148150211560000|13:57:01:156
62|1.1|636147907194177073|884204|50226.140625|13.16478248777|100.56862738139|-19528|-57639||50226.140625|169.5||16912.5|167|50226.140625|884204|BKP264|0|2609|-1237.5|||3|3|2|1|1|132|5|["132,18,5,3720"]|636148150261410000|13:57:06:141
62|1.1|636147907244092064|884204|50231.140625|13.17130561033|100.5721196123|-19149|-56917||50231.140625|168.75||16812.5|166|50231.140625|884204|BKP264|0|2609|-1262.5|||3|3|2|1|1|132|5|["132,18,5,3720"]|636148150311410000|13:57:11:141
62|1.1|636147907294017056|884204|50236.140625|13.17784482612|100.57561720762|-18769|-56193||50236.140625|167.75||16718.75|165|50236.140625|884204|BKP264|0|2609|-1218.75|||3|3|2|1|1|132|5|["132,18,5,3720"]|636148150361410000|13:57:16:141
62|1.1|636147907343962050|884204|50241.1171875|13.18428211812|100.57897532828|-18404|-55482||50241.1171875|167||16606.25|163.75|50241.1171875|884204|BKP264|0|2609|-1237.5|||3|3|2|1|1|132|18|["132,18,5,3720"]|636148150411170000|13:57:21:117
62|1.1|636147907393857039|884204|50246.1171875|13.1918352074|100.58274650851|-17995|-54646||50246.1171875|165.75||16468.75|162.75|50246.1171875|884204|BKP264|0|2609|-1318.75|||3|3|2|1|1|132|18|["132,18,5,3720"]|636148150461170000|13:57:26:117
62|1.1|636147907443782031|884204|50251.1015625|13.19813302474|100.58614754445|-17626|-53950||50251.1015625|163.25||16318.75|161|50251.1015625|884204|BKP264|0|2609|-1518.75|||3|3|2|1|1|132|5|["132,18,5,3720"]|636148150511020000|13:57:31:102
62|1.1|636147907493697022|884204|50256.1015625|13.20488145252|100.58974706356|-17235|-53204||50256.1015625|162.75||16187.5|159.75|50256.1015625|884204|BKP264|0|2609|-1518.75|||3|3|2|1|1|132|18|["132,18,5,3720"]|636148150561020000|13:57:36:102
62|1.1|636147907543622014|884204|50261.1015625|13.21156550738|100.59330366739|-16849|-52464||50261.1015625|161.5||16056.25|158.25|50261.1015625|884204|BKP264|0|2609|-1593.75|||3|3|2|1|1|132|18|["132,18,5,3720"]|636148150611020000|13:57:41:102
62|1.1|636147907593547006|884204|50266.078125|13.21807790112|100.59666178805|-16485|-51744||50266.078125|159.75||15900|156.5|50266.078125|884204|BKP264|0|2609|-1693.75|||3|3|2|1|1|132|5|["132,18,5,3720"]|636148150660780000|13:57:46:078
62|1.1|636147907643471998|884204|50271.078125|13.22526084611|100.60027203598|-16093|-50949||50271.078125|157.5||15756.25|155.25|50271.078125|884204|BKP264|0|2609|-1631.25|||3|3|2|1|1|132|5|["132,18,5,3720"]|636148150710780000|13:57:51:078
62|1.1|636147907693386989|884204|50276.0625|13.2314781973|100.60346922434|-15746|-50262||50276.0625|156.25||15612.5|153.75|50276.0625|884204|BKP264|0|2609|-1656.25|||3|3|2|1|1|132|5|["132,18,5,3720"]|636148150760630000|13:57:56:063
62|1.1|636147907743301980|884204|50281.0625|13.23876306608|100.60717066724|-15344|-49456||50281.0625|155||15456.25|152.25|50281.0625|884204|BKP264|0|2609|-1693.75|||3|3|2|1|1|132|5|["132,18,5,3720"]|636148150810630000|13:58:01:063
62|1.1|636147907793236973|884204|50286.0625|13.24567242616|100.61070044902|-14961|-48692||50286.0625|154.5||15306.25|150.75|50286.0625|884204|BKP264|0|2609|-1712.5|||3|3|2|1|1|132|18|["132,18,5,3720"]|636148150860630000|13:58:06:063
62|1.1|636147907843151964|884204|50291.0390625|13.25262470152|100.61429996813|-14571|-47923||50291.0390625|153||15156.25|149.5|50291.0390625|884204|BKP264|0|2609|-1731.25|||3|3|2|1|1|132|18|["132,18,5,3720"]|636148150910390000|13:58:11:039
62|1.1|636147907893076956|884204|50296.0390625|13.25874549333|100.61769027525|-14203|-47246||50296.0390625|151.5||14993.75|148|50296.0390625|884204|BKP264|0|2609|-1750|||3|3|2|1|1|132|18|["132,18,5,3720"]|636148150960390000|13:58:16:039
62|1.1|636147907942991947|884204|50301.015625|13.26588552304|100.62148827753|-13791|-46456||50301.015625|148.5||14850|146.5|50301.015625|884204|BKP264|0|2609|-1768.75|||3|3|2|1|1|132|5|["132,18,5,3720"]|636148151010160000|13:58:21:016
62|1.1|636147907992916939|884204|50306.015625|13.27243546765|100.62516289838|-13393|-45732||50306.015625|147||14681.25|144.75|50306.015625|884204|BKP264|0|2609|-1868.75|||3|3|2|1|1|132|5|["132,18,5,3720"]|636148151060160000|13:58:26:016
62|1.1|636147908042841931|884204|50311.015625|13.27925363276|100.62879996836|-12998|-44978||50311.015625|146.75||14518.75|143.25|50311.015625|884204|BKP264|0|2609|-1912.5|||3|3|2|1|1|132|18|["132,18,5,3720"]|636148151110160000|13:58:31:016
62|1.1|636147908092756922|884204|50316|13.28563191625|100.63374058997|-12462|-44272||50316|144.5||14356.25|141.5|50316|884204|BKP264|0|2609|-1950|||3|3|2|1|1|132|5|["132,18,5,3720"]|636148151160000000|13:58:36:000
62|1.1|636147908142531899|884204|50321|13.29101778389|100.63859001661|-11937|-43677||50321|143.25||14231.25|140.25|50321|884204|BKP264|0|2609|-1831.25|||3|3|2|1|1|132|5|["132,18,5,3720"]|636148151210000000|13:58:41:000
62|1.1|636147908192606906|884204|50325.9765625|13.29697227899|100.64429238444|-11318|-43018||50325.9765625|142.5||14100|139|50325.9765625|884204|BKP264|0|2609|-1768.75|||3|3|2|1|1|132|18|["132,18,5,3720"]|636148151259770000|13:58:45:977
62|1.1|636147908242531898|884204|50330.9765625|13.30279266384|100.64980699792|-10721|-42375||50330.9765625|140.5||14018.75|138|50330.9765625|884204|BKP264|0|2609|-1575|||3|3|2|1|1|132|5|["132,18,5,3720"]|636148151309770000|13:58:50:977
62|1.1|636147908292456890|884204|50335.9765625|13.30822144676|100.65430773791|-10233|-41774||50335.9765625|139.5||13925|137.25|50335.9765625|884204|BKP264|0|2609|-1375|||3|3|2|1|1|132|5|["132,18,5,3720"]|636148151359770000|13:58:55:977
62|1.1|636147908342371881|884204|50340.9609375|13.31415448422|100.65939319859|-9681|-41118||50340.9609375|138.5||13812.5|136.25|50340.9609375|884204|BKP264|0|2609|-1337.5|||3|3|2|1|1|132|5|["132,18,5,3720"]|636148151409610000|13:59:00:961
62|1.1|636147908392286872|884204|50345.9609375|13.31927749577|100.66379201479|-9205|-40551||50345.9609375|137.25||13687.5|135|50345.9609375|884204|BKP264|0|2609|-1318.75|||3|3|2|1|1|132|5|["132,18,5,3720"]|636148151459610000|13:59:05:961
62|1.1|636147908442221865|884204|50350.9375|13.3247652872|100.66845368708|-8700|-39945||50350.9375|136.25||13568.75|133.75|50350.9375|884204|BKP264|0|2609|-1418.75|||3|3|2|1|1|132|5|["132,18,5,3720"]|636148151509380000|13:59:10:938
62|1.1|636147908492136856|884204|50355.9375|13.33076269758|100.67342113074|-8161|-39281||50355.9375|135||13418.75|132.5|50355.9375|884204|BKP264|0|2609|-1456.25|||3|3|2|1|1|132|18|["132,18,5,3720"]|636148151559380000|13:59:15:938
62|1.1|636147908542051847|884204|50360.9375|13.33668500622|100.67826519297|-7636|-38626||50360.9375|132.5||13243.75|130.75|50360.9375|884204|BKP264|0|2609|-1575|||3|3|2|1|1|132|5|["132,18,5,3720","132,114,4"]|636148151609380000|13:59:20:938
62|1.1|636147908591826824|884204|50365.921875|13.34239810287|100.68293222967|-7130|-37994||50365.921875|131.5||13112.5|129.25|50365.921875|884204|BKP264|0|2609|-1631.25|||3|3|2|1|1|132|5|["132,18,5,3720","132,114,4"]|636148151659220000|13:59:25:922
62|1.1|636147908641891830|884204|50370.921875|13.34845988617|100.6879372242|-6588|-37324||50370.921875|130.25||12968.75|127.75|50370.921875|884204|BKP264|0|2609|-1712.5|||3|3|2|1|1|132|5|["132,18,5,3720","132,114,4"]|636148151709220000|13:59:30:922
62|1.1|636147908691826823|884204|50375.8984375|13.35447338978|100.69285638817|-6055|-36658||50375.8984375|129.25||12837.5|126.5|50375.8984375|884204|BKP264|0|2609|-1693.75|||3|3|2|1|1|132|5|["132,18,5,3720","132,114,4"]|636148151758980000|13:59:35:898
62|1.1|636147908741741814|884204|50380.8984375|13.36030986786|100.69766289953|-5534|-36013||50380.8984375|128.5||12712.5|125|50380.8984375|884204|BKP264|0|2609|-1656.25|||3|3|2|1|1|132|18|["132,18,5,3720","132,114,4"]|636148151808980000|13:59:40:898
62|1.1|636147908791506790|884204|50385.8984375|13.36558308289|100.70205098691|-5059|-35430||50385.8984375|126||12600|124|50385.8984375|884204|BKP264|0|2609|-1575|||3|3|2|1|1|132|5|["132,18,5,3720","132,114,4"]|636148151858980000|13:59:45:898
62|1.1|636147908841431782|884204|50390.875|13.37121034898|100.70667510833|-4558|-34807||50390.875|124.75||12456.25|122.5|50390.875|884204|BKP264|0|2609|-1575|||3|3|2|1|1|132|5|["132,18,5,3720","132,114,4"]|636148151908750000|13:59:50:875
62|1.1|636147908891346773|884204|50395.875|13.37714338644|100.71155135702|-4029|-34151||50395.875|123.75||12318.75|121.25|50395.875|884204|BKP264|0|2609|-1575|||3|3|2|1|1|132|5|["132,18,5,3720","132,114,4"]|636148151958750000|13:59:55:875
62|1.1|636147908941281766|884204|50400.859375|13.38308715272|100.71645442776|-3498|-33493||50400.859375|122.75||12200|120|50400.859375|884204|BKP264|0|2609|-1556.25|||3|3|2|1|1|132|5|["132,18,5,3720","132,114,4"]|636148152008590000|14:00:00:859
62|1.1|636147908991196757|884204|50405.859375|13.38816724899|100.72070840489|-3037|-32931||50405.859375|122||12118.75|119|50405.859375|884204|BKP264|0|2609|-1456.25|||3|3|2|1|1|132|5|["132,18,5,3720"]|636148152058590000|14:00:05:859
62|1.1|636147909041121749|884204|50410.859375|13.39373014216|100.7252735178|-2543|-32316||50410.859375|120.25||12025|118.25|50410.859375|884204|BKP264|0|2609|-1300|||3|3|2|1|1|132|5|["132,18,5,3720"]|636148152108590000|14:00:10:859
62|1.1|636147909091036740|884204|50415.8359375|13.39920184036|100.72974743574|-2058|-31711||50415.8359375|119||11893.75|117|50415.8359375|884204|BKP264|0|2609|-1300|||3|3|2|1|1|132|5|["132,18,5,3720"]|636148152158360000|14:00:15:836
62|1.1|636147909140961732|884204|50420.8359375|13.40487738614|100.73440910803|-1553|-31083||50420.8359375|118.75||11775|116|50420.8359375|884204|BKP264|0|2609|-1337.5|||3|3|2|1|1|132|18|["132,18,5,3720"]|636148152208360000|14:00:20:836
62|1.1|636147909190886724|884204|50425.8203125|13.4105422031|100.73907614473|-1048|-30456||50425.8203125|117.25||11656.25|114.5|50425.8203125|884204|BKP264|0|2609|-1437.5|||3|3|2|1|1|132|18|["132,18,5,3720"]|636148152258200000|14:00:25:820
62|1.1|636147909240821717|884204|50430.8203125|13.41653424907|100.74395775783|-519|-29793||50430.8203125|115.5||11475|113|50430.8203125|884204|BKP264|0|2609|-1593.75|||3|3|2|1|1|132|5|["132,18,5,3720"]|636148152308200000|14:00:30:820
62|1.1|636147909290726707|884204|50435.8203125|13.42223125249|100.7486623454|-9|-29163||50435.8203125|114.75||11368.75|111.75|50435.8203125|884204|BKP264|0|2609|-1556.25|||3|3|2|1|1|132|5|["132,18,5,3720"]|636148152358200000|14:00:35:820
62|1.1|636147909340651699|884204|50440.796875|13.42640476347|100.75226186451|381|-28701||50440.796875|114.25||11325|111.5|50440.796875|884204|BKP264|0|2609|-1043.75|||3|3|2|1|1|132|18|["132,18,5,3720"]|636148152407970000|14:00:40:797
62|1.1|636147909390576691|884204|50445.796875|13.43160824117|100.75666068071|857|-28125||50445.796875|113.75||11231.25|111.5|50445.796875|884204|BKP264|0|2609|-825|||3|3|2|1|1|132|18|["132,18,5,3720"]|636148152457970000|14:00:45:797
62|1.1|636147909440491682|884204|50450.78125|13.43679026123|100.76104876809|1332|-27552||50450.78125|113.25||11150|110.75|50450.78125|884204|BKP264|0|2609|-731.25|||3|3|2|1|1|132|18|["132,18,5,3720"]|636148152507810000|14:00:50:781
62|1.1|636147909490416674|884204|50455.78125|13.44217612887|100.7655602369|1821|-26956||50455.78125|112.75||11093.75|110.25|50455.78125|884204|BKP264|0|2609|-687.5|||3|3|2|1|1|132|18|["132,18,5,3720"]|636148152557810000|14:00:55:781
62|1.1|636147909540341666|884204|50460.78125|13.44798042049|100.77059741789|2366|-26314||50460.78125|112.5||11100|110|50460.78125|884204|BKP264|0|2609|-568.75|||3|3|2|1|1|132|18|["132,18,5,3720"]|636148152607810000|14:01:00:781
62|1.1|636147909590256657|884204|50465.7578125|13.4540475682|100.77534492074|2880|-25643||50465.7578125|112||11143.75|109.75|50465.7578125|884204|BKP264|0|2609|-531.25|||3|3|2|1|1|132|18|["132,18,5,3720"]|636148152657580000|14:01:05:758
62|1.1|636147909640181649|884204|50470.7578125|13.45972847839|100.77980810986|3363|-25014||50470.7578125|111.5||11118.75|109.25|50470.7578125|884204|BKP264|0|2609|-531.25|||3|3|2|1|1|132|18|["132,18,5,3720"]|636148152707580000|14:01:10:758
62|1.1|636147909690096640|884204|50475.7421875|13.46507143075|100.78398162084|3815|-24423||50475.7421875|111.25||11093.75|108.75|50475.7421875|884204|BKP264|0|2609|-512.5|||3|3|2|1|1|132|18|["132,18,5,3720"]|636148152757420000|14:01:15:742
62|1.1|636147909740021632|884204|50480.7421875|13.4701944423|100.7865887241|4097|-23856||50480.7421875|110.25||11031.25|108.5|50480.7421875|884204|BKP264|0|2609|-512.5|||3|3|2|1|1|132|5|["132,18,5,3720"]|636148152807420000|14:01:20:742
62|1.1|636147909789936623|884204|50485.7421875|13.47573051342|100.78912072562|4371|-23243||50485.7421875|109.75||10975|107.75|50485.7421875|884204|BKP264|0|2609|-568.75|||3|3|2|1|1|132|5|["132,18,5,3720"]|636148152857420000|14:01:25:742
62|1.1|636147909839861615|884204|50490.71875|13.48214634778|100.79114310819|4590|-22534||50490.71875|109.25||10912.5|107|50490.71875|884204|BKP264|0|2609|-650|||3|3|2|1|1|132|5|["132,18,5,3720"]|636148152907190000|14:01:30:719
62|1.1|636147909889806609|884204|50495.71875|13.48780043592|100.79237155808|4723|-21908||50495.71875|108.75||10856.25|106.5|50495.71875|884204|BKP264|0|2609|-668.75|||3|3|2|1|1|132|5|["132,18,5,3720"]|636148152957190000|14:01:35:719
62|1.1|636147909939711599|884204|50500.6953125|13.49445766873|100.79332105865|4826|-21171||50500.6953125|108||10781.25|105.75|50500.6953125|884204|BKP264|0|2609|-731.25|||3|3|2|1|1|132|5|["132,18,5,3720"]|636148153006950000|14:01:40:695
62|1.1|636147909989626590|884204|50505.6953125|13.50070720638|100.79445294916|4948|-20480||50505.6953125|107.5||10706.25|105|50505.6953125|884204|BKP264|0|2609|-768.75|||3|3|2|1|1|132|18|["132,18,5,3720"]|636148153056950000|14:01:45:695
62|1.1|636147910039551582|884204|50510.6953125|13.50588922644|100.79589597545|5104|-19907||50510.6953125|106.75||10625|104.25|50510.6953125|884204|BKP264|0|2609|-787.5|||3|3|2|1|1|132|18|["132,18,5,3720"]|636148153106950000|14:01:50:695
62|1.1|636147910089486575|884204|50515.6796875|13.51194564533|100.79735509497|5262|-19237||50515.6796875|105||10506.25|103|50515.6796875|884204|BKP264|0|2609|-1043.75|||3|3|2|1|1|132|5|["132,18,5,3720"]|636148153156800000|14:01:55:680
62|1.1|636147910139391565|884204|50520.6796875|13.51743880117|100.79887858741|5427|-18629||50520.6796875|104.25||10418.75|102|50520.6796875|884204|BKP264|0|2609|-1143.75|||3|3|2|1|1|132|5|["132,18,5,3720"]|636148153206800000|14:02:00:680
62|1.1|636147910189316557|884204|50525.65625|13.52317335546|100.80045035954|5597|-17994||50525.65625|103.25||10312.5|101|50525.65625|884204|BKP264|0|2609|-1200|||3|3|2|1|1|132|5|["132,18,5,3720"]|636148153256560000|14:02:05:656
62|1.1|636147910239251550|884204|50530.65625|13.52959455423|100.80216160633|5782|-17284||50530.65625|102.5||10193.75|100|50530.65625|884204|BKP264|0|2609|-1237.5|||3|3|2|1|1|132|5|["132,18,5,3720"]|636148153306560000|14:02:10:656
62|1.1|636147910289156540|884204|50535.65625|13.53522182032|100.80376556492|5955|-16661||50535.65625|101.75||10068.75|98.75|50535.65625|884204|BKP264|0|2609|-1281.25|||3|3|2|1|1|132|18|["132,18,5,3720"]|636148153356560000|14:02:15:656
62|1.1|636147910339101534|884204|50540.640625|13.54183613785|100.80549826935|6143|-15930||50540.640625|100.5||9975|97.75|50540.640625|884204|BKP264|0|2609|-1281.25|||3|3|2|1|1|132|18|["132,18,5,3720"]|636148153406410000|14:02:20:641
62|1.1|636147910389006524|884204|50545.640625|13.54805885345|100.80732216875|6340|-15241||50545.640625|98.75||9862.5|96.75|50545.640625|884204|BKP264|0|2609|-1300|||3|3|2|1|1|132|5|["132,18,5,3720"]|636148153456410000|14:02:25:641
62|1.1|636147910438931516|884204|50550.6171875|13.55331597525|100.80891539852|6512|-14659||50550.6171875|97.75||9762.5|95.75|50550.6171875|884204|BKP264|0|2609|-1281.25|||3|3|2|1|1|132|5|["132,18,5,3720"]|636148153506170000|14:02:30:617
62|1.1|636147910488846507|884204|50555.6171875|13.55870184289|100.81051935711|6686|-14063||50555.6171875|97||9668.75|94.5|50555.6171875|884204|BKP264|0|2609|-1262.5|||3|3|2|1|1|132|5|["132,18,5,3720"]|636148153556170000|14:02:35:617
62|1.1|636147910538791501|884204|50560.6171875|13.56435056662|100.81213940893|6861|-13438||50560.6171875|96||9562.5|93.5|50560.6171875|884204|BKP264|0|2609|-1262.5|||3|3|2|1|1|132|5|["132,18,5,3720"]|636148153606170000|14:02:40:617
62|1.1|636147910588696491|884204|50565.6015625|13.57004757004|100.81374336752|7034|-12808||50565.6015625|95.5||9481.25|92.75|50565.6015625|884204|BKP264|0|2609|-1200|||3|3|2|1|1|132|18|["132,18,5,3720"]|636148153656020000|14:02:45:602
62|1.1|636147910638611482|884204|50570.6015625|13.57693547248|100.81551898723|7226|-12046||50570.6015625|94||9387.5|92|50570.6015625|884204|BKP264|0|2609|-1125|||3|3|2|1|1|132|5|["132,18,5,3720"]|636148153706020000|14:02:50:602
62|1.1|636147910688536474|884204|50575.578125|13.58234816217|100.81709612377|7397|-11447||50575.578125|93.25||9312.5|91|50575.578125|884204|BKP264|0|2609|-1062.5|||3|3|2|1|1|132|5|["132,18,5,3720"]|636148153755780000|14:02:55:578
62|1.1|636147910738481468|884204|50580.578125|13.58817927584|100.81874299764|7575|-10802||50580.578125|93||9225|90.25|50580.578125|884204|BKP264|0|2609|-1025|||3|3|2|1|1|132|18|["132,18,5,3720"]|636148153805780000|14:03:00:578
62|1.1|636147910788376457|884204|50585.578125|13.59358660112|100.82029867654|7743|-10204||50585.578125|92||9162.5|89.5|50585.578125|884204|BKP264|0|2609|-943.75|||3|3|2|1|1|132|5|["132,18,5,3720"]|636148153855780000|14:03:05:578
62|1.1|636147910838301449|884204|50590.5625|13.59925678249|100.82184362662|7910|-9576||50590.5625|91.25||9068.75|88.75|50590.5625|884204|BKP264|0|2609|-962.5|||3|3|2|1|1|132|18|["132,18,5,3720"]|636148153905630000|14:03:10:563
62|1.1|636147910888236442|884204|50595.5625|13.6058603712|100.82356560223|8096|-8846||50595.5625|89.5||8950|87.5|50595.5625|884204|BKP264|0|2609|-1100|||3|3|2|1|1|132|5|["132,18,5,3720"]|636148153955630000|14:03:15:563
62|1.1|636147910938151433|884204|50600.5390625|13.61174512897|100.82519101846|8272|-8194||50600.5390625|88.75||8850|86.5|50600.5390625|884204|BKP264|0|2609|-1181.25|||3|3|2|1|1|132|5|["132,18,5,3720"]|636148154005390000|14:03:20:539
62|1.1|636147910988056423|884204|50605.5390625|13.61708808133|100.82674669736|8440|-7603||50605.5390625|87.75||8750|85.5|50605.5390625|884204|BKP264|0|2609|-1200|||3|3|2|1|1|132|5|["132,18,5,3720"]|636148154055390000|14:03:25:539
62|1.1|636147911037981415|884204|50610.5390625|13.62228619462|100.82824873216|8603|-7028||50610.5390625|86.75||8637.5|84.25|50610.5390625|884204|BKP264|0|2609|-1262.5|||3|3|2|1|1|132|5|["132,18,5,3720"]|636148154105390000|14:03:30:539
62|1.1|636147911087906407|884204|50615.515625|13.62776325723|100.82977758901|8768|-6422||50615.515625|86||8512.5|83.25|50615.515625|884204|BKP264|0|2609|-1300|||3|3|2|1|1|132|18|["132,18,5,3720"]|636148154155160000|14:03:35:516
62|1.1|636147911137841400|884204|50620.515625|13.6334334386|100.83128498822|8930|-5795||50620.515625|84.75||8400|82|50620.515625|884204|BKP264|0|2609|-1318.75|||3|3|2|1|1|132|18|["132,18,5,3720"]|636148154205160000|14:03:40:516
62|1.1|636147911187756391|884204|50625.5|13.64004775613|100.83296404855|9112|-5063||50625.5|83.25||8300|81|50625.5|884204|BKP264|0|2609|-1300|||3|3|2|1|1|132|5|["132,18,5,3720"]|636148154255000000|14:03:45:500
62|1.1|636147911237681383|884204|50630.5|13.64610417502|100.8346001936|9289|-4393||50630.5|82.25||8193.75|80|50630.5|884204|BKP264|0|2609|-1281.25|||3|3|2|1|1|132|5|["132,18,5,3720"]|636148154305000000|14:03:50:500
62|1.1|636147911287606375|884204|50635.5|13.65136129682|100.83611295722|9452|-3811||50635.5|81.5||8112.5|79|50635.5|884204|BKP264|0|2609|-1200|||3|3|2|1|1|132|5|["132,18,5,3720"]|636148154355000000|14:03:55:500
62|1.1|636147911337521366|884204|50640.4765625|13.65675789328|100.83762035643|9615|-3214||50640.4765625|80.25||8006.25|78|50640.4765625|884204|BKP264|0|2609|-1200|||3|3|2|1|1|132|5|["132,18,5,3720"]|636148154404770000|14:04:00:477
62|1.1|636147911387436357|884204|50645.4765625|13.66273384602|100.83921895061|9788|-2553||50645.4765625|79.25||7887.5|77|50645.4765625|884204|BKP264|0|2609|-1262.5|||3|3|2|1|1|132|5|["132,18,5,3720"]|636148154454770000|14:04:05:477
62|1.1|636147911437371350|884204|50650.4609375|13.66812507807|100.84073707864|9952|-1956||50650.4609375|78.5||7775|75.75|50650.4609375|884204|BKP264|0|2609|-1281.25|||3|3|2|1|1|132|18|["132,18,5,3720"]|636148154504610000|14:04:10:461
62|1.1|636147911487276340|884204|50655.4609375|13.67367724242|100.84226057108|10116|-1342||50655.4609375|77.5||7662.5|74.75|50655.4609375|884204|BKP264|0|2609|-1300|||3|3|2|1|1|132|18|["132,18,5,3720"]|636148154554610000|14:04:15:461
62|1.1|636147911537211333|884204|50660.4609375|13.67988386479|100.84385916526|10289|-655||50660.4609375|76.25||7525|73.5|50660.4609375|884204|BKP264|0|2609|-1356.25|||3|3|2|1|1|132|18|["132,18,5,3720"]|636148154604610000|14:04:20:461
62|1.1|636147911587126324|884204|50665.4375|13.68520535951|100.84533974242|10449|-66||50665.4375|74||7400|72|50665.4375|884204|BKP264|0|2609|-1437.5|||3|3|2|1|1|132|5|["132,18,5,3720"]|636148154654380000|14:04:25:438
62|1.1|636147911640161627|884204|50670.7421875|13.69172311766|100.84706171803|10635|655||50670.7421875|73||7256.25|70.75|50670.7421875|884204|BKP264|0|2609|-1475|||3|3|2|1|1|132|5|["132,18,5,3720"]|636148154707420000|14:04:30:742
62|1.1|636147911690086619|884204|50675.7421875|13.69779562978|100.84868176985|10810|1327||50675.7421875|72.5||7156.25|69.5|50675.7421875|884204|BKP264|0|2609|-1456.25|||3|3|2|1|1|132|5|["132,18,5,3720"]|636148154757420000|14:04:35:742
62|1.1|636147911740011611|884204|50680.7421875|13.7031171245|100.85023208434|10977|1915||50680.7421875|72||7125|69.5|50680.7421875|884204|BKP264|0|2609|-1300|||3|3|2|1|1|132|18|["132,18,5,3720"]|636148154807420000|14:04:40:742
62|1.1|636147911789936603|884204|50685.71875|13.70890532289|100.85181458529|11148|2556||50685.71875|71.5||7056.25|69.5|50685.71875|884204|BKP264|0|2609|-1262.5|||3|3|2|1|1|132|18|["132,18,5,3720"]|636148154857190000|14:04:45:719
62|1.1|636147911839851594|884204|50690.71875|13.7143287414|100.85346682357|11327|3156||50690.71875|69.5||6956.25|67.5|50690.71875|884204|BKP264|0|2609|-1218.75|||3|3|2|1|1|132|5|["132,18,5,3720"]|636148154907190000|14:04:50:719
62|1.1|636147911889776586|884204|50695.6953125|13.71873292201|100.85469527346|11460|3644||50695.6953125|68.5||6856.25|66.5|50695.6953125|884204|BKP264|0|2609|-1262.5|||3|3|2|1|1|132|5|["132,18,5,3720"]|636148154956950000|14:04:55:695
62|1.1|636147911939711579|884204|50700.6953125|13.72392567089|100.8561651218|11618|4218||50700.6953125|67.5||6718.75|65|50700.6953125|884204|BKP264|0|2609|-1437.5|||3|3|2|1|1|132|5|["132,18,5,3720"]|636148155006950000|14:05:00:695
62|1.1|636147911989616569|884204|50705.6953125|13.72917742828|100.85759741927|11773|4799||50705.6953125|66.25||6593.75|63.75|50705.6953125|884204|BKP264|0|2609|-1493.75|||3|3|2|1|1|132|5|["132,18,5,3720"]|636148155056950000|14:05:05:695
62|1.1|636147912039541561|884204|50710.6796875|13.73447746536|100.85904044556|11929|5386||50710.6796875|65.5||6443.75|62.5|50710.6796875|884204|BKP264|0|2609|-1537.5|||3|3|2|1|1|132|18|["132,18,5,3720"]|636148155106800000|14:05:10:680
62|1.1|636147912089466553|884204|50715.6796875|13.73992770592|100.86050492949|12087|5989||50715.6796875|64||6287.5|61|50715.6796875|884204|BKP264|0|2609|-1593.75|||3|3|2|1|1|132|18|["132,18,5,3720"]|636148155156800000|14:05:15:680
62|1.1|636147912139391545|884204|50720.65625|13.74622552326|100.86213034572|12262|6686||50720.65625|61.5||6131.25|59.25|50720.65625|884204|BKP264|0|2609|-1693.75|||3|3|2|1|1|132|5|["132,18,5,3720"]|636148155206560000|14:05:20:656
62|1.1|636147912189306536|884204|50725.65625|13.75071553443|100.86348754145|12409|7182||50725.65625|60.25||5993.75|58|50725.65625|884204|BKP264|0|2609|-1712.5|||3|3|2|1|1|132|5|["132,18,5,3720"]|636148155256560000|14:05:25:656
62|1.1|636147912239221527|884204|50730.65625|13.75601557151|100.86501103389|12573|7769||50730.65625|59.5||5856.25|56.5|50730.65625|884204|BKP264|0|2609|-1731.25|||3|3|2|1|1|132|18|["132,18,5,3720"]|636148155306560000|14:05:30:656
62|1.1|636147912289146519|884204|50735.640625|13.76114931188|100.86634677198|12718|8337||50735.640625|57.5||5712.5|55|50735.640625|884204|BKP264|0|2609|-1712.5|||3|3|2|1|1|132|5|["132,18,5,3720"]|636148155356410000|14:05:35:641
62|1.1|636147912339061510|884204|50740.640625|13.76695896791|100.86783271355|12878|8979||50740.640625|56.25||5543.75|53.75|50740.640625|884204|BKP264|0|2609|-1731.25|||3|3|2|1|1|132|5|["132,18,5,3720"]|636148155406410000|14:05:40:641
62|1.1|636147912388986502|884204|50745.6171875|13.77261842046|100.86929719748|13036|9606||50745.6171875|55.5||5406.25|52|50745.6171875|884204|BKP264|0|2609|-1750|||3|3|2|1|1|132|18|["132,18,5,3720"]|636148155456170000|14:05:45:617
62|1.1|636147912438921495|884204|50750.6171875|13.77823495773|100.87078850346|13197|10227||50750.6171875|53||5268.75|50.75|50750.6171875|884204|BKP264|0|2609|-1731.25|||3|3|2|1|1|132|5|["132,18,5,3720"]|636148155506170000|14:05:50:617
62|1.1|636147912488836486|884204|50755.6171875|13.7836905627|100.87226371621|13356|10831||50755.6171875|52.5||5175|49.75|50755.6171875|884204|BKP264|0|2609|-1518.75|||3|3|2|1|1|132|5|["132,18,5,3720"]|636148155556170000|14:05:55:617
62|1.1|636147912538771479|884204|50760.6015625|13.78823421797|100.87357799666|13498|11334||50760.6015625|52||5131.25|49.75|50760.6015625|884204|BKP264|0|2609|-843.75|||3|3|2|1|1|132|5|["132,18,5,3720"]|636148155606020000|14:06:00:602
62|1.1|636147912588676469|884204|50765.6015625|13.79313728871|100.87492982798|13644|11876||50765.6015625|51.5||5093.75|49.25|50765.6015625|884204|BKP264|0|2609|-650|||3|3|2|1|1|132|5|["132,18,5,3720"]|636148155656020000|14:06:05:602
62|1.1|636147912638601461|884204|50770.578125|13.7981208256|100.87626556607|13788|12428||50770.578125|51||5043.75|48.75|50770.578125|884204|BKP264|0|2609|-631.25|||3|3|2|1|1|132|18|["132,18,5,3720"]|636148155705780000|14:06:10:578
62|1.1|636147912688526453|884204|50775.578125|13.80370517641|100.87771932118|13945|13046||50775.578125|50.5||4993.75|48.25|50775.578125|884204|BKP264|0|2609|-631.25|||3|3|2|1|1|132|18|["132,18,5,3720"]|636148155755780000|14:06:15:578
62|1.1|636147912738451445|884204|50780.578125|13.80883891678|100.87909261014|14093|13614||50780.578125|49.75||4956.25|47.5|50780.578125|884204|BKP264|0|2609|-631.25|||3|3|2|1|1|132|5|["132,18,5,3720"]|636148155805780000|14:06:20:578
62|1.1|636147912788366436|884204|50785.5625|13.81352741112|100.88039079736|14233|14132||50785.5625|49.5||4937.5|47.25|50785.5625|884204|BKP264|0|2609|-550|||3|3|2|1|1|132|5|["132,18,5,3720"]|636148155855630000|14:06:25:563
62|1.1|636147912838281427|884204|50790.5625|13.81883281261|100.8818070016|14386|14720||50790.5625|49||4893.75|47|50790.5625|884204|BKP264|0|2609|-531.25|||3|3|2|1|1|132|5|["132,18,5,3720"]|636148155905630000|14:06:30:563
62|1.1|636147912888206419|884204|50795.5390625|13.82389145124|100.88318029056|14534|15280||50795.5390625|48.75||4856.25|46.5|50795.5390625|884204|BKP264|0|2609|-531.25|||3|3|2|1|1|132|5|["132,18,5,3720"]|636148155955390000|14:06:35:539
62|1.1|636147912938121410|884204|50800.5390625|13.82881597962|100.88453212188|14680|15825||50800.5390625|48.25||4800|46|50800.5390625|884204|BKP264|0|2609|-550|||3|3|2|1|1|132|18|["132,18,5,3720"]|636148156005390000|14:06:40:539
62|1.1|636147912988056403|884204|50805.5390625|13.83303240588|100.88580348705|14817|16291||50805.5390625|47.75||4743.75|45.5|50805.5390625|884204|BKP264|0|2609|-568.75|||3|3|2|1|1|132|18|["132,18,5,3720"]|636148156055390000|14:06:45:539
62|1.1|636147913037971394|884204|50810.515625|13.83766189171|100.88647940271|14890|16803||50810.515625|46.5||4650|44.5|50810.515625|884204|BKP264|0|2609|-706.25|||3|3|2|1|1|132|5|["132,18,5,3720"]|636148156105160000|14:06:50:516
62|1.1|636147913087896386|884204|50815.515625|13.84292974233|100.88644185184|14886|17386||50815.515625|45.75||4556.25|43.75|50815.515625|884204|BKP264|0|2609|-843.75|||3|3|2|1|1|132|5|["132,18,5,3720"]|636148156155160000|14:06:55:516
62|1.1|636147913137811377|884204|50820.5|13.8480098386|100.88506319847|14736|17948||50820.5|45||4462.5|42.75|50820.5|884204|BKP264|0|2609|-943.75|||3|3|2|1|1|132|5|["132,18,5,3720"]|636148156205000000|14:07:00:500
62|1.1|636147913187736369|884204|50825.5|13.85210824784|100.88268140043|14478|18401||50825.5|44.5||4381.25|41.75|50825.5|884204|BKP264|0|2609|-981.25|||3|3|2|1|1|132|18|["132,18,5,3720"]|636148156255000000|14:07:05:500
62|1.1|636147913237651360|884204|50830.5|13.85560584316|100.87904433045|14085|18788||50830.5|43.5||4300|41|50830.5|884204|BKP264|0|2609|-1006.25|||3|3|2|1|1|132|18|["132,18,5,3720"]|636148156305000000|14:07:10:500
62|1.1|636147913287576352|884204|50835.4765625|13.85848116692|100.87425391232|13567|19106||50835.4765625|41.75||4168.75|39.75|50835.4765625|884204|BKP264|0|2609|-1143.75|||3|3|2|1|1|132|5|["132,18,5,3720"]|636148156354770000|14:07:15:477
62|1.1|636147913337501344|884204|50840.4765625|13.86077176999|100.86998920637|13106|19359||50840.4765625|41||4081.25|38.75|50840.4765625|884204|BKP264|0|2609|-1162.5|||3|3|2|1|1|132|5|["132,18,5,3720"]|636148156404770000|14:07:20:477
62|1.1|636147913387416335|884204|50845.4609375|13.8625473897|100.86541872905|12612|19555||50845.4609375|40.5||4012.5|38|50845.4609375|884204|BKP264|0|2609|-1081.25|||3|3|2|1|1|132|5|["132,18,5,3720"]|636148156454610000|14:07:25:461
62|1.1|636147913437341327|884204|50850.4609375|13.86424790767|100.86039764129|12069|19743||50850.4609375|39.75||3931.25|37.25|50850.4609375|884204|BKP264|0|2609|-1043.75|||3|3|2|1|1|132|5|["132,18,5,3720"]|636148156504610000|14:07:30:461
62|1.1|636147913487266319|884204|50855.4609375|13.86580358657|100.85577351987|11569|19915||50855.4609375|39||3843.75|36.5|50855.4609375|884204|BKP264|0|2609|-1025|||3|3|2|1|1|132|18|["132,18,5,3720"]|636148156554610000|14:07:35:461
62|1.1|636147913537181310|884204|50860.4375|13.8674826469|100.85116549168|11071|20101||50860.4375|38.25||3768.75|35.75|50860.4375|884204|BKP264|0|2609|-1006.25|||3|3|2|1|1|132|18|["132,18,5,3720"]|636148156604380000|14:07:40:438
62|1.1|636147913587106302|884204|50865.4375|13.86915097841|100.84659501436|10577|20285||50865.4375|37.25||3675|34.75|50865.4375|884204|BKP264|0|2609|-1025|||3|3|2|1|1|132|18|["132,18,5,3720"]|636148156654380000|14:07:45:438
62|1.1|636147913637031294|884204|50870.421875|13.87098024222|100.84124133318|9998|20487||50870.421875|36.25||3562.5|33.75|50870.421875|884204|BKP264|0|2609|-1100|||3|3|2|1|1|132|18|["132,18,5,3720"]|636148156704220000|14:07:50:422
62|1.1|636147913686956286|884204|50875.421875|13.87263784491|100.83672449996|9510|20671||50875.421875|35||3487.5|32.75|50875.421875|884204|BKP264|0|2609|-1081.25|||3|3|2|1|1|132|5|["132,18,5,3720"]|636148156754220000|14:07:55:422
62|1.1|636147913736871277|884204|50880.421875|13.87438127816|100.83172486984|8969|20863||50880.421875|34.25||3400|32|50880.421875|884204|BKP264|0|2609|-1043.75|||3|3|2|1|1|132|5|["132,18,5,3720"]|636148156804220000|14:08:00:422
62|1.1|636147913786806270|884204|50885.3984375|13.87585649091|100.82726704513|8487|21026||50885.3984375|33.5||3318.75|31.25|50885.3984375|884204|BKP264|0|2609|-1025|||3|3|2|1|1|132|5|["132,18,5,3720"]|636148156853980000|14:08:05:398
62|1.1|636147913836711260|884204|50890.3984375|13.87720295782|100.82217622004|7937|21175||50890.3984375|32.75||3237.5|30.25|50890.3984375|884204|BKP264|0|2609|-1025|||3|3|2|1|1|132|5|["132,18,5,3720"]|636148156903980000|14:08:10:398
62|1.1|636147913886636252|884204|50895.375|13.87727269515|100.81687618296|7364|21182||50895.375|32.25||3143.75|29.5|50895.375|884204|BKP264|0|2609|-1043.75|||3|3|2|1|1|132|18|["132,18,5,3720"]|636148156953750000|14:08:15:375
62|1.1|636147913936581246|884204|50900.375|13.87537369401|100.81153859501|6787|20972||50900.375|31.5||3068.75|28.75|50900.375|884204|BKP264|0|2609|-981.25|||3|3|2|1|1|132|18|["132,18,5,3720"]|636148157003750000|14:08:20:375
62|1.1|636147913986486236|884204|50905.375|13.87182245459|100.80774595714|6377|20579||50905.375|30.5||3031.25|28.25|50905.375|884204|BKP264|0|2609|-843.75|||3|3|2|1|1|132|5|["132,18,5,3720"]|636148157053750000|14:08:25:375
62|1.1|636147914036401227|884204|50910.359375|13.86855016449|100.80371728523|5942|20217||50910.359375|29.75||2962.5|27.75|50910.359375|884204|BKP264|0|2609|-806.25|||3|3|2|1|1|132|5|["132,18,5,3720"]|636148157103590000|14:08:30:359
62|1.1|636147914086336220|884204|50915.359375|13.86563728986|100.80024651196|5567|19895||50915.359375|29.25||2906.25|27|50915.359375|884204|BKP264|0|2609|-787.5|||3|3|2|1|1|132|5|["132,18,5,3720"]|636148157153590000|14:08:35:359
62|1.1|636147914136251211|884204|50920.3359375|13.8623328133|100.79658798434|5171|19529||50920.3359375|28.75||2843.75|26.5|50920.3359375|884204|BKP264|0|2609|-787.5|||3|3|2|1|1|132|5|["132,18,5,3720"]|636148157203360000|14:08:40:336
62|1.1|636147914186166202|884204|50925.3359375|13.85960232861|100.79300455846|4784|19227||50925.3359375|28.25||2768.75|25.75|50925.3359375|884204|BKP264|0|2609|-787.5|||3|3|2|1|1|132|18|["132,18,5,3720"]|636148157253360000|14:08:45:336
62|1.1|636147914236091194|884204|50930.3359375|13.85685038628|100.78940503935|4395|18922||50930.3359375|27.5||2712.5|25|50930.3359375|884204|BKP264|0|2609|-787.5|||3|3|2|1|1|132|18|["132,18,5,3720"]|636148157303360000|14:08:50:336
62|1.1|636147914286016186|884204|50935.3203125|13.85366392674|100.78541928272|3964|18570||50935.3203125|27||2650|24.5|50935.3203125|884204|BKP264|0|2609|-768.75|||3|3|2|1|1|132|18|["132,18,5,3720"]|636148157353200000|14:08:55:320
62|1.1|636147914335941178|884204|50940.3203125|13.84995175502|100.78257614542|3657|18159||50940.3203125|26.25||2618.75|24.25|50940.3203125|884204|BKP264|0|2609|-650|||3|3|2|1|1|132|5|["132,18,5,3720"]|636148157403200000|14:09:00:320
62|1.1|636147914385856169|884204|50945.296875|13.84566022702|100.78028017794|3409|17684||50945.296875|26||2581.25|23.75|50945.296875|884204|BKP264|0|2609|-550|||3|3|2|1|1|132|5|["132,18,5,3720"]|636148157452970000|14:09:05:297
62|1.1|636147914435781161|884204|50950.296875|13.84151353809|100.77897662631|3268|17225||50950.296875|25.75||2543.75|23.5|50950.296875|884204|BKP264|0|2609|-531.25|||3|3|2|1|1|132|18|["132,18,5,3720"]|636148157502970000|14:09:10:297
62|1.1|636147914485706153|884204|50955.296875|13.83705034897|100.77817196481|3181|16731||50955.296875|25.25||2506.25|23|50955.296875|884204|BKP264|0|2609|-512.5|||3|3|2|1|1|132|18|["132,18,5,3720"]|636148157552970000|14:09:15:297
62|1.1|636147914535621144|884204|50960.28125|13.83268908364|100.77730293039|3087|16249||50960.28125|25||2475|22.75|50960.28125|884204|BKP264|0|2609|-493.75|||3|3|2|1|1|132|18|["132,18,5,3720"]|636148157602810000|14:09:20:281
62|1.1|636147914585536135|884204|50965.28125|13.82795230961|100.77605838727|2953|15725||50965.28125|24.25||2425|22.25|50965.28125|884204|BKP264|0|2609|-512.5|||3|3|2|1|1|132|5|["132,18,5,3720"]|636148157652810000|14:09:25:281
62|1.1|636147914635461127|884204|50970.2578125|13.82339256111|100.77478165769|2815|15221||50970.2578125|24||2393.75|22|50970.2578125|884204|BKP264|0|2609|-475|||3|3|2|1|1|132|5|["132,18,5,3720"]|636148157702580000|14:09:30:258
62|1.1|636147914685386119|884204|50975.2578125|13.81946044858|100.77360148749|2687|14785||50975.2578125|23.5||2343.75|21.5|50975.2578125|884204|BKP264|0|2609|-475|||3|3|2|1|1|132|5|["132,18,5,3720"]|636148157752580000|14:09:35:258
62|1.1|636147914735311111|884204|50980.2578125|13.81508845443|100.77237840201|2555|14302||50980.2578125|23.25||2306.25|21|50980.2578125|884204|BKP264|0|2609|-493.75|||3|3|2|1|1|132|5|["132,18,5,3720"]|636148157802580000|14:09:40:258
62|1.1|636147914785226102|884204|50985.2421875|13.81086129935|100.77119823181|2427|13834||50985.2421875|22.75||2250|20.5|50985.2421875|884204|BKP264|0|2609|-512.5|||3|3|2|1|1|132|18|["132,18,5,3720"]|636148157852420000|14:09:45:242
62|1.1|636147914835151094|884204|50990.2421875|13.8071866785|100.77014144304|2313|13427||50990.2421875|22||2200|20|50990.2421875|884204|BKP264|0|2609|-550|||3|3|2|1|1|132|18|["132,18,5,3720"]|636148157902420000|14:09:50:242
62|1.1|636147914885076086|884204|50995.21875|13.80363007467|100.76914902719|2206|13034||50995.21875|21.5||2125|19.25|50995.21875|884204|BKP264|0|2609|-631.25|||3|3|2|1|1|132|18|["132,18,5,3720"]|636148157952190000|14:09:55:219
62|1.1|636147914934991077|884204|51000.21875|13.79976233506|100.76815124693|2098|12606||51000.21875|21||2050|18.5|51000.21875|884204|BKP264|0|2609|-706.25|||3|3|2|1|1|132|18|["132,18,5,3720"]|636148158002190000|14:10:00:219
62|1.1|636147914984926070|884204|51005.21875|13.79583558694|100.76720711077|1996|12171||51005.21875|19.75||1981.25|17.75|51005.21875|884204|BKP264|0|2609|-768.75|||3|3|2|1|1|132|5|["132,18,5,3720"]|636148158052190000|14:10:05:219
62|1.1|636147915034841061|884204|51010.1953125|13.79206440671|100.76622005933|1889|11754||51010.1953125|19||1906.25|17|51010.1953125|884204|BKP264|0|2609|-825|||3|3|2|1|1|132|5|["132,18,5,3720"]|636148158101950000|14:10:10:195
62|1.1|636147915084756052|884204|51015.1953125|13.78804646362|100.76520618584|1780|11310||51015.1953125|18.5||1831.25|16.25|51015.1953125|884204|BKP264|0|2609|-868.75|||3|3|2|1|1|132|5|["132,18,5,3720"]|636148158151950000|14:10:15:195
62|1.1|636147915134691045|884204|51020.1796875|13.78414653755|100.76419767676|1670|10878||51020.1796875|18||1762.5|15.75|51020.1796875|884204|BKP264|0|2609|-868.75|||3|3|2|1|1|132|18|["132,18,5,3720"]|636148158201800000|14:10:20:180
62|1.1|636147915184596035|884204|51025.1796875|13.78099226447|100.76326963383|1570|10529||51025.1796875|17.25||1693.75|15|51025.1796875|884204|BKP264|0|2609|-843.75|||3|3|2|1|1|132|18|["132,18,5,3720"]|636148158251800000|14:10:25:180
62|1.1|636147915234521027|884204|51030.1796875|13.77744102505|100.76225576034|1461|10136||51030.1796875|16.5||1618.75|14.25|51030.1796875|884204|BKP264|0|2609|-868.75|||3|3|2|1|1|132|18|["132,18,5,3720"]|636148158301800000|14:10:30:180
62|1.1|636147915284446019|884204|51035.15625|13.77399170942|100.76127943772|1355|9755||51035.15625|15.75||1543.75|13.5|51035.15625|884204|BKP264|0|2609|-887.5|||3|3|2|1|1|132|18|["132,18,5,3720"]|636148158351560000|14:10:35:156
62|1.1|636147915334381012|884204|51040.15625|13.77120758063|100.76054987796|1276|9446||51040.15625|15.25||1481.25|12.75|51040.15625|884204|BKP264|0|2609|-868.75|||3|3|2|1|1|132|18|["132,18,5,3720"]|636148158401560000|14:10:40:156
62|1.1|636147915384286002|884204|51045.140625|13.76927639303|100.76007780988|1225|9233||51045.140625|14.5||1443.75|12.5|51045.140625|884204|BKP264|0|2609|-731.25|||3|3|2|1|1|132|5|["132,18,5,3720"]|636148158451410000|14:10:45:141
62|1.1|636147915434210994|884204|51050.140625|13.7664171625|100.75933215689|1145|8917||51050.140625|14.25||1400|12|51050.140625|884204|BKP264|0|2609|-650|||3|3|2|1|1|132|5|["132,18,5,3720"]|636148158501410000|14:10:50:141
62|1.1|636147915484135986|884204|51055.140625|13.76391198303|100.75863478359|1069|8639||51055.140625|14||1356.25|11.5|51055.140625|884204|BKP264|0|2609|-612.5|||3|3|2|1|1|132|18|["132,18,5,3720"]|636148158551410000|14:10:55:141
62|1.1|636147915534050977|884204|51060.1171875|13.76081671846|100.75785694414|985|8297||51060.1171875|13.5||1325|11|51060.1171875|884204|BKP264|0|2609|-568.75|||3|3|2|1|1|132|18|["132,18,5,3720"]|636148158601170000|14:11:00:117
62|1.1|636147915583975969|884204|51065.1171875|13.75774291153|100.75715420643|909|7957||51065.1171875|13||1275|10.75|51065.1171875|884204|BKP264|0|2609|-531.25|||3|3|2|1|1|132|18|["132,18,5,3720"]|636148158651170000|14:11:05:117
