62|1.1|636147897419029656|8880ad|49248.65625|18.29031531047|106.77385500479|638515|519059||49248.65625|309.75||30981.25|309.75|49248.65625|8880ad|HVN176|0|2429|0|||3|3|0|1|1|132|162|["132,178,5,1806","132,146,5,1804","132,162,5"]|636148140486560000|13:40:48:656
62|1.1|636147897468964649|8880ad|49253.640625|18.30044868096|106.77066854525|638145|520175||49253.640625|309.5||30981.25|309.5|49253.640625|8880ad|HVN176|0|2429|0|||3|3|0|1|1|132|162|["132,178,5,1806","132,146,5,1804","132,162,5"]|636148140536410000|13:40:53:641
62|1.1|636147897518879640|8880ad|49258.640625|18.31117750096|106.76761083155|637786|521357||49258.640625|309.5||30962.5|309.5|49258.640625|8880ad|HVN176|0|2429|0|||3|3|0|1|1|132|163|["132,178,5,1806","132,146,5,1804","132,162,5"]|636148140586410000|13:40:58:641
62|1.1|636147897568794631|8880ad|49263.6171875|18.32167565133|106.76451020257|637423|522514||49263.6171875|309.5||30956.25|309.5|49263.6171875|8880ad|HVN176|0|2429|0|||3|3|0|1|1|132|162|["132,178,5,1806","132,146,5,1804","132,162,5"]|636148140636170000|13:41:03:617
62|1.1|636147897618719623|8880ad|49268.6171875|18.33620783802|106.76014893724|636913|524116||49268.6171875|309.5||30950|309.5|49268.6171875|8880ad|HVN176|0|2429|0|||3|3|0|1|1|132|147|["132,178,5,1806","132,146,5,1804","132,162,5"]|636148140686170000|13:41:08:617
62|1.1|636147897668634614|8880ad|49273.6171875|18.34395941047|106.75766521541|636625|524969||49273.6171875|309.5||30950|309.5|49273.6171875|8880ad|HVN176|0|2429|0|||3|3|0|1|1|132|162|["132,178,5,1806","132,146,5,1804","132,162,5"]|636148140736170000|13:41:13:617
62|1.1|636147897718559606|8880ad|49278.6015625|18.35450047612|106.75463968817|636270|526131||49278.6015625|309.5||30950|309.5|49278.6015625|8880ad|HVN176|0|2429|0|||3|3|0|1|1|132|162|["132,178,5,1806","132,146,5,1804","132,162,5"]|636148140786020000|13:41:18:602
62|1.1|636147897768484598|8880ad|49283.6015625|18.36525075376|106.7515444236|635907|527316||49283.6015625|309.5||30937.5|309.5|49283.6015625|8880ad|HVN176|0|2429|0|||3|3|0|1|1|132|162|["132,178,5,1806","132,146,5,1804","132,162,5"]|636148140836020000|13:41:23:602
62|1.1|636147897818399589|8880ad|49288.578125|18.376322896|106.74863691338|635563|528537||49288.578125|309.5||30887.5|309.5|49288.578125|8880ad|HVN176|0|2429|0|||3|3|0|1|1|132|162|["132,178,5,1806","132,146,5,1804","132,162,5"]|636148140885780000|13:41:28:578
62|1.1|636147897868344583|8880ad|49293.578125|18.387051716|106.74556310645|635202|529720||49293.578125|309.5||30825|309.5|49293.578125|8880ad|HVN176|0|2429|0|||3|3|0|1|1|132|146|["132,178,5,1806","132,146,5,1804","132,162,5"]|636148140935780000|13:41:33:578
62|1.1|636147897918249573|8880ad|49298.578125|18.39888560446|106.74219425697|634807|531024||49298.578125|309.5||30775|309.5|49298.578125|8880ad|HVN176|0|2429|0|||3|3|0|1|1|132|162|["132,178,5,1806","132,146,5,1804","132,162,5"]|636148140985780000|13:41:38:578
62|1.1|636147897968174565|8880ad|49303.5625|18.40950713626|106.7389917042|634433|532194||49303.5625|309.5||30768.75|309.5|49303.5625|8880ad|HVN176|0|2429|0|||3|3|0|1|1|132|162|["132,178,5,1806","132,146,5,1804","132,162,5"]|636148141035630000|13:41:43:563
62|1.1|636147898018089556|8880ad|49308.5625|18.42098160925|106.73438904042|633908|533455||49308.5625|309.5||30918.75|309.5|49308.5625|8880ad|HVN176|0|2429|0|||3|3|0|1|1|132|162|["132,178,5,1806","132,146,5,1804","132,162,5"]|636148141085630000|13:41:48:563
62|1.1|636147898068014548|8880ad|49313.5390625|18.43206984472|106.73108456386|633522|534677||49313.5390625|309.5||30918.75|309.5|49313.5390625|8880ad|HVN176|0|2429|0|||3|3|0|1|1|132|162|["132,178,5,1806","132,146,5,1804","132,162,5"]|636148141135390000|13:41:53:539
62|1.1|636147898117939540|8880ad|49318.5390625|18.44341557187|106.72759769736|633116|535927||49318.5390625|309.5||30900|309.5|49318.5390625|8880ad|HVN176|0|2429|0|||3|3|0|1|1|132|162|["132,178,5,1806","132,146,5,1804","132,162,5"]|636148141185390000|13:41:58:539
62|1.1|636147898167864532|8880ad|49323.5390625|18.45450917175|106.72419666142|632720|537149||49323.5390625|309.5||30875|309.5|49323.5390625|8880ad|HVN176|0|2429|0|||3|3|0|1|1|132|162|["132,178,5,1806","132,146,5,1804","132,162,5"]|636148141235390000|13:42:03:539
62|1.1|636147898217779523|8880ad|49328.515625|18.46524335616|106.72094046455|632340|538332||49328.515625|309.5||30837.5|309.5|49328.515625|8880ad|HVN176|0|2429|0|||3|3|0|1|1|132|146|["132,178,5,1806","132,146,5,1804","132,162,5"]|636148141285160000|13:42:08:516
62|1.1|636147898267694514|8880ad|49333.515625|18.4765300748|106.71734094544|631922|539575||49333.515625|309.5||30806.25|309.5|49333.515625|8880ad|HVN176|0|2429|0|||3|3|0|1|1|132|162|["132,178,5,1806","132,146,5,1804","132,162,5"]|636148141335160000|13:42:13:516
62|1.1|636147898317629507|8880ad|49338.5|18.48765049673|106.71366632459|631497|540799||49338.5|309.75||30800|309.5|49338.5|8880ad|HVN176|0|2429|0|||3|3|0|1|1|132|162|["132,178,5,1806","132,146,5,1804","132,162,5"]|636148141385000000|13:42:18:500
62|1.1|636147898367544498|8880ad|49343.5|18.49872263897|106.71000243256|631073|542018||49343.5|309.75||30806.25|309.75|49343.5|8880ad|HVN176|0|2429|0|||3|3|0|1|1|132|162|["132,178,5,1806","132,146,5,1804","132,162,5"]|636148141435000000|13:42:23:500
62|1.1|636147898417469490|8880ad|49348.5|18.50971431506|106.70631708289|630647|543229||49348.5|309.75||30812.5|309.75|49348.5|8880ad|HVN176|0|2429|0|||3|3|0|1|1|132|162|["132,178,5,1806","132,146,5,1804","132,162,5"]|636148141485000000|13:42:28:500
62|1.1|636147898467384481|8880ad|49353.4765625|18.520625525|106.70270147055|630229|544430||49353.4765625|309.75||30818.75|309.75|49353.4765625|8880ad|HVN176|0|2429|0|||3|3|0|1|1|132|162|["132,178,5,1806","132,146,5,1804","132,162,5"]|636148141534770000|13:42:33:477
62|1.1|636147898517309473|8880ad|49358.4765625|18.5310324804|106.69960620598|629867|545577||49358.4765625|310||30837.5|310|49358.4765625|8880ad|HVN176|0|2429|0|||3|3|0|1|1|132|162|["132,178,5,1806","132,146,5,1804","132,162,5"]|636148141584770000|13:42:38:477
62|1.1|636147898567234465|8880ad|49363.4609375|18.54205634295|106.69622662768|629474|546791||49363.4609375|310||30825|310|49363.4609375|8880ad|HVN176|0|2429|0|||3|3|0|1|1|132|146|["132,178,5,1806","132,146,5,1804","132,162,5"]|636148141634610000|13:42:43:461
62|1.1|636147898617149456|8880ad|49368.4609375|18.55300510376|106.69254664242|629048|547997||49368.4609375|310||30856.25|310|49368.4609375|8880ad|HVN176|0|2429|0|||3|3|0|1|1|132|162|["132,178,5,1806","132,146,5,1804","132,162,5"]|636148141684610000|13:42:48:461
62|1.1|636147898667074448|8880ad|49373.4609375|18.56384121196|106.68905441151|628644|549190||49373.4609375|310||30856.25|310|49373.4609375|8880ad|HVN176|0|2429|0|||3|3|0|1|1|132|178|["132,178,5,1806","132,146,5,1804","132,162,5"]|636148141734610000|13:42:53:461
62|1.1|636147898716999440|8880ad|49378.4375|18.57500454917|106.68503110401|628182|550418||49378.4375|310||30887.5|310|49378.4375|8880ad|HVN176|0|2429|0|||3|3|0|1|1|132|178|["132,178,5,1806","132,146,5,1804","132,162,5"]|636148141784380000|13:42:58:438
62|1.1|636147898766944434|8880ad|49383.4375|18.58613033551|106.68111508471|627731|551643||49383.4375|310.25||30918.75|310|49383.4375|8880ad|HVN176|0|2429|0|||3|3|0|1|1|132|178|["132,178,5,1806","132,146,5,1804","132,162,5"]|636148141834380000|13:43:03:438
62|1.1|636147898816839423|8880ad|49388.421875|18.59537321394|106.67957013463|627538|552665||49388.421875|310.25||30900|310|49388.421875|8880ad|HVN176|0|2429|0|||3|3|0|1|1|132|146|["132,178,5,1806","132,146,5,1804","132,162,5"]|636148141884220000|13:43:08:422
62|1.1|636147898866764415|8880ad|49393.421875|18.60617713568|106.67620664956|627147|553855||49393.421875|310.25||30900|310|49393.421875|8880ad|HVN176|0|2429|0|||3|3|0|1|1|132|178|["132,178,5,1806","132,146,5,1804","132,162,5"]|636148141934220000|13:43:13:422
62|1.1|636147898916689407|8880ad|49398.421875|18.6169166845|106.67285925772|626758|555038||49398.421875|310.25||30900|310|49398.421875|8880ad|HVN176|0|2429|0|||3|3|0|1|1|132|178|["132,178,5,1806","132,146,5,1804","132,162,5"]|636148141984220000|13:43:18:422
62|1.1|636147898966604398|8880ad|49403.3984375|18.62739337723|106.66972107787|626392|556193||49403.3984375|310.25||30900|310|49403.3984375|8880ad|HVN176|0|2429|0|||3|3|0|1|1|132|178|["132,178,5,1806","132,146,5,1804","132,162,5"]|636148142033980000|13:43:23:398
62|1.1|636147899016529390|8880ad|49408.3984375|18.63818120574|106.66666872858|626034|557382||49408.3984375|310.25||30887.5|310|49408.3984375|8880ad|HVN176|0|2429|0|||3|3|0|1|1|132|146|["132,178,5,1806","132,146,4,1804","132,162,5"]|636148142083980000|13:43:28:398
62|1.1|636147899066444381|8880ad|49413.375|18.64838431356|106.66376658277|625694|558507||49413.375|310.25||30900|310|49413.375|8880ad|HVN176|0|2429|0|||3|3|0|1|1|132|146|["132,178,5,1806","132,146,4,1804","132,162,5"]|636148142133750000|13:43:33:375
62|1.1|636147899116369373|8880ad|49418.375|18.65931698114|106.66042991975|625306|559712||49418.375|310.25||30843.75|310|49418.375|8880ad|HVN176|0|2429|0|||3|3|0|1|1|132|146|["132,178,5,1806","132,146,5,1826","132,162,5"]|636148142183750000|13:43:38:375
62|1.1|636147899166284364|8880ad|49423.375|18.6691123938|106.65767261301|624982|560792||49423.375|310.25||30831.25|310|49423.375|8880ad|HVN176|0|2429|0|||3|3|0|1|1|132|146|["132,178,5,1806","132,146,5,1826"]|636148142233750000|13:43:43:375
62|1.1|636147899216209356|8880ad|49428.359375|18.68060832443|106.65390143278|624546|562058||49428.359375|310.25||30812.5|310|49428.359375|8880ad|HVN176|0|2429|0|||3|3|0|1|1|132|146|["132,178,5,1806","132,146,5,1826"]|636148142283590000|13:43:48:359
62|1.1|636147899266134348|8880ad|49433.359375|18.69102600865|106.6507471597|624179|563206||49433.359375|310.25||30812.5|310|49433.359375|8880ad|HVN176|0|2429|0|||3|3|0|1|1|132|146|["132,178,5,1806","132,146,5,1826"]|636148142333590000|13:43:53:359
62|1.1|636147899316059340|8880ad|49438.3359375|18.70165826927|106.64743195432|623794|564378||49438.3359375|310.25||30812.5|310|49438.3359375|8880ad|HVN176|0|2429|0|||3|3|0|1|1|132|146|["132,178,5,1806","132,146,5,1826"]|636148142383360000|13:43:58:336
62|1.1|636147899365984332|8880ad|49443.3359375|18.71185064827|106.64440642708|623441|565501||49443.3359375|310.25||30800|310|49443.3359375|8880ad|HVN176|0|2429|0|||3|3|0|1|1|132|146|["132,178,5,1806","132,146,5,1826"]|636148142433360000|13:44:03:336
62|1.1|636147899415899323|8880ad|49448.3359375|18.72282086672|106.64090883176|623036|566709||49448.3359375|310.25||30806.25|310|49448.3359375|8880ad|HVN176|0|2429|0|||3|3|0|1|1|132|146|["132,178,5,1806","132,146,5,1826"]|636148142483360000|13:44:08:336
62|1.1|636147899465824315|8880ad|49453.3203125|18.7330025169|106.63787794011|622682|567832||49453.3203125|310.25||30812.5|310|49453.3203125|8880ad|HVN176|0|2429|0|||3|3|0|1|1|132|146|["132,178,5,1806","132,146,5,1826"]|636148142533200000|13:44:13:320
62|1.1|636147899515739306|8880ad|49458.3203125|18.74408538796|106.63436425156|622275|569053||49458.3203125|310||30806.25|310|49458.3203125|8880ad|HVN176|0|2429|0|||3|3|0|1|1|132|146|["132,178,5,1806","132,146,5,1826"]|636148142583200000|13:44:18:320
62|1.1|636147899565664298|8880ad|49463.296875|18.75422948727|106.63129580904|621917|570171||49463.296875|310.25||30818.75|310|49463.296875|8880ad|HVN176|0|2429|0|||3|3|0|1|1|132|146|["132,178,5,1806","132,146,5,1826"]|636148142632970000|13:44:23:297
62|1.1|636147899615579289|8880ad|49468.296875|18.76445405273|106.62822200211|621559|571298||49468.296875|310||30818.75|310|49468.296875|8880ad|HVN176|0|2429|0|||3|3|0|1|1|132|146|["132,178,5,1806","132,146,5,1826"]|636148142682970000|13:44:28:297
62|1.1|636147899665504281|8880ad|49473.296875|18.77520433037|106.62490679673|621174|572482||49473.296875|310||30843.75|310|49473.296875|8880ad|HVN176|0|2429|0|||3|3|0|1|1|132|146|["132,178,5,1806","132,146,5,1826","132,162,5"]|636148142732970000|13:44:33:297
62|1.1|636147899715429273|8880ad|49478.28125|18.78587950627|106.62155940489|620786|573659||49478.28125|310.25||30831.25|310|49478.28125|8880ad|HVN176|0|2429|0|||3|3|0|1|1|132|146|["132,178,5,1806","132,146,5,1826","132,162,5"]|636148142782810000|13:44:38:281
62|1.1|636147899765344264|8880ad|49483.28125|18.79612016496|106.61846414032|620426|574787||49483.28125|310||30818.75|310|49483.28125|8880ad|HVN176|0|2429|0|||3|3|0|1|1|132|146|["132,178,5,1806","132,146,5,1826","132,162,5"]|636148142832810000|13:44:43:281
62|1.1|636147899815269256|8880ad|49488.2578125|18.80716548515|106.61497727382|620021|576004||49488.2578125|310||30781.25|310|49488.2578125|8880ad|HVN176|0|2429|0|||3|3|0|1|1|132|146|["132,178,5,1806","132,146,5,1826","132,162,5"]|636148142882580000|13:44:48:258
62|1.1|636147899865194248|8880ad|49493.2578125|18.81756707614|106.61175862782|619647|577150||49493.2578125|310||30768.75|310|49493.2578125|8880ad|HVN176|0|2429|0|||3|3|0|1|1|132|146|["132,178,5,1806","132,146,5,1826","132,162,5"]|636148142932580000|13:44:53:258
62|1.1|636147899915109239|8880ad|49498.2578125|18.82831198937|106.60842732921|619261|578334||49498.2578125|310||30781.25|310|49498.2578125|8880ad|HVN176|0|2429|0|||3|3|0|1|1|132|146|["132,178,5,1806","132,146,5,1826","132,162,5"]|636148142982580000|13:44:58:258
62|1.1|636147899965034231|8880ad|49503.2421875|18.8381449529|106.60546617489|618916|579418||49503.2421875|310||30781.25|310|49503.2421875|8880ad|HVN176|0|2429|0|||3|3|0|1|1|132|146|["132,178,5,1806","132,146,5,1826","132,162,5"]|636148143032420000|13:45:03:242
62|1.1|636147900014959223|8880ad|49508.2421875|18.8487664847|106.60216169833|618533|580589||49508.2421875|309.75||30762.5|309.75|49508.2421875|8880ad|HVN176|0|2429|0|||3|3|0|1|1|132|146|["132,178,5,1806","132,146,5,1826","132,162,5"]|636148143082420000|13:45:08:242
62|1.1|636147900064884215|8880ad|49513.21875|18.85926463507|106.59887867941|618152|581745||49513.21875|310||30756.25|310|49513.21875|8880ad|HVN176|0|2429|0|||3|3|0|1|1|132|146|["132,178,5,1806","132,146,5,1826","132,162,5"]|636148143132190000|13:45:13:219
62|1.1|636147900114799206|8880ad|49518.21875|18.86944628525|106.59575122838|617788|582868||49518.21875|309.75||30743.75|309.75|49518.21875|8880ad|HVN176|0|2429|0|||3|3|0|1|1|132|146|["132,178,5,1806","132,146,5,1826"]|636148143182190000|13:45:18:219
62|1.1|636147900164724198|8880ad|49523.21875|18.87974058804|106.59255940443|617418|584002||49523.21875|309.75||30737.5|309.75|49523.21875|8880ad|HVN176|0|2429|0|||3|3|0|1|1|132|146|["132,178,5,1806","132,146,5,1826"]|636148143232190000|13:45:23:219
62|1.1|636147900214649190|8880ad|49528.1953125|18.88921950051|106.58968408067|617084|585047||49528.1953125|309.75||30743.75|309.75|49528.1953125|8880ad|HVN176|0|2429|0|||3|3|0|1|1|132|146|["132,178,5,1806","132,146,5,1826"]|636148143281950000|13:45:28:195
62|1.1|636147900264564181|8880ad|49533.1953125|18.90076371083|106.58599336659|616657|586319||49533.1953125|309.75||30731.25|309.75|49533.1953125|8880ad|HVN176|0|2429|0|||3|3|0|1|1|132|146|["132,178,5,1806","132,146,5,1826"]|636148143331950000|13:45:33:195
62|1.1|636147900314489173|8880ad|49538.1796875|18.91134769176|106.58266206798|616270|587484||49538.1796875|309.75||30731.25|309.75|49538.1796875|8880ad|HVN176|0|2429|0|||3|3|0|1|1|132|146|["132,178,5,1806","132,146,5,1826"]|636148143381800000|13:45:38:180
62|1.1|636147900364414165|8880ad|49543.1796875|18.92130940113|106.57955607459|615910|588582||49543.1796875|309.75||30737.5|309.75|49543.1796875|8880ad|HVN176|0|2429|0|||3|3|0|1|1|132|146|["132,146,5,1826"]|636148143431800000|13:45:43:180
62|1.1|636147900414339157|8880ad|49548.1796875|18.93163052597|106.57629451331|615533|589720||49548.1796875|309.75||30737.5|309.75|49548.1796875|8880ad|HVN176|0|2429|0|||3|3|0|1|1|132|146|["132,146,5,1826"]|636148143481800000|13:45:48:180
62|1.1|636147900464254148|8880ad|49553.15625|18.94202138814|106.57297930793|615149|590864||49553.15625|309.75||30750|309.75|49553.15625|8880ad|HVN176|0|2429|0|||3|3|0|1|1|132|146|["132,146,5,1826"]|636148143531560000|13:45:53:156
62|1.1|636147900514179140|8880ad|49558.15625|18.9527823946|106.56954072112|614751|592050||49558.15625|309.75||30743.75|309.75|49558.15625|8880ad|HVN176|0|2429|0|||3|3|0|1|1|132|146|["132,146,5,1826"]|636148143581560000|13:45:58:156
62|1.1|636147900564104132|8880ad|49563.140625|18.96205745949|106.56555496449|614300|593069||49563.140625|309.75||31006.25|309.75|49563.140625|8880ad|HVN176|0|2429|0|||3|3|0|1|1|132|146|["132,146,5,1826"]|636148143631410000|13:46:03:141
62|1.1|636147900614019123|8880ad|49568.140625|18.97283455918|106.56178914867|613868|594256||49568.140625|309.75||31025|309.75|49568.140625|8880ad|HVN176|0|2429|0|||3|3|0|1|1|132|146|["132,146,5,1826"]|636148143681410000|13:46:08:141
62|1.1|636147900663944115|8880ad|49573.140625|18.98331661632|106.55840957037|613477|595410||49573.140625|309.75||31056.25|309.75|49573.140625|8880ad|HVN176|0|2429|0|||3|3|0|1|1|132|146|["132,146,5,1826"]|636148143731410000|13:46:13:141
62|1.1|636147900713859106|8880ad|49578.1171875|18.99374502936|106.55511045822|613095|596559||49578.1171875|309.75||31062.5|309.75|49578.1171875|8880ad|HVN176|0|2429|0|||3|3|0|1|1|132|146|["132,146,5,1826"]|636148143781170000|13:46:18:117
62|1.1|636147900763784098|8880ad|49583.1171875|19.00435583234|106.55179525284|612711|597729||49583.1171875|310||31018.75|310|49583.1171875|8880ad|HVN176|0|2429|0|||3|3|0|1|1|132|146|["132,146,5,1826"]|636148143831170000|13:46:23:117
62|1.1|636147900813549074|8880ad|49588.1015625|19.01497736414|106.54861415771|612341|598900||49588.1015625|309.75||30887.5|309.75|49588.1015625|8880ad|HVN176|0|2429|0|||3|3|0|1|1|132|146|["132,146,5,1826"]|636148143881020000|13:46:28:102
62|1.1|636147900863474066|8880ad|49593.1015625|19.02569545532|106.54536868966|611964|600081||49593.1015625|309.75||30775|309.75|49593.1015625|8880ad|HVN176|0|2429|0|||3|3|0|1|1|132|146|["132,146,5,1826"]|636148143931020000|13:46:33:102
62|1.1|636147900913399058|8880ad|49598.1015625|19.03628480066|106.5421178572|611587|601248||49598.1015625|310||30706.25|310|49598.1015625|8880ad|HVN176|0|2429|0|||3|3|0|1|1|132|146|["132,146,5,1826"]|636148143981020000|13:46:38:102
62|1.1|636147900963474065|8880ad|49603.078125|19.04764662104|106.53858271101|611177|602501||49603.078125|309.75||30650|309.75|49603.078125|8880ad|HVN176|0|2429|0|||3|3|0|1|1|132|146|["132,146,5,1826"]|636148144030780000|13:46:43:078
62|1.1|636147901013399057|8880ad|49608.078125|19.05859001744|106.53516558184|610781|603707||49608.078125|309.75||30625|309.75|49608.078125|8880ad|HVN176|0|2429|0|||3|3|0|1|1|132|146|["132,146,5,1826"]|636148144080780000|13:46:48:078
62|1.1|636147901063164033|8880ad|49613.0625|19.0692973798|106.53181819|610394|604887||49613.0625|309.75||30618.75|309.75|49613.0625|8880ad|HVN176|0|2429|0|||3|3|0|1|1|132|146|["132,146,5,1826"]|636148144130630000|13:46:53:063
62|1.1|636147901113079024|8880ad|49618.0625|19.07913570774|106.52874438307|610038|605971||49618.0625|309.75||30625|309.75|49618.0625|8880ad|HVN176|0|2429|0|||3|3|0|1|1|132|146|["132,146,5,1826"]|636148144180630000|13:46:58:063
62|1.1|636147901163004016|8880ad|49623.0625|19.08911351034|106.52567057614|609681|607071||49623.0625|309.75||30650|309.75|49623.0625|8880ad|HVN176|0|2429|0|||3|3|0|1|1|132|146|["132,146,5,1826"]|636148144230630000|13:47:03:063
62|1.1|636147901212929008|8880ad|49628.0390625|19.09996034736|106.52224808256|609285|608266||49628.0390625|309.75||30656.25|309.75|49628.0390625|8880ad|HVN176|0|2429|0|||3|3|0|1|1|132|146|["132,146,5,1826"]|636148144280390000|13:47:08:039
62|1.1|636147901262854000|8880ad|49633.0390625|19.11055505711|106.51891141954|608899|609434||49633.0390625|309.75||30668.75|309.75|49633.0390625|8880ad|HVN176|0|2429|0|||3|3|0|1|1|132|146|["132,146,5,1826"]|636148144330390000|13:47:13:039
62|1.1|636147901312768991|8880ad|49638.015625|19.12082790226|106.51570350236|608528|610566||49638.015625|309.75||30693.75|309.75|49638.015625|8880ad|HVN176|0|2429|0|||3|3|0|1|1|132|146|["132,146,5,1826"]|636148144380160000|13:47:18:016
62|1.1|636147901362693983|8880ad|49643.015625|19.13198051065|106.51211471207|608113|611795||49643.015625|309.5||30687.5|309.5|49643.015625|8880ad|HVN176|0|2429|0|||3|3|0|1|1|132|146|["132,146,5,1826"]|636148144430160000|13:47:23:016
62|1.1|636147901412608974|8880ad|49648.015625|19.1426288645|106.50870294731|607719|612969||49648.015625|309||30681.25|309|49648.015625|8880ad|HVN176|0|2429|0|||3|3|0|1|1|132|146|["132,146,5,1826"]|636148144480160000|13:47:28:016
62|1.1|636147901462533966|8880ad|49653|19.1533040404|106.50529118255|607325|614145||49653|308.25||30643.75|308|49653|8880ad|HVN176|0|2429|-531.25|||3|3|2|1|1|132|146|["132,146,5,1826"]|636148144530000000|13:47:33:000
62|1.1|636147901512458958|8880ad|49658|19.16422597916|106.50176676518|606918|615348||49658|307.5||30587.5|307|49658|8880ad|HVN176|0|2429|-768.75|||3|3|2|1|1|132|146|["132,146,5,1826"]|636148144580000000|13:47:38:000
62|1.1|636147901562373949|8880ad|49662.9765625|19.17472949394|106.49839255129|606528|616506||49662.9765625|307.5||30568.75|306.75|49662.9765625|8880ad|HVN176|0|2429|-768.75|||3|3|2|1|1|132|146|["132,146,5,1826"]|636148144629770000|13:47:42:977
62|1.1|636147901612308942|8880ad|49667.9765625|19.18619323811|106.49464819311|606097|617769||49667.9765625|306||30456.25|305.75|49667.9765625|8880ad|HVN176|0|2429|-825|||3|3|2|1|1|132|146|["132,146,5,1826"]|636148144679770000|13:47:47:977
62|1.1|636147901662223933|8880ad|49672.9765625|19.19642853239|106.49138126742|605720|618897||49672.9765625|305.25||30368.75|305|49672.9765625|8880ad|HVN176|0|2429|-843.75|||3|3|2|1|1|132|146|["132,146,5,1826"]|636148144729770000|13:47:52:977
62|1.1|636147901712138924|8880ad|49677.9609375|19.20685158102|106.48809288409|605339|620046||49677.9609375|304.25||30306.25|304.25|49677.9609375|8880ad|HVN176|0|2429|-925|||3|3|2|1|1|132|146|["132,146,5,1826"]|636148144779610000|13:47:57:961
62|1.1|636147901762063916|8880ad|49682.9609375|19.21741410431|106.48467575492|604945|621209||49682.9609375|304.25||30262.5|303.5|49682.9609375|8880ad|HVN176|0|2429|-925|||3|3|2|1|1|132|146|["132,146,5,1826"]|636148144829610000|13:48:02:961
62|1.1|636147901811978907|8880ad|49687.9375|19.22812146667|106.48131763426|604557|622390||49687.9375|302.75||30168.75|302.5|49687.9375|8880ad|HVN176|0|2429|-943.75|||3|3|2|1|1|132|146|["132,146,5,1826"]|636148144879380000|13:48:07:938
62|1.1|636147901861913900|8880ad|49692.9375|19.23942427854|106.47757327608|604126|623635||49692.9375|302||30018.75|301.75|49692.9375|8880ad|HVN176|0|2429|-925|||3|3|2|1|1|132|146|["132,146,5,1826"]|636148144929380000|13:48:12:938
62|1.1|636147901911998908|8880ad|49697.9375|19.24956837785|106.4743653589|603755|624753||49697.9375|301.25||29925|301|49697.9375|8880ad|HVN176|0|2429|-925|||3|3|2|1|1|132|146|["132,146,5,1826"]|636148144979380000|13:48:17:938
62|1.1|636147901961753883|8880ad|49702.921875|19.26081218121|106.47062100072|603324|625992||49702.921875|300.25||29818.75|300.25|49702.921875|8880ad|HVN176|0|2429|-962.5|||3|3|2|1|1|132|146|["132,146,5,1826"]|636148145029220000|13:48:22:922
62|1.1|636147902011668874|8880ad|49707.921875|19.27139079773|106.46717168509|602927|627158||49707.921875|300.25||29737.5|299.5|49707.921875|8880ad|HVN176|0|2429|-962.5|||3|3|2|1|1|132|146|["132,146,5,1826"]|636148145079220000|13:48:27:922
62|1.1|636147902061593866|8880ad|49712.8984375|19.28194795661|106.46372773387|602530|628321||49712.8984375|300.25||29656.25|299|49712.8984375|8880ad|HVN176|0|2429|-962.5|||3|3|2|1|1|132|146|["132,146,5,1826"]|636148145128980000|13:48:32:898
62|1.1|636147902111518858|8880ad|49717.8984375|19.29208669151|106.46071829986|602180|629439||49717.8984375|298||29587.5|297.75|49717.8984375|8880ad|HVN176|0|2429|-943.75|||3|3|2|1|1|132|146|["132,146,5,1826"]|636148145178980000|13:48:37:898
62|1.1|636147902161433849|8880ad|49722.8984375|19.30263848598|106.45727434864|601784|630602||49722.8984375|298||29512.5|297|49722.8984375|8880ad|HVN176|0|2429|-943.75|||3|3|2|1|1|132|146|["132,146,5,1826"]|636148145228980000|13:48:42:898
62|1.1|636147902211358841|8880ad|49727.875|19.31313663635|106.45385721947|601390|631759||49727.875|298||29437.5|296.25|49727.875|8880ad|HVN176|0|2429|-943.75|||3|3|2|1|1|132|146|["132,146,5,1826"]|636148145278750000|13:48:47:875
62|1.1|636147902261303835|8880ad|49732.875|19.323677702|106.45041863266|600994|632920||49732.875|298||29362.5|295.5|49732.875|8880ad|HVN176|0|2429|-943.75|||3|3|2|1|1|132|146|[]|636148145328750000|13:48:52:875
62|1.1|636147902311208825|8880ad|49737.859375|19.33525409878|106.44673328299|600569|634196||49737.859375|295.5||29225|294.5|49737.859375|8880ad|HVN176|0|2429|-962.5|||3|3|2|1|1|132|146|["132,146,5,1826"]|636148145378590000|13:48:57:859
62|1.1|636147902361123816|8880ad|49742.859375|19.34585417294|106.44328396736|600171|635364||49742.859375|295.5||29137.5|293.75|49742.859375|8880ad|HVN176|0|2429|-962.5|||3|3|2|1|1|132|146|["132,146,5,1826"]|636148145428590000|13:49:02:859
62|1.1|636147902411038807|8880ad|49747.859375|19.35644888269|106.43982392291|599773|636532||49747.859375|295.5||29056.25|293.25|49747.859375|8880ad|HVN176|0|2429|-962.5|||3|3|2|1|1|132|146|[]|636148145478590000|13:49:07:859
62|1.1|636147902460963799|8880ad|49752.8359375|19.36700067716|106.43637460728|599376|637695||49752.8359375|295.5||28975|292.5|49752.8359375|8880ad|HVN176|0|2429|-962.5|||3|3|2|1|1|132|146|[]|636148145528360000|13:49:12:836
62|1.1|636147902510888791|X|49757.8359375||||||||||||X|X|X|2429|||||||1|1|0|0|[]|636148145578360000|13:49:17:836
