62|1.1|636147897412839037|89612c|49248.015625|14.13089127113|99.05927552615|-182429|49888||49248.015625|320||32000|318|49248.015625|89612c|ETD423|0|2120|0|||3|3|0|1|1|132|5|["132,18,5,3709","132,114,5,430"]|636148140480160000|13:40:48:016
62|1.1|636147897462724025|89612c|49253.015625|14.13325161153|99.04702857812|-183750|50159||49253.015625|320||32000|318|49253.015625|89612c|ETD423|0|2120|0|||3|3|0|1|1|132|18|["132,18,5,3709","132,114,5,430"]|636148140530160000|13:40:53:016
62|1.1|636147897512639016|89612c|49258.015625|14.13549929932|99.03622465638|-184915|50416||49258.015625|320||32000|318|49258.015625|89612c|ETD423|0|2120|0|||3|3|0|1|1|132|18|["132,18,5,3709","132,114,5,430"]|636148140580160000|13:40:58:016
62|1.1|636147897562554007|89612c|49263|14.13760214804|99.0247019037|-186157|50658||49263|320||32006.25|318|49263|89612c|ETD423|0|2120|0|||3|3|0|1|1|132|18|["132,18,5,3709","132,114,5,430"]|636148140630000000|13:41:03:000
62|1.1|636147897612478999|89612c|49268|14.13995712403|99.01380142258|-187333|50927||49268|320||32006.25|318|49268|89612c|ETD423|0|2120|0|||3|3|0|1|1|132|18|["132,18,5,3709","132,114,5,430"]|636148140680000000|13:41:08:000
62|1.1|636147897662403991|89612c|49272.9765625|14.14245693909|99.00112532175|-188700|51214||49272.9765625|320||32000|318|49272.9765625|89612c|ETD423|0|2120|0|||3|3|0|1|1|132|18|["132,18,5,3709","132,114,5,430"]|636148140729770000|13:41:12:977
62|1.1|636147897712318982|89612c|49277.9765625|14.14467244042|98.98923778919|-189981|51468||49277.9765625|320||32000|318|49277.9765625|89612c|ETD423|0|2120|0|||3|3|0|1|1|132|18|["132,18,5,3709","132,114,5,430"]|636148140779770000|13:41:17:977
62|1.1|636147897762243974|89612c|49282.9765625|14.14693085703|98.97725369725|-191274|51728||49282.9765625|320||32006.25|318|49282.9765625|89612c|ETD423|0|2120|0|||3|3|0|1|1|132|18|["132,18,5,3709","132,114,5,430"]|636148140829770000|13:41:22:977
62|1.1|636147897812178967|89612c|49287.9609375|14.14973107905|98.96493164748|-192602|52048||49287.9609375|320||32000|318|49287.9609375|89612c|ETD423|0|2120|0|||3|3|0|1|1|132|18|["132,18,5,3709","132,114,5,430"]|636148140879610000|13:41:27:961
62|1.1|636147897862093958|89612c|49292.9609375|14.15198949566|98.95294755554|-193894|52307||49292.9609375|320||32000|318|49292.9609375|89612c|ETD423|0|2120|0|||3|3|0|1|1|132|18|["132,18,5,3709","132,114,5,430"]|636148140929610000|13:41:32:961
62|1.1|636147897912008949|89612c|49297.9375|14.15407625115|98.9410707518|-195175|52548||49297.9375|320||31993.75|318|49297.9375|89612c|ETD423|0|2120|0|||3|3|0|1|1|132|18|["132,18,5,3709","132,114,5,430"]|636148140979380000|13:41:37:938
62|1.1|636147897961953943|89612c|49302.9375|14.15691402404|98.93161866138|-196193|52869||49302.9375|320||32006.25|318|49302.9375|89612c|ETD423|0|2120|0|||3|3|0|1|1|132|18|["132,18,5,3709","132,114,5,430"]|636148141029380000|13:41:42:938
62|1.1|636147898011858933|89612c|49307.9375|14.15949966966|98.92059479883|-197381|53165||49307.9375|320||32006.25|318|49307.9375|89612c|ETD423|0|2120|0|||3|3|0|1|1|132|18|["132,18,5,3709","132,114,5,430"]|636148141079380000|13:41:47:938
62|1.1|636147898061773924|89612c|49312.921875|14.16185464565|98.90941536839|-198587|53435||49312.921875|320||32012.5|318|49312.921875|89612c|ETD423|0|2120|0|||3|3|0|1|1|132|18|["132,18,5,3709","132,114,5,430"]|636148141129220000|13:41:52:922
62|1.1|636147898111698916|89612c|49317.921875|14.16462268121|98.89774777664|-199844|53751||49317.921875|320||32000|318|49317.921875|89612c|ETD423|0|2120|0|||3|3|0|1|1|132|18|["132,18,5,3709","132,114,5,430"]|636148141179220000|13:41:57:922
62|1.1|636147898161623908|89612c|49322.8984375|14.16736925913|98.88611773576|-201098|54065||49322.8984375|320||32006.25|318|49322.8984375|89612c|ETD423|0|2120|0|||3|3|0|1|1|132|5|["132,18,5,3709","132,114,5,430"]|636148141228980000|13:42:02:898
62|1.1|636147898211548900|89612c|49327.8984375|14.17026067612|98.87327533822|-202482|54395||49327.8984375|320||32000|318|49327.8984375|89612c|ETD423|0|2120|0|||3|3|0|1|1|132|5|["132,18,5,3709","132,114,5,430"]|636148141278980000|13:42:07:898
62|1.1|636147898261463891|89612c|49332.8984375|14.17281949969|98.86142535653|-203759|54689||49332.8984375|320||32000|318|49332.8984375|89612c|ETD423|0|2120|0|||3|3|0|1|1|132|18|["132,18,5,3709","132,114,5,430"]|636148141328980000|13:42:12:898
62|1.1|636147898311378882|89612c|49337.875|14.17536223003|98.84940371372|-205055|54980||49337.875|320||32000|318|49337.875|89612c|ETD423|0|2120|0|||3|3|0|1|1|132|18|["132,18,5,3709","132,114,5,430"]|636148141378750000|13:42:17:875
62|1.1|636147898361313875|89612c|49342.875|14.17787813832|98.83731233358|-206358|55270||49342.875|320||31993.75|318|49342.875|89612c|ETD423|0|2120|0|||3|3|0|1|1|132|18|["132,18,5,3709","132,114,5,430"]|636148141428750000|13:42:22:875
62|1.1|636147898411228866|89612c|49347.875|14.18037258897|98.82533360605|-207649|55556||49347.875|320||31987.5|318|49347.875|89612c|ETD423|0|2120|0|||3|3|0|1|1|132|18|["132,18,5,3709","132,114,5,430"]|636148141478750000|13:42:27:875
62|1.1|636147898461153858|89612c|49352.859375|14.18303333633|98.8132368615|-208953|55861||49352.859375|320||31950|318|49352.859375|89612c|ETD423|0|2120|0|||3|3|0|1|1|132|18|["132,18,5,3709","132,114,5,430"]|636148141528590000|13:42:32:859
62|1.1|636147898511078850|89612c|49357.859375|14.18606422798|98.8028299061|-210074|56205||49357.859375|320||32006.25|318|49357.859375|89612c|ETD423|0|2120|0|||3|3|0|1|1|132|5|["132,18,5,3709","132,114,5,430"]|636148141578590000|13:42:37:859
62|1.1|636147898560993841|89612c|49362.8359375|14.18841383956|98.79223519635|-211216|56475||49362.8359375|320||32012.5|318|49362.8359375|89612c|ETD423|0|2120|0|||3|3|0|1|1|132|18|["132,18,5,3709","132,114,5,430"]|636148141628360000|13:42:42:836
62|1.1|636147898610908832|89612c|49367.8359375|14.19086001052|98.7804603164|-212485|56756||49367.8359375|320||32018.75|318|49367.8359375|89612c|ETD423|0|2120|0|||3|3|0|1|1|132|18|["132,18,5,3709","132,114,5,430"]|636148141678360000|13:42:47:836
62|1.1|636147898660853826|89612c|49372.8203125|14.19330081707|98.76858351266|-213765|57037||49372.8203125|320||32018.75|318|49372.8203125|89612c|ETD423|0|2120|0|||3|3|0|1|1|132|18|["132,18,5,3709","132,114,5,430"]|636148141728200000|13:42:52:820
62|1.1|636147898710758816|89612c|49377.8203125|14.19518908939|98.75645458165|-215073|57257||49377.8203125|320||32000|318|49377.8203125|89612c|ETD423|0|2120|0|||3|3|0|1|1|132|18|["132,18,5,3709","132,114,5,430"]|636148141778200000|13:42:57:820
62|1.1|636147898760673807|89612c|49382.8203125|14.19733485339|98.74449731176|-216362|57505||49382.8203125|320||31975|318|49382.8203125|89612c|ETD423|0|2120|0|||3|3|0|1|1|132|18|["132,18,5,3709","132,114,5,430"]|636148141828200000|13:43:02:820
62|1.1|636147898810598799|89612c|49387.796875|14.20001705839|98.7326097792|-217643|57813||49387.796875|320||31950|318|49387.796875|89612c|ETD423|0|2120|0|||3|3|0|1|1|132|18|["132,18,5,3709","132,114,5,430"]|636148141877970000|13:43:07:797
62|1.1|636147898860523791|89612c|49392.796875|14.20253833109|98.7208617213|-218909|58103||49392.796875|320||31937.5|318|49392.796875|89612c|ETD423|0|2120|0|||3|3|0|1|1|132|18|["132,18,5,3709","132,114,5,430"]|636148141927970000|13:43:12:797
62|1.1|636147898910458784|89612c|49397.78125|14.20541901926|98.70896345992|-220191|58433||49397.78125|320||31912.5|318|49397.78125|89612c|ETD423|0|2120|0|||3|3|0|1|1|132|18|["132,18,5,3709","132,114,5,430"]|636148141977810000|13:43:17:781
62|1.1|636147898960363774|89612c|49402.78125|14.20818169041|98.69731732581|-221446|58749||49402.78125|320||31918.75|318|49402.78125|89612c|ETD423|0|2120|0|||3|3|0|1|1|132|18|["132,18,5,3709","132,114,5,430"]|636148142027810000|13:43:22:781
62|1.1|636147899010288766|89612c|49407.78125|14.21119112442|98.68569264934|-222698|59093||49407.78125|320||31925|318|49407.78125|89612c|ETD423|0|2120|0|||3|3|0|1|1|132|18|["132,18,5,3709","132,114,5,430"]|636148142077810000|13:43:27:781
62|1.1|636147899060223759|89612c|49412.7578125|14.21401280408|98.67405187964|-223952|59416||49412.7578125|320||31925|318|49412.7578125|89612c|ETD423|0|2120|0|||3|3|0|1|1|132|18|["132,18,5,3709","132,114,5,430"]|636148142127580000|13:43:32:758
62|1.1|636147899110128749|89612c|49417.7578125|14.21677011082|98.66219653354|-225229|59733||49417.7578125|320||31925|318|49417.7578125|89612c|ETD423|0|2120|0|||3|3|0|1|1|132|18|["132,18,5,3709","132,114,5,430"]|636148142177580000|13:43:37:758
62|1.1|636147899160063742|89612c|49422.7421875|14.21928601911|98.65078106906|-226459|60022||49422.7421875|320||31937.5|318|49422.7421875|89612c|ETD423|0|2120|0|||3|3|0|1|1|132|18|["132,18,5,3709","132,114,5,430"]|636148142227420000|13:43:42:742
62|1.1|636147899209978733|89612c|49427.7421875|14.22199504616|98.63924758756|-227702|60333||49427.7421875|320||31956.25|318|49427.7421875|89612c|ETD423|0|2120|0|||3|3|0|1|1|132|18|["132,18,5,3709","132,114,5,430"]|636148142277420000|13:43:47:742
62|1.1|636147899259903725|89612c|49432.7421875|14.22437147979|98.62770337724|-228946|60607||49432.7421875|320||31968.75|318|49432.7421875|89612c|ETD423|0|2120|0|||3|3|0|1|1|132|18|["132,18,5,3709","132,114,5,430"]|636148142327420000|13:43:52:742
62|1.1|636147899309818716|89612c|49437.71875|14.22685520162|98.61623426866|-230181|60893||49437.71875|320||31968.75|318|49437.71875|89612c|ETD423|0|2120|0|||3|3|0|1|1|132|18|["132,18,5,3709","132,114,5,430"]|636148142377190000|13:43:57:719
62|1.1|636147899359753709|89612c|49442.71875|14.22922090643|98.60453449045|-231442|61166||49442.71875|320||31975|318|49442.71875|89612c|ETD423|0|2120|0|||3|3|0|1|1|132|18|["132,18,5,3709","132,114,5,430"]|636148142427190000|13:44:02:719
62|1.1|636147899409668700|89612c|49447.6953125|14.23155978919|98.59267914435|-232720|61436||49447.6953125|320||31962.5|318|49447.6953125|89612c|ETD423|0|2120|0|||3|3|0|1|1|132|18|["132,18,5,3709","132,114,5,430"]|636148142476950000|13:44:07:695
62|1.1|636147899459583691|89612c|49452.6953125|14.23371628201|98.5809579085|-233983|61687||49452.6953125|320||31956.25|318|49452.6953125|89612c|ETD423|0|2120|0|||3|3|0|1|1|132|18|["132,18,5,3709","132,114,5,430"]|636148142526950000|13:44:12:695
62|1.1|636147899509508683|89612c|49457.6953125|14.23610344446|98.56925813029|-235244|61962||49457.6953125|320||31950|318|49457.6953125|89612c|ETD423|0|2120|0|||3|3|0|1|1|132|18|["132,18,5,3709","132,114,5,430"]|636148142576950000|13:44:17:695
62|1.1|636147899559443676|89612c|49462.6796875|14.23834040343|98.55770319115|-236489|62222||49462.6796875|320||31950|318|49462.6796875|89612c|ETD423|0|2120|0|||3|3|0|1|1|132|18|["132,18,5,3709","132,114,5,430"]|636148142626800000|13:44:22:680
62|1.1|636147899609348666|89612c|49467.6796875|14.24073293029|98.54611070114|-237738|62498||49467.6796875|320||31950|318|49467.6796875|89612c|ETD423|0|2120|0|||3|3|0|1|1|132|18|["132,18,5,3709","132,114,5,430"]|636148142676800000|13:44:27:680
62|1.1|636147899659273658|89612c|49472.65625|14.24308790628|98.53450748231|-238988|62770||49472.65625|320||31937.5|318|49472.65625|89612c|ETD423|0|2120|0|||3|3|0|1|1|132|18|["132,18,5,3709","132,114,5,430"]|636148142726560000|13:44:32:656
62|1.1|636147899709198650|89612c|49477.65625|14.24550189078|98.52278624646|-240251|63049||49477.65625|320||31931.25|318|49477.65625|89612c|ETD423|0|2120|0|||3|3|0|1|1|132|18|["132,18,5,3709","132,114,5,430"]|636148142776560000|13:44:37:656
62|1.1|636147899759133643|89612c|49482.65625|14.24806071435|98.51104355297|-241516|63344||49482.65625|320||31925|318|49482.65625|89612c|ETD423|0|2120|0|||3|3|0|1|1|132|18|["132,18,5,3709","132,114,5,430"]|636148142826560000|13:44:42:656
62|1.1|636147899809038633|89612c|49487.640625|14.25049079208|98.49941351209|-242769|63625||49487.640625|320||31918.75|318|49487.640625|89612c|ETD423|0|2120|0|||3|3|0|1|1|132|18|["132,18,5,3709","132,114,5,430"]|636148142876410000|13:44:47:641
62|1.1|636147899858963625|89612c|49492.640625|14.25277603074|98.48769764065|-244031|63890||49492.640625|320||31906.25|318|49492.640625|89612c|ETD423|0|2120|0|||3|3|0|1|1|132|18|["132,18,5,3709","132,114,5,430"]|636148142926410000|13:44:52:641
62|1.1|636147899908898618|89612c|49497.6171875|14.25526511698|98.47611587946|-245279|64178||49497.6171875|320||31900|318|49497.6171875|89612c|ETD423|0|2120|0|||3|3|0|1|1|132|18|["132,18,5,3709","132,114,5,430"]|636148142976170000|13:44:57:617
62|1.1|636147899958813609|89612c|49502.6171875|14.25753962682|98.46470577939|-246508|64441||49502.6171875|320||31912.5|318|49502.6171875|89612c|ETD423|0|2120|0|||3|3|0|1|1|132|18|["132,18,5,3709","132,114,5,430"]|636148143026170000|13:45:02:617
62|1.1|636147900008728600|89612c|49507.6171875|14.25982486548|98.4530703741|-247762|64706||49507.6171875|320||31912.5|318|49507.6171875|89612c|ETD423|0|2120|0|||3|3|0|1|1|132|18|["132,18,5,3709","132,114,5,430"]|636148143076170000|13:45:07:617
62|1.1|636147900058643591|89612c|49512.6015625|14.26249097725|98.44137059589|-249022|65014||49512.6015625|320||31906.25|318|49512.6015625|89612c|ETD423|0|2120|0|||3|3|0|1|1|132|18|["132,18,5,3709","132,114,5,430"]|636148143126020000|13:45:12:602
62|1.1|636147900108578584|89612c|49517.6015625|14.26494251262|98.4297351906|-250275|65297||49517.6015625|320||31900|318|49517.6015625|89612c|ETD423|0|2120|0|||3|3|0|1|1|132|18|["132,18,5,3709","132,114,5,430"]|636148143176020000|13:45:17:602
62|1.1|636147900158493575|89612c|49522.578125|14.2676139888|98.41818561587|-251519|65605||49522.578125|320||31906.25|318|49522.578125|89612c|ETD423|0|2120|0|||3|3|0|1|1|132|18|["132,18,5,3709","132,114,5,430"]|636148143225780000|13:45:22:578
62|1.1|636147900208408566|89612c|49527.578125|14.26985631218|98.40668432083|-252758|65865||49527.578125|320||31912.5|318|49527.578125|89612c|ETD423|0|2120|0|||3|3|0|1|1|132|18|["132,18,5,3709","132,114,5,430"]|636148143275780000|13:45:27:578
62|1.1|636147900258333558|89612c|49532.578125|14.27252778836|98.39498990703|-254017|66173||49532.578125|320||31912.5|318|49532.578125|89612c|ETD423|0|2120|0|||3|3|0|1|1|132|18|["132,18,5,3709","132,114,5,430"]|636148143325780000|13:45:32:578
62|1.1|636147900308268551|89612c|49537.5625|14.27510270516|98.38331158646|-255275|66471||49537.5625|320||31906.25|318|49537.5625|89612c|ETD423|0|2120|0|||3|3|0|1|1|132|18|["132,18,5,3709","132,114,5,430"]|636148143375630000|13:45:37:563
62|1.1|636147900358173541|89612c|49542.5625|14.27805849507|98.37138650303|-256559|66811||49542.5625|320||31893.75|318|49542.5625|89612c|ETD423|0|2120|0|||3|3|0|1|1|132|18|["132,18,5,3709","132,114,5,430"]|636148143425630000|13:45:42:563
62|1.1|636147900408098533|89612c|49547.5390625|14.28152390393|98.3598369283|-257802|67207||49547.5390625|320||31918.75|318|49547.5390625|89612c|ETD423|0|2120|0|||3|3|0|1|1|132|18|["132,18,5,3709","132,114,5,430"]|636148143475390000|13:45:47:539
62|1.1|636147900458023525|89612c|49552.5390625|14.28567595727|98.34826589593|-259046|67679||49552.5390625|320||31943.75|318|49552.5390625|89612c|ETD423|0|2120|0|||3|3|0|1|1|132|18|["132,18,5,3709","132,114,5,430"]|636148143525390000|13:45:52:539
62|1.1|636147900507938516|89612c|49557.5390625|14.28749985667|98.33653929567|-260310|67894||49557.5390625|320||31950|318|49557.5390625|89612c|ETD423|0|2120|0|||3|3|0|1|1|132|18|["132,18,5,3709","132,114,5,430"]|636148143575390000|13:45:57:539
62|1.1|636147900557883510|89612c|49562.515625|14.28994602763|98.32501654299|-261551|68177||49562.515625|320||31962.5|318|49562.515625|89612c|ETD423|0|2120|0|||3|3|0|1|1|132|18|["132,18,5,3709","132,114,5,430"]|636148143625160000|13:46:02:516
62|1.1|636147900607788500|89612c|49567.515625|14.29234928331|98.31340795975|-262802|68456||49567.515625|320||31968.75|318|49567.515625|89612c|ETD423|0|2120|0|||3|3|0|1|1|132|18|["132,18,5,3709","132,114,5,430"]|636148143675160000|13:46:07:516
62|1.1|636147900657703491|89612c|49572.5|14.29488128483|98.30177255446|-264054|68750||49572.5|320||31975|318|49572.5|89612c|ETD423|0|2120|0|||3|3|0|1|1|132|18|["132,18,5,3709","132,114,5,430"]|636148143725000000|13:46:12:500
62|1.1|636147900707628483|89612c|49577.5|14.29697876914|98.28998694569|-265324|68995||49577.5|320||31962.5|318|49577.5|89612c|ETD423|0|2120|0|||3|3|0|1|1|132|18|["132,18,5,3709","132,114,5,430"]|636148143775000000|13:46:17:500
62|1.1|636147900757553475|89612c|49582.5|14.29917281283|98.27821206574|-266593|69251||49582.5|320||31950|318|49582.5|89612c|ETD423|0|2120|0|||3|3|0|1|1|132|18|["132,18,5,3709","132,114,5,430"]|636148143825000000|13:46:22:500
62|1.1|636147900807488468|89612c|49587.4765625|14.30151169559|98.26652838076|-267851|69523||49587.4765625|320||31931.25|318|49587.4765625|89612c|ETD423|0|2120|0|||3|3|0|1|1|132|18|["132,18,5,3709","132,114,5,430"]|636148143874770000|13:46:27:477
62|1.1|636147900857403459|89612c|49592.4765625|14.30385594276|98.25488224665|-269105|69796||49592.4765625|320||31931.25|318|49592.4765625|89612c|ETD423|0|2120|0|||3|3|0|1|1|132|18|["132,18,5,3709","132,114,5,430"]|636148143924770000|13:46:32:477
62|1.1|636147900907318450|89612c|49597.4609375|14.30604462204|98.24334340074|-270348|70051||49597.4609375|320||31931.25|318|49597.4609375|89612c|ETD423|0|2120|0|||3|3|0|1|1|132|18|["132,18,5,3709","132,114,5,430"]|636148143974610000|13:46:37:461
62|1.1|636147900957093427|89612c|49602.4609375|14.30828158101|98.23175091073|-271597|70312||49602.4609375|320||31925|318|49602.4609375|89612c|ETD423|0|2120|0|||3|3|0|1|1|132|18|["132,18,5,3709","132,114,5,430"]|636148144024610000|13:46:42:461
62|1.1|636147901007158433|89612c|49607.4609375|14.31093159955|98.21997066637|-272865|70619||49607.4609375|320||31912.5|318|49607.4609375|89612c|ETD423|0|2120|0|||3|3|0|1|1|132|18|["132,18,5,3709","132,114,5,430"]|636148144074610000|13:46:47:461
62|1.1|636147901057083425|89612c|49612.4375|14.31329730436|98.20854983748|-274095|70894||49612.4375|320||31931.25|318|49612.4375|89612c|ETD423|0|2120|0|||3|3|0|1|1|132|18|["132,18,5,3709","132,114,5,430"]|636148144124380000|13:46:52:438
62|1.1|636147901106998416|89612c|49617.4375|14.31559863625|98.19687688132|-275352|71162||49617.4375|320||31925|318|49617.4375|89612c|ETD423|0|2120|0|||3|3|0|1|1|132|18|["132,18,5,3709","132,114,5,430"]|636148144174380000|13:46:57:438
62|1.1|636147901156923408|89612c|49622.421875|14.3179321546|98.18530584895|-276598|71434||49622.421875|320||31918.75|318|49622.421875|89612c|ETD423|0|2120|0|||3|3|0|1|1|132|18|["132,18,5,3709","132,114,5,430"]|636148144224220000|13:47:02:422
62|1.1|636147901206858401|89612c|49627.421875|14.32022275767|98.17356315546|-277863|71701||49627.421875|320||31900|318|49627.421875|89612c|ETD423|0|2120|0|||3|3|0|1|1|132|18|["132,18,5,3709","132,114,5,430"]|636148144274220000|13:47:07:422
62|1.1|636147901256763391|89612c|49632.421875|14.32232560639|98.16196530104|-279112|71948||49632.421875|320||31900|318|49632.421875|89612c|ETD423|0|2120|0|||3|3|0|1|1|132|18|["132,18,5,3709","132,114,5,430"]|636148144324220000|13:47:12:422
62|1.1|636147901306698384|89612c|49637.3984375|14.32455720095|98.15038890426|-280359|72209||49637.3984375|320||31893.75|318|49637.3984375|89612c|ETD423|0|2120|0|||3|3|0|1|1|132|18|["132,18,5,3709","132,114,5,430"]|636148144373980000|13:47:17:398
62|1.1|636147901356473361|89612c|49642.3984375|14.32675124464|98.1389305245|-281593|72465||49642.3984375|320||31906.25|318|49642.3984375|89612c|ETD423|0|2120|0|||3|3|0|1|1|132|18|["132,18,5,3709","132,114,5,430"]|636148144423980000|13:47:22:398
62|1.1|636147901406378351|89612c|49647.375|14.32919205119|98.12738631418|-282836|72749||49647.375|320||31906.25|318|49647.375|89612c|ETD423|0|2120|0|||3|3|0|1|1|132|18|["132,18,5,3709","132,114,5,430"]|636148144473750000|13:47:27:375
62|1.1|636147901456303343|89612c|49652.375|14.33157384923|98.1157562733|-284088|73026||49652.375|320||31906.25|318|49652.375|89612c|ETD423|0|2120|0|||3|3|0|1|1|132|18|["132,18,5,3709","132,114,5,430"]|636148144523750000|13:47:32:375
62|1.1|636147901506218334|89612c|49657.375|14.33412194398|98.1040082154|-285353|73323||49657.375|320||31893.75|318|49657.375|89612c|ETD423|0|2120|0|||3|3|0|1|1|132|18|["132,18,5,3709","132,114,5,430"]|636148144573750000|13:47:37:375
62|1.1|636147901556143326|89612c|49662.359375|14.33659493699|98.09246936949|-286595|73610||49662.359375|320||31893.75|318|49662.359375|89612c|ETD423|0|2120|0|||3|3|0|1|1|132|18|["132,18,5,3709","132,114,5,430"]|636148144623590000|13:47:42:359
62|1.1|636147901606078319|89612c|49667.359375|14.33920204025|98.08078568451|-287853|73913||49667.359375|320||31893.75|318|49667.359375|89612c|ETD423|0|2120|0|||3|3|0|1|1|132|18|["132,18,5,3709","132,114,5,430"]|636148144673590000|13:47:47:359
62|1.1|636147901655993310|89612c|49672.3359375|14.34186815202|98.06910199953|-289110|74222||49672.3359375|320||31887.5|318|49672.3359375|89612c|ETD423|0|2120|0|||3|3|0|1|1|132|18|["132,18,5,3709","132,114,5,430"]|636148144723360000|13:47:52:336
62|1.1|636147901705908301|89612c|49677.3359375|14.34434650944|98.05762216213|-290346|74511||49677.3359375|320||31893.75|318|49677.3359375|89612c|ETD423|0|2120|0|||3|3|0|1|1|132|114|["132,18,5,3709","132,114,5,430"]|636148144773360000|13:47:57:336
62|1.1|636147901755823292|89612c|49682.3359375|14.34727011289|98.04572926516|-291626|74849||49682.3359375|320||31887.5|318|49682.3359375|89612c|ETD423|0|2120|0|||3|3|0|1|1|132|18|["132,18,5,3709","132,114,5,430"]|636148144823360000|13:48:02:336
62|1.1|636147901805748284|89612c|49687.3203125|14.34994695348|98.03414750397|-292873|75160||49687.3203125|320||31900|318|49687.3203125|89612c|ETD423|0|2120|0|||3|3|0|1|1|132|18|["132,18,5,3709","132,114,5,430"]|636148144873200000|13:48:07:320
62|1.1|636147901855673276|89612c|49692.3203125|14.35247359059|98.02251746309|-294125|75454||49692.3203125|320||31900|318|49692.3203125|89612c|ETD423|0|2120|0|||3|3|0|1|1|132|114|["132,18,5,3709","132,114,5,430"]|636148144923200000|13:48:12:320
62|1.1|636147901905598268|89612c|49697.296875|14.35491439714|98.01090351544|-295375|75738||49697.296875|320||31900|318|49697.296875|89612c|ETD423|0|2120|0|||3|3|0|1|1|132|114|["132,18,5,3709","132,114,5,430"]|636148144972970000|13:48:17:297
62|1.1|636147901955513259|89612c|49702.296875|14.35749467835|97.99917155077|-296638|76039||49702.296875|320||31900|318|49702.296875|89612c|ETD423|0|2120|0|||3|3|0|1|1|132|114|["132,18,5,3709","132,114,5,430"]|636148145022970000|13:48:22:297
62|1.1|636147902005448252|89612c|49707.296875|14.3600964172|97.98741276405|-297903|76342||49707.296875|320||31893.75|318|49707.296875|89612c|ETD423|0|2120|0|||3|3|0|1|1|132|18|["132,18,5,3709","132,114,5,430"]|636148145072970000|13:48:27:297
62|1.1|636147902055383245|89612c|49712.28125|14.36241920673|97.97595438429|-299137|76613||49712.28125|320||31912.5|318|49712.28125|89612c|ETD423|0|2120|0|||3|3|0|1|1|132|114|["132,18,5,3709","132,114,5,430"]|636148145122810000|13:48:32:281
62|1.1|636147902105278234|89612c|49717.28125|14.36488683533|97.96433507223|-300387|76901||49717.28125|320||31918.75|318|49717.28125|89612c|ETD423|0|2120|0|||3|3|0|1|1|132|114|["132,18,5,3709","132,114,5,430"]|636148145172810000|13:48:37:281
62|1.1|636147902155203226|89612c|49722.2578125|14.36757440474|97.9526245652|-301648|77214||49722.2578125|320||31912.5|318|49722.2578125|89612c|ETD423|0|2120|0|||3|3|0|1|1|132|114|["132,18,5,3709","132,114,5,430"]|636148145222580000|13:48:42:258
62|1.1|636147902205118217|89612c|49727.2578125|14.3699669316|97.94101061755|-302898|77493||49727.2578125|320||31918.75|318|49727.2578125|89612c|ETD423|0|2120|0|||3|3|0|1|1|132|114|["132,18,5,3709","132,114,5,430"]|636148145272580000|13:48:47:258
62|1.1|636147902255043209|89612c|49732.2578125|14.37269741629|97.92909626294|-304180|77811||49732.2578125|320||31900|318|49732.2578125|89612c|ETD423|0|2120|0|||3|3|0|1|1|132|114|["132,18,5,3709","132,114,5,430"]|636148145322580000|13:48:52:258
62|1.1|636147902304968201|89612c|49737.2421875|14.37510067197|97.91736429827|-305443|78092||49737.2421875|320||31887.5|318|49737.2421875|89612c|ETD423|0|2120|0|||3|3|0|1|1|132|114|["132,18,5,3709","132,114,5,430"]|636148145372420000|13:48:57:242
62|1.1|636147902354893193|89612c|49742.2421875|14.37762194467|97.9057932659|-306688|78386||49742.2421875|320||31906.25|318|49742.2421875|89612c|ETD423|0|2120|0|||3|3|0|1|1|132|114|["132,18,5,3709","132,114,5,430"]|636148145422420000|13:49:02:242
62|1.1|636147902404818185|89612c|49747.21875|14.38049190402|97.89409348769|-307947|78719||49747.21875|320||31906.25|318|49747.21875|89612c|ETD423|0|2120|0|||3|3|0|1|1|132|18|["132,18,5,3709","132,114,5,430"]|636148145472190000|13:49:07:219
62|1.1|636147902454733176|89612c|49752.21875|14.38256793069|97.88251709091|-309193|78964||49752.21875|320||31918.75|318|49752.21875|89612c|ETD423|0|2120|0|||3|3|0|1|1|132|114|["132,18,5,3709","132,114,5,430"]|636148145522190000|13:49:12:219
62|1.1|636147902504668169|89612c|49757.21875|14.38400022816|97.8708709568|-310448|79138||49757.21875|320||31912.5|318|49757.21875|89612c|ETD423|0|2120|0|||3|3|0|1|1|132|114|["132,18,5,3709","132,114,5,430"]|636148145572190000|13:49:17:219
62|1.1|636147902554573159|89612c|49762.1953125|14.38679508577|97.85919800064|-311704|79463||49762.1953125|320||31906.25|318|49762.1953125|89612c|ETD423|0|2120|0|||3|3|0|1|1|132|114|["132,18,5,3709","132,114,5,430"]|636148145621950000|13:49:22:195
62|1.1|636147902604498151|89612c|49767.1953125|14.38940218903|97.84744457833|-312969|79767||49767.1953125|320||31900|318|49767.1953125|89612c|ETD423|0|2120|0|||3|3|0|1|1|132|114|["132,18,5,3709","132,114,5,430"]|636148145671950000|13:49:27:195
62|1.1|636147902654423143|89612c|49772.1796875|14.39204147875|97.83571797807|-314231|80075||49772.1796875|320||31900|318|49772.1796875|89612c|ETD423|0|2120|0|||3|3|0|1|1|132|114|["132,18,5,3709","132,114,5,430"]|636148145721800000|13:49:32:180
62|1.1|636147902704348135|89612c|49777.1796875|14.39442327679|97.82389481843|-315503|80354||49777.1796875|320||31887.5|318|49777.1796875|89612c|ETD423|0|2120|0|||3|3|0|1|1|132|114|["132,18,5,3709","132,114,5,430"]|636148145771800000|13:49:37:180
62|1.1|636147902754273127|89612c|49782.1796875|14.39712157502|97.81207165879|-316775|80669||49782.1796875|320||31881.25|318|49782.1796875|89612c|ETD423|0|2120|0|||3|3|0|1|1|132|18|["132,18,5,3709","132,114,5,430"]|636148145821800000|13:49:42:180
62|1.1|636147902804178117|89612c|49787.15625|14.39959993244|97.80030214325|-318042|80959||49787.15625|320||31868.75|318|49787.15625|89612c|ETD423|0|2120|0|||3|3|0|1|1|132|18|["132,18,5,3709","132,114,5,430"]|636148145871560000|13:49:47:156
62|1.1|636147902854103109|89612c|49792.15625|14.40191199315|97.78854872094|-319307|81231||49792.15625|320||31875|318|49792.15625|89612c|ETD423|0|2120|0|||3|3|0|1|1|132|114|["132,18,5,3709","132,114,5,430"]|636148145921560000|13:49:52:156
62|1.1|636147902904028101|89612c|49797.140625|14.40407385038|97.77675774776|-320576|81486||49797.140625|320||31862.5|318|49797.140625|89612c|ETD423|0|2120|0|||3|3|0|1|1|132|18|["132,18,5,3709","132,114,5,430"]|636148145971410000|13:49:57:141
62|1.1|636147902953963094|89612c|49802.140625|14.40618742792|97.76488630843|-321854|81736||49802.140625|320||31856.25|318|49802.140625|89612c|ETD423|0|2120|0|||3|3|0|1|1|132|18|["132,18,5,3709","132,114,5,430"]|636148146021410000|13:50:02:141
62|1.1|636147903003868084|89612c|49807.140625|14.40876770913|97.75344938631|-323085|82038||49807.140625|320||31887.5|318|49807.140625|89612c|ETD423|0|2120|0|||3|3|0|1|1|132|114|["132,18,5,3709","132,114,5,430"]|636148146071410000|13:50:07:141
62|1.1|636147903053793076|89612c|49812.1171875|14.41133189711|97.74182470984|-324336|82337||49812.1171875|320||31893.75|318|49812.1171875|89612c|ETD423|0|2120|0|||3|3|0|1|1|132|114|["132,18,5,3709","132,114,5,430"]|636148146121170000|13:50:12:117
62|1.1|636147903103708067|89612c|49817.1171875|14.41381025453|97.73007665194|-325600|82628||49817.1171875|320||31887.5|318|49817.1171875|89612c|ETD423|0|2120|0|||3|3|0|1|1|132|114|["132,18,5,3709","132,114,5,430"]|636148146171170000|13:50:17:117
62|1.1|636147903153633059|89612c|49822.1015625|14.41610622201|97.71823739907|-326874|82898||49822.1015625|320||31875|318|49822.1015625|89612c|ETD423|0|2120|0|||3|3|0|1|1|132|18|["132,18,5,3709","132,114,5,430"]|636148146221020000|13:50:22:102
62|1.1|636147903203568052|89612c|49827.1015625|14.41861140148|97.70654298527|-328132|83192||49827.1015625|320||31881.25|318|49827.1015625|89612c|ETD423|0|2120|0|||3|3|0|1|1|132|114|["132,18,5,3709","132,114,5,430"]|636148146271020000|13:50:27:102
62|1.1|636147903253473042|89612c|49832.1015625|14.42061232641|97.69492367321|-329383|83430||49832.1015625|320||31887.5|318|49832.1015625|89612c|ETD423|0|2120|0|||3|3|0|1|1|132|114|["132,18,5,3709","132,114,5,430"]|636148146321020000|13:50:32:102
62|1.1|636147903303408035|89612c|49837.078125|14.42234503084|97.68302541183|-330664|83638||49837.078125|320||31868.75|318|49837.078125|89612c|ETD423|0|2120|0|||3|3|0|1|1|132|18|["132,18,5,3709","132,114,5,430"]|636148146370780000|13:50:37:078
62|1.1|636147903353333027|89612c|49842.078125|14.42464099832|97.67129881157|-331926|83909||49842.078125|320||31862.5|318|49842.078125|89612c|ETD423|0|2120|0|||3|3|0|1|1|132|114|["132,18,5,3709","132,114,5,430"]|636148146420780000|13:50:42:078
62|1.1|636147903403248018|89612c|49847.0625|14.4269369658|97.65938445696|-333209|84180||49847.0625|320||31850|318|49847.0625|89612c|ETD423|0|2120|0|||3|3|0|1|1|132|18|["132,18,5,3709","132,114,5,430"]|636148146470630000|13:50:47:063
62|1.1|636147903453163009|89612c|49852.0625|14.42982301838|97.64767931434|-334467|84516||49852.0625|320||31843.75|318|49852.0625|89612c|ETD423|0|2120|0|||3|3|0|1|1|132|114|["132,18,5,3709","132,114,5,430"]|636148146520630000|13:50:52:063
62|1.1|636147903503098002|89612c|49857.0625|14.4319795112|97.63604927346|-335719|84771||49857.0625|320||31850|318|49857.0625|89612c|ETD423|0|2120|0|||3|3|0|1|1|132|114|["132,18,5,3709","132,114,5,430"]|636148146570630000|13:50:57:063
62|1.1|636147903553012993|89612c|49862.0390625|14.43406090228|97.62445678345|-336967|85018||49862.0390625|320||31862.5|318|49862.0390625|89612c|ETD423|0|2120|0|||3|3|0|1|1|132|114|["132,18,5,3709","132,114,5,430"]|636148146620390000|13:51:02:039
62|1.1|636147903602937985|89612c|49867.0390625|14.43628713243|97.61312178512|-338187|85281||49867.0390625|320||31875|318|49867.0390625|89612c|ETD423|0|2120|0|||3|3|0|1|1|132|114|["132,18,5,3709","132,114,5,430"]|636148146670390000|13:51:07:039
62|1.1|636147903652862977|89612c|49872.015625|14.43860992196|97.6014702866|-339441|85555||49872.015625|320||31868.75|318|49872.015625|89612c|ETD423|0|2120|0|||3|3|0|1|1|132|18|["132,18,5,3709","132,114,5,430"]|636148146720160000|13:51:12:016
62|1.1|636147903702777968|89612c|49877.015625|14.44055720279|97.58927161826|-340754|85788||49877.015625|320||31850|318|49877.015625|89612c|ETD423|0|2120|0|||3|3|0|1|1|132|18|["132,18,5,3709","132,114,5,430"]|636148146770160000|13:51:17:016
62|1.1|636147903752692959|89612c|49882.015625|14.44277806853|97.57707294992|-342067|86051||49882.015625|320||31831.25|318|49882.015625|89612c|ETD423|0|2120|0|||3|3|0|1|1|132|18|["132,18,5,3709","132,114,5,430"]|636148146820160000|13:51:22:016
62|1.1|636147903802617951|89612c|49887|14.44538517179|97.56565748544|-343294|86357||49887|320||31843.75|318|49887|89612c|ETD423|0|2120|0|||3|3|0|1|1|132|114|["132,18,5,3709","132,114,5,430"]|636148146870000000|13:51:27:000
62|1.1|636147903852552944|89612c|49892|14.44842142785|97.55377531729|-344572|86711||49892|320||31831.25|318|49892|89612c|ETD423|0|2120|0|||3|3|0|1|1|132|114|["132,18,5,3709","132,114,5,430"]|636148146920000000|13:51:32:000
62|1.1|636147903902467935|89612c|49896.9765625|14.45070666651|97.54218282728|-345819|86980||49896.9765625|320||31837.5|318|49896.9765625|89612c|ETD423|0|2120|0|||3|3|0|1|1|132|114|["132,18,5,3709","132,114,5,430"]|636148146969770000|13:51:36:977
62|1.1|636147903952382926|89612c|49901.9765625|14.45358735468|97.53033821|-347093|87317||49901.9765625|320||31831.25|318|49901.9765625|89612c|ETD423|0|2120|0|||3|3|0|1|1|132|114|["132,18,5,3709","132,114,5,430"]|636148147019770000|13:51:41:977
62|1.1|636147904002317919|89612c|49906.9765625|14.4562802885|97.51827901632|-348390|87633||49906.9765625|320||31825|318|49906.9765625|89612c|ETD423|0|2120|0|||3|3|0|1|1|132|18|["132,18,5,3709","132,114,5,430"]|636148147069770000|13:51:46:977
62|1.1|636147904052252912|89612c|49911.9609375|14.45878010356|97.50621982264|-349687|87927||49911.9609375|320||31812.5|320|49911.9609375|89612c|ETD423|0|2120|0|||3|3|0|1|1|132|18|["132,18,5,3709","132,114,5,430"]|636148147119610000|13:51:51:961
62|1.1|636147904102157902|89612c|49916.9609375|14.46131746949|97.49457905294|-350939|88226||49916.9609375|320||31837.5|320|49916.9609375|89612c|ETD423|0|2120|0|||3|3|0|1|1|132|114|["132,18,5,3709","132,114,5,430"]|636148147169610000|13:51:56:961
62|1.1|636147904152072893|89612c|49921.9375|14.46420352207|97.48284172386|-352201|88563||49921.9375|320||31837.5|320|49921.9375|89612c|ETD423|0|2120|0|||3|3|0|1|1|132|114|["132,18,5,3709","132,114,5,430"]|636148147219380000|13:52:01:938
62|1.1|636147904201997885|89612c|49926.9375|14.46690718471|97.4710078354|-353474|88880||49926.9375|320||31837.5|320|49926.9375|89612c|ETD423|0|2120|0|||3|3|0|1|1|132|114|["132,18,5,3709","132,114,5,430"]|636148147269380000|13:52:06:938
62|1.1|636147904251922877|89612c|49931.9375|14.46940699977|97.45897546377|-354768|89175||49931.9375|320||31831.25|320|49931.9375|89612c|ETD423|0|2120|0|||3|3|0|1|1|132|18|["132,18,5,3709","132,114,5,430"]|636148147319380000|13:52:11:938
62|1.1|636147904301857870|89612c|49936.921875|14.47175661135|97.44710938885|-356045|89453||49936.921875|320||31818.75|320|49936.921875|89612c|ETD423|0|2120|0|||3|3|0|1|1|132|114|["132,18,5,3709","132,114,5,430"]|636148147369220000|13:52:16:922
62|1.1|636147904351762860|89612c|49941.921875|14.47415450262|97.43539888182|-357304|89736||49941.921875|320||31837.5|320|49941.921875|89612c|ETD423|0|2120|0|||3|3|0|1|1|132|114|["132,18,5,3709","132,114,5,430"]|636148147419220000|13:52:21:922
62|1.1|636147904401687852|89612c|49946.8984375|14.47700836874|97.42354890013|-358578|90070||49946.8984375|320||31837.5|320|49946.8984375|89612c|ETD423|0|2120|0|||3|3|0|1|1|132|114|["132,18,5,3709","132,114,5,430"]|636148147468980000|13:52:26:898
62|1.1|636147904451642847|89612c|49951.8984375|14.47958864995|97.41169355403|-359853|90374||49951.8984375|320||31837.5|320|49951.8984375|89612c|ETD423|0|2120|0|||3|3|0|1|1|132|114|["132,18,5,3709","132,114,5,430"]|636148147518980000|13:52:31:898
62|1.1|636147904501537836|89612c|49956.8984375|14.48236204992|97.39980065706|-361132|90699||49956.8984375|320||31837.5|320|49956.8984375|89612c|ETD423|0|2120|0|||3|3|0|1|1|132|114|["132,18,5,3709","132,114,5,430"]|636148147568980000|13:52:36:898
62|1.1|636147904551462828|89612c|49961.875|14.48498524641|97.38797213301|-362404|91008||49961.875|320||31843.75|320|49961.875|89612c|ETD423|0|2120|0|||3|3|0|1|1|132|114|["132,18,5,3709","132,114,5,430"]|636148147618750000|13:52:41:875
62|1.1|636147904601367818|89612c|49966.875|14.48727584948|97.37602559194|-363689|91280||49966.875|320||31831.25|320|49966.875|89612c|ETD423|0|2120|0|||3|3|0|1|1|132|114|["132,18,5,3709","132,114,5,430"]|636148147668750000|13:52:46:875
62|1.1|636147904651292810|89612c|49971.859375|14.48960400342|97.3642560764|-364955|91556||49971.859375|320||31837.5|320|49971.859375|89612c|ETD423|0|2120|0|||3|3|0|1|1|132|114|["132,18,5,3709","132,114,5,430"]|636148147718590000|13:52:51:859
62|1.1|636147904701217802|89612c|49976.859375|14.49213064053|97.35257775583|-366211|91854||49976.859375|320||31843.75|320|49976.859375|89612c|ETD423|0|2120|0|||3|3|0|1|1|132|114|["132,18,5,3709","132,114,5,430"]|636148147768590000|13:52:56:859
62|1.1|636147904751162796|89612c|49981.859375|14.49475383702|97.34064730799|-367494|92163||49981.859375|320||31837.5|320|49981.859375|89612c|ETD423|0|2120|0|||3|3|0|1|1|132|114|["132,18,5,3709","132,114,5,430"]|636148147818590000|13:53:01:859
62|1.1|636147904801057785|89612c|49986.8359375|14.49752723699|97.32864175841|-368784|92489||49986.8359375|320||31831.25|320|49986.8359375|89612c|ETD423|0|2120|0|||3|3|0|1|1|132|114|["132,18,5,3709","132,114,5,430"]|636148147868360000|13:53:06:836
62|1.1|636147904850972776|89612c|49991.8359375|14.4998392977|97.31676495467|-370062|92764||49991.8359375|320||31825|320|49991.8359375|89612c|ETD423|0|2120|0|||3|3|0|1|1|132|114|["132,18,5,3709","132,114,5,430"]|636148147918360000|13:53:11:836
62|1.1|636147904900917770|89612c|49996.8203125|14.50261269767|97.30478622714|-371350|93090||49996.8203125|320||31812.5|320|49996.8203125|89612c|ETD423|0|2120|0|||3|3|0|1|1|132|114|["132,18,5,3709","132,114,5,430"]|636148147968200000|13:53:16:820
62|1.1|636147904950842762|89612c|50001.8203125|14.50523589416|97.29288260135|-372630|93399||50001.8203125|320||31812.5|320|50001.8203125|89612c|ETD423|0|2120|0|||3|3|0|1|1|132|114|["132,18,5,3709","132,114,5,430"]|636148148018200000|13:53:21:820
62|1.1|636147905000747752|89612c|50006.8203125|14.50778398891|97.2809467891|-373913|93700||50006.8203125|320||31812.5|320|50006.8203125|89612c|ETD423|0|2120|0|||3|3|0|1|1|132|114|["132,18,5,3709","132,114,5,430"]|636148148068200000|13:53:26:820
62|1.1|636147905050662743|89612c|50011.796875|14.50974736297|97.26918263797|-375179|93936||50011.796875|320||31818.75|320|50011.796875|89612c|ETD423|0|2120|0|||3|3|0|1|1|132|114|["132,18,5,3709","132,114,5,430"]|636148148117970000|13:53:31:797
62|1.1|636147905100597736|89612c|50016.796875|14.51235983064|97.25716635957|-376471|94245||50016.796875|320||31812.5|320|50016.796875|89612c|ETD423|0|2120|0|||3|3|0|1|1|132|18|["132,18,5,3709","132,114,5,430"]|636148148167970000|13:53:36:797
62|1.1|636147905150502726|89612c|50021.78125|14.51455387433|97.24516080999|-377763|94507||50021.78125|320||31800|320|50021.78125|89612c|ETD423|0|2120|0|||3|3|0|1|1|132|18|["132,18,5,3709","132,114,5,430"]|636148148217810000|13:53:41:781
62|1.1|636147905200427718|89612c|50026.78125|14.51718779964|97.23342348091|-379024|94818||50026.78125|320||31806.25|320|50026.78125|89612c|ETD423|0|2120|0|||3|3|0|1|1|132|114|["132,18,5,3709","132,114,5,430"]|636148148267810000|13:53:46:781
62|1.1|636147905250362711|89612c|50031.78125|14.51998265725|97.22160032127|-380295|95146||50031.78125|320||31806.25|320|50031.78125|89612c|ETD423|0|2120|0|||3|3|0|1|1|132|114|["132,18,5,3709","132,114,5,430"]|636148148317810000|13:53:51:781
62|1.1|636147905300297704|89612c|50036.7578125|14.52227862473|97.21002392449|-381540|95419||50036.7578125|320||31831.25|320|50036.7578125|89612c|ETD423|0|2120|0|||3|3|0|1|1|132|114|["132,18,5,3709","132,114,5,430"]|636148148367580000|13:53:56:758
62|1.1|636147905350192693|89612c|50041.7578125|14.52489645681|97.19820076485|-382811|95728||50041.7578125|320||31837.5|320|50041.7578125|89612c|ETD423|0|2120|0|||3|3|0|1|1|132|114|["132,18,5,3709","132,114,5,430"]|636148148417580000|13:54:01:758
62|1.1|636147905400117685|89612c|50046.7421875|14.52701003435|97.18673165627|-384045|95981||50046.7421875|320||31856.25|320|50046.7421875|89612c|ETD423|0|2120|0|||3|3|0|1|1|132|114|["132,18,5,3709","132,114,5,430"]|636148148467420000|13:54:06:742
62|1.1|636147905450042677|89612c|50051.7421875|14.52958495115|97.17480120843|-385328|96286||50051.7421875|320||31850|320|50051.7421875|89612c|ETD423|0|2120|0|||3|3|0|1|1|132|114|["132,18,5,3709","132,114,5,430"]|636148148517420000|13:54:11:742
62|1.1|636147905499957668|89612c|50056.7421875|14.53223496969|97.16282784531|-386615|96599||50056.7421875|320||31837.5|320|50056.7421875|89612c|ETD423|0|2120|0|||3|3|0|1|1|132|114|["132,18,5,3709","132,114,5,430"]|636148148567420000|13:54:16:742
62|1.1|636147905549882660|89612c|50061.71875|14.5347079627|97.15105832977|-387880|96892||50061.71875|320||31843.75|320|50061.71875|89612c|ETD423|0|2120|0|||3|3|0|1|1|132|114|["132,18,5,3709","132,114,5,430"]|636148148617190000|13:54:21:719
62|1.1|636147905599807652|89612c|50066.71875|14.53694492167|97.13940683125|-389133|97159||50066.71875|320||31856.25|320|50066.71875|89612c|ETD423|0|2120|0|||3|3|0|1|1|132|114|["132,18,5,3709","132,114,5,430"]|636148148667190000|13:54:26:719
62|1.1|636147905649732644|89612c|50071.6953125|14.53970759282|97.12746029018|-390417|97485||50071.6953125|320||31831.25|320|50071.6953125|89612c|ETD423|0|2120|0|||3|3|0|1|1|132|114|["132,18,5,3709","132,114,5,430"]|636148148716950000|13:54:31:695
62|1.1|636147905699647635|89612c|50076.6953125|14.54161732278|97.11600191042|-391650|97715||50076.6953125|320||31856.25|320|50076.6953125|89612c|ETD423|0|2120|0|||3|3|0|1|1|132|114|["132,18,5,3709","132,114,5,430"]|636148148766950000|13:54:36:695
62|1.1|636147905749562626|89612c|50081.6953125|14.54402057846|97.1042431237|-392914|98001||50081.6953125|320||31850|320|50081.6953125|89612c|ETD423|0|2120|0|||3|3|0|1|1|132|114|["132,18,5,3709","132,114,5,430"]|636148148816950000|13:54:41:695
62|1.1|636147905799487618|89612c|50086.6796875|14.54595713047|97.09283302363|-394142|98235||50086.6796875|320||31862.5|320|50086.6796875|89612c|ETD423|0|2120|0|||3|3|0|1|1|132|114|["132,18,5,3709","132,114,5,430"]|636148148866800000|13:54:46:680
62|1.1|636147905849412610|89612c|50091.6796875|14.54797414863|97.081337093|-395378|98477||50091.6796875|320||31862.5|320|50091.6796875|89612c|ETD423|0|2120|0|||3|3|0|1|1|132|114|["132,18,5,3709","132,114,5,430"]|636148148916800000|13:54:51:680
62|1.1|636147905899327601|89612c|50096.65625|14.55030766698|97.06965877243|-396634|98756||50096.65625|320||31875|320|50096.65625|89612c|ETD423|0|2120|0|||3|3|0|1|1|132|114|["132,114,5,430"]|636148148966560000|13:54:56:656
62|1.1|636147905949262594|89612c|50101.65625|14.55267337179|97.05793217217|-397895|99037||50101.65625|320||31881.25|320|50101.65625|89612c|ETD423|0|2120|0|||3|3|0|1|1|132|114|[]|636148149016560000|13:55:01:656
62|1.1|636147905999177585|89612c|50106.65625|14.55502298337|97.04621093632|-399155|99318||50106.65625|320||31887.5|320|50106.65625|89612c|ETD423|0|2120|0|||3|3|0|1|1|132|114|[]|636148149066560000|13:55:06:656
62|1.1|636147906049102577|89612c|50111.640625|14.55919649435|97.03302521654|-400570|99802||50111.640625|320||31756.25|320|50111.640625|89612c|ETD423|0|2120|0|||3|3|0|1|1|132|18|["132,18,5,3787"]|636148149116410000|13:55:11:641
62|1.1|636147906099017568|89612c|50116.640625|14.56237222507|97.02071926|-401892|100175||50116.640625|320||31725|320|50116.640625|89612c|ETD423|0|2120|0|||3|3|0|1|1|132|18|["132,18,5,3787"]|636148149166410000|13:55:16:641
62|1.1|636147906148942560|89612c|50121.6171875|14.56522609119|97.00863860868|-403190|100512||50121.6171875|320||31712.5|320|50121.6171875|89612c|ETD423|0|2120|0|||3|3|0|1|1|132|18|["132,18,5,3787"]|636148149216170000|13:55:21:617
62|1.1|636147906198857551|89612c|50126.6171875|14.56836427104|96.99665451674|-404477|100880||50126.6171875|320||31712.5|320|50126.6171875|89612c|ETD423|0|2120|0|||3|3|0|1|1|132|18|["132,18,5,3787"]|636148149266170000|13:55:26:617
62|1.1|636147906248782543|89612c|50131.6171875|14.57087481492|96.98465433157|-405767|101179||50131.6171875|320||31712.5|320|50131.6171875|89612c|ETD423|0|2120|0|||3|3|0|1|1|132|18|["132,18,5,3787"]|636148149316170000|13:55:31:617
62|1.1|636147906298717536|89612c|50136.6015625|14.57335317234|96.97273461255|-407048|101474||50136.6015625|320||31718.75|320|50136.6015625|89612c|ETD423|0|2120|0|||3|3|0|1|1|132|18|["132,18,5,3787"]|636148149366020000|13:55:36:602
62|1.1|636147906348632527|89612c|50141.6015625|14.57568132628|96.96079343589|-408332|101753||50141.6015625|320||31718.75|320|50141.6015625|89612c|ETD423|0|2120|0|||3|3|0|1|1|132|18|["132,18,5,3787"]|636148149416020000|13:55:41:602
62|1.1|636147906398557519|89612c|50146.578125|14.57737647984|96.94877715749|-409625|101961||50146.578125|320||31731.25|320|50146.578125|89612c|ETD423|0|2120|0|||3|3|0|1|1|132|18|["132,18,5,3787"]|636148149465780000|13:55:46:578
62|1.1|636147906448482511|89612c|50151.578125|14.57750522568|96.93644974331|-410955|101997||50151.578125|320||31737.5|320|50151.578125|89612c|ETD423|0|2120|0|||3|3|0|1|1|132|18|["132,18,5,3787"]|636148149515780000|13:55:51:578
62|1.1|636147906498407503|89612c|50156.578125|14.57965098968|96.92447638019|-412242|102256||50156.578125|320||31737.5|320|50156.578125|89612c|ETD423|0|2120|0|||3|3|0|1|1|132|18|["132,18,5,3787"]|636148149565780000|13:55:56:578
62|1.1|636147906548312493|89612c|50161.5625|14.58180211809|96.91256202558|-413523|102515||50161.5625|320||31737.5|320|50161.5625|89612c|ETD423|0|2120|0|||3|3|0|1|1|132|18|[]|636148149615630000|13:56:01:563
62|1.1|636147906598237485|89612c|50166.5625|14.57924865893|96.89981082301|-414903|102255||50166.5625|320||31743.75|320|50166.5625|89612c|ETD423|0|2120|0|||3|3|0|1|1|132|18|["132,18,5,3787"]|636148149665630000|13:56:06:563
62|1.1|636147906648172478|89612c|50171.5390625|14.58053075292|96.88781600225|-416195|102418||50171.5390625|320||31750|320|50171.5390625|89612c|ETD423|0|2120|0|||3|3|0|1|1|132|18|["132,18,5,3787"]|636148149715390000|13:56:11:539
62|1.1|636147906698077468|89612c|50176.5390625|14.58653889212|96.87649173274|-417405|103103||50176.5390625|320||31750|320|50176.5390625|89612c|ETD423|0|2120|0|||3|3|0|1|1|132|18|["132,18,5,3787"]|636148149765390000|13:56:16:539
62|1.1|636147906748012461|89612c|50181.5390625|14.58853981705|96.86453982726|-418691|103346||50181.5390625|320||31750|320|50181.5390625|89612c|ETD423|0|2120|0|||3|3|0|1|1|132|18|["132,18,5,3787"]|636148149815390000|13:56:21:539
62|1.1|636147906797937453|89612c|50186.515625|14.59637722006|96.85354815117|-419862|104234||50186.515625|320||31750|320|50186.515625|89612c|ETD423|0|2120|0|||3|3|0|1|1|132|18|["132,18,5,3787"]|636148149865160000|13:56:26:516
62|1.1|636147906847842443|89612c|50191.515625|14.59931691674|96.84174644917|-421129|104581||50191.515625|320||31750|320|50191.515625|89612c|ETD423|0|2120|0|||3|3|0|1|1|132|18|["132,18,5,3787"]|636148149915160000|13:56:31:516
62|1.1|636147906897787437|89612c|50196.5|14.60439701301|96.83036317115|-422348|105164||50196.5|320||31743.75|320|50196.5|89612c|ETD423|0|2120|0|||3|3|0|1|1|132|18|["132,18,5,3787"]|636148149965000000|13:56:36:500
62|1.1|636147906947692427|89612c|50201.5|14.60740108261|96.81856683356|-423615|105518||50201.5|320||31750|320|50201.5|89612c|ETD423|0|2120|0|||3|3|0|1|1|132|18|["132,18,5,3787"]|636148150015000000|13:56:41:500
62|1.1|636147906997607418|89612c|50206.5|14.6103997878|96.80675440274|-424883|105872||50206.5|320||31750|320|50206.5|89612c|ETD423|0|2120|0|||3|3|0|1|1|132|18|[]|636148150065000000|13:56:46:500
62|1.1|636147907047522409|89612c|50211.4765625|14.61339849299|96.79499561602|-426146|106225||50211.4765625|320||31756.25|320|50211.4765625|89612c|ETD423|0|2120|0|||3|3|0|1|1|132|18|[]|636148150114770000|13:56:51:477
62|1.1|636147907097457402|89612c|50216.4765625|14.62838129012|96.78613897511|-427073|107900||50216.4765625|320||31731.25|320|50216.4765625|89612c|ETD423|0|2120|0|||3|3|0|1|1|132|18|["132,18,5,3787"]|636148150164770000|13:56:56:477
62|1.1|636147907147382394|89612c|50221.4609375|14.63053778294|96.77420852727|-428355|108161||50221.4609375|320||31725|320|50221.4609375|89612c|ETD423|0|2120|0|||3|3|0|1|1|132|18|["132,18,5,3787"]|636148150214610000|13:57:01:461
62|1.1|636147907197297385|89612c|50226.4609375|14.63275864868|96.76222979974|-429643|108429||50226.4609375|320||31725|320|50226.4609375|89612c|ETD423|0|2120|0|||3|3|0|1|1|132|18|["132,18,5,3787"]|636148150264610000|13:57:06:461
62|1.1|636147907247242379|89612c|50231.4609375|14.63693215966|96.75084652172|-430863|108912||50231.4609375|320||31725|320|50231.4609375|89612c|ETD423|0|2120|0|||3|3|0|1|1|132|18|["132,18,5,3787"]|636148150314610000|13:57:11:461
62|1.1|636147907297147369|89612c|50236.4375|14.641084213|96.73951152339|-432077|109393||50236.4375|320||31718.75|320|50236.4375|89612c|ETD423|0|2120|0|||3|3|0|1|1|132|18|[]|636148150364380000|13:57:16:438
62|1.1|636147907347062360|89612c|50241.4375|14.64524699516|96.72812824537|-433297|109876||50241.4375|320||31718.75|320|50241.4375|89612c|ETD423|0|2120|0|||3|3|0|1|1|132|18|[]|636148150414380000|13:57:21:438
62|1.1|636147907396987352|X|50246.421875||||||||||||X|X|X|2120|||||||1|1|0|0|[]|636148150464220000|13:57:26:422
