62|1.1|636147907808828532|8a04e0|50272.859375|3.26076198291|99.9115461649|-93822|-1156117||50272.859375|294.5||29250|292.75|50272.859375|8a04e0|AXM8334|X|2349|687.5|||3|3|3|1|1|132|51|[]|636148150728590000|13:57:52:859
62|1.1|636147907830670716|8a04e0|50289.796875|3.26685595267|99.8785550434|-97519|-1155429||50289.796875|294.5||9625|294.5|50289.796875|8a04e0|AXM8334|X|2349|687.5|||3|3|3|1|1|132|51|[]|636148150897970000|13:58:09:797
62|1.1|636147907880585707|8a04e0|50294.78125|3.26946842034|99.86485434026|-99053|-1155134||50294.78125|295||29525|295.25|50294.78125|8a04e0|AXM8334|X|2349|731.25|||3|3|1|1|1|132|51|[]|636148150947810000|13:58:14:781
62|1.1|636147907930510699|8a04e0|50299.78125|3.27175902341|99.85241427347|-100446|-1154876||50299.78125|295.75||29668.75|296.25|50299.78125|8a04e0|AXM8334|X|2349|768.75|||3|3|1|1|1|132|51|[]|636148150997810000|13:58:19:781
62|1.1|636147907980275675|8a04e0|50304.78125|3.27387796536|99.84143869061|-101676|-1154637||50304.78125|297||29700|296.75|50304.78125|8a04e0|AXM8334|X|2349|825|||3|3|1|1|1|132|51|[]|636148151047810000|13:58:24:781
62|1.1|636147908030350682|8a04e0|50309.7578125|3.2755623901|99.83242648181|-102686|-1154446||50309.7578125|297.5||29756.25|297.5|50309.7578125|8a04e0|AXM8334|X|2349|843.75|||3|3|1|1|1|132|51|[]|636148151097580000|13:58:29:758
62|1.1|636147908080275674|8a04e0|50314.7578125|3.27740774714|99.82223410281|-103827|-1154238||50314.7578125|297.5||29831.25|298.25|50314.7578125|8a04e0|AXM8334|X|2349|843.75|||3|3|1|1|1|132|51|[]|636148151147580000|13:58:34:758
62|1.1|636147908130200666|8a04e0|50319.7421875|3.279263833|99.81193443561|-104981|-1154028||50319.7421875|297.5||29900|299.25|50319.7421875|8a04e0|AXM8334|X|2349|843.75|||3|3|1|1|1|132|51|[]|636148151197420000|13:58:39:742
62|1.1|636147908180125658|8a04e0|50324.7421875|3.28171000396|99.79823373247|-106516|-1153752||50324.7421875|299||29975|299.5|50324.7421875|8a04e0|AXM8334|X|2349|806.25|||3|3|1|1|1|132|51|[]|636148151247420000|13:58:44:742
62|1.1|636147908230040649|8a04e0|50329.7421875|3.28414008169|99.78661442041|-107817|-1153477||50329.7421875|300||30006.25|300.25|50329.7421875|8a04e0|AXM8334|X|2349|750|||3|3|1|1|1|132|51|[]|636148151297420000|13:58:49:742
62|1.1|636147908279975642|8a04e0|50334.71875|3.28610345575|99.7760411683|-109001|-1153256||50334.71875|300||30075|300.75|50334.71875|8a04e0|AXM8334|X|2349|750|||3|3|1|1|1|132|51|[]|636148151347190000|13:58:54:719
62|1.1|636147908329880632|8a04e0|50339.71875|3.28810974509|99.76679292546|-110037|-1153029||50339.71875|301.25||30137.5|301.5|50339.71875|8a04e0|AXM8334|X|2349|768.75|||3|3|1|1|1|132|51|[]|636148151397190000|13:58:59:719
62|1.1|636147908379805624|8a04e0|50344.6953125|3.29027696673|99.75626795304|-111216|-1152785||50344.6953125|301.25||30187.5|302.25|50344.6953125|8a04e0|AXM8334|X|2349|768.75|||3|3|1|1|1|132|51|[]|636148151446950000|13:59:04:695
62|1.1|636147908429730616|8a04e0|50349.6953125|3.29227789166|99.74312514854|-112688|-1152558||50349.6953125|303||30306.25|303.25|50349.6953125|8a04e0|AXM8334|X|2349|843.75|||3|3|1|1|1|132|51|[]|636148151496950000|13:59:09:695
62|1.1|636147908479495592|8a04e0|50354.6953125|3.29435928274|99.73201545543|-113933|-1152322||50354.6953125|303.5||30362.5|303.75|50354.6953125|8a04e0|AXM8334|X|2349|843.75|||3|3|1|1|1|132|51|[]|636148151546950000|13:59:14:695
62|1.1|636147908529570599|8a04e0|50359.6796875|3.29633875003|99.72102377934|-115164|-1152098||50359.6796875|303.5||30431.25|304.25|50359.6796875|8a04e0|AXM8334|X|2349|843.75|||3|3|1|1|1|132|51|[]|636148151596800000|13:59:19:680
62|1.1|636147908579495591|8a04e0|50364.6796875|3.29835040378|99.70989262859|-116411|-1151871||50364.6796875|303.5||30500|305.25|50364.6796875|8a04e0|AXM8334|X|2349|843.75|||3|3|1|1|1|132|51|[]|636148151646800000|13:59:24:680
62|1.1|636147908629260567|8a04e0|50369.65625|3.30034059989|99.69875611343|-117658|-1151645||50369.65625|303.5||30568.75|305.75|50369.65625|8a04e0|AXM8334|X|2349|843.75|||3|3|1|1|1|132|51|[]|636148151696560000|13:59:29:656
62|1.1|636147908679175558|X|50374.65625||||||||||||X|X|X|2349|||||||1|1|0|0|[]|636148151746560000|13:59:34:656
62|1.1|636147908857023341|8a04e0|50384.640625|3.30636483232|99.66798585767|-121104|-1150964||50384.640625|307.75||30700|307|50384.640625|8a04e0|AXM8334|X|2856|631.25|||3|3|3|1|1|132|51|[]|636148151846410000|13:59:44:641
62|1.1|636147908878865525|8a04e0|50394.6171875|3.31038813982|99.64575574263|-123595|-1150508||50394.6171875|307.75||13718.75|308|50394.6171875|8a04e0|AXM8334|X|2856|631.25|||3|3|3|1|1|132|51|[]|636148151946170000|13:59:54:617
62|1.1|636147908928790517|8a04e0|50399.6171875|3.31308107364|99.6323286244|-125098|-1150204||50399.6171875|308.25||30856.25|308.5|50399.6171875|8a04e0|AXM8334|X|2856|631.25|||3|3|1|1|1|132|51|[]|636148151996170000|13:59:59:617
62|1.1|636147908978715509|8a04e0|50404.6171875|3.31478159161|99.6232091274|-126119|-1150011||50404.6171875|309||30900|309.25|50404.6171875|8a04e0|AXM8334|X|2856|631.25|||3|3|1|1|1|132|51|[]|636148152046170000|14:00:04:617
62|1.1|636147909028640501|8a04e0|50409.6015625|3.31662694865|99.61329033331|-127230|-1149802||50409.6015625|309||30937.5|309.5|50409.6015625|8a04e0|AXM8334|X|2856|631.25|||3|3|1|1|1|132|51|[]|636148152096020000|14:00:09:602
62|1.1|636147909078555492|8a04e0|50414.6015625|3.31921259427|99.59923557911|-128804|-1149509||50414.6015625|310.25||31043.75|310.25|50414.6015625|8a04e0|AXM8334|X|2856|668.75|||3|3|1|1|1|132|51|[]|636148152146020000|14:00:14:602
62|1.1|636147909128480484|8a04e0|50419.578125|3.32097748516|99.58918267477|-129930|-1149309||50419.578125|310.25||31143.75|310.75|50419.578125|8a04e0|AXM8334|X|2856|668.75|||3|3|1|1|1|132|51|[]|636148152195780000|14:00:19:578
62|1.1|636147909178395475|8a04e0|50424.578125|3.32275310487|99.57908685515|-131061|-1149108||50424.578125|310.25||31243.75|311.25|50424.578125|8a04e0|AXM8334|X|2856|668.75|||3|3|1|1|1|132|51|[]|636148152245780000|14:00:24:578
62|1.1|636147909228320467|8a04e0|50429.578125|3.32452336017|99.56898567112|-132192|-1148907||50429.578125|310.25||31343.75|311.25|50429.578125|8a04e0|AXM8334|X|2856|668.75|||3|3|1|1|1|132|51|[]|636148152295780000|14:00:29:578
62|1.1|636147909278245459|8a04e0|50434.5625|3.32741477716|99.55699085036|-133535|-1148580||50434.5625|312.5||31275|313.25|50434.5625|8a04e0|AXM8334|X|2856|768.75|||3|3|1|1|1|132|51|[]|636148152345630000|14:00:34:563
62|1.1|636147909328160450|8a04e0|50439.5625|3.32934596476|99.54565048762|-134805|-1148361||50439.5625|313.5||31387.5|313.75|50439.5625|8a04e0|AXM8334|X|2856|843.75|||3|3|1|1|1|132|51|[]|636148152395630000|14:00:39:563
62|1.1|636147909378085442|8a04e0|50444.5390625|3.33118595739|99.53564049856|-135926|-1148152||50444.5390625|313.5||31468.75|314.5|50444.5390625|8a04e0|AXM8334|X|2856|843.75|||3|3|1|1|1|132|51|[]|636148152445390000|14:00:44:539
62|1.1|636147909428010434|8a04e0|50449.5390625|3.33303667884|99.5255768654|-137053|-1147942||50449.5390625|313.5||31550|315.25|50449.5390625|8a04e0|AXM8334|X|2856|843.75|||3|3|1|1|1|132|51|[]|636148152495390000|14:00:49:539
62|1.1|636147909477935426|8a04e0|50454.5390625|3.33488740029|99.51552396106|-138179|-1147732||50454.5390625|313.5||31631.25|315.25|50454.5390625|8a04e0|AXM8334|X|2856|843.75|||3|3|1|1|1|132|51|[]|636148152545390000|14:00:54:539
62|1.1|636147909867944423|8a04e0|50484.515625|3.34870075604|99.44235340866|-146373|-1146165||50484.515625|323.5||32125|321.5|50484.515625|8a04e0|AXM8334|X|2534|1375|||3|3|3|1|1|132|51|[]|636148152845160000|14:01:24:516
62|1.1|636147909877305359|8a04e0|50494.4609375|3.35272406354|99.42013402244|-148861|-1145708||50494.4609375|323.5||32337.5|323.75|50494.4609375|8a04e0|AXM8334|X|2534|1375|||3|3|3|1|1|132|51|[]|636148152944610000|14:01:34:461
62|1.1|636147909927220350|8a04e0|50499.4609375|3.35530434475|99.40717897229|-150313|-1145415||50499.4609375|324.75||13737.5|324.75|50499.4609375|8a04e0|AXM8334|X|2534|1337.5|||3|3|3|1|1|132|51|[]|636148152994610000|14:01:39:461
62|1.1|636147909977155343|8a04e0|50504.4609375|3.35729990527|99.39640723701|-151518|-1145189||50504.4609375|326||32600|326.25|50504.4609375|8a04e0|AXM8334|X|2534|1356.25|||3|3|1|1|1|132|51|[]|636148153044610000|14:01:44:461
62|1.1|636147910027070334|8a04e0|50509.4375|3.35922572846|99.38570523906|-152717|-1144970||50509.4375|326||32718.75|327.25|50509.4375|8a04e0|AXM8334|X|2534|1356.25|||3|3|1|1|1|132|51|[]|636148153094380000|14:01:49:438
62|1.1|636147910076995326|8a04e0|50514.4375|3.36132321277|99.37433805427|-153989|-1144731||50514.4375|327.5||32843.75|328.25|50514.4375|8a04e0|AXM8334|X|2534|1400|||3|3|1|1|1|132|51|[]|636148153144380000|14:01:54:438
62|1.1|636147910126910317|8a04e0|50519.421875|3.36332950211|99.36311570855|-155246|-1144503||50519.421875|327.5||32968.75|329.25|50519.421875|8a04e0|AXM8334|X|2534|1400|||3|3|1|1|1|132|51|[]|636148153194220000|14:01:59:422
62|1.1|636147910176835309|8a04e0|50524.421875|3.36535188468|99.35185044755|-156507|-1144273||50524.421875|327.5||33093.75|330.25|50524.421875|8a04e0|AXM8334|X|2534|1400|||3|3|1|1|1|132|51|[]|636148153244220000|14:02:04:422
62|1.1|636147910226760301|8a04e0|50529.421875|3.36802872527|99.33812292236|-158044|-1143969||50529.421875|331.75||33287.5|332.5|50529.421875|8a04e0|AXM8334|X|2534|1575|||3|3|1|1|1|132|51|[]|636148153294220000|14:02:09:422
62|1.1|636147910276675292|8a04e0|50534.3984375|3.3703515148|99.32659480527|-159335|-1143705||50534.3984375|334||33400|334.25|50534.3984375|8a04e0|AXM8334|X|2534|1656.25|||3|3|1|1|1|132|51|[]|636148153343980000|14:02:14:398
62|1.1|636147910326600284|8a04e0|50539.3984375|3.37248118557|99.31608056167|-160512|-1143463||50539.3984375|335||33500|335.25|50539.3984375|8a04e0|AXM8334|X|2534|1612.5|||3|3|1|1|1|132|51|[]|636148153393980000|14:02:19:398
62|1.1|636147910376515275|8a04e0|50544.375|3.3743748223|99.30563069099|-161682|-1143248||50544.375|336.5||33631.25|336.5|50544.375|8a04e0|AXM8334|X|2534|1556.25|||3|3|1|1|1|132|51|[]|636148153443750000|14:02:24:375
62|1.1|636147910426440267|8a04e0|50549.375|3.37637574723|99.29380753135|-163006|-1143020||50549.375|337.5||33781.25|337.75|50549.375|8a04e0|AXM8334|X|2534|1556.25|||3|3|1|1|1|132|51|[]|636148153493750000|14:02:29:375
62|1.1|636147910476365259|8a04e0|50554.375|3.37856979092|99.28167860034|-164364|-1142770||50554.375|338.5||33900|338.75|50554.375|8a04e0|AXM8334|X|2534|1518.75|||3|3|1|1|1|132|51|[]|636148153543750000|14:02:34:375
62|1.1|636147910526290251|8a04e0|50559.359375|3.38052243616|99.27011829679|-165659|-1142547||50559.359375|338.5||34025|340.25|50559.359375|8a04e0|AXM8334|X|2534|1518.75|||3|3|1|1|1|132|51|[]|636148153593590000|14:02:39:359
62|1.1|636147910576215243|8a04e0|50564.359375|3.38265747134|99.26142795259|-166632|-1142305||50564.359375|341||34106.25|341.25|50564.359375|8a04e0|AXM8334|X|2534|1456.25|||3|3|1|1|1|132|51|[]|636148153643590000|14:02:44:359
62|1.1|636147910626130234|8a04e0|50569.3359375|3.38472276919|99.24999639488|-167912|-1142070||50569.3359375|342.25||34218.75|342.25|50569.3359375|8a04e0|AXM8334|X|2534|1418.75|||3|3|1|1|1|132|51|[]|636148153693360000|14:02:49:336
62|1.1|636147910676055226|8a04e0|50574.3359375|3.3866056771|99.23954115979|-169082|-1141855||50574.3359375|343.5||34356.25|343.5|50574.3359375|8a04e0|AXM8334|X|2534|1437.5|||3|3|1|1|1|132|51|[]|636148153743360000|14:02:54:336
62|1.1|636147910725970217|8a04e0|50579.3359375|3.38860660203|99.22832954289|-170338|-1141627||50579.3359375|343.5||34487.5|344.75|50579.3359375|8a04e0|AXM8334|X|2534|1437.5|||3|3|1|1|1|132|51|[]|636148153793360000|14:02:59:336
62|1.1|636147910775905210|8a04e0|50584.3203125|3.39069335752|99.21721448537|-171582|-1141390||50584.3203125|345.75||34656.25|346.25|50584.3203125|8a04e0|AXM8334|X|2534|1518.75|||3|3|1|1|1|132|51|[]|636148153843200000|14:03:04:320
62|1.1|636147910825820201|8a04e0|50589.3203125|3.39302687587|99.20436135901|-173021|-1141124||50589.3203125|348.25||34837.5|348.25|50589.3203125|8a04e0|AXM8334|X|2534|1731.25|||3|3|1|1|1|132|51|[]|636148153893200000|14:03:09:320
62|1.1|636147910875735192|8a04e0|50594.296875|3.39522091956|99.19247919086|-174352|-1140874||50594.296875|349.5||35000|349.75|50594.296875|8a04e0|AXM8334|X|2534|1831.25|||3|3|1|1|1|132|51|[]|636148153942970000|14:03:14:297
62|1.1|636147910925660184|8a04e0|50599.296875|3.39739887002|99.18130512483|-175603|-1140626||50599.296875|350.75||35143.75|351.25|50599.296875|8a04e0|AXM8334|X|2534|1868.75|||3|3|1|1|1|132|51|[]|636148153992970000|14:03:19:297
62|1.1|636147910975575175|8a04e0|50604.296875|3.39939443054|99.17208370404|-176635|-1140399||50604.296875|352||35231.25|352.5|50604.296875|8a04e0|AXM8334|X|2534|1750|||3|3|1|1|1|132|51|[]|636148154042970000|14:03:24:297
62|1.1|636147911025510168|8a04e0|50609.28125|3.40171722007|99.16076479894|-177902|-1140135||50609.28125|352||35325|354.25|50609.28125|8a04e0|AXM8334|X|2534|1750|||3|3|1|1|1|132|51|[]|636148154092810000|14:03:29:281
62|1.1|636147911075425159|8a04e0|50614.28125|3.4040400096|99.14939761415|-179174|-1139871||50614.28125|352||35425|355.5|50614.28125|8a04e0|AXM8334|X|2534|1750|||3|3|1|1|1|132|51|[]|636148154142810000|14:03:34:281
62|1.1|636147911125340150|8a04e0|50619.2578125|3.4063467059|99.13808407346|-180441|-1139608||50619.2578125|352||35525|357.25|50619.2578125|8a04e0|AXM8334|X|2534|1750|||3|3|1|1|1|132|51|[]|636148154192580000|14:03:39:258
