62|1.1|636147897415909344|a7c28d|49248.3359375|16.31576182003|97.69954779463|-326085|293297||49248.3359375|60||5925|57.25|49248.3359375|a7c28d|AERO|0|2381|0|||3|3|0|1|1|132|194|["132,194,5,3511"]|636148140483360000|13:40:48:336
62|1.1|636147897465834336|a7c28d|49253.3359375|16.31556870127|97.6999072101|-326047|293275||49253.3359375|60||5925|57.25|49253.3359375|a7c28d|AERO|0|2381|0|||3|3|0|1|1|132|194|["132,194,5,3511"]|636148140533360000|13:40:53:336
62|1.1|636147897515749327|a7c28d|49258.3203125|16.31529511636|97.70039537141|-325995|293244||49258.3203125|60||5925|57.25|49258.3203125|a7c28d|AERO|0|2381|0|||3|3|0|1|1|132|194|["132,194,5,3511"]|636148140583200000|13:40:58:320
62|1.1|636147897565674319|a7c28d|49263.3203125|16.31555797245|97.70006277799|-326030|293273||49263.3203125|60||5925|57.25|49263.3203125|a7c28d|AERO|0|2381|0|||3|3|0|1|1|132|194|["132,194,5,3511"]|636148140633200000|13:41:03:320
62|1.1|636147897615599311|a7c28d|49268.296875|16.31555797245|97.70006277799|-326030|293273||49268.296875|60||5925|57.25|49268.296875|a7c28d|AERO|0|2381|0|||3|3|0|1|1|132|194|["132,194,5,3511"]|636148140682970000|13:41:08:297
62|1.1|636147897665514302|a7c28d|49273.296875|16.31531120959|97.70043828669|-325990|293246||49273.296875|60||5925|57.25|49273.296875|a7c28d|AERO|0|2381|0|||3|3|0|1|1|132|194|["132,194,5,3511"]|636148140732970000|13:41:13:297
62|1.1|636147897715449295|a7c28d|49278.296875|16.31521465021|97.70060994781|-325972|293235||49278.296875|60||5925|57.25|49278.296875|a7c28d|AERO|0|2381|0|||3|3|0|1|1|132|194|["132,194,5,3511"]|636148140782970000|13:41:18:297
62|1.1|636147897765364286|a7c28d|49283.28125|16.31518782816|97.7006582275|-325967|293232||49283.28125|60||5925|57.25|49283.28125|a7c28d|AERO|0|2381|0|||3|3|0|1|1|132|194|["132,194,5,3511"]|636148140832810000|13:41:23:281
62|1.1|636147897815289278|a7c28d|49288.28125|16.31516100611|97.70070650719|-325962|293229||49288.28125|60||5931.25|57.25|49288.28125|a7c28d|AERO|0|2381|0|||3|3|0|1|1|132|194|[]|636148140882810000|13:41:28:281
62|1.1|636147897865214270|a7c28d|49293.2578125|16.31513418406|97.70075478688|-325957|293226||49293.2578125|60||5925|57.25|49293.2578125|a7c28d|AERO|0|2381|0|||3|3|0|1|1|132|194|[]|636148140932580000|13:41:33:258
62|1.1|636147897915129261|a7c28d|49298.2578125|16.31513418406|97.70073332924|-325959|293226||49298.2578125|60||5925|57.25|49298.2578125|a7c28d|AERO|0|2381|0|||3|3|0|1|1|132|194|["132,194,5,3511"]|636148140982580000|13:41:38:258
62|1.1|636147897965054253|a7c28d|49303.2578125|16.31539167574|97.7003363629|-326001|293255||49303.2578125|60||5925|57.25|49303.2578125|a7c28d|AERO|0|2381|0|||3|3|0|1|1|132|194|["132,194,5,3511"]|636148141032580000|13:41:43:258
62|1.1|636147898014979245|a7c28d|49308.2421875|16.31533803164|97.70040610023|-325994|293249||49308.2421875|60||5925|57.25|49308.2421875|a7c28d|AERO|0|2381|0|||3|3|0|1|1|132|194|["132,194,5,3511"]|636148141082420000|13:41:48:242
62|1.1|636147898064904237|a7c28d|49313.2421875|16.31533803164|97.70042219346|-325992|293249||49313.2421875|60||5925|57.25|49313.2421875|a7c28d|AERO|0|2381|0|||3|3|0|1|1|132|194|["132,194,5,3511"]|636148141132420000|13:41:53:242
62|1.1|636147898114809227|a7c28d|49318.21875|16.31533266723|97.70043828669|-325990|293248||49318.21875|60||5925|57.25|49318.21875|a7c28d|AERO|0|2381|0|||3|3|0|1|1|132|194|[]|636148141182190000|13:41:58:219
62|1.1|636147898164734219|a7c28d|49323.21875|16.31523610785|97.70058312576|-325975|293237||49323.21875|60||5918.75|57.25|49323.21875|a7c28d|AERO|0|2381|0|||3|3|0|1|1|132|194|["132,194,5,3511"]|636148141232190000|13:42:03:219
62|1.1|636147898214659211|a7c28d|49328.21875|16.31523074344|97.7006045834|-325973|293236||49328.21875|60||5918.75|57.25|49328.21875|a7c28d|AERO|0|2381|0|||3|3|0|1|1|132|194|["132,194,5,3511"]|636148141282190000|13:42:08:219
62|1.1|636147898264574202|a7c28d|49333.1953125|16.31501616704|97.70096936328|-325934|293212||49333.1953125|60||5925|57.25|49333.1953125|a7c28d|AERO|0|2381|0|||3|3|0|1|1|132|194|["132,194,5,3511"]|636148141331950000|13:42:13:195
62|1.1|636147898314509195|a7c28d|49338.1953125|16.3149947094|97.70099618533|-325931|293210||49338.1953125|60||5925|57.25|49338.1953125|a7c28d|AERO|0|2381|0|||3|3|0|1|1|132|194|["132,194,5,3511"]|636148141381950000|13:42:18:195
62|1.1|636147898364424186|a7c28d|49343.1796875|16.31496788735|97.70104446502|-325926|293207||49343.1796875|60||5925|57.25|49343.1796875|a7c28d|AERO|0|2381|0|||3|3|0|1|1|132|194|["132,194,5,3511"]|636148141431800000|13:42:23:180
62|1.1|636147898414359179|a7c28d|49348.1796875|16.3152092858|97.7006045834|-325973|293234||49348.1796875|60||5918.75|57.25|49348.1796875|a7c28d|AERO|0|2381|0|||3|3|0|1|1|132|194|["132,194,5,3511"]|636148141481800000|13:42:28:180
62|1.1|636147898464274170|a7c28d|49353.1796875|16.3152629299|97.70055630371|-325978|293240||49353.1796875|60||5918.75|57.25|49353.1796875|a7c28d|AERO|0|2381|0|||3|3|0|1|1|132|194|["132,194,5,3511"]|636148141531800000|13:42:33:180
62|1.1|636147898514199162|a7c28d|49358.15625|16.31534876046|97.70038464259|-325996|293250||49358.15625|60||5918.75|57.25|49358.15625|a7c28d|AERO|0|2381|0|||3|3|0|1|1|132|194|["132,194,5,3511"]|636148141581560000|13:42:38:156
62|1.1|636147898564114153|a7c28d|49363.15625|16.31528975195|97.70047047315|-325987|293243||49363.15625|60||5925|57.25|49363.15625|a7c28d|AERO|0|2381|0|||3|3|0|1|1|132|194|["132,194,5,3511"]|636148141631560000|13:42:43:156
62|1.1|636147898614029144|a7c28d|49368.140625|16.31539167574|97.70027198998|-326008|293255||49368.140625|60||5925|57.25|49368.140625|a7c28d|AERO|0|2381|0|||3|3|0|1|1|132|194|["132,194,5,3511"]|636148141681410000|13:42:48:141
62|1.1|636147898663954136|a7c28d|49373.140625|16.3154238622|97.70020761706|-326015|293259||49373.140625|60||5925|57.25|49373.140625|a7c28d|AERO|0|2381|0|||3|3|0|1|1|132|194|["132,194,5,3511"]|636148141731410000|13:42:53:141
62|1.1|636147898713869127|a7c28d|49378.140625|16.3154238622|97.70020761706|-326015|293259||49378.140625|60||5925|57.25|49378.140625|a7c28d|AERO|0|2381|0|||3|3|0|1|1|132|194|["132,194,5,3511"]|636148141781410000|13:42:58:141
62|1.1|636147898763794119|a7c28d|49383.1171875|16.31541313338|97.70027198998|-326008|293257||49383.1171875|60||5925|57.25|49383.1171875|a7c28d|AERO|0|2381|0|||3|3|0|1|1|132|194|["132,194,5,3511"]|636148141831170000|13:43:03:117
62|1.1|636147898813719111|a7c28d|49388.1171875|16.3154238622|97.7002827188|-326007|293259||49388.1171875|60||5925|57.25|49388.1171875|a7c28d|AERO|0|2381|0|||3|3|0|1|1|132|194|["132,194,5,3511"]|636148141881170000|13:43:08:117
62|1.1|636147898863654104|a7c28d|49393.1015625|16.3154238622|97.7002827188|-326007|293259||49393.1015625|60||5925|57.25|49393.1015625|a7c28d|AERO|0|2381|0|||3|3|0|1|1|132|194|["132,194,5,3511"]|636148141931020000|13:43:13:102
62|1.1|636147898913559094|a7c28d|49398.1015625|16.31543995543|97.7002827188|-326007|293260||49398.1015625|60||5925|57.25|49398.1015625|a7c28d|AERO|0|2381|0|||3|3|0|1|1|132|194|[]|636148141981020000|13:43:18:102
62|1.1|636147898963484086|a7c28d|49403.1015625|16.31535948928|97.70038464259|-325996|293251||49403.1015625|60||5925|57.25|49403.1015625|a7c28d|AERO|0|2381|0|||3|3|0|1|1|132|194|["132,194,5,3511"]|636148142031020000|13:43:23:102
62|1.1|636147899013409078|a7c28d|49408.078125|16.31553651481|97.70010569327|-326026|293271||49408.078125|60||5925|57.25|49408.078125|a7c28d|AERO|0|2381|0|||3|3|0|1|1|132|194|["132,194,5,3511"]|636148142080780000|13:43:28:078
62|1.1|636147899063344071|a7c28d|49413.078125|16.31562234537|97.69991257451|-326046|293281||49413.078125|60||5918.75|57.25|49413.078125|a7c28d|AERO|0|2381|0|||3|3|0|1|1|132|194|["132,194,5,3511"]|636148142130780000|13:43:33:078
62|1.1|636147899113249061|a7c28d|49418.0625|16.31563307419|97.69989111687|-326048|293282||49418.0625|60||5918.75|57.25|49418.0625|a7c28d|AERO|0|2381|0|||3|3|0|1|1|132|194|["132,194,5,3511"]|636148142180630000|13:43:38:063
62|1.1|636147899163174053|a7c28d|49423.0625|16.3155311504|97.70008423563|-326028|293270||49423.0625|60||5925|57.25|49423.0625|a7c28d|AERO|0|2381|0|||3|3|0|1|1|132|194|["132,194,5,3511"]|636148142230630000|13:43:43:063
62|1.1|636147899213099045|a7c28d|49428.0625|16.31545604866|97.70019688824|-326016|293262||49428.0625|60||5925|57.25|49428.0625|a7c28d|AERO|0|2381|0|||3|3|0|1|1|132|194|["132,194,5,3511"]|636148142280630000|13:43:48:063
62|1.1|636147899263014036|a7c28d|49433.0390625|16.31544531984|97.70019688824|-326016|293261||49433.0390625|60||5925|57.25|49433.0390625|a7c28d|AERO|0|2381|0|||3|3|0|1|1|132|194|["132,194,5,3511"]|636148142330390000|13:43:53:039
62|1.1|636147899312939028|a7c28d|49438.0390625|16.31539167574|97.7002827188|-326007|293255||49438.0390625|60||5925|57.25|49438.0390625|a7c28d|AERO|0|2381|0|||3|3|0|1|1|132|194|["132,194,5,3511"]|636148142380390000|13:43:58:039
62|1.1|636147899362864020|a7c28d|49443.015625|16.31534339605|97.70035782054|-325999|293250||49443.015625|60||5925|57.25|49443.015625|a7c28d|AERO|0|2381|0|||3|3|0|1|1|132|194|["132,194,5,3511"]|636148142430160000|13:44:03:016
62|1.1|636147899412789012|a7c28d|49448.015625|16.31530584518|97.70043292228|-325991|293245||49448.015625|60||5925|57.25|49448.015625|a7c28d|AERO|0|2381|0|||3|3|0|1|1|132|194|["132,194,5,3511"]|636148142480160000|13:44:08:016
62|1.1|636147899462704003|a7c28d|49453.015625|16.31529511636|97.7004436511|-325990|293244||49453.015625|60||5925|57.25|49453.015625|a7c28d|AERO|0|2381|0|||3|3|0|1|1|132|194|["132,194,5,3511"]|636148142530160000|13:44:13:016
62|1.1|636147899512628995|a7c28d|49458|16.31528975195|97.70045437992|-325989|293243||49458|60||5925|57.25|49458|a7c28d|AERO|0|2381|0|||3|3|0|1|1|132|194|[]|636148142580000000|13:44:18:000
62|1.1|636147899562553987|a7c28d|49463|16.31530584518|97.70042219346|-325992|293245||49463|60||5918.75|57.25|49463|a7c28d|AERO|0|2381|0|||3|3|0|1|1|132|194|["132,194,5,3511"]|636148142630000000|13:44:23:000
62|1.1|636147899612468978|a7c28d|49467.9765625|16.31548823512|97.70007350681|-326029|293266||49467.9765625|60||5918.75|57.25|49467.9765625|a7c28d|AERO|0|2381|0|||3|3|0|1|1|132|194|["132,194,5,3511"]|636148142679770000|13:44:27:977
62|1.1|636147899662393970|a7c28d|49472.9765625|16.31559552332|97.69986429482|-326051|293278||49472.9765625|60||5918.75|57.25|49472.9765625|a7c28d|AERO|0|2381|0|||3|3|0|1|1|132|194|["132,194,5,3511"]|636148142729770000|13:44:32:977
62|1.1|636147899712308961|a7c28d|49477.9765625|16.31557406568|97.69989648128|-326048|293276||49477.9765625|60||5925|57.25|49477.9765625|a7c28d|AERO|0|2381|0|||3|3|0|1|1|132|194|["132,194,5,3511"]|636148142779770000|13:44:37:977
62|1.1|636147899762233953|a7c28d|49482.9609375|16.31554187922|97.6999608542|-326041|293272||49482.9609375|60||5925|57.25|49482.9609375|a7c28d|AERO|0|2381|0|||3|3|0|1|1|132|194|["132,194,5,3511"]|636148142829610000|13:44:42:961
62|1.1|636147899812148944|a7c28d|49487.9609375|16.3155847945|97.6999072101|-326047|293277||49487.9609375|60||5925|57.25|49487.9609375|a7c28d|AERO|0|2381|0|||3|3|0|1|1|132|194|["132,194,5,3511"]|636148142879610000|13:44:47:961
62|1.1|636147899862073936|a7c28d|49492.9375|16.31559552332|97.69989111687|-326048|293278||49492.9375|60||5918.75|57.25|49492.9375|a7c28d|AERO|0|2381|0|||3|3|0|1|1|132|194|["132,194,5,3511"]|636148142929380000|13:44:52:938
62|1.1|636147899911998928|a7c28d|49497.9375|16.31541313338|97.7002827188|-326007|293257||49497.9375|60||5925|57.25|49497.9375|a7c28d|AERO|0|2381|0|||3|3|0|1|1|132|194|["132,194,5,3511"]|636148142979380000|13:44:57:938
62|1.1|636147899961913919|a7c28d|49502.9375|16.31531120959|97.70043292228|-325991|293246||49502.9375|60||5925|57.25|49502.9375|a7c28d|AERO|0|2381|0|||3|3|0|1|1|132|194|["132,194,5,3511"]|636148143029380000|13:45:02:938
62|1.1|636147900011838911|a7c28d|49507.921875|16.3154238622|97.70027198998|-326008|293259||49507.921875|60||5925|57.25|49507.921875|a7c28d|AERO|0|2381|0|||3|3|0|1|1|132|194|["132,194,5,3511"]|636148143079220000|13:45:07:922
62|1.1|636147900061763903|a7c28d|49512.921875|16.3154238622|97.70027198998|-326008|293259||49512.921875|60||5925|57.25|49512.921875|a7c28d|AERO|0|2381|0|||3|3|0|1|1|132|194|["132,194,5,3511"]|636148143129220000|13:45:12:922
62|1.1|636147900111678894|a7c28d|49517.8984375|16.31556333686|97.69999840507|-326037|293274||49517.8984375|60||5925|57.25|49517.8984375|a7c28d|AERO|0|2381|0|||3|3|0|1|1|132|194|["132,194,5,3511"]|636148143178980000|13:45:17:898
62|1.1|636147900161603886|a7c28d|49522.8984375|16.31556870127|97.69998767625|-326038|293275||49522.8984375|60||5918.75|57.25|49522.8984375|a7c28d|AERO|0|2381|0|||3|3|0|1|1|132|194|["132,194,5,3511"]|636148143228980000|13:45:22:898
62|1.1|636147900211538879|a7c28d|49527.8984375|16.31564380301|97.69983210836|-326055|293284||49527.8984375|60||5918.75|57.25|49527.8984375|a7c28d|AERO|0|2381|0|||3|3|0|1|1|132|194|["132,194,5,3511"]|636148143278980000|13:45:27:898
62|1.1|636147900261453870|a7c28d|49532.875|16.31565989624|97.69982137954|-326056|293285||49532.875|60||5918.75|57.25|49532.875|a7c28d|AERO|0|2381|0|||3|3|0|1|1|132|194|["132,194,5,3511"]|636148143328750000|13:45:32:875
62|1.1|636147900311368861|a7c28d|49537.875|16.31560625214|97.6999072101|-326047|293279||49537.875|60||5925|57.25|49537.875|a7c28d|AERO|0|2381|0|||3|3|0|1|1|132|194|["132,194,5,3511"]|636148143378750000|13:45:37:875
62|1.1|636147900361293853|a7c28d|49542.859375|16.31548287071|97.70011105768|-326025|293265||49542.859375|60||5925|57.25|49542.859375|a7c28d|AERO|0|2381|0|||3|3|0|1|1|132|194|["132,194,5,3511"]|636148143428590000|13:45:42:859
62|1.1|636147900411208844|a7c28d|49547.859375|16.3155847945|97.6999072101|-326047|293277||49547.859375|60||5925|57.25|49547.859375|a7c28d|AERO|0|2381|0|||3|3|0|1|1|132|194|["132,194,5,3511"]|636148143478590000|13:45:47:859
62|1.1|636147900461133836|a7c28d|49552.859375|16.31559552332|97.69989111687|-326048|293278||49552.859375|60||5918.75|57.25|49552.859375|a7c28d|AERO|0|2381|0|||3|3|0|1|1|132|194|["132,194,5,3511"]|636148143528590000|13:45:52:859
62|1.1|636147900511058828|a7c28d|49557.8359375|16.31554724363|97.69997158302|-326040|293273||49557.8359375|60||5925|57.25|49557.8359375|a7c28d|AERO|0|2381|0|||3|3|0|1|1|132|194|["132,194,5,3511"]|636148143578360000|13:45:57:836
62|1.1|636147900560973819|a7c28d|49562.8359375|16.31554724363|97.6999608542|-326041|293273||49562.8359375|60||5925|57.25|49562.8359375|a7c28d|AERO|0|2381|0|||3|3|0|1|1|132|194|["132,194,5,3511"]|636148143628360000|13:46:02:836
62|1.1|636147900610898811|a7c28d|49567.8203125|16.31568135388|97.69970872693|-326068|293288||49567.8203125|60||5918.75|57.25|49567.8203125|a7c28d|AERO|0|2381|0|||3|3|0|1|1|132|194|["132,194,5,3511"]|636148143678200000|13:46:07:820
62|1.1|636147900660823803|a7c28d|49572.8203125|16.31572426916|97.69962289637|-326077|293293||49572.8203125|60||5925|57.25|49572.8203125|a7c28d|AERO|0|2381|0|||3|3|0|1|1|132|194|["132,194,5,3511"]|636148143728200000|13:46:12:820
62|1.1|636147900710738794|a7c28d|49577.8203125|16.31572426916|97.69963362519|-326076|293293||49577.8203125|60||5925|57.25|49577.8203125|a7c28d|AERO|0|2381|0|||3|3|0|1|1|132|194|["132,194,5,3511"]|636148143778200000|13:46:17:820
62|1.1|636147900760663786|a7c28d|49582.796875|16.31573499798|97.69961216755|-326078|293294||49582.796875|60||5925|57.25|49582.796875|a7c28d|AERO|0|2381|0|||3|3|0|1|1|132|194|["132,194,5,3511"]|636148143827970000|13:46:22:797
62|1.1|636147900810588778|a7c28d|49587.796875|16.31584228618|97.69940831997|-326100|293306||49587.796875|60||5918.75|57.25|49587.796875|a7c28d|AERO|0|2381|0|||3|3|0|1|1|132|194|["132,194,5,3511"]|636148143877970000|13:46:27:797
62|1.1|636147900860503769|a7c28d|49592.78125|16.31585837941|97.69938149792|-326103|293308||49592.78125|60||5918.75|57.25|49592.78125|a7c28d|AERO|0|2381|0|||3|3|0|1|1|132|194|["132,194,5,3511"]|636148143927810000|13:46:32:781
62|1.1|636147900910438762|a7c28d|49597.78125|16.3157993709|97.69946196407|-326094|293302||49597.78125|60||5925|57.25|49597.78125|a7c28d|AERO|0|2381|0|||3|3|0|1|1|132|194|["132,194,5,3511"]|636148143977810000|13:46:37:781
62|1.1|636147900960353753|a7c28d|49602.78125|16.31571354034|97.69962289637|-326077|293292||49602.78125|60||5925|57.25|49602.78125|a7c28d|AERO|0|2381|0|||3|3|0|1|1|132|194|["132,194,5,3511"]|636148144027810000|13:46:42:781
62|1.1|636147901010118729|a7c28d|49607.7578125|16.31576182003|97.69954779463|-326085|293297||49607.7578125|60||5925|57.25|49607.7578125|a7c28d|AERO|0|2381|0|||3|3|0|1|1|132|194|["132,194,5,3511"]|636148144077580000|13:46:47:758
62|1.1|636147901060193736|a7c28d|49612.7578125|16.31576718444|97.6995317014|-326087|293298||49612.7578125|60||5925|57.25|49612.7578125|a7c28d|AERO|0|2381|0|||3|3|0|1|1|132|194|["132,194,5,3511"]|636148144127580000|13:46:52:758
62|1.1|636147901109968713|a7c28d|49617.7421875|16.31573499798|97.6995853455|-326081|293294||49617.7421875|60||5925|57.25|49617.7421875|a7c28d|AERO|0|2381|0|||3|3|0|1|1|132|194|["132,194,5,3511"]|636148144177420000|13:46:57:742
62|1.1|636147901159883704|a7c28d|49622.7421875|16.31574036239|97.69957998109|-326082|293295||49622.7421875|60||5925|57.25|49622.7421875|a7c28d|AERO|0|2381|0|||3|3|0|1|1|132|194|["132,194,5,3511"]|636148144227420000|13:47:02:742
62|1.1|636147901209798695|a7c28d|49627.7421875|16.31589056587|97.69930639618|-326111|293312||49627.7421875|60||5918.75|57.25|49627.7421875|a7c28d|AERO|0|2381|0|||3|3|0|1|1|132|194|["132,194,5,3511"]|636148144277420000|13:47:07:742
62|1.1|636147901259723687|a7c28d|49632.71875|16.31589056587|97.69929030295|-326112|293312||49632.71875|60||5925|57.25|49632.71875|a7c28d|AERO|0|2381|0|||3|3|0|1|1|132|194|["132,194,5,3511"]|636148144327190000|13:47:12:719
62|1.1|636147901309648679|a7c28d|49637.71875|16.3159066591|97.69927957413|-326114|293313||49637.71875|60||5925|57.25|49637.71875|a7c28d|AERO|0|2381|0|||3|3|0|1|1|132|194|["132,194,5,3511"]|636148144377190000|13:47:17:719
62|1.1|636147901359573671|a7c28d|49642.6953125|16.31591738792|97.69924202326|-326117|293315||49642.6953125|60||5925|57.25|49642.6953125|a7c28d|AERO|0|2381|0|||3|3|0|1|1|132|194|[]|636148144426950000|13:47:22:695
62|1.1|636147901409498663|a7c28d|49647.6953125|16.31588520146|97.69931176059|-326110|293311||49647.6953125|60||5925|57.25|49647.6953125|a7c28d|AERO|0|2381|0|||3|3|0|1|1|132|194|["132,194,5,3511"]|636148144476950000|13:47:27:695
62|1.1|636147901459423655|a7c28d|49652.6953125|16.31588520146|97.69931176059|-326110|293311||49652.6953125|60||5925|57.25|49652.6953125|a7c28d|AERO|0|2381|0|||3|3|0|1|1|132|194|["132,194,5,3511"]|636148144526950000|13:47:32:695
62|1.1|636147901509338646|a7c28d|49657.6796875|16.31584228618|97.69939759115|-326101|293306||49657.6796875|60||5925|57.25|49657.6796875|a7c28d|AERO|0|2381|0|||3|3|0|1|1|132|194|["132,194,5,3511"]|636148144576800000|13:47:37:680
62|1.1|636147901559273639|a7c28d|49662.6796875|16.31585837941|97.69940831997|-326100|293308||49662.6796875|60||5925|57.25|49662.6796875|a7c28d|AERO|0|2381|0|||3|3|0|1|1|132|194|["132,194,5,3511"]|636148144626800000|13:47:42:680
62|1.1|636147901609178629|a7c28d|49667.65625|16.31581546413|97.69948342171|-326092|293303||49667.65625|60||5925|57.25|49667.65625|a7c28d|AERO|0|2381|0|||3|3|0|1|1|132|194|["132,194,5,3511"]|636148144676560000|13:47:47:656
62|1.1|636147901659103621|a7c28d|49672.65625|16.31582082854|97.69946732848|-326093|293304||49672.65625|60||5925|57.25|49672.65625|a7c28d|AERO|0|2381|0|||3|3|0|1|1|132|194|["132,194,5,3511"]|636148144726560000|13:47:52:656
62|1.1|636147901709028613|a7c28d|49677.65625|16.31582082854|97.69946196407|-326094|293304||49677.65625|60||5925|57.25|49677.65625|a7c28d|AERO|0|2381|0|||3|3|0|1|1|132|194|[]|636148144776560000|13:47:57:656
62|1.1|636147901758953605|a7c28d|49682.640625|16.31587447264|97.69941368438|-326099|293310||49682.640625|60||5925|57.25|49682.640625|a7c28d|AERO|0|2381|0|||3|3|0|1|1|132|194|["132,194,5,3511"]|636148144826410000|13:48:02:641
62|1.1|636147901808888598|a7c28d|49687.640625|16.31587447264|97.69941368438|-326099|293310||49687.640625|60||5925|57.25|49687.640625|a7c28d|AERO|0|2381|0|||3|3|0|1|1|132|194|["132,194,5,3511"]|636148144876410000|13:48:07:641
62|1.1|636147901858793588|a7c28d|49692.6171875|16.31588520146|97.69940831997|-326100|293311||49692.6171875|60||5925|57.25|49692.6171875|a7c28d|AERO|0|2381|0|||3|3|0|1|1|132|194|[]|636148144926170000|13:48:12:617
62|1.1|636147901908708579|a7c28d|49697.6171875|16.31596566761|97.69924202326|-326117|293320||49697.6171875|60||5925|57.25|49697.6171875|a7c28d|AERO|0|2381|0|||3|3|0|1|1|132|194|["132,194,5,3511"]|636148144976170000|13:48:17:617
62|1.1|636147901958643572|a7c28d|49702.6171875|16.31597103202|97.69923129444|-326119|293321||49702.6171875|60||5925|57.25|49702.6171875|a7c28d|AERO|0|2381|0|||3|3|0|1|1|132|194|["132,194,5,3511"]|636148145026170000|13:48:22:617
62|1.1|636147902008558563|a7c28d|49707.6015625|16.31584228618|97.69945659966|-326095|293306||49707.6015625|60||5925|57.25|49707.6015625|a7c28d|AERO|0|2381|0|||3|3|0|1|1|132|194|["132,194,5,3511"]|636148145076020000|13:48:27:602
62|1.1|636147902058473554|a7c28d|49712.6015625|16.31581546413|97.69948878612|-326091|293303||49712.6015625|60||5925|57.25|49712.6015625|a7c28d|AERO|0|2381|0|||3|3|0|1|1|132|194|["132,194,5,3511"]|636148145126020000|13:48:32:602
62|1.1|636147902108398546|a7c28d|49717.578125|16.31578864208|97.6995317014|-326087|293300||49717.578125|60||5925|57.25|49717.578125|a7c28d|AERO|0|2381|0|||3|3|0|1|1|132|194|["132,194,5,3511"]|636148145175780000|13:48:37:578
62|1.1|636147902158323538|a7c28d|49722.578125|16.31576718444|97.69955852345|-326084|293298||49722.578125|60||5925|57.25|49722.578125|a7c28d|AERO|0|2381|0|||3|3|0|1|1|132|194|["132,194,5,3511"]|636148145225780000|13:48:42:578
62|1.1|636147902208248530|a7c28d|49727.578125|16.31576718444|97.69955852345|-326084|293298||49727.578125|60||5925|57.25|49727.578125|a7c28d|AERO|0|2381|0|||3|3|0|1|1|132|194|["132,194,5,3511"]|636148145275780000|13:48:47:578
62|1.1|636147902258173522|a7c28d|49732.5625|16.31579400649|97.69950487935|-326090|293301||49732.5625|60||5925|57.25|49732.5625|a7c28d|AERO|0|2381|0|||3|3|0|1|1|132|194|["132,194,5,3511"]|636148145325630000|13:48:52:563
62|1.1|636147902308098514|a7c28d|49737.5625|16.3157993709|97.69950487935|-326090|293302||49737.5625|60||5925|57.25|49737.5625|a7c28d|AERO|0|2381|0|||3|3|0|1|1|132|194|["132,194,5,3511"]|636148145375630000|13:48:57:563
62|1.1|636147902358013505|a7c28d|49742.5390625|16.3157993709|97.69948878612|-326091|293302||49742.5390625|60||5925|57.25|49742.5390625|a7c28d|AERO|0|2381|0|||3|3|0|1|1|132|194|[]|636148145425390000|13:49:02:539
62|1.1|636147902407928496|a7c28d|49747.5390625|16.3157993709|97.69948878612|-326091|293302||49747.5390625|60||5925|57.25|49747.5390625|a7c28d|AERO|0|2381|0|||3|3|0|1|1|132|194|[]|636148145475390000|13:49:07:539
62|1.1|636147902457853488|a7c28d|49752.5390625|16.31589056587|97.699317125|-326109|293312||49752.5390625|60||5925|57.25|49752.5390625|a7c28d|AERO|0|2381|0|||3|3|0|1|1|132|194|["132,194,5,3511"]|636148145525390000|13:49:12:539
62|1.1|636147902507778480|a7c28d|49757.515625|16.31603540494|97.69910791301|-326132|293328||49757.515625|60||5918.75|57.25|49757.515625|a7c28d|AERO|0|2381|0|||3|3|0|1|1|132|194|["132,194,5,3511"]|636148145575160000|13:49:17:516
62|1.1|636147902557703472|a7c28d|49762.515625|16.31605686258|97.69908645537|-326134|293330||49762.515625|60||5918.75|57.25|49762.515625|a7c28d|AERO|0|2381|0|||3|3|0|1|1|132|194|["132,194,5,3511"]|636148145625160000|13:49:22:516
62|1.1|636147902607618463|a7c28d|49767.5|16.31594420997|97.69927957413|-326114|293318||49767.5|60||5925|57.25|49767.5|a7c28d|AERO|0|2381|0|||3|3|0|1|1|132|194|["132,194,5,3511"]|636148145675000000|13:49:27:500
62|1.1|636147902657553456|a7c28d|49772.5|16.31587447264|97.69938149792|-326103|293310||49772.5|60||5925|57.25|49772.5|a7c28d|AERO|0|2381|0|||3|3|0|1|1|132|194|["132,194,5,3511"]|636148145725000000|13:49:32:500
62|1.1|636147902707458446|a7c28d|49777.5|16.31593884556|97.69931176059|-326110|293317||49777.5|60||5925|57.25|49777.5|a7c28d|AERO|0|2381|0|||3|3|0|1|1|132|194|["132,194,5,3511"]|636148145775000000|13:49:37:500
62|1.1|636147902757383438|a7c28d|49782.4765625|16.31587447264|97.69940831997|-326100|293310||49782.4765625|60||5925|57.25|49782.4765625|a7c28d|AERO|0|2381|0|||3|3|0|1|1|132|194|["132,194,5,3511"]|636148145824770000|13:49:42:477
62|1.1|636147902807298429|a7c28d|49787.4765625|16.31582082854|97.69948878612|-326091|293304||49787.4765625|60||5931.25|57.25|49787.4765625|a7c28d|AERO|0|2381|0|||3|3|0|1|1|132|194|["132,194,5,3511"]|636148145874770000|13:49:47:477
62|1.1|636147902857223421|a7c28d|49792.4609375|16.31586910823|97.69940831997|-326100|293309||49792.4609375|60||5925|57.25|49792.4609375|a7c28d|AERO|0|2381|0|||3|3|0|1|1|132|194|["132,194,5,3511"]|636148145924610000|13:49:52:461
62|1.1|636147902907138412|a7c28d|49797.4609375|16.31586910823|97.69940831997|-326100|293309||49797.4609375|60||5925|57.25|49797.4609375|a7c28d|AERO|0|2381|0|||3|3|0|1|1|132|194|["132,194,5,3511"]|636148145974610000|13:49:57:461
62|1.1|636147902957063404|a7c28d|49802.4609375|16.31579400649|97.6995317014|-326087|293301||49802.4609375|60||5925|57.25|49802.4609375|a7c28d|AERO|0|2381|0|||3|3|0|1|1|132|194|["132,194,5,3511"]|636148146024610000|13:50:02:461
62|1.1|636147903006988396|a7c28d|49807.4375|16.31572426916|97.6996389896|-326075|293293||49807.4375|60||5925|57.25|49807.4375|a7c28d|AERO|0|2381|0|||3|3|0|1|1|132|194|["132,194,5,3511"]|636148146074380000|13:50:07:438
62|1.1|636147903056903387|a7c28d|49812.4375|16.31572426916|97.69965508283|-326074|293293||49812.4375|60||5925|57.25|49812.4375|a7c28d|AERO|0|2381|0|||3|3|0|1|1|132|194|["132,194,5,3511"]|636148146124380000|13:50:12:438
62|1.1|636147903106828379|a7c28d|49817.421875|16.31573499798|97.69963362519|-326076|293294||49817.421875|60||5925|57.25|49817.421875|a7c28d|AERO|0|2381|0|||3|3|0|1|1|132|194|["132,194,5,3511"]|636148146174220000|13:50:17:422
62|1.1|636147903156753371|a7c28d|49822.421875|16.31572426916|97.69963362519|-326076|293293||49822.421875|60||5925|57.25|49822.421875|a7c28d|AERO|0|2381|0|||3|3|0|1|1|132|194|["132,194,5,3511"]|636148146224220000|13:50:22:422
62|1.1|636147903206668362|a7c28d|49827.421875|16.31572426916|97.6996389896|-326075|293293||49827.421875|60||5925|57.25|49827.421875|a7c28d|AERO|0|2381|0|||3|3|0|1|1|132|194|[]|636148146274220000|13:50:27:422
62|1.1|636147903256593354|a7c28d|49832.3984375|16.31584228618|97.69948342171|-326092|293306||49832.3984375|60||5925|57.25|49832.3984375|a7c28d|AERO|0|2381|0|||3|3|0|1|1|132|194|["132,194,5,3511"]|636148146323980000|13:50:32:398
62|1.1|636147903306518346|a7c28d|49837.3984375|16.31583692177|97.69948342171|-326092|293305||49837.3984375|60||5925|57.25|49837.3984375|a7c28d|AERO|0|2381|0|||3|3|0|1|1|132|194|["132,194,5,3511"]|636148146373980000|13:50:37:398
62|1.1|636147903356443338|a7c28d|49842.375|16.31583692177|97.69948342171|-326092|293305||49842.375|60||5925|57.25|49842.375|a7c28d|AERO|0|2381|0|||3|3|0|1|1|132|194|["132,194,5,3511"]|636148146423750000|13:50:42:375
62|1.1|636147903406358329|a7c28d|49847.375|16.31569744711|97.69970872693|-326068|293290||49847.375|60||5925|57.25|49847.375|a7c28d|AERO|0|2381|0|||3|3|0|1|1|132|194|["132,194,5,3511"]|636148146473750000|13:50:47:375
62|1.1|636147903456273320|a7c28d|49852.375|16.31569744711|97.69971409134|-326067|293290||49852.375|60||5925|57.25|49852.375|a7c28d|AERO|0|2381|0|||3|3|0|1|1|132|194|["132,194,5,3511"]|636148146523750000|13:50:52:375
62|1.1|636147903506208313|a7c28d|49857.359375|16.3156920827|97.69973018457|-326066|293289||49857.359375|60||5931.25|57.25|49857.359375|a7c28d|AERO|0|2381|0|||3|3|0|1|1|132|194|[]|636148146573590000|13:50:57:359
62|1.1|636147903556133305|a7c28d|49862.359375|16.3156920827|97.69973554898|-326065|293289||49862.359375|60||5931.25|57.25|49862.359375|a7c28d|AERO|0|2381|0|||3|3|0|1|1|132|194|[]|636148146623590000|13:51:02:359
62|1.1|636147903606048296|a7c28d|49867.3359375|16.31568135388|97.69974091339|-326064|293288||49867.3359375|60||5931.25|57.25|49867.3359375|a7c28d|AERO|0|2381|0|||3|3|0|1|1|132|194|[]|636148146673360000|13:51:07:336
62|1.1|636147903655963287|X|49872.3359375||||||||||||X|X|X|2381|||||||1|1|0|0|[]|636148146723360000|13:51:12:336
62|1.1|636147904042861973|a7c28d|49910.1015625|16.31636799836|97.69864120934|-326181|293366||49910.1015625|60||5937.5|57.25|49910.1015625|a7c28d|AERO|0|2466|0|||3|3|0|1|1|132|194|["132,194,5,3514"]|636148147101020000|13:51:50:102
62|1.1|636147904055343221|a7c28d|49912.28125|16.31686688849|97.69779363256|-326271|293422||49912.28125|60||5937.5|57.25|49912.28125|a7c28d|AERO|0|2466|0|||3|3|0|1|1|132|194|["132,194,5,3514"]|636148147122810000|13:51:52:281
62|1.1|636147904105268213|a7c28d|49917.2578125|16.31623925252|97.69879141282|-326165|293351||49917.2578125|60||5931.25|57.25|49917.2578125|a7c28d|AERO|0|2466|0|||3|3|0|1|1|132|194|["132,194,5,3514"]|636148147172580000|13:51:57:258
62|1.1|636147904155183204|a7c28d|49922.2578125|16.31598712525|97.69916692152|-326125|293322||49922.2578125|60||5925|57.25|49922.2578125|a7c28d|AERO|0|2466|0|||3|3|0|1|1|132|194|["132,194,5,3514"]|636148147222580000|13:52:02:258
62|1.1|636147904205108196|a7c28d|49927.2578125|16.31636799836|97.69844272617|-326202|293366||49927.2578125|60||5918.75|57.25|49927.2578125|a7c28d|AERO|0|2466|0|||3|3|0|1|1|132|194|["132,194,5,3514"]|636148147272580000|13:52:07:258
62|1.1|636147904255023187|a7c28d|49932.2421875|16.31609441345|97.69893625189|-326150|293335||49932.2421875|60||5918.75|57.25|49932.2421875|a7c28d|AERO|0|2466|0|||3|3|0|1|1|132|194|["132,194,5,3514"]|636148147322420000|13:52:12:242
62|1.1|636147904304948179|a7c28d|49937.2421875|16.31582082854|97.69942977761|-326098|293304||49937.2421875|60||5918.75|57.25|49937.2421875|a7c28d|AERO|0|2466|0|||3|3|0|1|1|132|194|["132,194,5,3514"]|636148147372420000|13:52:17:242
62|1.1|636147904354873171|a7c28d|49942.21875|16.31562234537|97.69993939656|-326043|293281||49942.21875|60||5925|57.25|49942.21875|a7c28d|AERO|0|2466|0|||3|3|0|1|1|132|194|["132,194,5,3514"]|636148147422190000|13:52:22:219
62|1.1|636147904404788162|a7c28d|49947.21875|16.3156384386|97.69985893041|-326052|293283||49947.21875|60||5925|57.25|49947.21875|a7c28d|AERO|0|2466|0|||3|3|0|1|1|132|194|["132,194,5,3514"]|636148147472190000|13:52:27:219
62|1.1|636147904454713154|a7c28d|49952.21875|16.31571890475|97.69967117606|-326072|293292||49952.21875|60||5925|57.25|49952.21875|a7c28d|AERO|0|2466|0|||3|3|0|1|1|132|194|["132,194,5,3514"]|636148147522190000|13:52:32:219
62|1.1|636147904504638146|a7c28d|49957.1953125|16.31578864208|97.69953706581|-326086|293300||49957.1953125|60||5925|57.25|49957.1953125|a7c28d|AERO|0|2466|0|||3|3|0|1|1|132|194|["132,194,5,3514"]|636148147571950000|13:52:37:195
62|1.1|636147904554563138|a7c28d|49962.1953125|16.31584228618|97.69943514202|-326097|293306||49962.1953125|60||5925|57.25|49962.1953125|a7c28d|AERO|0|2466|0|||3|3|0|1|1|132|194|["132,194,5,3514"]|636148147621950000|13:52:42:195
62|1.1|636147904604478129|a7c28d|49967.1796875|16.31589056587|97.69933858264|-326107|293312||49967.1796875|60||5925|57.25|49967.1796875|a7c28d|AERO|0|2466|0|||3|3|0|1|1|132|194|[]|636148147671800000|13:52:47:180
62|1.1|636147904654403121|a7c28d|49972.1796875|16.31566526065|97.69973554898|-326065|293286||49972.1796875|60||5925|57.25|49972.1796875|a7c28d|AERO|0|2466|0|||3|3|0|1|1|132|194|["132,194,5,3514"]|636148147721800000|13:52:52:180
62|1.1|636147904704328113|a7c28d|49977.1796875|16.31567062506|97.69973018457|-326066|293287||49977.1796875|60||5925|57.25|49977.1796875|a7c28d|AERO|0|2466|0|||3|3|0|1|1|132|194|["132,194,5,3514"]|636148147771800000|13:52:57:180
62|1.1|636147904754243104|a7c28d|49982.15625|16.31549896394|97.70003059153|-326034|293267||49982.15625|60||5925|57.25|49982.15625|a7c28d|AERO|0|2466|0|||3|3|0|1|1|132|194|["132,194,5,3514"]|636148147821560000|13:53:02:156
62|1.1|636147904804178097|a7c28d|49987.15625|16.31550969276|97.70000913389|-326036|293268||49987.15625|60||5925|57.25|49987.15625|a7c28d|AERO|0|2466|0|||3|3|0|1|1|132|194|["132,194,5,3514"]|636148147871560000|13:53:07:156
62|1.1|636147904854093088|a7c28d|49992.140625|16.31570817593|97.69963362519|-326076|293291||49992.140625|60||5925|57.25|49992.140625|a7c28d|AERO|0|2466|0|||3|3|0|1|1|132|194|["132,194,5,3514"]|636148147921410000|13:53:12:141
62|1.1|636147904904018080|a7c28d|49997.140625|16.3157993709|97.69946196407|-326094|293302||49997.140625|60||5925|57.25|49997.140625|a7c28d|AERO|0|2466|0|||3|3|0|1|1|132|194|["132,194,5,3514"]|636148147971410000|13:53:17:141
62|1.1|636147904953933071|a7c28d|50002.140625|16.31583155736|97.69940831997|-326100|293305||50002.140625|60||5925|57.25|50002.140625|a7c28d|AERO|0|2466|0|||3|3|0|1|1|132|194|["132,194,5,3514"]|636148148021410000|13:53:22:141
62|1.1|636147905003858063|a7c28d|50007.1171875|16.31585837941|97.69936004028|-326105|293308||50007.1171875|60||5925|57.25|50007.1171875|a7c28d|AERO|0|2466|0|||3|3|0|1|1|132|194|[]|636148148071170000|13:53:27:117
62|1.1|636147905053773054|a7c28d|50012.1171875|16.31567062506|97.69978919308|-326059|293287||50012.1171875|60||5925|57.25|50012.1171875|a7c28d|AERO|0|2466|0|||3|3|0|1|1|132|194|["132,194,5,3514"]|636148148121170000|13:53:32:117
62|1.1|636147905103698046|a7c28d|50017.1015625|16.31569744711|97.69980528631|-326058|293290||50017.1015625|60||5925|57.25|50017.1015625|a7c28d|AERO|0|2466|0|||3|3|0|1|1|132|194|["132,194,5,3514"]|636148148171020000|13:53:37:102
62|1.1|636147905153623038|a7c28d|50022.1015625|16.31568135388|97.69978919308|-326059|293288||50022.1015625|60||5925|57.25|50022.1015625|a7c28d|AERO|0|2466|0|||3|3|0|1|1|132|194|["132,194,5,3514"]|636148148221020000|13:53:42:102
62|1.1|636147905203538029|a7c28d|50027.1015625|16.31566526065|97.69988038805|-326050|293286||50027.1015625|60||5925|57.25|50027.1015625|a7c28d|AERO|0|2466|0|||3|3|0|1|1|132|194|["132,194,5,3514"]|636148148271020000|13:53:47:102
62|1.1|636147905253463021|a7c28d|50032.078125|16.31567062506|97.69986429482|-326051|293287||50032.078125|60||5925|57.25|50032.078125|a7c28d|AERO|0|2466|0|||3|3|0|1|1|132|194|["132,194,5,3514"]|636148148320780000|13:53:52:078
62|1.1|636147905303388013|a7c28d|50037.078125|16.31568671829|97.69985893041|-326052|293288||50037.078125|60||5925|57.25|50037.078125|a7c28d|AERO|0|2466|0|||3|3|0|1|1|132|194|[]|636148148370780000|13:53:57:078
62|1.1|636147905353303004|a7c28d|50042.0625|16.31578864208|97.69968726929|-326070|293300||50042.0625|60||5925|57.25|50042.0625|a7c28d|AERO|0|2466|0|||3|3|0|1|1|132|194|["132,194,5,3514"]|636148148420630000|13:54:02:063
62|1.1|636147905403227996|a7c28d|50047.0625|16.31579400649|97.69968190488|-326071|293301||50047.0625|60||5925|57.25|50047.0625|a7c28d|AERO|0|2466|0|||3|3|0|1|1|132|194|["132,194,5,3514"]|636148148470630000|13:54:07:063
62|1.1|636147905453142987|a7c28d|50052.0625|16.31581546413|97.69966044724|-326073|293303||50052.0625|60||5925|57.25|50052.0625|a7c28d|AERO|0|2466|0|||3|3|0|1|1|132|194|[]|636148148520630000|13:54:12:063
62|1.1|636147905503067979|a7c28d|50057.0390625|16.31586910823|97.69949415053|-326090|293309||50057.0390625|60||5925|57.25|50057.0390625|a7c28d|AERO|0|2466|0|||3|3|0|1|1|132|194|["132,194,5,3514"]|636148148570390000|13:54:17:039
62|1.1|636147905552992971|a7c28d|50062.0390625|16.31589056587|97.69948342171|-326092|293311||50062.0390625|60||5925|57.25|50062.0390625|a7c28d|AERO|0|2466|0|||3|3|0|1|1|132|194|["132,194,5,3514"]|636148148620390000|13:54:22:039
62|1.1|636147905602917963|a7c28d|50067.015625|16.3159066591|97.69945659966|-326095|293313||50067.015625|60||5925|57.25|50067.015625|a7c28d|AERO|0|2466|0|||3|3|0|1|1|132|194|[]|636148148670160000|13:54:27:016
62|1.1|636147905652842955|a7c28d|50072.015625|16.31579400649|97.69960680314|-326079|293301||50072.015625|60||5925|57.25|50072.015625|a7c28d|AERO|0|2466|0|||3|3|0|1|1|132|194|["132,194,5,3514"]|636148148720160000|13:54:32:016
62|1.1|636147905702757946|a7c28d|50077.015625|16.31571890475|97.69970872693|-326068|293292||50077.015625|60||5925|57.25|50077.015625|a7c28d|AERO|0|2466|0|||3|3|0|1|1|132|194|["132,194,5,3514"]|636148148770160000|13:54:37:016
62|1.1|636147905752682938|a7c28d|50082|16.31563307419|97.69985893041|-326052|293282||50082|60||5925|57.25|50082|a7c28d|AERO|0|2466|0|||3|3|0|1|1|132|194|["132,194,5,3514"]|636148148820000000|13:54:42:000
62|1.1|636147905802597929|a7c28d|50087|16.31539167574|97.7002827188|-326007|293255||50087|60||5925|57.25|50087|a7c28d|AERO|0|2466|0|||3|3|0|1|1|132|194|["132,194,5,3514"]|636148148870000000|13:54:47:000
62|1.1|636147905852522921|a7c28d|50091.9765625|16.31539167574|97.7002827188|-326007|293255||50091.9765625|60||5925|57.25|50091.9765625|a7c28d|AERO|0|2466|0|||3|3|0|1|1|132|194|["132,194,5,3514"]|636148148919770000|13:54:51:977
62|1.1|636147905902447913|a7c28d|50096.9765625|16.31543995543|97.70023443911|-326012|293260||50096.9765625|60||5925|57.25|50096.9765625|a7c28d|AERO|0|2466|0|||3|3|0|1|1|132|194|["132,194,5,3514"]|636148148969770000|13:54:56:977
62|1.1|636147905952372905|a7c28d|50101.9765625|16.31539167574|97.7002827188|-326007|293255||50101.9765625|60||5925|57.25|50101.9765625|a7c28d|AERO|0|2466|0|||3|3|0|1|1|132|194|["132,194,5,3514"]|636148149019770000|13:55:01:977
62|1.1|636147906002287896|a7c28d|50106.9609375|16.315316574|97.70042219346|-325992|293246||50106.9609375|60||5925|57.25|50106.9609375|a7c28d|AERO|0|2466|0|||3|3|0|1|1|132|194|["132,194,5,3514"]|636148149069610000|13:55:06:961
62|1.1|636147906052202887|a7c28d|50111.9609375|16.31524147226|97.70054557489|-325979|293238||50111.9609375|60||5925|57.25|50111.9609375|a7c28d|AERO|0|2466|0|||3|3|0|1|1|132|194|["132,194,5,3514"]|636148149119610000|13:55:11:961
62|1.1|636147906102137880|a7c28d|50116.9375|16.31523074344|97.70056166812|-325977|293236||50116.9375|60||5925|57.25|50116.9375|a7c28d|AERO|0|2466|0|||3|3|0|1|1|132|194|["132,194,5,3514"]|636148149169380000|13:55:16:938
62|1.1|636147906152052871|a7c28d|50121.9375|16.31521465021|97.70059385458|-325974|293235||50121.9375|60||5925|57.25|50121.9375|a7c28d|AERO|0|2466|0|||3|3|0|1|1|132|194|[]|636148149219380000|13:55:21:938
62|1.1|636147906201977863|a7c28d|50126.9375|16.31519855698|97.70060994781|-325972|293233||50126.9375|60||5925|57.25|50126.9375|a7c28d|AERO|0|2466|0|||3|3|0|1|1|132|194|[]|636148149269380000|13:55:26:938
62|1.1|636147906251892854|a7c28d|50131.921875|16.31518782816|97.70064213427|-325969|293232||50131.921875|60||5925|57.25|50131.921875|a7c28d|AERO|0|2466|0|||3|3|0|1|1|132|194|[]|636148149319220000|13:55:31:922
62|1.1|636147906694947155|a7c28d|50175.4609375|16.31543995543|97.70034709172|-326000|293260||50175.4609375|60||5943.75|57.25|50175.4609375|a7c28d|AERO|0|2873|0|||3|3|0|1|1|132|194|["132,194,5,3519"]|636148149754610000|13:56:15:461
62|1.1|636147906701197780|a7c28d|50176.859375|16.31559015891|97.70010569327|-326026|293277||50176.859375|60||5943.75|57.25|50176.859375|a7c28d|AERO|0|2873|0|||3|3|0|1|1|132|194|["132,194,5,3519"]|636148149768590000|13:56:16:859
62|1.1|636147906751112771|a7c28d|50181.8359375|16.31555797245|97.70004668476|-326032|293273||50181.8359375|60||5931.25|57.25|50181.8359375|a7c28d|AERO|0|2873|0|||3|3|0|1|1|132|194|["132,194,5,3519"]|636148149818360000|13:56:21:836
62|1.1|636147906801037763|a7c28d|50186.8359375|16.31548823512|97.70008423563|-326028|293266||50186.8359375|60||5925|57.25|50186.8359375|a7c28d|AERO|0|2873|0|||3|3|0|1|1|132|194|["132,194,5,3519"]|636148149868360000|13:56:26:836
62|1.1|636147906850962755|a7c28d|50191.8203125|16.31511272642|97.70073869365|-325959|293223||50191.8203125|60||5918.75|57.25|50191.8203125|a7c28d|AERO|0|2873|0|||3|3|0|1|1|132|194|["132,194,5,3519"]|636148149918200000|13:56:31:820
62|1.1|636147906900877746|a7c28d|50196.8203125|16.31547214189|97.70008423563|-326028|293264||50196.8203125|60||5918.75|57.25|50196.8203125|a7c28d|AERO|0|2873|0|||3|3|0|1|1|132|194|["132,194,5,3519"]|636148149968200000|13:56:36:820
62|1.1|636147906950802738|a7c28d|50201.8203125|16.31543995543|97.70014860855|-326021|293260||50201.8203125|60||5918.75|57.25|50201.8203125|a7c28d|AERO|0|2873|0|||3|3|0|1|1|132|194|["132,194,5,3519"]|636148150018200000|13:56:41:820
62|1.1|636147907000727730|a7c28d|50206.796875|16.31533266723|97.7003363629|-326001|293248||50206.796875|60||5925|57.25|50206.796875|a7c28d|AERO|0|2873|0|||3|3|0|1|1|132|194|["132,194,5,3519"]|636148150067970000|13:56:46:797
62|1.1|636147907050642721|a7c28d|50211.796875|16.31538094692|97.70021834588|-326014|293254||50211.796875|60||5925|57.25|50211.796875|a7c28d|AERO|0|2873|0|||3|3|0|1|1|132|194|["132,194,5,3519"]|636148150117970000|13:56:51:797
62|1.1|636147907100567713|a7c28d|50216.78125|16.31581546413|97.69955852345|-326084|293303||50216.78125|60||5918.75|57.25|50216.78125|a7c28d|AERO|0|2873|0|||3|3|0|1|1|132|194|["132,194,5,3519"]|636148150167810000|13:56:56:781
62|1.1|636147907150482704|a7c28d|50221.78125|16.31586910823|97.69953706581|-326086|293309||50221.78125|60||5925|57.25|50221.78125|a7c28d|AERO|0|2873|0|||3|3|0|1|1|132|194|["132,194,5,3519"]|636148150217810000|13:57:01:781
62|1.1|636147907200417697|a7c28d|50226.78125|16.31596566761|97.6993707691|-326103|293320||50226.78125|60||5925|57.25|50226.78125|a7c28d|AERO|0|2873|0|||3|3|0|1|1|132|194|["132,194,5,3519"]|636148150267810000|13:57:06:781
62|1.1|636147907250332688|a7c28d|50231.7578125|16.31606222699|97.69921520121|-326120|293331||50231.7578125|60||5925|57.25|50231.7578125|a7c28d|AERO|0|2873|0|||3|3|0|1|1|132|194|[]|636148150317580000|13:57:11:758
62|1.1|636147907300257680|a7c28d|50236.7578125|16.31576182003|97.69966581165|-326072|293297||50236.7578125|60||5925|57.25|50236.7578125|a7c28d|AERO|0|2873|0|||3|3|0|1|1|132|194|["132,194,5,3519"]|636148150367580000|13:57:16:758
62|1.1|636147907350172671|a7c28d|50241.7421875|16.31561161655|97.6999072101|-326047|293280||50241.7421875|60||5925|57.25|50241.7421875|a7c28d|AERO|0|2873|0|||3|3|0|1|1|132|194|["132,194,5,3519"]|636148150417420000|13:57:21:742
62|1.1|636147907400097663|a7c28d|50246.7421875|16.31539704015|97.70026126116|-326009|293256||50246.7421875|60||5925|57.25|50246.7421875|a7c28d|AERO|0|2873|0|||3|3|0|1|1|132|194|["132,194,5,3519"]|636148150467420000|13:57:26:742
62|1.1|636147907450012654|a7c28d|50251.7421875|16.31530584518|97.70041146464|-325993|293245||50251.7421875|60||5925|57.25|50251.7421875|a7c28d|AERO|0|2873|0|||3|3|0|1|1|132|194|["132,194,5,3519"]|636148150517420000|13:57:31:742
62|1.1|636147907499937646|a7c28d|50256.71875|16.31531120959|97.70038464259|-325996|293246||50256.71875|60||5931.25|57.25|50256.71875|a7c28d|AERO|0|2873|0|||3|3|0|1|1|132|194|["132,194,5,3519"]|636148150567190000|13:57:36:719
62|1.1|636147907549862638|a7c28d|50261.71875|16.31539704015|97.70023443911|-326012|293256||50261.71875|60||5925|57.25|50261.71875|a7c28d|AERO|0|2873|0|||3|3|0|1|1|132|194|["132,194,5,3519"]|636148150617190000|13:57:41:719
62|1.1|636147907599777629|a7c28d|50266.6953125|16.31541313338|97.70020761706|-326015|293257||50266.6953125|60||5925|57.25|50266.6953125|a7c28d|AERO|0|2873|0|||3|3|0|1|1|132|194|["132,194,5,3519"]|636148150666950000|13:57:46:695
62|1.1|636147907649702621|a7c28d|50271.6953125|16.31541849779|97.70018079501|-326018|293258||50271.6953125|60||5925|57.25|50271.6953125|a7c28d|AERO|0|2873|0|||3|3|0|1|1|132|194|["132,194,5,3519"]|636148150716950000|13:57:51:695
62|1.1|636147907699627613|a7c28d|50276.6953125|16.31543459102|97.70015933737|-326020|293260||50276.6953125|60||5925|57.25|50276.6953125|a7c28d|AERO|0|2873|0|||3|3|0|1|1|132|194|[]|636148150766950000|13:57:56:695
62|1.1|636147907749542604|a7c28d|50281.6796875|16.31557406568|97.69989648128|-326048|293276||50281.6796875|60||5925|57.25|50281.6796875|a7c28d|AERO|0|2873|0|||3|3|0|1|1|132|194|["132,194,5,3519"]|636148150816800000|13:58:01:680
62|1.1|636147907799467596|a7c28d|50286.6796875|16.31560625214|97.69984820159|-326053|293279||50286.6796875|60||5925|57.25|50286.6796875|a7c28d|AERO|0|2873|0|||3|3|0|1|1|132|194|["132,194,5,3519"]|636148150866800000|13:58:06:680
62|1.1|636147907849392588|a7c28d|50291.65625|16.31562234537|97.69980528631|-326058|293281||50291.65625|60||5925|57.25|50291.65625|a7c28d|AERO|0|2873|0|||3|3|0|1|1|132|194|[]|636148150916560000|13:58:11:656
62|1.1|636147907899307579|a7c28d|50296.65625|16.31539167574|97.70023443911|-326012|293255||50296.65625|60||5925|57.25|50296.65625|a7c28d|AERO|0|2873|0|||3|3|0|1|1|132|194|["132,194,5,3519"]|636148150966560000|13:58:16:656
62|1.1|636147907949232571|a7c28d|50301.65625|16.31539704015|97.70020761706|-326015|293256||50301.65625|60||5925|57.25|50301.65625|a7c28d|AERO|0|2873|0|||3|3|0|1|1|132|194|["132,194,5,3519"]|636148151016560000|13:58:21:656
62|1.1|636147907999157563|a7c28d|50306.640625|16.31536485369|97.70027198998|-326008|293252||50306.640625|60||5925|57.25|50306.640625|a7c28d|AERO|0|2873|0|||3|3|0|1|1|132|194|["132,194,5,3519"]|636148151066410000|13:58:26:641
62|1.1|636147908049072554|a7c28d|50311.640625|16.31533803164|97.70030954085|-326004|293249||50311.640625|60||5931.25|57.25|50311.640625|a7c28d|AERO|0|2873|0|||3|3|0|1|1|132|194|["132,194,5,3519"]|636148151116410000|13:58:31:641
62|1.1|636147908098997546|a7c28d|50316.6171875|16.31524683667|97.70048120197|-325986|293239||50316.6171875|60||5925|57.25|50316.6171875|a7c28d|AERO|0|2873|0|||3|3|0|1|1|132|194|["132,194,5,3519"]|636148151166170000|13:58:36:617
62|1.1|636147908148922538|a7c28d|50321.6171875|16.31524683667|97.70048120197|-325986|293239||50321.6171875|60||5925|57.25|50321.6171875|a7c28d|AERO|0|2873|0|||3|3|0|1|1|132|194|["132,194,5,3519"]|636148151216170000|13:58:41:617
62|1.1|636147908198837529|a7c28d|50326.6171875|16.31524683667|97.70048120197|-325986|293239||50326.6171875|60||5925|57.25|50326.6171875|a7c28d|AERO|0|2873|0|||3|3|0|1|1|132|194|["132,194,5,3519"]|636148151266170000|13:58:46:617
62|1.1|636147908248622507|a7c28d|50331.6015625|16.31524683667|97.70048120197|-325986|293239||50331.6015625|60||5925|57.25|50331.6015625|a7c28d|AERO|0|2873|0|||3|3|0|1|1|132|194|[]|636148151316020000|13:58:51:602
62|1.1|636147908298697514|a7c28d|50336.6015625|16.31533266723|97.70033099849|-326002|293248||50336.6015625|60||5925|57.25|50336.6015625|a7c28d|AERO|0|2873|0|||3|3|0|1|1|132|194|["132,194,5,3519"]|636148151366020000|13:58:56:602
62|1.1|636147908348452489|a7c28d|50341.578125|16.31529511636|97.70045437992|-325989|293244||50341.578125|60||5918.75|57.25|50341.578125|a7c28d|AERO|0|2873|0|||3|3|0|1|1|132|194|["132,194,5,3519"]|636148151415780000|13:59:01:578
62|1.1|636147908398527496|a7c28d|50346.578125|16.31528975195|97.70045974433|-325988|293243||50346.578125|60||5925|57.25|50346.578125|a7c28d|AERO|0|2873|0|||3|3|0|1|1|132|194|["132,194,5,3519"]|636148151465780000|13:59:06:578
62|1.1|636147908448452488|a7c28d|50351.578125|16.31527365872|97.70047047315|-325987|293242||50351.578125|60||5918.75|57.25|50351.578125|a7c28d|AERO|0|2873|0|||3|3|0|1|1|132|194|["132,194,5,3519"]|636148151515780000|13:59:11:578
62|1.1|636147908498217464|a7c28d|50356.5625|16.31527365872|97.70047047315|-325987|293242||50356.5625|60||5918.75|57.25|50356.5625|a7c28d|AERO|0|2873|0|||3|3|0|1|1|132|194|["132,194,5,3519"]|636148151565630000|13:59:16:563
62|1.1|636147908548132455|a7c28d|50361.5625|16.31527365872|97.70047047315|-325987|293242||50361.5625|60||5918.75|57.25|50361.5625|a7c28d|AERO|0|2873|0|||3|3|0|1|1|132|194|["132,194,5,3519"]|636148151615630000|13:59:21:563
62|1.1|636147908598217463|a7c28d|50366.5390625|16.31536485369|97.70029344762|-326006|293252||50366.5390625|60||5925|57.25|50366.5390625|a7c28d|AERO|0|2873|0|||3|3|0|1|1|132|194|["132,194,5,3519"]|636148151665390000|13:59:26:539
62|1.1|636147908647982439|a7c28d|50371.5390625|16.3153702181|97.7002827188|-326007|293253||50371.5390625|60||5925|57.25|50371.5390625|a7c28d|AERO|0|2873|0|||3|3|0|1|1|132|194|["132,194,5,3519"]|636148151715390000|13:59:31:539
62|1.1|636147908697907431|a7c28d|50376.5390625|16.31538631133|97.70027198998|-326008|293254||50376.5390625|60||5925|57.25|50376.5390625|a7c28d|AERO|0|2873|0|||3|3|0|1|1|132|194|["132,194,5,3519"]|636148151765390000|13:59:36:539
62|1.1|636147908747982438|a7c28d|50381.515625|16.31538094692|97.70026126116|-326009|293254||50381.515625|60||5918.75|57.25|50381.515625|a7c28d|AERO|0|2873|0|||3|3|0|1|1|132|194|[]|636148151815160000|13:59:41:516
62|1.1|636147908797747414|a7c28d|50386.515625|16.31539167574|97.70024516793|-326011|293255||50386.515625|60||5918.75|57.25|50386.515625|a7c28d|AERO|0|2873|0|||3|3|0|1|1|132|194|[]|636148151865160000|13:59:46:516
62|1.1|636147909899137542|a7c28d|50495.875|16.31489815002|97.7011410244|-325916|293199||50495.875|60||5912.5|57.25|50495.875|a7c28d|AERO|0|2419|0|||3|3|0|1|1|132|194|["132,194,5,3521"]|636148152958750000|14:01:35:875
62|1.1|636147909945942222|a7c28d|50501.3359375|16.31490887884|97.70113029558|-325917|293200||50501.3359375|60||5906.25|57.25|50501.3359375|a7c28d|AERO|0|2419|0|||3|3|0|1|1|132|194|["132,194,5,3521"]|636148153013360000|14:01:41:336
62|1.1|636147909995867214|a7c28d|50506.3203125|16.31618560842|97.69876995518|-326167|293345||50506.3203125|60||5912.5|57.25|50506.3203125|a7c28d|AERO|0|2419|0|||3|3|0|1|1|132|194|["132,194,5,3521"]|636148153063200000|14:01:46:320
62|1.1|636147910045782205|a7c28d|50511.3203125|16.3163358119|97.69849637027|-326196|293362||50511.3203125|60||5918.75|57.25|50511.3203125|a7c28d|AERO|0|2419|0|||3|3|0|1|1|132|194|["132,194,5,3521"]|636148153113200000|14:01:51:320
62|1.1|636147910095727199|a7c28d|50516.296875|16.31645919333|97.69826570064|-326221|293376||50516.296875|60||5925|57.25|50516.296875|a7c28d|AERO|0|2419|0|||3|3|0|1|1|132|194|["132,194,5,3521"]|636148153162970000|14:01:56:297
62|1.1|636147910145632189|a7c28d|50521.296875|16.31638409159|97.69841053971|-326206|293368||50521.296875|60||5925|57.25|50521.296875|a7c28d|AERO|0|2419|0|||3|3|0|1|1|132|194|["132,194,5,3521"]|636148153212970000|14:02:01:297
62|1.1|636147910195557181|a7c28d|50526.296875|16.31694735464|97.69736984417|-326316|293432||50526.296875|60||5925|57.25|50526.296875|a7c28d|AERO|0|2419|0|||3|3|0|1|1|132|194|["132,194,5,3521"]|636148153262970000|14:02:06:297
62|1.1|636147910245472172|a7c28d|50531.28125|16.3168186088|97.69761124262|-326291|293417||50531.28125|60||5925|57.25|50531.28125|a7c28d|AERO|0|2419|0|||3|3|0|1|1|132|194|["132,194,5,3521"]|636148153312810000|14:02:11:281
62|1.1|636147910295397164|a7c28d|50536.28125|16.31640554923|97.69836762443|-326210|293370||50536.28125|60||5925|57.25|50536.28125|a7c28d|AERO|0|2419|0|||3|3|0|1|1|132|194|["132,194,5,3521"]|636148153362810000|14:02:16:281
62|1.1|636147910345312155|a7c28d|50541.2578125|16.31614269314|97.69898989599|-326144|293340||50541.2578125|60||5931.25|57.25|50541.2578125|a7c28d|AERO|0|2419|0|||3|3|0|1|1|132|194|["132,194,5,3521"]|636148153412580000|14:02:21:258
62|1.1|636147910395247148|a7c28d|50546.2578125|16.31633044749|97.69859292965|-326186|293361||50546.2578125|60||5925|57.25|50546.2578125|a7c28d|AERO|0|2419|0|||3|3|0|1|1|132|194|["132,194,5,3521"]|636148153462580000|14:02:26:258
62|1.1|636147910445162139|a7c28d|50551.2578125|16.31623388811|97.69884505692|-326159|293350||50551.2578125|60||5925|57.25|50551.2578125|a7c28d|AERO|0|2419|0|||3|3|0|1|1|132|194|["132,194,5,3521"]|636148153512580000|14:02:31:258
62|1.1|636147910495087131|a7c28d|50556.2421875|16.31629289662|97.69876459077|-326168|293357||50556.2421875|60||5925|57.25|50556.2421875|a7c28d|AERO|0|2419|0|||3|3|0|1|1|132|194|["132,194,5,3521"]|636148153562420000|14:02:36:242
62|1.1|636147910545012123|a7c28d|50561.2421875|16.31634654072|97.6986733958|-326177|293363||50561.2421875|60||5925|57.25|50561.2421875|a7c28d|AERO|0|2419|0|||3|3|0|1|1|132|194|[]|636148153612420000|14:02:41:242
62|1.1|636147910594927114|a7c28d|50566.21875|16.31639482041|97.69860902288|-326185|293369||50566.21875|60||5925|57.25|50566.21875|a7c28d|AERO|0|2419|0|||3|3|0|1|1|132|194|[]|636148153662190000|14:02:46:219
62|1.1|636147911203337949|a7c28d|50626.0625|16.31789685521|97.69594291111|-326467|293539||50626.0625|60||5906.25|57.25|50626.0625|a7c28d|AERO|0|2286|0|||3|3|0|1|1|132|194|["132,194,5,3523"]|636148154260630000|14:03:46:063
62|1.1|636147911243922007|a7c28d|50631.1171875|16.31906093218|97.69395807941|-326678|293671||50631.1171875|60||5900|57.25|50631.1171875|a7c28d|AERO|0|2286|0|||3|3|0|1|1|132|194|["132,194,5,3523"]|636148154311170000|14:03:51:117
62|1.1|636147911293836998|a7c28d|50636.1171875|16.3179451349|97.69566396179|-326497|293545||50636.1171875|60||5925|57.25|50636.1171875|a7c28d|AERO|0|2286|0|||3|3|0|1|1|132|194|["132,194,5,3523"]|636148154361170000|14:03:56:117
62|1.1|636147911343751989|a7c28d|50641.1015625|16.31729604129|97.69713381013|-326341|293471||50641.1015625|60||5925|57.25|50641.1015625|a7c28d|AERO|0|2286|0|||3|3|0|1|1|132|194|["132,194,5,3523"]|636148154411020000|14:04:01:102
62|1.1|636147911393686982|a7c28d|50646.1015625|16.31627143898|97.69898989599|-326144|293355||50646.1015625|60||5906.25|57.25|50646.1015625|a7c28d|AERO|0|2286|0|||3|3|0|1|1|132|194|["132,194,5,3523"]|636148154461020000|14:04:06:102
62|1.1|636147911443601973|a7c28d|50651.1015625|16.31634117631|97.69857147201|-326188|293363||50651.1015625|60||5912.5|57.25|50651.1015625|a7c28d|AERO|0|2286|0|||3|3|0|1|1|132|194|["132,194,5,3523"]|636148154511020000|14:04:11:102
62|1.1|636147911493516964|a7c28d|50656.078125|16.31626071016|97.69866266698|-326179|293353||50656.078125|60||5918.75|57.25|50656.078125|a7c28d|AERO|0|2286|0|||3|3|0|1|1|132|194|["132,194,5,3523"]|636148154560780000|14:04:16:078
62|1.1|636147911543441956|a7c28d|50661.078125|16.31620706606|97.69873240431|-326172|293347||50661.078125|60||5918.75|57.25|50661.078125|a7c28d|AERO|0|2286|0|||3|3|0|1|1|132|194|["132,194,5,3523"]|636148154610780000|14:04:21:078
62|1.1|636147911593366948|a7c28d|50666.0625|16.31629826103|97.69846954822|-326199|293358||50666.0625|60||5925|57.25|50666.0625|a7c28d|AERO|0|2286|0|||3|3|0|1|1|132|194|["132,194,5,3523"]|636148154660630000|14:04:26:063
62|1.1|636147911643281939|a7c28d|50671.0625|16.31633044749|97.69843199735|-326204|293361||50671.0625|60||5925|57.25|50671.0625|a7c28d|AERO|0|2286|0|||3|3|0|1|1|132|194|["132,194,5,3523"]|636148154710630000|14:04:31:063
62|1.1|636147911693206931|a7c28d|50676.0625|16.3164967442|97.69815841244|-326233|293381||50676.0625|60||5925|57.25|50676.0625|a7c28d|AERO|0|2286|0|||3|3|0|1|1|132|194|["132,194,5,3523"]|636148154760630000|14:04:36:063
62|1.1|636147911743121922|a7c28d|50681.0390625|16.31650747302|97.69811549716|-326237|293382||50681.0390625|60||5925|57.25|50681.0390625|a7c28d|AERO|0|2286|0|||3|3|0|1|1|132|194|["132,194,5,3523"]|636148154810390000|14:04:41:039
62|1.1|636147911793046914|a7c28d|50686.0390625|16.31651820184|97.69808867511|-326240|293383||50686.0390625|60||5925|57.25|50686.0390625|a7c28d|AERO|0|2286|0|||3|3|0|1|1|132|194|[]|636148154860390000|14:04:46:039
62|1.1|636147911842961905|a7c28d|50691.015625|16.31629826103|97.6985124635|-326195|293358||50691.015625|60||5925|57.25|50691.015625|a7c28d|AERO|0|2286|0|||3|3|0|1|1|132|194|["132,194,5,3523"]|636148154910160000|14:04:51:016
62|1.1|636147911892886897|a7c28d|50696.015625|16.31637336277|97.69834616679|-326212|293367||50696.015625|60||5925|57.25|50696.015625|a7c28d|AERO|0|2286|0|||3|3|0|1|1|132|194|["132,194,5,3523"]|636148154960160000|14:04:56:016
62|1.1|636147911942821890|a7c28d|50701.015625|16.31621243047|97.69868948903|-326176|293348||50701.015625|60||5925|57.25|50701.015625|a7c28d|AERO|0|2286|0|||3|3|0|1|1|132|194|["132,194,5,3523"]|636148155010160000|14:05:01:016
62|1.1|636147911992736881|a7c28d|50706|16.31618560842|97.69871631108|-326173|293345||50706|60||5925|57.25|50706|a7c28d|AERO|0|2286|0|||3|3|0|1|1|132|194|["132,194,5,3523"]|636148155060000000|14:05:06:000
62|1.1|636147912042661873|a7c28d|50711|16.31616415078|97.69875922636|-326169|293343||50711|60||5925|57.25|50711|a7c28d|AERO|0|2286|0|||3|3|0|1|1|132|194|[]|636148155110000000|14:05:11:000
62|1.1|636147912092586865|a7c28d|50715.9765625|16.31614269314|97.69878604841|-326166|293340||50715.9765625|60||5925|57.25|50715.9765625|a7c28d|AERO|0|2286|0|||3|3|0|1|1|132|194|[]|636148155159770000|14:05:15:977
62|1.1|636147912604268028|a7c28d|50766.2578125|16.31660939681|97.69808867511|-326240|293393||50766.2578125|60||5918.75|57.25|50766.2578125|a7c28d|AERO|0|2190|0|||3|3|0|1|1|132|194|["132,194,5,3526"]|636148155662580000|14:06:06:258
62|1.1|636147912641711772|a7c28d|50770.8984375|16.3172477616|97.69690850491|-326365|293466||50770.8984375|60||5912.5|57.25|50770.8984375|a7c28d|AERO|0|2190|0|||3|3|0|1|1|132|194|["132,194,5,3526"]|636148155708980000|14:06:10:898
62|1.1|636147912691636764|a7c28d|50775.8984375|16.31702245638|97.69723036951|-326331|293440||50775.8984375|60||5925|57.25|50775.8984375|a7c28d|AERO|0|2190|0|||3|3|0|1|1|132|194|["132,194,5,3526"]|636148155758980000|14:06:15:898
62|1.1|636147912741561756|a7c28d|50780.875|16.31638409159|97.69831398033|-326216|293368||50780.875|60||5931.25|57.25|50780.875|a7c28d|AERO|0|2190|0|||3|3|0|1|1|132|194|["132,194,5,3526"]|636148155808750000|14:06:20:875
62|1.1|636147912791486748|a7c28d|50785.875|16.31628753221|97.6988879722|-326155|293356||50785.875|60||5925|57.25|50785.875|a7c28d|AERO|0|2190|0|||3|3|0|1|1|132|194|["132,194,5,3526"]|636148155858750000|14:06:25:875
62|1.1|636147912841401739|a7c28d|50790.859375|16.31655575271|97.69816377685|-326232|293387||50790.859375|60||5925|57.25|50790.859375|a7c28d|AERO|0|2190|0|||3|3|0|1|1|132|194|["132,194,5,3526"]|636148155908590000|14:06:30:859
62|1.1|636147912891326731|a7c28d|50795.859375|16.31650747302|97.69821742095|-326226|293381||50795.859375|60||5925|57.25|50795.859375|a7c28d|AERO|0|2190|0|||3|3|0|1|1|132|194|["132,194,5,3526"]|636148155958590000|14:06:35:859
62|1.1|636147912941251723|a7c28d|50800.859375|16.31621779488|97.69871094667|-326174|293349||50800.859375|60||5925|57.25|50800.859375|a7c28d|AERO|0|2190|0|||3|3|0|1|1|132|194|["132,194,5,3526"]|636148156008590000|14:06:40:859
62|1.1|636147912991166714|a7c28d|50805.8359375|16.31614805755|97.69896843835|-326146|293341||50805.8359375|60||5925|57.25|50805.8359375|a7c28d|AERO|0|2190|0|||3|3|0|1|1|132|194|["132,194,5,3526"]|636148156058360000|14:06:45:836
62|1.1|636147913041101707|a7c28d|50810.8359375|16.31629289662|97.69876459077|-326168|293357||50810.8359375|60||5925|57.25|50810.8359375|a7c28d|AERO|0|2190|0|||3|3|0|1|1|132|194|["132,194,5,3526"]|636148156108360000|14:06:50:836
62|1.1|636147913091006697|a7c28d|50815.8203125|16.31623388811|97.69881287046|-326163|293350||50815.8203125|60||5925|57.25|50815.8203125|a7c28d|AERO|0|2190|0|||3|3|0|1|1|132|194|["132,194,5,3526"]|636148156158200000|14:06:55:820
62|1.1|636147913140941690|a7c28d|50820.8203125|16.31626607457|97.69876459077|-326168|293354||50820.8203125|60||5925|57.25|50820.8203125|a7c28d|AERO|0|2190|0|||3|3|0|1|1|132|194|["132,194,5,3526"]|636148156208200000|14:07:00:820
62|1.1|636147913190856681|a7c28d|50825.8203125|16.31629289662|97.69872167549|-326172|293357||50825.8203125|60||5925|57.25|50825.8203125|a7c28d|AERO|0|2190|0|||3|3|0|1|1|132|194|[]|636148156258200000|14:07:05:820
62|1.1|636147913240781673|a7c28d|50830.796875|16.31656648153|97.69827106505|-326220|293388||50830.796875|60||5925|57.25|50830.796875|a7c28d|AERO|0|2190|0|||3|3|0|1|1|132|194|["132,194,5,3526"]|636148156307970000|14:07:10:797
62|1.1|636147913290696664|a7c28d|50835.796875|16.31662012563|97.6981905989|-326229|293394||50835.796875|60||5925|57.25|50835.796875|a7c28d|AERO|0|2190|0|||3|3|0|1|1|132|194|["132,194,5,3526"]|636148156357970000|14:07:15:797
62|1.1|636147913340621656|a7c28d|50840.78125|16.31628753221|97.69871631108|-326173|293356||50840.78125|60||5925|57.25|50840.78125|a7c28d|AERO|0|2190|0|||3|3|0|1|1|132|194|["132,194,5,3526"]|636148156407810000|14:07:20:781
62|1.1|636147913390536647|a7c28d|50845.78125|16.31604076935|97.69908645537|-326134|293329||50845.78125|60||5925|57.25|50845.78125|a7c28d|AERO|0|2190|0|||3|3|0|1|1|132|194|["132,194,5,3526"]|636148156457810000|14:07:25:781
62|1.1|636147913440461639|a7c28d|50850.78125|16.31620706606|97.6988879722|-326155|293347||50850.78125|60||5925|57.25|50850.78125|a7c28d|AERO|0|2190|0|||3|3|0|1|1|132|194|["132,194,5,3526"]|636148156507810000|14:07:30:781
62|1.1|636147913490386631|a7c28d|50855.7578125|16.31621243047|97.69886651456|-326157|293348||50855.7578125|60||5925|57.25|50855.7578125|a7c28d|AERO|0|2190|0|||3|3|0|1|1|132|194|["132,194,5,3526"]|636148156557580000|14:07:35:758
62|1.1|636147913540301622|a7c28d|50860.7578125|16.31603540494|97.69914009947|-326128|293328||50860.7578125|60||5925|57.25|50860.7578125|a7c28d|AERO|0|2190|0|||3|3|0|1|1|132|194|["132,194,5,3526"]|636148156607580000|14:07:40:758
62|1.1|636147913590226614|a7c28d|50865.7421875|16.31603540494|97.6991561927|-326127|293328||50865.7421875|60||5925|57.25|50865.7421875|a7c28d|AERO|0|2190|0|||3|3|0|1|1|132|194|["132,194,5,3526"]|636148156657420000|14:07:45:742
62|1.1|636147913640151606|a7c28d|50870.7421875|16.31624461693|97.69873240431|-326172|293352||50870.7421875|60||5925|57.25|50870.7421875|a7c28d|AERO|0|2190|0|||3|3|0|1|1|132|194|["132,194,5,3526"]|636148156707420000|14:07:50:742
62|1.1|636147913690076598|a7c28d|50875.7421875|16.31629826103|97.69861438729|-326184|293358||50875.7421875|60||5918.75|57.25|50875.7421875|a7c28d|AERO|0|2190|0|||3|3|0|1|1|132|194|["132,194,5,3526"]|636148156757420000|14:07:55:742
62|1.1|636147913739991589|a7c28d|50880.71875|16.31630898985|97.69858756524|-326187|293359||50880.71875|60||5925|57.25|50880.71875|a7c28d|AERO|0|2190|0|||3|3|0|1|1|132|194|["132,194,5,3526"]|636148156807190000|14:08:00:719
62|1.1|636147913789926582|a7c28d|50885.71875|16.31633044749|97.69856074319|-326190|293361||50885.71875|60||5925|57.25|50885.71875|a7c28d|AERO|0|2190|0|||3|3|0|1|1|132|194|[]|636148156857190000|14:08:05:719
62|1.1|636147913839841573|a7c28d|50890.6953125|16.31646455774|97.69829252269|-326218|293377||50890.6953125|60||5925|57.25|50890.6953125|a7c28d|AERO|0|2190|0|||3|3|0|1|1|132|194|["132,194,5,3526"]|636148156906950000|14:08:10:695
62|1.1|636147913889766565|a7c28d|50895.6953125|16.31648601538|97.698244243|-326223|293379||50895.6953125|60||5918.75|57.25|50895.6953125|a7c28d|AERO|0|2190|0|||3|3|0|1|1|132|194|["132,194,5,3526"]|636148156956950000|14:08:15:695
62|1.1|636147913939691557|a7c28d|50900.6953125|16.31623925252|97.69868948903|-326176|293351||50900.6953125|60||5925|57.25|50900.6953125|a7c28d|AERO|0|2190|0|||3|3|0|1|1|132|194|["132,194,5,3526"]|636148157006950000|14:08:20:695
62|1.1|636147913989606548|a7c28d|50905.6796875|16.31623925252|97.69868948903|-326176|293351||50905.6796875|60||5925|57.25|50905.6796875|a7c28d|AERO|0|2190|0|||3|3|0|1|1|132|194|["132,194,5,3526"]|636148157056800000|14:08:25:680
62|1.1|636147914039521539|a7c28d|50910.6796875|16.31630898985|97.69853928555|-326192|293359||50910.6796875|60||5925|57.25|50910.6796875|a7c28d|AERO|0|2190|0|||3|3|0|1|1|132|194|["132,194,5,3526"]|636148157106800000|14:08:30:680
62|1.1|636147914089446531|a7c28d|50915.65625|16.31629826103|97.69856074319|-326190|293358||50915.65625|60||5918.75|57.25|50915.65625|a7c28d|AERO|0|2190|0|||3|3|0|1|1|132|194|["132,194,5,3526"]|636148157156560000|14:08:35:656
62|1.1|636147914139371523|a7c28d|50920.65625|16.3161212355|97.69886651456|-326157|293338||50920.65625|60||5925|57.25|50920.65625|a7c28d|AERO|0|2190|0|||3|3|0|1|1|132|194|["132,194,5,3526"]|636148157206560000|14:08:40:656
62|1.1|636147914189286514|a7c28d|50925.65625|16.31614269314|97.69885578574|-326159|293340||50925.65625|60||5925|57.25|50925.65625|a7c28d|AERO|0|2190|0|||3|3|0|1|1|132|194|["132,194,5,3526"]|636148157256560000|14:08:45:656
62|1.1|636147914239211506|a7c28d|50930.640625|16.31613732873|97.69883969251|-326160|293340||50930.640625|60||5925|57.25|50930.640625|a7c28d|AERO|0|2190|0|||3|3|0|1|1|132|194|["132,194,5,3526"]|636148157306410000|14:08:50:641
62|1.1|636147914289136498|a7c28d|50935.640625|16.31613732873|97.69883969251|-326160|293340||50935.640625|60||5925|57.25|50935.640625|a7c28d|AERO|0|2190|0|||3|3|0|1|1|132|194|[]|636148157356410000|14:08:55:641
62|1.1|636147914339051489|a7c28d|50940.6171875|16.31613732873|97.69883969251|-326160|293340||50940.6171875|60||5925|57.25|50940.6171875|a7c28d|AERO|0|2190|0|||3|3|0|1|1|132|194|[]|636148157406170000|14:09:00:617
62|1.1|636147914856983277|a7c28d|50991.5625|16.3166576765|97.69814231921|-326234|293398||50991.5625|60||5925|57.25|50991.5625|a7c28d|AERO|0|2191|0|||3|3|0|1|1|132|194|["132,194,5,3529"]|636148157915630000|14:09:51:563
62|1.1|636147914888196398|a7c28d|50995.5390625|16.31723703278|97.69716063218|-326338|293464||50995.5390625|60||5925|57.25|50995.5390625|a7c28d|AERO|0|2191|0|||3|3|0|1|1|132|194|["132,194,5,3529"]|636148157955390000|14:09:55:539
62|1.1|636147914938111389|a7c28d|51000.5390625|16.31636799836|97.69859292965|-326186|293366||51000.5390625|60||5931.25|57.25|51000.5390625|a7c28d|AERO|0|2191|0|||3|3|0|1|1|132|194|["132,194,5,3529"]|636148158005390000|14:10:00:539
62|1.1|636147914988036381|a7c28d|51005.515625|16.31626607457|97.69866266698|-326179|293354||51005.515625|60||5918.75|57.25|51005.515625|a7c28d|AERO|0|2191|0|||3|3|0|1|1|132|194|["132,194,5,3529"]|636148158055160000|14:10:05:516
62|1.1|636147915037961373|a7c28d|51010.515625|16.31688834613|97.69748786119|-326304|293425||51010.515625|60||5918.75|57.25|51010.515625|a7c28d|AERO|0|2191|0|||3|3|0|1|1|132|194|["132,194,5,3529"]|636148158105160000|14:10:10:516
62|1.1|636147915087876364|a7c28d|51015.5|16.31685615967|97.69753077647|-326299|293421||51015.5|60||5925|57.25|51015.5|a7c28d|AERO|0|2191|0|||3|3|0|1|1|132|194|["132,194,5,3529"]|636148158155000000|14:10:15:500
62|1.1|636147915137811357|a7c28d|51020.5|16.31654502389|97.69809403952|-326239|293386||51020.5|60||5925|57.25|51020.5|a7c28d|AERO|0|2191|0|||3|3|0|1|1|132|194|["132,194,5,3529"]|636148158205000000|14:10:20:500
62|1.1|636147915187726348|a7c28d|51025.5|16.31633044749|97.69849637027|-326196|293361||51025.5|60||5925|57.25|51025.5|a7c28d|AERO|0|2191|0|||3|3|0|1|1|132|194|["132,194,5,3529"]|636148158255000000|14:10:25:500
62|1.1|636147915237641339|a7c28d|51030.4765625|16.31658257476|97.69814231921|-326234|293390||51030.4765625|60||5925|57.25|51030.4765625|a7c28d|AERO|0|2191|0|||3|3|0|1|1|132|194|["132,194,5,3529"]|636148158304770000|14:10:30:477
62|1.1|636147915287566331|a7c28d|51035.4765625|16.31659330358|97.69809403952|-326239|293391||51035.4765625|60||5918.75|57.25|51035.4765625|a7c28d|AERO|0|2191|0|||3|3|0|1|1|132|194|["132,194,5,3529"]|636148158354770000|14:10:35:477
62|1.1|636147915337501324|a7c28d|51040.4609375|16.31659866799|97.69806721747|-326242|293392||51040.4609375|60||5925|57.25|51040.4609375|a7c28d|AERO|0|2191|0|||3|3|0|1|1|132|194|["132,194,5,3529"]|636148158404610000|14:10:40:461
62|1.1|636147915387416315|a7c28d|51045.4609375|16.31642164246|97.69836762443|-326210|293372||51045.4609375|60||5925|57.25|51045.4609375|a7c28d|AERO|0|2191|0|||3|3|0|1|1|132|194|["132,194,5,3529"]|636148158454610000|14:10:45:461
62|1.1|636147915437331306|a7c28d|51050.4609375|16.31650747302|97.69821205654|-326227|293381||51050.4609375|60||5925|57.25|51050.4609375|a7c28d|AERO|0|2191|0|||3|3|0|1|1|132|194|["132,194,5,3529"]|636148158504610000|14:10:50:461
62|1.1|636147915487256298|a7c28d|51055.4375|16.31654502389|97.6981369548|-326235|293386||51055.4375|60||5925|57.25|51055.4375|a7c28d|AERO|0|2191|0|||3|3|0|1|1|132|194|["132,194,5,3529"]|636148158554380000|14:10:55:438
62|1.1|636147915537171289|a7c28d|51060.4375|16.31658257476|97.69804575983|-326244|293390||51060.4375|60||5925|57.25|51060.4375|a7c28d|AERO|0|2191|0|||3|3|0|1|1|132|194|[]|636148158604380000|14:11:00:438
62|1.1|636147915587096281|a7c28d|51065.421875|16.31620706606|97.69871631108|-326173|293347||51065.421875|60||5925|57.25|51065.421875|a7c28d|AERO|0|2191|0|||3|3|0|1|1|132|194|["132,194,5,3529"]|636148158654220000|14:11:05:422
