62|1.1|636147902719929693|ad27aa|49777.921875|5.33031381004|100.3994928985|-38919|-925796||49777.921875|||0|||ad27aa|X|X|2821|||||||1|1|132|50|["132,50,4"]|636148145779220000|13:49:37:922
62|1.1|636147902741771877|ad27aa|49780.921875|5.3298095555|100.40329626519|-38495|-925853||49780.921875|||43.75|||ad27aa|X|X|2821|||||||1|1|132|50|["132,50,4"]|636148145809220000|13:49:40:922
62|1.1|636147902791706870|ad27aa|49785.921875|5.3289512499|100.40964236222|-37788|-925948||49785.921875|||106.25|||ad27aa|X|X|2821|||||||1|1|132|50|["132,50,4"]|636148145859220000|13:49:45:922
62|1.1|636147902841621861|ad27aa|49790.8984375|5.33193386186|100.41554857763|-37129|-925618||49790.8984375|45.75||4593.75|||ad27aa|X|0|2821||||3|3|3|1|1|132|50|["132,50,5"]|636148145908980000|13:49:50:898
62|1.1|636147902891536852|ad27aa|49795.8984375|5.3340474394|100.42012441936|-36619|-925383||49795.8984375|47.25||4887.5|||ad27aa|X|0|2821||||3|3|3|1|1|132|50|["132,50,5"]|636148145958980000|13:49:55:898
62|1.1|636147902941461844|ad27aa|49800.8984375|5.33858573026|100.42366492996|-36224|-924879||49800.8984375|49||5037.5|49.25|49800.8984375|ad27aa|X|0|2821|2225|||3|3|1|1|1|132|50|["132,50,5"]|636148146008980000|13:50:00:898
62|1.1|636147902991386836|ad27aa|49805.875|5.34378920796|100.42589652452|-35975|-924301||49805.875|50.75||5168.75|51.5|49805.875|ad27aa|X|0|2821|2225|||3|3|1|1|1|132|50|["132,50,5"]|636148146058750000|13:50:05:875
62|1.1|636147903041301827|ad27aa|49810.875|5.34760866788|100.43086933259|-35420|-923877||49810.875|53||5406.25|54.5|49810.875|ad27aa|X|0|2821|2343.75|||3|3|1|1|1|132|50|["132,50,5"]|636148146108750000|13:50:10:875
62|1.1|636147903091226819|ad27aa|49815.859375|5.35142276339|100.43434010586|-35033|-923453||49815.859375|53||5562.5|55.75|49815.859375|ad27aa|X|0|2821|2343.75|||3|3|1|1|1|132|50|["132,50,5"]|636148146158590000|13:50:15:859
62|1.1|636147903141151811|ad27aa|49820.859375|5.35413179044|100.44246718701|-34127|-923153||49820.859375|57.5||5956.25|59.5|49820.859375|ad27aa|X|0|2821|2637.5|||3|3|1|1|1|132|50|["132,50,5"]|636148146208590000|13:50:20:859
62|1.1|636147903191066802|ad27aa|49825.859375|5.35791369949|100.44684454557|-33639|-922733||49825.859375|57.5||6168.75|61.25|49825.859375|ad27aa|X|0|2821|2637.5|||3|3|1|1|1|132|50|["132,50,5"]|636148146258590000|13:50:25:859
62|1.1|636147903241001795|ad27aa|49830.8359375|5.35903486118|100.45718176364|-32488|-922609||49830.8359375|63.25||6375|63.75|49830.8359375|ad27aa|X|0|2821|2500|||3|3|1|1|1|132|50|["132,50,5"]|636148146308360000|13:50:30:836
62|1.1|636147903290916786|ad27aa|49835.8359375|5.3615668627|100.46526592951|-31586|-922328||49835.8359375|64.75||6550|65.5|49835.8359375|ad27aa|X|0|2821|2325|||3|3|1|1|1|132|50|["132,50,5"]|636148146358360000|13:50:35:836
62|1.1|636147903340831777|ad27aa|49840.8203125|5.3639808472|100.47258298475|-30771|-922061||49840.8203125|66.25||6712.5|67.25|49840.8203125|ad27aa|X|0|2821|2162.5|||3|3|1|1|1|132|50|["132,50,5"]|636148146408200000|13:50:40:820
62|1.1|636147903390756769|ad27aa|49845.8203125|5.36643774698|100.47938505663|-30013|-921788||49845.8203125|68.5||6925|69.25|49845.8203125|ad27aa|X|0|2821|2281.25|||3|3|1|1|1|132|50|["132,50,5"]|636148146458200000|13:50:45:820
62|1.1|636147903440681761|ad27aa|49850.8203125|5.36900729937|100.48637488286|-29234|-921503||49850.8203125|70.75||7162.5|71.5|49850.8203125|ad27aa|X|0|2821|2518.75|||3|3|1|1|1|132|50|["132,50,5"]|636148146508200000|13:50:50:820
62|1.1|636147903490596752|ad27aa|49855.796875|5.37168413996|100.49335398027|-28456|-921206||49855.796875|73.25||7418.75|74.25|49855.796875|ad27aa|X|0|2821|2756.25|||3|3|1|1|1|132|50|["132,50,5"]|636148146557970000|13:50:55:797
62|1.1|636147903540521744|ad27aa|49860.796875|5.37453264167|100.49993074693|-27723|-920890||49860.796875|76||7712.5|77.25|49860.796875|ad27aa|X|0|2821|3012.5|||3|3|1|1|1|132|50|["132,50,5"]|636148146607970000|13:51:00:797
62|1.1|636147903590466738|ad27aa|49865.78125|5.37741869425|100.50670063235|-26969|-920569||49865.78125|78.75||8012.5|80.25|49865.78125|ad27aa|X|0|2821|3206.25|||3|3|1|1|1|132|50|["132,50,5"]|636148146657810000|13:51:05:781
62|1.1|636147903640371728|ad27aa|49870.78125|5.38032084006|100.5137011874|-26188|-920247||49870.78125|81.25||8312.5|83.25|49870.78125|ad27aa|X|0|2821|3287.5|||3|3|1|1|1|132|50|["132,50,5"]|636148146707810000|13:51:10:781
62|1.1|636147903690286719|ad27aa|49875.78125|5.38325517233|100.51967714014|-25522|-919922||49875.78125|83.5||8568.75|85.75|49875.78125|ad27aa|X|0|2821|3250|||3|3|1|1|1|132|50|["132,50,5"]|636148146757810000|13:51:15:781
62|1.1|636147903740211711|ad27aa|49880.7578125|5.38621632665|100.5273804329|-24664|-919593||49880.7578125|85.75||8812.5|88.25|49880.7578125|ad27aa|X|0|2821|3150|||3|3|1|1|1|132|50|["132,50,5"]|636148146807580000|13:51:20:758
62|1.1|636147903790136703|ad27aa|49885.7578125|5.38916138774|100.53358705527|-23972|-919266||49885.7578125|87.5||9006.25|89.5|49885.7578125|ad27aa|X|0|2821|2656.25|||3|3|1|1|1|132|50|["132,50,5"]|636148146857580000|13:51:25:758
62|1.1|636147903840051694|ad27aa|49890.7421875|5.39220837262|100.53905875347|-23362|-918928||49890.7421875|89.5||9193.75|91.25|49890.7421875|ad27aa|X|0|2821|2518.75|||3|3|1|1|1|132|50|["132,50,5"]|636148146907420000|13:51:30:742
62|1.1|636147903889976686|ad27aa|49895.7421875|5.39523926427|100.5456194269|-22631|-918591||49895.7421875|91.25||9375|93.25|49895.7421875|ad27aa|X|0|2821|2418.75|||3|3|1|1|1|132|50|["132,50,5"]|636148146957420000|13:51:35:742
62|1.1|636147903939891677|ad27aa|49900.7421875|5.39823796946|100.55187969337|-21933|-918258||49900.7421875|93||9543.75|95.25|49900.7421875|ad27aa|X|0|2821|2343.75|||3|3|1|1|1|132|50|["132,50,5"]|636148147007420000|13:51:40:742
62|1.1|636147903989816669|ad27aa|49905.71875|5.40127958993|100.55822042599|-21227|-917921||49905.71875|95||9731.25|97.25|49905.71875|ad27aa|X|0|2821|2362.5|||3|3|1|1|1|132|50|["132,50,5"]|636148147057190000|13:51:45:719
62|1.1|636147904039741661|ad27aa|49910.71875|5.40444995624|100.56491520967|-20481|-917569||49910.71875|99||9931.25|99.25|49910.71875|ad27aa|X|0|2821|2443.75|||3|3|1|1|1|132|50|["132,50,5"]|636148147107190000|13:51:50:719
62|1.1|636147904089656652|ad27aa|49915.6953125|5.40741647497|100.57175483242|-19718|-917239||49915.6953125|101.25||10162.5|101.75|49915.6953125|ad27aa|X|0|2821|2556.25|||3|3|1|1|1|132|50|["132,50,5"]|636148147156950000|13:51:55:695
62|1.1|636147904139591645|ad27aa|49920.6953125|5.41022742581|100.57834769231|-18984|-916927||49920.6953125|103.25||10375|104.25|49920.6953125|ad27aa|X|0|2821|2637.5|||3|3|1|1|1|132|50|["132,50,5"]|636148147206950000|13:52:00:695
62|1.1|636147904189506636|ad27aa|49925.6953125|5.41275942733|100.58503174717|-18239|-916646||49925.6953125|105||10568.75|106.25|49925.6953125|ad27aa|X|0|2821|2600|||3|3|1|1|1|132|50|["132,50,5"]|636148147256950000|13:52:05:695
62|1.1|636147904239421627|ad27aa|49930.6796875|5.41493737779|100.5919142852|-17472|-916404||49930.6796875|106.5||10725|107.5|49930.6796875|ad27aa|X|0|2821|2306.25|||3|3|1|1|1|132|50|["132,50,5"]|636148147306800000|13:52:10:680
62|1.1|636147904289346619|ad27aa|49935.6796875|5.41654133638|100.59892020466|-16692|-916226||49935.6796875|107.25||10825|108.25|49935.6796875|ad27aa|X|0|2821|1750|||3|3|1|1|1|132|50|["132,50,5"]|636148147356800000|13:52:15:680
62|1.1|636147904339281612|ad27aa|49940.65625|5.41765713366|100.60667177711|-15828|-916103||49940.65625|107.75||10918.75|108.5|49940.65625|ad27aa|X|0|2821|1281.25|||3|3|1|1|1|132|50|["132,50,5"]|636148147406560000|13:52:20:656
62|1.1|636147904389186602|ad27aa|49945.65625|5.41848861721|100.6143911631|-14968|-916010||49945.65625|108.75||11006.25|109.25|49945.65625|ad27aa|X|0|2821|1125|||3|3|1|1|1|132|50|["132,50,5"]|636148147456560000|13:52:25:656
62|1.1|636147904439111594|ad27aa|49950.65625|5.41928254989|100.62113422647|-14217|-915923||49950.65625|109.75||11100|110.25|49950.65625|ad27aa|X|0|2821|1125|||3|3|1|1|1|132|50|["132,50,5"]|636148147506560000|13:52:30:656
62|1.1|636147904489036586|ad27aa|49955.640625|5.42033933866|100.62774317959|-13480|-915805||49955.640625|110.75||11187.5|111.25|49955.640625|ad27aa|X|0|2821|1162.5|||3|3|1|1|1|132|50|["132,50,5"]|636148147556410000|13:52:35:641
62|1.1|636147904538961578|ad27aa|49960.640625|5.42169116998|100.63469545495|-12706|-915655||49960.640625|111.5||11262.5|112.25|49960.640625|ad27aa|X|0|2821|1162.5|||3|3|1|1|1|132|50|["132,50,5"]|636148147606410000|13:52:40:641
62|1.1|636147904588876569|ad27aa|49965.6171875|5.42365454404|100.64398661307|-11671|-915438||49965.6171875|112.25||11337.5|113.25|49965.6171875|ad27aa|X|0|2821|1125|||3|3|1|1|1|132|50|["132,50,5"]|636148147656170000|13:52:45:617
62|1.1|636147904638801561|ad27aa|49970.6171875|5.42482934983|100.65093888843|-10896|-915307||49970.6171875|112.25||11437.5|114.25|49970.6171875|ad27aa|X|0|2821|1125|||3|3|1|1|1|132|50|["132,50,5"]|636148147706170000|13:52:50:617
62|1.1|636147904688726553|ad27aa|49975.6171875|5.42600952003|100.65790725702|-10120|-915176||49975.6171875|112.25||11537.5|115.25|49975.6171875|ad27aa|X|0|2821|1125|||3|3|1|1|1|132|50|[]|636148147756170000|13:52:55:617
62|1.1|636147904738641544|ad27aa|49980.6015625|5.42718432582|100.66484343915|-9347|-915046||49980.6015625|112.25||11637.5|116.25|49980.6015625|ad27aa|X|0|2821|1125|||3|3|1|1|1|132|50|[]|636148147806020000|13:53:00:602
62|1.1|636147904788566536|ad27aa|49985.6015625|5.43038151418|100.68037877051|-7617|-914691||49985.6015625|114.75||11581.25|116.25|49985.6015625|ad27aa|X|0|2821|887.5|||3|3|1|1|1|132|50|["132,50,5"]|636148147856020000|13:53:05:602
62|1.1|636147904838491528|ad27aa|49990.578125|5.43166360817|100.68812497855|-6754|-914548||49990.578125|114.75||11668.75|116.25|49990.578125|ad27aa|X|0|2821|887.5|||3|3|1|1|1|132|50|["132,50,5"]|636148147905780000|13:53:10:578
62|1.1|636147904888406519|ad27aa|49995.578125|5.43301543949|100.69627888175|-5845|-914398||49995.578125|114.75||11743.75|117.25|49995.578125|ad27aa|X|0|2821|887.5|||3|3|1|1|1|132|50|[]|636148147955780000|13:53:15:578
62|1.1|636147904938331511|ad27aa|50000.578125|5.43442627932|100.70474928514|-4902|-914242||50000.578125|114.75||11818.75|117.75|50000.578125|ad27aa|X|0|2821|887.5|||3|3|1|1|1|132|50|[]|636148148005780000|13:53:20:578
62|1.1|636147904988256503|X|50005.5625||||||||||||X|X|X|2821|||||||1|1|0|0|[]|636148148055630000|13:53:25:563
62|1.1|636147905359553629|ad27aa|50041.5390625|5.45187670505|100.78391724792|3917|-912302||50041.5390625|131||13043.75|||ad27aa|X|0|2711||||3|3|3|1|1|132|50|["132,50,5"]|636148148415390000|13:54:01:539
62|1.1|636147905387626436|ad27aa|50045.5|5.45169431511|100.79181902385|4798|-912322||50045.5|131||13050|||ad27aa|X|0|2711||||3|3|3|1|1|132|50|["132,50,5"]|636148148455000000|13:54:05:500
62|1.1|636147905437551428|ad27aa|50050.5|5.45218247642|100.79982808798|5690|-912268||50050.5|132.75||13437.5|132.75|50050.5|ad27aa|FD6053|0|2711|2225|||3|3|1|1|1|132|50|["132,50,5"]|636148148505000000|13:54:10:500
62|1.1|636147905487486421|ad27aa|50055.4765625|5.45393127408|100.80783715211|6582|-912073||50055.4765625|134.75||13725|135.5|50055.4765625|ad27aa|FD6053|0|2711|2306.25|||3|3|1|1|1|132|50|["132,50,5"]|636148148554770000|13:54:15:477
62|1.1|636147905537391411|ad27aa|50060.4765625|5.45635062299|100.81894148081|7819|-911804||50060.4765625|136.5||13956.25|138.5|50060.4765625|ad27aa|FD6053|0|2711|2325|||3|3|1|1|1|132|50|["132,50,5"]|636148148604770000|13:54:20:477
62|1.1|636147905587316403|ad27aa|50065.4609375|5.45909720091|100.82690226525|8706|-911499||50065.4609375|140.75||14137.5|141.25|50065.4609375|ad27aa|FD6053|0|2711|2500|||3|3|1|1|1|132|51|["132,50,5"]|636148148654610000|13:54:25:461
62|1.1|636147905637231394|ad27aa|50070.4609375|5.46050804074|100.83600030461|9719|-911341||50070.4609375|142.25||14375|142.75|50070.4609375|ad27aa|FD6053|0|2711|2462.5|||3|3|1|1|1|132|51|["132,50,5"]|636148148704610000|13:54:30:461
62|1.1|636147905687156386|ad27aa|50075.4609375|5.46250896567|100.84469601322|10688|-911119||50075.4609375|144.25||14568.75|144.5|50075.4609375|ad27aa|FD6053|0|2711|2381.25|||3|3|1|1|1|132|50|["132,50,5"]|636148148754610000|13:54:35:461
62|1.1|636147905737081378|ad27aa|50080.4375|5.46466009408|100.85344536593|11662|-910879||50080.4375|145.5||14668.75|146.25|50080.4375|ad27aa|FD6053|0|2711|2243.75|||3|3|1|1|1|132|50|["132,50,5"]|636148148804380000|13:54:40:438
62|1.1|636147905786996369|ad27aa|50085.4375|5.46631769677|100.86229664243|12648|-910695||50085.4375|146.75||14843.75|147.25|50085.4375|ad27aa|FD6053|0|2711|1868.75|||3|3|1|1|1|132|50|["132,50,5"]|636148148854380000|13:54:45:438
62|1.1|636147905836921361|ad27aa|50090.421875|5.46849564723|100.87149124117|13672|-910453||50090.421875|148.5||14875|148.25|50090.421875|ad27aa|FD6053|0|2711|1475|||3|3|1|1|1|132|51|["132,50,5"]|636148148904220000|13:54:50:422
62|1.1|636147905886846353|ad27aa|50095.421875|5.4701961652|100.8796612376|14582|-910263||50095.421875|150||15018.75|150.25|50095.421875|ad27aa|FD6053|0|2711|1612.5|||3|3|1|1|1|132|51|["132,50,5"]|636148148954220000|13:54:55:422
62|1.1|636147905936761344|ad27aa|50100.421875|5.47184303907|100.88853397174|15570|-910080||50100.421875|150||15168.75|150.75|50100.421875|ad27aa|FD6053|0|2711|1612.5|||3|3|1|1|1|132|51|["132,50,5"]|636148149004220000|13:55:00:422
62|1.1|636147905986686336|ad27aa|50105.3984375|5.47397807425|100.90026593641|16877|-909842||50105.3984375|153.25||15431.25|154.25|50105.3984375|ad27aa|FD6053|0|2711|2243.75|||3|3|1|1|1|132|50|["132,50,5"]|636148149053980000|13:55:05:398
62|1.1|636147906036611328|ad27aa|50110.3984375|5.47595217713|100.91080700206|18051|-909622||50110.3984375|155||15643.75|156.25|50110.3984375|ad27aa|FD6053|0|2711|2381.25|||3|3|1|1|1|132|50|["132,50,5"]|636148149103980000|13:55:10:398
62|1.1|636147906086526319|ad27aa|50115.375|5.47782435622|100.91910037992|18974|-909413||50115.375|157||15787.5|157.75|50115.375|ad27aa|FD6053|0|2711|2262.5|||3|3|1|1|1|132|50|["132,50,5"]|636148149153750000|13:55:15:375
62|1.1|636147906136451311|ad27aa|50120.375|5.47980918792|100.92847200419|20018|-909192||50120.375|159.5||15956.25|159.5|50120.375|ad27aa|FD6053|0|2711|2087.5|||3|3|1|1|1|132|51|["132,50,5"]|636148149203750000|13:55:20:375
62|1.1|636147906186376303|ad27aa|50125.375|5.48150970589|100.93768269616|21044|-909002||50125.375|161.25||16162.5|161.5|50125.375|ad27aa|FD6053|0|2711|2281.25|||3|3|1|1|1|132|51|["132,50,5"]|636148149253750000|13:55:25:375
62|1.1|636147906236291294|ad27aa|50130.359375|5.48334969852|100.94760149025|22149|-908797||50130.359375|162.75||16375|163.75|50130.359375|ad27aa|FD6053|0|2711|2481.25|||3|3|1|1|1|132|51|["132,50,5"]|636148149303590000|13:55:30:359
62|1.1|636147906286216286|ad27aa|50135.359375|5.48514141146|100.95802990329|23310|-908598||50135.359375|164.5||16581.25|165.75|50135.359375|ad27aa|FD6053|0|2711|2518.75|||3|3|1|1|1|132|51|["132,50,5"]|636148149353590000|13:55:35:359
62|1.1|636147906336141278|ad27aa|50140.3359375|5.48689020912|100.96832420608|24457|-908403||50140.3359375|165.75||16762.5|167.75|50140.3359375|ad27aa|FD6053|0|2711|2481.25|||3|3|1|1|1|132|50|["132,50,5"]|636148149403360000|13:55:40:336
62|1.1|636147906386056269|ad27aa|50145.3359375|5.48874093057|100.97727740637|25454|-908196||50145.3359375|169.25||16931.25|169.25|50145.3359375|ad27aa|FD6053|0|2711|2225|||3|3|1|1|1|132|51|["132,50,5"]|636148149453360000|13:55:45:336
62|1.1|636147906435981261|ad27aa|50150.3359375|5.49039853326|100.986091132|26435|-908011||50150.3359375|169.25||17075|171.25|50150.3359375|ad27aa|FD6053|0|2711|2225|||3|3|1|1|1|132|50|["132,50,5"]|636148149503360000|13:55:50:336
62|1.1|636147906485906253|ad27aa|50155.3203125|5.49205613595|100.99625668895|27568|-907826||50155.3203125|171.5||17225|172.25|50155.3203125|ad27aa|FD6053|0|2711|1912.5|||3|3|1|1|1|132|51|["132,50,5"]|636148149553200000|13:55:55:320
62|1.1|636147906535831245|ad27aa|50160.3203125|5.49384248448|101.00563904204|28612|-907627||50160.3203125|173.25||17375|173.5|50160.3203125|ad27aa|FD6053|0|2711|1768.75|||3|3|1|1|1|132|50|["132,50,5"]|636148149603200000|13:56:00:320
62|1.1|636147906585756237|ad27aa|50165.296875|5.4956771127|101.01507503923|29663|-907422||50165.296875|174.5||17512.5|175.25|50165.296875|ad27aa|FD6053|0|2711|1675|||3|3|1|1|1|132|50|["132,50,5"]|636148149652970000|13:56:05:297
62|1.1|636147906635671228|ad27aa|50170.296875|5.49754392738|101.02452712965|30716|-907214||50170.296875|176.75||17681.25|176.5|50170.296875|ad27aa|FD6053|0|2711|1731.25|||3|3|1|1|1|132|51|["132,50,5"]|636148149702970000|13:56:10:297
62|1.1|636147906685596220|ad27aa|50175.296875|5.4993785556|101.03440300846|31816|-907009||50175.296875|178||17818.75|178.25|50175.296875|ad27aa|FD6053|0|2711|1812.5|||3|3|1|1|1|132|51|["132,50,5"]|636148149752970000|13:56:15:297
62|1.1|636147906735511211|ad27aa|50180.28125|5.50099860742|101.04310944589|32785|-906828||50180.28125|179||17950|179.5|50180.28125|ad27aa|FD6053|0|2711|1793.75|||3|3|1|1|1|132|50|["132,50,5"]|636148149802810000|13:56:20:281
62|1.1|636147906785436203|ad27aa|50185.28125|5.50284396446|101.05302287557|33889|-906622||50185.28125|180.25||18112.5|181.25|50185.28125|ad27aa|FD6053|0|2711|1812.5|||3|3|1|1|1|132|50|["132,50,5"]|636148149852810000|13:56:25:281
62|1.1|636147906835351194|ad27aa|50190.2578125|5.50463031299|101.0625876186|34954|-906422||50190.2578125|181.5||18225|182.25|50190.2578125|ad27aa|FD6053|0|2711|1731.25|||3|3|1|1|1|132|50|["132,50,5"]|636148149902580000|13:56:30:258
62|1.1|636147906885286187|ad27aa|50195.2578125|5.50647030562|101.07181976821|35982|-906217||50195.2578125|182.5||18325|183.25|50195.2578125|ad27aa|FD6053|0|2711|1612.5|||3|3|1|1|1|132|50|["132,50,5"]|636148149952580000|13:56:35:258
62|1.1|636147906935201178|ad27aa|50200.2578125|5.50834784912|101.08194777429|37110|-906007||50200.2578125|183.5||18425|184.25|50200.2578125|ad27aa|FD6053|0|2711|1493.75|||3|3|1|1|1|132|50|["132,50,5"]|636148150002580000|13:56:40:258
62|1.1|636147906985116169|ad27aa|50205.2421875|5.5106974607|101.09274096721|38312|-905745||50205.2421875|185.75||18581.25|185.5|50205.2421875|ad27aa|FD6053|0|2711|1518.75|||3|3|1|1|1|132|51|["132,50,5"]|636148150052420000|13:56:45:242
62|1.1|636147907035041161|ad27aa|50210.2421875|5.51247308041|101.10233253229|39380|-905546||50210.2421875|186||18737.5|187.25|50210.2421875|ad27aa|FD6053|0|2711|1575|||3|3|1|1|1|132|50|["132,50,5"]|636148150102420000|13:56:50:242
62|1.1|636147907084966153|ad27aa|50215.21875|5.51474222584|101.11356560683|40631|-905293||50215.21875|188.75||18950|187.25|50215.21875|ad27aa|FD6053|0|2711|1950|||3|3|1|1|1|132|51|["132,50,5"]|636148150152190000|13:56:55:219
62|1.1|636147907134881144|ad27aa|50220.21875|5.51675387959|101.12261000209|41638|-905068||50220.21875|190.25||19093.75|189.25|50220.21875|ad27aa|FD6053|0|2711|2068.75|||3|3|1|1|1|132|51|["132,50,5"]|636148150202190000|13:57:00:219
62|1.1|636147907184806136|ad27aa|50225.21875|5.51864215191|101.13223911804|42710|-904857||50225.21875|191.25||19262.5|190.5|50225.21875|ad27aa|FD6053|0|2711|2106.25|||3|3|1|1|1|132|50|["132,50,5"]|636148150252190000|13:57:05:219
62|1.1|636147907234741129|ad27aa|50230.1953125|5.52057870392|101.14191114927|43787|-904640||50230.1953125|193||19431.25|192.75|50230.1953125|ad27aa|FD6053|0|2711|2162.5|||3|3|1|1|1|132|50|["132,50,5"]|636148150301950000|13:57:10:195
62|1.1|636147907284646119|ad27aa|50235.1953125|5.52253671357|101.15162073137|44868|-904422||50235.1953125|194.5||19600|194.5|50235.1953125|ad27aa|FD6053|0|2711|2162.5|||3|3|1|1|1|132|50|["132,50,5"]|636148150351950000|13:57:15:195
62|1.1|636147907334571111|ad27aa|50240.1796875|5.52447862999|101.16153416105|45972|-904204||50240.1796875|196.25||19750|194.5|50240.1796875|ad27aa|FD6053|0|2711|1356.25|||3|3|1|1|1|132|50|["132,50,5"]|636148150401800000|13:57:20:180
62|1.1|636147907384496103|ad27aa|50245.1796875|5.52632935144|101.17157633657|47090|-903997||50245.1796875|197||19800|195.25|50245.1796875|ad27aa|FD6053|0|2711|1162.5|||3|3|1|1|1|132|50|["132,50,5"]|636148150451800000|13:57:25:180
62|1.1|636147907434411094|ad27aa|50250.1796875|5.52857167482|101.18295425018|48357|-903747||50250.1796875|197.5||19818.75|195.75|50250.1796875|ad27aa|FD6053|0|2711|868.75|||3|3|1|1|1|132|50|["132,50,5"]|636148150501800000|13:57:30:180
62|1.1|636147907484336086|ad27aa|50255.15625|5.53058869298|101.19372598546|49556|-903521||50255.15625|198.25||19906.25|196.5|50255.15625|ad27aa|FD6053|0|2711|868.75|||3|3|1|1|1|132|50|["132,50,5"]|636148150551560000|13:57:35:156
62|1.1|636147907534261078|ad27aa|50260.15625|5.53237504151|101.20327999967|50620|-903321||50260.15625|199.5||19962.5|197.5|50260.15625|ad27aa|FD6053|0|2711|981.25|||3|3|1|1|1|132|50|["132,50,5"]|636148150601560000|13:57:40:156
62|1.1|636147907584186070|ad27aa|50265.140625|5.53403800861|101.21289302239|51690|-903135||50265.140625|201.25||20106.25|199.25|50265.140625|ad27aa|FD6053|0|2711|1518.75|||3|3|1|1|1|132|51|["132,50,5"]|636148150651410000|13:57:45:141
62|1.1|636147907634101061|ad27aa|50270.140625|5.53567415366|101.22257041803|52768|-902951||50270.140625|202.5||20262.5|201.25|50270.140625|ad27aa|FD6053|0|2711|1712.5|||3|3|1|1|1|132|50|["132,50,5"]|636148150701410000|13:57:50:141
62|1.1|636147907684026053|ad27aa|50275.140625|5.5374122225|101.23252139858|53876|-902757||50275.140625|204.25||20393.75|203.25|50275.140625|ad27aa|FD6053|0|2711|1950|||3|3|1|1|1|132|50|["132,50,5"]|636148150751410000|13:57:55:141
62|1.1|636147907733941044|ad27aa|50280.1171875|5.53894644376|101.24386176132|55138|-902584||50280.1171875|206||20650|205.25|50280.1171875|ad27aa|FD6053|0|2711|2106.25|||3|3|1|1|1|132|50|["132,50,5"]|636148150801170000|13:58:00:117
62|1.1|636147907783866036|ad27aa|50285.1171875|5.54069524142|101.25400049622|56267|-902388||50285.1171875|207.25||20818.75|206.5|50285.1171875|ad27aa|FD6053|0|2711|2068.75|||3|3|1|1|1|132|50|["132,50,5"]|636148150851170000|13:58:05:117
62|1.1|636147907833791028|ad27aa|50290.1015625|5.54239039498|101.26403194292|57384|-902198||50290.1015625|208.5||20975|208.25|50290.1015625|ad27aa|FD6053|0|2711|1968.75|||3|3|1|1|1|132|50|["132,50,5"]|636148150901020000|13:58:10:102
62|1.1|636147907883716020|ad27aa|50295.1015625|5.54362420928|101.27425650838|58522|-902059||50295.1015625|210||21006.25|208.5|50295.1015625|ad27aa|FD6053|0|2711|1437.5|||3|3|1|1|1|132|51|["132,50,5"]|636148150951020000|13:58:15:102
62|1.1|636147907933641012|ad27aa|50300.1015625|5.54511015085|101.28441670092|59654|-901893||50300.1015625|210.5||21100|209.25|50300.1015625|ad27aa|FD6053|0|2711|1081.25|||3|3|1|1|1|132|51|["132,50,5"]|636148151001020000|13:58:20:102
62|1.1|636147907983556003|ad27aa|50305.078125|5.54664973652|101.29453397818|60780|-901719||50305.078125|211||21168.75|209.5|50305.078125|ad27aa|FD6053|0|2711|843.75|||3|3|1|1|1|132|51|["132,50,5"]|636148151050780000|13:58:25:078
62|1.1|636147908033470994|ad27aa|50310.078125|5.54837171213|101.30509113706|61956|-901526||50310.078125|212.25||21300|210.25|50310.078125|ad27aa|FD6053|0|2711|1043.75|||3|3|1|1|1|132|51|["132,50,5"]|636148151100780000|13:58:30:078
62|1.1|636147908083395986|ad27aa|50315.0625|5.55021706917|101.31608281315|63179|-901319||50315.0625|215.25||21500|213.25|50315.0625|ad27aa|FD6053|0|2711|1731.25|||3|3|1|1|1|132|51|["132,50,5"]|636148151150630000|13:58:35:063
62|1.1|636147908133320978|ad27aa|50320.0625|5.55179957012|101.325658285|64245|-901141||50320.0625|216.75||21675|215.25|50320.0625|ad27aa|FD6053|0|2711|1912.5|||3|3|1|1|1|132|51|["132,50,5"]|636148151200630000|13:58:40:063
62|1.1|636147908183235969|ad27aa|50325.0625|5.55347326604|101.3355824435|65350|-900953||50325.0625|218.25||21831.25|216.25|50325.0625|ad27aa|FD6053|0|2711|1868.75|||3|3|1|1|1|132|50|["132,50,5"]|636148151250630000|13:58:45:063
62|1.1|636147908233160961|ad27aa|50330.0390625|5.55534544513|101.34660630605|66577|-900743||50330.0390625|219.5||22012.5|217.75|50330.0390625|ad27aa|FD6053|0|2711|1868.75|||3|3|1|1|1|132|50|["132,50,5"]|636148151300390000|13:58:50:039
62|1.1|636147908283085953|ad27aa|50335.0390625|5.55708351397|101.3568791512|67721|-900548||50335.0390625|220.25||22175|218.5|50335.0390625|ad27aa|FD6053|0|2711|1475|||3|3|1|1|1|132|50|["132,50,5"]|636148151350390000|13:58:55:039
62|1.1|636147908333000944|ad27aa|50340.015625|5.55883231163|101.36706080138|68855|-900352||50340.015625|221.25||22337.5|219.25|50340.015625|ad27aa|FD6053|0|2711|1300|||3|3|1|1|1|132|50|["132,50,5"]|636148151400160000|13:59:00:016
62|1.1|636147908382775921|ad27aa|50345.015625|5.56061866016|101.37728536684|69993|-900151||50345.015625|222||22487.5|220.25|50345.015625|ad27aa|FD6053|0|2711|1162.5|||3|3|1|1|1|132|50|["132,50,5"]|636148151450160000|13:59:05:016
62|1.1|636147908432850928|ad27aa|50350.015625|5.56239964428|101.38755821199|71137|-899951||50350.015625|222.5||22612.5|220.75|50350.015625|ad27aa|FD6053|0|2711|1006.25|||3|3|1|1|1|132|50|["132,50,5"]|636148151500160000|13:59:10:016
62|1.1|636147908482765919|ad27aa|50355|5.56405724697|101.3979705318|72295|-899765||50355|223.25||22368.75|221.25|50355|ad27aa|FD6053|0|2711|887.5|||3|3|1|1|1|132|50|["132,50,5"]|636148151550000000|13:59:15:000
62|1.1|636147908532550897|ad27aa|50360|5.56594015488|101.40893002143|73516|-899553||50360|224.25||22475|222.25|50360|ad27aa|FD6053|0|2711|962.5|||3|3|1|1|1|132|50|["132,50,5"]|636148151600000000|13:59:20:000
62|1.1|636147908582465888|ad27aa|50364.9765625|5.56779624074|101.42029720622|74781|-899344||50364.9765625|225.75||22606.25|223.5|50364.9765625|ad27aa|FD6053|0|2711|1062.5|||3|3|1|1|1|132|50|["132,50,5"]|636148151649770000|13:59:24:977
62|1.1|636147908632550896|ad27aa|50369.9765625|5.56962014014|101.43061833106|75930|-899139||50369.9765625|228||22800|226.25|50369.9765625|ad27aa|FD6053|0|2711|1968.75|||3|3|1|1|1|132|83|["132,50,5"]|636148151699770000|13:59:29:977
62|1.1|636147908682305871|ad27aa|50374.9765625|5.57138503103|101.44101455764|77087|-898941||50374.9765625|228.75||22937.5|228.25|50374.9765625|ad27aa|FD6053|0|2711|2162.5|||3|3|1|1|1|132|50|["132,50,5"]|636148151749770000|13:59:34:977
62|1.1|636147908732380878|ad27aa|50379.9609375|5.57316065074|101.45141614863|78245|-898741||50379.9609375|230.5||23075|228.5|50379.9609375|ad27aa|FD6053|0|2711|1556.25|||3|3|1|1|1|132|51|["132,50,5"]|636148151799610000|13:59:39:961
62|1.1|636147908782145854|ad27aa|50384.9609375|5.57494699927|101.46187138372|79409|-898540||50384.9609375|231||23206.25|229.25|50384.9609375|ad27aa|FD6053|0|2711|1181.25|||3|3|1|1|1|132|51|["132,50,5"]|636148151849610000|13:59:44:961
62|1.1|636147908832220861|ad27aa|50389.9375|5.57672261898|101.4723212544|80572|-898340||50389.9375|232||23337.5|230.25|50389.9375|ad27aa|FD6053|0|2711|1100|||3|3|1|1|1|132|51|["132,50,5"]|636148151899380000|13:59:49:938
62|1.1|636147908881995838|ad27aa|50394.9375|5.57846068782|101.48421951578|81897|-898144||50394.9375|233||23393.75|231.25|50394.9375|ad27aa|FD6053|0|2711|1181.25|||3|3|1|1|1|132|51|["132,50,5"]|636148151949380000|13:59:54:938
62|1.1|636147908931910829|ad27aa|50399.9375|5.58031677368|101.49521655628|83121|-897935||50399.9375|234.75||23493.75|232.5|50399.9375|ad27aa|FD6053|0|2711|1281.25|||3|3|1|1|1|132|51|["132,50,5"]|636148151999380000|13:59:59:938
62|1.1|636147908981835821|ad27aa|50404.921875|5.58211385103|101.50578980839|84298|-897733||50404.921875|235.75||23612.5|233.75|50404.921875|ad27aa|FD6053|0|2711|1300|||3|3|1|1|1|132|50|["132,50,5"]|636148152049220000|14:00:04:922
62|1.1|636147909031750812|ad27aa|50409.921875|5.5839216572|101.51640597578|85479|-897529||50409.921875|236.75||23725|234.75|50409.921875|ad27aa|FD6053|0|2711|1300|||3|3|1|1|1|132|50|["132,50,5"]|636148152099220000|14:00:09:922
62|1.1|636147909081675804|ad27aa|50414.8984375|5.58573482778|101.52693631261|86652|-897325||50414.8984375|237.75||23825|235.75|50414.8984375|ad27aa|FD6053|0|2711|1300|||3|3|1|1|1|132|50|["132,50,5"]|636148152148980000|14:00:14:898
62|1.1|636147909131590795|ad27aa|50419.8984375|5.58753726954|101.53750420031|87828|-897122||50419.8984375|238.75||23918.75|237.25|50419.8984375|ad27aa|FD6053|0|2711|1281.25|||3|3|1|1|1|132|50|["132,50,5"]|636148152198980000|14:00:19:898
62|1.1|636147909181525788|ad27aa|50424.8984375|5.58938799099|101.54810963888|89009|-896914||50424.8984375|239.75||24025|238.25|50424.8984375|ad27aa|FD6053|0|2711|1281.25|||3|3|1|1|1|132|50|["132,50,5"]|636148152248980000|14:00:24:898
62|1.1|636147909231440779|ad27aa|50429.875|5.59117970393|101.55863997571|90181|-896712||50429.875|241.25||24112.5|239.25|50429.875|ad27aa|FD6053|0|2711|1300|||3|3|1|1|1|132|51|["132,50,5"]|636148152298750000|14:00:29:875
62|1.1|636147909281365771|ad27aa|50434.875|5.59301433215|101.56923468546|91360|-896505||50434.875|242.25||24218.75|240.25|50434.875|ad27aa|FD6053|0|2711|1281.25|||3|3|1|1|1|132|51|["132,50,5"]|636148152348750000|14:00:34:875
62|1.1|636147909331290763|ad27aa|50439.859375|5.59482750273|101.57978111552|92534|-896301||50439.859375|242.75||24312.5|241.25|50439.859375|ad27aa|FD6053|0|2711|1262.5|||3|3|1|1|1|132|50|["132,50,5"]|636148152398590000|14:00:39:859
62|1.1|636147909381205754|ad27aa|50444.859375|5.59661921567|101.59040264732|93716|-896098||50444.859375|243.75||24406.25|242.25|50444.859375|ad27aa|FD6053|0|2711|1200|||3|3|1|1|1|132|50|["132,50,5"]|636148152448590000|14:00:44:859
62|1.1|636147909431130746|ad27aa|50449.859375|5.5984592083|101.60105636558|94902|-895891||50449.859375|244.75||24518.75|243.25|50449.859375|ad27aa|FD6053|0|2711|1237.5|||3|3|1|1|1|132|50|["132,50,5"]|636148152498590000|14:00:49:859
62|1.1|636147909481045737|ad27aa|50454.8359375|5.60021337037|101.61159743123|96075|-895693||50454.8359375|245.75||24606.25|244.25|50454.8359375|ad27aa|FD6053|0|2711|1262.5|||3|3|1|1|1|132|50|["132,50,5"]|636148152548360000|14:00:54:836
62|1.1|636147909530970729|ad27aa|50459.8359375|5.60213382915|101.62239062415|97276|-895477||50459.8359375|247||24743.75|245.5|50459.8359375|ad27aa|FD6053|0|2711|1337.5|||3|3|1|1|1|132|50|["132,50,5"]|636148152598360000|14:00:59:836
62|1.1|636147909580895721|ad27aa|50464.8203125|5.60383434712|101.63295314744|98452|-895285||50464.8203125|248||24825|246.75|50464.8203125|ad27aa|FD6053|0|2711|1356.25|||3|3|1|1|1|132|50|["132,50,5"]|636148152648200000|14:01:04:820
62|1.1|636147909630820713|ad27aa|50469.8203125|5.60568506857|101.64374634036|99653|-895076||50469.8203125|249.25||24950|248.25|50469.8203125|ad27aa|FD6053|0|2711|1418.75|||3|3|1|1|1|132|50|["132,50,5"]|636148152698200000|14:01:09:820
62|1.1|636147909680735704|ad27aa|50474.8203125|5.60748751033|101.65445370272|100845|-894872||50474.8203125|251||25081.25|249.5|50474.8203125|ad27aa|FD6053|0|2711|1493.75|||3|3|1|1|1|132|51|["132,50,5"]|636148152748200000|14:01:14:820
62|1.1|636147909730660696|ad27aa|50479.796875|5.60928995209|101.66516642949|102037|-894669||50479.796875|252||25193.75|250.5|50479.796875|ad27aa|FD6053|0|2711|1456.25|||3|3|1|1|1|132|51|["132,50,5"]|636148152797970000|14:01:19:797
62|1.1|636147909780585688|ad27aa|50484.796875|5.61123186851|101.67605081738|103249|-894450||50484.796875|252.75||25343.75|251.5|50484.796875|ad27aa|FD6053|0|2711|1375|||3|3|1|1|1|132|51|["132,50,5"]|636148152847970000|14:01:24:797
62|1.1|636147909830500679|ad27aa|50489.78125|5.61303967468|101.68698884937|104466|-894245||50489.78125|254.25||25400|252.5|50489.78125|ad27aa|FD6053|0|2711|1281.25|||3|3|1|1|1|132|50|["132,50,5"]|636148152897810000|14:01:29:781
62|1.1|636147909880425671|ad27aa|50494.78125|5.61473482824|101.69772303378|105661|-894054||50494.78125|255.25||25462.5|253.25|50494.78125|ad27aa|FD6053|0|2711|1200|||3|3|1|1|1|132|50|["132,50,5"]|636148152947810000|14:01:34:781
62|1.1|636147909930340662|ad27aa|50499.78125|5.61651044795|101.70856450639|106867|-893853||50499.78125|256.25||25556.25|254.25|50499.78125|ad27aa|FD6053|0|2711|1200|||3|3|1|1|1|132|50|["132,50,5"]|636148152997810000|14:01:39:781
62|1.1|636147909980265654|ad27aa|50504.7578125|5.61821633033|101.71930941962|108063|-893660||50504.7578125|257||25618.75|255.25|50504.7578125|ad27aa|FD6053|0|2711|1162.5|||3|3|1|1|1|132|50|["132,50,5"]|636148153047580000|14:01:44:758
62|1.1|636147910030190646|ad27aa|50509.7578125|5.61996512799|101.73014552782|109269|-893462||50509.7578125|258||25706.25|256.25|50509.7578125|ad27aa|FD6053|0|2711|1100|||3|3|1|1|1|132|50|["132,50,5"]|636148153097580000|14:01:49:758
62|1.1|636147910080115638|ad27aa|50514.7421875|5.62101655235|101.73944205035|110304|-893342||50514.7421875|258.75||25912.5|256.75|50514.7421875|ad27aa|FD6053|0|2711|1062.5|||3|3|1|1|1|132|50|["132,50,5"]|636148153147420000|14:01:54:742
62|1.1|636147910130040630|ad27aa|50519.7421875|5.622974562|101.75172654925|111671|-893121||50519.7421875|260.25||26018.75|257.75|50519.7421875|ad27aa|FD6053|0|2711|1081.25|||3|3|1|1|1|132|51|["132,50,5"]|636148153197420000|14:01:59:742
62|1.1|636147910179955621|ad27aa|50524.7421875|5.62431030009|101.76075485128|112676|-892969||50524.7421875|260.75||26081.25|258.75|50524.7421875|ad27aa|FD6053|0|2711|1081.25|||3|3|1|1|1|132|51|["132,50,5"]|636148153247420000|14:02:04:742
62|1.1|636147910229870612|ad27aa|50529.71875|5.62593571632|101.77150512892|113872|-892785||50529.71875|261.5||26162.5|259.5|50529.71875|ad27aa|FD6053|0|2711|1043.75|||3|3|1|1|1|132|51|["132,50,5"]|636148153297190000|14:02:09:719
62|1.1|636147910279795604|ad27aa|50534.71875|5.62760941224|101.78296350868|115148|-892595||50534.71875|262.25||26268.75|260.5|50534.71875|ad27aa|FD6053|0|2711|1043.75|||3|3|1|1|1|132|51|["132,50,5"]|636148153347190000|14:02:14:719
62|1.1|636147910329720596|ad27aa|50539.6953125|5.62928847257|101.79387471862|116362|-892405||50539.6953125|262.75||26356.25|261.25|50539.6953125|ad27aa|FD6053|0|2711|1025|||3|3|1|1|1|132|50|["132,50,5"]|636148153396950000|14:02:19:695
62|1.1|636147910379635587|ad27aa|50544.6953125|5.63097289731|101.80493613204|117593|-892214||50544.6953125|263.5||26450|262.25|50544.6953125|ad27aa|FD6053|0|2711|1006.25|||3|3|1|1|1|132|50|["132,50,5"]|636148153446950000|14:02:24:695
62|1.1|636147910429560579|ad27aa|50549.6953125|5.63256612708|101.81562740117|118783|-892033||50549.6953125|264.5||26493.75|262.75|50549.6953125|ad27aa|FD6053|0|2711|981.25|||3|3|1|1|1|132|50|["132,50,5"]|636148153496950000|14:02:29:695
62|1.1|636147910479495572|ad27aa|50554.6796875|5.63436320443|101.82660298403|120004|-891829||50554.6796875|265.75||26587.5|263.5|50554.6796875|ad27aa|FD6053|0|2711|962.5|||3|3|1|1|1|132|51|["132,50,5"]|636148153546800000|14:02:34:680
62|1.1|636147910529400562|ad27aa|50559.6796875|5.63653579048|101.83737471931|121203|-891584||50559.6796875|266.5||26681.25|264.25|50559.6796875|ad27aa|FD6053|0|2711|925|||3|3|1|1|1|132|51|["132,50,5"]|636148153596800000|14:02:39:680
62|1.1|636147910579325554|ad27aa|50564.65625|5.63831141019|101.84814645459|122401|-891383||50564.65625|266.5||26781.25|265.25|50564.65625|ad27aa|FD6053|0|2711|925|||3|3|1|1|1|132|50|["132,50,5"]|636148153646560000|14:02:44:656
62|1.1|636147910629250546|ad27aa|50569.65625|5.64337541323|101.86023783473|123746|-890816||50569.65625|268.25||26831.25|266.25|50569.65625|ad27aa|FD6053|0|2711|981.25|||3|3|1|1|1|132|50|["132,50,5"]|636148153696560000|14:02:49:656
62|1.1|636147910679175538|ad27aa|50574.65625|5.64703394085|101.87114368026|124959|-890405||50574.65625|269||26881.25|267.25|50574.65625|ad27aa|FD6053|0|2711|1006.25|||3|3|1|1|1|132|50|["132,50,5"]|636148153746560000|14:02:54:656
62|1.1|636147910729090529|ad27aa|50579.640625|5.65346050403|101.88104101671|126058|-889687||50579.640625|269.75||26968.75|267.75|50579.640625|ad27aa|FD6053|0|2711|1006.25|||3|3|1|1|1|132|83|["132,50,5"]|636148153796410000|14:02:59:641
62|1.1|636147910779015521|ad27aa|50584.640625|5.65840112564|101.89179665876|127254|-889134||50584.640625|270.25||27043.75|268.5|50584.640625|ad27aa|FD6053|0|2711|981.25|||3|3|1|1|1|132|50|["132,50,5"]|636148153846410000|14:03:04:641
62|1.1|636147910828940513|ad27aa|50589.6171875|5.66284822153|101.90041190122|128211|-888637||50589.6171875|271||27100|269.25|50589.6171875|ad27aa|FD6053|0|2711|906.25|||3|3|1|1|1|132|83|["132,50,5"]|636148153896170000|14:03:09:617
62|1.1|636147910878855504|ad27aa|50594.6171875|5.66814825861|101.9091988048|129188|-888044||50594.6171875|271.75||27187.5|269.75|50594.6171875|ad27aa|FD6053|0|2711|868.75|||3|3|1|1|1|132|50|["132,50,5"]|636148153946170000|14:03:14:617
62|1.1|636147910928780496|ad27aa|50599.6171875|5.67402228756|101.91824856447|130193|-887388||50599.6171875|272.25||27268.75|270.5|50599.6171875|ad27aa|FD6053|0|2711|843.75|||3|3|1|1|1|132|50|["132,50,5"]|636148153996170000|14:03:19:617
62|1.1|636147910978705488|ad27aa|50604.6015625|5.68090482559|101.92804397713|131281|-886619||50604.6015625|273||27356.25|271|50604.6015625|ad27aa|FD6053|0|2711|825|||3|3|1|1|1|132|50|["132,50,5"]|636148154046020000|14:03:24:602
62|1.1|636147911028620479|ad27aa|50609.6015625|5.68823260965|101.93684160953|132258|-885801||50609.6015625|274.25||27437.5|272.25|50609.6015625|ad27aa|FD6053|0|2711|887.5|||3|3|1|1|1|132|51|["132,50,5"]|636148154096020000|14:03:29:602
62|1.1|636147911078555472|ad27aa|50614.578125|5.69466990165|101.94528519087|133195|-885083||50614.578125|275||27512.5|272.75|50614.578125|ad27aa|FD6053|0|2711|925|||3|3|1|1|1|132|51|["132,50,5"]|636148154145780000|14:03:34:578
62|1.1|636147911128470463|ad27aa|50619.578125|5.70119838862|101.95421693352|134187|-884354||50619.578125|275.75||27600|273.75|50619.578125|ad27aa|FD6053|0|2711|1006.25|||3|3|1|1|1|132|51|["132,50,5"]|636148154195780000|14:03:39:578
62|1.1|636147911178395455|ad27aa|50624.578125|5.70791462994|101.96319159145|135183|-883604||50624.578125|276.5||27668.75|274.5|50624.578125|ad27aa|FD6053|0|2711|962.5|||3|3|1|1|1|132|83|["132,50,5"]|636148154245780000|14:03:44:578
62|1.1|636147911228310446|ad27aa|50629.5625|5.71462014244|101.97211260528|136174|-882855||50629.5625|277.25||27743.75|275.25|50629.5625|ad27aa|FD6053|0|2711|925|||3|3|1|1|1|132|83|["132,50,5"]|636148154295630000|14:03:49:563
62|1.1|636147911278235438|ad27aa|50634.5625|5.7222697911|101.981725628|137240|-882001||50634.5625|278.25||27843.75|276.25|50634.5625|ad27aa|FD6053|0|2711|943.75|||3|3|1|1|1|132|51|["132,50,5"]|636148154345630000|14:03:54:563
62|1.1|636147911328150429|ad27aa|50639.5390625|5.7288143713|101.99051253158|138216|-881270||50639.5390625|279||27912.5|276.75|50639.5390625|ad27aa|FD6053|0|2711|943.75|||3|3|1|1|1|132|51|["132,50,5"]|636148154395390000|14:03:59:539
62|1.1|636147911378075421|ad27aa|50644.5390625|5.73534822268|101.99920824019|139181|-880540||50644.5390625|279.5||27968.75|277.5|50644.5390625|ad27aa|FD6053|0|2711|925|||3|3|1|1|1|132|51|["132,50,5"]|636148154445390000|14:04:04:539
62|1.1|636147911428000413|ad27aa|50649.5390625|5.74259554059|102.00864423738|140228|-879731||50649.5390625|280.25||28075|278.25|50649.5390625|ad27aa|FD6053|0|2711|943.75|||3|3|1|1|1|132|51|["132,50,5"]|636148154495390000|14:04:09:539
62|1.1|636147911477915404|ad27aa|50654.515625|5.74982676527|102.01798367519|141265|-878923||50654.515625|281||28150|279.25|50654.515625|ad27aa|FD6053|0|2711|906.25|||3|3|1|1|1|132|50|["132,50,5"]|636148154545160000|14:04:14:516
62|1.1|636147911527840396|ad27aa|50659.515625|5.75688632883|102.02805267276|142383|-878135||50659.515625|281.5||28206.25|279.5|50659.515625|ad27aa|FD6053|0|2711|843.75|||3|3|1|1|1|132|50|["132,50,5"]|636148154595160000|14:04:19:516
62|1.1|636147911577765388|ad27aa|50664.5|5.762985663|102.03577205875|143239|-877454||50664.5|282.5||28237.5|280.25|50664.5|ad27aa|FD6053|0|2711|825|||3|3|1|1|1|132|83|["132,50,5"]|636148154645000000|14:04:24:500
62|1.1|636147911627680379|ad27aa|50669.5|5.77000767569|102.04477890314|144239|-876670||50669.5|283.5||28343.75|281.25|50669.5|ad27aa|FD6053|0|2711|1006.25|||3|3|1|1|1|132|50|["132,50,5"]|636148154695000000|14:04:29:500
62|1.1|636147911677605371|ad27aa|50674.5|5.77711015453|102.05452603611|145321|-875876||50674.5|285.25||28500|283.25|50674.5|ad27aa|FD6053|0|2711|1493.75|||3|3|1|1|1|132|83|["132,50,5"]|636148154745000000|14:04:34:500
62|1.1|636147911727520362|ad27aa|50679.4765625|5.78355817535|102.06280332074|146239|-875156||50679.4765625|286.25||28612.5|284.25|50679.4765625|ad27aa|FD6053|0|2711|1556.25|||3|3|1|1|1|132|83|["132,50,5"]|636148154794770000|14:04:39:477
62|1.1|636147911777445354|ad27aa|50684.4765625|5.79021540816|102.07164923283|147221|-874412||50684.4765625|287||28725|285.5|50684.4765625|ad27aa|FD6053|0|2711|1556.25|||3|3|1|1|1|132|50|["132,50,5"]|636148154844770000|14:04:44:477
62|1.1|636147911827370346|ad27aa|50689.4609375|5.79689409861|102.08050050933|148203|-873666||50689.4609375|288||28837.5|286.5|50689.4609375|ad27aa|FD6053|0|2711|1518.75|||3|3|1|1|1|132|50|["132,50,5"]|636148154894610000|14:04:49:461
62|1.1|636147911877295338|ad27aa|50694.4609375|5.80355669583|102.08874024309|149117|-872922||50694.4609375|289.5||28956.25|287.25|50694.4609375|ad27aa|FD6053|0|2711|1318.75|||3|3|1|1|1|132|51|["132,50,5"]|636148154944610000|14:04:54:461
62|1.1|636147911927210329|ad27aa|50699.4609375|5.81049287796|102.09847128283|150197|-872147||50699.4609375|290||29056.25|288.25|50699.4609375|ad27aa|FD6053|0|2711|1181.25|||3|3|1|1|1|132|51|["132,50,5"]|636148154994610000|14:04:59:461
62|1.1|636147911977135321|ad27aa|50704.4375|5.817166204|102.10749422045|151198|-871401||50704.4375|290||29168.75|288.75|50704.4375|ad27aa|FD6053|0|2711|943.75|||3|3|1|1|1|132|50|["132,50,5"]|636148155044380000|14:05:04:438
62|1.1|636147912027060313|ad27aa|50709.4375|5.82401119116|102.1166941836|152219|-870637||50709.4375|290.25||29275|288.75|50709.4375|ad27aa|FD6053|0|2711|568.75|||3|3|1|1|1|132|50|["132,50,5"]|636148155094380000|14:05:09:438
62|1.1|636147912076975304|ad27aa|50714.421875|5.83143017019|102.12659152005|153317|-869808||50714.421875|290.25||29100|288.75|50714.421875|ad27aa|FD6053|0|2711|312.5|||3|3|1|1|1|132|51|["132,50,5"]|636148155144220000|14:05:14:422
62|1.1|636147912126900296|ad27aa|50719.421875|5.83836098791|102.13592022904|154352|-869033||50719.421875|290.25||29131.25|288.25|50719.421875|ad27aa|FD6053|0|2711|0|||3|3|0|1|1|132|50|["132,50,5"]|636148155194220000|14:05:19:422
62|1.1|636147912176825288|ad27aa|50724.421875|5.84537763619|102.14479296318|155336|-868250||50724.421875|290||29025|287.75|50724.421875|ad27aa|FD6053|0|2711|0|||3|3|0|1|1|132|51|["132,50,5"]|636148155244220000|14:05:24:422
62|1.1|636147912226750280|ad27aa|50729.3984375|5.85220116571|102.15390709577|156347|-867487||50729.3984375|290.25||29006.25|287.75|50729.3984375|ad27aa|FD6053|0|2711|0|||3|3|0|1|1|132|50|["132,50,5"]|636148155293980000|14:05:29:398
62|1.1|636147912276665271|ad27aa|50734.3984375|5.85915344107|102.16296221985|157352|-866710||50734.3984375|290||28987.5|287.75|50734.3984375|ad27aa|FD6053|0|2711|0|||3|3|0|1|1|132|50|["132,50,5"]|636148155343980000|14:05:34:398
62|1.1|636147912326580262|ad27aa|50739.375|5.86600379264|102.17191542014|158345|-865945||50739.375|290||28962.5|287.75|50739.375|ad27aa|FD6053|0|2711|0|||3|3|0|1|1|132|50|["132,50,5"]|636148155393750000|14:05:39:375
62|1.1|636147912376505254|ad27aa|50744.375|5.87269857632|102.18061649316|159310|-865197||50744.375|290||28925|287.75|50744.375|ad27aa|FD6053|0|2711|0|||3|3|0|1|1|132|50|["132,50,5"]|636148155443750000|14:05:44:375
62|1.1|636147912426430246|ad27aa|50749.375|5.87965621609|102.18956432904|160302|-864419||50749.375|290||28912.5|287.75|50749.375|ad27aa|FD6053|0|2711|0|||3|3|0|1|1|132|50|["132,50,5"]|636148155493750000|14:05:49:375
62|1.1|636147912476345237|ad27aa|50754.359375|5.88643146592|102.19841024113|161283|-863662||50754.359375|290||28893.75|287.75|50754.359375|ad27aa|FD6053|0|2711|0|||3|3|0|1|1|132|50|["132,50,5"]|636148155543590000|14:05:54:359
62|1.1|636147912526270229|ad27aa|50759.359375|5.89332473277|102.20733661937|162273|-862892||50759.359375|290||28893.75|287.75|50759.359375|ad27aa|FD6053|0|2711|0|||3|3|0|1|1|132|83|["132,50,5"]|636148155593590000|14:05:59:359
62|1.1|636147912576195221|ad27aa|50764.3359375|5.89963327893|102.21587676009|163220|-862187||50764.3359375|290||28875|287.75|50764.3359375|ad27aa|FD6053|0|2711|0|||3|3|0|1|1|132|51|["132,50,5"]|636148155643360000|14:06:04:336
62|1.1|636147912626120213|ad27aa|50769.3359375|5.90577016397|102.22428279056|164152|-861501||50769.3359375|290||28862.5|287.75|50769.3359375|ad27aa|FD6053|0|2711|0|||3|3|0|1|1|132|50|["132,50,5"]|636148155693360000|14:06:09:336
62|1.1|636147912676035204|ad27aa|50774.3359375|5.9122771933|102.23293558389|165112|-860774||50774.3359375|290||28868.75|287.75|50774.3359375|ad27aa|FD6053|0|2711|0|||3|3|0|1|1|132|50|["132,50,5"]|636148155743360000|14:06:14:336
62|1.1|636147912725960196|ad27aa|50779.3203125|5.91919191779|102.24180831803|166096|-860001||50779.3203125|290||28887.5|287.75|50779.3203125|ad27aa|FD6053|0|2711|0|||3|3|0|1|1|132|50|["132,50,5"]|636148155793200000|14:06:19:320
62|1.1|636147912775885188|ad27aa|50784.3203125|5.92587060824|102.25067032335|167078|-859255||50784.3203125|290||28900|287.75|50784.3203125|ad27aa|FD6053|0|2711|0|||3|3|0|1|1|132|51|["132,50,5"]|636148155843200000|14:06:24:320
62|1.1|636147912825800179|ad27aa|50789.296875|5.93232935788|102.25939285401|168045|-858532||50789.296875|290||28893.75|287.75|50789.296875|ad27aa|FD6053|0|2711|0|||3|3|0|1|1|132|50|["132,50,5"]|636148155892970000|14:06:29:297
62|1.1|636147912875745173|ad27aa|50794.296875|5.93930309088|102.26837287635|169041|-857753||50794.296875|290||28918.75|287.75|50794.296875|ad27aa|FD6053|0|2711|0|||3|3|0|1|1|132|51|["132,50,5"]|636148155942970000|14:06:34:297
62|1.1|636147912925650163|ad27aa|50799.296875|5.94562773027|102.27704176291|170002|-857046||50799.296875|290||28906.25|287.75|50799.296875|ad27aa|FD6053|0|2711|0|||3|3|0|1|1|132|50|["132,50,5"]|636148155992970000|14:06:39:297
62|1.1|636147912975565154|ad27aa|50804.28125|5.95233860718|102.28581257326|170974|-856296||50804.28125|290||28912.5|287.75|50804.28125|ad27aa|FD6053|0|2711|0|||3|3|0|1|1|132|50|["132,50,5"]|636148156042810000|14:06:44:281
62|1.1|636147913025490146|ad27aa|50809.28125|5.95881345005|102.29450291746|171938|-855572||50809.28125|290||28900|287.75|50809.28125|ad27aa|FD6053|0|2711|0|||3|3|0|1|1|132|50|["132,50,5"]|636148156092810000|14:06:49:281
62|1.1|636147913075415138|ad27aa|50814.2578125|5.96565843721|102.30341320247|172925|-854807||50814.2578125|290||28925|287.75|50814.2578125|ad27aa|FD6053|0|2711|0|||3|3|0|1|1|132|50|["132,50,5"]|636148156142580000|14:06:54:258
62|1.1|636147913125340130|ad27aa|50819.2578125|5.9719830766|102.31207672462|173886|-854100||50819.2578125|290||28900|287.75|50819.2578125|ad27aa|FD6053|0|2711|0|||3|3|0|1|1|132|50|["132,50,5"]|636148156192580000|14:06:59:258
62|1.1|636147913175265122|ad27aa|50824.2578125|5.97865640264|102.32093336553|174867|-853354||50824.2578125|290||28906.25|287.75|50824.2578125|ad27aa|FD6053|0|2711|0|||3|3|0|1|1|132|50|["132,50,5"]|636148156242580000|14:07:04:258
62|1.1|636147913225180113|ad27aa|50829.2421875|5.98550675421|102.32985974377|175857|-852588||50829.2421875|290||28925|287.75|50829.2421875|ad27aa|FD6053|0|2711|0|||3|3|0|1|1|132|50|["132,50,5"]|636148156292420000|14:07:09:242
62|1.1|636147913275095104|ad27aa|50834.2421875|5.99251267367|102.33885585934|176854|-851805||50834.2421875|290||28950|287.75|50834.2421875|ad27aa|FD6053|0|2711|0|||3|3|0|1|1|132|50|["132,50,5"]|636148156342420000|14:07:14:242
62|1.1|636147913325020096|ad27aa|50839.21875|5.99954005077|102.34788416137|177854|-851019||50839.21875|290.25||28987.5|287.75|50839.21875|ad27aa|FD6053|0|2711|0|||3|3|0|1|1|132|50|["132,50,5"]|636148156392190000|14:07:19:219
62|1.1|636147913374945088|ad27aa|50844.21875|6.00645477526|102.35682126843|178845|-850246||50844.21875|290||28993.75|287.75|50844.21875|ad27aa|FD6053|0|2711|0|||3|3|0|1|1|132|51|["132,50,5"]|636148156442190000|14:07:24:219
62|1.1|636147913424870080|ad27aa|50849.21875|6.01329439801|102.36580129077|179840|-849481||50849.21875|290.25||28987.5|287.75|50849.21875|ad27aa|FD6053|0|2711|0|||3|3|0|1|1|132|51|["132,50,5"]|636148156492190000|14:07:29:219
62|1.1|636147913474785071|ad27aa|50854.1953125|6.01997845287|102.37469011814|180825|-848734||50854.1953125|290||28975|287.75|50854.1953125|ad27aa|FD6053|0|2711|0|||3|3|0|1|1|132|50|["132,50,5"]|636148156541950000|14:07:34:195
62|1.1|636147913524710063|ad27aa|50859.1953125|6.02695755028|102.38366477607|181820|-847954||50859.1953125|290||28987.5|287.75|50859.1953125|ad27aa|FD6053|0|2711|0|||3|3|0|1|1|132|50|["132,50,5"]|636148156591950000|14:07:39:195
62|1.1|636147913574635055|ad27aa|50864.1796875|6.03379180862|102.39258042549|182807|-847189||50864.1796875|290||28981.25|287.75|50864.1796875|ad27aa|FD6053|0|2711|0|||3|3|0|1|1|132|50|["132,50,5"]|636148156641800000|14:07:44:180
62|1.1|636147913624550046|ad27aa|50869.1796875|6.04043831261|102.40147461727|183793|-846446||50869.1796875|290||28950|287.75|50869.1796875|ad27aa|FD6053|0|2711|0|||3|3|0|1|1|132|50|["132,50,5"]|636148156691800000|14:07:49:180
62|1.1|636147913674485039|ad27aa|50874.1796875|6.04726720654|102.41040099551|184782|-845682||50874.1796875|290||28950|287.75|50874.1796875|ad27aa|FD6053|0|2711|0|||3|3|0|1|1|132|50|["132,50,5"]|636148156741800000|14:07:54:180
62|1.1|636147913724400030|ad27aa|50879.15625|6.05415510898|102.41937565344|185776|-844912||50879.15625|290||28962.5|287.75|50879.15625|ad27aa|FD6053|0|2711|0|||3|3|0|1|1|132|50|["132,50,5"]|636148156791560000|14:07:59:156
62|1.1|636147913774315021|ad27aa|50884.15625|6.06082307061|102.42827520963|186762|-844167||50884.15625|290||28937.5|287.75|50884.15625|ad27aa|FD6053|0|2711|0|||3|3|0|1|1|132|50|["132,50,5"]|636148156841560000|14:08:04:156
62|1.1|636147913824240013|ad27aa|50889.140625|6.06759832044|102.43718549464|187750|-843409||50889.140625|290||28931.25|287.75|50889.140625|ad27aa|FD6053|0|2711|0|||3|3|0|1|1|132|83|["132,50,5"]|636148156891410000|14:08:09:141
62|1.1|636147913874165005|ad27aa|50894.140625|6.07431992617|102.44611723729|188739|-842657||50894.140625|290||28918.75|287.75|50894.140625|ad27aa|FD6053|0|2711|0|||3|3|0|1|1|132|83|["132,50,5"]|636148156941410000|14:08:14:141
62|1.1|636147913924079996|ad27aa|50899.140625|6.08151359998|102.45519918342|189745|-841852||50899.140625|290||28968.75|287.75|50899.140625|ad27aa|FD6053|0|2711|0|||3|3|0|1|1|132|83|["132,50,5"]|636148156991410000|14:08:19:141
62|1.1|636147913974004988|ad27aa|50904.1171875|6.08825666335|102.46415238371|190737|-841098||50904.1171875|290||28937.5|287.75|50904.1171875|ad27aa|FD6053|0|2711|0|||3|3|0|1|1|132|50|["132,50,5"]|636148157041170000|14:08:24:117
62|1.1|636147914023929980|ad27aa|50909.1171875|6.09500509113|102.47309485518|191727|-840343||50909.1171875|290||28931.25|287.75|50909.1171875|ad27aa|FD6053|0|2711|0|||3|3|0|1|1|132|50|["132,50,5"]|636148157091170000|14:08:29:117
62|1.1|636147914073844971|ad27aa|50914.1015625|6.10184471388|102.4814740636|192655|-839579||50914.1015625|290||29006.25|287.75|50914.1015625|ad27aa|FD6053|0|2711|0|||3|3|0|1|1|132|83|["132,50,5"]|636148157141020000|14:08:34:102
62|1.1|636147914123769963|ad27aa|50919.1015625|6.10853413315|102.49037361979|193641|-838830||50919.1015625|290||29018.75|287.75|50919.1015625|ad27aa|FD6053|0|2711|0|||3|3|0|1|1|132|50|["132,50,5"]|636148157191020000|14:08:39:102
62|1.1|636147914173694955|ad27aa|50924.1015625|6.11543276441|102.49971842201|194676|-838058||50924.1015625|290||29006.25|287.75|50924.1015625|ad27aa|FD6053|0|2711|0|||3|3|0|1|1|132|51|["132,50,5"]|636148157241020000|14:08:44:102
62|1.1|636147914223619947|ad27aa|50929.078125|6.12166620883|102.50768457086|195558|-837361||50929.078125|290||28993.75|287.75|50929.078125|ad27aa|FD6053|0|2711|0|||3|3|0|1|1|132|51|["132,50,5"]|636148157290780000|14:08:49:078
62|1.1|636147914273534938|ad27aa|50934.078125|6.12833953487|102.51641783034|196525|-836615||50934.078125|290||28987.5|287.75|50934.078125|ad27aa|FD6053|0|2711|0|||3|3|0|1|1|132|50|["132,50,5"]|636148157340780000|14:08:54:078
62|1.1|636147914323459930|ad27aa|50939.0625|6.13491630153|102.52505989485|197482|-835879||50939.0625|290||28987.5|287.75|50939.0625|ad27aa|FD6053|0|2711|0|||3|3|0|1|1|132|50|["132,50,5"]|636148157390630000|14:08:59:063
62|1.1|636147914373374921|ad27aa|50944.0625|6.1420885177|102.53506988391|198591|-835076||50944.0625|290||28968.75|287.75|50944.0625|ad27aa|FD6053|0|2711|0|||3|3|0|1|1|132|50|["132,50,5"]|636148157440630000|14:09:04:063
62|1.1|636147914423299913|ad27aa|50949.0625|6.14834878417|102.5428965581|199458|-834376||50949.0625|290||28981.25|287.75|50949.0625|ad27aa|FD6053|0|2711|0|||3|3|0|1|1|132|50|["132,50,5"]|636148157490630000|14:09:09:063
62|1.1|636147914473214904|ad27aa|50954.0390625|6.15574630556|102.55307284387|200585|-833548||50954.0390625|290||29012.5|287.75|50954.0390625|ad27aa|FD6053|0|2711|0|||3|3|0|1|1|132|51|["132,50,5"]|636148157540390000|14:09:14:039
62|1.1|636147914523139896|ad27aa|50959.0390625|6.16251082657|102.56216551882|201591|-832791||50959.0390625|290||29018.75|287.75|50959.0390625|ad27aa|FD6053|0|2711|0|||3|3|0|1|1|132|83|["132,50,5"]|636148157590390000|14:09:19:039
62|1.1|636147914573074889|ad27aa|50964.015625|6.16936654255|102.57130647346|202603|-832024||50964.015625|290||29031.25|287.75|50964.015625|ad27aa|FD6053|0|2711|0|||3|3|0|1|1|132|50|["132,50,5"]|636148157640160000|14:09:24:016
62|1.1|636147914622979879|ad27aa|50969.015625|6.17624908058|102.58045279251|203616|-831253||50969.015625|290||29043.75|287.75|50969.015625|ad27aa|FD6053|0|2711|0|||3|3|0|1|1|132|50|["132,50,5"]|636148157690160000|14:09:29:016
62|1.1|636147914672904871|ad27aa|50974.015625|6.18314234743|102.58955083187|204623|-830482||50974.015625|290||29037.5|287.75|50974.015625|ad27aa|FD6053|0|2711|0|||3|3|0|1|1|132|50|["132,50,5"]|636148157740160000|14:09:34:016
62|1.1|636147914722829863|ad27aa|50979|6.19001415664|102.5985254898|205617|-829713||50979|290||29031.25|287.75|50979|ad27aa|FD6053|0|2711|0|||3|3|0|1|1|132|51|["132,50,5"]|636148157790000000|14:09:39:000
62|1.1|636147914772764856|ad27aa|50984|6.19688060144|102.60730702897|206589|-828945||50984|290||28987.5|287.75|50984|ad27aa|FD6053|0|2711|0|||3|3|0|1|1|132|50|["132,50,5"]|636148157840000000|14:09:44:000
62|1.1|636147914822689848|ad27aa|50988.9765625|6.20381141916|102.61611002578|207563|-828170||50988.9765625|290||28950|287.75|50988.9765625|ad27aa|FD6053|0|2711|0|||3|3|0|1|1|132|50|["132,50,5"]|636148157889770000|14:09:48:977
62|1.1|636147914872594838|ad27aa|50993.9765625|6.21045792315|102.62485937849|208532|-827426||50993.9765625|290||28912.5|287.75|50993.9765625|ad27aa|FD6053|0|2711|0|||3|3|0|1|1|132|50|["132,50,5"]|636148157939770000|14:09:53:977
62|1.1|636147914922509829|ad27aa|50998.9765625|6.21689521515|102.63364628207|209504|-826705||50998.9765625|290||28881.25|287.75|50998.9765625|ad27aa|FD6053|0|2711|0|||3|3|0|1|1|132|50|["132,50,5"]|636148157989770000|14:09:58:977
62|1.1|636147914972434821|ad27aa|51003.9609375|6.2223400913|102.64053418451|210267|-826096||51003.9609375|290||29000|287.75|51003.9609375|ad27aa|FD6053|0|2711|0|||3|3|0|1|1|132|50|["132,50,5"]|636148158039610000|14:10:03:961
62|1.1|636147915022349812|ad27aa|51008.9609375|6.22973761269|102.64975024089|211286|-825268||51008.9609375|290||29012.5|287.75|51008.9609375|ad27aa|FD6053|0|2711|0|||3|3|0|1|1|132|50|["132,50,5"]|636148158089610000|14:10:08:961
62|1.1|636147915072284805|ad27aa|51013.9375|6.23643239637|102.65859615298|212265|-824519||51013.9375|290||29025|287.75|51013.9375|ad27aa|FD6053|0|2711|0|||3|3|0|1|1|132|50|["132,50,5"]|636148158139380000|14:10:13:938
62|1.1|636147915122199796|ad27aa|51018.9375|6.24375481602|102.66889045577|213405|-823699||51018.9375|290||29006.25|287.75|51018.9375|ad27aa|FD6053|0|2711|0|||3|3|0|1|1|132|83|["132,50,5"]|636148158189380000|14:10:18:938
62|1.1|636147915172124788|ad27aa|51023.9375|6.25000971808|102.67707654543|214311|-822999||51023.9375|290||28993.75|287.75|51023.9375|ad27aa|FD6053|0|2711|0|||3|3|0|1|1|132|83|["132,50,5"]|636148158239380000|14:10:23:938
62|1.1|636147915222039779|ad27aa|51028.921875|6.25668840853|102.68594391516|215292|-822251||51028.921875|290||28993.75|290|51028.921875|ad27aa|FD6053|0|2711|0|||3|3|0|1|1|132|50|["132,50,5"]|636148158289220000|14:10:28:922
62|1.1|636147915271964771|ad27aa|51033.921875|6.26300768351|102.69367939438|216148|-821544||51033.921875|290||28993.75|290|51033.921875|ad27aa|FD6053|0|2711|0|||3|3|0|1|1|132|83|["132,50,5"]|636148158339220000|14:10:33:922
62|1.1|636147915321889763|ad27aa|51038.921875|6.26952544166|102.70194595019|217062|-820815||51038.921875|290||28993.75|290|51038.921875|ad27aa|FD6053|0|2711|0|||3|3|0|1|1|132|50|["132,50,5"]|636148158389220000|14:10:38:922
62|1.1|636147915371804754|ad27aa|51043.8984375|6.27669765783|102.71129075241|218096|-820012||51043.8984375|290||29012.5|290|51043.8984375|ad27aa|FD6053|0|2711|0|||3|3|0|1|1|132|50|["132,50,5"]|636148158438980000|14:10:43:898
62|1.1|636147915421739747|ad27aa|51048.8984375|6.28323687362|102.72021713065|219084|-819279||51048.8984375|290||29006.25|290|51048.8984375|ad27aa|FD6053|0|2711|0|||3|3|0|1|1|132|51|["132,50,5"]|636148158488980000|14:10:48:898
62|1.1|636147915471654738|ad27aa|51053.875|6.28983509792|102.72897184777|220053|-818540||51053.875|290||29000|290|51053.875|ad27aa|FD6053|0|2711|0|||3|3|0|1|1|132|83|["132,50,5"]|636148158538750000|14:10:53:875
62|1.1|636147915521569729|ad27aa|51058.875|6.29709850906|102.7392339641|221188|-817727||51058.875|290||29012.5|290|51058.875|ad27aa|FD6053|0|2711|0|||3|3|0|1|1|132|51|["132,50,5"]|636148158588750000|14:10:58:875
62|1.1|636147915571494721|ad27aa|51063.859375|6.30380402156|102.74836418992|222199|-816976||51063.859375|290||29018.75|290|51063.859375|ad27aa|FD6053|0|2711|0|||3|3|0|1|1|132|50|["132,50,5"]|636148158638590000|14:11:03:859
62|1.1|636147915621419713|ad27aa|51068.859375|6.31103524624|102.75813278053|223279|-816166||51068.859375|290||29018.75|290|51068.859375|ad27aa|FD6053|0|2711|0|||3|3|0|1|1|132|50|["132,50,5"]|636148158688590000|14:11:08:859
