62|1.1|636147897422159969|06a0c1|49248.9609375|21.00331202387|99.77744664372|-101398|811218||49248.9609375|399.75||39968.75|397.75|49248.9609375|06a0c1|QTR817|0|2369|0|||3|3|0|1|1|132|194|["132,98,5,3855","132,114,5,502","132,194,5,3497"]|636148140489610000|13:40:48:961
62|1.1|636147897472074960|06a0c1|49253.9609375|21.00641801726|99.76582733166|-102609|811570||49253.9609375|400||39987.5|398|49253.9609375|06a0c1|QTR817|0|2369|0|||3|3|0|1|1|132|194|["132,98,5,3855","132,114,5,502","132,194,5,3497"]|636148140539610000|13:40:53:961
62|1.1|636147897521989951|06a0c1|49258.9375|21.00956692593|99.75430457898|-103810|811926||49258.9375|399.75||39968.75|397.75|49258.9375|06a0c1|QTR817|0|2369|0|||3|3|0|1|1|132|194|["132,98,5,3855","132,114,4,502","132,194,5,3497"]|636148140589380000|13:40:58:938
62|1.1|636147897571914943|06a0c1|49263.9375|21.01269974137|99.74263162282|-105027|812280||49263.9375|400||39956.25|398|49263.9375|06a0c1|QTR817|0|2369|0|||3|3|0|1|1|132|194|["132,98,5,3855","132,114,4,502","132,194,5,3497"]|636148140639380000|13:41:03:938
62|1.1|636147897621829934|06a0c1|49268.9375|21.01580037035|99.73094793784|-106245|812631||49268.9375|399.75||39975|397.75|49268.9375|06a0c1|QTR817|0|2369|0|||3|3|0|1|1|132|194|["132,98,5,3855","132,114,4,502","132,194,5,3497"]|636148140689380000|13:41:08:938
62|1.1|636147897671754926|06a0c1|49273.921875|21.01886344846|99.7194466428|-107444|812979||49273.921875|400||40000|398|49273.921875|06a0c1|QTR817|0|2369|0|||3|3|0|1|1|132|194|["132,98,5,3855","132,114,4,502","132,194,5,3497"]|636148140739220000|13:41:13:922
62|1.1|636147897721679918|06a0c1|49278.921875|21.02195334862|99.70781660192|-108656|813328||49278.921875|400||40025|400|49278.921875|06a0c1|QTR817|0|2369|0|||3|3|0|1|1|132|194|["132,98,5,3855","132,114,4,502","132,194,5,3497"]|636148140789220000|13:41:18:922
62|1.1|636147897771604910|06a0c1|49283.8984375|21.02507543524|99.69610073048|-109877|813682||49283.8984375|400||40000|400|49283.8984375|06a0c1|QTR817|0|2369|0|||3|3|0|1|1|132|98|["132,98,5,3855","132,114,4,502","132,194,5,3497"]|636148140838980000|13:41:23:898
62|1.1|636147897821519901|06a0c1|49288.8984375|21.0281653354|99.6843634014|-111100|814033||49288.8984375|400||40006.25|400|49288.8984375|06a0c1|QTR817|0|2369|0|||3|3|0|1|1|132|98|["132,98,5,3855","132,114,4,502","132,194,5,3497"]|636148140888980000|13:41:28:898
62|1.1|636147897871444893|06a0c1|49293.8984375|21.03128742202|99.67267971642|-112318|814387||49293.8984375|399.75||40000|399.75|49293.8984375|06a0c1|QTR817|0|2369|0|||3|3|0|1|1|132|98|["132,98,5,3855","132,114,4,502","132,194,5,3497"]|636148140938980000|13:41:33:898
62|1.1|636147897921369885|06a0c1|49298.875|21.03440414423|99.66096384498|-113539|814740||49298.875|399.75||39968.75|399.75|49298.875|06a0c1|QTR817|0|2369|0|||3|3|0|1|1|132|98|["132,98,5,3855","132,114,4,502","132,194,5,3497"]|636148140988750000|13:41:38:875
62|1.1|636147897971294877|06a0c1|49303.875|21.0374994088|99.64921578708|-114763|815091||49303.875|399.75||39968.75|400|49303.875|06a0c1|QTR817|0|2369|0|||3|3|0|1|1|132|98|["132,98,5,3855","132,114,4,502","132,194,5,3497"]|636148141038750000|13:41:43:875
62|1.1|636147898021209868|06a0c1|49308.859375|21.04058394455|99.63755892415|-115978|815441||49308.859375|399.75||39968.75|399.75|49308.859375|06a0c1|QTR817|0|2369|0|||3|3|0|1|1|132|98|["132,98,5,3855","132,194,5,3497"]|636148141088590000|13:41:48:859
62|1.1|636147898071134860|06a0c1|49313.859375|21.04369530235|99.6258913324|-117194|815794||49313.859375|399.75||39968.75|400|49313.859375|06a0c1|QTR817|0|2369|0|||3|3|0|1|1|132|98|["132,98,5,3855","132,194,5,3497"]|636148141138590000|13:41:53:859
62|1.1|636147898121049851|06a0c1|49318.859375|21.04680666015|99.6141432745|-118418|816147||49318.859375|399.75||39956.25|399.75|49318.859375|06a0c1|QTR817|0|2369|0|||3|3|0|1|1|132|194|["132,98,5,3855","132,194,5,3497"]|636148141188590000|13:41:58:859
62|1.1|636147898170974843|06a0c1|49323.8359375|21.04983218739|99.60245958952|-119636|816491||49323.8359375|400||40000|400|49323.8359375|06a0c1|QTR817|0|2369|0|||3|3|0|1|1|132|194|["132,98,5,3855","132,194,5,3497"]|636148141238360000|13:42:03:836
62|1.1|636147898220899835|06a0c1|49328.8359375|21.05293818078|99.59071689603|-120859|816844||49328.8359375|399.75||39987.5|400|49328.8359375|06a0c1|QTR817|0|2369|0|||3|3|0|1|1|132|194|["132,98,5,3855","132,194,5,3497"]|636148141288360000|13:42:08:836
62|1.1|636147898270814826|06a0c1|49333.8203125|21.05603344535|99.57910831279|-122069|817195||49333.8203125|400||39981.25|400|49333.8203125|06a0c1|QTR817|0|2369|0|||3|3|0|1|1|132|194|["132,98,5,3855","132,194,5,3497"]|636148141338200000|13:42:13:820
62|1.1|636147898320739818|06a0c1|49338.8203125|21.0591179811|99.56739244135|-123289|817545||49338.8203125|399.75||39975|399.75|49338.8203125|06a0c1|QTR817|0|2369|0|||3|3|0|1|1|132|194|["132,98,5,3855","132,194,5,3497"]|636148141388200000|13:42:18:820
62|1.1|636147898370664810|06a0c1|49343.8203125|21.06220251685|99.55571412078|-124506|817896||49343.8203125|399.75||39975|399.75|49343.8203125|06a0c1|QTR817|0|2369|0|||3|3|0|1|1|132|194|["132,98,5,3855","132,194,5,3497"]|636148141438200000|13:42:23:820
62|1.1|636147898420579801|06a0c1|49348.796875|21.06528168819|99.54399288493|-125727|818246||49348.796875|399.75||39956.25|399.75|49348.796875|06a0c1|QTR817|0|2369|0|||3|3|0|1|1|132|194|["132,98,5,3855","132,194,5,3497"]|636148141487970000|13:42:28:797
62|1.1|636147898470504793|06a0c1|49353.796875|21.0683984104|99.53250231871|-126924|818600||49353.796875|400||39956.25|399.75|49353.796875|06a0c1|QTR817|0|2369|0|||3|3|0|1|1|132|194|["132,98,5,3855","132,194,5,3497"]|636148141537970000|13:42:33:797
62|1.1|636147898520429785|06a0c1|49358.78125|21.07143466646|99.5208561846|-128137|818946||49358.78125|399.75||39962.5|399.75|49358.78125|06a0c1|QTR817|0|2369|0|||3|3|0|1|1|132|194|["132,98,5,3855","132,194,5,3497"]|636148141587810000|13:42:38:781
62|1.1|636147898570344776|06a0c1|49363.78125|21.07452456662|99.50916713521|-129355|819297||49363.78125|400||39975|400|49363.78125|06a0c1|QTR817|0|2369|0|||3|3|0|1|1|132|98|["132,98,5,3855","132,194,5,3497"]|636148141637810000|13:42:43:781
62|1.1|636147898620279769|06a0c1|49368.78125|21.07760910237|99.49749417905|-130571|819648||49368.78125|400||39968.75|400|49368.78125|06a0c1|QTR817|0|2369|0|||3|3|0|1|1|132|98|["132,98,5,3855","132,194,5,3497"]|636148141687810000|13:42:48:781
62|1.1|636147898670194760|06a0c1|49373.7578125|21.08067754489|99.48592851109|-131776|819997||49373.7578125|400||39975|400|49373.7578125|06a0c1|QTR817|0|2369|0|||3|3|0|1|1|132|98|["132,98,5,3855","132,194,5,3497"]|636148141737580000|13:42:53:758
62|1.1|636147898720109751|06a0c1|49378.7578125|21.08375135182|99.47424482611|-132993|820347||49378.7578125|399.75||39962.5|400|49378.7578125|06a0c1|QTR817|0|2369|0|||3|3|0|1|1|132|98|["132,98,5,3855","132,194,5,3497"]|636148141787580000|13:42:58:758
62|1.1|636147898770034743|06a0c1|49383.7421875|21.08683052316|99.46266306492|-134199|820697||49383.7421875|400||39968.75|400|49383.7421875|06a0c1|QTR817|0|2369|0|||3|3|0|1|1|132|98|["132,98,5,3855","132,194,5,3497"]|636148141837420000|13:43:03:742
62|1.1|636147898819959735|06a0c1|49388.7421875|21.08989360127|99.45099010876|-135415|821046||49388.7421875|400||39975|400|49388.7421875|06a0c1|QTR817|0|2369|0|||3|3|0|1|1|132|98|["132,98,5,3855","132,194,5,3497"]|636148141887420000|13:43:08:742
62|1.1|636147898869884727|06a0c1|49393.7421875|21.09297277261|99.43930642378|-136632|821396||49393.7421875|399.75||39962.5|399.75|49393.7421875|06a0c1|QTR817|0|2369|0|||3|3|0|1|1|132|194|["132,98,5,3855","132,194,5,3497"]|636148141937420000|13:43:13:742
62|1.1|636147898919799718|06a0c1|49398.71875|21.09605194395|99.42762810321|-137848|821747||49398.71875|400||39950|399.75|49398.71875|06a0c1|QTR817|0|2369|0|||3|3|0|1|1|132|194|["132,98,5,3855","132,194,5,3497"]|636148141987190000|13:43:18:719
62|1.1|636147898969724710|06a0c1|49403.71875|21.09911502206|99.41607852848|-139051|822096||49403.71875|399.75||39968.75|399.75|49403.71875|06a0c1|QTR817|0|2369|0|||3|3|0|1|1|132|194|["132,98,5,3855","132,194,5,3497"]|636148142037190000|13:43:23:719
62|1.1|636147899019649702|06a0c1|49408.6953125|21.10212982048|99.40435729263|-140272|822440||49408.6953125|400||39993.75|400|49408.6953125|06a0c1|QTR817|0|2369|0|||3|3|0|1|1|132|194|["132,98,5,3855","132,194,5,3497"]|636148142086950000|13:43:28:695
62|1.1|636147899069564693|06a0c1|49413.6953125|21.10521972064|99.39279162467|-141476|822792||49413.6953125|400||40006.25|400|49413.6953125|06a0c1|QTR817|0|2369|0|||3|3|0|1|1|132|194|["132,98,5,3855","132,194,5,3497"]|636148142136950000|13:43:33:695
62|1.1|636147899119489685|06a0c1|49418.6953125|21.10830425639|99.38101138031|-142703|823144||49418.6953125|400||39987.5|400|49418.6953125|06a0c1|QTR817|0|2369|0|||3|3|0|1|1|132|194|["132,98,5,3855","132,194,5,3497"]|636148142186950000|13:43:38:695
62|1.1|636147899169414677|06a0c1|49423.6796875|21.11140488537|99.36945644117|-143906|823498||49423.6796875|399.75||39981.25|400|49423.6796875|06a0c1|QTR817|0|2369|0|||3|3|0|1|1|132|194|["132,98,5,3855","132,194,5,3497"]|636148142236800000|13:43:43:680
62|1.1|636147899219339669|06a0c1|49428.6796875|21.11452160758|99.35768692563|-145132|823853||49428.6796875|400||39956.25|400|49428.6796875|06a0c1|QTR817|0|2369|0|||3|3|0|1|1|132|194|["132,98,5,3855","132,194,5,3497"]|636148142286800000|13:43:48:680
62|1.1|636147899269254660|06a0c1|49433.65625|21.11761687215|99.34603542711|-146345|824206||49433.65625|399.75||39937.5|399.75|49433.65625|06a0c1|QTR817|0|2369|0|||3|3|0|1|1|132|194|["132,98,5,3855","132,194,5,3497"]|636148142336560000|13:43:53:656
62|1.1|636147899319179652|06a0c1|49438.65625|21.12071213672|99.33446975915|-147549|824559||49438.65625|399.75||39962.5|399.75|49438.65625|06a0c1|QTR817|0|2369|0|||3|3|0|1|1|132|194|["132,98,5,3855","132,194,5,3497"]|636148142386560000|13:43:58:656
62|1.1|636147899369094643|06a0c1|49443.65625|21.12381813011|99.32272170125|-148772|824913||49443.65625|399.75||39950|399.75|49443.65625|06a0c1|QTR817|0|2369|0|||3|3|0|1|1|132|194|["132,98,5,3855","132,194,5,3497"]|636148142436560000|13:44:03:656
62|1.1|636147899419019635|06a0c1|49448.640625|21.12693485232|99.31095218571|-149997|825269||49448.640625|399.75||39943.75|399.75|49448.640625|06a0c1|QTR817|0|2369|0|||3|3|0|1|1|132|98|["132,98,5,3855","132,194,5,3497"]|636148142486410000|13:44:08:641
62|1.1|636147899468944627|06a0c1|49453.640625|21.13006230335|99.29932214483|-151208|825626||49453.640625|400||39925|399.75|49453.640625|06a0c1|QTR817|0|2369|0|||3|3|0|1|1|132|98|["132,98,5,3855","132,194,5,3497"]|636148142536410000|13:44:13:641
62|1.1|636147899518869619|06a0c1|49458.6171875|21.13316829674|99.28762236662|-152426|825981||49458.6171875|400||39912.5|400|49458.6171875|06a0c1|QTR817|0|2369|0|||3|3|0|1|1|132|98|["132,98,5,3855","132,194,5,3497"]|636148142586170000|13:44:18:617
62|1.1|636147899568784610|06a0c1|49463.6171875|21.13626356131|99.27590113077|-153646|826334||49463.6171875|399.75||39918.75|400|49463.6171875|06a0c1|QTR817|0|2369|0|||3|3|0|1|1|132|98|["132,98,5,3855","132,194,5,3497"]|636148142636170000|13:44:23:617
62|1.1|636147899618699601|06a0c1|49468.6171875|21.13934273265|99.26437837809|-154846|826686||49468.6171875|399.75||39956.25|400|49468.6171875|06a0c1|QTR817|0|2369|0|||3|3|0|1|1|132|98|["132,98,5,3855","132,194,5,3497"]|636148142686170000|13:44:28:617
62|1.1|636147899668634594|06a0c1|49473.6015625|21.14238971753|99.25261422696|-156070|827034||49473.6015625|400||39968.75|400|49473.6015625|06a0c1|QTR817|0|2369|0|||3|3|0|1|1|132|98|["132,98,5,3855","132,194,5,3497"]|636148142736020000|13:44:33:602
62|1.1|636147899718549585|06a0c1|49478.6015625|21.14544743123|99.24071596558|-157309|827384||49478.6015625|400||39975|399.75|49478.6015625|06a0c1|QTR817|0|2369|0|||3|3|0|1|1|132|194|["132,98,5,3855","132,194,5,3497"]|636148142786020000|13:44:38:602
62|1.1|636147899768474577|06a0c1|49483.578125|21.14852660257|99.22895717886|-158533|827737||49483.578125|399.75||39956.25|399.75|49483.578125|06a0c1|QTR817|0|2369|0|||3|3|0|1|1|132|194|["132,98,5,3855","132,194,5,3497"]|636148142835780000|13:44:43:578
62|1.1|636147899818389568|06a0c1|49488.578125|21.15168624006|99.21748270587|-159727|828097||49488.578125|400||39956.25|399.75|49488.578125|06a0c1|QTR817|0|2369|0|||3|3|0|1|1|132|194|["132,98,5,3855","132,194,5,3497"]|636148142885780000|13:44:48:578
62|1.1|636147899868314560|06a0c1|49493.578125|21.15479223345|99.20575610561|-160948|828452||49493.578125|400||39943.75|400|49493.578125|06a0c1|QTR817|0|2369|0|||3|3|0|1|1|132|194|["132,98,5,3855","132,194,5,3497"]|636148142935780000|13:44:53:578
62|1.1|636147899918229551|06a0c1|49498.5625|21.15787140479|99.19415825119|-162155|828805||49498.5625|400||39962.5|400|49498.5625|06a0c1|QTR817|0|2369|0|||3|3|0|1|1|132|194|["132,98,5,3855","132,194,5,3497"]|636148142985630000|13:44:58:563
62|1.1|636147899968154543|06a0c1|49503.5625|21.16091838967|99.1823619136|-163383|829154||49503.5625|399.75||39975|399.75|49503.5625|06a0c1|QTR817|0|2369|0|||3|3|0|1|1|132|194|["132,98,5,3855","132,194,5,3497"]|636148143035630000|13:45:03:563
62|1.1|636147900018079535|06a0c1|49508.5390625|21.16398683219|99.17070505067|-164596|829505||49508.5390625|400||39975|400|49508.5390625|06a0c1|QTR817|0|2369|0|||3|3|0|1|1|132|194|["132,98,5,3855","132,194,5,3497"]|636148143085390000|13:45:08:539
62|1.1|636147900067994526|06a0c1|49513.5390625|21.16707136794|99.15896772159|-165817|829858||49513.5390625|400||39975|400|49513.5390625|06a0c1|QTR817|0|2369|0|||3|3|0|1|1|132|194|["132,98,5,3855","132,194,5,3497"]|636148143135390000|13:45:13:539
62|1.1|636147900117919518|06a0c1|49518.5390625|21.17015590369|99.14732158748|-167029|830211||49518.5390625|400||39987.5|400|49518.5390625|06a0c1|QTR817|0|2369|0|||3|3|0|1|1|132|194|["132,98,5,3855","132,194,5,3497"]|636148143185390000|13:45:18:539
62|1.1|636147900167844510|06a0c1|49523.515625|21.17324043944|99.13581492803|-168227|830564||49523.515625|400||40000|400|49523.515625|06a0c1|QTR817|0|2369|0|||3|3|0|1|1|132|194|["132,98,5,3855","132,194,5,3497"]|636148143235160000|13:45:23:516
62|1.1|636147900217769502|06a0c1|49528.515625|21.1763303396|99.12416342951|-169439|830918||49528.515625|400||39993.75|400|49528.515625|06a0c1|QTR817|0|2369|0|||3|3|0|1|1|132|194|["132,98,5,3855","132,194,5,3497"]|636148143285160000|13:45:28:516
62|1.1|636147900267684493|06a0c1|49533.5|21.17944706181|99.11270504975|-170631|831275||49533.5|399.75||39993.75|400|49533.5|06a0c1|QTR817|0|2369|0|||3|3|0|1|1|132|98|["132,98,5,3855","132,194,5,3497"]|636148143335000000|13:45:33:500
62|1.1|636147900317609485|06a0c1|49538.5|21.18255841961|99.1011447462|-171834|831631||49538.5|399.75||39981.25|399.75|49538.5|06a0c1|QTR817|0|2369|0|||3|3|0|1|1|132|98|["132,98,5,3855","132,194,5,3497"]|636148143385000000|13:45:38:500
62|1.1|636147900367534477|06a0c1|49543.5|21.1856107689|99.08947715445|-173048|831981||49543.5|400||39987.5|400|49543.5|06a0c1|QTR817|0|2369|0|||3|3|0|1|1|132|98|["132,98,5,3855","132,194,5,3497"]|636148143435000000|13:45:43:500
62|1.1|636147900417449468|06a0c1|49548.4765625|21.18864166055|99.07795976618|-174246|832329||49548.4765625|400||40018.75|400|49548.4765625|06a0c1|QTR817|0|2369|0|||3|3|0|1|1|132|98|["132,98,5,3855","132,194,5,3497"]|636148143484770000|13:45:48:477
62|1.1|636147900467374460|06a0c1|49553.4765625|21.19172083189|99.06643164909|-175446|832682||49553.4765625|399.75||40025|400|49553.4765625|06a0c1|QTR817|0|2369|0|||3|3|0|1|1|132|98|["132,98,5,3855","132,194,5,3497"]|636148143534770000|13:45:53:477
62|1.1|636147900517299452|06a0c1|49558.4609375|21.19476245236|99.05473187088|-176663|833031||49558.4609375|399.75||40012.5|399.75|49558.4609375|06a0c1|QTR817|0|2369|0|||3|3|0|1|1|132|194|["132,98,5,3855","132,194,5,3497"]|636148143584610000|13:45:58:461
62|1.1|636147900567224444|06a0c1|49563.4609375|21.19777725078|99.0430481859|-177879|833377||49563.4609375|399.75||40025|399.75|49563.4609375|06a0c1|QTR817|0|2369|0|||3|3|0|1|1|132|194|["132,98,5,3855","132,194,5,3497"]|636148143634610000|13:46:03:461
62|1.1|636147900617139435|06a0c1|49568.4609375|21.20086715094|99.03137522974|-179093|833732||49568.4609375|400||40000|400|49568.4609375|06a0c1|QTR817|0|2369|0|||3|3|0|1|1|132|194|["132,98,5,3855","132,194,5,3497"]|636148143684610000|13:46:08:461
62|1.1|636147900667064427|06a0c1|49573.4375|21.20390877141|99.01985247706|-180292|834081||49573.4375|399.75||40012.5|399.75|49573.4375|06a0c1|QTR817|0|2369|0|||3|3|0|1|1|132|194|["132,98,5,3855","132,194,5,3497"]|636148143734380000|13:46:13:438
62|1.1|636147900716979418|06a0c1|49578.4375|21.20691820542|99.00811514798|-181513|834427||49578.4375|399.75||40018.75|399.75|49578.4375|06a0c1|QTR817|0|2369|0|||3|3|0|1|1|132|194|["132,98,5,3855","132,194,5,3497"]|636148143784380000|13:46:18:438
62|1.1|636147900766904410|06a0c1|49583.421875|21.20992763943|98.99645292064|-182726|834772||49583.421875|399.75||40025|399.75|49583.421875|06a0c1|QTR817|0|2369|0|||3|3|0|1|1|132|194|["132,98,5,3855","132,194,5,3497"]|636148143834220000|13:46:23:422
62|1.1|636147900816829402|06a0c1|49588.421875|21.21298535313|98.98486043063|-183932|835124||49588.421875|400||40025|399.75|49588.421875|06a0c1|QTR817|0|2369|0|||3|3|0|1|1|132|194|["132,98,5,3855","132,194,5,3497"]|636148143884220000|13:46:28:422
62|1.1|636147900866754394|06a0c1|49593.421875|21.21604306683|98.9733108559|-185133|835475||49593.421875|400||40031.25|400|49593.421875|06a0c1|QTR817|0|2369|0|||3|3|0|1|1|132|194|["132,98,5,3855","132,194,5,3497"]|636148143934220000|13:46:33:422
62|1.1|636147900916669385|06a0c1|49598.3984375|21.21900422115|98.96143941657|-186368|835816||49598.3984375|400||40018.75|400|49598.3984375|06a0c1|QTR817|0|2369|0|||3|3|0|1|1|132|194|["132,98,5,3855","132,194,5,3497"]|636148143983980000|13:46:38:398
62|1.1|636147900966434361|06a0c1|49603.3984375|21.22208339249|98.9498147401|-187577|836170||49603.3984375|399.75||40000|400|49603.3984375|06a0c1|QTR817|0|2369|0|||3|3|0|1|1|132|194|["132,98,5,3855","132,194,5,3497"]|636148144033980000|13:46:43:398
62|1.1|636147901016509368|06a0c1|49608.375|21.22513037737|98.93824907214|-188780|836520||49608.375|400||40000|400|49608.375|06a0c1|QTR817|0|2369|0|||3|3|0|1|1|132|194|["132,98,5,3855","132,194,5,3497"]|636148144083750000|13:46:48:375
62|1.1|636147901066284345|06a0c1|49613.375|21.22820954871|98.926694133|-189982|836874||49613.375|400||40006.25|400|49613.375|06a0c1|QTR817|0|2369|0|||3|3|0|1|1|132|194|["132,98,5,3855","132,194,5,3497"]|636148144133750000|13:46:53:375
62|1.1|636147901116359352|06a0c1|49618.375|21.231261898|98.91494071069|-191204|837225||49618.375|399.75||40000|400|49618.375|06a0c1|QTR817|0|2369|0|||3|3|0|1|1|132|98|["132,98,5,3855","132,194,5,3497"]|636148144183750000|13:46:58:375
62|1.1|636147901166124328|06a0c1|49623.359375|21.23435716257|98.90339650037|-192405|837581||49623.359375|399.75||39968.75|399.75|49623.359375|06a0c1|QTR817|0|2369|0|||3|3|0|1|1|132|98|["132,98,5,3855","132,194,5,3497"]|636148144233590000|13:47:03:359
62|1.1|636147901216049320|06a0c1|49628.359375|21.23738805422|98.89161625601|-193630|837930||49628.359375|399.75||39950|399.75|49628.359375|06a0c1|QTR817|0|2369|0|||3|3|0|1|1|132|98|["132,98,5,3855","132,194,5,3497"]|636148144283590000|13:47:08:359
62|1.1|636147901265964311|06a0c1|49633.3359375|21.24045649674|98.88002913041|-194835|838283||49633.3359375|399.75||39937.5|400|49633.3359375|06a0c1|QTR817|0|2369|0|||3|3|0|1|1|132|98|["132,98,5,3855","132,194,5,3497"]|636148144333360000|13:47:13:336
62|1.1|636147901315889303|06a0c1|49638.3359375|21.24350348162|98.8683293522|-196051|838634||49638.3359375|399.75||39937.5|399.75|49638.3359375|06a0c1|QTR817|0|2369|0|||3|3|0|1|1|132|194|["132,98,5,3855","132,194,5,3497"]|636148144383360000|13:47:18:336
62|1.1|636147901365804294|06a0c1|49643.3359375|21.24656119532|98.85668321809|-197262|838987||49643.3359375|399.75||39937.5|399.75|49643.3359375|06a0c1|QTR817|0|2369|0|||3|3|0|1|1|132|194|["132,98,5,3855","132,194,5,3497"]|636148144433360000|13:47:23:336
62|1.1|636147901415739287|06a0c1|49648.3203125|21.24961354461|98.84501026193|-198476|839338||49648.3203125|400||39931.25|399.75|49648.3203125|06a0c1|QTR817|0|2369|0|||3|3|0|1|1|132|194|["132,98,5,3855","132,194,5,3497"]|636148144483200000|13:47:28:320
62|1.1|636147901465644277|06a0c1|49653.3203125|21.25263907185|98.83314955142|-199710|839687||49653.3203125|400||39912.5|400|49653.3203125|06a0c1|QTR817|0|2369|0|||3|3|0|1|1|132|194|["132,98,5,3855","132,194,5,3497"]|636148144533200000|13:47:33:320
62|1.1|636147901515569269|06a0c1|49658.296875|21.25570214996|98.82153023936|-200918|840039||49658.296875|400||39918.75|400|49658.296875|06a0c1|QTR817|0|2369|0|||3|3|0|1|1|132|194|["132,98,5,3855","132,194,5,3497"]|636148144582970000|13:47:38:297
62|1.1|636147901565494261|06a0c1|49663.296875|21.25873840602|98.80979827469|-202138|840390||49663.296875|400||39918.75|400|49663.296875|06a0c1|QTR817|0|2369|0|||3|3|0|1|1|132|194|["132,98,5,3855","132,194,5,3497"]|636148144632970000|13:47:43:297
62|1.1|636147901615419253|06a0c1|49668.296875|21.26180148413|98.79813604735|-203350|840743||49668.296875|400||39931.25|400|49668.296875|06a0c1|QTR817|0|2369|0|||3|3|0|1|1|132|194|["132,98,5,3855","132,194,5,3497"]|636148144682970000|13:47:48:297
62|1.1|636147901665334244|06a0c1|49673.28125|21.26483774019|98.78650600647|-204559|841093||49673.28125|400||39950|400|49673.28125|06a0c1|QTR817|0|2369|0|||3|3|0|1|1|132|194|["132,98,5,3855","132,194,5,3497"]|636148144732810000|13:47:53:281
62|1.1|636147901715259236|06a0c1|49678.28125|21.26792227594|98.77484377913|-205771|841448||49678.28125|399.75||39943.75|400|49678.28125|06a0c1|QTR817|0|2369|0|||3|3|0|1|1|132|194|["132,98,5,3855","132,194,5,3497"]|636148144782810000|13:47:58:281
62|1.1|636147901765184228|06a0c1|49683.2578125|21.27104436256|98.76336394173|-206965|841808||49683.2578125|400||39931.25|400|49683.2578125|06a0c1|QTR817|0|2369|0|||3|3|0|1|1|132|194|["132,98,5,3855","132,194,5,3497"]|636148144832580000|13:48:03:258
62|1.1|636147901815099219|06a0c1|49688.2578125|21.27410207626|98.7517070788|-208177|842161||49688.2578125|399.75||39937.5|399.75|49688.2578125|06a0c1|QTR817|0|2369|0|||3|3|0|1|1|132|194|["132,98,5,3855","132,194,5,3497"]|636148144882580000|13:48:08:258
62|1.1|636147901865024211|06a0c1|49693.2578125|21.27713296791|98.74004485146|-209389|842511||49693.2578125|400||39962.5|400|49693.2578125|06a0c1|QTR817|0|2369|0|||3|3|0|1|1|132|194|["132,98,5,3855","132,194,5,3497"]|636148144932580000|13:48:13:258
62|1.1|636147901914949203|06a0c1|49698.2421875|21.28020141043|98.7283718953|-210602|842865||49698.2421875|400||39956.25|400|49698.2421875|06a0c1|QTR817|0|2369|0|||3|3|0|1|1|132|98|["132,98,5,3855","132,194,5,3497"]|636148144982420000|13:48:18:242
62|1.1|636147901964874195|06a0c1|49703.2421875|21.28320548003|98.71659165094|-211827|843213||49703.2421875|399.75||39950|399.75|49703.2421875|06a0c1|QTR817|0|2369|0|||3|3|0|1|1|132|98|["132,98,5,3855","132,194,5,3497"]|636148145032420000|13:48:23:242
62|1.1|636147902014789186|06a0c1|49708.21875|21.28626855814|98.70499379652|-213032|843566||49708.21875|400||39962.5|400|49708.21875|06a0c1|QTR817|0|2369|0|||3|3|0|1|1|132|98|["132,98,5,3855","132,194,5,3497"]|636148145082190000|13:48:28:219
62|1.1|636147902064714178|06a0c1|49713.21875|21.28929408538|98.69326183185|-214252|843916||49713.21875|399.75||39968.75|399.75|49713.21875|06a0c1|QTR817|0|2369|0|||3|3|0|1|1|132|98|["132,98,5,3855","132,194,5,3497"]|636148145132190000|13:48:33:219
62|1.1|636147902114639170|06a0c1|49718.21875|21.29234107026|98.6817015283|-215453|844268||49718.21875|399.75||39993.75|399.75|49718.21875|06a0c1|QTR817|0|2369|0|||3|3|0|1|1|132|194|["132,98,5,3855","132,194,5,3497"]|636148145182190000|13:48:38:219
62|1.1|636147902164564162|06a0c1|49723.1953125|21.29542560601|98.67018950444|-216650|844624||49723.1953125|399.75||40000|400|49723.1953125|06a0c1|QTR817|0|2369|0|||3|3|0|1|1|132|194|["132,98,5,3855","132,194,5,3497"]|636148145231950000|13:48:43:195
62|1.1|636147902214479153|06a0c1|49728.1953125|21.29851550617|98.658473633|-217867|844981||49728.1953125|400||39968.75|400|49728.1953125|06a0c1|QTR817|0|2369|0|||3|3|0|1|1|132|194|["132,98,5,3855","132,194,5,3497"]|636148145281950000|13:48:48:195
62|1.1|636147902264394144|06a0c1|49733.1796875|21.30155712664|98.64684359212|-219076|845333||49733.1796875|400||39981.25|400|49733.1796875|06a0c1|QTR817|0|2369|0|||3|3|0|1|1|132|194|["132,98,5,3855","132,194,5,3497"]|636148145331800000|13:48:53:180
62|1.1|636147902314319136|06a0c1|49738.1796875|21.30474895059|98.63523500888|-220282|845701||49738.1796875|400||39925|400|49738.1796875|06a0c1|QTR817|0|2369|0|||3|3|0|1|1|132|194|["132,98,5,3855","132,194,5,3497"]|636148145381800000|13:48:58:180
62|1.1|636147902364244128|06a0c1|49743.1796875|21.30787640162|98.62344940011|-221507|846063||49743.1796875|400||39868.75|400|49743.1796875|06a0c1|QTR817|0|2369|0|||3|3|0|1|1|132|194|["132,98,5,3855","132,194,5,3497"]|636148145431800000|13:49:03:180
62|1.1|636147902414179121|06a0c1|49748.15625|21.31074636097|98.61142239289|-222757|846396||49748.15625|400||39925|400|49748.15625|06a0c1|QTR817|0|2369|0|||3|3|0|1|1|132|194|["132,98,5,3855","132,194,5,3497"]|636148145481560000|13:49:08:156
62|1.1|636147902464094112|06a0c1|49753.15625|21.31386844759|98.59971725027|-223973|846757||49753.15625|399.75||39893.75|400|49753.15625|06a0c1|QTR817|0|2369|0|||3|3|0|1|1|132|194|["132,98,5,3855","132,194,5,3497"]|636148145531560000|13:49:13:156
62|1.1|636147902514009103|06a0c1|49758.140625|21.31692079688|98.58813012467|-225177|847110||49758.140625|399.75||39900|399.75|49758.140625|06a0c1|QTR817|0|2369|0|||3|3|0|1|1|132|98|["132,98,5,3855","132,194,5,3497"]|636148145581410000|13:49:18:141
62|1.1|636147902563924094|06a0c1|49763.140625|21.31991413766|98.57619431242|-226417|847457||49763.140625|400||39962.5|400|49763.140625|06a0c1|QTR817|0|2369|0|||3|3|0|1|1|132|194|["132,98,5,3855","132,194,5,3497"]|636148145631410000|13:49:23:141
62|1.1|636147902613859087|06a0c1|49768.140625|21.32292357167|98.56433360191|-227650|847806||49768.140625|399.75||39950|399.75|49768.140625|06a0c1|QTR817|0|2369|0|||3|3|0|1|1|132|98|["132,98,5,3855","132,194,5,3497"]|636148145681410000|13:49:28:141
62|1.1|636147902663774078|06a0c1|49773.1171875|21.32585253953|98.55238169643|-228892|848147||49773.1171875|399.75||40000|399.75|49773.1171875|06a0c1|QTR817|0|2369|0|||3|3|0|1|1|132|194|["132,98,5,3855","132,194,5,3497"]|636148145731170000|13:49:33:117
62|1.1|636147902713689069|06a0c1|49778.1171875|21.3286259395|98.54023667219|-230154|848470||49778.1171875|399.75||40100|399.75|49778.1171875|06a0c1|QTR817|0|2369|0|||3|3|0|1|1|132|194|["132,98,5,3855","132,194,5,3497"]|636148145781170000|13:49:38:117
62|1.1|636147902763614061|06a0c1|49783.1015625|21.33151199208|98.52807555472|-231418|848805||49783.1015625|400||40106.25|400.25|49783.1015625|06a0c1|QTR817|0|2369|0|||3|3|0|1|1|132|98|["132,98,5,3855","132,194,5,3497"]|636148145831020000|13:49:43:102
62|1.1|636147902813539053|06a0c1|49788.1015625|21.33455361255|98.51619875098|-232652|849159||49788.1015625|399.75||40075|399.75|49788.1015625|06a0c1|QTR817|0|2369|0|||3|3|0|1|1|132|98|["132,98,5,3855","132,194,5,3497"]|636148145881020000|13:49:48:102
62|1.1|636147902863464045|06a0c1|49793.1015625|21.33738602103|98.5041395573|-233905|849488||49793.1015625|400||40125|400.25|49793.1015625|06a0c1|QTR817|0|2369|0|||3|3|0|1|1|132|98|["132,98,5,3855","132,194,5,3497"]|636148145931020000|13:49:53:102
62|1.1|636147902913379036|06a0c1|49798.078125|21.3405885738|98.49271872841|-235091|849858||49798.078125|399.75||40043.75|400|49798.078125|06a0c1|QTR817|0|2369|0|||3|3|0|1|1|132|194|["132,98,5,3855","132,194,5,3497"]|636148145980780000|13:49:58:078
62|1.1|636147902963304028|06a0c1|49803.078125|21.34349071961|98.48081510262|-236328|850196||49803.078125|400||40062.5|399.75|49803.078125|06a0c1|QTR817|0|2369|0|||3|3|0|1|1|132|194|["132,98,5,3855","132,194,5,3497"]|636148146030780000|13:50:03:078
62|1.1|636147903013219019|06a0c1|49808.0625|21.34642505188|98.46901876503|-237554|850538||49808.0625|399.75||40056.25|399.75|49808.0625|06a0c1|QTR817|0|2369|0|||3|3|0|1|1|132|194|["132,98,5,3855","132,194,5,3497"]|636148146080630000|13:50:08:063
62|1.1|636147903063144011|06a0c1|49813.0625|21.34952031645|98.45727607154|-238773|850896||49813.0625|400||40031.25|400|49813.0625|06a0c1|QTR817|0|2369|0|||3|3|0|1|1|132|98|["132,98,5,3855","132,194,5,3497"]|636148146130630000|13:50:13:063
62|1.1|636147903113079004|06a0c1|49818.0625|21.35259948779|98.44567821712|-239978|851254||49818.0625|400||40025|400|49818.0625|06a0c1|QTR817|0|2369|0|||3|3|0|1|1|132|194|["132,98,5,3855","132,194,5,3497"]|636148146180630000|13:50:18:063
62|1.1|636147903162983994|06a0c1|49823.0390625|21.35564647267|98.43399989655|-241191|851608||49823.0390625|400||40000|400|49823.0390625|06a0c1|QTR817|0|2369|0|||3|3|0|1|1|132|98|["132,98,5,3855","132,194,5,3497"]|636148146230390000|13:50:23:039
62|1.1|636147903212908986|06a0c1|49828.0390625|21.35872564401|98.4222786607|-242408|851965||49828.0390625|400||39981.25|400|49828.0390625|06a0c1|QTR817|0|2369|0|||3|3|0|1|1|132|98|["132,98,5,3855","132,194,5,3497"]|636148146280390000|13:50:28:039
62|1.1|636147903262833978|06a0c1|49833.015625|21.36179408653|98.41062179777|-243619|852321||49833.015625|399.75||39993.75|399.75|49833.015625|06a0c1|QTR817|0|2369|0|||3|3|0|1|1|132|194|["132,98,5,3855","132,194,5,3497"]|636148146330160000|13:50:33:016
62|1.1|636147903312758970|06a0c1|49838.015625|21.36484643582|98.39896493484|-244829|852676||49838.015625|400||39981.25|400|49838.015625|06a0c1|QTR817|0|2369|0|||3|3|0|1|1|132|98|["132,98,5,3855","132,194,5,3497"]|636148146380160000|13:50:38:016
62|1.1|636147903362673961|06a0c1|49843.015625|21.3678934207|98.38723297017|-246048|853030||49843.015625|400||39987.5|400|49843.015625|06a0c1|QTR817|0|2369|0|||3|3|0|1|1|132|98|["132,98,5,3855","132,194,5,3497"]|636148146430160000|13:50:43:016
62|1.1|636147903412598953|06a0c1|49848|21.37094040558|98.37558147165|-247258|853384||49848|399.75||39981.25|399.75|49848|06a0c1|QTR817|0|2369|0|||3|3|0|1|1|132|98|["132,98,5,3855","132,194,5,3497"]|636148146480000000|13:50:48:000
62|1.1|636147903462523945|06a0c1|49853|21.37401421251|98.36408554102|-248452|853741||49853|399.75||39993.75|399.75|49853|06a0c1|QTR817|0|2369|0|||3|3|0|1|1|132|194|["132,98,5,3855","132,194,5,3497"]|636148146530000000|13:50:53:000
62|1.1|636147903512438936|06a0c1|49857.9765625|21.37699682447|98.35246086455|-249659|854088||49857.9765625|399.75||40000|399.75|49857.9765625|06a0c1|QTR817|0|2369|0|||3|3|0|1|1|132|98|["132,98,5,3855","132,194,5,3497"]|636148146579770000|13:50:57:977
62|1.1|636147903562373929|06a0c1|49862.9765625|21.38003844494|98.34069671342|-250880|854442||49862.9765625|399.75||39987.5|399.75|49862.9765625|06a0c1|QTR817|0|2369|0|||3|3|0|1|1|132|98|["132,98,5,3855","132,194,5,3497"]|636148146629770000|13:51:02:977
62|1.1|636147903612288920|06a0c1|49867.9765625|21.38319271802|98.32909349459|-252085|854808||49867.9765625|400||40012.5|400|49867.9765625|06a0c1|QTR817|0|2369|0|||3|3|0|1|1|132|98|["132,98,5,3855","132,194,5,3497"]|636148146679770000|13:51:07:977
62|1.1|636147903662203911|06a0c1|49872.9609375|21.3862397029|98.31749564017|-253289|855163||49872.9609375|400||40025|400|49872.9609375|06a0c1|QTR817|0|2369|0|||3|3|0|1|1|132|98|["132,98,5,3855","132,194,5,3497"]|636148146729610000|13:51:12:961
62|1.1|636147903712128903|06a0c1|49877.9609375|21.3892974166|98.30584950606|-254498|855519||49877.9609375|399.75||40037.5|399.75|49877.9609375|06a0c1|QTR817|0|2369|0|||3|3|0|1|1|132|98|["132,98,5,3855","132,194,5,3497"]|636148146779610000|13:51:17:961
62|1.1|636147903762053895|06a0c1|49882.9375|21.39232294384|98.29414972785|-255713|855871||49882.9375|400||40043.75|400|49882.9375|06a0c1|QTR817|0|2369|0|||3|3|0|1|1|132|98|["132,98,5,3855"]|636148146829380000|13:51:22:938
62|1.1|636147903811978887|06a0c1|49887.9375|21.39541820841|98.28262161076|-256910|856231||49887.9375|400||40062.5|400|49887.9375|06a0c1|QTR817|0|2369|0|||3|3|0|1|1|132|98|["132,98,5,3855"]|636148146879380000|13:51:27:938
62|1.1|636147903861903879|06a0c1|49892.9375|21.39843837124|98.27083063758|-258134|856583||49892.9375|400||40068.75|400|49892.9375|06a0c1|QTR817|0|2369|0|||3|3|0|1|1|132|98|["132,98,5,3855"]|636148146929380000|13:51:32:938
62|1.1|636147903911818870|06a0c1|49897.921875|21.40145316966|98.2590396644|-259359|856934||49897.921875|400||40068.75|400|49897.921875|06a0c1|QTR817|0|2369|0|||3|3|0|1|1|132|98|["132,98,5,3855"]|636148146979220000|13:51:37:922
62|1.1|636147903961733861|06a0c1|49902.921875|21.40448942572|98.24725405563|-260582|857288||49902.921875|400||40062.5|400|49902.921875|06a0c1|QTR817|0|2369|0|||3|3|0|1|1|132|98|["132,98,5,3855"]|636148147029220000|13:51:42:922
62|1.1|636147904011658853|06a0c1|49907.8984375|21.40750422414|98.23554891301|-261797|857640||49907.8984375|400||40068.75|400|49907.8984375|06a0c1|QTR817|0|2369|0|||3|3|0|1|1|132|98|["132,98,5,3855"]|636148147078980000|13:51:47:898
62|1.1|636147904061583845|06a0c1|49912.8984375|21.41051902256|98.22383304157|-263013|857992||49912.8984375|400||40093.75|400|49912.8984375|06a0c1|QTR817|0|2369|0|||3|3|0|1|1|132|98|["132,98,5,3855"]|636148147128980000|13:51:52:898
62|1.1|636147904111498836|06a0c1|49917.8984375|21.41358210067|98.21221909392|-264219|858348||49917.8984375|400||40106.25|400|49917.8984375|06a0c1|QTR817|0|2369|0|||3|3|0|1|1|132|98|["132,98,5,3855"]|636148147178980000|13:51:57:898
62|1.1|636147904161423828|06a0c1|49922.875|21.41655934822|98.20039593428|-265447|858696||49922.875|400||40100|400|49922.875|06a0c1|QTR817|0|2369|0|||3|3|0|1|1|132|98|["132,98,5,3855"]|636148147228750000|13:52:02:875
62|1.1|636147904211348820|06a0c1|49927.875|21.41964388397|98.18885172396|-266645|859056||49927.875|400||40100|400|49927.875|06a0c1|QTR817|0|2369|0|||3|3|0|1|1|132|98|["132,98,5,3855"]|636148147278750000|13:52:07:875
62|1.1|636147904261283813|06a0c1|49932.859375|21.42263186034|98.1772324119|-267851|859404||49932.859375|400||40112.5|400|49932.859375|06a0c1|QTR817|0|2369|0|||3|3|0|1|1|132|98|["132,98,5,3855"]|636148147328590000|13:52:12:859
62|1.1|636147904311188803|06a0c1|49937.859375|21.4256144723|98.16555945574|-269062|859753||49937.859375|400||40125|400|49937.859375|06a0c1|QTR817|0|2369|0|||3|3|0|1|1|132|98|[]|636148147378590000|13:52:17:859
62|1.1|636147904361113795|06a0c1|49942.859375|21.42859171985|98.15389186399|-270273|860101||49942.859375|400||40137.5|400|49942.859375|06a0c1|QTR817|0|2369|0|||3|3|0|1|1|132|98|[]|636148147428590000|13:52:22:859
62|1.1|636147904411028786|X|49947.8359375||||||||||||X|X|X|2369|||||||1|1|0|0|[]|636148147478360000|13:52:27:836
