62|1.1|636147906747992459|06a13c|50173.21875|13.66221349825|100.75310944129|472|-2612||50173.21875|7||431.25|2|50173.21875|06a13c|QTR835|X|2205|1887.5|||3|3|3|1|1|132|5|[]|636148149732190000|13:56:13:219
62|1.1|636147906794797139|06a13c|50186.21875|13.65122718657|100.75025021076|162|-3828||50186.21875|8.75||875|6.75|50186.21875|06a13c|QTR835|0|2205|1987.5|||3|3|1|1|1|132|5|["132,18,5,3788"]|636148149862190000|13:56:26:219
62|1.1|636147906844742133|06a13c|50191.1953125|13.64743991311|100.74919342199|48|-4246||50191.1953125|10.5||1062.5|8.5|50191.1953125|06a13c|QTR835|0|2205|2050|||3|3|1|1|1|132|5|["132,18,5,3788"]|636148149911950000|13:56:31:195
62|1.1|636147906894637122|06a13c|50196.1953125|13.64283724933|100.74783086185|-99|-4756||50196.1953125|12.75||1337.5|11.25|50196.1953125|06a13c|QTR835|0|2205|2518.75|||3|3|1|1|1|132|5|["132,18,5,3788"]|636148149961950000|13:56:36:195
62|1.1|636147906944562114|06a13c|50201.1796875|13.63842770431|100.74661850519|-231|-5244||50201.1796875|14.5||1575|14.25|50201.1796875|06a13c|QTR835|0|2205|2856.25|||3|3|1|1|1|132|5|["132,18,5,3788"]|636148150011800000|13:56:41:180
62|1.1|636147906994487106|06a13c|50206.1796875|13.63399133724|100.74547052145|-355|-5734||50206.1796875|16.5||1825|16.25|50206.1796875|06a13c|QTR835|0|2205|2912.5|||3|3|1|1|1|132|5|["132,18,5,3788"]|636148150061800000|13:56:46:180
62|1.1|636147907044422099|06a13c|50211.1796875|13.6297856398|100.74439763945|-471|-6200||50211.1796875|20||2025|18.25|50211.1796875|06a13c|QTR835|0|2205|2556.25|||3|3|1|1|1|132|5|["132,18,5,3788"]|636148150111800000|13:56:51:180
62|1.1|636147907094337090|06a13c|50216.15625|13.62560676441|100.74337840155|-581|-6662||50216.15625|21.5||2187.5|19.75|50216.15625|06a13c|QTR835|0|2205|2362.5|||3|3|1|1|1|132|5|["132,18,5,3788"]|636148150161560000|13:56:56:156
62|1.1|636147907144262082|06a13c|50221.15625|13.62175511803|100.7423859857|-688|-7088||50221.15625|22.75||2306.25|21.25|50221.15625|06a13c|QTR835|0|2205|2068.75|||3|3|1|1|1|132|5|["132,18,5,3788"]|636148150211560000|13:57:01:156
62|1.1|636147907194177073|06a13c|50226.140625|13.61763525115|100.74135601898|-800|-7544||50226.140625|24||2450|22.5|50226.140625|06a13c|QTR835|0|2205|1912.5|||3|3|1|1|1|132|5|["132,18,5,3788"]|636148150261410000|13:57:06:141
62|1.1|636147907244092064|06a13c|50231.140625|13.61311305352|100.74022949288|-922|-8044||50231.140625|25.25||2606.25|24.25|50231.140625|06a13c|QTR835|0|2205|1850|||3|3|1|1|1|132|5|["132,18,5,3788"]|636148150311410000|13:57:11:141
62|1.1|636147907294017056|06a13c|50236.140625|13.60888589844|100.73916197529|-1037|-8512||50236.140625|26.25||2712.5|25.25|50236.140625|06a13c|QTR835|0|2205|1656.25|||3|3|1|1|1|132|5|["132,18,5,3788"]|636148150361410000|13:57:16:141
62|1.1|636147907343962050|06a13c|50241.1171875|13.6040901159|100.73797644068|-1166|-9043||50241.1171875|28.5||2843.75|26.5|50241.1171875|06a13c|QTR835|0|2205|1556.25|||3|3|1|1|1|132|5|["132,18,5,3788"]|636148150411170000|13:57:21:117
62|1.1|636147907393857039|06a13c|50246.1171875|13.59938016392|100.73679627048|-1294|-9564||50246.1171875|29.5||2975|27.75|50246.1171875|06a13c|QTR835|0|2205|1556.25|||3|3|1|1|1|132|5|["132,18,5,3788"]|636148150461170000|13:57:26:117
62|1.1|636147907443782031|06a13c|50251.1015625|13.59478822896|100.73561073587|-1422|-10072||50251.1015625|30.5||3100|29.25|50251.1015625|06a13c|QTR835|0|2205|1537.5|||3|3|1|1|1|132|5|["132,18,5,3788"]|636148150511020000|13:57:31:102
62|1.1|636147907493697022|06a13c|50256.1015625|13.59027139574|100.73443056567|-1550|-10571||50256.1015625|31.5||3225|30.25|50256.1015625|06a13c|QTR835|0|2205|1537.5|||3|3|1|1|1|132|5|["132,18,5,3788"]|636148150561020000|13:57:36:102
62|1.1|636147907543622014|06a13c|50261.1015625|13.58609252035|100.73318602255|-1684|-11034||50261.1015625|32.5||3325|31.5|50261.1015625|06a13c|QTR835|0|2205|1493.75|||3|3|1|1|1|132|5|["132,18,5,3788"]|636148150611020000|13:57:41:102
62|1.1|636147907593547006|06a13c|50266.078125|13.5815595939|100.73057355488|-1967|-11535||50266.078125|34.5||3456.25|32.5|50266.078125|06a13c|QTR835|0|2205|1437.5|||3|3|1|1|1|132|5|["132,18,5,3788"]|636148150660780000|13:57:46:078
62|1.1|636147907643471998|06a13c|50271.078125|13.57799226125|100.72792890075|-2253|-11930||50271.078125|35||3525|33.5|50271.078125|06a13c|QTR835|0|2205|1356.25|||3|3|1|1|1|132|5|["132,18,5,3788"]|636148150710780000|13:57:51:078
62|1.1|636147907693386989|06a13c|50276.0625|13.57408160636|100.72548272979|-2518|-12363||50276.0625|35||3618.75|34.5|50276.0625|06a13c|QTR835|0|2205|1356.25|||3|3|1|1|1|132|18|["132,18,5,3788"]|636148150760630000|13:57:56:063
62|1.1|636147907743311981|06a13c|50281.0625|13.5706698416|100.72085324396|-3019|-12740||50281.0625|36||3637.5|34.5|50281.0625|06a13c|QTR835|0|2205|825|||3|3|1|1|1|132|5|["132,18,5,3788"]|636148150810630000|13:58:01:063
62|1.1|636147907793236973|06a13c|50286.0625|13.56698985634|100.71682993646|-3455|-13147||50286.0625|36.5||3687.5|34.75|50286.0625|06a13c|QTR835|0|2205|631.25|||3|3|1|1|1|132|5|["132,18,5,3788"]|636148150860630000|13:58:06:063
62|1.1|636147907843161965|06a13c|50291.0390625|13.56352444748|100.71316068002|-3852|-13530||50291.0390625|37||3731.25|35.25|50291.0390625|06a13c|QTR835|0|2205|587.5|||3|3|1|1|1|132|5|["132,18,5,3788"]|636148150910390000|13:58:11:039
62|1.1|636147907893076956|06a13c|50296.0390625|13.55938848737|100.7091266437|-4289|-13988||50296.0390625|37.5||3787.5|35.75|50296.0390625|06a13c|QTR835|0|2205|587.5|||3|3|1|1|1|132|18|["132,18,5,3788"]|636148150960390000|13:58:16:039
62|1.1|636147907942991947|06a13c|50301.015625|13.5552739849|100.70493703949|-4742|-14443||50301.015625|38||3850|36.25|50301.015625|06a13c|QTR835|0|2205|650|||3|3|1|1|1|132|18|["132,18,5,3788"]|636148151010160000|13:58:21:016
62|1.1|636147907992916939|06a13c|50306.015625|13.55059085497|100.69993204496|-5284|-14961||50306.015625|39.25||3918.75|37.25|50306.015625|06a13c|QTR835|0|2205|687.5|||3|3|1|1|1|132|5|["132,18,5,3788"]|636148151060160000|13:58:26:016
62|1.1|636147908042841931|06a13c|50311.015625|13.54687331884|100.69589264423|-5721|-15372||50311.015625|40.75||4056.25|38.75|50311.015625|06a13c|QTR835|0|2205|687.5|||3|3|1|1|1|132|5|["132,18,5,3788"]|636148151110160000|13:58:31:016
62|1.1|636147908092766923|06a13c|50316|13.54314505389|100.69186397232|-6157|-15785||50316|42.5||4237.5|40.5|50316|06a13c|QTR835|0|2205|868.75|||3|3|1|1|1|132|5|["132,18,5,3788"]|636148151160000000|13:58:36:000
62|1.1|636147908142681914|06a13c|50321|13.53935241602|100.68779238513|-6598|-16204||50321|44.5||4456.25|42.75|50321|06a13c|QTR835|0|2205|1518.75|||3|3|1|1|1|132|5|["132,18,5,3788"]|636148151210000000|13:58:41:000
62|1.1|636147908192606906|06a13c|50325.9765625|13.53509307448|100.68314144166|-7102|-16675||50325.9765625|46.25||4718.75|45.5|50325.9765625|06a13c|QTR835|0|2205|2556.25|||3|3|1|1|1|132|5|["132,18,5,3788"]|636148151259770000|13:58:45:977
62|1.1|636147908242531898|06a13c|50330.9765625|13.53131652984|100.67890892217|-7560|-17093||50330.9765625|47.75||4893.75|47.25|50330.9765625|06a13c|QTR835|0|2205|2325|||3|3|1|1|1|132|5|["132,18,5,3788"]|636148151309770000|13:58:50:977
62|1.1|636147908292456890|06a13c|50335.9765625|13.52769018868|100.67327092726|-8170|-17494||50335.9765625|50.5||5068.75|48.25|50335.9765625|06a13c|QTR835|0|2205|2006.25|||3|3|1|1|1|132|5|["132,18,5,3788"]|636148151359770000|13:58:55:977
62|1.1|636147908342371881|06a13c|50340.9609375|13.52578045872|100.66886674665|-8647|-17705||50340.9609375|52||5206.25|50.25|50340.9609375|06a13c|QTR835|0|2205|1987.5|||3|3|1|1|1|132|5|["132,18,5,3788"]|636148151409610000|13:59:00:961
62|1.1|636147908392286872|06a13c|50345.9609375|13.52425160187|100.66246700552|-9340|-17874||50345.9609375|53.25||5381.25|51.75|50345.9609375|06a13c|QTR835|0|2205|2050|||3|3|1|1|1|132|5|["132,18,5,3788"]|636148151459610000|13:59:05:961
62|1.1|636147908442221865|06a13c|50350.9375|13.52377953379|100.65658761216|-9977|-17926||50350.9375|54.5||5512.5|53.5|50350.9375|06a13c|QTR835|0|2205|2068.75|||3|3|1|1|1|132|5|["132,18,5,3788"]|636148151509380000|13:59:10:938
62|1.1|636147908492136856|06a13c|50355.9375|13.52420332218|100.6500644896|-10683|-17879||50355.9375|55.75||5662.5|55.25|50355.9375|06a13c|QTR835|0|2205|1987.5|||3|3|1|1|1|132|5|["132,18,5,3788"]|636148151559380000|13:59:15:938
62|1.1|636147908542061848|06a13c|50360.9375|13.52547468735|100.64380958754|-11360|-17738||50360.9375|56.5||5793.75|56.5|50360.9375|06a13c|QTR835|0|2205|1931.25|||3|3|1|1|1|132|18|["132,18,5,3788"]|636148151609380000|13:59:20:938
62|1.1|636147908591826824|06a13c|50365.921875|13.52734150203|100.6376190584|-12030|-17531||50365.921875|58.25||5843.75|56.5|50365.921875|06a13c|QTR835|0|2205|1262.5|||3|3|1|1|1|132|5|["132,18,5,3788"]|636148151659220000|13:59:25:922
62|1.1|636147908641901831|06a13c|50370.921875|13.5287201554|100.6319864279|-12640|-17378||50370.921875|59||5918.75|57.25|50370.921875|06a13c|QTR835|0|2205|906.25|||3|3|1|1|1|132|5|["132,18,5,3788"]|636148151709220000|13:59:30:922
62|1.1|636147908691826823|06a13c|50375.8984375|13.53017391051|100.62628406007|-13257|-17217||50375.8984375|59.5||5981.25|57.75|50375.8984375|06a13c|QTR835|0|2205|843.75|||3|3|1|1|1|132|5|["132,18,5,3788"]|636148151758980000|13:59:35:898
62|1.1|636147908741741814|06a13c|50380.8984375|13.53161157239|100.61992186981|-13945|-17058||50380.8984375|60.25||6068.75|58.5|50380.8984375|06a13c|QTR835|0|2205|887.5|||3|3|1|1|1|132|5|["132,18,5,3788"]|636148151808980000|13:59:40:898
62|1.1|636147908791506790|06a13c|50385.8984375|13.53324235303|100.61318953526|-14674|-16877||50385.8984375|60.75||6131.25|59.25|50385.8984375|06a13c|QTR835|0|2205|887.5|||3|3|1|1|1|132|18|["132,18,5,3788"]|636148151858980000|13:59:45:898
62|1.1|636147908841431782|06a13c|50390.875|13.5351038033|100.60619434462|-15431|-16670||50390.875|63||6275|60.5|50390.875|06a13c|QTR835|0|2205|1025|||3|3|1|1|1|132|5|["132,18,5,3788"]|636148151908750000|13:59:50:875
62|1.1|636147908891346773|06a13c|50395.875|13.53658974487|100.60100159574|-15993|-16506||50395.875|64.25||6406.25|62.25|50395.875|06a13c|QTR835|0|2205|1518.75|||3|3|1|1|1|132|5|["132,18,5,3788"]|636148151958750000|13:59:55:875
62|1.1|636147908941281766|06a13c|50400.859375|13.538697958|100.59482179542|-16662|-16272||50400.859375|65.25||6550|63.5|50400.859375|06a13c|QTR835|0|2205|1631.25|||3|3|1|1|1|132|5|["132,18,5,3788"]|636148152008590000|14:00:00:859
62|1.1|636147908991196757|06a13c|50405.859375|13.54175030729|100.58894240206|-17298|-15934||50405.859375|66||6681.25|65.25|50405.859375|06a13c|QTR835|0|2205|1656.25|||3|3|1|1|1|132|18|["132,18,5,3788"]|636148152058590000|14:00:05:859
62|1.1|636147909041121749|06a13c|50410.859375|13.54863820973|100.58341705976|-17896|-15172||50410.859375|68.5||6856.25|66.75|50410.859375|06a13c|QTR835|0|2205|1793.75|||3|3|1|1|1|132|5|["132,18,5,3788"]|636148152108590000|14:00:10:859
62|1.1|636147909091036740|06a13c|50415.8359375|13.55373976364|100.57957077779|-18312|-14607||50415.8359375|70||7006.25|68.25|50415.8359375|06a13c|QTR835|0|2205|1831.25|||3|3|1|1|1|132|5|["132,18,5,3788"]|636148152158360000|14:00:15:836
62|1.1|636147909140961732|06a13c|50420.8359375|13.56006976744|100.57628239446|-18667|-13906||50420.8359375|72||7200|70.25|50420.8359375|06a13c|QTR835|0|2205|1968.75|||3|3|1|1|1|132|5|["132,18,5,3788"]|636148152208360000|14:00:20:836
62|1.1|636147909190896725|06a13c|50425.8203125|13.56649096621|100.57376648617|-18939|-13196||50425.8203125|73.25||7368.75|71.75|50425.8203125|06a13c|QTR835|0|2205|2050|||3|3|1|1|1|132|5|["132,18,5,3788"]|636148152258200000|14:00:25:820
62|1.1|636147909240821717|06a13c|50430.8203125|13.57275659709|100.57196940882|-19133|-12503||50430.8203125|74.75||7525|73.25|50430.8203125|06a13c|QTR835|0|2205|1987.5|||3|3|1|1|1|132|5|["132,18,5,3788"]|636148152308200000|14:00:30:820
62|1.1|636147909290726707|06a13c|50435.8203125|13.57951038928|100.57092871328|-19245|-11755||50435.8203125|76.25||7706.25|75.25|50435.8203125|06a13c|QTR835|0|2205|1987.5|||3|3|1|1|1|132|5|["132,18,5,3788"]|636148152358200000|14:00:35:820
62|1.1|636147909340651699|06a13c|50440.796875|13.58640902054|100.57094480651|-19243|-10992||50440.796875|77.5||7881.25|76.75|50440.796875|06a13c|QTR835|0|2205|2025|||3|3|1|1|1|132|18|["132,18,5,3788"]|636148152407970000|14:00:40:797
62|1.1|636147909390576691|06a13c|50445.796875|13.59256199881|100.57117011173|-19218|-10311||50445.796875|79.25||8031.25|78.25|50445.796875|06a13c|QTR835|0|2205|1987.5|||3|3|1|1|1|132|18|["132,18,5,3788"]|636148152457970000|14:00:45:797
62|1.1|636147909440501683|06a13c|50450.78125|13.59951963858|100.57170118832|-19160|-9541||50450.78125|82.5||8243.75|80.5|50450.78125|06a13c|QTR835|0|2205|2262.5|||3|3|1|1|1|132|5|["132,18,5,3788"]|636148152507810000|14:00:50:781
62|1.1|636147909490416674|06a13c|50455.78125|13.60588719325|100.57185675621|-19142|-8837||50455.78125|84||8412.5|82.25|50455.78125|06a13c|QTR835|0|2205|2262.5|||3|3|1|1|1|132|5|["132,18,5,3788"]|636148152557810000|14:00:55:781
62|1.1|636147909540341666|06a13c|50460.78125|13.61318815526|100.57202841733|-19123|-8029||50460.78125|85.5||8606.25|84.25|50460.78125|06a13c|QTR835|0|2205|2206.25|||3|3|1|1|1|132|5|["132,18,5,3788"]|636148152607810000|14:01:00:781
62|1.1|636147909590256657|06a13c|50465.7578125|13.62026381205|100.57225372255|-19098|-7246||50465.7578125|86.75||8775|85.75|50465.7578125|06a13c|QTR835|0|2205|2087.5|||3|3|1|1|1|132|5|["132,18,5,3788"]|636148152657580000|14:01:05:758
62|1.1|636147909640191650|06a13c|50470.7578125|13.62632559535|100.57250048541|-19071|-6576||50470.7578125|87.75||8893.75|87.25|50470.7578125|06a13c|QTR835|0|2205|1950|||3|3|1|1|1|132|18|["132,18,5,3788"]|636148152707580000|14:01:10:758
62|1.1|636147909690096640|06a13c|50475.7421875|13.63349244711|100.57275261268|-19043|-5783||50475.7421875|89.5||9056.25|88.5|50475.7421875|06a13c|QTR835|0|2205|1912.5|||3|3|1|1|1|132|18|["132,18,5,3788"]|636148152757420000|14:01:15:742
62|1.1|636147909740021632|06a13c|50480.7421875|13.63966688302|100.57304765523|-19011|-5099||50480.7421875|91||9200|90.25|50480.7421875|06a13c|QTR835|0|2205|1868.75|||3|3|1|1|1|132|18|["132,18,5,3788"]|636148152807420000|14:01:20:742
62|1.1|636147909789946624|06a13c|50485.7421875|13.64705904|100.57334806219|-18978|-4282||50485.7421875|92.75||9368.75|91.5|50485.7421875|06a13c|QTR835|0|2205|1868.75|||3|3|1|1|1|132|18|["132,18,5,3788"]|636148152857420000|14:01:25:742
62|1.1|636147909839861615|06a13c|50490.71875|13.65432245114|100.57368065561|-18941|-3479||50490.71875|95||9543.75|93.5|50490.71875|06a13c|QTR835|0|2205|1931.25|||3|3|1|1|1|132|5|["132,18,5,3788"]|636148152907190000|14:01:30:719
62|1.1|636147909889806609|06a13c|50495.71875|13.66150539613|100.57400788462|-18905|-2684||50495.71875|96.5||9725|95.25|50495.71875|06a13c|QTR835|0|2205|2006.25|||3|3|1|1|1|132|5|["132,18,5,3788"]|636148152957190000|14:01:35:719
62|1.1|636147909939711599|06a13c|50500.6953125|13.66753499297|100.57434047804|-18869|-2016||50500.6953125|98||9868.75|96.75|50500.6953125|06a13c|QTR835|0|2205|1987.5|||3|3|1|1|1|132|5|["132,18,5,3788"]|636148153006950000|14:01:40:695
62|1.1|636147909989626590|06a13c|50505.6953125|13.67425123429|100.57459260531|-18841|-1274||50505.6953125|99.25||10031.25|98.5|50505.6953125|06a13c|QTR835|0|2205|1987.5|||3|3|1|1|1|132|18|["132,18,5,3788"]|636148153056950000|14:01:45:695
62|1.1|636147910039551582|06a13c|50510.6953125|13.68091919592|100.5748554614|-18812|-536||50510.6953125|100.75||10193.75|100.25|50510.6953125|06a13c|QTR835|0|2205|1950|||3|3|1|1|1|132|18|["132,18,5,3788"]|636148153106950000|14:01:50:695
62|1.1|636147910092596886|06a13c|50516|13.68919648055|100.57527388538|-18766|380||50516|103.5||10356.25|101.25|50516|06a13c|QTR835|0|2205|1812.5|||3|3|1|1|1|132|5|["132,18,5,3788"]|636148153160000000|14:01:56:000
62|1.1|636147910142531879|06a13c|50520.9765625|13.69481838223|100.5754991906|-18741|1002||50520.9765625|103.75||10481.25|102.75|50520.9765625|06a13c|QTR835|0|2205|1812.5|||3|3|1|1|1|132|18|["132,18,5,3788"]|636148153209770000|14:02:00:977
62|1.1|636147910192436869|06a13c|50525.9765625|13.70288109046|100.5758210552|-18706|1894||50525.9765625|105.25||10550|103.25|50525.9765625|06a13c|QTR835|0|2205|1300|||3|3|1|1|1|132|5|["132,18,5,3788"]|636148153259770000|14:02:05:977
62|1.1|636147910242351860|06a13c|50530.9765625|13.70925400954|100.57604636042|-18681|2599||50530.9765625|105.75||10606.25|103.75|50530.9765625|06a13c|QTR835|0|2205|962.5|||3|3|1|1|1|132|5|["132,18,5,3788"]|636148153309770000|14:02:10:977
62|1.1|636147910292276852|06a13c|50535.9609375|13.71637794602|100.57629312328|-18654|3387||50535.9609375|106.25||10656.25|104.25|50535.9609375|06a13c|QTR835|0|2205|731.25|||3|3|1|1|1|132|5|["132,18,5,3788"]|636148153359610000|14:02:15:961
62|1.1|636147910342201844|06a13c|50540.9609375|13.72462304419|100.57654525055|-18626|4299||50540.9609375|106.75||10718.75|105.25|50540.9609375|06a13c|QTR835|0|2205|706.25|||3|3|1|1|1|132|18|["132,18,5,3788"]|636148153409610000|14:02:20:961
62|1.1|636147910392126836|06a13c|50545.9375|13.73222441316|100.57680274223|-18597|5140||50545.9375|107.25||10787.5|105.75|50545.9375|06a13c|QTR835|0|2205|731.25|||3|3|1|1|1|132|18|["132,18,5,3788"]|636148153459380000|14:02:25:938
62|1.1|636147910442041827|06a13c|50550.9375|13.74087720649|100.57702268304|-18573|6098||50550.9375|108.5||10856.25|106.5|50550.9375|06a13c|QTR835|0|2205|787.5|||3|3|1|1|1|132|5|["132,18,5,3788"]|636148153509380000|14:02:30:938
62|1.1|636147910491966819|06a13c|50555.9375|13.74706237122|100.57719434416|-18554|6782||50555.9375|109.25||10918.75|107.25|50555.9375|06a13c|QTR835|0|2205|825|||3|3|1|1|1|132|5|["132,18,5,3788"]|636148153559380000|14:02:35:938
62|1.1|636147910541881810|06a13c|50560.921875|13.75506607094|100.57741964938|-18529|7667||50560.921875|109.75||10993.75|108.25|50560.921875|06a13c|QTR835|0|2205|887.5|||3|3|1|1|1|132|5|["132,18,5,3788"]|636148153609220000|14:02:40:922
62|1.1|636147910591806802|06a13c|50565.921875|13.76251187202|100.57762349696|-18506|8491||50565.921875|110.5||11062.5|108.75|50565.921875|06a13c|QTR835|0|2205|906.25|||3|3|1|1|1|132|5|["132,18,5,3788"]|636148153659220000|14:02:45:922
62|1.1|636147910641721793|06a13c|50570.8984375|13.77027417329|100.57784343777|-18482|9350||50570.8984375|111.25||11143.75|109.5|50570.8984375|06a13c|QTR835|0|2205|906.25|||3|3|1|1|1|132|5|["132,18,5,3788"]|636148153708980000|14:02:50:898
62|1.1|636147910691656786|06a13c|50575.8984375|13.77819740686|100.57802582771|-18461|10227||50575.8984375|111.75||11225|110.25|50575.8984375|06a13c|QTR835|0|2205|906.25|||3|3|1|1|1|132|18|["132,18,5,3788"]|636148153758980000|14:02:55:898
62|1.1|636147910741581778|06a13c|50580.8984375|13.78629230155|100.5781813956|-18444|11122||50580.8984375|112.5||11300|111.25|50580.8984375|06a13c|QTR835|0|2205|906.25|||3|3|1|1|1|132|114|["132,18,5,3788","132,114,4"]|636148153808980000|14:03:00:898
62|1.1|636147910791496769|06a13c|50585.875|13.79445693357|100.57819748883|-18442|12025||50585.875|113||11387.5|111.75|50585.875|06a13c|QTR835|0|2205|868.75|||3|3|1|1|1|132|114|["132,18,5,3788","132,114,4"]|636148153858750000|14:03:05:875
62|1.1|636147910841411760|06a13c|50590.875|13.80331893889|100.57505394457|-18781|13006||50590.875|114||11431.25|112.25|50590.875|06a13c|QTR835|0|2205|825|||3|3|1|1|1|132|114|["132,18,5,3788","132,114,5,590"]|636148153908750000|14:03:10:875
62|1.1|636147910891336752|06a13c|50595.859375|13.81091494345|100.5715295272|-19161|13847||50595.859375|114.5||11475|112.75|50595.859375|06a13c|QTR835|0|2205|787.5|||3|3|1|1|1|132|114|["132,18,5,3788","132,114,5,590"]|636148153958590000|14:03:15:859
62|1.1|636147910941261744|06a13c|50600.859375|13.81870406677|100.56646552416|-19708|14709||50600.859375|115||11550|113.5|50600.859375|06a13c|QTR835|0|2205|787.5|||3|3|1|1|1|132|18|["132,18,5,3788","132,114,5,590"]|636148154008590000|14:03:20:859
62|1.1|636147910991186736|06a13c|50605.859375|13.825693893|100.560693419|-20332|15483||50605.859375|115.75||11618.75|114.25|50605.859375|06a13c|QTR835|0|2205|787.5|||3|3|1|1|1|132|18|["132,18,5,3788","132,114,5,590"]|636148154058590000|14:03:25:859
62|1.1|636147911041111728|06a13c|50610.8359375|13.83121387089|100.555329009|-20911|16094||50610.8359375|116.5||11668.75|114.75|50610.8359375|06a13c|QTR835|0|2205|768.75|||3|3|1|1|1|132|18|["132,18,5,3788","132,114,5,590"]|636148154108360000|14:03:30:836
62|1.1|636147911091036720|06a13c|50615.8359375|13.8372810186|100.54762571624|-21743|16766||50615.8359375|117.5||11756.25|115.5|50615.8359375|06a13c|QTR835|0|2205|843.75|||3|3|1|1|1|132|5|["132,18,5,3788","132,114,5,590"]|636148154158360000|14:03:35:836
62|1.1|636147911140941710|06a13c|50620.8203125|13.84176030095|100.54083437318|-22477|17262||50620.8203125|118.25||11831.25|116.25|50620.8203125|06a13c|QTR835|0|2205|868.75|||3|3|1|1|1|132|5|["132,18,5,3788","132,114,5,590"]|636148154208200000|14:03:40:820
62|1.1|636147911190866702|06a13c|50625.8203125|13.84566559143|100.53338320769|-23282|17695||50625.8203125|118.75||11912.5|117.25|50625.8203125|06a13c|QTR835|0|2205|887.5|||3|3|1|1|1|132|18|["132,18,5,3788","132,114,5,590"]|636148154258200000|14:03:45:820
62|1.1|636147911240791694|06a13c|50630.8203125|13.85013950937|100.524751872|-24215|18191||50630.8203125|119.5||11993.75|118.25|50630.8203125|06a13c|QTR835|0|2205|887.5|||3|3|1|1|1|132|18|["132,18,5,3788","132,114,5,590"]|636148154308200000|14:03:50:820
62|1.1|636147911290706685|06a13c|50635.796875|13.85415745246|100.51626001097|-25132|18636||50635.796875|120.5||12075|118.75|50635.796875|06a13c|QTR835|0|2205|906.25|||3|3|1|1|1|132|18|["132,18,5,3788","132,114,5,590"]|636148154357970000|14:03:55:797
62|1.1|636147911340631677|06a13c|50640.796875|13.85755312399|100.50882493871|-25936|19013||50640.796875|121.25||12150|119.5|50640.796875|06a13c|QTR835|0|2205|925|||3|3|1|1|1|132|114|["132,18,5,3788","132,114,5,595"]|636148154407970000|14:04:00:797
62|1.1|636147911390566670|06a13c|50645.78125|13.86202167752|100.4989490599|-27003|19508||50645.78125|122.5||12256.25|120.5|50645.78125|06a13c|QTR835|0|2205|981.25|||3|3|1|1|1|132|5|["132,18,5,3788","132,114,5,595"]|636148154457810000|14:04:05:781
62|1.1|636147911440481661|06a13c|50650.78125|13.86528860321|100.4921899033|-27733|19871||50650.78125|123.25||12325|121.25|50650.78125|06a13c|QTR835|0|2205|1006.25|||3|3|1|1|1|132|114|["132,18,5,3788","132,114,5,595"]|636148154507810000|14:04:10:781
62|1.1|636147911490396652|06a13c|50655.78125|13.8692529022|100.48302749102|-28723|20310||50655.78125|124.5||12456.25|122.75|50655.78125|06a13c|QTR835|0|2205|1318.75|||3|3|1|1|1|132|114|["132,18,5,3788","132,114,5,595"]|636148154557810000|14:04:15:781
62|1.1|636147911540331645|06a13c|50660.7578125|13.87310991299|100.47413329924|-29684|20738||50660.7578125|125.75||12612.5|124.25|50660.7578125|06a13c|QTR835|0|2205|1575|||3|3|1|1|1|132|18|["132,18,5,3788","132,114,5,595"]|636148154607580000|14:04:20:758
62|1.1|636147911590236635|06a13c|50665.7578125|13.87700447465|100.46524447187|-30644|21170||50665.7578125|127.25||12775|126.25|50665.7578125|06a13c|QTR835|0|2205|1693.75|||3|3|1|1|1|132|18|["132,18,5,3788","132,114,5,595"]|636148154657580000|14:04:25:758
62|1.1|636147911640161627|06a13c|50670.7421875|13.88052352761|100.45760555203|-31470|21560||50670.7421875|129||12912.5|127.25|50670.7421875|06a13c|QTR835|0|2205|1712.5|||3|3|1|1|1|132|114|["132,18,5,3788","132,114,5,595"]|636148154707420000|14:04:30:742
62|1.1|636147911690086619|06a13c|50675.7421875|13.88422497051|100.44903322485|-32396|21971||50675.7421875|130.75||13081.25|129.25|50675.7421875|06a13c|QTR835|0|2205|1793.75|||3|3|1|1|1|132|5|["132,18,5,3788","132,114,5,595"]|636148154757420000|14:04:35:742
62|1.1|636147911740011611|06a13c|50680.7421875|13.88810880335|100.44013366866|-33357|22402||50680.7421875|132||13237.5|130.5|50680.7421875|06a13c|QTR835|0|2205|1793.75|||3|3|1|1|1|132|5|["132,18,5,3788","132,114,5,595"]|636148154807420000|14:04:40:742
62|1.1|636147911789936603|06a13c|50685.71875|13.89172441569|100.43223189273|-34211|22803||50685.71875|133||13356.25|131.5|50685.71875|06a13c|QTR835|0|2205|1537.5|||3|3|1|1|1|132|18|["132,18,5,3788","132,114,5,595"]|636148154857190000|14:04:45:719
62|1.1|636147911839851594|06a13c|50690.71875|13.89540976536|100.42407262512|-35092|23212||50690.71875|134.25||13481.25|132.5|50690.71875|06a13c|QTR835|0|2205|1456.25|||3|3|1|1|1|132|18|["132,18,5,3788","132,114,5,595"]|636148154907190000|14:04:50:719
62|1.1|636147911889776586|06a13c|50695.6953125|13.89941697963|100.41496922135|-36075|23656||50695.6953125|135.75||13631.25|134.25|50695.6953125|06a13c|QTR835|0|2205|1631.25|||3|3|1|1|1|132|18|["132,18,5,3788","132,114,5,595"]|636148154956950000|14:04:55:695
62|1.1|636147911939711579|06a13c|50700.6953125|13.90380506701|100.40556541062|-37091|24144||50700.6953125|137.75||13775|135.5|50700.6953125|06a13c|QTR835|0|2205|1593.75|||3|3|1|1|1|132|5|["132,18,5,3788","132,114,5,595"]|636148155006950000|14:05:00:695
62|1.1|636147911989616569|06a13c|50705.6953125|13.90727584028|100.39782456699|-37927|24529||50705.6953125|139||13906.25|137.25|50705.6953125|06a13c|QTR835|0|2205|1656.25|||3|3|1|1|1|132|5|["132,18,5,3788","132,114,5,595"]|636148155056950000|14:05:05:695
62|1.1|636147912039541561|06a13c|50710.6796875|13.91113285107|100.38918786689|-38860|24957||50710.6796875|140||14050|138.5|50710.6796875|06a13c|QTR835|0|2205|1693.75|||3|3|1|1|1|132|18|["132,18,5,3788","132,114,5,595"]|636148155106800000|14:05:10:680
62|1.1|636147912089466553|06a13c|50715.6796875|13.91542974348|100.3799664461|-39856|25434||50715.6796875|141.25||14187.5|140.25|50715.6796875|06a13c|QTR835|0|2205|1693.75|||3|3|1|1|1|132|18|["132,18,5,3788","132,114,5,595"]|636148155156800000|14:05:15:680
62|1.1|636147912139391545|06a13c|50720.65625|13.91924383899|100.37223096688|-40691|25857||50720.65625|142.75||14312.5|141.25|50720.65625|06a13c|QTR835|0|2205|1631.25|||3|3|1|1|1|132|18|["132,18,5,3788","132,114,5,595"]|636148155206560000|14:05:20:656
62|1.1|636147912189306536|06a13c|50725.65625|13.92317058711|100.36377665672|-41604|26293||50725.65625|144||14443.75|142.5|50725.65625|06a13c|QTR835|0|2205|1631.25|||3|3|1|1|1|132|114|["132,18,5,3788","132,114,4,595"]|636148155256560000|14:05:25:656
62|1.1|636147912239221527|06a13c|50730.65625|13.92750503039|100.35424946456|-42633|26774||50730.65625|145.25||14587.5|143.75|50730.65625|06a13c|QTR835|0|2205|1612.5|||3|3|1|1|1|132|18|["132,18,5,3788","132,114,4,595"]|636148155306560000|14:05:30:656
62|1.1|636147912289146519|06a13c|50735.640625|13.93132449031|100.34647643447|-43472|27198||50735.640625|146.5||14681.25|145.25|50735.640625|06a13c|QTR835|0|2205|1556.25|||3|3|1|1|1|132|18|["132,18,5,3788","132,114,4,595"]|636148155356410000|14:05:35:641
62|1.1|636147912339071511|06a13c|50740.640625|13.9352887893|100.33819914984|-44366|27638||50740.640625|147.75||14781.25|146.25|50740.640625|06a13c|QTR835|0|2205|1400|||3|3|1|1|1|132|114|["132,18,5,3788","132,114,4,595"]|636148155406410000|14:05:40:641
62|1.1|636147912388996503|06a13c|50745.6171875|13.93932282562|100.32973411086|-45280|28086||50745.6171875|149||14912.5|147.25|50745.6171875|06a13c|QTR835|0|2205|1375|||3|3|1|1|1|132|114|["132,18,5,3788","132,114,4,595"]|636148155456170000|14:05:45:617
62|1.1|636147912438921495|06a13c|50750.6171875|13.94340514163|100.32108131753|-46214|28540||50750.6171875|150.5||15062.5|148.5|50750.6171875|06a13c|QTR835|0|2205|1456.25|||3|3|1|1|1|132|114|["132,18,5,3788","132,114,5,602"]|636148155506170000|14:05:50:617
62|1.1|636147912488836486|06a13c|50755.6171875|13.94798634777|100.31103914201|-47298|29048||50755.6171875|152||15237.5|150.25|50755.6171875|06a13c|QTR835|0|2205|1712.5|||3|3|1|1|1|132|114|["132,18,5,3788","132,114,5,602"]|636148155556170000|14:05:55:617
62|1.1|636147912538771479|06a13c|50760.6015625|13.95239052838|100.30160314482|-48317|29537||50760.6015625|153.25||15375|151.75|50760.6015625|06a13c|QTR835|0|2205|1768.75|||3|3|1|1|1|132|114|["132,18,5,3788","132,114,5,602"]|636148155606020000|14:06:00:602
62|1.1|636147912588676469|06a13c|50765.6015625|13.95639237824|100.29363699597|-49177|29982||50765.6015625|154.5||15475|152.75|50765.6015625|06a13c|QTR835|0|2205|1493.75|||3|3|1|1|1|132|114|["132,18,5,3788","132,114,5,602"]|636148155656020000|14:06:05:602
62|1.1|636147912638601461|06a13c|50770.578125|13.96049078748|100.28471598214|-50140|30437||50770.578125|156||15606.25|154.25|50770.578125|06a13c|QTR835|0|2205|1418.75|||3|3|1|1|1|132|5|["132,18,5,3788","132,114,5,602"]|636148155705780000|14:06:10:578
62|1.1|636147912688526453|06a13c|50775.578125|13.96454091703|100.27531753582|-51155|30887||50775.578125|157||15731.25|155.25|50775.578125|06a13c|QTR835|0|2205|1456.25|||3|3|1|1|1|132|114|["132,18,5,3788","132,114,5,602"]|636148155755780000|14:06:15:578
62|1.1|636147912738451445|06a13c|50780.578125|13.96819944465|100.26588690304|-52173|31294||50780.578125|158.25||15856.25|156.5|50780.578125|06a13c|QTR835|0|2205|1475|||3|3|1|1|1|132|114|["132,18,5,3788","132,114,5,602"]|636148155805780000|14:06:20:578
62|1.1|636147912788366436|06a13c|50785.5625|13.97077436145|100.25728775381|-53102|31581||50785.5625|159.5||15950|157.5|50785.5625|06a13c|QTR835|0|2205|1456.25|||3|3|1|1|1|132|114|["132,18,5,3788","132,114,5,602"]|636148155855630000|14:06:25:563
62|1.1|636147912838281427|06a13c|50790.5625|13.97386962602|100.24811997712|-54091|31925||50790.5625|160.5||16068.75|158.75|50790.5625|06a13c|QTR835|0|2205|1456.25|||3|3|1|1|1|132|114|["132,18,5,3788","132,114,5,602"]|636148155905630000|14:06:30:563
62|1.1|636147912888206419|06a13c|50795.5390625|13.97383743956|100.2370049196|-55293|31924||50795.5390625|161.5||16175|159.75|50795.5390625|06a13c|QTR835|0|2205|1400|||3|3|1|1|1|132|114|["132,18,5,3788","132,114,5,602"]|636148155955390000|14:06:35:539
62|1.1|636147912938141412|06a13c|50800.5390625|13.97521609293|100.22713976961|-56358|32079||50800.5390625|163||16293.75|161.25|50800.5390625|06a13c|QTR835|0|2205|1400|||3|3|1|1|1|132|114|["132,18,5,3788","132,114,5,602"]|636148156005390000|14:06:40:539
62|1.1|636147912988056403|06a13c|50805.5390625|13.97597247474|100.21829922193|-57313|32165||50805.5390625|164.25||16437.5|162.25|50805.5390625|06a13c|QTR835|0|2205|1437.5|||3|3|1|1|1|132|114|["132,18,5,3788","132,114,5,602"]|636148156055390000|14:06:45:539
62|1.1|636147913037971394|06a13c|50810.515625|13.97643917841|100.2080907497|-58416|32219||50810.515625|165.75||16593.75|163.75|50810.515625|06a13c|QTR835|0|2205|1537.5|||3|3|1|1|1|132|114|["132,18,5,3788","132,114,5,602"]|636148156105160000|14:06:50:516
62|1.1|636147913087906387|06a13c|50815.515625|13.97703462792|100.19820950648|-59484|32287||50815.515625|167||16725|165.25|50815.515625|06a13c|QTR835|0|2205|1612.5|||3|3|1|1|1|132|114|["132,18,5,3788","132,114,5,602"]|636148156155160000|14:06:55:516
62|1.1|636147913137811377|06a13c|50820.5|13.97749060277|100.18761479673|-60628|32340||50820.5|168.25||16862.5|166.5|50820.5|06a13c|QTR835|0|2205|1631.25|||3|3|1|1|1|132|114|["132,18,5,3788","132,114,5,602"]|636148156205000000|14:07:00:500
62|1.1|636147913187736369|06a13c|50825.5|13.97783392501|100.17854894383|-61607|32380||50825.5|169.5||16962.5|167.75|50825.5|06a13c|QTR835|0|2205|1537.5|||3|3|1|1|1|132|114|["132,18,5,3788","132,114,5,602"]|636148156255000000|14:07:05:500
62|1.1|636147913237661361|06a13c|50830.5|13.97838645924|100.16876425999|-62665|32444||50830.5|170.75||17081.25|169.25|50830.5|06a13c|QTR835|0|2205|1556.25|||3|3|1|1|1|132|114|["132,18,5,3788","132,114,5,602"]|636148156305000000|14:07:10:500
62|1.1|636147913287576352|06a13c|50835.4765625|13.97849911185|100.15733806669|-63899|32460||50835.4765625|172.5||17243.75|170.5|50835.4765625|06a13c|QTR835|0|2205|1593.75|||3|3|1|1|1|132|5|["132,18,5,3788","132,114,5,602"]|636148156354770000|14:07:15:477
62|1.1|636147913337511345|06a13c|50840.4765625|13.97884243409|100.14817029|-64890|32500||50840.4765625|173.5||17362.5|171.5|50840.4765625|06a13c|QTR835|0|2205|1556.25|||3|3|1|1|1|132|114|["132,18,5,3788","132,114,5,602"]|636148156404770000|14:07:20:477
62|1.1|636147913387426336|06a13c|50845.4609375|13.97918575633|100.13889522511|-65892|32541||50845.4609375|174.75||17475|172.75|50845.4609375|06a13c|QTR835|0|2205|1493.75|||3|3|1|1|1|132|114|["132,18,5,3788","132,114,5,602"]|636148156454610000|14:07:25:461
62|1.1|636147913437341327|06a13c|50850.4609375|13.97950762093|100.12917491419|-66942|32579||50850.4609375|176||17593.75|174.25|50850.4609375|06a13c|QTR835|0|2205|1475|||3|3|1|1|1|132|114|["132,18,5,3788","132,114,5,602"]|636148156504610000|14:07:30:461
62|1.1|636147913487276320|06a13c|50855.4609375|13.9798670364|100.11810277195|-68138|32622||50855.4609375|177.25||17743.75|175.5|50855.4609375|06a13c|QTR835|0|2205|1537.5|||3|3|1|1|1|132|18|["132,18,5,3788","132,114,5,602"]|636148156554610000|14:07:35:461
62|1.1|636147913537191311|06a13c|50860.4375|13.98021035864|100.10713791791|-69322|32663||50860.4375|178.75||17906.25|177.25|50860.4375|06a13c|QTR835|0|2205|1675|||3|3|1|1|1|132|114|["132,18,5,3788","132,114,5,602"]|636148156604380000|14:07:40:438
62|1.1|636147913587106302|06a13c|50865.4375|13.9805107656|100.09820081085|-70288|32699||50865.4375|180||18025|178.25|50865.4375|06a13c|QTR835|0|2205|1656.25|||3|3|1|1|1|132|18|["132,18,5,3788","132,114,5,602"]|636148156654380000|14:07:45:438
62|1.1|636147913637031294|06a13c|50870.421875|13.98078435051|100.088625339|-71323|32732||50870.421875|181.5||18156.25|179.75|50870.421875|06a13c|QTR835|0|2205|1631.25|||3|3|1|1|1|132|114|["132,18,5,3788","132,114,5,602"]|636148156704220000|14:07:50:422
62|1.1|636147913686956286|06a13c|50875.421875|13.98114376598|100.07877628224|-72387|32775||50875.421875|182.75||18293.75|181.25|50875.421875|06a13c|QTR835|0|2205|1656.25|||3|3|1|1|1|132|18|["132,18,5,3788","132,114,5,602"]|636148156754220000|14:07:55:422
62|1.1|636147913736871277|06a13c|50880.421875|13.98148708822|100.06879847964|-73465|32816||50880.421875|183.75||18431.25|182.25|50880.421875|06a13c|QTR835|0|2205|1575|||3|3|1|1|1|132|114|["132,18,5,3788","132,114,5,602"]|636148156804220000|14:08:00:422
62|1.1|636147913786806270|06a13c|50885.3984375|13.98181968164|100.05855782095|-74571|32856||50885.3984375|184.5||18568.75|183.25|50885.3984375|06a13c|QTR835|0|2205|1237.5|||3|3|1|1|1|132|18|["132,18,5,3788","132,114,5,602"]|636148156853980000|14:08:05:398
62|1.1|636147913836721261|06a13c|50890.3984375|13.98194842748|100.04664346634|-75858|32874||50890.3984375|185.75||18668.75|184.25|50890.3984375|06a13c|QTR835|0|2205|1218.75|||3|3|1|1|1|132|18|["132,18,5,3788","132,114,5,602"]|636148156903980000|14:08:10:398
62|1.1|636147913886636252|06a13c|50895.375|13.98232393618|100.03688024014|-76913|32919||50895.375|186.75||18706.25|185.25|50895.375|06a13c|QTR835|0|2205|1162.5|||3|3|1|1|1|132|18|["132,18,5,3788","132,114,5,602"]|636148156953750000|14:08:15:375
62|1.1|636147913936581246|06a13c|50900.375|13.98264580078|100.02735841239|-77942|32957||50900.375|188.25||18806.25|186.25|50900.375|06a13c|QTR835|0|2205|1237.5|||3|3|1|1|1|132|18|["132,18,5,3788","132,114,5,602"]|636148157003750000|14:08:20:375
62|1.1|636147913986486236|06a13c|50905.375|13.98299448743|100.01716603339|-79043|32999||50905.375|189.5||18937.5|187.5|50905.375|06a13c|QTR835|0|2205|1356.25|||3|3|1|1|1|132|18|["132,18,5,3788","132,114,5,602"]|636148157053750000|14:08:25:375
62|1.1|636147914036411228|06a13c|50910.359375|13.98335926731|100.00567546717|-80284|33043||50910.359375|191||19093.75|189.25|50910.359375|06a13c|QTR835|0|2205|1612.5|||3|3|1|1|1|132|18|["132,18,5,3788","132,114,5,602"]|636148157103590000|14:08:30:359
62|1.1|636147914086336220|06a13c|50915.359375|13.98372404719|99.99436729089|-81506|33088||50915.359375|192.25||19256.25|190.75|50915.359375|06a13c|QTR835|0|2205|1731.25|||3|3|1|1|1|132|18|["132,18,5,3788","132,114,5,602"]|636148157153590000|14:08:35:359
62|1.1|636147914136251211|06a13c|50920.3359375|13.98414247117|99.98481864109|-82537|33137||50920.3359375|193.5||19362.5|191.75|50920.3359375|06a13c|QTR835|0|2205|1475|||3|3|1|1|1|132|5|["132,18,5,3788","132,114,5,602"]|636148157203360000|14:08:40:336
62|1.1|636147914186166202|06a13c|50925.3359375|13.98451261546|99.97542019477|-83553|33181||50925.3359375|194.5||19468.75|192.5|50925.3359375|06a13c|QTR835|0|2205|1337.5|||3|3|1|1|1|132|18|["132,18,5,3788","132,114,5,602"]|636148157253360000|14:08:45:336
62|1.1|636147914236091194|06a13c|50930.3359375|13.98489885298|99.96385452681|-84802|33228||50930.3359375|195.5||19568.75|193.5|50930.3359375|06a13c|QTR835|0|2205|1262.5|||3|3|1|1|1|132|18|["132,18,5,3788","132,114,5,602"]|636148157303360000|14:08:50:336
62|1.1|636147914286016186|06a13c|50935.3203125|13.98526363286|99.95403765651|-85863|33272||50935.3203125|196.5||19662.5|194.5|50935.3203125|06a13c|QTR835|0|2205|1218.75|||3|3|1|1|1|132|18|["132,18,5,3788","132,114,5,602"]|636148157353200000|14:08:55:320
62|1.1|636147914335941178|06a13c|50940.3203125|13.98563377715|99.94364679434|-86985|33316||50940.3203125|196.5||19768.75|195.75|50940.3203125|06a13c|QTR835|0|2205|1218.75|||3|3|1|1|1|132|114|["132,18,5,3788","132,114,5,602"]|636148157403200000|14:09:00:320
62|1.1|636147914385856169|06a13c|50945.296875|13.98599319262|99.93210258402|-88232|33361||50945.296875|198||19875|196.75|50945.296875|06a13c|QTR835|0|2205|1237.5|||3|3|1|1|1|132|5|["132,18,5,3788","132,114,5,602"]|636148157452970000|14:09:05:297
62|1.1|636147914435781161|06a13c|50950.296875|13.98643307424|99.92118064526|-89412|33413||50950.296875|199.25||19962.5|197.5|50950.296875|06a13c|QTR835|0|2205|1162.5|||3|3|1|1|1|132|18|["132,18,5,3788","132,114,5,602"]|636148157502970000|14:09:10:297
62|1.1|636147914485706153|06a13c|50955.296875|13.98674421002|99.91224890261|-90377|33451||50955.296875|199.25||20037.5|198.5|50955.296875|06a13c|QTR835|0|2205|1162.5|||3|3|1|1|1|132|114|["132,18,5,3788","132,114,5,602"]|636148157552970000|14:09:15:297
62|1.1|636147914535621144|06a13c|50960.28125|13.98709826108|99.9020511592|-91479|33494||50960.28125|199.75||20125|199.25|50960.28125|06a13c|QTR835|0|2205|1025|||3|3|1|1|1|132|114|["132,18,5,3788","132,114,5,602"]|636148157602810000|14:09:20:281
62|1.1|636147914585536135|06a13c|50965.28125|13.9874844986|99.89122041541|-92649|33541||50965.28125|200.75||20093.75|199.25|50965.28125|06a13c|QTR835|0|2205|706.25|||3|3|1|1|1|132|5|["132,18,5,3788","132,114,5,602"]|636148157652810000|14:09:25:281
62|1.1|636147914635461127|06a13c|50970.2578125|13.98784391407|99.88085101088|-93769|33585||50970.2578125|201||20143.75|199.5|50970.2578125|06a13c|QTR835|0|2205|706.25|||3|3|1|1|1|132|114|["132,18,5,3788","132,114,5,602"]|636148157702580000|14:09:30:258
62|1.1|636147914685386119|06a13c|50975.2578125|13.98818723631|99.87022411467|-94917|33627||50975.2578125|202.25||20200|200.25|50975.2578125|06a13c|QTR835|0|2205|1062.5|||3|3|1|1|1|132|114|["132,18,5,3788","132,114,5,602"]|636148157752580000|14:09:35:258
62|1.1|636147914735311111|06a13c|50980.2578125|13.98852519414|99.85938800647|-96088|33669||50980.2578125|203.5||20275|202.75|50980.2578125|06a13c|QTR835|0|2205|1418.75|||3|3|1|1|1|132|114|["132,18,5,3788","132,114,5,602"]|636148157802580000|14:09:40:258
62|1.1|636147914785226102|06a13c|50985.2421875|13.98879877905|99.84803691491|-97314|33704||50985.2421875|205||20393.75|204.5|50985.2421875|06a13c|QTR835|0|2205|1612.5|||3|3|1|1|1|132|114|["132,18,5,3788","132,114,5,602"]|636148157852420000|14:09:45:242
62|1.1|636147914835151094|06a13c|50990.2421875|13.98893825371|99.83560757694|-98657|33724||50990.2421875|206.5||20706.25|206.25|50990.2421875|06a13c|QTR835|0|2205|1712.5|||3|3|1|1|1|132|114|["132,18,5,3788","132,114,5,602"]|636148157902420000|14:09:50:242
62|1.1|636147914885076086|06a13c|50995.21875|13.98934058446|99.82408482426|-99902|33773||50995.21875|207.75||20887.5|207.5|50995.21875|06a13c|QTR835|0|2205|1675|||3|3|1|1|1|132|114|["132,18,5,3788","132,114,5,602"]|636148157952190000|14:09:55:219
62|1.1|636147914935001078|06a13c|51000.21875|13.98976437285|99.81287320736|-101113|33825||51000.21875|209||21050|208.75|51000.21875|06a13c|QTR835|0|2205|1612.5|||3|3|1|1|1|132|114|["132,18,5,3788","132,114,5,602"]|636148158002190000|14:10:00:219
62|1.1|636147914984926070|06a13c|51005.21875|13.99001113571|99.80171523456|-102318|33857||51005.21875|210.5||21193.75|210.25|51005.21875|06a13c|QTR835|0|2205|1612.5|||3|3|1|1|1|132|114|["132,18,5,3788","132,114,5,602"]|636148158052190000|14:10:05:219
62|1.1|636147915034841061|06a13c|51010.1953125|13.99033300031|99.79121171978|-103453|33897||51010.1953125|212||21356.25|211.5|51010.1953125|06a13c|QTR835|0|2205|1675|||3|3|1|1|1|132|114|["132,18,5,3788","132,114,5,602"]|636148158101950000|14:10:10:195
62|1.1|636147915084766053|06a13c|51015.1953125|13.99068705137|99.78046680655|-104614|33941||51015.1953125|213.5||21506.25|213.25|51015.1953125|06a13c|QTR835|0|2205|1712.5|||3|3|1|1|1|132|114|["132,18,5,3788","132,114,5,602"]|636148158151950000|14:10:15:195
62|1.1|636147915134691045|06a13c|51020.1796875|13.99134150939|99.77018859699|-105724|34018||51020.1796875|216.5||21718.75|215.25|51020.1796875|06a13c|QTR835|0|2205|1887.5|||3|3|1|1|1|132|5|["132,18,5,3788","132,114,5,602"]|636148158201800000|14:10:20:180
62|1.1|636147915184606036|06a13c|51025.1796875|13.99158827225|99.75921837854|-106909|34050||51025.1796875|217||21881.25|216.75|51025.1796875|06a13c|QTR835|0|2205|1950|||3|3|1|1|1|132|114|["132,18,5,3788","132,114,5,602"]|636148158251800000|14:10:25:180
62|1.1|636147915234531028|06a13c|51030.1796875|13.99233392524|99.74840372798|-108077|34137||51030.1796875|219||22037.5|218.5|51030.1796875|06a13c|QTR835|0|2205|1950|||3|3|1|1|1|132|5|["132,18,5,3788","132,114,5,602"]|636148158301800000|14:10:30:180
62|1.1|636147915284446019|06a13c|51035.15625|13.99294010357|99.73764808593|-109239|34209||51035.15625|221.5||22181.25|219.75|51035.15625|06a13c|QTR835|0|2205|1887.5|||3|3|1|1|1|132|5|["132,18,5,3788","132,114,5,602"]|636148158351560000|14:10:35:156
62|1.1|636147915334381012|06a13c|51040.15625|13.99340680724|99.72669932512|-110422|34266||51040.15625|223.25||22350|221.5|51040.15625|06a13c|QTR835|0|2205|1912.5|||3|3|1|1|1|132|5|["132,18,5,3788","132,114,5,602"]|636148158401560000|14:10:40:156
62|1.1|636147915384296003|06a13c|51045.140625|13.99385741768|99.71588467456|-111590|34321||51045.140625|225||22550|223.5|51045.140625|06a13c|QTR835|0|2205|2068.75|||3|3|1|1|1|132|5|["132,18,5,3788","132,114,5,602"]|636148158451410000|14:10:45:141
62|1.1|636147915434210994|06a13c|51050.140625|13.99428657048|99.70503247313|-112762|34373||51050.140625|227.75||22850|225.5|51050.140625|06a13c|QTR835|0|2205|2462.5|||3|3|1|1|1|132|5|["132,18,5,3788","132,114,5,602"]|636148158501410000|14:10:50:141
62|1.1|636147915484135986|06a13c|51055.140625|13.99464598595|99.69537117072|-113806|34418||51055.140625|230.75||23156.25|230.25|51055.140625|06a13c|QTR835|0|2205|3112.5|||3|3|1|1|1|132|5|["132,18,5,3788","132,114,5,602"]|636148158551410000|14:10:55:141
62|1.1|636147915534050977|06a13c|51060.1171875|13.99506977434|99.68476036774|-114952|34470||51060.1171875|232.75||23418.75|231.25|51060.1171875|06a13c|QTR835|0|2205|3525|||3|3|1|1|1|132|114|["132,18,5,3788","132,114,5,602"]|636148158601170000|14:11:00:117
62|1.1|636147915583975969|06a13c|51065.1171875|13.99545601186|99.67290502164|-116233|34518||51065.1171875|238||23831.25|236.25|51065.1171875|06a13c|QTR835|0|2205|3231.25|||3|3|1|1|1|132|5|["132,18,5,3788","132,114,5,602"]|636148158651170000|14:11:05:117
