62|1.1|636147897450232776|2562|49251.78125|6.43193295441|96.74187186379|-445197|-800693||49251.78125|300||29925|300|49251.78125|X|X|0|2562|0|||3|3|0|1|1|132|66|["132,66,2"]|636148140517810000|13:40:51:781
62|1.1|636147897500157768|2562|49256.7578125|6.4347170832|96.73235540045|-446251|-800370||49256.7578125|300||29931.25|300|49256.7578125|X|X|0|2562|0|||3|3|0|1|1|132|66|["132,66,2"]|636148140567580000|13:40:56:758
62|1.1|636147897550082760|2562|49261.7578125|6.4375602205|96.72276383537|-447313|-800041||49261.7578125|300||29943.75|300|49261.7578125|X|X|0|2562|0|||3|3|0|1|1|132|66|["132,66,2"]|636148140617580000|13:41:01:758
62|1.1|636147897600007752|2562|49266.7421875|6.44039262898|96.7132312788|-448370|-799713||49266.7421875|300||29956.25|300|49266.7421875|X|X|0|2562|0|||3|3|0|1|1|132|66|["132,66,2"]|636148140667420000|13:41:06:742
62|1.1|636147897649932744|2562|49271.7421875|6.443192851|96.70369872223|-449426|-799388||49271.7421875|300||29956.25|300|49271.7421875|X|X|0|2562|0|||3|3|0|1|1|132|66|["132,66,2"]|636148140717420000|13:41:11:742
62|1.1|636147897699847735|2562|49276.7421875|6.44600380184|96.69416080125|-450482|-799063||49276.7421875|300||29968.75|300|49276.7421875|X|X|0|2562|0|||3|3|0|1|1|132|66|["132,66,2"]|636148140767420000|13:41:16:742
62|1.1|636147897749782728|2562|49281.71875|6.44886303237|96.68463360909|-451538|-798732||49281.71875|300||29993.75|300|49281.71875|X|X|0|2562|0|||3|3|0|1|1|132|66|["132,66,2"]|636148140817190000|13:41:21:719
62|1.1|636147897799687718|2562|49286.71875|6.45176517818|96.67502595078|-452602|-798396||49286.71875|300||30012.5|300|49286.71875|X|X|0|2562|0|||3|3|0|1|1|132|66|["132,66,2"]|636148140867190000|13:41:26:719
62|1.1|636147897849612710|2562|49291.6953125|6.45460831548|96.66553094508|-453654|-798067||49291.6953125|300||30037.5|300|49291.6953125|X|X|0|2562|0|||3|3|0|1|1|132|66|["132,66,2"]|636148140916950000|13:41:31:695
62|1.1|636147897899547703|2562|49296.6953125|6.4573548934|96.65610567671|-454698|-797748||49296.6953125|300||30031.25|300|49296.6953125|X|X|0|2562|0|||3|3|0|1|1|132|66|["132,66,2"]|636148140966950000|13:41:36:695
62|1.1|636147897949452693|2562|49301.6953125|6.46013365778|96.64666431511|-455744|-797426||49301.6953125|300||30037.5|300|49301.6953125|X|X|0|2562|0|||3|3|0|1|1|132|66|["132,66,2"]|636148141016950000|13:41:41:695
62|1.1|636147897999377685|2562|49306.6796875|6.46290705775|96.63728196202|-456783|-797105||49306.6796875|300||30043.75|300|49306.6796875|X|X|0|2562|0|||3|3|0|1|1|132|66|["132,66,2"]|636148141066800000|13:41:46:680
62|1.1|636147898049292676|2562|49311.6796875|6.46571800859|96.62782450719|-457830|-796779||49311.6796875|300||30056.25|300|49311.6796875|X|X|0|2562|0|||3|3|0|1|1|132|66|["132,66,2"]|636148141116800000|13:41:51:680
62|1.1|636147898099217668|2562|49316.65625|6.46847531533|96.61847434056|-458866|-796460||49316.65625|300||30062.5|300|49316.65625|X|X|0|2562|0|||3|3|0|1|1|132|66|["132,66,2"]|636148141166560000|13:41:56:656
62|1.1|636147898149142660|2562|49321.65625|6.47144183406|96.6088935043|-459927|-796116||49321.65625|300||30100|300|49321.65625|X|X|0|2562|0|||3|3|0|1|1|132|66|["132,66,2"]|636148141216560000|13:42:01:656
62|1.1|636147898199057651|2562|49326.65625|6.47428497136|96.59942532065|-460976|-795787||49326.65625|300||30106.25|300|49326.65625|X|X|0|2562|0|||3|3|0|1|1|132|66|["132,66,2"]|636148141266560000|13:42:06:656
62|1.1|636147898248992644|2562|49331.640625|6.47705837133|96.59006978961|-462012|-795465||49331.640625|300||30106.25|300|49331.640625|X|X|0|2562|0|||3|3|0|1|1|132|66|["132,66,2"]|636148141316410000|13:42:11:641
62|1.1|636147898298907635|2562|49336.640625|6.47984786453|96.58065525006|-463055|-795142||49336.640625|300||30100|300|49336.640625|X|X|0|2562|0|||3|3|0|1|1|132|66|["132,66,2"]|636148141366410000|13:42:16:641
