62|1.1|636147901677825493|2646|49674.140625|8.11261870064|98.30507166661|-269999|-615874||49674.140625|7||700|5.5|49674.140625|X|X|0|2646|2362.5|||3|3|1|1|1|132|66|["132,66,2"]|636148144741410000|13:47:54:141
62|1.1|636147901696537364|2646|49676.3984375|8.11243094629|98.30341406392|-270183|-615894||49676.3984375|7||793.75|6.25|49676.3984375|X|X|0|2646|2362.5|||3|3|1|1|1|132|66|["132,66,2"]|636148144763980000|13:47:56:398
62|1.1|636147901746462356|2646|49681.3984375|8.11206616641|98.29984673127|-270577|-615931||49681.3984375|10||1093.75|9.25|49681.3984375|X|X|0|2646|2537.5|||3|3|1|1|1|132|66|["132,66,2"]|636148144813980000|13:48:01:398
62|1.1|636147901796387348|2646|49686.375|8.1117389374|98.29634913595|-270964|-615964||49686.375|13||1406.25|12.25|49686.375|X|X|0|2646|2793.75|||3|3|1|1|1|132|66|["132,66,2"]|636148144863750000|13:48:06:375
62|1.1|636147901846312340|2646|49691.375|8.1113634287|98.29280326094|-271356|-616003||49691.375|15||1625|14.5|49691.375|X|X|0|2646|2893.75|||3|3|1|1|1|132|66|["132,66,2"]|636148144913750000|13:48:11:375
62|1.1|636147901896227331|2646|49696.375|8.11098255559|98.28921983506|-271753|-616042||49696.375|17||1806.25|16.75|49696.375|X|X|0|2646|2837.5|||3|3|1|1|1|132|66|["132,66,2"]|636148144963750000|13:48:16:375
62|1.1|636147901946142322|2646|49701.359375|8.11063386894|98.28567396005|-272145|-616077||49701.359375|19||1987.5|18.5|49701.359375|X|X|0|2646|2737.5|||3|3|1|1|1|132|66|["132,66,2"]|636148145013590000|13:48:21:359
62|1.1|636147901996067314|2646|49706.359375|8.1102905467|98.28211199181|-272539|-616112||49706.359375|22||2256.25|21.25|49706.359375|X|X|0|2646|2756.25|||3|3|1|1|1|132|66|["132,66,2"]|636148145063590000|13:48:26:359
62|1.1|636147902045992306|2646|49711.3359375|8.10993649564|98.2785661168|-272931|-616148||49711.3359375|23||2406.25|22.75|49711.3359375|X|X|0|2646|2481.25|||3|3|1|1|1|132|66|["132,66,2"]|636148145113360000|13:48:31:336
62|1.1|636147902095917298|2646|49716.3359375|8.10958780899|98.27500414856|-273325|-616184||49716.3359375|25||2575|24.25|49716.3359375|X|X|0|2646|2262.5|||3|3|1|1|1|132|66|["132,66,2"]|636148145163360000|13:48:36:336
62|1.1|636147902145832289|2646|49721.3359375|8.10923375793|98.27143681591|-273720|-616220||49721.3359375|27||2762.5|26.25|49721.3359375|X|X|0|2646|2206.25|||3|3|1|1|1|132|66|["132,66,2"]|636148145213360000|13:48:41:336
62|1.1|636147902195757281|2646|49726.3203125|8.10893335097|98.26790166972|-274110|-616250||49726.3203125|29||2962.5|28.25|49726.3203125|X|X|0|2646|2225|||3|3|1|1|1|132|66|["132,66,2"]|636148145263200000|13:48:46:320
62|1.1|636147902245682273|2646|49731.3203125|8.10882069836|98.26436652353|-274502|-616259||49731.3203125|31||3175|30.25|49731.3203125|X|X|0|2646|2281.25|||3|3|1|1|1|132|66|["132,66,2"]|636148145313200000|13:48:51:320
62|1.1|636147902295597264|2646|49736.296875|8.10909428327|98.26086892821|-274888|-616225||49736.296875|33||3400|32.25|49736.296875|X|X|0|2646|2325|||3|3|1|1|1|132|66|["132,66,2"]|636148145362970000|13:48:56:297
62|1.1|636147902345522256|2646|49741.296875|8.11134197106|98.25745179904|-275263|-615973||49741.296875|34||3506.25|33.5|49741.296875|X|X|0|2646|2187.5|||3|3|1|1|1|132|66|["132,66,2"]|636148145412970000|13:49:01:297
62|1.1|636147902395447248|2646|49746.296875|8.11409391339|98.25432434801|-275606|-615665||49746.296875|35||3581.25|34.25|49746.296875|X|X|0|2646|1868.75|||3|3|1|1|1|132|66|["132,66,2"]|636148145462970000|13:49:06:297
62|1.1|636147902445362239|2646|49751.28125|8.11763442399|98.25180843972|-275881|-615270||49751.28125|35||3581.25|34.5|49751.28125|X|X|0|2646|1125|||3|3|1|1|1|132|66|["132,66,2"]|636148145512810000|13:49:11:281
62|1.1|636147902495287231|2646|49756.28125|8.12195277404|98.25027421846|-276047|-614790||49756.28125|36||3612.5|34.75|49756.28125|X|X|0|2646|843.75|||3|3|1|1|1|132|66|["132,66,2"]|636148145562810000|13:49:16:281
62|1.1|636147902545222224|2646|49761.2578125|8.12648033608|98.24958220957|-276119|-614287||49761.2578125|37||3681.25|35.5|49761.2578125|X|X|0|2646|843.75|||3|3|1|1|1|132|66|["132,66,2"]|636148145612580000|13:49:21:258
62|1.1|636147902595137215|2646|49766.2578125|8.13100789812|98.2489009295|-276190|-613784||49766.2578125|38||3793.75|36.5|49766.2578125|X|X|0|2646|943.75|||3|3|1|1|1|132|66|["132,66,2"]|636148145662580000|13:49:26:258
62|1.1|636147902645052206|2646|49771.2578125|8.13586805358|98.24743108116|-276348|-613244||49771.2578125|39||3918.75|37.75|49771.2578125|X|X|0|2646|1043.75|||3|3|1|1|1|132|66|["132,66,2"]|636148145712580000|13:49:31:258
