62|1.1|636147905088096486|2807|50015.5390625|5.19700285713|96.99623072835|-418448|-938377||50015.5390625|280||27975|280|50015.5390625|X|X|0|2807|0|||3|3|0|1|1|132|66|["132,66,2"]|636148148155390000|13:53:35:539
62|1.1|636147905138021478|2807|50020.5390625|5.20242627564|96.98619928165|-419561|-937761||50020.5390625|280||27950|280|50020.5390625|X|X|0|2807|0|||3|3|0|1|1|132|66|["132,66,2"]|636148148205390000|13:53:40:539
62|1.1|636147905187946470|2807|50025.5390625|5.20792479589|96.97602836029|-420689|-937137||50025.5390625|280||27937.5|280|50025.5390625|X|X|0|2807|0|||3|3|0|1|1|132|66|["132,66,2"]|636148148255390000|13:53:45:539
62|1.1|636147905237861461|2807|50030.515625|5.21321410415|96.96637242229|-421760|-936536||50030.515625|280||27925|280|50030.515625|X|X|0|2807|0|||3|3|0|1|1|132|66|["132,66,2"]|636148148305160000|13:53:50:516
62|1.1|636147905287776452|2807|50035.515625|5.21846049713|96.95678622162|-422823|-935940||50035.515625|280||27912.5|280|50035.515625|X|X|0|2807|0|||3|3|0|1|1|132|66|["132,66,2"]|636148148355160000|13:53:55:516
62|1.1|636147905337711445|2807|50040.5|5.22399656825|96.94656165616|-423957|-935312||50040.5|280||27918.75|280|50040.5|X|X|0|2807|0|||3|3|0|1|1|132|66|["132,66,2"]|636148148405000000|13:54:00:500
62|1.1|636147905387626436|2807|50045.5|5.22950045291|96.93638537039|-425086|-934687||50045.5|280||27912.5|280|50045.5|X|X|0|2807|0|||3|3|0|1|1|132|66|["132,66,2"]|636148148455000000|13:54:05:500
62|1.1|636147905437551428|2807|50050.5|5.23508480372|96.92602133027|-426236|-934052||50050.5|280||27918.75|280|50050.5|X|X|0|2807|0|||3|3|0|1|1|132|66|["132,66,2"]|636148148505000000|13:54:10:500
62|1.1|636147905487486421|2807|50055.4765625|5.24063160366|96.9157377563|-427376|-933422||50055.4765625|280||27925|280|50055.4765625|X|X|0|2807|0|||3|3|0|1|1|132|66|["132,66,2"]|636148148554770000|13:54:15:477
62|1.1|636147905537391411|2807|50060.4765625|5.24603356453|96.90582432662|-428476|-932809||50060.4765625|280||27925|280|50060.4765625|X|X|0|2807|0|||3|3|0|1|1|132|66|["132,66,2"]|636148148604770000|13:54:20:477
62|1.1|636147905587316403|2807|50065.4609375|5.25146771186|96.89579287992|-429588|-932192||50065.4609375|280||27925|280|50065.4609375|X|X|0|2807|0|||3|3|0|1|1|132|66|["132,66,2"]|636148148654610000|13:54:25:461
62|1.1|636147905637231394|2807|50070.4609375|5.25691795242|96.88573461117|-430704|-931573||50070.4609375|280||27925|280|50070.4609375|X|X|0|2807|0|||3|3|0|1|1|132|66|[]|636148148704610000|13:54:30:461
62|1.1|636147905687156386|2807|50075.4609375|5.26265787112|96.87506479968|-431887|-930920||50075.4609375|280||27937.5|280|50075.4609375|X|X|0|2807|0|||3|3|0|1|1|132|66|["132,66,2"]|636148148754610000|13:54:35:461
62|1.1|636147905737081378|2807|50080.4375|5.26816712019|96.86494752242|-433009|-930295||50080.4375|280||27943.75|280|50080.4375|X|X|0|2807|0|||3|3|0|1|1|132|66|["132,66,2"]|636148148804380000|13:54:40:438
62|1.1|636147905786996369|2807|50085.4375|5.27347788609|96.85518966063|-434091|-929691||50085.4375|280||27937.5|280|50085.4375|X|X|0|2807|0|||3|3|0|1|1|132|66|["132,66,2"]|636148148854380000|13:54:45:438
62|1.1|636147905836921361|2807|50090.421875|5.27909978777|96.84473978995|-435250|-929052||50090.421875|280||27943.75|280|50090.421875|X|X|0|2807|0|||3|3|0|1|1|132|66|["132,66,2"]|636148148904220000|13:54:50:422
62|1.1|636147905886846353|2807|50095.421875|5.28443201131|96.83491755524|-436339|-928446||50095.421875|280||27937.5|280|50095.421875|X|X|0|2807|0|||3|3|0|1|1|132|66|["132,66,2"]|636148148954220000|13:54:55:422
62|1.1|636147905936761344|2807|50100.421875|5.29004318417|96.82454815071|-437489|-927809||50100.421875|280||27950|280|50100.421875|X|X|0|2807|0|||3|3|0|1|1|132|66|["132,66,2"]|636148149004220000|13:55:00:422
62|1.1|636147905986686336|2807|50105.3984375|5.29564899262|96.81419483941|-438637|-927172||50105.3984375|280||27968.75|280|50105.3984375|X|X|0|2807|0|||3|3|0|1|1|132|66|["132,66,2"]|636148149053980000|13:55:05:398
62|1.1|636147906036611328|2807|50110.3984375|5.30141573337|96.80347138382|-439826|-926516||50110.3984375|280||27987.5|280|50110.3984375|X|X|0|2807|0|||3|3|0|1|1|132|66|["132,66,2"]|636148149103980000|13:55:10:398
62|1.1|636147906086526319|2807|50115.375|5.30687133834|96.79337019979|-440946|-925896||50115.375|280||27993.75|280|50115.375|X|X|0|2807|0|||3|3|0|1|1|132|66|["132,66,2"]|636148149153750000|13:55:15:375
62|1.1|636147906136451311|2807|50120.375|5.31234303654|96.78322610048|-442070|-925274||50120.375|280||28000|280|50120.375|X|X|0|2807|0|||3|3|0|1|1|132|66|[]|636148149203750000|13:55:20:375
62|1.1|636147906186376303|2807|50125.375|5.31799176027|96.77287278918|-443218|-924632||50125.375|280||27993.75|280|50125.375|X|X|0|2807|0|||3|3|0|1|1|132|66|["132,66,2"]|636148149253750000|13:55:25:375
62|1.1|636147906236291294|2807|50130.359375|5.32352246698|96.76264822372|-444352|-924003||50130.359375|280||27987.5|280|50130.359375|X|X|0|2807|0|||3|3|0|1|1|132|66|["132,66,2"]|636148149303590000|13:55:30:359
62|1.1|636147906286216286|2807|50135.359375|5.32898880077|96.75261677702|-445464|-923382||50135.359375|280||27987.5|280|50135.359375|X|X|0|2807|0|||3|3|0|1|1|132|66|["132,66,2"]|636148149353590000|13:55:35:359
62|1.1|636147906336141278|2807|50140.3359375|5.3345838804|96.74226883013|-446611|-922746||50140.3359375|280||27993.75|280|50140.3359375|X|X|0|2807|0|||3|3|0|1|1|132|66|["132,66,2"]|636148149403360000|13:55:40:336
62|1.1|636147906386056269|2807|50145.3359375|5.34018968885|96.73197452734|-447752|-922109||50145.3359375|280||28000|280|50145.3359375|X|X|0|2807|0|||3|3|0|1|1|132|66|["132,66,2"]|636148149453360000|13:55:45:336
62|1.1|636147906435981261|2807|50150.3359375|5.34573648879|96.7217070466|-448890|-921478||50150.3359375|280||27993.75|280|50150.3359375|X|X|0|2807|0|||3|3|0|1|1|132|66|["132,66,2"]|636148149503360000|13:55:50:336
62|1.1|636147906485906253|2807|50155.3203125|5.35119745817|96.71160049816|-450011|-920857||50155.3203125|280||28006.25|280|50155.3203125|X|X|0|2807|0|||3|3|0|1|1|132|66|["132,66,2"]|636148149553200000|13:55:55:320
62|1.1|636147906535831245|2807|50160.3203125|5.35671207165|96.70145103444|-451136|-920230||50160.3203125|280||27993.75|280|50160.3203125|X|X|0|2807|0|||3|3|0|1|1|132|66|["132,66,2"]|636148149603200000|13:56:00:320
62|1.1|636147906585756237|2807|50165.296875|5.36208721047|96.69153760476|-452234|-919619||50165.296875|280||27981.25|280|50165.296875|X|X|0|2807|0|||3|3|0|1|1|132|66|["132,66,2"]|636148149652970000|13:56:05:297
62|1.1|636147906635671228|2807|50170.296875|5.36758036631|96.68143105632|-453355|-918994||50170.296875|280||27981.25|280|50170.296875|X|X|0|2807|0|||3|3|0|1|1|132|66|["132,66,2"]|636148149702970000|13:56:10:297
62|1.1|636147906685596220|2807|50175.296875|5.37339002234|96.67070223632|-454544|-918333||50175.296875|280||28000|280|50175.296875|X|X|0|2807|0|||3|3|0|1|1|132|66|["132,66,2"]|636148149752970000|13:56:15:297
62|1.1|636147906735511211|2807|50180.28125|5.37864177973|96.66100338304|-455619|-917736||50180.28125|280||27975|280|50180.28125|X|X|0|2807|0|||3|3|0|1|1|132|66|["132,66,2"]|636148149802810000|13:56:20:281
62|1.1|636147906785436203|2807|50185.28125|5.38424222377|96.65068762261|-456762|-917099||50185.28125|280||27981.25|280|50185.28125|X|X|0|2807|0|||3|3|0|1|1|132|66|["132,66,2"]|636148149852810000|13:56:25:281
62|1.1|636147906835351194|2807|50190.2578125|5.38958517613|96.64077419293|-457860|-916491||50190.2578125|280||27962.5|280|50190.2578125|X|X|0|2807|0|||3|3|0|1|1|132|66|["132,66,2"]|636148149902580000|13:56:30:258
62|1.1|636147906885286187|2807|50195.2578125|5.39491739967|96.63085003443|-458960|-915884||50195.2578125|280||27943.75|280|50195.2578125|X|X|0|2807|0|||3|3|0|1|1|132|66|["132,66,2"]|636148149952580000|13:56:35:258
62|1.1|636147906935201178|2807|50200.2578125|5.40030326731|96.62087223183|-460066|-915272||50200.2578125|280||27925|280|50200.2578125|X|X|0|2807|0|||3|3|0|1|1|132|66|["132,66,2"]|636148150002580000|13:56:40:258
62|1.1|636147906985116169|2807|50205.2421875|5.40573741464|96.61081396308|-461181|-914653||50205.2421875|280||27925|280|50205.2421875|X|X|0|2807|0|||3|3|0|1|1|132|66|["132,66,2"]|636148150052420000|13:56:45:242
62|1.1|636147907035041161|2807|50210.2421875|5.41133785868|96.60043919414|-462331|-914016||50210.2421875|280||27931.25|280|50210.2421875|X|X|0|2807|0|||3|3|0|1|1|132|66|["132,66,2"]|636148150102420000|13:56:50:242
62|1.1|636147907783866036|2807|50285.1171875|5.49409997616|96.44755887355|-479268|-904595||50285.1171875|280||28000|280|50285.1171875|X|X|0|2807|0|||3|3|0|1|1|132|66|[]|636148150851170000|13:58:05:117
62|1.1|636147907833791028|2807|50290.1015625|5.4995394879|96.43747914716|-480385|-903975||50290.1015625|280||28006.25|280|50290.1015625|X|X|0|2807|0|||3|3|0|1|1|132|66|[]|636148150901020000|13:58:10:102
62|1.1|636147907883716020|2807|50295.1015625||||||||||||X|X|X|2807|||||||1|1|0|0|[]|636148150951020000|13:58:15:102
