62|1.1|636147897422159969|4245b0|49248.9609375|21.44533940787|101.56831200694|85346|860300||49248.9609375|350||35037.5|350|49248.9609375|4245b0|KAR2468|0|2040|0|||3|3|0|1|1|132|194|["132,194,5,3493","132,146,4,1820"]|636148140489610000|13:40:48:961
62|1.1|636147897472074960|4245b0|49253.9609375|21.4560843211|101.56418141124|84911|861493||49253.9609375|350||35031.25|350|49253.9609375|4245b0|KAR2468|0|2040|0|||3|3|0|1|1|132|194|["132,194,5,3493","132,146,4,1820"]|636148140539610000|13:40:53:961
62|1.1|636147897521989951|4245b0|49258.9375|21.46632497979|101.55963775597|84433|862630||49258.9375|350||35025|350|49258.9375|4245b0|KAR2468|0|2040|0|||3|3|0|1|1|132|194|["132,194,5,3493","132,146,4,1820"]|636148140589380000|13:40:58:938
62|1.1|636147897571914943|4245b0|49263.9375|21.47651199438|101.5553623212|83983|863762||49263.9375|350||34981.25|350|49263.9375|4245b0|KAR2468|0|2040|0|||3|3|0|1|1|132|194|["132,194,5,3493","132,146,4,1820"]|636148140639380000|13:41:03:938
62|1.1|636147897621829934|4245b0|49268.9375|21.48670973779|101.5522509634|83654|864895||49268.9375|350||34943.75|350|49268.9375|4245b0|KAR2468|0|2040|0|||3|3|0|1|1|132|194|["132,194,5,3493","132,146,4,1820"]|636148140689380000|13:41:08:938
62|1.1|636147897671754926|4245b0|49273.921875|21.49670363362|101.54851733404|83261|866005||49273.921875|350||34950|350|49273.921875|4245b0|KAR2468|0|2040|0|||3|3|0|1|1|132|194|["132,194,5,3493","132,146,4,1820"]|636148140739220000|13:41:13:922
62|1.1|636147897721679918|4245b0|49278.921875|21.50668143622|101.54486417083|82876|867113||49278.921875|350||35000|350|49278.921875|4245b0|KAR2468|0|2040|0|||3|3|0|1|1|132|194|["132,194,5,3493","132,146,4,1820"]|636148140789220000|13:41:18:922
62|1.1|636147897771604910|4245b0|49283.8984375|21.51677725584|101.54013276121|82378|868234||49283.8984375|350||34943.75|350|49283.8984375|4245b0|KAR2468|0|2040|0|||3|3|0|1|1|132|194|["132,194,5,3493","132,146,4,1820"]|636148140838980000|13:41:23:898
62|1.1|636147897821519901|4245b0|49288.8984375|21.52711447391|101.53571785178|81914|869382||49288.8984375|350||34906.25|350|49288.8984375|4245b0|KAR2468|0|2040|0|||3|3|0|1|1|132|194|["132,194,5,3493","132,146,4,1820"]|636148140888980000|13:41:28:898
62|1.1|636147897871444893|4245b0|49293.8984375|21.53781110745|101.53093816247|81412|870570||49293.8984375|350||34818.75|350|49293.8984375|4245b0|KAR2468|0|2040|0|||3|3|0|1|1|132|194|["132,194,5,3493","132,146,4,1820"]|636148140938980000|13:41:33:898
62|1.1|636147897921369885|4245b0|49298.875|21.54776745241|101.52713479578|81011|871676||49298.875|350||34900|350|49298.875|4245b0|KAR2468|0|2040|0|||3|3|0|1|1|132|194|["132,194,5,3493","132,146,4,1820"]|636148140988750000|13:41:38:875
62|1.1|636147897971294877|4245b0|49303.875|21.55773452619|101.52320804766|80598|872783||49303.875|350||34950|350|49303.875|4245b0|KAR2468|0|2040|0|||3|3|0|1|1|132|194|["132,194,5,3493","132,146,4,1820"]|636148141038750000|13:41:43:875
62|1.1|636147898021209868|4245b0|49308.859375|21.56788398991|101.51891651966|80147|873910||49308.859375|350||34950|350|49308.859375|4245b0|KAR2468|0|2040|0|||3|3|0|1|1|132|194|["132,194,5,3493","132,146,4,1820"]|636148141088590000|13:41:48:859
62|1.1|636147898071134860|4245b0|49313.859375|21.57740045325|101.5152901785|79765|874968||49313.859375|350||35012.5|350|49313.859375|4245b0|KAR2468|0|2040|0|||3|3|0|1|1|132|194|["132,194,5,3493","132,146,4,1820"]|636148141138590000|13:41:53:859
62|1.1|636147898121049851|4245b0|49318.859375|21.58746945082|101.51097182845|79311|876086||49318.859375|350||35000|350|49318.859375|4245b0|KAR2468|0|2040|0|||3|3|0|1|1|132|194|["132,194,5,3493","132,146,4,1820"]|636148141188590000|13:41:58:859
62|1.1|636147898170974843|4245b0|49323.8359375|21.59738824491|101.50674467337|78867|877188||49323.8359375|350||35006.25|350|49323.8359375|4245b0|KAR2468|0|2040|0|||3|3|0|1|1|132|194|["132,194,5,3493"]|636148141238360000|13:42:03:836
62|1.1|636147898220899835|4245b0|49328.8359375|21.60718365757|101.50271600146|78443|878276||49328.8359375|350||35018.75|350|49328.8359375|4245b0|KAR2468|0|2040|0|||3|3|0|1|1|132|194|["132,194,5,3493"]|636148141288360000|13:42:08:836
62|1.1|636147898270814826|4245b0|49333.8203125|21.61697907023|101.49861759222|78013|879364||49333.8203125|350||35025|350|49333.8203125|4245b0|KAR2468|0|2040|0|||3|3|0|1|1|132|194|["132,194,5,3493"]|636148141338200000|13:42:13:820
62|1.1|636147898320739818|4245b0|49338.8203125|21.62652772003|101.49475521702|77606|880425||49338.8203125|350||35050|350|49338.8203125|4245b0|KAR2468|0|2040|0|||3|3|0|1|1|132|194|["132,194,5,3493"]|636148141388200000|13:42:18:820
62|1.1|636147898370664810|4245b0|49343.8203125|21.63645187853|101.49048514666|77158|881527||49343.8203125|350||35037.5|350|49343.8203125|4245b0|KAR2468|0|2040|0|||3|3|0|1|1|132|194|["132,194,5,3493"]|636148141438200000|13:42:23:820
62|1.1|636147898420579801|4245b0|49348.796875|21.64673008809|101.48571082176|76657|882669||49348.796875|350||35000|350|49348.796875|4245b0|KAR2468|0|2040|0|||3|3|0|1|1|132|194|["132,194,5,3493"]|636148141487970000|13:42:28:797
62|1.1|636147898470504793|4245b0|49353.796875|21.65627337348|101.48187526861|76254|883729||49353.796875|350||35025|350|49353.796875|4245b0|KAR2468|0|2040|0|||3|3|0|1|1|132|194|["132,194,5,3493"]|636148141537970000|13:42:33:797
62|1.1|636147898520429785|4245b0|49358.78125|21.66637992192|101.47728869806|75772|884852||49358.78125|350||35000|350|49358.78125|4245b0|KAR2468|0|2040|0|||3|3|0|1|1|132|194|["132,194,5,3493"]|636148141587810000|13:42:38:781
62|1.1|636147898570344776|4245b0|49363.78125|21.6763469957|101.4729649836|75318|885959||49363.78125|350||34993.75|350|49363.78125|4245b0|KAR2468|0|2040|0|||3|3|0|1|1|132|194|["132,194,5,3493"]|636148141637810000|13:42:43:781
62|1.1|636147898620279769|4245b0|49368.78125|21.68665739172|101.46814237901|74812|887105||49368.78125|350||34956.25|350|49368.78125|4245b0|KAR2468|0|2040|0|||3|3|0|1|1|132|194|["132,194,5,3493"]|636148141687810000|13:42:48:781
62|1.1|636147898670194760|4245b0|49373.7578125|21.6966244655|101.46378647809|74355|888212||49373.7578125|350||34950|350|49373.7578125|4245b0|KAR2468|0|2040|0|||3|3|0|1|1|132|194|["132,194,5,3493"]|636148141737580000|13:42:53:758
62|1.1|636147898720109751|4245b0|49378.7578125|21.70663445456|101.45936620425|73891|889324||49378.7578125|350||34950|350|49378.7578125|4245b0|KAR2468|0|2040|0|||3|3|0|1|1|132|194|["132,194,5,3493"]|636148141787580000|13:42:58:758
62|1.1|636147898770034743|4245b0|49383.7421875|21.71647814691|101.45511222712|73445|890418||49383.7421875|350||34962.5|350|49383.7421875|4245b0|KAR2468|0|2040|0|||3|3|0|1|1|132|194|["132,194,5,3493"]|636148141837420000|13:43:03:742
62|1.1|636147898819959735|4245b0|49388.7421875|21.72619309342|101.45105136875|73019|891497||49388.7421875|350||34993.75|350|49388.7421875|4245b0|KAR2468|0|2040|0|||3|3|0|1|1|132|194|["132,194,5,3493"]|636148141887420000|13:43:08:742
62|1.1|636147898869884727|4245b0|49393.7421875|21.73625136217|101.44659890845|72552|892615||49393.7421875|350||34981.25|350|49393.7421875|4245b0|KAR2468|0|2040|0|||3|3|0|1|1|132|194|["132,194,5,3493"]|636148141937420000|13:43:13:742
62|1.1|636147898919799718|4245b0|49398.71875|21.74614333421|101.44235029573|72106|893714||49398.71875|350||34981.25|350|49398.71875|4245b0|KAR2468|0|2040|0|||3|3|0|1|1|132|194|["132,194,5,3493"]|636148141987190000|13:43:18:719
62|1.1|636147898969724710|4245b0|49403.71875|21.75582609426|101.43839136115|71690|894790||49403.71875|350||35012.5|350|49403.71875|4245b0|KAR2468|0|2040|0|||3|3|0|1|1|132|194|["132,194,5,3493"]|636148142037190000|13:43:23:719
62|1.1|636147899019649702|4245b0|49408.6953125|21.76597555798|101.43382624824|71212|895918||49408.6953125|350||34975|350|49408.6953125|4245b0|KAR2468|0|2040|0|||3|3|0|1|1|132|194|["132,194,5,3493"]|636148142086950000|13:43:28:695
62|1.1|636147899069564693|4245b0|49413.6953125|21.7760713776|101.42938988117|70746|897040||49413.6953125|350||34950|350|49413.6953125|4245b0|KAR2468|0|2040|0|||3|3|0|1|1|132|194|["132,194,5,3493"]|636148142136950000|13:43:33:695
62|1.1|636147899119489685|4245b0|49418.6953125|21.78628521424|101.4247925818|70264|898174||49418.6953125|350||34925|350|49418.6953125|4245b0|KAR2468|0|2040|0|||3|3|0|1|1|132|194|["132,194,5,3493"]|636148142186950000|13:43:38:695
62|1.1|636147899169414677|4245b0|49423.6796875|21.79648832206|101.4201255451|69775|899308||49423.6796875|350||34893.75|350|49423.6796875|4245b0|KAR2468|0|2040|0|||3|3|0|1|1|132|194|["132,194,5,3493"]|636148142236800000|13:43:43:680
62|1.1|636147899219339669|4245b0|49428.6796875|21.80679335367|101.41539949989|69280|900453||49428.6796875|350||34868.75|350|49428.6796875|4245b0|KAR2468|0|2040|0|||3|3|0|1|1|132|194|["132,194,5,3493"]|636148142286800000|13:43:48:680
62|1.1|636147899269254660|4245b0|49433.65625|21.81698036826|101.41077001406|68795|901585||49433.65625|350||34856.25|350|49433.65625|4245b0|KAR2468|0|2040|0|||3|3|0|1|1|132|194|["132,194,5,3493"]|636148142336560000|13:43:53:656
62|1.1|636147899319179652|4245b0|49438.65625|21.82706009465|101.40635510463|68332|902705||49438.65625|350||34862.5|350|49438.65625|4245b0|KAR2468|0|2040|0|||3|3|0|1|1|132|194|["132,194,5,3493"]|636148142386560000|13:43:58:656
62|1.1|636147899369094643|4245b0|49443.65625|21.83718273632|101.40184363582|67859|903830||49443.65625|350||34875|350|49443.65625|4245b0|KAR2468|0|2040|0|||3|3|0|1|1|132|194|["132,194,5,3493"]|636148142436560000|13:44:03:656
62|1.1|636147899419019635|4245b0|49448.640625|21.8472570983|101.39740190434|67394|904950||49448.640625|350||34887.5|350|49448.640625|4245b0|KAR2468|0|2040|0|||3|3|0|1|1|132|194|["132,194,5,3493"]|636148142486410000|13:44:08:641
62|1.1|636147899468944627|4245b0|49453.640625|21.85758895196|101.39264903708|66896|906098||49453.640625|350||34856.25|350|49453.640625|4245b0|KAR2468|0|2040|0|||3|3|0|1|1|132|194|["132,194,5,3493"]|636148142536410000|13:44:13:641
62|1.1|636147899518869619|4245b0|49458.6171875|21.86772768686|101.38813220386|66423|907225||49458.6171875|350||34868.75|350|49458.6171875|4245b0|KAR2468|0|2040|0|||3|3|0|1|1|132|194|["132,194,5,3493"]|636148142586170000|13:44:18:617
62|1.1|636147899568784610|4245b0|49463.6171875|21.87797907437|101.38349735362|65938|908364||49463.6171875|350||34862.5|350|49463.6171875|4245b0|KAR2468|0|2040|0|||3|3|0|1|1|132|194|["132,194,5,3493"]|636148142636170000|13:44:23:617
62|1.1|636147899618699601|4245b0|49468.6171875|21.88811244486|101.37895369835|65462|909491||49468.6171875|350||34875|350|49468.6171875|4245b0|KAR2468|0|2040|0|||3|3|0|1|1|132|194|["132,194,5,3493"]|636148142686170000|13:44:28:617
62|1.1|636147899668634594|4245b0|49473.6015625|21.89825654417|101.37444759395|64990|910618||49473.6015625|350||34881.25|350|49473.6015625|4245b0|KAR2468|0|2040|0|||3|3|0|1|1|132|194|["132,194,5,3493"]|636148142736020000|13:44:33:602
62|1.1|636147899718549585|4245b0|49478.6015625|21.90836845702|101.36997904042|64522|911742||49478.6015625|350||34900|350|49478.6015625|4245b0|KAR2468|0|2040|0|||3|3|0|1|1|132|194|["132,194,5,3493"]|636148142786020000|13:44:38:602
62|1.1|636147899768474577|4245b0|49483.578125|21.9183355308|101.36567141919|64071|912850||49483.578125|350||34931.25|350|49483.578125|4245b0|KAR2468|0|2040|0|||3|3|0|1|1|132|194|["132,194,5,3493"]|636148142835780000|13:44:43:578
62|1.1|636147899818389568|4245b0|49488.578125|21.92835088427|101.36132624709|63616|913963||49488.578125|350||34956.25|350|49488.578125|4245b0|KAR2468|0|2040|0|||3|3|0|1|1|132|194|["132,194,5,3493"]|636148142885780000|13:44:48:578
62|1.1|636147899868314560|4245b0|49493.578125|21.9383984242|101.35694888853|63158|915080||49493.578125|350||34968.75|350|49493.578125|4245b0|KAR2468|0|2040|0|||3|3|0|1|1|132|194|["132,194,5,3493"]|636148142935780000|13:44:53:578
62|1.1|636147899918229551|4245b0|49498.5625|21.94850497264|101.35245887736|62688|916204||49498.5625|350||34962.5|350|49498.5625|4245b0|KAR2468|0|2040|0|||3|3|0|1|1|132|194|["132,194,5,3493"]|636148142985630000|13:44:58:563
62|1.1|636147899968154543|4245b0|49503.5625|21.95852032611|101.3481351629|62236|917317||49503.5625|350||34981.25|350|49503.5625|4245b0|KAR2468|0|2040|0|||3|3|0|1|1|132|194|["132,194,5,3493"]|636148143035630000|13:45:03:563
62|1.1|636147900018079535|4245b0|49508.5390625|21.96881999331|101.34335010918|61735|918462||49508.5390625|350||34943.75|350|49508.5390625|4245b0|KAR2468|0|2040|0|||3|3|0|1|1|132|194|["132,194,5,3493"]|636148143085390000|13:45:08:539
62|1.1|636147900067994526|4245b0|49513.5390625|21.97897482144|101.33880645391|61260|919591||49513.5390625|350||34937.5|350|49513.5390625|4245b0|KAR2468|0|2040|0|||3|3|0|1|1|132|194|["132,194,5,3493"]|636148143135390000|13:45:13:539
62|1.1|636147900117919518|4245b0|49518.5390625|21.98919402249|101.3341876969|60777|920727||49518.5390625|350||34925|350|49518.5390625|4245b0|KAR2468|0|2040|0|||3|3|0|1|1|132|194|["132,194,5,3493"]|636148143185390000|13:45:18:539
62|1.1|636147900167844510|4245b0|49523.515625|21.99900016397|101.33015902499|60355|921817||49523.515625|350||34975|350|49523.515625|4245b0|KAR2468|0|2040|0|||3|3|0|1|1|132|194|["132,194,5,3493"]|636148143235160000|13:45:23:516
62|1.1|636147900217769502|4245b0|49528.515625|22.00916572092|101.32556709003|59875|922947||49528.515625|350||34968.75|350|49528.515625|4245b0|KAR2468|0|2040|0|||3|3|0|1|1|132|194|["132,194,5,3493"]|636148143285160000|13:45:28:516
62|1.1|636147900267684493|4245b0|49533.5|22.01915425234|101.32120046029|59418|924057||49533.5|350||34987.5|350|49533.5|4245b0|KAR2468|0|2040|0|||3|3|0|1|1|132|194|["132,194,5,3493"]|636148143335000000|13:45:33:500
62|1.1|636147900317609485|4245b0|49538.5|22.02908913966|101.31696257639|58975|925162||49538.5|350||35012.5|350|49538.5|4245b0|KAR2468|0|2040|0|||3|3|0|1|1|132|194|["132,194,5,3493"]|636148143385000000|13:45:38:500
62|1.1|636147900367534477|4245b0|49543.5|22.03923323897|101.31244037876|58502|926290||49543.5|350||35000|350|49543.5|4245b0|KAR2468|0|2040|0|||3|3|0|1|1|132|194|["132,194,5,3493"]|636148143435000000|13:45:43:500
62|1.1|636147900417449468|4245b0|49548.4765625|22.04925395685|101.30805229138|58043|927404||49548.4765625|350||35000|350|49548.4765625|4245b0|KAR2468|0|2040|0|||3|3|0|1|1|132|194|["132,194,5,3493"]|636148143484770000|13:45:48:477
62|1.1|636147900467374460|4245b0|49553.4765625|22.05919957299|101.30385195835|57604|928510||49553.4765625|350||35018.75|350|49553.4765625|4245b0|KAR2468|0|2040|0|||3|3|0|1|1|132|194|["132,194,5,3493"]|636148143534770000|13:45:53:477
62|1.1|636147900517299452|4245b0|49558.4609375|22.06924174851|101.29943704892|57143|929627||49558.4609375|350||35006.25|350|49558.4609375|4245b0|KAR2468|0|2040|0|||3|3|0|1|1|132|194|["132,194,5,3493"]|636148143584610000|13:45:58:461
62|1.1|636147900567224444|4245b0|49563.4609375|22.07928928844|101.29506505477|56686|930744||49563.4609375|350||35006.25|350|49563.4609375|4245b0|KAR2468|0|2040|0|||3|3|0|1|1|132|194|["132,194,5,3493"]|636148143634610000|13:46:03:461
62|1.1|636147900617139435|4245b0|49568.4609375|22.08933146396|101.29071988267|56232|931861||49568.4609375|350||35006.25|350|49568.4609375|4245b0|KAR2468|0|2040|0|||3|3|0|1|1|132|194|["132,194,5,3493"]|636148143684610000|13:46:08:461
62|1.1|636147900667064427|4245b0|49573.4375|22.09920734277|101.28663756666|55805|932959||49573.4375|350||35025|350|49573.4375|4245b0|KAR2468|0|2040|0|||3|3|0|1|1|132|194|["132,194,5,3493"]|636148143734380000|13:46:13:438
62|1.1|636147900716979418|4245b0|49578.4375|22.10943727264|101.28198662319|55319|934097||49578.4375|350||34987.5|350|49578.4375|4245b0|KAR2468|0|2040|0|||3|3|0|1|1|132|194|["132,194,5,3493"]|636148143784380000|13:46:18:438
62|1.1|636147900766904410|4245b0|49583.421875|22.11935606673|101.27782384103|54884|935200||49583.421875|350||35000|350|49583.421875|4245b0|KAR2468|0|2040|0|||3|3|0|1|1|132|194|["132,194,5,3493"]|636148143834220000|13:46:23:422
62|1.1|636147900816829402|4245b0|49588.421875|22.12952698809|101.27328555017|54410|936331||49588.421875|349.75||34968.75|349.75|49588.421875|4245b0|KAR2468|0|2040|0|||3|3|0|1|1|132|194|["132,194,5,3493"]|636148143884220000|13:46:28:422
62|1.1|636147900866754394|4245b0|49593.421875|22.13937604485|101.26934270882|53998|937426||49593.421875|350||35006.25|350|49593.421875|4245b0|KAR2468|0|2040|0|||3|3|0|1|1|132|194|["132,194,5,3493"]|636148143934220000|13:46:33:422
62|1.1|636147900916669385|4245b0|49598.3984375|22.14961670354|101.26468640094|53512|938565||49598.3984375|350||34962.5|350|49598.3984375|4245b0|KAR2468|0|2040|0|||3|3|0|1|1|132|194|["132,194,5,3493"]|636148143983980000|13:46:38:398
62|1.1|636147900966434361|4245b0|49603.3984375|22.1600022013|101.25986916076|53009|939720||49603.3984375|350||34900|350|49603.3984375|4245b0|KAR2468|0|2040|0|||3|3|0|1|1|132|194|["132,194,5,3493"]|636148144033980000|13:46:43:398
62|1.1|636147901016509368|4245b0|49608.375|22.16986198688|101.25589413295|52594|940816||49608.375|350||34943.75|350|49608.375|4245b0|KAR2468|0|2040|0|||3|3|0|1|1|132|194|["132,194,5,3493"]|636148144083750000|13:46:48:375
62|1.1|636147901066284345|4245b0|49613.375|22.17998999296|101.25155968967|52141|941943||49613.375|350||34937.5|350|49613.375|4245b0|KAR2468|0|2040|0|||3|3|0|1|1|132|194|["132,194,5,3493"]|636148144133750000|13:46:53:375
62|1.1|636147901116359352|4245b0|49618.375|22.19002143966|101.24743445838|51710|943059||49618.375|350||34950|350|49618.375|4245b0|KAR2468|0|2040|0|||3|3|0|1|1|132|194|["132,194,5,3493"]|636148144183750000|13:46:58:375
62|1.1|636147901166124328|4245b0|49623.359375|22.20009580164|101.24317511684|51266|944180||49623.359375|350||34943.75|350|49623.359375|4245b0|KAR2468|0|2040|0|||3|3|0|1|1|132|194|["132,194,5,3493"]|636148144233590000|13:47:03:359
62|1.1|636147901216049320|4245b0|49628.359375|22.21031500269|101.23874947859|50804|945316||49628.359375|350||34925|350|49628.359375|4245b0|KAR2468|0|2040|0|||3|3|0|1|1|132|194|["132,194,5,3493"]|636148144283590000|13:47:08:359
62|1.1|636147901265964311|4245b0|49633.3359375|22.22030889852|101.23466179817|50377|946428||49633.3359375|350||34937.5|350|49633.3359375|4245b0|KAR2468|0|2040|0|||3|3|0|1|1|132|194|["132,194,5,3493"]|636148144333360000|13:47:13:336
62|1.1|636147901315889303|4245b0|49638.3359375|22.23048518429|101.2302790752|49920|947560||49638.3359375|349.75||34918.75|349.75|49638.3359375|4245b0|KAR2468|0|2040|0|||3|3|0|1|1|132|194|["132,194,5,3493"]|636148144383360000|13:47:18:336
62|1.1|636147901365804294|4245b0|49643.3359375|22.2406292836|101.22596608956|49470|948688||49643.3359375|349.75||34912.5|349.75|49643.3359375|4245b0|KAR2468|0|2040|0|||3|3|0|1|1|132|194|["132,194,5,3493"]|636148144433360000|13:47:23:336
62|1.1|636147901415739287|4245b0|49648.3203125|22.2507143744|101.22167992597|49023|949810||49648.3203125|349.75||34906.25|349.75|49648.3203125|4245b0|KAR2468|0|2040|0|||3|3|0|1|1|132|194|["132,194,5,3493"]|636148144483200000|13:47:28:320
62|1.1|636147901465644277|4245b0|49653.3203125|22.26074045669|101.21754933027|48592|950926||49653.3203125|350||34937.5|350|49653.3203125|4245b0|KAR2468|0|2040|0|||3|3|0|1|1|132|194|["132,194,5,3493"]|636148144533200000|13:47:33:320
62|1.1|636147901518689581|4245b0|49658.6171875|22.27151219197|101.21290375121|48107|952124||49658.6171875|350||34931.25|350|49658.6171875|4245b0|KAR2468|0|2040|0|||3|3|0|1|1|132|194|["132,194,5,3493"]|636148144586170000|13:47:38:617
62|1.1|636147901568614573|4245b0|49663.6171875|22.28171529979|101.20845129091|47643|953259||49663.6171875|350||34918.75|350|49663.6171875|4245b0|KAR2468|0|2040|0|||3|3|0|1|1|132|194|["132,194,5,3493"]|636148144636170000|13:47:43:617
62|1.1|636147901618529564|4245b0|49668.6015625|22.29185403469|101.20405783912|47185|954387||49668.6015625|350||34918.75|350|49668.6015625|4245b0|KAR2468|0|2040|0|||3|3|0|1|1|132|194|["132,194,5,3493"]|636148144686020000|13:47:48:602
62|1.1|636147901668454556|4245b0|49673.6015625|22.30186402375|101.2000238028|46764|955501||49673.6015625|350||34956.25|350|49673.6015625|4245b0|KAR2468|0|2040|0|||3|3|0|1|1|132|194|["132,194,5,3493"]|636148144736020000|13:47:53:602
62|1.1|636147901718379548|4245b0|49678.578125|22.31218514859|101.19523338467|46265|956649||49678.578125|350||34912.5|350|49678.578125|4245b0|KAR2468|0|2040|0|||3|3|0|1|1|132|194|["132,194,5,3493"]|636148144785780000|13:47:58:578
62|1.1|636147901768294539|4245b0|49683.578125|22.32240971405|101.19071655145|45794|957787||49683.578125|350||34906.25|350|49683.578125|4245b0|KAR2468|0|2040|0|||3|3|0|1|1|132|194|["132,194,5,3493"]|636148144835780000|13:48:03:578
62|1.1|636147901818219531|4245b0|49688.578125|22.33263427951|101.18622654028|45326|958924||49688.578125|350.25||34912.5|350|49688.578125|4245b0|KAR2468|0|2040|0|||3|3|0|1|1|132|194|["132,194,5,3493"]|636148144885780000|13:48:08:578
62|1.1|636147901868144523|4245b0|49693.5625|22.34277837882|101.18187063936|44872|960053||49693.5625|350.5||34937.5|350.5|49693.5625|4245b0|KAR2468|0|2040|0|||3|3|0|1|1|132|194|["132,194,5,3493"]|636148144935630000|13:48:13:563
62|1.1|636147901918069515|4245b0|49698.5625|22.3529063849|101.17753083167|44420|961180||49698.5625|350.75||34968.75|350.75|49698.5625|4245b0|KAR2468|0|2040|0|||3|3|0|1|1|132|194|["132,194,5,3493"]|636148144985630000|13:48:18:563
62|1.1|636147901967984506|4245b0|49703.5390625|22.36322214533|101.17282087969|43929|962327||49703.5390625|350.75||34962.5|350.75|49703.5390625|4245b0|KAR2468|0|2040|0|||3|3|0|1|1|132|194|["132,194,5,3493"]|636148145035390000|13:48:23:539
62|1.1|636147902017909498|4245b0|49708.5390625|22.37316239706|101.16895314008|43526|963433||49708.5390625|351||35031.25|351|49708.5390625|4245b0|KAR2468|0|2040|0|||3|3|0|1|1|132|194|["132,194,5,3493"]|636148145085390000|13:48:28:539
62|1.1|636147902067824489|4245b0|49713.5390625|22.38327430991|101.16472062059|43085|964559||49713.5390625|351||35062.5|351|49713.5390625|4245b0|KAR2468|0|2040|0|||3|3|0|1|1|132|194|["132,194,5,3493"]|636148145135390000|13:48:33:539
62|1.1|636147902117749481|4245b0|49718.515625|22.39345059568|101.16032180439|42627|965691||49718.515625|351||35062.5|351|49718.515625|4245b0|KAR2468|0|2040|0|||3|3|0|1|1|132|194|["132,194,5,3493"]|636148145185160000|13:48:38:516
62|1.1|636147902167674473|4245b0|49723.515625|22.40351422884|101.1562502172|42203|966811||49723.515625|351||35087.5|351|49723.515625|4245b0|KAR2468|0|2040|0|||3|3|0|1|1|132|194|["132,194,5,3493"]|636148145235160000|13:48:43:516
62|1.1|636147902217599465|4245b0|49728.5|22.41355103995|101.15215180796|41776|967928||49728.5|351||35106.25|351|49728.5|4245b0|KAR2468|0|2040|0|||3|3|0|1|1|132|194|["132,194,5,3493"]|636148145285000000|13:48:48:500
62|1.1|636147902267524457|4245b0|49733.5|22.42356102901|101.14826261071|41371|969042||49733.5|351||35131.25|351|49733.5|4245b0|KAR2468|0|2040|0|||3|3|0|1|1|132|194|["132,194,5,3493"]|636148145335000000|13:48:53:500
62|1.1|636147902317439448|4245b0|49738.5|22.43371049273|101.14405154886|40932|970171||49738.5|351||35118.75|351|49738.5|4245b0|KAR2468|0|2040|0|||3|3|0|1|1|132|194|["132,194,5,3493"]|636148145385000000|13:48:58:500
62|1.1|636147902367364440|4245b0|49743.4765625|22.4437794903|101.13995850403|40506|971292||49743.4765625|351||35118.75|351|49743.4765625|4245b0|KAR2468|0|2040|0|||3|3|0|1|1|132|194|["132,194,5,3493"]|636148145434770000|13:49:03:477
62|1.1|636147902417279431|4245b0|49748.4765625|22.45400405576|101.13556505224|40049|972430||49748.4765625|351||35093.75|351|49748.4765625|4245b0|KAR2468|0|2040|0|||3|3|0|1|1|132|194|["132,194,5,3493"]|636148145484770000|13:49:08:477
62|1.1|636147902467204423|4245b0|49753.4609375|22.46413742625|101.13130034629|39605|973558||49753.4609375|351||35081.25|351|49753.4609375|4245b0|KAR2468|0|2040|0|||3|3|0|1|1|132|194|["132,194,5,3493"]|636148145534610000|13:49:13:461
62|1.1|636147902517129415|4245b0|49758.4609375|22.47452828842|101.1265313858|39109|974714||49758.4609375|351||35031.25|351|49758.4609375|4245b0|KAR2468|0|2040|0|||3|3|0|1|1|132|194|["132,194,5,3493"]|636148145584610000|13:49:18:461
62|1.1|636147902567044406|4245b0|49763.4609375|22.48465093009|101.12243834097|38683|975841||49763.4609375|351||35043.75|351|49763.4609375|4245b0|KAR2468|0|2040|0|||3|3|0|1|1|132|194|["132,194,5,3493"]|636148145634610000|13:49:23:461
62|1.1|636147902616969398|4245b0|49768.4375|22.49467701238|101.11845258434|38268|976957||49768.4375|351||35062.5|351|49768.4375|4245b0|KAR2468|0|2040|0|||3|3|0|1|1|132|194|["132,194,5,3493"]|636148145684380000|13:49:28:438
62|1.1|636147902666884389|4245b0|49773.4375|22.50472455231|101.11449364976|37856|978075||49773.4375|351||35081.25|351|49773.4375|4245b0|KAR2468|0|2040|0|||3|3|0|1|1|132|194|["132,194,5,3493"]|636148145734380000|13:49:33:438
62|1.1|636147902716809381|4245b0|49778.421875|22.51497057541|101.10999290977|37388|979216||49778.421875|351||35056.25|351|49778.421875|4245b0|KAR2468|0|2040|0|||3|3|0|1|1|132|194|["132,194,5,3493"]|636148145784220000|13:49:38:422
62|1.1|636147902766734373|4245b0|49783.421875|22.52512540354|101.10579257674|36951|980346||49783.421875|351||35056.25|351|49783.421875|4245b0|KAR2468|0|2040|0|||3|3|0|1|1|132|194|["132,194,5,3493"]|636148145834220000|13:49:43:422
62|1.1|636147902816669366|4245b0|49788.421875|22.53537142664|101.10138839613|36493|981487||49788.421875|351||35043.75|351|49788.421875|4245b0|KAR2468|0|2040|0|||3|3|0|1|1|132|194|["132,194,5,3493"]|636148145884220000|13:49:48:422
62|1.1|636147902866574356|4245b0|49793.3984375|22.54548333949|101.0972417072|36062|982613||49793.3984375|351||35050|351|49793.3984375|4245b0|KAR2468|0|2040|0|||3|3|0|1|1|132|194|["132,194,5,3493"]|636148145933980000|13:49:53:398
62|1.1|636147902916499348|4245b0|49798.3984375|22.55555233706|101.09333105231|35655|983734||49798.3984375|351||35075|351|49798.3984375|4245b0|KAR2468|0|2040|0|||3|3|0|1|1|132|194|["132,194,5,3493"]|636148145983980000|13:49:58:398
62|1.1|636147902966414339|4245b0|49803.375|22.56569107196|101.08911462605|35217|984862||49803.375|351||35075|351|49803.375|4245b0|KAR2468|0|2040|0|||3|3|0|1|1|132|194|["132,194,5,3493"]|636148146033750000|13:50:03:375
62|1.1|636147903016349332|4245b0|49808.375|22.57589417978|101.0849572083|34784|985998||49808.375|351||35062.5|351|49808.375|4245b0|KAR2468|0|2040|0|||3|3|0|1|1|132|194|["132,194,5,3493"]|636148146083750000|13:50:08:375
62|1.1|636147903066264323|4245b0|49813.375|22.58617775375|101.08051011241|34322|987143||49813.375|351||35043.75|351|49813.375|4245b0|KAR2468|0|2040|0|||3|3|0|1|1|132|194|["132,194,5,3493"]|636148146133750000|13:50:13:375
62|1.1|636147903116189315|4245b0|49818.359375|22.5962896666|101.07646534727|33902|988269||49818.359375|351||35050|351|49818.359375|4245b0|KAR2468|0|2040|0|||3|3|0|1|1|132|194|["132,194,5,3493"]|636148146183590000|13:50:18:359
62|1.1|636147903166104306|4245b0|49823.359375|22.60644449473|101.07237230244|33477|989400||49823.359375|351||35056.25|351|49823.359375|4245b0|KAR2468|0|2040|0|||3|3|0|1|1|132|194|["132,194,5,3493"]|636148146233590000|13:50:23:359
62|1.1|636147903216029298|4245b0|49828.3359375|22.61666906019|101.06801640152|33024|990538||49828.3359375|351||35043.75|351|49828.3359375|4245b0|KAR2468|0|2040|0|||3|3|0|1|1|132|194|["132,194,5,3493"]|636148146283360000|13:50:28:336
62|1.1|636147903265954290|4245b0|49833.3359375|22.62690971888|101.06369805147|32575|991678||49833.3359375|351||35037.5|351|49833.3359375|4245b0|KAR2468|0|2040|0|||3|3|0|1|1|132|194|["132,194,5,3493"]|636148146333360000|13:50:33:336
62|1.1|636147903315869281|4245b0|49838.3359375|22.63714501316|101.05939579465|32128|992818||49838.3359375|351||35031.25|351|49838.3359375|4245b0|KAR2468|0|2040|0|||3|3|0|1|1|132|194|["132,194,5,3493"]|636148146383360000|13:50:38:336
62|1.1|636147903365794273|4245b0|49843.3203125|22.64729447688|101.05523301249|31696|993948||49843.3203125|351||35037.5|351|49843.3203125|4245b0|KAR2468|0|2040|0|||3|3|0|1|1|132|194|["132,194,5,3493"]|636148146433200000|13:50:43:320
62|1.1|636147903415719265|4245b0|49848.3203125|22.6574975847|101.05107559474|31264|995084||49848.3203125|351||35043.75|351|49848.3203125|4245b0|KAR2468|0|2040|0|||3|3|0|1|1|132|194|["132,194,5,3493"]|636148146483200000|13:50:48:320
62|1.1|636147903465644257|4245b0|49853.296875|22.66785626041|101.04677333792|30817|996237||49853.296875|351||35006.25|351|49853.296875|4245b0|KAR2468|0|2040|0|||3|3|0|1|1|132|194|["132,194,5,3493"]|636148146532970000|13:50:53:297
62|1.1|636147903515559248|4245b0|49858.296875|22.6782578514|101.04314163235|30440|997396||49858.296875|350.75||34956.25|350.75|49858.296875|4245b0|KAR2468|0|2040|0|||3|3|0|1|1|132|194|["132,194,5,3493"]|636148146582970000|13:50:58:297
62|1.1|636147903565484240|4245b0|49863.296875|22.68890084084|101.04062572406|30178|998581||49863.296875|350.75||34918.75|350.75|49863.296875|4245b0|KAR2468|0|2040|0|||3|3|0|1|1|132|194|["132,194,5,3493"]|636148146632970000|13:51:03:297
62|1.1|636147903615409232|4245b0|49868.28125|22.7003592206|101.03896275696|30004|999858||49868.28125|350.75||34906.25|350.75|49868.28125|4245b0|KAR2468|0|2040|0|||3|3|0|1|1|132|194|["132,194,5,3493"]|636148146682810000|13:51:08:281
62|1.1|636147903665324223|4245b0|49873.28125|22.71181223595|101.04219749619|30336|1001135||49873.28125|350.75||35068.75|350.75|49873.28125|4245b0|KAR2468|0|2040|0|||3|3|0|1|1|132|194|["132,194,5,3493"]|636148146732810000|13:51:13:281
62|1.1|636147903715249215|4245b0|49878.2578125|22.72336181068|101.0418273519|30296|1002422||49878.2578125|350.75||35006.25|350.75|49878.2578125|4245b0|KAR2468|0|2040|0|||3|3|0|1|1|132|194|["132,194,5,3493"]|636148146782580000|13:51:18:258
62|1.1|636147903765164206|4245b0|49883.2578125|22.73467535137|101.04469194684|30590|1003683||49883.2578125|350.75||35050|350.75|49883.2578125|4245b0|KAR2468|0|2040|0|||3|3|0|1|1|132|194|["132,194,5,3493"]|636148146832580000|13:51:23:258
62|1.1|636147903815089198|4245b0|49888.2578125|22.74576895125|101.0480500675|30935|1004919||49888.2578125|350.75||35068.75|350.75|49888.2578125|4245b0|KAR2468|0|2040|0|||3|3|0|1|1|132|194|["132,194,5,3493"]|636148146882580000|13:51:28:258
62|1.1|636147903865014190|4245b0|49893.2421875|22.7562563728|101.05353785893|31500|1006089||49893.2421875|350.75||35100|350.75|49893.2421875|4245b0|KAR2468|0|2040|0|||3|3|0|1|1|132|194|["132,194,5,3493"]|636148146932420000|13:51:33:242
62|1.1|636147903914939182|4245b0|49898.2421875|22.76633073478|101.05957282018|32122|1007213||49898.2421875|350.75||35087.5|350.75|49898.2421875|4245b0|KAR2468|0|2040|0|||3|3|0|1|1|132|194|["132,194,5,3493"]|636148146982420000|13:51:38:242
62|1.1|636147903964864174|4245b0|49903.21875|22.77579355402|101.06633734119|32819|1008268||49903.21875|350.75||35062.5|350.75|49903.21875|4245b0|KAR2468|0|2040|0|||3|3|0|1|1|132|194|["132,194,5,3493"]|636148147032190000|13:51:43:219
62|1.1|636147904014779165|4245b0|49908.21875|22.78438197443|101.07470582079|33682|1009228||49908.21875|351||35012.5|351|49908.21875|4245b0|KAR2468|0|2040|0|||3|3|0|1|1|132|194|["132,194,5,3493"]|636148147082190000|13:51:48:219
62|1.1|636147904064694156|4245b0|49913.21875|22.79501959946|101.07783863623|34004|1010413||49913.21875|351||34987.5|351|49913.21875|4245b0|KAR2468|0|2040|0|||3|3|0|1|1|132|194|["132,194,5,3493"]|636148147132190000|13:51:53:219
62|1.1|636147904114629149|4245b0|49918.1953125|22.80386551155|101.08475872513|34717|1011400||49918.1953125|351||34906.25|351|49918.1953125|4245b0|KAR2468|0|2040|0|||3|3|0|1|1|132|194|["132,194,5,3493"]|636148147181950000|13:51:58:195
62|1.1|636147904164544140|4245b0|49923.1953125|22.81546336597|101.08730681988|34978|1012693||49923.1953125|351.25||35025|351.25|49923.1953125|4245b0|KAR2468|0|2040|0|||3|3|0|1|1|132|194|["132,194,5,3493"]|636148147231950000|13:52:03:195
62|1.1|636147904214459131|4245b0|49928.1796875|22.82745818673|101.08836360865|35085|1014030||49928.1796875|351||35106.25|351|49928.1796875|4245b0|KAR2468|0|2040|0|||3|3|0|1|1|132|194|["132,194,5,3493"]|636148147281800000|13:52:08:180
62|1.1|636147904264384123|4245b0|49933.1796875|22.83718386206|101.09438784108|35705|1015115||49933.1796875|351||35093.75|351|49933.1796875|4245b0|KAR2468|0|2040|0|||3|3|0|1|1|132|194|["132,194,5,3493"]|636148147331800000|13:52:13:180
62|1.1|636147904314309115|4245b0|49938.1796875|22.84697391031|101.09982735282|36265|1016208||49938.1796875|351||35081.25|351|49938.1796875|4245b0|KAR2468|0|2040|0|||3|3|0|1|1|132|194|["132,194,5,3493"]|636148147381800000|13:52:18:180
62|1.1|636147904364224106|4245b0|49943.15625|22.84778393622|101.12174096767|38529|1016302||49943.15625|351||34743.75|351|49943.15625|4245b0|KAR2468|0|2040|0|||3|3|0|1|1|132|194|["132,194,5,3493"]|636148147431560000|13:52:23:156
62|1.1|636147904414149098|4245b0|49948.15625|22.86021327419|101.12510445274|38873|1017688||49948.15625|351||34943.75|351|49948.15625|4245b0|KAR2468|0|2040|0|||3|3|0|1|1|132|194|["132,194,5,3493"]|636148147481560000|13:52:28:156
62|1.1|636147904464074090|4245b0|49953.140625|22.86868904199|101.13273264376|39659|1018635||49953.140625|351||34893.75|351|49953.140625|4245b0|KAR2468|0|2040|0|||3|3|0|1|1|132|194|["132,194,5,3493"]|636148147531410000|13:52:33:141
62|1.1|636147904513989081|4245b0|49958.140625|22.87997039622|101.13665939188|40062|1019894||49958.140625|351||34993.75|351|49958.140625|4245b0|KAR2468|0|2040|0|||3|3|0|1|1|132|194|["132,194,5,3493"]|636148147581410000|13:52:38:141
62|1.1|636147904563914073|4245b0|49963.140625|22.89053828392|101.14142835237|40552|1021072||49963.140625|351||35050|351|49963.140625|4245b0|KAR2468|0|2040|0|||3|3|0|1|1|132|194|["132,194,5,3493"]|636148147631410000|13:52:43:141
62|1.1|636147904613839065|4245b0|49968.1171875|22.9005053577|101.14706098287|41131|1022184||49968.1171875|351||35081.25|351|49968.1171875|4245b0|KAR2468|0|2040|0|||3|3|0|1|1|132|194|["132,194,5,3493"]|636148147681170000|13:52:48:117
62|1.1|636147904663764057|4245b0|49973.1171875|22.9101612957|101.15312813058|41755|1023262||49973.1171875|351||35093.75|351|49973.1171875|4245b0|KAR2468|0|2040|0|||3|3|0|1|1|132|194|["132,194,5,3493"]|636148147731170000|13:52:53:117
62|1.1|636147904713679048|4245b0|49978.1015625|22.91953291997|101.15965661755|42427|1024308||49978.1015625|351||35100|351|49978.1015625|4245b0|KAR2468|0|2040|0|||3|3|0|1|1|132|194|["132,194,5,3493"]|636148147781020000|13:52:58:102
62|1.1|636147904763604040|4245b0|49983.1015625|22.92945171406|101.16513368016|42990|1025415||49983.1015625|351||35112.5|351|49983.1015625|4245b0|KAR2468|0|2040|0|||3|3|0|1|1|132|194|["132,194,5,3493"]|636148147831020000|13:53:03:102
62|1.1|636147904813519031|4245b0|49988.1015625|22.93904864355|101.17135639576|43630|1026486||49988.1015625|351||35112.5|351|49988.1015625|4245b0|KAR2468|0|2040|0|||3|3|0|1|1|132|194|["132,194,5,3493"]|636148147881020000|13:53:08:102
62|1.1|636147904863444023|4245b0|49993.078125|22.94901035292|101.17667789048|44177|1027598||49993.078125|351||35112.5|351|49993.078125|4245b0|KAR2468|0|2040|0|||3|3|0|1|1|132|194|["132,194,5,3493"]|636148147930780000|13:53:13:078
62|1.1|636147904913369015|4245b0|49998.078125|22.95863410446|101.18282013993|44808|1028672||49998.078125|351||35106.25|351|49998.078125|4245b0|KAR2468|0|2040|0|||3|3|0|1|1|132|194|["132,194,5,3493"]|636148147980780000|13:53:18:078
62|1.1|636147904963294007|4245b0|50003.0625|22.96769459295|101.19020156809|45568|1029684||50003.0625|351||35093.75|351|50003.0625|4245b0|KAR2468|0|2040|0|||3|3|0|1|1|132|194|["132,194,5,3493"]|636148148030630000|13:53:23:063
62|1.1|636147905013218999|4245b0|50008.0625|22.97720569188|101.1967515127|46241|1030746||50008.0625|351||35087.5|351|50008.0625|4245b0|KAR2468|0|2040|0|||3|3|0|1|1|132|194|["132,194,5,3493"]|636148148080630000|13:53:28:063
62|1.1|636147905063133990|4245b0|50013.0625|22.98712448597|101.20238950761|46820|1031853||50013.0625|351||35081.25|351|50013.0625|4245b0|KAR2468|0|2040|0|||3|3|0|1|1|132|194|["132,194,5,3493"]|636148148130630000|13:53:33:063
62|1.1|636147905113048981|4245b0|50018.0390625|22.99704328006|101.20791484991|47388|1032960||50018.0390625|351||35075|351|50018.0390625|4245b0|KAR2468|0|2040|0|||3|3|0|1|1|132|194|["132,194,5,3493"]|636148148180390000|13:53:38:039
62|1.1|636147905162973973|4245b0|50023.0390625|23.00711764204|101.21315587848|47926|1034085||50023.0390625|351||35068.75|351|50023.0390625|4245b0|KAR2468|0|2040|0|||3|3|0|1|1|132|194|["132,194,5,3493"]|636148148230390000|13:53:43:039
62|1.1|636147905212898965|4245b0|50028.015625|23.01662874097|101.21909964476|48537|1035147||50028.015625|351||35062.5|351|50028.015625|4245b0|KAR2468|0|2040|0|||3|3|0|1|1|132|194|["132,194,5,3493"]|636148148280160000|13:53:48:016
62|1.1|636147905262823957|4245b0|50033.015625|23.02617739077|101.22509169073|49152|1036213||50033.015625|351||35062.5|351|50033.015625|4245b0|KAR2468|0|2040|0|||3|3|0|1|1|132|194|[]|636148148330160000|13:53:53:016
62|1.1|636147905312738948|4245b0|50038.015625|23.03572067616|101.23106764347|49766|1037278||50038.015625|351||35062.5|351|50038.015625|4245b0|KAR2468|0|2040|0|||3|3|0|1|1|132|194|[]|636148148380160000|13:53:58:016
62|1.1|636147905362663940|X|50043||||||||||||X|X|X|2040|||||||1|1|0|0|[]|636148148430000000|13:54:03:000
