62|1.1|636147908922549893|4bb1c5|50398.3984375|11.71793673785|104.57614205835|417494|-214656||50398.3984375|287.25||28862.5|287.25|50398.3984375|4bb1c5|THY166|0|2072|768.75|||3|3|1|1|1|132|162|["132,162,5"]|636148151983980000|13:59:58:398
62|1.1|636147908941271765|4bb1c5|50400.859375|11.71920273861|104.57184516594|417023|-214523||50400.859375|287.25||28912.5|287.5|50400.859375|4bb1c5|THY166|0|2072|768.75|||3|3|1|1|1|132|162|["132,162,5"]|636148152008590000|14:00:00:859
62|1.1|636147908991196757|4bb1c5|50405.859375|11.72036145117|104.56255400782|416007|-214409||50405.859375|287.5||28887.5|288.25|50405.859375|4bb1c5|THY166|0|2072|687.5|||3|3|1|1|1|132|162|["132,162,5"]|636148152058590000|14:00:05:859
62|1.1|636147909041121749|4bb1c5|50410.859375|11.72097835832|104.55174472167|414826|-214359||50410.859375|288||28906.25|288.25|50410.859375|4bb1c5|THY166|0|2072|612.5|||3|3|1|1|1|132|162|["132,162,5"]|636148152108590000|14:00:10:859
62|1.1|636147909091036740|4bb1c5|50415.8359375|11.72108028211|104.54106954577|413661|-214364||50415.8359375|288.25||28925|288.5|50415.8359375|4bb1c5|THY166|0|2072|512.5|||3|3|1|1|1|132|162|["132,162,5"]|636148152158360000|14:00:15:836
62|1.1|636147909140961732|4bb1c5|50420.8359375|11.72096226509|104.53000813235|412454|-214395||50420.8359375|288.75||28950|289.25|50420.8359375|4bb1c5|THY166|0|2072|493.75|||3|3|1|1|1|132|162|["132,162,5"]|636148152208360000|14:00:20:836
62|1.1|636147909190886724|4bb1c5|50425.8203125|11.72073695987|104.5182332524|411169|-214438||50425.8203125|289||28975|289.25|50425.8203125|4bb1c5|THY166|0|2072|450|||3|3|1|1|1|132|162|["132,162,5"]|636148152258200000|14:00:25:820
62|1.1|636147909240801715|4bb1c5|50430.8203125|11.72099445155|104.50197372569|409394|-214435||50430.8203125|289.25||28993.75|289.5|50430.8203125|4bb1c5|THY166|0|2072|393.75|||3|3|1|1|1|132|162|["132,162,5"]|636148152308200000|14:00:30:820
62|1.1|636147909290726707|4bb1c5|50435.8203125|11.7214504264|104.49120735482|408218|-214402||50435.8203125|289.25||29043.75|289.75|50435.8203125|4bb1c5|THY166|0|2072|393.75|||3|3|1|1|1|132|162|["132,162,5"]|636148152358200000|14:00:35:820
62|1.1|636147909340641698|4bb1c5|50440.796875|11.72104273124|104.47974361065|406968|-214465||50440.796875|289.75||29043.75|290.25|50440.796875|4bb1c5|THY166|0|2072|356.25|||3|3|1|1|1|132|162|["132,162,5"]|636148152407970000|14:00:40:797
62|1.1|636147909390566690|4bb1c5|50445.796875|11.72137532466|104.46883776512|405777|-214445||50445.796875|289.75||29087.5|290.25|50445.796875|4bb1c5|THY166|0|2072|356.25|||3|3|1|1|1|132|162|["132,162,5"]|636148152457970000|14:00:45:797
62|1.1|636147909440481681|4bb1c5|50450.78125|11.72168646044|104.45184331424|403922|-214437||50450.78125|290.5||29100|290.5|50450.78125|4bb1c5|THY166|0|2072|375|||3|3|1|1|1|132|162|["132,162,5"]|636148152507810000|14:00:50:781
62|1.1|636147909490406673|4bb1c5|50455.78125|11.72200832504|104.44031519715|402663|-214419||50455.78125|290.5||29143.75|290.75|50455.78125|4bb1c5|THY166|0|2072|375|||3|3|1|1|1|132|162|["132,162,5"]|636148152557810000|14:00:55:781
62|1.1|636147909540331665|4bb1c5|50460.78125|11.72253403722|104.42297205962|400769|-214388||50460.78125|291.25||29168.75|291.5|50460.78125|4bb1c5|THY166|0|2072|412.5|||3|3|1|1|1|132|162|["132,162,5"]|636148152607810000|14:01:00:781
62|1.1|636147909590256657|4bb1c5|50465.7578125|11.72287735946|104.41091823035|399453|-214369||50465.7578125|291.25||29212.5|291.75|50465.7578125|4bb1c5|THY166|0|2072|412.5|||3|3|1|1|1|132|162|["132,162,5"]|636148152657580000|14:01:05:758
62|1.1|636147909640181649|4bb1c5|50470.7578125|11.72457787743|104.3959783485|397820|-214203||50470.7578125|292||29212.5|292.25|50470.7578125|4bb1c5|THY166|0|2072|431.25|||3|3|1|1|1|132|163|["132,162,5"]|636148152707580000|14:01:10:758
62|1.1|636147909690096640|4bb1c5|50475.7421875|11.72528061514|104.3823527471|396332|-214146||50475.7421875|292.5||29275|292.5|50475.7421875|4bb1c5|THY166|0|2072|475|||3|3|1|1|1|132|162|["132,162,5"]|636148152757420000|14:01:15:742
62|1.1|636147909740021632|4bb1c5|50480.7421875|11.72578486968|104.36929040875|394905|-214110||50480.7421875|293||29331.25|293.25|50480.7421875|4bb1c5|THY166|0|2072|512.5|||3|3|1|1|1|132|162|["132,162,5"]|636148152807420000|14:01:20:742
62|1.1|636147909789936623|4bb1c5|50485.7421875|11.72625693776|104.3566572232|393526|-214077||50485.7421875|293.5||29368.75|293.75|50485.7421875|4bb1c5|THY166|0|2072|550|||3|3|1|1|1|132|162|["132,162,5"]|636148152857420000|14:01:25:742
62|1.1|636147909839861615|4bb1c5|50490.71875|11.72663781087|104.34468386008|392219|-214053||50490.71875|294||29412.5|294.25|50490.71875|4bb1c5|THY166|0|2072|568.75|||3|3|1|1|1|132|162|["132,162,5"]|636148152907190000|14:01:30:719
62|1.1|636147909889786607|4bb1c5|50495.71875|11.7269757687|104.33304845479|390948|-214033||50495.71875|294.5||29450|294.75|50495.71875|4bb1c5|THY166|0|2072|587.5|||3|3|1|1|1|132|162|["132,162,5"]|636148152957190000|14:01:35:719
62|1.1|636147909939711599|4bb1c5|50500.6953125|11.72741028591|104.32068348974|389598|-214003||50500.6953125|294.5||29493.75|295.25|50500.6953125|4bb1c5|THY166|0|2072|587.5|||3|3|1|1|1|132|162|["132,162,5"]|636148153006950000|14:01:40:695
62|1.1|636147909989626590|4bb1c5|50505.6953125|11.72755512498|104.31037309372|388473|-214003||50505.6953125|295.5||29537.5|295.75|50505.6953125|4bb1c5|THY166|0|2072|587.5|||3|3|1|1|1|132|162|["132,162,5"]|636148153056950000|14:01:45:695
62|1.1|636147910039551582|4bb1c5|50510.6953125|11.72721180274|104.30190269033|387549|-214053||50510.6953125|296||29587.5|296.25|50510.6953125|4bb1c5|THY166|0|2072|612.5|||3|3|1|1|1|132|162|["132,162,5"]|636148153106950000|14:01:50:695
62|1.1|636147910089466573|4bb1c5|50515.6796875|11.7275122097|104.29022436976|386274|-214037||50515.6796875|296||29631.25|296.75|50515.6796875|4bb1c5|THY166|0|2072|612.5|||3|3|1|1|1|132|162|["132,162,5"]|636148153156800000|14:01:55:680
62|1.1|636147910139391565|4bb1c5|50520.6796875|11.72780725225|104.27870698149|385017|-214022||50520.6796875|296||29681.25|297.25|50520.6796875|4bb1c5|THY166|0|2072|612.5|||3|3|1|1|1|132|162|[]|636148153206800000|14:02:00:680
62|1.1|636147910189316557|4bb1c5|50525.65625|11.72716352305|104.27049406978|384122|-214105||50525.65625|297.25||29737.5|297.5|50525.65625|4bb1c5|THY166|0|2072|531.25|||3|3|1|1|1|132|162|["132,162,5"]|636148153256560000|14:02:05:656
62|1.1|636147910239241549|4bb1c5|50530.65625|11.72623548012|104.26450202381|383469|-214217||50530.65625|297.75||29787.5|298.25|50530.65625|4bb1c5|THY166|0|2072|531.25|||3|3|1|1|1|132|162|["132,162,5"]|636148153306560000|14:02:10:656
62|1.1|636147910289156540|4bb1c5|50535.65625|11.72581705614|104.25488363668|382420|-214277||50535.65625|298.25||29843.75|298.5|50535.65625|4bb1c5|THY166|0|2072|531.25|||3|3|1|1|1|132|162|["132,162,5"]|636148153356560000|14:02:15:656
62|1.1|636147910339081532|4bb1c5|50540.640625|11.72535571688|104.24689603019|381549|-214340||50540.640625|298.75||29887.5|299.25|50540.640625|4bb1c5|THY166|0|2072|550|||3|3|1|1|1|132|162|["132,162,5"]|636148153406410000|14:02:20:641
62|1.1|636147910388996523|4bb1c5|50545.640625|11.72507676756|104.23883868637|380670|-214383||50545.640625|299.25||29937.5|299.5|50545.640625|4bb1c5|THY166|0|2072|568.75|||3|3|1|1|1|132|162|["132,162,5"]|636148153456410000|14:02:25:641
62|1.1|636147910438921515|4bb1c5|50550.6171875|11.72712597218|104.22131852331|378755|-214182||50550.6171875|300||29962.5|300.25|50550.6171875|4bb1c5|THY166|0|2072|631.25|||3|3|1|1|1|132|162|["132,162,5"]|636148153506170000|14:02:30:617
62|1.1|636147910488846507|4bb1c5|50555.6171875|11.72776433697|104.21089547468|377617|-214126||50555.6171875|300.75||30031.25|300.75|50555.6171875|4bb1c5|THY166|0|2072|731.25|||3|3|1|1|1|132|162|["132,162,5"]|636148153556170000|14:02:35:617
62|1.1|636147910538781500|4bb1c5|50560.6171875|11.73057528781|104.19634183035|376024|-213836||50560.6171875|301.25||30106.25|301.5|50560.6171875|4bb1c5|THY166|0|2072|750|||3|3|1|1|1|132|162|["132,162,5"]|636148153606170000|14:02:40:617
62|1.1|636147910588696491|4bb1c5|50565.6015625|11.73225434814|104.1852106796|374807|-213666||50565.6015625|301.25||30162.5|302.25|50565.6015625|4bb1c5|THY166|0|2072|750|||3|3|1|1|1|132|162|["132,162,5"]|636148153656020000|14:02:45:602
62|1.1|636147910638611482|4bb1c5|50570.6015625|11.73395486611|104.1739454186|373575|-213494||50570.6015625|301.25||30218.75|302.75|50570.6015625|4bb1c5|THY166|0|2072|750|||3|3|1|1|1|132|162|["132,162,5"]|636148153706020000|14:02:50:602
62|1.1|636147910688526473|4bb1c5|50575.578125|11.73626692682|104.16267479319|372342|-213254||50575.578125|303.5||30337.5|303.75|50575.578125|4bb1c5|THY166|0|2072|825|||3|3|1|1|1|132|162|["132,162,5"]|636148153755780000|14:02:55:578
62|1.1|636147910738451465|4bb1c5|50580.578125|11.73848779256|104.15155437126|371126|-213024||50580.578125|303.5||30406.25|304.25|50580.578125|4bb1c5|THY166|0|2072|825|||3|3|1|1|1|132|162|["132,162,5"]|636148153805780000|14:03:00:578
62|1.1|636147910788376457|4bb1c5|50585.578125|11.74071402271|104.14043394933|369909|-212793||50585.578125|303.5||30468.75|304.75|50585.578125|4bb1c5|THY166|0|2072|825|||3|3|1|1|1|132|162|["132,162,5"]|636148153855780000|14:03:05:578
62|1.1|636147910838291448|4bb1c5|50590.5625|11.74277932056|104.12980705312|368746|-212580||50590.5625|305.5||30531.25|305.5|50590.5625|4bb1c5|THY166|0|2072|731.25|||3|3|1|1|1|132|5|["132,162,5"]|636148153905630000|14:03:10:563
62|1.1|636147910888226441|4bb1c5|50595.5625|11.74493581338|104.12055344587|367733|-212354||50595.5625|306||30587.5|306.25|50595.5625|4bb1c5|THY166|0|2072|706.25|||3|3|1|1|1|132|5|["132,162,5"]|636148153955630000|14:03:15:563
62|1.1|636147910938141432|4bb1c5|50600.5390625|11.74881428181|104.10755011603|366309|-211943||50600.5390625|306.5||30675|306.75|50600.5390625|4bb1c5|THY166|0|2072|687.5|||3|3|1|1|1|132|162|["132,162,5"]|636148154005390000|14:03:20:539
62|1.1|636147910988056423|4bb1c5|50605.5390625|11.7551389212|104.08191360064|363503|-211278||50605.5390625|307||30750|307.25|50605.5390625|4bb1c5|THY166|0|2072|687.5|||3|3|1|1|1|132|162|["132,162,5"]|636148154055390000|14:03:25:539
62|1.1|636147911037981415|4bb1c5|50610.5390625|11.75879744882|104.07000461044|362198|-210890||50610.5390625|307.5||30793.75|307.75|50610.5390625|4bb1c5|THY166|0|2072|650|||3|3|1|1|1|132|162|["132,162,5"]|636148154105390000|14:03:30:539
62|1.1|636147911087906407|4bb1c5|50615.515625|11.76235941706|104.05949036684|361046|-210510||50615.515625|308||30800|308.25|50615.515625|4bb1c5|THY166|0|2072|587.5|||3|3|1|1|1|132|162|["132,18,5,3810","132,162,5"]|636148154155160000|14:03:35:516
62|1.1|636147911137821398|4bb1c5|50620.515625|11.76619497021|104.04840749578|359831|-210101||50620.515625|308.5||30837.5|308.5|50620.515625|4bb1c5|THY166|0|2072|587.5|||3|3|1|1|1|132|162|["132,18,5,3810","132,162,5"]|636148154205160000|14:03:40:516
62|1.1|636147911187756391|4bb1c5|50625.5|11.77045967616|104.03758748081|358645|-209643||50625.5|309.25||30881.25|309.25|50625.5|4bb1c5|THY166|0|2072|650|||3|3|1|1|1|132|162|["132,18,5,3810","132,162,5"]|636148154255000000|14:03:45:500
62|1.1|636147911237671382|4bb1c5|50630.5|11.77460636509|104.02670845733|357452|-209199||50630.5|309.75||30925|310.25|50630.5|4bb1c5|THY166|0|2072|687.5|||3|3|1|1|1|132|162|["132,18,5,3810","132,162,5"]|636148154305000000|14:03:50:500
62|1.1|636147911287596374|4bb1c5|50635.5|11.77925194415|104.01602255261|356280|-208700||50635.5|310.5||30975|310.5|50635.5|4bb1c5|THY166|0|2072|731.25|||3|3|1|1|1|132|162|["132,18,5,3810","132,162,5"]|636148154355000000|14:03:55:500
62|1.1|636147911337511365|4bb1c5|50640.4765625|11.7833020737|104.00546002932|355122|-208266||50640.4765625|311.25||31056.25|311.25|50640.4765625|4bb1c5|THY166|0|2072|787.5|||3|3|1|1|1|132|162|["132,18,5,3810","132,162,5"]|636148154404770000|14:04:00:477
62|1.1|636147911387436357|4bb1c5|50645.4765625|11.78797447481|103.99501552305|353976|-207763||50645.4765625|311.75||31125|312.25|50645.4765625|4bb1c5|THY166|0|2072|787.5|||3|3|1|1|1|132|162|["132,162,5"]|636148154454770000|14:04:05:477
62|1.1|636147911437371350|4bb1c5|50650.4609375|11.79246985039|103.98472122026|352847|-207279||50650.4609375|312.5||31200|312.75|50650.4609375|4bb1c5|THY166|0|2072|787.5|||3|3|1|1|1|132|162|["132,162,5"]|636148154504610000|14:04:10:461
62|1.1|636147911487276340|4bb1c5|50655.4609375|11.79748557374|103.97467904474|351745|-206737||50655.4609375|313.25||31262.5|313.25|50655.4609375|4bb1c5|THY166|0|2072|806.25|||3|3|1|1|1|132|162|["132,162,5"]|636148154554610000|14:04:15:461
62|1.1|636147911537201332|4bb1c5|50660.4609375|11.80236718684|103.96482998798|350664|-206210||50660.4609375|313.75||31318.75|314.25|50660.4609375|4bb1c5|THY166|0|2072|787.5|||3|3|1|1|1|132|162|["132,162,5"]|636148154604610000|14:04:20:461
62|1.1|636147911587116323|4bb1c5|50665.4375|11.80759212218|103.95517404998|349603|-205645||50665.4375|314.5||31381.25|314.75|50665.4375|4bb1c5|THY166|0|2072|787.5|||3|3|1|1|1|132|162|["132,162,5"]|636148154654380000|14:04:25:438
62|1.1|636147911637051316|4bb1c5|50670.4375|11.81282778634|103.94532499322|348521|-205078||50670.4375|315.25||31468.75|315.25|50670.4375|4bb1c5|THY166|0|2072|806.25|||3|3|1|1|1|132|162|["132,162,5"]|636148154704380000|14:04:30:438
62|1.1|636147911686966307|4bb1c5|50675.421875|11.81804735727|103.93579243665|347474|-204513||50675.421875|316||31550|316.25|50675.421875|4bb1c5|THY166|0|2072|843.75|||3|3|1|1|1|132|162|["132,162,5"]|636148154754220000|14:04:35:422
62|1.1|636147911736881298|4bb1c5|50680.421875|11.8236424369|103.92592192225|346390|-203907||50680.421875|316||31618.75|316.75|50680.421875|4bb1c5|THY166|0|2072|843.75|||3|3|1|1|1|132|162|["132,162,5"]|636148154804220000|14:04:40:422
62|1.1|636147911786806290|4bb1c5|50685.421875|11.8300260848|103.91537012778|345231|-203214||50685.421875|317.25||31662.5|317.25|50685.421875|4bb1c5|THY166|0|2072|787.5|||3|3|1|1|1|132|162|["132,18,5,3814","132,162,5"]|636148154854220000|14:04:45:422
62|1.1|636147911836731282|4bb1c5|50690.3984375|11.83584646965|103.90520993524|344115|-202583||50690.3984375|317.75||31706.25|318.25|50690.3984375|4bb1c5|THY166|0|2072|768.75|||3|3|1|1|1|132|162|["132,18,5,3814","132,162,5"]|636148154903980000|14:04:50:398
62|1.1|636147911886656274|4bb1c5|50695.3984375|11.84179023593|103.89534478525|343030|-201938||50695.3984375|318.25||31750|318.5|50695.3984375|4bb1c5|THY166|0|2072|706.25|||3|3|1|1|1|132|162|["132,18,5,3814","132,162,5"]|636148154953980000|14:04:55:398
62|1.1|636147911936571265|4bb1c5|50700.375|11.84763744283|103.8854474488|341943|-201304||50700.375|318.75||31800|319.25|50700.375|4bb1c5|THY166|0|2072|650|||3|3|1|1|1|132|162|["132,18,5,3814","132,162,5","132,178,4"]|636148155003750000|14:05:00:375
62|1.1|636147911986496257|4bb1c5|50705.375|11.85349537855|103.87541063769|340841|-200668||50705.375|319||31850|319.25|50705.375|4bb1c5|THY166|0|2072|587.5|||3|3|1|1|1|132|162|["132,18,5,3814","132,162,5","132,178,4"]|636148155053750000|14:05:05:375
62|1.1|636147912036421249|4bb1c5|50710.375|11.85891343265|103.86513779254|339714|-200082||50710.375|319.5||31937.5|319.5|50710.375|4bb1c5|THY166|0|2072|493.75|||3|3|1|1|1|132|162|["132,18,5,3814","132,162,5","132,178,4"]|636148155103750000|14:05:10:375
62|1.1|636147912086336240|4bb1c5|50715.359375|11.86471235986|103.85520290522|338622|-199453||50715.359375|319.75||32000|319.75|50715.359375|4bb1c5|THY166|0|2072|412.5|||3|3|1|1|1|132|162|["132,18,5,3814","132,178,5,1939","132,162,5"]|636148155153590000|14:05:15:359
62|1.1|636147912136261232|4bb1c5|50720.359375|11.87059711763|103.84513927206|337517|-198814||50720.359375|320.25||32050|320.25|50720.359375|4bb1c5|THY166|0|2072|431.25|||3|3|1|1|1|132|162|["132,18,5,3814","132,178,5,1939","132,162,5"]|636148155203590000|14:05:20:359
62|1.1|636147912186186224|4bb1c5|50725.3359375|11.87657307037|103.83500590157|336404|-198166||50725.3359375|320.75||32093.75|320.75|50725.3359375|4bb1c5|THY166|0|2072|475|||3|3|1|1|1|132|162|["132,18,5,3814","132,178,5,1939","132,162,5"]|636148155253360000|14:05:25:336
62|1.1|636147912236101215|4bb1c5|50730.3359375|11.88214669236|103.82555381115|335366|-197561||50730.3359375|321.25||32112.5|321.25|50730.3359375|4bb1c5|THY166|0|2072|493.75|||3|3|1|1|1|132|162|["132,18,5,3814","132,178,5,1939","132,162,5"]|636148155303360000|14:05:30:336
62|1.1|636147912286026207|4bb1c5|50735.3359375|11.88788124665|103.81595688166|334312|-196939||50735.3359375|321.5||32150|321.5|50735.3359375|4bb1c5|THY166|0|2072|512.5|||3|3|1|1|1|132|162|["132,18,5,3814","132,178,5,1939","132,162,5"]|636148155353360000|14:05:35:336
62|1.1|636147912335951199|4bb1c5|50740.3203125|11.89369090268|103.80606490962|333226|-196308||50740.3203125|322||32212.5|322.25|50740.3203125|4bb1c5|THY166|0|2072|550|||3|3|1|1|1|132|162|["132,18,5,3814","132,178,5,1939","132,162,5"]|636148155403200000|14:05:40:320
62|1.1|636147912385866190|4bb1c5|50745.3203125|11.89950592312|103.79627486137|332151|-195677||50745.3203125|322.5||32262.5|322.5|50745.3203125|4bb1c5|THY166|0|2072|568.75|||3|3|1|1|1|132|162|["132,18,5,3814","132,178,4,1939","132,162,5"]|636148155453200000|14:05:45:320
62|1.1|636147912435791182|4bb1c5|50750.296875|11.90553551996|103.78659210132|331087|-195022||50750.296875|322.75||32300|322.75|50750.296875|4bb1c5|THY166|0|2072|531.25|||3|3|1|1|1|132|162|["132,18,5,3814","132,178,4,1939","132,162,5"]|636148155502970000|14:05:50:297
62|1.1|636147912485716174|4bb1c5|50755.296875|11.91151683711|103.77683423953|330015|-194372||50755.296875|323.25||32318.75|323.25|50755.296875|4bb1c5|THY166|0|2072|493.75|||3|3|1|1|1|132|162|["132,18,5,3814","132,178,5,1942","132,162,5"]|636148155552970000|14:05:55:297
62|1.1|636147912535631165|4bb1c5|50760.296875|11.91761617128|103.76701736923|328937|-193709||50760.296875|323.75||32343.75|323.75|50760.296875|4bb1c5|THY166|0|2072|475|||3|3|1|1|1|132|162|["132,18,5,3814","132,178,5,1942","132,162,5"]|636148155602970000|14:06:00:297
62|1.1|636147912585556157|4bb1c5|50765.28125|11.92357066638|103.75694837166|327832|-193063||50765.28125|324||32375|324.25|50765.28125|4bb1c5|THY166|0|2072|450|||3|3|1|1|1|132|162|["132,18,5,3814","132,178,5,1942","132,162,5"]|636148155652810000|14:06:05:281
62|1.1|636147912635481149|4bb1c5|50770.28125|11.92936959359|103.74664870446|326702|-192434||50770.28125|324.5||32406.25|324.5|50770.28125|4bb1c5|THY166|0|2072|450|||3|3|1|1|1|132|5|["132,18,5,3814","132,178,5,1942","132,162,5"]|636148155702810000|14:06:10:281
62|1.1|636147912685396140|4bb1c5|50775.2578125|11.93501831732|103.73691766472|325633|-191821||50775.2578125|325||32493.75|325.25|50775.2578125|4bb1c5|THY166|0|2072|475|||3|3|1|1|1|132|162|["132,18,5,3814","132,178,5,1942","132,162,5"]|636148155752580000|14:06:15:258
62|1.1|636147912735321132|4bb1c5|50780.2578125|11.9404792867|103.72775525244|324628|-191228||50780.2578125|325.25||32537.5|325.25|50780.2578125|4bb1c5|THY166|0|2072|493.75|||3|3|1|1|1|132|178|["132,18,5,3814","132,178,5,1942","132,162,5"]|636148155802580000|14:06:20:258
62|1.1|636147912785246124|4bb1c5|50785.2578125|11.94638550211|103.71792765332|323549|-190586||50785.2578125|325.75||32575|325.75|50785.2578125|4bb1c5|THY166|0|2072|450|||3|3|1|1|1|132|162|["132,18,5,3814","132,178,5,1942","132,162,5"]|636148155852580000|14:06:25:258
62|1.1|636147912835171116|4bb1c5|50790.2421875|11.95174991211|103.70867941048|322534|-190004||50790.2421875|326.25||32612.5|326.25|50790.2421875|4bb1c5|THY166|0|2072|450|||3|3|1|1|1|132|178|["132,18,5,3814","132,178,5,1942","132,162,5"]|636148155902420000|14:06:30:242
62|1.1|636147912885086107|4bb1c5|50795.2421875|11.9575381105|103.69894300633|321465|-189375||50795.2421875|326.5||32650|326.75|50795.2421875|4bb1c5|THY166|0|2072|475|||3|3|1|1|1|132|18|["132,18,5,3814","132,178,5,1942","132,162,5"]|636148155952420000|14:06:35:242
62|1.1|636147912935001098|4bb1c5|50800.21875|11.96411487716|103.68733442309|320192|-188661||50800.21875|327||32737.5|327.25|50800.21875|4bb1c5|THY166|0|2072|512.5|||3|3|1|1|1|132|178|["132,18,5,3814","132,178,5,1942","132,162,5"]|636148156002190000|14:06:40:219
62|1.1|636147912984926090|4bb1c5|50805.21875|11.97000499934|103.67753901043|319117|-188022||50805.21875|327.5||32762.5|327.5|50805.21875|4bb1c5|THY166|0|2072|475|||3|3|1|1|1|132|5|["132,18,5,3814","132,178,5,1942","132,162,5"]|636148156052190000|14:06:45:219
62|1.1|636147913034851082|4bb1c5|50810.21875|11.97590585034|103.66752365696|318017|-187381||50810.21875|327.75||32800|328.25|50810.21875|4bb1c5|THY166|0|2072|450|||3|3|1|1|1|132|5|["132,18,5,3814","132,178,5,1942","132,162,5"]|636148156102190000|14:06:50:219
62|1.1|636147913084766073|4bb1c5|50815.1953125|11.98186034544|103.65740101529|316906|-186734||50815.1953125|328.25||32843.75|328.25|50815.1953125|4bb1c5|THY166|0|2072|493.75|||3|3|1|1|1|132|178|["132,18,5,3814","132,178,5,1942","132,162,5"]|636148156151950000|14:06:55:195
62|1.1|636147913134691065|4bb1c5|50820.1953125|11.98780411172|103.64720863629|315788|-186089||50820.1953125|328.5||32881.25|328.5|50820.1953125|4bb1c5|THY166|0|2072|431.25|||3|3|1|1|1|132|178|["132,18,5,3814","132,178,5,1942","132,162,5"]|636148156201950000|14:07:00:195
62|1.1|636147913184626058|4bb1c5|50825.1796875|11.99382297974|103.63706453698|314675|-185435||50825.1796875|328.75||32900|329.25|50825.1796875|4bb1c5|THY166|0|2072|412.5|||3|3|1|1|1|132|18|["132,18,5,3814","132,178,5,1942","132,162,5"]|636148156251800000|14:07:05:180
62|1.1|636147913234531048|4bb1c5|50830.1796875|11.9998096613|103.6268292427|313552|-184784||50830.1796875|329||32900|329.25|50830.1796875|4bb1c5|THY166|0|2072|375|||3|3|1|1|1|132|18|["132,18,5,3814","132,178,5,1942","132,162,5"]|636148156301800000|14:07:10:180
62|1.1|636147913284456040|4bb1c5|50835.1796875|12.00547447826|103.61802088148|312585|-184168||50835.1796875|329.75||32962.5|329.75|50835.1796875|4bb1c5|THY166|0|2072|412.5|||3|3|1|1|1|132|5|["132,18,5,3814","132,178,5,1942","132,162,5"]|636148156351800000|14:07:15:180
62|1.1|636147913334381032|4bb1c5|50840.15625|12.01175620237|103.60770512105|311453|-183485||50840.15625|330||32993.75|330.25|50840.15625|4bb1c5|THY166|0|2072|393.75|||3|3|1|1|1|132|5|["132,18,5,3814","132,178,5,1942"]|636148156401560000|14:07:20:156
62|1.1|636147913384306024|4bb1c5|50845.15625|12.01710451914|103.59858562405|310453|-182904||50845.15625|330.5||33043.75|330.5|50845.15625|4bb1c5|THY166|0|2072|431.25|||3|3|1|1|1|132|5|["132,18,5,3814","132,178,5,1942"]|636148156451560000|14:07:25:156
62|1.1|636147913434221015|4bb1c5|50850.140625|12.02330041269|103.5879372702|309285|-182231||50850.140625|331||33100|331.25|50850.140625|4bb1c5|THY166|0|2072|493.75|||3|3|1|1|1|132|5|["132,18,5,3814","132,178,5,1942"]|636148156501410000|14:07:30:141
62|1.1|636147913484156008|4bb1c5|50855.140625|12.02924417897|103.57781999294|308175|-181585||50855.140625|331.25||33156.25|331.5|50855.140625|4bb1c5|THY166|0|2072|531.25|||3|3|1|1|1|132|18|["132,18,5,3814","132,178,5,1942"]|636148156551410000|14:07:35:141
62|1.1|636147913534060998|4bb1c5|50860.140625|12.03502701295|103.56745058841|307038|-180957||50860.140625|331.75||33206.25|332.25|50860.140625|4bb1c5|THY166|0|2072|568.75|||3|3|1|1|1|132|18|["132,18,5,3814","132,178,5,1942"]|636148156601410000|14:07:40:141
62|1.1|636147913583985990|4bb1c5|50865.1171875|12.04100296569|103.55717774326|305912|-180308||50865.1171875|332.25||33250|332.5|50865.1171875|4bb1c5|THY166|0|2072|550|||3|3|1|1|1|132|178|["132,18,5,3814","132,178,4,1942"]|636148156651170000|14:07:45:117
62|1.1|636147913633910982|4bb1c5|50870.1171875|12.04716667278|103.5471141101|304807|-179638||50870.1171875|332.75||33287.5|333.25|50870.1171875|4bb1c5|THY166|0|2072|587.5|||3|3|1|1|1|132|178|["132,18,5,3814","132,178,4,1942"]|636148156701170000|14:07:50:117
62|1.1|636147913683835974|4bb1c5|50875.1015625|12.05364688006|103.53749572297|303752|-178932||50875.1015625|333.5||33312.5|333.5|50875.1015625|4bb1c5|THY166|0|2072|650|||3|3|1|1|1|132|178|["132,18,5,3814","132,178,5,1953"]|636148156751020000|14:07:55:102
62|1.1|636147913733750965|4bb1c5|50880.1015625|12.06086737592|103.53192210098|303136|-178139||50880.1015625|334||33406.25|334.25|50880.1015625|4bb1c5|THY166|0|2072|668.75|||3|3|1|1|1|132|178|["132,18,5,3814","132,178,5,1953"]|636148156801020000|14:08:00:102
62|1.1|636147913783675957|4bb1c5|50885.1015625|12.06741732053|103.52416516412|302283|-177423||50885.1015625|334.5||33450|334.75|50885.1015625|4bb1c5|THY166|0|2072|650|||3|3|1|1|1|132|178|["132,18,5,3814","132,178,5,1953"]|636148156851020000|14:08:05:102
62|1.1|636147913833590948|4bb1c5|50890.078125|12.07535128292|103.51511540445|301287|-176555||50890.078125|335||33525|335.25|50890.078125|4bb1c5|THY166|0|2072|631.25|||3|3|1|1|1|132|178|["132,18,5,3814","132,178,5,1953"]|636148156900780000|14:08:10:078
62|1.1|636147913883525941|4bb1c5|50895.078125|12.08318868593|103.5073101879|300428|-175697||50895.078125|335.25||33562.5|335.5|50895.078125|4bb1c5|THY166|0|2072|587.5|||3|3|1|1|1|132|178|["132,18,5,3814","132,178,5,1953"]|636148156950780000|14:08:15:078
62|1.1|636147913933440932|4bb1c5|50900.0625|12.09147133497|103.4979761145|299401|-174791||50900.0625|335.75||33606.25|336.25|50900.0625|4bb1c5|THY166|0|2072|512.5|||3|3|1|1|1|132|178|["132,18,5,3814","132,178,5,1953"]|636148157000630000|14:08:20:063
62|1.1|636147913983365924|4bb1c5|50905.0625|12.09880984785|103.49005288093|298529|-173988||50905.0625|336||33631.25|336.25|50905.0625|4bb1c5|THY166|0|2072|475|||3|3|1|1|1|132|178|["132,18,5,3814","132,178,5,1953"]|636148157050630000|14:08:25:063
62|1.1|636147914033280915|4bb1c5|50910.0625|12.10594451315|103.48222620674|297668|-173207||50910.0625|336.25||33643.75|336.5|50910.0625|4bb1c5|THY166|0|2072|431.25|||3|3|1|1|1|132|178|["132,18,5,3814","132,178,5,1953"]|636148157100630000|14:08:30:063
62|1.1|636147914083205907|4bb1c5|50915.0390625|12.11405550107|103.47305843005|296660|-172320||50915.0390625|336.75||33681.25|336.75|50915.0390625|4bb1c5|THY166|0|2072|393.75|||3|3|1|1|1|132|178|["132,18,5,3814","132,178,5,1953"]|636148157150390000|14:08:35:039
62|1.1|636147914133130899|4bb1c5|50920.0390625|12.12226304837|103.46371362783|295633|-171422||50920.0390625|337||33737.5|337.25|50920.0390625|4bb1c5|THY166|0|2072|412.5|||3|3|1|1|1|132|178|["132,18,5,3814","132,178,5,1953"]|636148157200390000|14:08:40:039
62|1.1|636147914183045890|4bb1c5|50925.015625|12.13006826492|103.45494818189|294668|-170568||50925.015625|337.25||33775|337.25|50925.015625|4bb1c5|THY166|0|2072|375|||3|3|1|1|1|132|178|["132,18,5,3814","132,178,5,1953"]|636148157250160000|14:08:45:016
62|1.1|636147914232970882|4bb1c5|50930.015625|12.13629098052|103.44758284696|293859|-169888||50930.015625|337.75||33781.25|337.75|50930.015625|4bb1c5|THY166|0|2072|412.5|||3|3|1|1|1|132|178|["132,18,5,3814","132,178,5,1953","132,162,5"]|636148157300160000|14:08:50:016
62|1.1|636147914282895874|4bb1c5|50935.015625|12.14428931583|103.43831314648|292840|-169013||50935.015625|338||33806.25|338|50935.015625|4bb1c5|THY166|0|2072|375|||3|3|1|1|1|132|5|["132,18,5,3814","132,178,5,1953","132,162,5"]|636148157350160000|14:08:55:016
62|1.1|636147914332820866|4bb1c5|50940|12.15088754013|103.4307600572|292010|-168291||50940|338.25||33818.75|338|50940|4bb1c5|THY166|0|2072|356.25|||3|3|1|1|1|132|178|["132,18,5,3814","132,178,5,1953","132,162,5"]|636148157400000000|14:09:00:000
62|1.1|636147914382745858|4bb1c5|50945|12.15857473966|103.42238084878|291088|-167450||50945|338.75||33837.5|338.75|50945|4bb1c5|THY166|0|2072|375|||3|3|1|1|1|132|178|["132,18,5,3814","132,178,5,1953","132,162,5"]|636148157450000000|14:09:05:000
62|1.1|636147914432660849|4bb1c5|50949.9765625|12.16643896472|103.41399091154|290166|-166589||50949.9765625|339||33856.25|339|50949.9765625|4bb1c5|THY166|0|2072|375|||3|3|1|1|1|132|178|["132,18,5,3814","132,178,5,1953","132,162,5"]|636148157499770000|14:09:09:977
62|1.1|636147914482585841|4bb1c5|50954.9765625|12.1743139186|103.40499479597|289177|-165727||50954.9765625|339.25||33868.75|339.5|50954.9765625|4bb1c5|THY166|0|2072|312.5|||3|3|1|1|1|132|178|["132,18,5,3814","132,178,5,1953","132,162,5"]|636148157549770000|14:09:14:977
62|1.1|636147914532500832|4bb1c5|50959.9765625|12.18213522838|103.39554806996|288139|-164872||50959.9765625|339.5||33887.5|339.5|50959.9765625|4bb1c5|THY166|0|2072|0|||3|3|0|1|1|132|178|["132,18,5,3814","132,178,5,1953","132,162,5"]|636148157599770000|14:09:19:977
62|1.1|636147914582425824|4bb1c5|50964.9609375|12.1898707076|103.38612280159|287104|-164027||50964.9609375|339.75||33968.75|339.75|50964.9609375|4bb1c5|THY166|0|2072|0|||3|3|0|1|1|132|5|["132,18,5,3814","132,178,5,1953","132,162,5"]|636148157649610000|14:09:24:961
62|1.1|636147914632350816|4bb1c5|50969.9609375|12.19629727078|103.37857507672|286275|-163324||50969.9609375|339.75||33987.5|339.75|50969.9609375|4bb1c5|THY166|0|2072|0|||3|3|0|1|1|132|5|["132,18,5,3814","132,178,5,1953","132,162,5"]|636148157699610000|14:09:29:961
62|1.1|636147914682275808|4bb1c5|50974.9375|12.20318517322|103.37074840253|285415|-162570||50974.9375|339.75||33987.5|339.75|50974.9375|4bb1c5|THY166|0|2072|0|||3|3|0|1|1|132|178|["132,18,5,3814","132,178,5,1953","132,162,5"]|636148157749380000|14:09:34:938
62|1.1|636147914732190799|4bb1c5|50979.9375|12.2106309743|103.36226727032|284483|-161755||50979.9375|339.75||34000|339.75|50979.9375|4bb1c5|THY166|0|2072|0|||3|3|0|1|1|132|18|["132,18,5,3814","132,178,5,1953","132,162,5"]|636148157799380000|14:09:39:938
62|1.1|636147914782115791|4bb1c5|50984.9375|12.21801776687|103.35396316364|283570|-160947||50984.9375|340||34012.5|340|50984.9375|4bb1c5|THY166|0|2072|0|||3|3|0|1|1|132|178|["132,18,5,3814","132,178,5,1953","132,162,5"]|636148157849380000|14:09:44:938
62|1.1|636147914832040783|4bb1c5|50989.921875|12.22576933932|103.34481148018|282565|-160099||50989.921875|340||34012.5|340|50989.921875|4bb1c5|THY166|0|2072|0|||3|3|0|1|1|132|18|["132,18,5,3814","132,178,5,1953","132,162,5"]|636148157899220000|14:09:49:922
62|1.1|636147914881955774|4bb1c5|50994.921875|12.23360137792|103.33569198318|281563|-159242||50994.921875|340||34012.5|340|50994.921875|4bb1c5|THY166|0|2072|0|||3|3|0|1|1|132|178|["132,18,5,3814","132,178,5,1953","132,162,5"]|636148157949220000|14:09:54:922
62|1.1|636147914931870765|4bb1c5|50999.8984375|12.24059120415|103.32747907147|280662|-158478||50999.8984375|340||34000|340|50999.8984375|4bb1c5|THY166|0|2072|0|||3|3|0|1|1|132|178|["132,18,5,3814","132,178,5,1953","132,162,5"]|636148157998980000|14:09:59:898
62|1.1|636147914981795757|4bb1c5|51004.8984375|12.24805309846|103.31884773578|279713|-157661||51004.8984375|340||34000|340|51004.8984375|4bb1c5|THY166|0|2072|0|||3|3|0|1|1|132|18|["132,18,5,3814","132,178,5,1953","132,162,5"]|636148158048980000|14:10:04:898
62|1.1|636147915031720749|4bb1c5|51009.8984375|12.25581539973|103.31039879003|278785|-156811||51009.8984375|340||33993.75|340|51009.8984375|4bb1c5|THY166|0|2072|0|||3|3|0|1|1|132|178|["132,18,5,3814","132,178,5,1953","132,162,5"]|636148158098980000|14:10:09:898
62|1.1|636147915081645741|4bb1c5|51014.875|12.26340067547|103.30162797968|277822|-155981||51014.875|340||33987.5|340|51014.875|4bb1c5|THY166|0|2072|0|||3|3|0|1|1|132|18|["132,18,5,3814","132,178,5,1953","132,162,5"]|636148158148750000|14:10:14:875
62|1.1|636147915131560732|4bb1c5|51019.875|12.27154384985|103.29290544902|276863|-155089||51019.875|340||33956.25|340|51019.875|4bb1c5|THY166|0|2072|0|||3|3|0|1|1|132|178|["132,18,5,3814","132,178,5,1953","132,162,5"]|636148158198750000|14:10:19:875
62|1.1|636147915181485724|4bb1c5|51024.859375|12.27946708342|103.28414536749|275901|-154222||51024.859375|339.75||33925|340|51024.859375|4bb1c5|THY166|0|2072|0|||3|3|0|1|1|132|178|["132,18,5,3814","132,178,5,1953","132,162,5"]|636148158248590000|14:10:24:859
62|1.1|636147915231400715|4bb1c5|51029.859375|12.28726693556|103.27429631073|274820|-153369||51029.859375|340||33968.75|340|51029.859375|4bb1c5|THY166|0|2072|0|||3|3|0|1|1|132|178|["132,18,5,3814","132,178,5,1953","132,162,5"]|636148158298590000|14:10:29:859
62|1.1|636147915281325707|4bb1c5|51034.859375|12.29498632155|103.2651070764|273812|-152525||51034.859375|339.75||33993.75|339.75|51034.859375|4bb1c5|THY166|0|2072|0|||3|3|0|1|1|132|178|["132,18,5,3814","132,178,5,1953","132,162,5"]|636148158348590000|14:10:34:859
62|1.1|636147915331240698|4bb1c5|51039.8359375|12.30280763133|103.25601440145|272814|-151669||51039.8359375|339.75||33987.5|339.75|51039.8359375|4bb1c5|THY166|0|2072|0|||3|3|0|1|1|132|178|["132,18,5,3814","132,178,5,1953","132,162,5"]|636148158398360000|14:10:39:836
62|1.1|636147915381165690|4bb1c5|51044.8359375|12.31006031365|103.24760837098|271891|-150875||51044.8359375|339.75||33975|339.75|51044.8359375|4bb1c5|THY166|0|2072|0|||3|3|0|1|1|132|5|["132,18,5,3814","132,178,5,1953","132,162,5"]|636148158448360000|14:10:44:836
62|1.1|636147915431090682|4bb1c5|51049.8203125|12.31773141995|103.23905750144|270952|-150035||51049.8203125|339.75||33968.75|339.75|51049.8203125|4bb1c5|THY166|0|2072|0|||3|3|0|1|1|132|178|["132,18,5,3814","132,178,5,1953","132,162,5"]|636148158498200000|14:10:49:820
62|1.1|636147915481005673|4bb1c5|51054.8203125|12.32538106861|103.23041007252|270002|-149197||51054.8203125|339.75||33968.75|339.75|51054.8203125|4bb1c5|THY166|0|2072|0|||3|3|0|1|1|132|18|["132,18,5,3814","132,178,5,1953","132,162,5"]|636148158548200000|14:10:54:820
62|1.1|636147915530940666|4bb1c5|51059.8203125|12.33169497918|103.22283016119|269171|-148506||51059.8203125|340||33968.75|339.75|51059.8203125|4bb1c5|THY166|0|2072|0|||3|3|0|1|1|132|178|["132,18,5,3814","132,178,5,1953","132,162,5"]|636148158598200000|14:10:59:820
62|1.1|636147915580855657|4bb1c5|51064.796875|12.34022975549|103.21286308741|268077|-147572||51064.796875|340||33993.75|340|51064.796875|4bb1c5|THY166|0|2072|0|||3|3|0|1|1|132|5|["132,18,5,3814","132,178,5,1953","132,162,5"]|636148158647970000|14:11:04:797
