62|1.1|636147898096097356|75040a|49315.5|5.68641943907|102.28542633574|171067|-885847||49315.5|107.5||10631.25|||75040a|X|0|2316||||3|3|3|1|1|132|50|["132,50,5"]|636148141155000000|13:41:55:500
62|1.1|636147898099217668|75040a|49316.65625|5.68462772613|102.28506155586|171027|-886046||49316.65625|107.5||10712.5|||75040a|X|0|2316||||3|3|3|1|1|132|50|["132,50,5"]|636148141166560000|13:41:56:656
62|1.1|636147898149132659|75040a|49321.65625|5.68049176602|102.28514738642|171039|-886506||49321.65625|108||10825|105.75|49321.65625|75040a|MXD1251|0|2316|631.25|||3|3|1|1|1|132|50|["132,50,5"]|636148141216560000|13:42:01:656
62|1.1|636147898199057651|75040a|49326.65625|5.67542239857|102.28416569939|170932|-887070||49326.65625|108.5||10868.75|106.5|49326.65625|75040a|MXD1251|0|2316|631.25|||3|3|1|1|1|132|50|["132,50,5"]|636148141266560000|13:42:06:656
62|1.1|636147898248982643|75040a|49331.640625|5.67027792938|102.28289433422|170793|-887642||49331.640625|109||10912.5|107.25|49331.640625|75040a|MXD1251|0|2316|631.25|||3|3|1|1|1|132|50|["132,50,5"]|636148141316410000|13:42:11:641
62|1.1|636147898298907635|75040a|49336.640625|5.66563771473|102.28197702011|170694|-888158||49336.640625|109.5||10962.5|107.5|49336.640625|75040a|MXD1251|0|2316|631.25|||3|3|1|1|1|132|50|["132,50,5"]|636148141366410000|13:42:16:641
62|1.1|636147898348822626|75040a|49341.6171875|5.66215621264|102.28176780812|170672|-888545||49341.6171875|110||11012.5|108.25|49341.6171875|75040a|MXD1251|0|2316|631.25|||3|3|1|1|1|132|50|["132,50,5"]|636148141416170000|13:42:21:617
62|1.1|636147898398747618|75040a|49346.6171875|5.65787541346|102.28096851103|170585|-889022||49346.6171875|110.75||11068.75|108.75|49346.6171875|75040a|MXD1251|0|2316|687.5|||3|3|1|1|1|132|50|["132,50,5"]|636148141466170000|13:42:26:617
62|1.1|636147898448672610|75040a|49351.6171875|5.65353024136|102.28017994276|170500|-889505||49351.6171875|111.25||11125|109.25|49351.6171875|75040a|MXD1251|0|2316|706.25|||3|3|1|1|1|132|50|["132,50,5"]|636148141516170000|13:42:31:617
62|1.1|636147898498587601|75040a|49356.6015625|5.64875055205|102.27933773039|170408|-890037||49356.6015625|111.25||11193.75|110.25|49356.6015625|75040a|MXD1251|0|2316|706.25|||3|3|1|1|1|132|50|["132,50,5"]|636148141566020000|13:42:36:602
62|1.1|636147898548512593|75040a|49361.6015625|5.64401377802|102.27851161125|170318|-890563||49361.6015625|111.25||11262.5|110.5|49361.6015625|75040a|MXD1251|0|2316|706.25|||3|3|1|1|1|132|50|[]|636148141616020000|13:42:41:602
62|1.1|636147898598427584|75040a|49366.578125|5.63931455486|102.27767476329|170228|-891086||49366.578125|111.25||11331.25|111.25|49366.578125|75040a|MXD1251|0|2316|706.25|||3|3|1|1|1|132|50|[]|636148141665780000|13:42:46:578
62|1.1|636147898648352576|X|49371.578125||||||||||||X|X|X|2316|||||||1|1|0|0|[]|636148141715780000|13:42:51:578
