62|1.1|636147913680715662|76ce68|50866.015625|13.6701796471|100.75522838324|701|-1731||50866.015625|7.75||450|3|50866.015625|76ce68|SIA981|X|2875|2400|||3|3|3|1|1|132|5|[]|636148156660160000|14:07:46:016
62|1.1|636147913683845975|76ce68|50875.1015625|13.66183262514|100.75295923781|456|-2654||50875.1015625|7.75||425|5.5|50875.1015625|76ce68|SIA981|X|2875|2400|||3|3|3|1|1|132|5|[]|636148156751020000|14:07:55:102
62|1.1|636147913733760966|76ce68|50880.1015625|13.66088312457|100.75277684787|436|-2759||50880.1015625|9.25||12.5|7.5|50880.1015625|76ce68|SIA981|0|2875|2262.5|||3|3|3|1|1|132|5|["132,18,5,3827"]|636148156801020000|14:08:00:102
62|1.1|636147913783685958|76ce68|50885.1015625|13.65763765652|100.7518809914|339|-3118||50885.1015625|10.75||1131.25|9.25|50885.1015625|76ce68|SIA981|0|2875|2206.25|||3|3|1|1|1|132|18|["132,18,5,3827"]|636148156851020000|14:08:05:102
62|1.1|636147913833600949|76ce68|50890.078125|13.6547837904|100.75102805021|247|-3434||50890.078125|12.5||1300|11.25|50890.078125|76ce68|SIA981|0|2875|2162.5|||3|3|1|1|1|132|18|["132,18,5,3827"]|636148156900780000|14:08:10:078
62|1.1|636147913883525941|76ce68|50895.078125|13.6509750593|100.74997126144|132|-3856||50895.078125|14.25||1525|13.25|50895.078125|76ce68|SIA981|0|2875|2262.5|||3|3|1|1|1|132|18|["132,18,5,3827"]|636148156950780000|14:08:15:078
62|1.1|636147913933450933|76ce68|50900.0625|13.64810509995|100.74911832025|40|-4173||50900.0625|16||1668.75|14.75|50900.0625|76ce68|SIA981|0|2875|2187.5|||3|3|1|1|1|132|18|["132,18,5,3827"]|636148157000630000|14:08:20:063
62|1.1|636147913983375925|76ce68|50905.0625|13.64492936923|100.74825465024|-53|-4525||50905.0625|17.75||1831.25|16.5|50905.0625|76ce68|SIA981|0|2875|2106.25|||3|3|1|1|1|132|18|["132,18,5,3827"]|636148157050630000|14:08:25:063
62|1.1|636147914033290916|76ce68|50910.0625|13.64151224006|100.74733197172|-153|-4902||50910.0625|20.25||2018.75|18.25|50910.0625|76ce68|SIA981|0|2875|2025|||3|3|1|1|1|132|5|["132,18,5,3827"]|636148157100630000|14:08:30:063
62|1.1|636147914083215908|76ce68|50915.0390625|13.63839015344|100.74649512376|-244|-5248||50915.0390625|21.5||2162.5|19.5|50915.0390625|76ce68|SIA981|0|2875|1912.5|||3|3|1|1|1|132|5|["132,18,5,3827"]|636148157150390000|14:08:35:039
62|1.1|636147914133140900|76ce68|50920.0390625|13.63538071943|100.74570655549|-329|-5581||50920.0390625|22.75||2293.75|21.25|50920.0390625|76ce68|SIA981|0|2875|1812.5|||3|3|1|1|1|132|5|["132,18,5,3827"]|636148157200390000|14:08:40:039
62|1.1|636147914183055891|76ce68|50925.015625|13.63179192914|100.74481069902|-426|-5978||50925.015625|23.5||2437.5|22.25|50925.015625|76ce68|SIA981|0|2875|1731.25|||3|3|1|1|1|132|18|["132,18,5,3827"]|636148157250160000|14:08:45:016
62|1.1|636147914232980883|76ce68|50930.015625|13.62853036786|100.74394702901|-520|-6339||50930.015625|24.75||2525|23.25|50930.015625|76ce68|SIA981|0|2875|1556.25|||3|3|1|1|1|132|18|["132,18,5,3827"]|636148157300160000|14:08:50:016
62|1.1|636147914282895874|76ce68|50935.015625|13.62566040851|100.74318528279|-602|-6656||50935.015625|25.75||2612.5|24.25|50935.015625|76ce68|SIA981|0|2875|1400|||3|3|1|1|1|132|18|["132,18,5,3827"]|636148157350160000|14:08:55:016
62|1.1|636147914332830867|76ce68|50940|13.62205552499|100.74227333309|-701|-7055||50940|26.75||2731.25|25.25|50940|76ce68|SIA981|0|2875|1337.5|||3|3|1|1|1|132|18|["132,18,5,3827"]|636148157400000000|14:09:00:000
62|1.1|636147914382755859|76ce68|50945|13.61836481091|100.74130237488|-806|-7463||50945|28.25||2831.25|26.25|50945|76ce68|SIA981|0|2875|1300|||3|3|1|1|1|132|5|["132,18,5,3827"]|636148157450000000|14:09:05:000
62|1.1|636147914432670850|76ce68|50949.9765625|13.61521053783|100.74048698456|-894|-7812||50949.9765625|29.25||2931.25|27.5|50949.9765625|76ce68|SIA981|0|2875|1281.25|||3|3|1|1|1|132|5|["132,18,5,3827"]|636148157499770000|14:09:09:977
62|1.1|636147914482585841|76ce68|50954.9765625|13.61141789996|100.73952139076|-999|-8232||50954.9765625|30||3062.5|28.5|50954.9765625|76ce68|SIA981|0|2875|1318.75|||3|3|1|1|1|132|18|["132,18,5,3827"]|636148157549770000|14:09:14:977
62|1.1|636147914532510833|76ce68|50959.9765625|13.60789348259|100.73858798342|-1099|-8622||50959.9765625|31.25||3193.75|29.75|50959.9765625|76ce68|SIA981|0|2875|1356.25|||3|3|1|1|1|132|18|["132,18,5,3827"]|636148157599770000|14:09:19:977
62|1.1|636147914582425824|76ce68|50964.9609375|13.60432078553|100.73767066931|-1199|-9017||50964.9609375|32.5||3318.75|31.25|50964.9609375|76ce68|SIA981|0|2875|1418.75|||3|3|1|1|1|132|18|["132,18,5,3827"]|636148157649610000|14:09:24:961
62|1.1|636147914632350816|76ce68|50969.9609375|13.60099485133|100.73678017725|-1295|-9385||50969.9609375|33.75||3437.5|32.25|50969.9609375|76ce68|SIA981|0|2875|1437.5|||3|3|1|1|1|132|18|["132,18,5,3827"]|636148157699610000|14:09:29:961
62|1.1|636147914682275808|76ce68|50974.9375|13.59705737439|100.73579849022|-1402|-9821||50974.9375|34.75||3512.5|33.25|50974.9375|76ce68|SIA981|0|2875|1181.25|||3|3|1|1|1|132|5|["132,18,5,3827"]|636148157749380000|14:09:34:938
62|1.1|636147914732190799|76ce68|50979.9375|13.59367243168|100.73489726934|-1499|-10195||50979.9375|35.25||3562.5|33.5|50979.9375|76ce68|SIA981|0|2875|906.25|||3|3|1|1|1|132|18|["132,18,5,3827"]|636148157799380000|14:09:39:938
62|1.1|636147914782115791|76ce68|50984.9375|13.58987979381|100.73394776877|-1602|-10615||50984.9375|35.75||3612.5|34.25|50984.9375|76ce68|SIA981|0|2875|768.75|||3|3|1|1|1|132|18|["132,18,5,3827"]|636148157849380000|14:09:44:938
62|1.1|636147914832040783|76ce68|50989.921875|13.58618371532|100.73302509025|-1702|-11024||50989.921875|36.25||3650|34.5|50989.921875|76ce68|SIA981|0|2875|687.5|||3|3|1|1|1|132|18|["132,18,5,3827"]|636148157899220000|14:09:49:922
62|1.1|636147914881965775|76ce68|50994.921875|13.58165615328|100.73195757266|-1817|-11525||50994.921875|37||3731.25|35.25|50994.921875|76ce68|SIA981|0|2875|750|||3|3|1|1|1|132|18|["132,18,5,3827"]|636148157949220000|14:09:54:922
62|1.1|636147914931880766|76ce68|50999.8984375|13.57696765894|100.73084713979|-1938|-12043||50999.8984375|37.75||3793.75|36.25|50999.8984375|76ce68|SIA981|0|2875|787.5|||3|3|1|1|1|132|18|["132,18,5,3827"]|636148157998980000|14:09:59:898
62|1.1|636147914981795757|76ce68|51004.8984375|13.57203776615|100.72964551195|-2068|-12589||51004.8984375|38.25||3862.5|36.5|51004.8984375|76ce68|SIA981|0|2875|768.75|||3|3|1|1|1|132|18|["132,18,5,3827"]|636148158048980000|14:10:04:898
62|1.1|636147915031720749|76ce68|51009.8984375|13.56770868728|100.72845997734|-2196|-13068||51009.8984375|39||3931.25|37.25|51009.8984375|76ce68|SIA981|0|2875|787.5|||3|3|1|1|1|132|18|["132,18,5,3827"]|636148158098980000|14:10:09:898
62|1.1|636147915081645741|76ce68|51014.875|13.56309529468|100.7272583495|-2326|-13578||51014.875|39.75||4000|38.25|51014.875|76ce68|SIA981|0|2875|787.5|||3|3|1|1|1|132|18|["132,18,5,3827"]|636148158148750000|14:10:14:875
62|1.1|636147915131560732|76ce68|51019.875|13.55767187617|100.72583678085|-2480|-14178||51019.875|41||4100|39.25|51019.875|76ce68|SIA981|0|2875|943.75|||3|3|1|1|1|132|5|["132,18,5,3827"]|636148158198750000|14:10:19:875
62|1.1|636147915181495725|76ce68|51024.859375|13.55261860195|100.72448494953|-2626|-14737||51024.859375|42||4206.25|40.25|51024.859375|76ce68|SIA981|0|2875|1062.5|||3|3|1|1|1|132|18|["132,18,5,3827"]|636148158248590000|14:10:24:859
62|1.1|636147915231400715|76ce68|51029.859375|13.54822515016|100.72315994026|-2770|-15223||51029.859375|43||4318.75|41.25|51029.859375|76ce68|SIA981|0|2875|1181.25|||3|3|1|1|1|132|18|["132,18,5,3827"]|636148158298590000|14:10:29:859
62|1.1|636147915281325707|76ce68|51034.859375|13.5428285537|100.72165254105|-2933|-15820||51034.859375|44||4431.25|42.5|51034.859375|76ce68|SIA981|0|2875|1281.25|||3|3|1|1|1|132|18|["132,18,5,3827"]|636148158348590000|14:10:34:859
62|1.1|636147915331260700|76ce68|51039.8359375|13.53705108413|100.72007540451|-3104|-16459||51039.8359375|45||4531.25|43.5|51039.8359375|76ce68|SIA981|0|2875|1281.25|||3|3|1|1|1|132|18|["132,18,5,3827"]|636148158398360000|14:10:39:836
62|1.1|636147915381175691|76ce68|51044.8359375|13.53165448767|100.7185143612|-3273|-17056||51044.8359375|46||4618.75|44.25|51044.8359375|76ce68|SIA981|0|2875|1218.75|||3|3|1|1|1|132|18|["132,18,5,3827"]|636148158448360000|14:10:44:836
62|1.1|636147915431100683|76ce68|51049.8203125|13.52449836473|100.71643297012|-3498|-17848||51049.8203125|47.5||4762.5|45.5|51049.8203125|76ce68|SIA981|0|2875|1281.25|||3|3|1|1|1|132|5|["132,18,5,3827"]|636148158498200000|14:10:49:820
62|1.1|636147915481015674|76ce68|51054.8203125|13.51930025144|100.71480218948|-3675|-18423||51054.8203125|48.75||4881.25|46.75|51054.8203125|76ce68|SIA981|0|2875|1337.5|||3|3|1|1|1|132|18|["132,18,5,3827"]|636148158548200000|14:10:54:820
62|1.1|636147915530950667|76ce68|51059.8203125|13.51384464647|100.71312849356|-3856|-19027||51059.8203125|50.5||5056.25|48.75|51059.8203125|76ce68|SIA981|0|2875|1831.25|||3|3|1|1|1|132|18|["132,18,5,3827"]|636148158598200000|14:10:59:820
62|1.1|636147915580865658|76ce68|51064.796875|13.50730006627|100.71126167888|-4058|-19751||51064.796875|52.5||5293.75|51.25|51064.796875|76ce68|SIA981|0|2875|2556.25|||3|3|1|1|1|132|18|["132,18,5,3827"]|636148158647970000|14:11:04:797
