62|1.1|636147898348822626|76ce4d|49341.6171875|6.402423335|96.84319483987|-433969|-804109||49341.6171875|380||37912.5|380|49341.6171875|76ce4d|X|0|1984|0|||3|3|0|1|1|132|66|["132,66,4"]|636148141416170000|13:42:21:617
62|1.1|636147898398747618|76ce4d|49346.6171875|6.40556151485|96.83228362993|-435178|-803746||49346.6171875|380||37881.25|380|49346.6171875|76ce4d|X|0|1984|0|||3|3|0|1|1|132|66|["132,66,2"]|636148141466170000|13:42:26:617
62|1.1|636147898448672610|76ce4d|49351.6171875|6.40869433029|96.82134559794|-436390|-803383||49351.6171875|380||37856.25|380|49351.6171875|76ce4d|X|0|1984|0|||3|3|0|1|1|132|66|["132,66,2"]|636148141516170000|13:42:31:617
62|1.1|636147898498597602|76ce4d|49356.6015625|6.41179495927|96.81054704061|-437587|-803024||49356.6015625|380||37843.75|380|49356.6015625|76ce4d|X|0|1984|0|||3|3|0|1|1|132|66|["132,66,2"]|636148141566020000|13:42:36:602
62|1.1|636147898548512593|76ce4d|49361.6015625|6.41500824086|96.79953927129|-438807|-802652||49361.6015625|380||37837.5|380|49361.6015625|76ce4d|X|0|1984|0|||3|3|0|1|1|132|66|["132,66,2"]|636148141616020000|13:42:41:602
62|1.1|636147898598437585|76ce4d|49366.578125|6.41829125978|96.78850467992|-440029|-802272||49366.578125|380||37856.25|380|49366.578125|76ce4d|X|0|1984|0|||3|3|0|1|1|132|66|["132,66,2"]|636148141665780000|13:42:46:578
62|1.1|636147898648352576|76ce4d|49371.578125|6.42154209224|96.77745399532|-441253|-801896||49371.578125|380||37856.25|380|49371.578125|76ce4d|X|0|1984|0|||3|3|0|1|1|132|66|["132,66,2"]|636148141715780000|13:42:51:578
62|1.1|636147898698277568|76ce4d|49376.578125|6.42483047557|96.76641940395|-442476|-801516||49376.578125|380||37875|380|49376.578125|76ce4d|X|0|1984|0|||3|3|0|1|1|132|66|["132,66,2"]|636148141765780000|13:42:56:578
62|1.1|636147898748232563|76ce4d|49381.5625|6.42822078269|96.75527215997|-443711|-801123||49381.5625|380||37912.5|380|49381.5625|76ce4d|X|0|1984|0|||3|3|0|1|1|132|66|["132,66,2"]|636148141815630000|13:43:01:563
62|1.1|636147898798127552|76ce4d|49386.5625|6.43146625074|96.74425902624|-444931|-800748||49386.5625|380||37912.5|380|49386.5625|76ce4d|X|0|1984|0|||3|3|0|1|1|132|66|["132,66,2"]|636148141865630000|13:43:06:563
62|1.1|636147898848042543|76ce4d|49391.5390625|6.43457760854|96.73335318071|-446139|-800387||49391.5390625|380||37887.5|380|49391.5390625|76ce4d|X|0|1984|0|||3|3|0|1|1|132|66|["132,66,2"]|636148141915390000|13:43:11:539
62|1.1|636147898897987537|76ce4d|49396.5390625|6.43795718684|96.72218447909|-447376|-799996||49396.5390625|380||37918.75|380|49396.5390625|76ce4d|X|0|1984|0|||3|3|0|1|1|132|66|["132,66,2"]|636148141965390000|13:43:16:539
62|1.1|636147898947892527|X|49401.5390625|6.44117046843|96.71117670977|-448596|-799623||49401.5390625|380||37918.75|380|49401.5390625|X|X|0|1984|0|||3|3|0|1|1|132|66|["132,66,2"]|636148142015390000|13:43:21:539
62|1.1|636147898997807518|X|49406.515625|6.44445348735|96.70013675399|-449819|-799244||49406.515625|380||37925|380|49406.515625|X|X|0|1984|0|||3|3|0|1|1|132|66|["132,66,2"]|636148142065160000|13:43:26:516
62|1.1|636147899047732510|X|49411.515625|6.44765067571|96.68913971349|-451037|-798873||49411.515625|380||37912.5|380|49411.515625|X|X|0|1984|0|||3|3|0|1|1|132|66|["132,66,2"]|636148142115160000|13:43:31:516
62|1.1|636147899097647501|X|49416.5|6.45086932171|96.67815876622|-452254|-798500||49416.5|380||37912.5|380|49416.5|X|X|0|1984|0|||3|3|0|1|1|132|66|["132,66,2"]|636148142165000000|13:43:36:500
62|1.1|636147899147582494|X|49421.5|6.45409333212|96.66716172572|-453472|-798126||49421.5|380||37918.75|380|49421.5|X|X|0|1984|0|||3|3|0|1|1|132|66|["132,66,2"]|636148142215000000|13:43:41:500
62|1.1|636147899197497485|X|49426.5|6.45737635104|96.65610567671|-454697|-797746||49426.5|380||37931.25|380|49426.5|X|X|0|1984|0|||3|3|0|1|1|132|66|["132,66,2"]|636148142265000000|13:43:46:500
62|1.1|636147899247422477|X|49431.4765625|6.46057890381|96.6451569159|-455910|-797375||49431.4765625|380||37925|380|49431.4765625|X|X|0|1984|0|||3|3|0|1|1|132|66|["132,66,2"]|636148142314770000|13:43:51:477
62|1.1|636147899297347469|X|49436.4765625|6.4637921854|96.63418669745|-457125|-797002||49436.4765625|380||37931.25|380|49436.4765625|X|X|0|1984|0|||3|3|0|1|1|132|66|["132,66,2"]|636148142364770000|13:43:56:477
62|1.1|636147899347272461|X|49441.4609375|6.46693572966|96.62329694515|-458331|-796637||49441.4609375|380||37931.25|380|49441.4609375|X|X|0|1984|0|||3|3|0|1|1|132|66|["132,66,2"]|636148142414610000|13:44:01:461
62|1.1|636147899397187452|X|49446.4609375|6.47021338417|96.61226771819|-459553|-796257||49446.4609375|380||37943.75|380|49446.4609375|X|X|0|1984|0|||3|3|0|1|1|132|66|["132,66,2"]|636148142464610000|13:44:06:461
62|1.1|636147899447112444|X|49451.4609375|6.47339984371|96.60131895738|-460766|-795888||49451.4609375|380||37937.5|380|49451.4609375|X|X|0|1984|0|||3|3|0|1|1|132|66|["132,66,2"]|636148142514610000|13:44:11:461
62|1.1|636147899497037436|X|49456.4375|6.47640927772|96.5905472221|-461959|-795538||49456.4375|380||37906.25|380|49456.4375|X|X|0|1984|0|||3|3|0|1|1|132|66|["132,66,2"]|636148142564380000|13:44:16:438
62|1.1|636147899546962428|X|49461.4375|6.47975130515|96.57949117309|-463184|-795151||49461.4375|380||37943.75|380|49461.4375|X|X|0|1984|0|||3|3|0|1|1|132|66|["132,66,2"]|636148142614380000|13:44:21:438
62|1.1|636147899596867418|X|49466.421875|6.48317379873|96.56834392911|-464418|-794755||49466.421875|380||37993.75|380|49466.421875|X|X|0|1984|0|||3|3|0|1|1|132|66|["132,66,2"]|636148142664220000|13:44:26:422
62|1.1|636147899646802411|X|49471.421875|6.48640317355|96.55735761743|-465635|-794380||49471.421875|380||38000|380|49471.421875|X|X|0|1984|0|||3|3|0|1|1|132|66|["132,66,2"]|636148142714220000|13:44:31:422
62|1.1|636147899696727403|X|49476.421875|6.48962718396|96.54639276339|-466850|-794006||49476.421875|380||38006.25|380|49476.421875|X|X|0|1984|0|||3|3|0|1|1|132|66|["132,66,2"]|636148142764220000|13:44:36:422
62|1.1|636147899746632393|X|49481.3984375|6.49286192319|96.53542254494|-468065|-793630||49481.3984375|380||38006.25|380|49481.3984375|X|X|0|1984|0|||3|3|0|1|1|132|66|["132,66,2"]|636148142813980000|13:44:41:398
62|1.1|636147899796567386|X|49486.3984375|6.49620395062|96.52438258916|-469287|-793243||49486.3984375|380||38037.5|380|49486.3984375|X|X|0|1984|0|||3|3|0|1|1|132|66|["132,66,2"]|636148142863980000|13:44:46:398
62|1.1|636147899846482377|X|49491.375|6.49948696954|96.51349820127|-470493|-792862||49491.375|380||38075|380|49491.375|X|X|0|1984|0|||3|3|0|1|1|132|66|["132,66,2"]|636148142913750000|13:44:51:375
62|1.1|636147899896407369|X|49496.375|6.50282363256|96.50268355071|-471690|-792476||49496.375|380||38150|380.25|49496.375|X|X|0|1984|0|||3|3|0|1|1|132|66|["132,66,2"]|636148142963750000|13:44:56:375
62|1.1|636147899946322360|X|49501.375|6.50631049906|96.49191717984|-472882|-792072||49501.375|380||38287.5|380.25|49501.375|X|X|0|1984|0|||3|3|0|1|1|132|66|["132,66,2"]|636148143013750000|13:45:01:375
62|1.1|636147899996247352|X|49506.359375|6.5099261114|96.4813278345|-474054|-791655||49506.359375|380||38450|380.25|49506.359375|X|X|0|1984|0|||3|3|0|1|1|132|66|["132,66,2"]|636148143063590000|13:45:06:359
62|1.1|636147900046192346|X|49511.359375|6.51379385101|96.47086187059|-475212|-791210||49511.359375|380||38587.5|380.25|49511.359375|X|X|0|1984|0|||3|3|0|1|1|132|66|["132,66,2"]|636148143113590000|13:45:11:359
62|1.1|636147900096087335|X|49516.3359375|6.51846088771|96.46062657631|-476343|-790676||49516.3359375|380||38575|380.25|49516.3359375|X|X|0|1984|0|||3|3|0|1|1|132|66|["132,66,2"]|636148143163360000|13:45:16:336
62|1.1|636147900146012327|X|49521.3359375|6.52416861995|96.45057903638|-477452|-790027||49521.3359375|380||38287.5|380.25|49521.3359375|X|X|0|1984|0|||3|3|0|1|1|132|66|["132,66,2"]|636148143213360000|13:45:21:336
62|1.1|636147900195937319|X|49526.3359375|6.52940964852|96.44060659819|-478553|-789429||49526.3359375|380||38087.5|380|49526.3359375|X|X|0|1984|0|||3|3|0|1|1|132|66|["132,66,2"]|636148143263360000|13:45:26:336
62|1.1|636147900245852310|X|49531.3203125|6.53461849063|96.43054296503|-479664|-788836||49531.3203125|380||38000|380|49531.3203125|X|X|0|1984|0|||3|3|0|1|1|132|66|["132,66,2"]|636148143313200000|13:45:31:320
62|1.1|636147900295787303|X|49536.3203125|6.53987024802|96.42035058603|-480789|-788237||49536.3203125|380||37943.75|380|49536.3203125|X|X|0|1984|0|||3|3|0|1|1|132|66|["132,66,2"]|636148143363200000|13:45:36:320
62|1.1|636147900345702294|X|49541.296875|6.54520247156|96.41010992734|-481920|-787629||49541.296875|380||37906.25|380|49541.296875|X|X|0|1984|0|||3|3|0|1|1|132|66|["132,66,2"]|636148143412970000|13:45:41:297
62|1.1|636147900395617285|X|49546.296875|6.55029329665|96.39983708219|-483055|-787048||49546.296875|380||37887.5|380|49546.296875|X|X|0|1984|0|||3|3|0|1|1|132|66|["132,66,2"]|636148143462970000|13:45:46:297
62|1.1|636147900445542277|X|49551.296875|6.55535193528|96.38952132176|-484194|-786470||49551.296875|380||37887.5|380|49551.296875|X|X|0|1984|0|||3|3|0|1|1|132|66|["132,66,2"]|636148143512970000|13:45:51:297
62|1.1|636147900495467269|X|49556.28125|6.56007798049|96.37934503599|-485318|-785929||49556.28125|380||37881.25|380|49556.28125|X|X|0|1984|0|||3|3|0|1|1|132|66|["132,66,2"]|636148143562810000|13:45:56:281
62|1.1|636147900545392261|X|49561.28125|6.56505078856|96.36905609761|-486454|-785361||49561.28125|380||37881.25|380|49561.28125|X|X|0|1984|0|||3|3|0|1|1|132|66|["132,66,2"]|636148143612810000|13:46:01:281
62|1.1|636147900595307252|X|49566.2578125|6.57013624924|96.35881543892|-487585|-784781||49566.2578125|380||37887.5|380|49566.2578125|X|X|0|1984|0|||3|3|0|1|1|132|66|["132,66,2"]|636148143662580000|13:46:06:258
62|1.1|636147900645222243|X|49571.2578125|6.57506614203|96.34864988197|-488708|-784217||49571.2578125|380||37893.75|380|49571.2578125|X|X|0|1984|0|||3|3|0|1|1|132|66|["132,66,2"]|636148143712580000|13:46:11:258
62|1.1|636147900695147235|X|49576.2578125|6.5800389501|96.3384199521|-489838|-783649||49576.2578125|380||37900|380|49576.2578125|X|X|0|1984|0|||3|3|0|1|1|132|66|["132,66,2"]|636148143762580000|13:46:16:258
62|1.1|636147900745072227|X|49581.2421875|6.58487764792|96.3282812172|-490957|-783095||49581.2421875|380||37893.75|380|49581.2421875|X|X|0|1984|0|||3|3|0|1|1|132|66|["132,66,2"]|636148143812420000|13:46:21:242
62|1.1|636147900794997219|X|49586.2421875|6.58998993065|96.31805665174|-492086|-782512||49586.2421875|380||37900|380|49586.2421875|X|X|0|1984|0|||3|3|0|1|1|132|66|["132,66,2"]|636148143862420000|13:46:26:242
62|1.1|636147900844922211|X|49591.21875|6.5952738745|96.3077355269|-493225|-781908||49591.21875|380||37918.75|380|49591.21875|X|X|0|1984|0|||3|3|0|1|1|132|66|["132,66,2"]|636148143912190000|13:46:31:219
62|1.1|636147900894837202|X|49596.21875|6.60021449611|96.29755924113|-494349|-781344||49596.21875|380||37912.5|380|49596.21875|X|X|0|1984|0|||3|3|0|1|1|132|66|["132,66,2"]|636148143962190000|13:46:36:219
62|1.1|636147900944762194|X|49601.21875|6.60520876182|96.287404413|-495470|-780773||49601.21875|380||37912.5|380|49601.21875|X|X|0|1984|0|||3|3|0|1|1|132|66|["132,66,2"]|636148144012190000|13:46:41:219
62|1.1|636147900994677185|X|49606.1953125|6.61058926505|96.27697599996|-496621|-780159||49606.1953125|380||37931.25|380|49606.1953125|X|X|0|1984|0|||3|3|0|1|1|132|66|["132,66,2"]|636148144061950000|13:46:46:195
62|1.1|636147901044602177|X|49611.1953125|6.61571764101|96.26668706158|-497757|-779573||49611.1953125|380||37937.5|380|49611.1953125|X|X|0|1984|0|||3|3|0|1|1|132|66|["132,66,2"]|636148144111950000|13:46:51:195
62|1.1|636147901094527169|X|49616.1796875|6.62071190672|96.25651077581|-498880|-779002||49616.1796875|380||37931.25|380|49616.1796875|X|X|0|1984|0|||3|3|0|1|1|132|66|["132,66,2"]|636148144161800000|13:46:56:180
62|1.1|636147901144432159|X|49621.1796875|6.62563107069|96.24636131209|-500001|-778440||49621.1796875|380||37925|380|49621.1796875|X|X|0|1984|0|||3|3|0|1|1|132|66|["132,66,2"]|636148144211800000|13:47:01:180
62|1.1|636147901194357151|X|49626.1796875|6.63072189578|96.23611528899|-501132|-777858||49626.1796875|380||37931.25|380|49626.1796875|X|X|0|1984|0|||3|3|0|1|1|132|66|["132,66,2"]|636148144261800000|13:47:06:180
62|1.1|636147901244142129|X|49631.15625|6.63601656845|96.22574588446|-502276|-777253||49631.15625|380||37943.75|380|49631.15625|X|X|0|1984|0|||3|3|0|1|1|132|66|["132,66,2"]|636148144311560000|13:47:11:156
62|1.1|636147901294067121|X|49636.15625|6.64133269876|96.21533892906|-503425|-776646||49636.15625|380||37956.25|380|49636.15625|X|X|0|1984|0|||3|3|0|1|1|132|66|["132,66,2"]|636148144361560000|13:47:16:156
62|1.1|636147901344122126|X|49641.140625|6.64625722714|96.20518410093|-504546|-776083||49641.140625|380||37943.75|380|49641.140625|X|X|0|1984|0|||3|3|0|1|1|132|66|["132,66,2"]|636148144411410000|13:47:21:141
62|1.1|636147901393907104|X|49646.140625|6.65111201819|96.19504000162|-505666|-775527||49646.140625|380||37925|380|49646.140625|X|X|0|1984|0|||3|3|0|1|1|132|66|["132,66,2"]|636148144461410000|13:47:26:141
62|1.1|636147901443832096|X|49651.140625|6.656159928|96.18477252088|-506799|-774950||49651.140625|380||37918.75|380|49651.140625|X|X|0|1984|0|||3|3|0|1|1|132|66|["132,66,2"]|636148144511410000|13:47:31:141
62|1.1|636147901493737086|X|49656.1171875|6.66125075309|96.17451576896|-507931|-774368||49656.1171875|380||37918.75|380|49656.1171875|X|X|0|1984|0|||3|3|0|1|1|132|66|["132,66,2"]|636148144561170000|13:47:36:117
62|1.1|636147901543672079|X|49661.1171875|6.66635767141|96.16424292381|-509065|-773784||49661.1171875|380||37918.75|380|49661.1171875|X|X|0|1984|0|||3|3|0|1|1|132|66|["132,66,2"]|636148144611170000|13:47:41:117
62|1.1|636147901593577069|X|49666.1015625|6.67141094563|96.15402372276|-510193|-773206||49666.1015625|380||37925|380|49666.1015625|X|X|0|1984|0|||3|3|0|1|1|132|66|["132,66,2"]|636148144661020000|13:47:46:102
62|1.1|636147901643502061|X|49671.1015625|6.67632474519|96.14386889463|-511314|-772644||49671.1015625|380||37906.25|380|49671.1015625|X|X|0|1984|0|||3|3|0|1|1|132|66|["132,66,2"]|636148144711020000|13:47:51:102
62|1.1|636147901693447055|X|49676.1015625|6.6812653668|96.13369797327|-512436|-772078||49676.1015625|380||37893.75|380|49676.1015625|X|X|0|1984|0|||3|3|0|1|1|132|66|["132,66,2"]|636148144761020000|13:47:56:102
62|1.1|636147901743352045|X|49681.078125|6.68649030214|96.12340367048|-513572|-771481||49681.078125|380||37925|380|49681.078125|X|X|0|1984|0|||3|3|0|1|1|132|66|["132,66,2"]|636148144810780000|13:48:01:078
62|1.1|636147901793267036|X|49686.078125|6.69133436437|96.11330785086|-514686|-770926||49686.078125|380||37900|380|49686.078125|X|X|0|1984|0|||3|3|0|1|1|132|66|["132,66,2"]|636148144860780000|13:48:06:078
62|1.1|636147901843192028|X|49691.0625|6.6961247825|96.10328713298|-515792|-770378||49691.0625|380||37881.25|380|49691.0625|X|X|0|1984|0|||3|3|0|1|1|132|66|["132,66,2"]|636148144910630000|13:48:11:063
62|1.1|636147901893117020|X|49696.0625|6.70121024318|96.09305720311|-516921|-769796||49696.0625|380||37893.75|380|49696.0625|X|X|0|1984|0|||3|3|0|1|1|132|66|["132,66,2"]|636148144960630000|13:48:16:063
62|1.1|636147901943032011|X|49701.0625|6.70629570386|96.08282190883|-518051|-769215||49701.0625|380||37906.25|380|49701.0625|X|X|0|1984|0|||3|3|0|1|1|132|66|["132,66,2"]|636148145010630000|13:48:21:063
62|1.1|636147901992957003|X|49706.0390625|6.71127387634|96.07265098747|-519173|-768645||49706.0390625|380||37906.25|380|49706.0390625|X|X|0|1984|0|||3|3|0|1|1|132|66|["132,66,2"]|636148145060390000|13:48:26:039
62|1.1|636147902042881995|X|49711.0390625|6.7161876759|96.06251761698|-520291|-768082||49711.0390625|380||37893.75|380|49711.0390625|X|X|0|1984|0|||3|3|0|1|1|132|66|["132,66,2"]|636148145110390000|13:48:31:039
62|1.1|636147902092816988|X|49716.015625|6.72120339925|96.0523359668|-521415|-767508||49716.015625|380||37900|380|49716.015625|X|X|0|1984|0|||3|3|0|1|1|132|66|["132,66,2"]|636148145160160000|13:48:36:016
62|1.1|636147902142741980|X|49721.015625|6.72635859726|96.04205775724|-522549|-766918||49721.015625|380||37931.25|380|49721.015625|X|X|0|1984|0|||3|3|0|1|1|132|66|["132,66,2"]|636148145210160000|13:48:41:016
62|1.1|636147902192666972|X|49726.015625|6.73145478676|96.03181173414|-523679|-766335||49726.015625|380||37943.75|380|49726.015625|X|X|0|1984|0|||3|3|0|1|1|132|66|["132,66,2"]|636148145260160000|13:48:46:016
62|1.1|636147902242571962|X|49731|6.73634712868|96.02171055011|-524794|-765775||49731|380||37918.75|380|49731|X|X|0|1984|0|||3|3|0|1|1|132|66|["132,66,2"]|636148145310000000|13:48:51:000
62|1.1|636147902292496954|X|49736|6.74131993675|96.01149671347|-525920|-765205||49736|380||37912.5|380|49736|X|X|0|1984|0|||3|3|0|1|1|132|66|["132,66,2"]|636148145360000000|13:48:56:000
62|1.1|636147902342411945|X|49740.9765625|6.74631956687|96.00134188534|-527041|-764633||49740.9765625|380||37912.5|380|49740.9765625|X|X|0|1984|0|||3|3|0|1|1|132|66|["132,66,2"]|636148145409770000|13:49:00:977
62|1.1|636147902392336937|X|49745.9765625|6.75134065463|95.99114414193|-528166|-764058||49745.9765625|380||37912.5|380|49745.9765625|X|X|0|1984|0|||3|3|0|1|1|132|66|["132,66,2"]|636148145459770000|13:49:05:977
62|1.1|636147902442261929|X|49750.9765625|6.75646903059|95.98087666119|-529298|-763471||49750.9765625|380||37937.5|380|49750.9765625|X|X|0|1984|0|||3|3|0|1|1|132|66|["132,66,2"]|636148145509770000|13:49:10:977
62|1.1|636147902492176920|X|49755.9609375|6.76146866071|95.97071110424|-530420|-762898||49755.9609375|380||37937.5|380|49755.9609375|X|X|0|1984|0|||3|3|0|1|1|132|66|["132,66,2"]|636148145559610000|13:49:15:961
62|1.1|636147902542101912|X|49760.9609375|6.76653802816|95.96049190319|-531547|-762318||49760.9609375|380||37943.75|380|49760.9609375|X|X|0|1984|0|||3|3|0|1|1|132|66|["132,66,2"]|636148145609610000|13:49:20:961
62|1.1|636147902592036905|X|49765.9375|6.77145182772|95.95036926152|-532664|-761754||49765.9375|380||37925|380|49765.9375|X|X|0|1984|0|||3|3|0|1|1|132|66|["132,66,2"]|636148145659380000|13:49:25:938
62|1.1|636147902641941895|X|49770.9375|6.77649973753|95.94014469606|-533792|-761176||49770.9375|380||37931.25|380|49770.9375|X|X|0|1984|0|||3|3|0|1|1|132|66|["132,66,2"]|636148145709380000|13:49:30:938
62|1.1|636147902691866887|X|49775.9375|6.78139744386|95.93001668998|-534909|-760615||49775.9375|380||37912.5|380|49775.9375|X|X|0|1984|0|||3|3|0|1|1|132|66|["132,66,2"]|636148145759380000|13:49:35:938
62|1.1|636147902741781878|X|49780.921875|6.7861932264|95.91994769241|-536020|-760065||49780.921875|380||37868.75|380|49780.921875|X|X|0|1984|0|||3|3|0|1|1|132|66|["132,66,2"]|636148145809220000|13:49:40:922
62|1.1|636147902791716871|X|49785.921875|6.79134842441|95.90970703372|-537149|-759475||49785.921875|380||37906.25|380|49785.921875|X|X|0|1984|0|||3|3|0|1|1|132|66|["132,66,2"]|636148145859220000|13:49:45:922
62|1.1|636147902841631862|X|49790.8984375|6.7964392495|95.89953611236|-538271|-758892||49790.8984375|380||37937.5|380|49790.8984375|X|X|0|1984|0|||3|3|0|1|1|132|66|["132,66,2"]|636148145908980000|13:49:50:898
62|1.1|636147902891546853|X|49795.8984375|6.80131549819|95.88942956392|-539386|-758333||49795.8984375|380||37912.5|380|49795.8984375|X|X|0|1984|0|||3|3|0|1|1|132|66|["132,66,2"]|636148145958980000|13:49:55:898
62|1.1|636147902941471845|X|49800.8984375|6.80636877241|95.87925327815|-540508|-757754||49800.8984375|380||37931.25|380|49800.8984375|X|X|0|1984|0|||3|3|0|1|1|132|66|["132,66,2"]|636148146008980000|13:50:00:898
62|1.1|636147902991386836|X|49805.875|6.81149178396|95.86906089915|-541632|-757167||49805.875|380||37968.75|380|49805.875|X|X|0|1984|0|||3|3|0|1|1|132|66|["132,66,2"]|636148146058750000|13:50:05:875
62|1.1|636147903041311828|X|49810.875|6.81657188023|95.85887924897|-542755|-756585||49810.875|380||37981.25|380|49810.875|X|X|0|1984|0|||3|3|0|1|1|132|66|["132,66,2"]|636148146108750000|13:50:10:875
62|1.1|636147903091236820|X|49815.859375|6.82146422215|95.84879952258|-543867|-756024||49815.859375|380||37962.5|380|49815.859375|X|X|0|1984|0|||3|3|0|1|1|132|66|["132,66,2"]|636148146158590000|13:50:15:859
62|1.1|636147903141151811|X|49820.859375|6.82631364879|95.8387251606|-544978|-755468||49820.859375|380||37937.5|380|49820.859375|X|X|0|1984|0|||3|3|0|1|1|132|66|["132,66,2"]|636148146208590000|13:50:20:859
62|1.1|636147903191076803|X|49825.859375|6.83133473655|95.82855960365|-546099|-754892||49825.859375|380||37937.5|380|49825.859375|X|X|0|1984|0|||3|3|0|1|1|132|66|["132,66,2"]|636148146258590000|13:50:25:859
62|1.1|636147903241011796|X|49830.8359375|6.83624853611|95.81846378403|-547212|-754328||49830.8359375|380||37925|380|49830.8359375|X|X|0|1984|0|||3|3|0|1|1|132|66|["132,66,2"]|636148146308360000|13:50:30:836
62|1.1|636147903290926787|X|49835.8359375|6.84116233567|95.8083626|-548326|-753765||49835.8359375|380||37912.5|380|49835.8359375|X|X|0|1984|0|||3|3|0|1|1|132|66|["132,66,2"]|636148146358360000|13:50:35:836
62|1.1|636147903340841778|X|49840.8203125|6.84621560989|95.79821313628|-549445|-753186||49840.8203125|380||37925|380|49840.8203125|X|X|0|1984|0|||3|3|0|1|1|132|66|["132,66,2"]|636148146408200000|13:50:40:820
62|1.1|636147903390766770|X|49845.8203125|6.85122060442|95.7880851302|-550562|-752612||49845.8203125|380||37937.5|380|49845.8203125|X|X|0|1984|0|||3|3|0|1|1|132|66|["132,66,2"]|636148146458200000|13:50:45:820
62|1.1|636147903440711764|X|49850.8203125|6.85610221752|95.77798394617|-551676|-752052||49850.8203125|380||37912.5|380|49850.8203125|X|X|0|1984|0|||3|3|0|1|1|132|66|["132,66,2"]|636148146508200000|13:50:50:820
62|1.1|636147903490606753|X|49855.796875|6.86093555093|95.76792567742|-552785|-751497||49855.796875|380||37881.25|380|49855.796875|X|X|0|1984|0|||3|3|0|1|1|132|66|["132,66,2"]|636148146557970000|13:50:55:797
62|1.1|636147903540531745|X|49860.796875|6.8659620031|95.7577762137|-553904|-750921||49860.796875|380||37893.75|380|49860.796875|X|X|0|1984|0|||3|3|0|1|1|132|66|["132,66,2"]|636148146607970000|13:51:00:797
62|1.1|636147903590466738|X|49865.78125|6.87086507384|95.74769648731|-555015|-750358||49865.78125|380||37893.75|380|49865.78125|X|X|0|1984|0|||3|3|0|1|1|132|66|["132,66,2"]|636148146657810000|13:51:05:781
62|1.1|636147903640381729|X|49870.78125|6.87591298365|95.73756311682|-556133|-749779||49870.78125|380||37906.25|380|49870.78125|X|X|0|1984|0|||3|3|0|1|1|132|66|["132,66,2"]|636148146707810000|13:51:10:781
62|1.1|636147903690306721|X|49875.78125|6.88097698669|95.72742438192|-557250|-749199||49875.78125|380||37937.5|380|49875.78125|X|X|0|1984|0|||3|3|0|1|1|132|66|["132,66,2"]|636148146757810000|13:51:15:781
62|1.1|636147903740221712|X|49880.7578125|6.88591224389|95.71735538435|-558360|-748632||49880.7578125|380||37931.25|380|49880.7578125|X|X|0|1984|0|||3|3|0|1|1|132|66|["132,66,2"]|636148146807580000|13:51:20:758
62|1.1|636147903790136703|X|49885.7578125|6.89081531463|95.70728102237|-559471|-748069||49885.7578125|380||37918.75|380|49885.7578125|X|X|0|1984|0|||3|3|0|1|1|132|66|["132,66,2"]|636148146857580000|13:51:25:758
62|1.1|636147903840061695|X|49890.7421875|6.89556281748|95.69732467741|-560569|-747524||49890.7421875|380||37887.5|380|49890.7421875|X|X|0|1984|0|||3|3|0|1|1|132|66|["132,66,2"]|636148146907420000|13:51:30:742
62|1.1|636147903889996688|X|49895.7421875|6.90054098996|95.68722349338|-561682|-746953||49895.7421875|380||37900|380|49895.7421875|X|X|0|1984|0|||3|3|0|1|1|132|66|["132,66,2"]|636148146957420000|13:51:35:742
62|1.1|636147903939901678|X|49900.7421875|6.90535823014|95.67720813991|-562786|-746400||49900.7421875|380||37881.25|380|49900.7421875|X|X|0|1984|0|||3|3|0|1|1|132|66|["132,66,2"]|636148147007420000|13:51:40:742
62|1.1|636147903989826670|X|49905.71875|6.91023984324|95.66717669321|-563892|-745839||49905.71875|380||37881.25|380|49905.71875|X|X|0|1984|0|||3|3|0|1|1|132|66|["132,66,2"]|636148147057190000|13:51:45:719
62|1.1|636147904039751662|X|49910.71875|6.9152072869|95.65710233123|-565003|-745269||49910.71875|380||37887.5|380|49910.71875|X|X|0|1984|0|||3|3|0|1|1|132|66|["132,66,2"]|636148147107190000|13:51:50:719
62|1.1|636147904089676654|X|49915.6953125|6.92018545938|95.6470547913|-566110|-744698||49915.6953125|380||37906.25|380|49915.6953125|X|X|0|1984|0|||3|3|0|1|1|132|66|["132,66,2"]|636148147156950000|13:51:55:695
62|1.1|636147904139601646|X|49920.6953125|6.92515290304|95.63699115814|-567219|-744128||49920.6953125|380||37925|380|49920.6953125|X|X|0|1984|0|||3|3|0|1|1|132|66|["132,66,2"]|636148147206950000|13:52:00:695
62|1.1|636147904189516637|X|49925.6953125|6.93023299931|95.62687924529|-568334|-743545||49925.6953125|380||37956.25|380|49925.6953125|X|X|0|1984|0|||3|3|0|1|1|132|66|["132,66,2"]|636148147256950000|13:52:05:695
62|1.1|636147904239431628|X|49930.6796875|6.93520580738|95.61680488331|-569444|-742974||49930.6796875|380||37962.5|380|49930.6796875|X|X|0|1984|0|||3|3|0|1|1|132|66|["132,66,2"]|636148147306800000|13:52:10:680
62|1.1|636147904289356620|X|49935.6796875|6.94023225955|95.60668224164|-570560|-742397||49935.6796875|380||37968.75|380|49935.6796875|X|X|0|1984|0|||3|3|0|1|1|132|66|["132,66,2"]|636148147356800000|13:52:15:680
62|1.1|636147904339281612|X|49940.65625|6.94529626259|95.59660787966|-571670|-741816||49940.65625|380||37987.5|380|49940.65625|X|X|0|1984|0|||3|3|0|1|1|132|66|["132,66,2"]|636148147406560000|13:52:20:656
62|1.1|636147904389196603|X|49945.65625|6.95031735035|95.58648523799|-572785|-741240||49945.65625|380||37987.5|380|49945.65625|X|X|0|1984|0|||3|3|0|1|1|132|66|["132,66,2"]|636148147456560000|13:52:25:656
62|1.1|636147904439121595|X|49950.65625|6.95507021761|95.57642160483|-573894|-740693||49950.65625|380||37925|380|49950.65625|X|X|0|1984|0|||3|3|0|1|1|132|66|["132,66,2"]|636148147506560000|13:52:30:656
62|1.1|636147904489066589|X|49955.640625|6.95989818661|95.56638479372|-575001|-740138||49955.640625|380||37887.5|380|49955.640625|X|X|0|1984|0|||3|3|0|1|1|132|66|["132,66,2"]|636148147556410000|13:52:35:641
62|1.1|636147904538991581|X|49960.640625|6.96480662176|95.55631043174|-576111|-739574||49960.640625|380||37875|380|49960.640625|X|X|0|1984|0|||3|3|0|1|1|132|66|["132,66,2"]|636148147606410000|13:52:40:641
62|1.1|636147904588886570|X|49965.6171875|6.96960776871|95.54629507827|-577215|-739022||49965.6171875|380||37837.5|380|49965.6171875|X|X|0|1984|0|||3|3|0|1|1|132|66|["132,66,2"]|636148147656170000|13:52:45:617
62|1.1|636147904638811562|X|49970.6171875|6.97456984796|95.53619925865|-578327|-738452||49970.6171875|380||37837.5|380|49970.6171875|X|X|0|1984|0|||3|3|0|1|1|132|66|["132,66,2"]|636148147706170000|13:52:50:617
62|1.1|636147904688726553|X|49975.6171875|6.97944609665|95.52611416785|-579439|-737892||49975.6171875|380||37825|380|49975.6171875|X|X|0|1984|0|||3|3|0|1|1|132|66|["132,66,2"]|636148147756170000|13:52:55:617
62|1.1|636147904738681548|X|49980.6015625|6.98432234534|95.51606662792|-580546|-737331||49980.6015625|380||37818.75|380|49980.6015625|X|X|0|1984|0|||3|3|0|1|1|132|66|["132,66,2"]|636148147806020000|13:53:00:602
62|1.1|636147904788576537|X|49985.6015625|6.98926296695|95.50597617271|-581658|-736764||49985.6015625|380||37812.5|380|49985.6015625|X|X|0|1984|0|||3|3|0|1|1|132|66|["132,66,2"]|636148147856020000|13:53:05:602
62|1.1|636147904838491528|X|49990.578125|6.99416603769|95.49590717514|-582767|-736200||49990.578125|380||37812.5|380|49990.578125|X|X|0|1984|0|||3|3|0|1|1|132|66|["132,66,2"]|636148147905780000|13:53:10:578
62|1.1|636147904888416520|X|49995.578125|6.9989993711|95.48584354198|-583877|-735644||49995.578125|380||37793.75|380|49995.578125|X|X|0|1984|0|||3|3|0|1|1|132|66|["132,66,2"]|636148147955780000|13:53:15:578
62|1.1|636147904938331511|X|50000.578125|7.00381661128|95.47577454441|-584986|-735090||50000.578125|380||37775|380|50000.578125|X|X|0|1984|0|||3|3|0|1|1|132|66|["132,66,2"]|636148148005780000|13:53:20:578
62|1.1|636147904988266504|X|50005.5625|7.00876796171|95.46572164007|-586094|-734521||50005.5625|380||37793.75|380|50005.5625|X|X|0|1984|0|||3|3|0|1|1|132|66|["132,66,2"]|636148148055630000|13:53:25:563
62|1.1|636147905038181495|X|50010.5625|7.01362275276|95.45564727809|-587204|-733962||50010.5625|380||37793.75|380|50010.5625|X|X|0|1984|0|||3|3|0|1|1|132|66|["132,66,2"]|636148148105630000|13:53:30:563
62|1.1|636147905088106487|X|50015.5390625|7.01846145058|95.44560510257|-588310|-733406||50015.5390625|380||37781.25|380|50015.5390625|X|X|0|1984|0|||3|3|0|1|1|132|66|["132,66,2"]|636148148155390000|13:53:35:539
62|1.1|636147905138071483|X|50020.5390625|7.02336988573|95.43550928295|-589422|-732841||50020.5390625|380||37787.5|380|50020.5390625|X|X|0|1984|0|||3|3|0|1|1|132|66|["132,66,2"]|636148148205390000|13:53:40:539
62|1.1|636147905187946470|X|50025.5390625|7.02849826169|95.42537591246|-590539|-732252||50025.5390625|380||37837.5|380|50025.5390625|X|X|0|1984|0|||3|3|0|1|1|132|66|["132,66,2"]|636148148255390000|13:53:45:539
62|1.1|636147905237871462|X|50030.515625|7.03334768833|95.41533373694|-591645|-731694||50030.515625|380||37837.5|380|50030.515625|X|X|0|1984|0|||3|3|0|1|1|132|66|["132,66,2"]|636148148305160000|13:53:50:516
62|1.1|636147905287786453|X|50035.515625|7.03814347087|95.40528619701|-592752|-731142||50035.515625|380||37818.75|380|50035.515625|X|X|0|1984|0|||3|3|0|1|1|132|66|["132,66,2"]|636148148355160000|13:53:55:516
62|1.1|636147905337711445|X|50040.5|7.04305727043|95.39528157236|-593854|-730578||50040.5|380||37818.75|380|50040.5|X|X|0|1984|0|||3|3|0|1|1|132|66|["132,66,2"]|636148148405000000|13:54:00:500
62|1.1|636147905387636437|X|50045.5|7.04797106999|95.38523403243|-594961|-730012||50045.5|380||37825|380|50045.5|X|X|0|1984|0|||3|3|0|1|1|132|66|[]|636148148455000000|13:54:05:500
62|1.1|636147905437551428|X|50050.5|7.0529116916|95.37506311107|-596081|-729444||50050.5|380||37843.75|380|50050.5|X|X|0|1984|0|||3|3|0|1|1|132|66|["132,66,2"]|636148148505000000|13:54:10:500
62|1.1|636147905487486421|X|50055.4765625|7.0577396606|95.36506385083|-597183|-728888||50055.4765625|380||37837.5|380|50055.4765625|X|X|0|1984|0|||3|3|0|1|1|132|66|["132,66,2"]|636148148554770000|13:54:15:477
62|1.1|636147905537411413|X|50060.4765625|7.06258908724|95.35501094649|-598290|-728330||50060.4765625|380||37831.25|380|50060.4765625|X|X|0|1984|0|||3|3|0|1|1|132|66|["132,66,2"]|636148148604770000|13:54:20:477
62|1.1|636147905587326404|X|50065.4609375|7.067610175|95.34496877097|-599396|-727753||50065.4609375|380||37875|380|50065.4609375|X|X|0|1984|0|||3|3|0|1|1|132|66|["132,66,2"]|636148148654610000|13:54:25:461
62|1.1|636147905637241395|X|50070.4609375|7.07253470338|95.33488904458|-600506|-727186||50070.4609375|380||37881.25|380|50070.4609375|X|X|0|1984|0|||3|3|0|1|1|132|66|["132,66,2"]|636148148704610000|13:54:30:461
62|1.1|636147905687166387|X|50075.4609375|7.07753969791|95.32479858937|-601617|-726610||50075.4609375|380||37900|380|50075.4609375|X|X|0|1984|0|||3|3|0|1|1|132|66|["132,66,2"]|636148148754610000|13:54:35:461
62|1.1|636147905737101380|X|50080.4375|7.08245349747|95.31480469354|-602718|-726045||50080.4375|380||37925|380|50080.4375|X|X|0|1984|0|||3|3|0|1|1|132|66|["132,66,2"]|636148148804380000|13:54:40:438
62|1.1|636147905787006370|X|50085.4375|7.08737802585|95.30477324684|-603823|-725478||50085.4375|380||37943.75|380|50085.4375|X|X|0|1984|0|||3|3|0|1|1|132|66|[]|636148148854380000|13:54:45:438
62|1.1|636147905836921361|X|50090.421875|7.09222745249|95.29460232548|-604943|-724920||50090.421875|380||37925|380|50090.421875|X|X|0|1984|0|||3|3|0|1|1|132|66|["132,66,2"]|636148148904220000|13:54:50:422
62|1.1|636147905886846353|X|50095.421875|7.0971680741|95.28456014996|-606049|-724351||50095.421875|380||37918.75|380|50095.421875|X|X|0|1984|0|||3|3|0|1|1|132|66|["132,66,2"]|636148148954220000|13:54:55:422
62|1.1|636147905936771345|X|50100.421875|7.10217843304|95.27448578798|-607158|-723775||50100.421875|380||37931.25|380|50100.421875|X|X|0|1984|0|||3|3|0|1|1|132|66|["132,66,2"]|636148149004220000|13:55:00:422
62|1.1|636147905986696337|X|50105.3984375|7.10712978347|95.26447043451|-608261|-723205||50105.3984375|380||37931.25|380|50105.3984375|X|X|0|1984|0|||3|3|0|1|1|132|66|["132,66,2"]|636148149053980000|13:55:05:398
62|1.1|636147906036631330|X|50110.3984375|7.11198993893|95.2544336234|-609366|-722645||50110.3984375|380||37912.5|380|50110.3984375|X|X|0|1984|0|||3|3|0|1|1|132|66|["132,66,2"]|636148149103980000|13:55:10:398
62|1.1|636147906086536320|X|50115.375|7.11688764526|95.24442363434|-610469|-722081||50115.375|380||37906.25|380|50115.375|X|X|0|1984|0|||3|3|0|1|1|132|66|["132,66,2"]|636148149153750000|13:55:15:375
62|1.1|636147906136451311|X|50120.375|7.12182290246|95.23439755205|-611573|-721513||50120.375|380||37918.75|380|50120.375|X|X|0|1984|0|||3|3|0|1|1|132|66|["132,66,2"]|636148149203750000|13:55:20:375
62|1.1|636147906186386304|X|50125.375|7.12674743084|95.22436610535|-612677|-720946||50125.375|380||37931.25|380|50125.375|X|X|0|1984|0|||3|3|0|1|1|132|66|[]|636148149253750000|13:55:25:375
62|1.1|636147906236301295|X|50130.359375|7.13181143388|95.21423273486|-613793|-720363||50130.359375|380||37962.5|380|50130.359375|X|X|0|1984|0|||3|3|0|1|1|132|66|["132,66,2"]|636148149303590000|13:55:30:359
62|1.1|636147906286226287|X|50135.359375|7.13667695375|95.20418519493|-614899|-719803||50135.359375|380||37925|380|50135.359375|X|X|0|1984|0|||3|3|0|1|1|132|66|["132,66,2"]|636148149353590000|13:55:35:359
62|1.1|636147906336161280|X|50140.3359375|7.14131180399|95.19423957879|-615994|-719268||50140.3359375|380||37856.25|380|50140.3359375|X|X|0|1984|0|||3|3|0|1|1|132|66|["132,66,2"]|636148149403360000|13:55:40:336
62|1.1|636147906386066270|X|50145.3359375|7.1463597138|95.18418667445|-617101|-718687||50145.3359375|380||37887.5|380|50145.3359375|X|X|0|1984|0|||3|3|0|1|1|132|66|["132,66,2"]|636148149453360000|13:55:45:336
62|1.1|636147906435991262|X|50150.3359375|7.15130033541|95.17411767688|-618209|-718118||50150.3359375|380||37881.25|380|50150.3359375|X|X|0|1984|0|||3|3|0|1|1|132|66|["132,66,2"]|636148149503360000|13:55:50:336
62|1.1|636147906485906253|X|50155.3203125|7.15605320267|95.16413987428|-619308|-717570||50155.3203125|380||37843.75|380|50155.3203125|X|X|0|1984|0|||3|3|0|1|1|132|66|["132,66,2"]|636148149553200000|13:55:55:320
62|1.1|636147906535841246|X|50160.3203125|7.16090262931|95.15410842758|-620413|-717011||50160.3203125|380||37831.25|380|50160.3203125|X|X|0|1984|0|||3|3|0|1|1|132|66|["132,66,2"]|636148149603200000|13:56:00:320
62|1.1|636147906585756237|X|50165.296875|7.16575205595|95.14410916734|-621514|-716452||50165.296875|380||37818.75|380|50165.296875|X|X|0|1984|0|||3|3|0|1|1|132|66|["132,66,2"]|636148149652970000|13:56:05:297
62|1.1|636147906635671228|X|50170.296875|7.17059075377|95.13407772064|-622618|-715894||50170.296875|380||37812.5|380|50170.296875|X|X|0|1984|0|||3|3|0|1|1|132|66|["132,66,2"]|636148149702970000|13:56:10:297
62|1.1|636147906685596220|X|50175.296875|7.17537580749|95.12408918922|-623718|-715342||50175.296875|380||37793.75|380|50175.296875|X|X|0|1984|0|||3|3|0|1|1|132|66|["132,66,2"]|636148149752970000|13:56:15:297
62|1.1|636147906735521212|X|50180.28125|7.18016622562|95.11408992898|-624819|-714790||50180.28125|380||37781.25|380|50180.28125|X|X|0|1984|0|||3|3|0|1|1|132|66|["132,66,2"]|636148149802810000|13:56:20:281
62|1.1|636147906785436203|X|50185.28125|7.18506929636|95.10407993992|-625920|-714225||50185.28125|380||37781.25|380|50185.28125|X|X|0|1984|0|||3|3|0|1|1|132|66|["132,66,2"]|636148149852810000|13:56:25:281
62|1.1|636147906838471506|X|50190.578125|7.19025131642|95.09347986576|-627087|-713627||50190.578125|380||37781.25|380|50190.578125|X|X|0|1984|0|||3|3|0|1|1|132|66|[]|636148149905780000|13:56:30:578
62|1.1|636147906888396498|X|50195.578125|7.19515438716|95.08348060552|-628188|-713062||50195.578125|380||37768.75|380|50195.578125|X|X|0|1984|0|||3|3|0|1|1|132|66|[]|636148149955780000|13:56:35:578
62|1.1|636147906938321490|X|50200.5625||||||||||||X|X|X|1984|||||||1|1|0|0|[]|636148150005630000|13:56:40:563
