62|1.1|636147897456473400|76d24d|49252.3984375|11.35427801954|101.26783530961|56684|-257911||49252.3984375|321.5||32181.25|319.75|49252.3984375|76d24d|TGW2109|0|2630|1143.75|||3|3|1|1|1|132|18|["132,18,5,3662","132,210,2,2144","132,82,5"]|636148140523980000|13:40:52:398
62|1.1|636147897506408393|76d24d|49257.375|11.34480447148|101.26971285311|56891|-258959||49257.375|322.25||32306.25|320.75|49257.375|76d24d|TGW2109|0|2630|1162.5|||3|3|1|1|1|132|18|["132,18,5,3662","132,210,2,2144","132,82,5"]|636148140573750000|13:40:57:375
62|1.1|636147897556323384|76d24d|49262.375|11.3337645157|101.27193908326|57137|-260180||49262.375|323.25||32406.25|321.75|49262.375|76d24d|TGW2109|0|2630|1143.75|||3|3|1|1|1|132|18|["132,18,5,3662","132,210,2,2144","132,82,5"]|636148140623750000|13:41:02:375
62|1.1|636147897606238375|76d24d|49267.375|11.32261190731|101.27429942366|57397|-261414||49267.375|324||32493.75|322.5|49267.375|76d24d|TGW2109|0|2630|1062.5|||3|3|1|1|1|132|18|["132,18,5,3662","132,210,2,2144","132,82,5"]|636148140673750000|13:41:07:375
62|1.1|636147897656163367|76d24d|49272.359375|11.31146466333|101.27676168785|57668|-262647||49272.359375|325||32575|322.75|49272.359375|76d24d|TGW2109|0|2630|1081.25|||3|3|1|1|1|132|18|["132,18,5,3662","132,210,2,2144","132,82,5"]|636148140723590000|13:41:12:359
62|1.1|636147897706088359|76d24d|49277.359375|11.30030132612|101.27942243521|57962|-263882||49277.359375|325.75||32643.75|323.75|49277.359375|76d24d|TGW2109|0|2630|687.5|||3|3|1|1|1|132|18|["132,18,5,3662","132,210,2,2144","132,82,5"]|636148140773590000|13:41:17:359
62|1.1|636147897756003350|76d24d|49282.3359375|11.28949203997|101.28171303828|58214|-265078||49282.3359375|326.75||32706.25|324.75|49282.3359375|76d24d|TGW2109|0|2630|925|||3|3|1|1|1|132|18|["132,18,5,3662","132,210,2,2144","132,82,5"]|636148140823360000|13:41:22:336
62|1.1|636147897805928342|76d24d|49287.3359375|11.27852182152|101.28409483632|58477|-266291||49287.3359375|327.75||32793.75|326.25|49287.3359375|76d24d|TGW2109|0|2630|1100|||3|3|1|1|1|132|18|["132,18,5,3662","132,210,2,2144","132,82,5"]|636148140873360000|13:41:27:336
62|1.1|636147897855853334|76d24d|49292.3359375|11.26778763711|101.28613331212|58702|-267479||49292.3359375|328.75||32881.25|327.25|49292.3359375|76d24d|TGW2109|0|2630|1162.5|||3|3|1|1|1|132|18|["132,18,5,3662","132,210,2,2144","132,82,5"]|636148140923360000|13:41:32:336
62|1.1|636147897905778326|76d24d|49297.3203125|11.25697298655|101.28836490668|58948|-268675||49297.3203125|330.25||32968.75|328.25|49297.3203125|76d24d|TGW2109|0|2630|1100|||3|3|1|1|1|132|83|["132,18,5,3662","132,210,2,2144","132,82,5"]|636148140973200000|13:41:37:320
62|1.1|636147897955693317|76d24d|49302.3203125|11.24628171742|101.29040874689|59174|-269858||49302.3203125|331||33068.75|328.75|49302.3203125|76d24d|TGW2109|0|2630|1100|||3|3|1|1|1|132|5|["132,18,5,3662","132,210,2,2144","132,82,5"]|636148141023200000|13:41:42:320
62|1.1|636147898005618309|76d24d|49307.296875|11.23564409239|101.29246868033|59401|-271035||49307.296875|331.25||33175|329.75|49307.296875|76d24d|TGW2109|0|2630|1062.5|||3|3|1|1|1|132|18|["132,18,5,3662","132,210,2,2144","132,82,5"]|636148141072970000|13:41:47:297
62|1.1|636147898055533300|76d24d|49312.296875|11.22498500972|101.29453397818|59629|-272214||49312.296875|332||33262.5|330.5|49312.296875|76d24d|TGW2109|0|2630|1062.5|||3|3|1|1|1|132|18|["132,18,5,3662","132,210,2,2144","132,82,5"]|636148141122970000|13:41:52:297
62|1.1|636147898105458292|76d24d|49317.296875|11.21430446941|101.29669583541|59868|-273395||49317.296875|333.25||33350|331.5|49317.296875|76d24d|TGW2109|0|2630|1025|||3|3|1|1|1|132|5|["132,18,5,3662","132,210,2,2144","132,82,5"]|636148141172970000|13:41:57:297
62|1.1|636147898155373283|76d24d|49322.28125|11.20362929351|101.298836235|60104|-274576||49322.28125|333.75||33437.5|332.25|49322.28125|76d24d|TGW2109|0|2630|962.5|||3|3|1|1|1|132|18|["132,18,5,3662","132,210,2,2144","132,82,5"]|636148141222810000|13:42:02:281
62|1.1|636147898205298275|76d24d|49327.28125|11.19276636326|101.30116438894|60361|-275778||49327.28125|334.75||33531.25|332.75|49327.28125|76d24d|TGW2109|0|2630|906.25|||3|3|1|1|1|132|18|["132,18,5,3662","132,210,2,2144","132,82,5"]|636148141272810000|13:42:07:281
62|1.1|636147898255233268|76d24d|49332.2578125|11.18213946705|101.30320822915|60587|-276954||49332.2578125|335.75||33631.25|333.75|49332.2578125|76d24d|TGW2109|0|2630|943.75|||3|3|1|1|1|132|18|["132,18,5,3662","132,210,2,2144","132,82,5"]|636148141322580000|13:42:12:258
62|1.1|636147898305158260|76d24d|49337.2578125|11.17151793525|101.30540227284|60829|-278129||49337.2578125|337.25||33731.25|335.25|49337.2578125|76d24d|TGW2109|0|2630|1081.25|||3|3|1|1|1|132|83|["132,18,5,3662","132,210,2,2144","132,82,5"]|636148141372580000|13:42:17:258
62|1.1|636147898355073251|76d24d|49342.2578125|11.1609768696|101.30755340125|61066|-279295||49342.2578125|337.75||33831.25|336.25|49342.2578125|76d24d|TGW2109|0|2630|1125|||3|3|1|1|1|132|18|["132,18,5,3662","132,210,2,2144","132,82,5"]|636148141422580000|13:42:22:258
62|1.1|636147898405008244|76d24d|49347.2421875|11.15047871923|101.30962942792|61296|-280456||49347.2421875|338.75||33931.25|337.25|49347.2421875|76d24d|TGW2109|0|2630|1181.25|||3|3|1|1|1|132|18|["132,18,5,3662","132,210,2,2144","132,82,5"]|636148141472420000|13:42:27:242
62|1.1|636147898454903233|76d24d|49352.2421875|11.13971234836|101.31189320894|61546|-281647||49352.2421875|339.5||34025|338.25|49352.2421875|76d24d|TGW2109|0|2630|1181.25|||3|3|1|1|1|132|18|["132,18,5,3662","132,210,2,2144","132,82,5"]|636148141522420000|13:42:32:242
62|1.1|636147898504838226|76d24d|49357.21875|11.12923029122|101.31403360853|61782|-282807||49357.21875|340.5||34118.75|339.25|49357.21875|76d24d|TGW2109|0|2630|1162.5|||3|3|1|1|1|132|18|["132,18,5,3662","132,210,2,2144","132,82,5"]|636148141572190000|13:42:37:219
62|1.1|636147898554753217|76d24d|49362.21875|11.1188662511|101.31596479613|61996|-283953||49362.21875|341.25||34225|339.5|49362.21875|76d24d|TGW2109|0|2630|1043.75|||3|3|1|1|1|132|18|["132,18,5,3662","132,210,2,2144","132,82,5"]|636148141622190000|13:42:42:219
62|1.1|636147898604678209|76d24d|49367.21875|11.1082983634|101.31815883982|62238|-285123||49367.21875|342||34300|340.25|49367.21875|76d24d|TGW2109|0|2630|962.5|||3|3|1|1|1|132|18|["132,18,5,3662","132,210,2,2144","132,82,5"]|636148141672190000|13:42:47:219
62|1.1|636147898654593200|76d24d|49372.1953125|11.0978377639|101.32034215469|62479|-286280||49372.1953125|342.5||34362.5|340.75|49372.1953125|76d24d|TGW2109|0|2630|843.75|||3|3|1|1|1|132|18|["132,18,5,3662","132,210,2,2144","132,82,5"]|636148141721950000|13:42:52:195
62|1.1|636147898704518192|76d24d|49377.1953125|11.08728596943|101.32245036782|62712|-287447||49377.1953125|343.25||34425|341.5|49377.1953125|76d24d|TGW2109|0|2630|843.75|||3|3|1|1|1|132|18|["132,18,5,3662","132,210,2,2144","132,82,5"]|636148141771950000|13:42:57:195
62|1.1|636147898754453185|76d24d|49382.1796875|11.07696484459|101.32418307225|62904|-288589||49382.1796875|344||34518.75|341.75|49382.1796875|76d24d|TGW2109|0|2630|843.75|||3|3|1|1|1|132|50|["132,18,5,3662","132,210,2,2144","132,82,5","132,50,4"]|636148141821800000|13:43:02:180
62|1.1|636147898804368176|76d24d|49387.1796875|11.06643987217|101.32606061575|63112|-289753||49387.1796875|344.75||34600|342.5|49387.1796875|76d24d|TGW2109|0|2630|806.25|||3|3|1|1|1|132|50|["132,18,5,3662","132,210,2,2144","132,82,5","132,50,4"]|636148141871800000|13:43:07:180
62|1.1|636147898854283167|76d24d|49392.1796875|11.05591489975|101.32804008304|63331|-290918||49392.1796875|345.75||34662.5|343.5|49392.1796875|76d24d|TGW2109|0|2630|731.25|||3|3|1|1|1|132|83|["132,18,5,3662","132,210,2,2144","132,82,5","132,50,5"]|636148141921800000|13:43:12:180
62|1.1|636147898904208159|76d24d|49397.15625|11.04534701205|101.33023949114|63574|-292087||49397.15625|346.25||34712.5|344.25|49397.15625|76d24d|TGW2109|0|2630|706.25|||3|3|1|1|1|132|83|["132,18,5,3662","132,210,2,2144","132,82,5","132,50,5"]|636148141971560000|13:43:17:156
62|1.1|636147898954123150|76d24d|49402.15625|11.03494005665|101.33234233986|63806|-293238||49402.15625|346.75||34775|344.5|49402.15625|76d24d|TGW2109|0|2630|731.25|||3|3|1|1|1|132|18|["132,18,5,3662","132,210,2,2144","132,82,5","132,50,5"]|636148142021560000|13:43:22:156
62|1.1|636147899004048142|76d24d|49407.140625|11.02438289777|101.33450419709|64045|-294406||49407.140625|347.5||34837.5|345.5|49407.140625|76d24d|TGW2109|0|2630|768.75|||3|3|1|1|1|132|18|["132,18,5,3662","132,210,2,2144","132,82,5","132,50,5"]|636148142071410000|13:43:27:141
62|1.1|636147899053973134|76d24d|49412.140625|11.01376136597|101.33689135954|64309|-295581||49412.140625|348.25||34887.5|346.5|49412.140625|76d24d|TGW2109|0|2630|787.5|||3|3|1|1|1|132|18|["132,18,5,3662","132,210,2,2144","132,82,5","132,50,5"]|636148142121410000|13:43:32:141
62|1.1|636147899103898126|76d24d|49417.140625|11.00322030032|101.33911222528|64554|-296747||49417.140625|349||34962.5|347.25|49417.140625|76d24d|TGW2109|0|2630|806.25|||3|3|1|1|1|132|18|["132,18,5,3662","132,210,2,2144","132,82,5","132,50,5"]|636148142171410000|13:43:37:141
62|1.1|636147899153813117|76d24d|49422.1171875|10.99270069231|101.34131699779|64798|-297911||49422.1171875|350.25||35037.5|348.25|49422.1171875|76d24d|TGW2109|0|2630|868.75|||3|3|1|1|1|132|83|["132,18,5,3662","132,210,2,2144","132,82,5","132,50,5"]|636148142221170000|13:43:42:117
62|1.1|636147899203738109|76d24d|49427.1171875|10.98217035548|101.34351640589|65041|-299076||49427.1171875|350.75||35118.75|349.25|49427.1171875|76d24d|TGW2109|0|2630|962.5|||3|3|1|1|1|132|18|["132,18,5,3662","132,210,2,2144","132,82,5","132,50,5"]|636148142271170000|13:43:47:117
62|1.1|636147899253653100|76d24d|49432.1015625|10.97183313741|101.34550123759|65260|-300219||49432.1015625|351.25||35200|349.25|49432.1015625|76d24d|TGW2109|0|2630|981.25|||3|3|1|1|1|132|82|["132,18,5,3662","132,210,2,2144","132,82,5","132,50,5"]|636148142321020000|13:43:52:102
62|1.1|636147899303578092|76d24d|49437.1015625|10.96127061412|101.34726612848|65456|-301388||49437.1015625|352||35281.25|350.25|49437.1015625|76d24d|TGW2109|0|2630|825|||3|3|1|1|1|132|5|["132,18,5,3662","132,210,2,2144","132,82,5","132,50,5"]|636148142371020000|13:43:57:102
62|1.1|636147899353503084|76d24d|49442.1015625|10.95084220108|101.34942798571|65695|-302542||49442.1015625|352.75||35350|350.5|49442.1015625|76d24d|TGW2109|0|2630|731.25|||3|3|1|1|1|132|5|["132,18,5,3662","132,210,2,2144","132,82,5","132,50,5"]|636148142421020000|13:44:02:102
62|1.1|636147899403418075|76d24d|49447.078125|10.94033332189|101.35165958027|65942|-303704||49447.078125|353.5||35393.75|351.25|49447.078125|76d24d|TGW2109|0|2630|731.25|||3|3|1|1|1|132|50|["132,18,5,3662","132,210,2,2144","132,82,5","132,50,5"]|636148142470780000|13:44:07:078
62|1.1|636147899453343067|76d24d|49452.078125|10.92995855295|101.35363368315|66160|-304852||49452.078125|354.25||35450|352.25|49452.078125|76d24d|TGW2109|0|2630|806.25|||3|3|1|1|1|132|50|["132,18,5,3662","132,210,2,2144","132,82,5","132,50,5"]|636148142520780000|13:44:12:078
62|1.1|636147899503258058|76d24d|49457.0625|10.91937457202|101.35601011678|66423|-306023||49457.0625|355||35512.5|352.75|49457.0625|76d24d|TGW2109|0|2630|825|||3|3|1|1|1|132|50|["132,18,5,3662","132,210,2,2144","132,82,5","132,50,5"]|636148142570630000|13:44:17:063
62|1.1|636147899553183050|76d24d|49462.0625|10.90880131991|101.35836509277|66683|-307193||49462.0625|355.75||35581.25|353.75|49462.0625|76d24d|TGW2109|0|2630|925|||3|3|1|1|1|132|50|["132,18,5,3662","132,210,2,2144","132,82,5","132,50,5"]|636148142620630000|13:44:22:063
62|1.1|636147899603108042|76d24d|49467.0625|10.89821197457|101.36061278056|66932|-308364||49467.0625|356.5||35675|354.25|49467.0625|76d24d|TGW2109|0|2630|1025|||3|3|1|1|1|132|50|["132,18,5,3662","132,210,2,2144","132,82,5","132,50,5"]|636148142670630000|13:44:27:063
62|1.1|636147899653023033|76d24d|49472.0390625|10.88765481569|101.36291411245|67186|-309532||49472.0390625|357.5||35750|355.75|49472.0390625|76d24d|TGW2109|0|2630|1006.25|||3|3|1|1|1|132|50|["132,18,5,3662","132,210,2,2144","132,82,5","132,50,5"]|636148142720390000|13:44:32:039
62|1.1|636147899702948025|76d24d|49477.0390625|10.87710838563|101.36502232558|67419|-310699||49477.0390625|358.25||35843.75|356.5|49477.0390625|76d24d|TGW2109|0|2630|981.25|||3|3|1|1|1|132|50|["132,18,5,3662","132,210,2,2144","132,82,5","132,50,5"]|636148142770390000|13:44:37:039
62|1.1|636147899752873017|76d24d|49482.015625|10.8665780488|101.36732902188|67674|-311864||49482.015625|358.75||35912.5|356.5|49482.015625|76d24d|TGW2109|0|2630|925|||3|3|1|1|1|132|18|["132,18,5,3662","132,210,2,2144","132,82,5","132,50,5"]|636148142820160000|13:44:42:016
62|1.1|636147899802798009|76d24d|49487.015625|10.85607989843|101.36946942147|67911|-313026||49487.015625|359.5||35993.75|357.25|49487.015625|76d24d|TGW2109|0|2630|906.25|||3|3|1|1|1|132|18|["132,18,5,3662","132,210,2,2144","132,82,5","132,50,5"]|636148142870160000|13:44:47:016
62|1.1|636147899852713000|76d24d|49492.015625|10.84560857011|101.37152935491|68139|-314184||49492.015625|360||36068.75|357.75|49492.015625|76d24d|TGW2109|0|2630|843.75|||3|3|1|1|1|132|18|["132,18,5,3662","132,210,2,2144","132,82,5","132,50,5"]|636148142920160000|13:44:52:016
62|1.1|636147899902637992|76d24d|49497|10.83516942825|101.37354637307|68362|-315339||49497|361||36131.25|358.75|49497|76d24d|TGW2109|0|2630|668.75|||3|3|1|1|1|132|83|["132,18,5,3662","132,210,2,2144","132,82,5","132,50,5"]|636148142970000000|13:44:57:000
62|1.1|636147899952562984|76d24d|49502|10.82468737111|101.37563312856|68594|-316499||49502|361.25||36193.75|359.25|49502|76d24d|TGW2109|0|2630|706.25|||3|3|1|1|1|132|18|["132,18,5,3662","132,210,2,2144","132,82,5","132,50,5"]|636148143020000000|13:45:02:000
62|1.1|636147900002477975|76d24d|49506.9765625|10.81421604279|101.37778425697|68832|-317657||49506.9765625|362||36256.25|360.25|49506.9765625|76d24d|TGW2109|0|2630|731.25|||3|3|1|1|1|132|18|["132,18,5,3662","132,210,2,2144","132,82,5","132,50,5"]|636148143069770000|13:45:06:977
62|1.1|636147900052402967|76d24d|49511.9765625|10.80372325683|101.37993002097|69069|-318818||49511.9765625|362.75||36325|360.75|49511.9765625|76d24d|TGW2109|0|2630|787.5|||3|3|1|1|1|132|18|["132,18,5,3662","132,210,2,2144","132,82,5","132,50,5"]|636148143119770000|13:45:11:977
62|1.1|636147900102317958|76d24d|49516.9765625|10.79319292|101.38213479348|69313|-319983||49516.9765625|363.75||36387.5|361.75|49516.9765625|76d24d|TGW2109|0|2630|843.75|||3|3|1|1|1|132|18|["132,18,5,3662","132,210,2,2144","132,82,5","132,50,5"]|636148143169770000|13:45:16:977
62|1.1|636147900152252951|76d24d|49521.9609375|10.78276450696|101.38426982866|69549|-321137||49521.9609375|364.5||36475|362.25|49521.9609375|76d24d|TGW2109|0|2630|943.75|||3|3|1|1|1|132|18|["132,18,5,3662","132,210,2,2144","132,82,5","132,50,5"]|636148143219610000|13:45:21:961
62|1.1|636147900202167942|76d24d|49526.9609375|10.77238973802|101.3863834062|69784|-322285||49526.9609375|365.75||36562.5|363.5|49526.9609375|76d24d|TGW2109|0|2630|906.25|||3|3|1|1|1|132|83|["132,18,5,3662","132,210,2,2144","132,82,5","132,50,5"]|636148143269610000|13:45:26:961
62|1.1|636147900252082933|76d24d|49531.9375|10.76201496908|101.38844870405|70012|-323432||49531.9375|366.5||36643.75|364.25|49531.9375|76d24d|TGW2109|0|2630|925|||3|3|1|1|1|132|50|["132,18,5,3662","132,210,2,2144","132,82,5","132,50,5"]|636148143319380000|13:45:31:938
62|1.1|636147900302007925|76d24d|49536.9375|10.75149536107|101.39053009513|70243|-324596||49536.9375|367.25||36743.75|365.5|49536.9375|76d24d|TGW2109|0|2630|962.5|||3|3|1|1|1|132|50|["132,18,5,3662","132,210,2,2144","132,82,5","132,50,5"]|636148143369380000|13:45:36:938
62|1.1|636147900351932917|76d24d|49541.9375|10.74098111747|101.39268122354|70481|-325759||49541.9375|368||36831.25|366.25|49541.9375|76d24d|TGW2109|0|2630|943.75|||3|3|1|1|1|132|50|["132,18,5,3662","132,210,2,2144","132,82,5","132,50,5"]|636148143419380000|13:45:41:938
62|1.1|636147900401847908|76d24d|49546.921875|10.73055270443|101.39490745369|70728|-326913||49546.921875|368.75||36912.5|366.5|49546.921875|76d24d|TGW2109|0|2630|906.25|||3|3|1|1|1|132|50|["132,18,5,3662","132,210,2,2144","132,82,5","132,50,5"]|636148143469220000|13:45:46:922
62|1.1|636147900451772900|76d24d|49551.921875|10.7200223676|101.3972195144|70983|-328078||49551.921875|369.25||36987.5|367.25|49551.921875|76d24d|TGW2109|0|2630|0|||3|3|0|1|1|132|50|["132,18,5,3662","132,210,2,2144","132,82,5","132,50,5"]|636148143519220000|13:45:51:922
62|1.1|636147900501697892|76d24d|49556.8984375|10.70955640369|101.39946720219|71232|-329236||49556.8984375|369.5||37037.5|367.25|49556.8984375|76d24d|TGW2109|0|2630|0|||3|3|0|1|1|132|18|["132,18,5,3662","132,210,2,2144","132,82,5","132,50,5"]|636148143568980000|13:45:56:898
62|1.1|636147900551612883|76d24d|49561.8984375|10.69905288891|101.4017256188|71482|-330398||49561.8984375|369.75||37081.25|367.5|49561.8984375|76d24d|TGW2109|0|2630|0|||3|3|0|1|1|132|18|["132,18,5,3662","132,210,2,2144","132,82,5","132,50,5"]|636148143618980000|13:46:01:898
62|1.1|636147900601537875|76d24d|49566.8984375|10.68865666233|101.40388211162|71721|-331548||49566.8984375|370||37112.5|367.5|49566.8984375|76d24d|TGW2109|0|2630|0|||3|3|0|1|1|132|50|["132,18,5,3662","132,210,2,2144","132,82,5","132,50,5"]|636148143668980000|13:46:06:898
62|1.1|636147900651312852|76d24d|49571.875|10.67819069842|101.40590449419|71945|-332706||49571.875|370||37118.75|367.75|49571.875|76d24d|TGW2109|0|2630|0|||3|3|0|1|1|132|18|["132,18,5,3662","132,210,2,2144","132,82,5","132,50,5"]|636148143718750000|13:46:11:875
62|1.1|636147900701387859|76d24d|49576.875|10.66771400569|101.40809853788|72188|-333865||49576.875|370||37106.25|367.75|49576.875|76d24d|TGW2109|0|2630|0|||3|3|0|1|1|132|18|["132,18,5,3662","132,210,2,2144","132,82,5","132,50,5"]|636148143768750000|13:46:16:875
62|1.1|636147900751162836|76d24d|49581.859375|10.6572587706|101.41033013244|72436|-335022||49581.859375|370.25||37100|368.25|49581.859375|76d24d|TGW2109|0|2630|0|||3|3|0|1|1|132|18|["132,18,5,3662","132,210,2,2144","132,82,5","132,50,5"]|636148143818590000|13:46:21:859
62|1.1|636147900801077827|76d24d|49586.859375|10.64699128986|101.41232569296|72657|-336158||49586.859375|370.25||37093.75|368|49586.859375|76d24d|TGW2109|0|2630|0|||3|3|0|1|1|132|18|["132,18,5,3662","132,210,2,2144","132,82,5","132,50,5"]|636148143868590000|13:46:26:859
62|1.1|636147900851152834|76d24d|49591.859375|10.63663261415|101.41444463491|72891|-337304||49591.859375|370||37056.25|368|49591.859375|76d24d|TGW2109|0|2630|0|||3|3|0|1|1|132|18|["132,18,5,3662","132,210,2,2144","132,82,5","132,50,5"]|636148143918590000|13:46:31:859
62|1.1|636147900901067825|76d24d|49596.8359375|10.6264134131|101.41644019543|73113|-338435||49596.8359375|370||37031.25|367.75|49596.8359375|76d24d|TGW2109|0|2630|0|||3|3|0|1|1|132|18|["132,18,5,3662","132,210,2,2144","132,82,5","132,50,5"]|636148143968360000|13:46:36:836
62|1.1|636147900950992817|76d24d|49601.8359375|10.61800738263|101.41788858613|73273|-339365||49601.8359375|370||37018.75|367.75|49601.8359375|76d24d|TGW2109|0|2630|0|||3|3|0|1|1|132|83|["132,18,5,3662","132,210,2,2144","132,82,5","132,50,5"]|636148144018360000|13:46:41:836
62|1.1|636147901000767794|76d24d|49606.8203125|10.60726783381|101.42024892653|73535|-340553||49606.8203125|370||37006.25|367.75|49606.8203125|76d24d|TGW2109|0|2630|0|||3|3|0|1|1|132|18|["132,18,5,3662","132,210,2,2144","132,82,5","132,50,5"]|636148144068200000|13:46:46:820
62|1.1|636147901050682785|76d24d|49611.8203125|10.59681796313|101.42236786848|73770|-341709||49611.8203125|370||37000|367.75|49611.8203125|76d24d|TGW2109|0|2630|0|||3|3|0|1|1|132|50|["132,18,5,3662","132,210,2,2144","132,82,5","132,50,5"]|636148144118200000|13:46:51:820
62|1.1|636147901100607777|76d24d|49616.8203125|10.58661485531|101.42450290366|74007|-342838||49616.8203125|370||37006.25|367.75|49616.8203125|76d24d|TGW2109|0|2630|0|||3|3|0|1|1|132|50|["132,18,5,3662","132,210,2,2144","132,82,5","132,50,5"]|636148144168200000|13:46:56:820
62|1.1|636147901150522768|76d24d|49621.796875|10.57629373047|101.42666476089|74246|-343980||49621.796875|370||37006.25|367.75|49621.796875|76d24d|TGW2109|0|2630|0|||3|3|0|1|1|132|50|["132,18,5,3662","132,210,2,2144","132,82,5","132,50,5"]|636148144217970000|13:47:01:797
62|1.1|636147901200447760|76d24d|49626.796875|10.5654200714|101.42889635545|74494|-345183||49626.796875|370||36993.75|367.75|49626.796875|76d24d|TGW2109|0|2630|0|||3|3|0|1|1|132|83|["132,18,5,3662","132,210,2,2144","132,82,5","132,50,5"]|636148144267970000|13:47:06:797
62|1.1|636147901250372752|76d24d|49631.78125|10.5547448955|101.43110112796|74738|-346364||49631.78125|370||36987.5|367.75|49631.78125|76d24d|TGW2109|0|2630|0|||3|3|0|1|1|132|50|["132,18,5,3662","132,210,2,2144","132,82,5","132,50,5"]|636148144317810000|13:47:11:781
62|1.1|636147901300287743|76d24d|49636.78125|10.54467589793|101.43322006991|74973|-347478||49636.78125|370||37006.25|367.75|49636.78125|76d24d|TGW2109|0|2630|0|||3|3|0|1|1|132|18|["132,18,5,3662","132,210,2,2144","132,82,5","132,50,5"]|636148144367810000|13:47:16:781
62|1.1|636147901350212735|76d24d|49641.78125|10.53429576458|101.43538729155|75213|-348627||49641.78125|370||37006.25|367.75|49641.78125|76d24d|TGW2109|0|2630|0|||3|3|0|1|1|132|18|["132,18,5,3662","132,210,2,2144","132,82,5","132,50,5"]|636148144417810000|13:47:21:781
62|1.1|636147901400127726|76d24d|49646.7578125|10.5239531821|101.43752769114|75451|-349771||49646.7578125|370||37012.5|367.75|49646.7578125|76d24d|TGW2109|0|2630|0|||3|3|0|1|1|132|18|["132,18,5,3662","132,210,2,2144","132,82,5","132,50,5"]|636148144467580000|13:47:26:758
62|1.1|636147901450052718|76d24d|49651.7578125|10.51360523521|101.43982902303|75706|-350916||49651.7578125|370||37012.5|367.75|49651.7578125|76d24d|TGW2109|0|2630|0|||3|3|0|1|1|132|18|["132,18,5,3662","132,210,2,2144","132,82,5","132,50,5"]|636148144517580000|13:47:31:758
62|1.1|636147901499967709|76d24d|49656.7421875|10.50323583068|101.44220009225|75968|-352063||49656.7421875|370||36968.75|367.75|49656.7421875|76d24d|TGW2109|0|2630|0|||3|3|0|1|1|132|18|["132,18,5,3662","132,210,2,2144","132,82,5","132,50,5"]|636148144567420000|13:47:36:742
62|1.1|636147901549912703|76d24d|49661.7421875|10.49228706987|101.44468917849|76244|-353274||49661.7421875|370||36912.5|367.75|49661.7421875|76d24d|TGW2109|0|2630|0|||3|3|0|1|1|132|18|["132,18,5,3662","132,210,2,2144","132,82,5","132,50,5"]|636148144617420000|13:47:41:742
62|1.1|636147901599817693|76d24d|49666.7421875|10.48158507192|101.44731773939|76535|-354458||49666.7421875|370||36918.75|367.75|49666.7421875|76d24d|TGW2109|0|2630|0|||3|3|0|1|1|132|18|["132,18,5,3662","132,210,2,2144","132,82,5","132,50,5"]|636148144667420000|13:47:46:742
62|1.1|636147901649732684|76d24d|49671.71875|10.47137659969|101.45006431731|76839|-355588||49671.71875|370||36906.25|367.75|49671.71875|76d24d|TGW2109|0|2630|0|||3|3|0|1|1|132|18|["132,18,5,3662","132,210,2,2144","132,82,5","132,50,5"]|636148144717190000|13:47:51:719
62|1.1|636147901699667677|76d24d|49676.71875|10.46108766131|101.45288599697|77151|-356726||49676.71875|370||36900|367.75|49676.71875|76d24d|TGW2109|0|2630|0|||3|3|0|1|1|132|18|["132,18,5,3662","132,210,2,2144","132,82,5","132,50,5"]|636148144767190000|13:47:56:719
62|1.1|636147901749582668|76d24d|49681.6953125|10.45060560417|101.45627093968|77525|-357886||49681.6953125|370||36993.75|367.75|49681.6953125|76d24d|TGW2109|0|2630|0|||3|3|0|1|1|132|18|["132,18,5,3662","132,210,2,2144","132,82,5","132,50,5"]|636148144816950000|13:48:01:695
62|1.1|636147901799527662|76d24d|49686.6953125|10.44095503058|101.45897460232|77824|-358953||49686.6953125|370||37012.5|367.75|49686.6953125|76d24d|TGW2109|0|2630|0|||3|3|0|1|1|132|18|["132,18,5,3662","132,210,2,2144","132,82,5","132,50,5"]|636148144866950000|13:48:06:695
62|1.1|636147901849422651|76d24d|49691.6953125|10.43027985468|101.4619679431|78155|-360134||49691.6953125|370||37012.5|367.75|49691.6953125|76d24d|TGW2109|0|2630|0|||3|3|0|1|1|132|83|["132,18,5,3662","132,210,2,2144","132,82,5","132,50,5"]|636148144916950000|13:48:11:695
62|1.1|636147901899347643|76d24d|49696.6796875|10.42172362073|101.46437119878|78421|-361080||49696.6796875|370||37018.75|367.75|49696.6796875|76d24d|TGW2109|0|2630|0|||3|3|0|1|1|132|50|["132,18,5,3662","132,210,2,2144","132,82,5","132,50,5"]|636148144966800000|13:48:16:680
62|1.1|636147901949272635|76d24d|49701.6796875|10.41201940304|101.46708559024|78721|-362154||49701.6796875|370||37012.5|367.75|49701.6796875|76d24d|TGW2109|0|2630|0|||3|3|0|1|1|132|50|["132,18,5,3662","132,210,2,2144","132,82,5","132,50,5"]|636148145016800000|13:48:21:680
62|1.1|636147901999187626|76d24d|49706.65625|10.40176801553|101.46984826139|79027|-363288||49706.65625|369.75||36993.75|367.75|49706.65625|76d24d|TGW2109|0|2630|0|||3|3|0|1|1|132|50|["132,18,5,3662","132,210,2,2144","132,82,5","132,50,5"]|636148145066560000|13:48:26:656
62|1.1|636147902049112618|76d24d|49711.65625|10.39058322068|101.47279868689|79354|-364526||49711.65625|369.75||36962.5|367.5|49711.65625|76d24d|TGW2109|0|2630|0|||3|3|0|1|1|132|18|["132,18,5,3662","132,210,2,2144","132,82,5","132,50,5"]|636148145116560000|13:48:31:656
62|1.1|636147902099027609|76d24d|49716.65625|10.38029964671|101.47559890891|79664|-365663||49716.65625|369.75||36943.75|367.5|49716.65625|76d24d|TGW2109|0|2630|0|||3|3|0|1|1|132|18|["132,18,5,3662","132,210,2,2144","132,82,5","132,50,5"]|636148145166560000|13:48:36:656
62|1.1|636147902148952601|76d24d|49721.640625|10.37001607274|101.4783830377|79971|-366801||49721.640625|369.75||36931.25|367.5|49721.640625|76d24d|TGW2109|0|2630|0|||3|3|0|1|1|132|18|["132,18,5,3662","132,210,2,2144","132,82,5","132,50,5"]|636148145216410000|13:48:41:641
62|1.1|636147902198887594|76d24d|49726.640625|10.35884200671|101.4813871073|80304|-368037||49726.640625|369.75||36975|367.5|49726.640625|76d24d|TGW2109|0|2630|0|||3|3|0|1|1|132|83|["132,18,5,3662","132,210,2,2144","132,82,5","132,50,5"]|636148145266410000|13:48:46:641
62|1.1|636147902248812586|76d24d|49731.6171875|10.349556213|101.48388692236|80581|-369064||49731.6171875|369.75||36975|367.5|49731.6171875|76d24d|TGW2109|0|2630|0|||3|3|0|1|1|132|18|["132,18,5,3662","132,210,2,2144","132,82,5","132,50,5"]|636148145316170000|13:48:51:617
62|1.1|636147902298717576|76d24d|49736.6171875|10.33928336785|101.48663886469|80886|-370200||49736.6171875|369.75||36975|367.5|49736.6171875|76d24d|TGW2109|0|2630|0|||3|3|0|1|1|132|18|["132,18,5,3662","132,210,2,2144","132,82,5","132,50,5"]|636148145366170000|13:48:56:617
62|1.1|636147902348642568|76d24d|49741.6171875|10.32890859891|101.48934252733|81185|-371348||49741.6171875|370||36943.75|367.5|49741.6171875|76d24d|TGW2109|0|2630|0|||3|3|0|1|1|132|18|["132,18,5,3662","132,210,2,2144","132,82,5","132,50,5"]|636148145416170000|13:49:01:617
62|1.1|636147902398567560|76d24d|49746.6015625|10.31853382997|101.4920086391|81480|-372496||49746.6015625|370||36900|367.75|49746.6015625|76d24d|TGW2109|0|2630|0|||3|3|0|1|1|132|18|["132,18,5,3662","132,210,2,2144","132,82,5","132,50,5"]|636148145466020000|13:49:06:602
62|1.1|636147902448482551|76d24d|49751.6015625|10.30794448463|101.49462110677|81770|-373668||49751.6015625|370||36818.75|367.75|49751.6015625|76d24d|TGW2109|0|2630|0|||3|3|0|1|1|132|18|["132,18,5,3662","132,210,2,2144","132,82,5","132,50,5"]|636148145516020000|13:49:11:602
62|1.1|636147902498407543|76d24d|49756.578125|10.29724785109|101.49729258295|82066|-374851||49756.578125|370||36831.25|367.75|49756.578125|76d24d|TGW2109|0|2630|0|||3|3|0|1|1|132|18|["132,18,5,3662","132,210,2,2144","132,82,5","132,50,5"]|636148145565780000|13:49:16:578
62|1.1|636147902548332535|76d24d|49761.578125|10.28688917538|101.49993723708|82359|-375997||49761.578125|370||36806.25|367.75|49761.578125|76d24d|TGW2109|0|2630|0|||3|3|0|1|1|132|82|["132,18,5,3662","132,210,2,2144","132,82,5","132,50,5"]|636148145615780000|13:49:21:578
62|1.1|636147902598247526|76d24d|49766.578125|10.27630519445|101.50283401848|82680|-377168||49766.578125|370||36825|367.75|49766.578125|76d24d|TGW2109|0|2630|0|||3|3|0|1|1|132|18|["132,18,5,3662","132,210,2,2144","132,82,5","132,50,5"]|636148145665780000|13:49:26:578
62|1.1|636147902648182519|76d24d|49771.5625|10.26631666303|101.50552158789|82978|-378273||49771.5625|370||36993.75|367.75|49771.5625|76d24d|TGW2109|0|2630|0|||3|3|0|1|1|132|18|["132,18,5,3662","132,210,2,2144","132,82,5","132,50,5"]|636148145715630000|13:49:31:563
62|1.1|636147902698097510|76d24d|49776.5625|10.25606527552|101.50840764047|83297|-379407||49776.5625|370||37000|367.75|49776.5625|76d24d|TGW2109|0|2630|0|||3|3|0|1|1|132|18|["132,18,5,3662","132,210,2,2144","132,82,5","132,50,5"]|636148145765630000|13:49:36:563
62|1.1|636147902748022502|76d24d|49781.5390625|10.24591044739|101.51143316771|83632|-380531||49781.5390625|370||36975|367.75|49781.5390625|76d24d|TGW2109|0|2630|0|||3|3|0|1|1|132|50|["132,18,5,3662","132,210,2,2144","132,82,5","132,50,5"]|636148145815390000|13:49:41:539
62|1.1|636147902797937493|76d24d|49786.5390625|10.23573952603|101.5143782288|83958|-381656||49786.5390625|370||36975|367.75|49786.5390625|76d24d|TGW2109|0|2630|0|||3|3|0|1|1|132|83|["132,18,5,3662","132,210,2,2144","132,82,5","132,50,5"]|636148145865390000|13:49:46:539
62|1.1|636147902847862485|76d24d|49791.5390625|10.22551496057|101.51733938312|84286|-382787||49791.5390625|370||36950|367.75|49791.5390625|76d24d|TGW2109|0|2630|0|||3|3|0|1|1|132|18|["132,18,5,3662","132,210,2,2144","132,82,5","132,50,5"]|636148145915390000|13:49:51:539
62|1.1|636147902897787477|76d24d|49796.515625|10.2153386748|101.52029517303|84614|-383913||49796.515625|370||36931.25|367.75|49796.515625|76d24d|TGW2109|0|2630|0|||3|3|0|1|1|132|18|["132,18,5,3662","132,210,2,2144","132,82,5","132,50,5"]|636148145965160000|13:49:56:516
62|1.1|636147902947712469|76d24d|49801.515625|10.20516775344|101.52324023412|84940|-385038||49801.515625|370||36925|367.75|49801.515625|76d24d|TGW2109|0|2630|0|||3|3|0|1|1|132|50|["132,18,5,3662","132,210,2,2144","132,82,5","132,50,5"]|636148146015160000|13:50:01:516
62|1.1|636147902997627460|76d24d|49806.5|10.19508266264|101.52611555788|85258|-386154||49806.5|370||36943.75|367.75|49806.5|76d24d|TGW2109|0|2630|0|||3|3|0|1|1|132|18|["132,18,5,3662","132,210,2,2144","132,82,5","132,50,5"]|636148146065000000|13:50:06:500
62|1.1|636147903047542451|76d24d|49811.5|10.18494392774|101.52906061897|85584|-387275||49811.5|370||36950|367.75|49811.5|76d24d|TGW2109|0|2630|0|||3|3|0|1|1|132|18|["132,18,5,3662","132,210,2,2144","132,82,5","132,50,5"]|636148146115000000|13:50:11:500
62|1.1|636147903097467443|76d24d|49816.5|10.17486956576|101.53201104447|85911|-388390||49816.5|370||36950|367.75|49816.5|76d24d|TGW2109|0|2630|0|||3|3|0|1|1|132|18|["132,18,5,3662","132,210,2,2144","132,82,5","132,50,5"]|636148146165000000|13:50:16:500
62|1.1|636147903147392435|76d24d|49821.4765625|10.16484348347|101.53496146997|86238|-389499||49821.4765625|370||36950|367.75|49821.4765625|76d24d|TGW2109|0|2630|0|||3|3|0|1|1|132|18|["132,18,5,3662","132,210,2,2144","132,82,5","132,50,5"]|636148146214770000|13:50:21:477
62|1.1|636147903197307426|76d24d|49826.4765625|10.15469401975|101.53795481075|86569|-390622||49826.4765625|370.25||36956.25|368|49826.4765625|76d24d|TGW2109|0|2630|0|||3|3|0|1|1|132|82|["132,18,5,3662","132,210,2,2144","132,82,5","132,50,5"]|636148146264770000|13:50:26:477
62|1.1|636147903247242419|76d24d|49831.4609375|10.14522047169|101.54046535463|86848|-391670||49831.4609375|370||37006.25|368|49831.4609375|76d24d|TGW2109|0|2630|0|||3|3|0|1|1|132|83|["132,18,5,3662","132,210,2,2144","132,82,5","132,50,5"]|636148146314610000|13:50:31:461
62|1.1|636147903297157410|76d24d|49836.4609375|10.13513001648|101.54335677162|87168|-392786||49836.4609375|370||37012.5|367.75|49836.4609375|76d24d|TGW2109|0|2630|0|||3|3|0|1|1|132|18|["132,18,5,3662","132,210,2,2144","132,82,5","132,50,5"]|636148146364610000|13:50:36:461
62|1.1|636147903347082402|76d24d|49841.4609375|10.12499128158|101.54616772246|87480|-393908||49841.4609375|370||37018.75|367.75|49841.4609375|76d24d|TGW2109|0|2630|0|||3|3|0|1|1|132|18|["132,18,5,3662","132,210,2,2144","132,82,5","132,50,5"]|636148146414610000|13:50:41:461
62|1.1|636147903396997393|76d24d|49846.4375|10.11537289445|101.54851733404|87741|-394972||49846.4375|370||37018.75|367.75|49846.4375|76d24d|TGW2109|0|2630|0|||3|3|0|1|1|132|18|["132,18,5,3662","132,210,2,2144","132,82,5","132,50,5"]|636148146464380000|13:50:46:438
62|1.1|636147903446922385|76d24d|49851.4375|10.10625339745|101.55073819978|87987|-395981||49851.4375|370||37025|367.75|49851.4375|76d24d|TGW2109|0|2630|0|||3|3|0|1|1|132|18|["132,18,5,3662","132,210,2,2144","132,82,5","132,50,5"]|636148146514380000|13:50:51:438
62|1.1|636147903496847377|76d24d|49856.421875|10.09616830665|101.5533774895|88280|-397097||49856.421875|370||37037.5|367.75|49856.421875|76d24d|TGW2109|0|2630|0|||3|3|0|1|1|132|18|["132,18,5,3662","132,210,2,2144","132,82,5","132,50,5"]|636148146564220000|13:50:56:422
62|1.1|636147903546762368|76d24d|49861.421875|10.08623341933|101.5553623212|88501|-398196||49861.421875|370||37012.5|367.75|49861.421875|76d24d|TGW2109|0|2630|0|||3|3|0|1|1|132|50|["132,18,5,3662","132,210,2,2144","132,82,5","132,50,5"]|636148146614220000|13:51:01:422
62|1.1|636147903596687360|76d24d|49866.421875|10.07608932002|101.55772802601|88764|-399318||49866.421875|370||37006.25|367.75|49866.421875|76d24d|TGW2109|0|2630|0|||3|3|0|1|1|132|50|["132,18,5,3662","132,210,2,2144","132,82,5","132,50,5"]|636148146664220000|13:51:06:422
62|1.1|636147903646612352|76d24d|49871.3984375|10.06665332283|101.55998644262|89015|-400363||49871.3984375|370||37006.25|367.75|49871.3984375|76d24d|TGW2109|0|2630|0|||3|3|0|1|1|132|18|["132,18,5,3662","132,210,2,2144","132,82,5","132,50,5"]|636148146713980000|13:51:11:398
62|1.1|636147903696527343|76d24d|49876.3984375|10.05680963048|101.56245943563|89289|-401452||49876.3984375|370||37012.5|367.75|49876.3984375|76d24d|TGW2109|0|2630|0|||3|3|0|1|1|132|18|["132,18,5,3662","132,210,2,2144","132,82,5","132,50,5"]|636148146763980000|13:51:16:398
62|1.1|636147903746452335|76d24d|49881.375|10.0452332337|101.56505044566|89577|-402733||49881.375|370||36981.25|367.75|49881.375|76d24d|TGW2109|0|2630|0|||3|3|0|1|1|132|18|["132,18,5,3662","132,210,2,2144","132,82,5","132,50,5"]|636148146813750000|13:51:21:375
62|1.1|636147903796377327|76d24d|49886.375|10.0353090752|101.56748052339|89847|-403831||49886.375|370||37000|367.75|49886.375|76d24d|TGW2109|0|2630|0|||3|3|0|1|1|132|18|["132,18,5,3662","132,210,2,2144","132,82,5","132,50,5"]|636148146863750000|13:51:26:375
62|1.1|636147903846292318|76d24d|49891.375|10.02526153527|101.57058115237|90191|-404942||49891.375|370||36987.5|367.75|49891.375|76d24d|TGW2109|0|2630|0|||3|3|0|1|1|132|18|["132,18,5,3662","132,210,2,2144","132,82,5","132,50,5"]|636148146913750000|13:51:31:375
62|1.1|636147903896217310|76d24d|49896.359375|10.01613667386|101.57360667961|90526|-405952||49896.359375|370||37018.75|367.75|49896.359375|76d24d|TGW2109|0|2630|0|||3|3|0|1|1|132|18|["132,18,5,3662","132,210,2,2144","132,82,5","132,50,5"]|636148146963590000|13:51:36:359
62|1.1|636147903946132301|76d24d|49901.359375|10.00631980356|101.57772118208|90980|-407037||49901.359375|370||37006.25|367.75|49901.359375|76d24d|TGW2109|0|2630|0|||3|3|0|1|1|132|18|["132,18,5,3662","132,210,2,2144","132,82,5","132,50,5"]|636148147013590000|13:51:41:359
62|1.1|636147903996067294|76d24d|49906.3359375|9.99654584854|101.58144944703|91393|-408118||49906.3359375|370||37000|367.75|49906.3359375|76d24d|TGW2109|0|2630|0|||3|3|0|1|1|132|18|["132,18,5,3662","132,210,2,2144","132,82,5","132,50,5"]|636148147063360000|13:51:46:336
62|1.1|636147904045982285|76d24d|49911.3359375|9.98723323278|101.58480756769|91765|-409149||49911.3359375|370||37006.25|367.75|49911.3359375|76d24d|TGW2109|0|2630|0|||3|3|0|1|1|132|18|["132,18,5,3662","132,210,2,2144","132,82,5","132,50,5"]|636148147113360000|13:51:51:336
62|1.1|636147904095907277|76d24d|49916.3359375|9.97788306615|101.5884607309|92169|-410183||49916.3359375|370||37018.75|367.75|49916.3359375|76d24d|TGW2109|0|2630|0|||3|3|0|1|1|132|82|["132,18,5,3662","132,210,2,2144","132,82,5","132,50,5"]|636148147163360000|13:51:56:336
62|1.1|636147904145822268|76d24d|49921.3203125|9.96825931461|101.59196905504|92557|-411247||49921.3203125|370||37018.75|367.75|49921.3203125|76d24d|TGW2109|0|2630|0|||3|3|0|1|1|132|18|["132,18,5,3662","132,210,2,2144","132,82,5","132,50,5"]|636148147213200000|13:52:01:320
62|1.1|636147904195747260|76d24d|49926.3203125|9.95785235921|101.59584752347|92986|-412398||49926.3203125|370||36993.75|367.75|49926.3203125|76d24d|TGW2109|0|2630|0|||3|3|0|1|1|132|18|["132,18,5,3662","132,210,2,2144","132,82,5","132,50,5"]|636148147263200000|13:52:06:320
62|1.1|636147904245672252|76d24d|49931.296875|9.94784237015|101.59950068668|93391|-413505||49931.296875|370||37000|367.75|49931.296875|76d24d|TGW2109|0|2630|0|||3|3|0|1|1|132|18|["132,18,5,3662","132,210,2,2144","132,82,5","132,50,5"]|636148147312970000|13:52:11:297
62|1.1|636147904295587243|76d24d|49936.296875|9.93790211842|101.60323431604|93804|-414605||49936.296875|370||36993.75|367.75|49936.296875|76d24d|TGW2109|0|2630|0|||3|3|0|1|1|132|82|["132,18,5,3662","132,210,2,2144","132,82,5","132,50,5"]|636148147362970000|13:52:16:297
62|1.1|636147904345512235|76d24d|49941.296875|9.92780093439|101.6070215895|94223|-415722||49941.296875|370||36993.75|367.75|49941.296875|76d24d|TGW2109|0|2630|0|||3|3|0|1|1|132|82|["132,18,5,3662","132,210,2,2144","132,82,5","132,50,5"]|636148147412970000|13:52:21:297
62|1.1|636147904395437227|76d24d|49946.28125|9.91757100452|101.61055673569|94615|-416854||49946.28125|370||36987.5|367.75|49946.28125|76d24d|TGW2109|0|2630|0|||3|3|0|1|1|132|50|["132,18,5,3662","132,210,2,2144","132,82,5","132,50,5"]|636148147462810000|13:52:26:281
62|1.1|636147904445362219|76d24d|49951.28125|9.90804917677|101.61382902579|94977|-417907||49951.28125|369.75||36987.5|367.75|49951.28125|76d24d|TGW2109|0|2630|0|||3|3|0|1|1|132|50|["132,18,5,3662","132,210,2,2144","132,82,5","132,50,5"]|636148147512810000|13:52:31:281
62|1.1|636147904495277210|76d24d|49956.2578125|9.89766904342|101.6154973573|95164|-419056||49956.2578125|369.75||36987.5|367.5|49956.2578125|76d24d|TGW2109|0|2630|0|||3|3|0|1|1|132|50|["132,18,5,3662","132,210,2,2144","132,82,5","132,50,5"]|636148147562580000|13:52:36:258
62|1.1|636147904545192201|76d24d|49961.2578125|9.88846908027|101.61752510428|95390|-420074||49961.2578125|370||36993.75|367.5|49961.2578125|76d24d|TGW2109|0|2630|0|||3|3|0|1|1|132|82|["132,18,5,3662","132,210,2,2144","132,82,5","132,50,5"]|636148147612580000|13:52:41:258
62|1.1|636147904595117193|76d24d|49966.2578125|9.87747740418|101.61807763851|95454|-421291||49966.2578125|370||36993.75|367.75|49966.2578125|76d24d|TGW2109|0|2630|0|||3|3|0|1|1|132|82|["132,18,5,3662","132,210,2,2144","132,82,5","132,50,5"]|636148147662580000|13:52:46:258
62|1.1|636147904645042185|76d24d|49971.2421875|9.86741377102|101.61864626597|95520|-422405||49971.2421875|370||37006.25|367.75|49971.2421875|76d24d|TGW2109|0|2630|0|||3|3|0|1|1|132|82|["132,18,5,3662","132,210,2,2144","132,82,5","132,50,5"]|636148147712420000|13:52:51:242
62|1.1|636147904694957176|76d24d|49976.2421875|9.85700681562|101.61858189305|95517|-423557||49976.2421875|370||37000|367.75|49976.2421875|76d24d|TGW2109|0|2630|0|||3|3|0|1|1|132|82|["132,18,5,3662","132,210,2,2144","132,82,5","132,50,5"]|636148147762420000|13:52:56:242
62|1.1|636147904744882168|76d24d|49981.21875|9.84648720761|101.61820101994|95478|-424722||49981.21875|369.75||36968.75|367.5|49981.21875|76d24d|TGW2109|0|2630|0|||3|3|0|1|1|132|82|["132,18,5,3662","132,210,2,2144","132,82,5","132,50,5"]|636148147812190000|13:53:01:219
62|1.1|636147904794807160|76d24d|49986.21875|9.83646648973|101.61763239248|95420|-425832||49986.21875|369.75||36975|367.5|49986.21875|76d24d|TGW2109|0|2630|0|||3|3|0|1|1|132|82|["132,18,5,3662","132,210,2,2144","132,82,5","132,50,5"]|636148147862190000|13:53:06:219
62|1.1|636147904844742153|76d24d|49991.21875|9.82623655986|101.61697793446|95351|-426965||49991.21875|370||36968.75|367.5|49991.21875|76d24d|TGW2109|0|2630|0|||3|3|0|1|1|132|82|["132,18,5,3662","132,210,2,2144","132,82,5","132,50,5"]|636148147912190000|13:53:11:219
62|1.1|636147904894647143|76d24d|49996.1953125|9.81501421414|101.61629665439|95280|-428208||49996.1953125|370.25||36968.75|367.75|49996.1953125|76d24d|TGW2109|0|2630|0|||3|3|0|1|1|132|82|["132,18,5,3662","132,210,2,2144","132,82,5","132,50,5"]|636148147961950000|13:53:16:195
62|1.1|636147904944572135|76d24d|50001.1953125|9.80479501309|101.61492336543|95133|-429340||50001.1953125|370||37006.25|368|50001.1953125|76d24d|TGW2109|0|2630|0|||3|3|0|1|1|132|82|["132,210,2,2144","132,82,5","132,50,5"]|636148148011950000|13:53:21:195
62|1.1|636147904994487126|76d24d|50006.1796875|9.79458117645|101.61322821187|94950|-430472||50006.1796875|370.25||37000|368|50006.1796875|76d24d|TGW2109|0|2630|0|||3|3|0|1|1|132|82|["132,210,2,2144","132,82,5","132,50,5"]|636148148061800000|13:53:26:180
62|1.1|636147905044412118|76d24d|50011.1796875|9.78390600055|101.61150087185|94764|-431655||50011.1796875|370||37012.5|367.75|50011.1796875|76d24d|TGW2109|0|2630|0|||3|3|0|1|1|132|82|["132,210,2,2144","132,82,5","132,50,5"]|636148148111800000|13:53:31:180
62|1.1|636147905094337110|76d24d|50016.1796875|9.7738477318|101.60974134537|94574|-432769||50016.1796875|370||37006.25|367.75|50016.1796875|76d24d|TGW2109|0|2630|0|||3|3|0|1|1|132|51|["132,210,2,2144","132,82,5","132,50,5"]|636148148161800000|13:53:36:180
62|1.1|636147905144262102|76d24d|50021.15625|9.76348905609|101.60798181889|94384|-433917||50021.15625|370||37000|367.75|50021.15625|76d24d|TGW2109|0|2630|0|||3|3|0|1|1|132|51|["132,210,2,2144","132,82,5","132,50,5"]|636148148211560000|13:53:41:156
62|1.1|636147905194177093|76d24d|50026.15625|9.75177318465|101.60610427539|94182|-435215||50026.15625|370||36987.5|367.75|50026.15625|76d24d|TGW2109|0|2630|0|||3|3|0|1|1|132|82|["132,210,2,2144","132,82,5","132,50,5"]|636148148261560000|13:53:46:156
62|1.1|636147905244102085|76d24d|50031.140625|9.74050255924|101.6041784522|93974|-436464||50031.140625|370||36975|367.75|50031.140625|76d24d|TGW2109|0|2630|0|||3|3|0|1|1|132|210|["132,210,2,2144","132,82,5","132,50,5"]|636148148311410000|13:53:51:141
62|1.1|636147905294037078|76d24d|50036.140625|9.73136696901|101.60295000231|93842|-437476||50036.140625|370||37012.5|367.75|50036.140625|76d24d|TGW2109|0|2630|0|||3|3|0|1|1|132|50|["132,210,2,2144","132,82,5","132,50,5"]|636148148361410000|13:53:56:141
62|1.1|636147905343942068|76d24d|50041.140625|9.72153936989|101.60223117137|93767|-438565||50041.140625|370||37012.5|367.75|50041.140625|76d24d|TGW2109|0|2630|0|||3|3|0|1|1|132|83|["132,210,2,2144","132,82,5","132,50,5"]|636148148411410000|13:54:01:141
62|1.1|636147905393867060|76d24d|50046.1171875|9.71015072746|101.60169473037|93711|-439826||50046.1171875|370||36993.75|367.75|50046.1171875|76d24d|TGW2109|0|2630|0|||3|3|0|1|1|132|50|["132,210,2,2144","132,82,5","132,50,5"]|636148148461170000|13:54:06:117
62|1.1|636147905443782051|76d24d|50051.1171875|9.69822564403|101.60253157833|93808|-441146||50051.1171875|370||36981.25|367.75|50051.1171875|76d24d|TGW2109|0|2630|0|||3|3|0|1|1|132|51|["132,210,2,2144","132,82,5","132,50,5"]|636148148511170000|13:54:11:117
62|1.1|636147905493707043|76d24d|50056.1015625|9.68783478186|101.60466661351|94045|-442296||50056.1015625|370||36993.75|367.75|50056.1015625|76d24d|TGW2109|0|2630|0|||3|3|0|1|1|132|50|["132,210,2,2144","132,82,5","132,50,5"]|636148148561020000|13:54:16:102
62|1.1|636147905543632035|76d24d|50061.1015625|9.67840414908|101.60614719067|94211|-443340||50061.1015625|370||37018.75|367.75|50061.1015625|76d24d|TGW2109|0|2630|0|||3|3|0|1|1|132|210|["132,210,2,2144","132,82,5","132,50,5"]|636148148611020000|13:54:21:102
62|1.1|636147905593547026|76d24d|50066.1015625|9.66809911747|101.60840560728|94463|-444481||50066.1015625|370||37037.5|367.75|50066.1015625|76d24d|TGW2109|0|2630|0|||3|3|0|1|1|132|210|["132,210,2,2144","132,82,5","132,50,5"]|636148148661020000|13:54:26:102
62|1.1|636147905643482019|76d24d|50071.078125|9.65715572107|101.61090005793|94741|-445692||50071.078125|370||37012.5|367.75|50071.078125|76d24d|TGW2109|0|2630|0|||3|3|0|1|1|132|83|["132,210,2,2144","132,82,5","132,50,5"]|636148148710780000|13:54:31:078
62|1.1|636147905693397010|76d24d|50076.078125|9.64647518076|101.61320138982|94997|-446874||50076.078125|370||36981.25|367.75|50076.078125|76d24d|TGW2109|0|2630|0|||3|3|0|1|1|132|83|["132,210,2,2144","132,82,5","132,50,5"]|636148148760780000|13:54:36:078
62|1.1|636147905743322002|76d24d|50081.0625|9.63586437778|101.61564756078|95270|-448048||50081.0625|370||36975|367.75|50081.0625|76d24d|TGW2109|0|2630|0|||3|3|0|1|1|132|51|["132,210,2,2144","132,82,5","132,50,5"]|636148148810630000|13:54:41:063
62|1.1|636147905793236993|76d24d|50086.0625|9.62511410014|101.61804545205|95537|-449238||50086.0625|370||36975|367.75|50086.0625|76d24d|TGW2109|0|2630|0|||3|3|0|1|1|132|210|["132,210,2,2144","132,82,5","132,50,5"]|636148148860630000|13:54:46:063
62|1.1|636147905843171986|76d24d|50091.0625|9.61418143256|101.62050235183|95811|-450448||50091.0625|370||36981.25|367.75|50091.0625|76d24d|TGW2109|0|2630|0|||3|3|0|1|1|132|210|["132,210,2,2144","132,82,5","132,50,5"]|636148148910630000|13:54:51:063
62|1.1|636147905893086977|76d24d|50096.0390625|9.60345261256|101.62294852279|96083|-451636||50096.0390625|370||36981.25|367.75|50096.0390625|76d24d|TGW2109|0|2630|0|||3|3|0|1|1|132|210|["132,210,2,2144","132,82,5","132,50,5"]|636148148960390000|13:54:56:039
62|1.1|636147905943001968|76d24d|50101.0390625|9.59257895349|101.62541615139|96358|-452839||50101.0390625|370||36975|367.75|50101.0390625|76d24d|TGW2109|0|2630|0|||3|3|0|1|1|132|210|["132,210,2,2144","132,82,5","132,50,5"]|636148149010390000|13:55:01:039
62|1.1|636147905992936961|76d24d|50106.015625|9.58371694817|101.62739561868|96579|-453820||50106.015625|370||37012.5|367.75|50106.015625|76d24d|TGW2109|0|2630|0|||3|3|0|1|1|132|83|["132,210,2,2144","132,82,5","132,50,5"]|636148149060160000|13:55:06:016
62|1.1|636147906042841951|76d24d|50111.015625|9.57424340011|101.62947164535|96810|-454868||50111.015625|370||37012.5|367.75|50111.015625|76d24d|TGW2109|0|2630|0|||3|3|0|1|1|132|83|["132,210,2,2144","132,82,5","132,50,5"]|636148149110160000|13:55:11:016
62|1.1|636147906092776944|76d24d|50116.015625|9.56327318166|101.63172469755|97062|-456082||50116.015625|370||37000|367.75|50116.015625|76d24d|TGW2109|0|2630|0|||3|3|0|1|1|132|83|["132,210,2,2144","132,82,5","132,50,5"]|636148149160160000|13:55:16:016
62|1.1|636147906142691935|76d24d|50121|9.55182553072|101.63413868205|97331|-457349||50121|370||36981.25|367.75|50121|76d24d|TGW2109|0|2630|0|||3|3|0|1|1|132|50|["132,210,2,2144","132,82,5","132,50,5"]|636148149210000000|13:55:21:000
62|1.1|636147906192616927|76d24d|50126|9.54135956681|101.63646683599|97590|-458508||50126|370||36981.25|367.75|50126|76d24d|TGW2109|0|2630|0|||3|3|0|1|1|132|50|["132,210,2,2144","132,82,5","132,50,5"]|636148149260000000|13:55:26:000
62|1.1|636147906242541919|76d24d|50130.9765625|9.53085068762|101.63881644757|97852|-459671||50130.9765625|370||36975|367.75|50130.9765625|76d24d|TGW2109|0|2630|0|||3|3|0|1|1|132|50|["132,210,2,2144","132,82,5","132,50,5"]|636148149309770000|13:55:30:977
62|1.1|636147906292466911|76d24d|50135.9765625|9.52097480881|101.6409783048|98094|-460764||50135.9765625|370||37000|367.75|50135.9765625|76d24d|TGW2109|0|2630|0|||3|3|0|1|1|132|210|["132,210,2,2144","132,82,5","132,50,5"]|636148149359770000|13:55:35:977
62|1.1|636147906342381902|76d24d|50140.9765625|9.51012260738|101.64312943321|98334|-461965||50140.9765625|370||37000|367.75|50140.9765625|76d24d|TGW2109|0|2630|0|||3|3|0|1|1|132|83|["132,210,2,2144","132,82,5","132,50,5"]|636148149409770000|13:55:40:977
62|1.1|636147906392296893|76d24d|50145.9609375|9.49974247403|101.6452161887|98567|-463114||50145.9609375|370||37000|367.75|50145.9609375|76d24d|TGW2109|0|2630|0|||3|3|0|1|1|132|83|["132,210,2,2144","132,82,5","132,50,5"]|636148149459610000|13:55:45:961
62|1.1|636147906442221885|76d24d|50150.9609375|9.48989878168|101.64735122388|98805|-464204||50150.9609375|370||37012.5|367.75|50150.9609375|76d24d|TGW2109|0|2630|0|||3|3|0|1|1|132|210|["132,210,2,2144","132,82,5","132,50,5"]|636148149509610000|13:55:50:961
62|1.1|636147906492146877|76d24d|50155.9375|9.4796098433|101.64959891167|99056|-465342||50155.9375|370||37018.75|367.75|50155.9375|76d24d|TGW2109|0|2630|0|||3|3|0|1|1|132|210|["132,210,2,2144","132,82,5","132,50,5"]|636148149559380000|13:55:55:938
62|1.1|636147906542061868|76d24d|50160.9375|9.4694711084|101.6516534807|99286|-466465||50160.9375|370||37018.75|367.75|50160.9375|76d24d|TGW2109|0|2630|0|||3|3|0|1|1|132|210|["132,210,2,2144","132,82,5","132,50,5"]|636148149609380000|13:56:00:938
62|1.1|636147906591986860|76d24d|50165.9375|9.45910170387|101.65389580408|99536|-467613||50165.9375|370||37018.75|367.75|50165.9375|76d24d|TGW2109|0|2630|0|||3|3|0|1|1|132|210|["132,210,2,2144","132,82,5","132,50,5"]|636148149659380000|13:56:05:938
62|1.1|636147906641911852|76d24d|50170.921875|9.44880203667|101.65617567833|99790|-468753||50170.921875|370||37025|367.75|50170.921875|76d24d|TGW2109|0|2630|0|||3|3|0|1|1|132|210|["132,210,2,2144","132,82,5","132,50,5"]|636148149709220000|13:56:10:922
62|1.1|636147906691826843|76d24d|50175.921875|9.43843263214|101.65841800171|100040|-469900||50175.921875|370||37018.75|367.75|50175.921875|76d24d|TGW2109|0|2630|0|||3|3|0|1|1|132|210|["132,210,2,2144","132,82,5","132,50,5"]|636148149759220000|13:56:15:922
62|1.1|636147906741751835|76d24d|50180.8984375|9.42803640556|101.66061740981|100286|-471051||50180.8984375|370||36993.75|367.75|50180.8984375|76d24d|TGW2109|0|2630|0|||3|3|0|1|1|132|51|["132,210,2,2144","132,82,5","132,50,5"]|636148149808980000|13:56:20:898
62|1.1|636147906791676827|76d24d|50185.8984375|9.41746315345|101.66280072468|100530|-472221||50185.8984375|370||36950|367.75|50185.8984375|76d24d|TGW2109|0|2630|0|||3|3|0|1|1|132|210|["132,210,2,2144","132,82,5","132,50,5"]|636148149858980000|13:56:25:898
62|1.1|636147906841601819|76d24d|50190.8984375|9.40573118878|101.66469436141|100742|-473520||50190.8984375|370||36712.5|367.75|50190.8984375|76d24d|TGW2109|0|2630|0|||3|3|0|1|1|132|210|["132,210,2,2144","132,82,5","132,50,5"]|636148149908980000|13:56:30:898
62|1.1|636147906888396498|76d24d|50195.578125|9.39428890225|101.66665237106|100962|-474787||50195.578125|370||36950|367.5|50195.578125|76d24d|TGW2109|0|2630|0|||3|3|0|1|1|132|210|["132,210,2,2144","132,82,5","132,50,5"]|636148149955780000|13:56:35:578
62|1.1|636147906938321490|76d24d|50200.5625|9.38386048921|101.66889469444|101212|-475941||50200.5625|370||36925|367.5|50200.5625|76d24d|TGW2109|0|2630|0|||3|3|0|1|1|132|210|["132,210,2,2144","132,82,5","132,50,5"]|636148150005630000|13:56:40:563
62|1.1|636147906988246482|76d24d|50205.5625|9.37338379648|101.67103509403|101451|-477101||50205.5625|369.75||36887.5|367.5|50205.5625|76d24d|TGW2109|0|2630|0|||3|3|0|1|1|132|50|["132,210,2,2144","132,82,5","132,50,5"]|636148150055630000|13:56:45:563
62|1.1|636147907038181475|76d24d|50210.5390625|9.36296074785|101.673272053|101701|-478255||50210.5390625|369.75||36843.75|367.5|50210.5390625|76d24d|TGW2109|0|2630|0|||3|3|0|1|1|132|50|["132,210,2,2144","132,82,5","132,50,5"]|636148150105390000|13:56:50:539
62|1.1|636147907088086465|76d24d|50215.5390625|9.35385734408|101.67494038451|101888|-479263||50215.5390625|369.75||36993.75|367.5|50215.5390625|76d24d|TGW2109|0|2630|0|||3|3|0|1|1|132|50|["132,210,2,2144","132,82,5","132,50,5"]|636148150155390000|13:56:55:539
62|1.1|636147907138011457|76d24d|50220.5390625|9.34381516856|101.67689302975|102106|-480374||50220.5390625|370||36987.5|367.5|50220.5390625|76d24d|TGW2109|0|2630|0|||3|3|0|1|1|132|210|["132,210,2,2144","132,82,5","132,50,5"]|636148150205390000|13:57:00:539
62|1.1|636147907187936449|76d24d|50225.515625|9.3343416205|101.67888322586|102328|-481423||50225.515625|370||37006.25|367.5|50225.515625|76d24d|TGW2109|0|2630|0|||3|3|0|1|1|132|210|["132,210,2,2144","132,82,5","132,50,5"]|636148150255160000|13:57:05:516
62|1.1|636147907237851440|76d24d|50230.515625|9.32406341094|101.68108263396|102574|-482561||50230.515625|370||37025|367|50230.515625|76d24d|TGW2109|0|2630|0|||3|3|0|1|1|132|210|["132,210,2,2144","132,82,5","132,50,5"]|636148150305160000|13:57:10:516
62|1.1|636147907287776432|76d24d|50235.5|9.3139032184|101.68309428771|102799|-483685||50235.5|370||36975|367|50235.5|76d24d|TGW2109|0|2630|0|||3|3|0|1|1|132|210|["132,210,2,2144","132,82,5","132,50,5"]|636148150355000000|13:57:15:500
62|1.1|636147907337701424|76d24d|50240.5|9.30348016977|101.6852346873|103038|-484839||50240.5|370||36950|367|50240.5|76d24d|TGW2109|0|2630|0|||3|3|0|1|1|132|210|["132,210,2,2144","132,82,5","132,50,5"]|636148150405000000|13:57:20:500
62|1.1|636147907387626416|76d24d|50245.5|9.29268161244|101.68726243428|103265|-486034||50245.5|370||36937.5|367|50245.5|76d24d|TGW2109|0|2630|0|||3|3|0|1|1|132|210|["132,210,2,2144","132,82,5","132,50,5"]|636148150455000000|13:57:25:500
62|1.1|636147907437541407|76d24d|50250.4765625|9.28253214872|101.68929018126|103492|-487158||50250.4765625|370||36950|367|50250.4765625|76d24d|TGW2109|0|2630|0|||3|3|0|1|1|132|83|["132,210,2,2144","132,82,5","132,50,5"]|636148150504770000|13:57:30:477
62|1.1|636147907487456398|76d24d|50255.4765625|9.27229149003|101.69142521644|103731|-488292||50255.4765625|370||36950|367|50255.4765625|76d24d|TGW2109|0|2630|0|||3|3|0|1|1|132|210|["132,210,2,2144","132,82,5","132,50,5"]|636148150554770000|13:57:35:477
62|1.1|636147907537391391|76d24d|50260.4609375|9.26209911103|101.69353879398|103967|-489420||50260.4609375|369||36950|367|50260.4609375|76d24d|TGW2109|0|2630|0|||3|3|0|1|1|132|210|["132,210,2,2144","132,82,5","132,50,5"]|636148150604610000|13:57:40:461
62|1.1|636147907587306382|76d24d|50265.4609375|9.25145075718|101.69566846475|104206|-490599||50265.4609375|369||36943.75|367|50265.4609375|76d24d|TGW2109|0|2630|0|||3|3|0|1|1|132|210|["132,210,2,2144","132,82,5","132,50,5"]|636148150654610000|13:57:45:461
62|1.1|636147907637231374|76d24d|50270.4609375|9.24112963234|101.69787323726|104452|-491741||50270.4609375|369||36937.5|369.5|50270.4609375|76d24d|TGW2109|0|2630|0|||3|3|0|1|1|132|210|["132,210,2,2144","132,82,5","132,50,5"]|636148150704610000|13:57:50:461
62|1.1|636147907687146365|76d24d|50275.4375|9.23077095663|101.70011019623|104702|-492888||50275.4375|370||36918.75|369.5|50275.4375|76d24d|TGW2109|0|2630|0|||3|3|0|1|1|132|210|["132,210,2,2144","132,82,5","132,50,5"]|636148150754380000|13:57:55:438
62|1.1|636147907737071357|76d24d|50280.4375|9.22013869601|101.70228278228|104945|-494065||50280.4375|370||36850|369.5|50280.4375|76d24d|TGW2109|0|2630|0|||3|3|0|1|1|132|210|["132,210,2,2144","132,82,5","132,50,5"]|636148150804380000|13:58:00:438
62|1.1|636147907787006350|76d24d|50285.421875|9.20945279129|101.70441245305|105183|-495248||50285.421875|370||36731.25|369.5|50285.421875|76d24d|TGW2109|0|2630|0|||3|3|0|1|1|132|210|["132,210,2,2144","132,82,5","132,50,5"]|636148150854220000|13:58:05:422
62|1.1|636147907836911340|76d24d|50290.421875|9.19858449663|101.70632218301|105398|-496451||50290.421875|369.5||36656.25|369.5|50290.421875|76d24d|TGW2109|0|2630|0|||3|3|0|1|1|132|50|["132,210,2,2144","132,82,5","132,50,5"]|636148150904220000|13:58:10:422
62|1.1|636147907886836332|76d24d|50295.421875|9.18804343098|101.70848940465|105640|-497618||50295.421875|369.5||36631.25|369.5|50295.421875|76d24d|TGW2109|0|2630|0|||3|3|0|1|1|132|50|["132,210,2,2144","132,82,5","132,50,5"]|636148150954220000|13:58:15:422
62|1.1|636147907936761324|76d24d|50300.3984375|9.17762038235|101.71046350753|105861|-498772||50300.3984375|370||36918.75|369.5|50300.3984375|76d24d|TGW2109|0|2630|0|||3|3|0|1|1|132|210|["132,210,2,2144","132,82,5","132,50,5"]|636148151003980000|13:58:20:398
62|1.1|636147907986676315|76d24d|50305.3984375|9.16706858788|101.71260927153|106101|-499940||50305.3984375|370||36962.5|369.5|50305.3984375|76d24d|TGW2109|0|2630|0|||3|3|0|1|1|132|210|["132,210,2,2144","132,82,5","132,50,5"]|636148151053980000|13:58:25:398
62|1.1|636147908036611308|76d24d|50310.375|9.15659189515|101.71477112876|106343|-501100||50310.375|370||36981.25|369.75|50310.375|76d24d|TGW2109|0|2630|0|||3|3|0|1|1|132|210|["132,210,2,2144","132,82,5","132,50,5"]|636148151103750000|13:58:30:375
62|1.1|636147908086526299|76d24d|50315.375|9.14661945696|101.7168847063|106579|-502204||50315.375|370||37006.25|369.75|50315.375|76d24d|TGW2109|0|2630|0|||3|3|0|1|1|132|210|["132,210,2,2144","132,82,5","132,50,5"]|636148151153750000|13:58:35:375
62|1.1|636147908136451291|76d24d|50320.375|9.13628223889|101.7190841144|106825|-503349||50320.375|370||37012.5|369.75|50320.375|76d24d|TGW2109|0|2630|0|||3|3|0|1|1|132|210|["132,210,2,2144","132,82,5","132,50,5"]|636148151203750000|13:58:40:375
62|1.1|636147908186366282|76d24d|50325.359375|9.12595038523|101.72126742927|107070|-504492||50325.359375|370||37018.75|369.75|50325.359375|76d24d|TGW2109|0|2630|0|||3|3|0|1|1|132|210|["132,210,2,2144","132,82,5","132,50,5"]|636148151253590000|13:58:45:359
62|1.1|636147908236301275|76d24d|50330.359375|9.11559170952|101.72351511706|107321|-505639||50330.359375|370||37018.75|369.75|50330.359375|76d24d|TGW2109|0|2630|0|||3|3|0|1|1|132|210|["132,210,2,2144","132,82,5","132,50,5"]|636148151303590000|13:58:50:359
62|1.1|636147908286206265|76d24d|50335.3359375|9.10519548294|101.72570916075|107566|-506790||50335.3359375|370||36987.5|369.75|50335.3359375|76d24d|TGW2109|0|2630|0|||3|3|0|1|1|132|210|["132,210,2,2144","132,82,5","132,50,5"]|636148151353360000|13:58:55:336
62|1.1|636147908336131257|76d24d|50340.3359375|9.09428963741|101.72776372978|107797|-507998||50340.3359375|370||36793.75|369.75|50340.3359375|76d24d|TGW2109|0|2630|0|||3|3|0|1|1|132|210|["132,210,2,2144","132,82,5","132,50,5"]|636148151403360000|13:59:00:336
62|1.1|636147908386056249|76d24d|50345.3359375|9.08364664797|101.72984512086|108030|-509176||50345.3359375|370||36725|369.75|50345.3359375|76d24d|TGW2109|0|2630|0|||3|3|0|1|1|132|210|["132,210,2,2144","132,82,5","132,50,5"]|636148151453360000|13:59:05:336
62|1.1|636147908436001243|76d24d|50350.3203125|9.07310558232|101.73195333399|108266|-510343||50350.3203125|370||36693.75|369.75|50350.3203125|76d24d|TGW2109|0|2630|0|||3|3|0|1|1|132|210|["132,210,2,2144","132,82,5","132,50,5"]|636148151503200000|13:59:10:320
62|1.1|636147908485896232|76d24d|50355.3203125|9.06255378785|101.73400253861|108495|-511511||50355.3203125|370||36706.25|370|50355.3203125|76d24d|TGW2109|0|2630|0|||3|3|0|1|1|132|210|["132,210,2,2144","132,82,5","132,50,5"]|636148151553200000|13:59:15:320
62|1.1|636147908535811223|76d24d|50360.296875|9.05207173071|101.73606783646|108727|-512672||50360.296875|370||36712.5|370|50360.296875|76d24d|TGW2109|0|2630|0|||3|3|0|1|1|132|210|["132,210,2,2144","132,82,5","132,50,5"]|636148151602970000|13:59:20:297
62|1.1|636147908585746216|76d24d|50365.296875|9.04227095364|101.73774153238|108915|-513757||50365.296875|370||36993.75|370.25|50365.296875|76d24d|TGW2109|0|2630|0|||3|3|0|1|1|132|210|["132,210,2,2144","132,82,5","132,50,5"]|636148151652970000|13:59:25:297
62|1.1|636147908635661207|76d24d|50370.296875|9.03191227793|101.73980683023|109146|-514904||50370.296875|370||37031.25|370.25|50370.296875|76d24d|TGW2109|0|2630|0|||3|3|0|1|1|132|210|["132,210,2,2144","132,82,5","132,50,5"]|636148151702970000|13:59:30:297
62|1.1|636147908685576198|76d24d|50375.28125|9.02213832291|101.74173801783|109363|-515986||50375.28125|370||37050|370.25|50375.28125|76d24d|TGW2109|0|2630|0|||3|3|0|1|1|132|210|["132,210,2,2144","132,82,5","132,50,5"]|636148151752810000|13:59:35:281
62|1.1|636147908735351175|76d24d|50380.28125|9.01177428279|101.74393206152|109608|-517134||50380.28125|370||37068.75|370|50380.28125|76d24d|TGW2109|0|2630|0|||3|3|0|1|1|132|210|["132,210,2,2144","132,82,5","132,50,5"]|636148151802810000|13:59:40:281
62|1.1|636147908785286168|76d24d|50385.2578125|9.00141560708|101.74608318993|109849|-518280||50385.2578125|370||37075|370|50385.2578125|76d24d|TGW2109|0|2630|0|||3|3|0|1|1|132|210|["132,210,2,2144","132,82,5","132,50,5"]|636148151852580000|13:59:45:258
62|1.1|636147908835201159|76d24d|50390.2578125|8.99090672789|101.74823431834|110090|-519444||50390.2578125|370||37025|370|50390.2578125|76d24d|TGW2109|0|2630|0|||3|3|0|1|1|132|210|["132,210,2,2144","132,82,5","132,50,5"]|636148151902580000|13:59:50:258
62|1.1|636147908885116150|76d24d|50395.2578125|8.98031738255|101.75031570942|110324|-520616||50395.2578125|370||36906.25|370|50395.2578125|76d24d|TGW2109|0|2630|0|||3|3|0|1|1|132|50|["132,210,2,2144","132,82,5","132,50,5"]|636148151952580000|13:59:55:258
62|1.1|636147908935061144|76d24d|50400.2421875|8.96988896951|101.75241319373|110559|-521771||50400.2421875|370||36825|370|50400.2421875|76d24d|TGW2109|0|2630|0|||3|3|0|1|1|132|50|["132,210,2,2144","132,82,5","132,50,5"]|636148152002420000|14:00:00:242
62|1.1|636147908984966134|76d24d|50405.2421875|8.95925670889|101.75458577978|110802|-522948||50405.2421875|370||36737.5|370|50405.2421875|76d24d|TGW2109|0|2630|0|||3|3|0|1|1|132|210|["132,210,2,2144","132,82,5","132,50,5"]|636148152052420000|14:00:05:242
62|1.1|636147909034881125|76d24d|50410.21875|8.94875855852|101.75665107763|111033|-524111||50410.21875|370||36706.25|370|50410.21875|76d24d|TGW2109|0|2630|0|||3|3|0|1|1|132|210|["132,210,2,2144","132,82,5","132,50,5"]|636148152102190000|14:00:10:219
62|1.1|636147909084806117|76d24d|50415.21875|8.93833550989|101.75889876542|111285|-525265||50415.21875|370||36706.25|370|50415.21875|76d24d|TGW2109|0|2630|0|||3|3|0|1|1|132|50|["132,210,2,2144","132,82,5","132,50,5"]|636148152152190000|14:00:15:219
62|1.1|636147909134721108|76d24d|50420.21875|8.92753695256|101.76099088532|111520|-526460||50420.21875|370||36668.75|370|50420.21875|76d24d|TGW2109|0|2630|0|||3|3|0|1|1|132|83|["132,210,2,2144","132,82,5","132,50,5"]|636148152202190000|14:00:20:219
62|1.1|636147909184646100|76d24d|50425.1953125|8.91686177666|101.76313664932|111760|-527642||50425.1953125|370||36650|370|50425.1953125|76d24d|TGW2109|0|2630|0|||3|3|0|1|1|132|210|["132,210,2,2144","132,82,5","132,50,5"]|636148152251950000|14:00:25:195
62|1.1|636147909234571092|76d24d|50430.1953125|8.90621342281|101.76533605742|112007|-528821||50430.1953125|370||36643.75|370.25|50430.1953125|76d24d|TGW2109|0|2630|0|||3|3|0|1|1|132|82|["132,210,2,2144","132,82,5","132,50,5"]|636148152301950000|14:00:30:195
62|1.1|636147909284496084|76d24d|50435.1796875|8.8949964415|101.76746572819|112246|-530063||50435.1796875|370||36968.75|370|50435.1796875|76d24d|TGW2109|0|2630|0|||3|3|0|1|1|132|51|["132,210,2,2144","132,82,5","132,50,5"]|636148152351800000|14:00:35:180
62|1.1|636147909334411075|76d24d|50440.1796875|8.88449292672|101.76962758542|112488|-531226||50440.1796875|370||36981.25|370|50440.1796875|76d24d|TGW2109|0|2630|0|||3|3|0|1|1|132|82|["132,210,2,2144","132,82,5","132,50,5"]|636148152401800000|14:00:40:180
62|1.1|636147909384336067|76d24d|50445.1796875|8.87386603051|101.77180017147|112731|-532403||50445.1796875|370||36968.75|370|50445.1796875|76d24d|TGW2109|0|2630|0|||3|3|0|1|1|132|82|["132,210,2,2144","132,82,5","132,50,5"]|636148152451800000|14:00:45:180
62|1.1|636147909434261059|76d24d|50450.15625|8.86344298188|101.77393520665|112971|-533557||50450.15625|370||36943.75|370|50450.15625|76d24d|TGW2109|0|2630|0|||3|3|0|1|1|132|82|["132,210,2,2144","132,82,5","132,50,5"]|636148152501560000|14:00:50:156
62|1.1|636147909484186051|76d24d|50455.15625|8.85276780598|101.77597904686|113200|-534739||50455.15625|370||36993.75|370|50455.15625|76d24d|TGW2109|0|2630|0|||3|3|0|1|1|132|82|["132,210,2,2144","132,82,5","132,50,5"]|636148152551560000|14:00:55:156
62|1.1|636147909534101042|76d24d|50460.140625|8.84232866412|101.77811408204|113440|-535895||50460.140625|370||36981.25|370|50460.140625|76d24d|TGW2109|0|2630|0|||3|3|0|1|1|132|50|["132,210,2,2144","132,82,5","132,50,5"]|636148152601410000|14:01:00:141
62|1.1|636147909584026034|76d24d|50465.140625|8.83256007351|101.78003990523|113656|-536976||50465.140625|370||37018.75|370|50465.140625|76d24d|TGW2109|0|2630|0|||3|3|0|1|1|132|51|["132,210,2,2144","132,82,5","132,50,5"]|636148152651410000|14:01:05:141
62|1.1|636147909633941025|76d24d|50470.140625|8.82240524538|101.78219639805|113897|-538101||50470.140625|370||37037.5|370|50470.140625|76d24d|TGW2109|0|2630|0|||3|3|0|1|1|132|50|["132,210,2,2144","132,82,5","132,50,5"]|636148152701410000|14:01:10:141
62|1.1|636147909683866017|76d24d|50475.1171875|8.81205729849|101.78433143323|114137|-539247||50475.1171875|370||37043.75|370|50475.1171875|76d24d|TGW2109|0|2630|0|||3|3|0|1|1|132|50|["132,210,2,2144","132,82,5","132,50,5"]|636148152751170000|14:01:15:117
62|1.1|636147909733781008|76d24d|50480.1171875|8.80167716514|101.78657375661|114388|-540396||50480.1171875|370||37037.5|370|50480.1171875|76d24d|TGW2109|0|2630|0|||3|3|0|1|1|132|50|["132,210,2,2144","132,82,5","132,50,5"]|636148152801170000|14:01:20:117
62|1.1|636147909783736003|76d24d|50485.1015625|8.79132921825|101.78878389353|114636|-541542||50485.1015625|370||37031.25|370|50485.1015625|76d24d|TGW2109|0|2630|0|||3|3|0|1|1|132|50|["132,210,2,2144","132,82,5","132,50,5"]|636148152851020000|14:01:25:102
62|1.1|636147909833630992|76d24d|50490.1015625|8.7802517116|101.79095111517|114879|-542769||50490.1015625|370||36812.5|370|50490.1015625|76d24d|TGW2109|0|2630|0|||3|3|0|1|1|132|50|["132,210,2,2144","132,82,5","132,50,5"]|636148152901020000|14:01:30:102
62|1.1|636147909883545983|76d24d|50495.1015625|8.76935659489|101.7930056842|115110|-543975||50495.1015625|370||36706.25|370|50495.1015625|76d24d|TGW2109|0|2630|0|||3|3|0|1|1|132|82|["132,210,2,2144","132,82,5","132,50,5"]|636148152951020000|14:01:35:102
62|1.1|636147909933480976|76d24d|50500.078125|8.7585794952|101.79516217702|115352|-545169||50500.078125|370.25||36650|370.25|50500.078125|76d24d|TGW2109|0|2630|0|||3|3|0|1|1|132|51|["132,210,2,2144","132,82,5","132,50,5"]|636148153000780000|14:01:40:078
62|1.1|636147909983395967|76d24d|50505.078125|8.747743387|101.7973508563|115597|-546368||50505.078125|370.25||36625|370.25|50505.078125|76d24d|TGW2109|0|2630|0|||3|3|0|1|1|132|51|["132,210,2,2144","132,82,5","132,50,5"]|636148153050780000|14:01:45:078
62|1.1|636147910033310958|76d24d|50510.0625|8.73696628731|101.79948589148|115837|-547562||50510.0625|370.25||36631.25|370.25|50510.0625|76d24d|TGW2109|0|2630|0|||3|3|0|1|1|132|51|["132,210,2,2144","132,82,5","132,50,5"]|636148153100630000|14:01:50:063
62|1.1|636147910083235950|76d24d|50515.0625|8.72621064526|101.80168529958|116084|-548753||50515.0625|370.25||36637.5|370.25|50515.0625|76d24d|TGW2109|0|2630|0|||3|3|0|1|1|132|82|["132,210,2,2144","132,82,5","132,50,5"]|636148153150630000|14:01:55:063
62|1.1|636147910133160942|76d24d|50520.0625|8.71549255408|101.80382033476|116323|-549940||50520.0625|370.25||36668.75|368|50520.0625|76d24d|TGW2109|0|2630|0|||3|3|0|1|1|132|82|["132,210,2,2144","132,82,5","132,50,5"]|636148153200630000|14:02:00:063
62|1.1|636147910183075933|76d24d|50525.0390625|8.70564886173|101.8054511154|116507|-551030||50525.0390625|370.25||37025|368.25|50525.0390625|76d24d|TGW2109|0|2630|0|||3|3|0|1|1|132|83|["132,210,2,2144","132,82,5","132,50,5"]|636148153250390000|14:02:05:039
62|1.1|636147910233020927|76d24d|50530.0390625|8.69536528776|101.80750032002|116737|-552169||50530.0390625|370.25||37037.5|368.25|50530.0390625|76d24d|TGW2109|0|2630|0|||3|3|0|1|1|132|83|["132,210,2,2144","132,82,5","132,50,5"]|636148153300390000|14:02:10:039
62|1.1|636147910282925917|76d24d|50535.015625|8.68487786621|101.80960853315|116974|-553330||50535.015625|370.25||37056.25|368|50535.015625|76d24d|TGW2109|0|2630|0|||3|3|0|1|1|132|82|["132,210,2,2144","132,82,5","132,50,5"]|636148153350160000|14:02:15:016
62|1.1|636147910332850909|76d24d|50540.015625|8.67386473248|101.81182939889|117223|-554550||50540.015625|370.5||37050|368|50540.015625|76d24d|TGW2109|0|2630|0|||3|3|0|1|1|132|83|["132,210,2,2144","132,82,5","132,50,5"]|636148153400160000|14:02:20:016
62|1.1|636147910382795903|76d24d|50545.015625|8.66371526876|101.81396979848|117463|-555674||50545.015625|370.5||37068.75|368|50545.015625|76d24d|TGW2109|0|2630|0|||3|3|0|1|1|132|50|["132,210,2,2144","132,82,5","132,50,5"]|636148153450160000|14:02:25:016
62|1.1|636147910432690892|76d24d|50550|8.65326539808|101.81622285068|117716|-556831||50550|370.5||37075|368|50550|76d24d|TGW2109|0|2630|0|||3|3|0|1|1|132|50|["132,210,2,2144","132,82,5","132,50,5"]|636148153500000000|14:02:30:000
62|1.1|636147910482615884|76d24d|50555|8.64279943417|101.81847590288|117968|-557990||50555|370.5||37087.5|368|50555|76d24d|TGW2109|0|2630|0|||3|3|0|1|1|132|50|["132,210,2,2144","132,82,5","132,50,5"]|636148153550000000|14:02:35:000
62|1.1|636147910532590881|76d24d|50559.9765625|8.6323549279|101.82076650595|118225|-559146||50559.9765625|370.5||37087.5|368|50559.9765625|76d24d|TGW2109|0|2630|0|||3|3|0|1|1|132|50|["132,210,2,2144","132,82,5","132,50,5"]|636148153599770000|14:02:39:977
62|1.1|636147910582455867|76d24d|50564.9765625|8.62219473536|101.82257967653|118429|-560272||50564.9765625|370.5||37062.5|368|50564.9765625|76d24d|TGW2109|0|2630|0|||3|3|0|1|1|132|50|["132,210,2,2144","132,82,5","132,50,5"]|636148153649770000|14:02:44:977
62|1.1|636147910632380859|76d24d|50569.9765625|8.61174486468|101.8248702796|118686|-561429||50569.9765625|370.5||37062.5|368|50569.9765625|76d24d|TGW2109|0|2630|0|||3|3|0|1|1|132|50|["132,210,2,2144","132,82,5","132,50,5"]|636148153699770000|14:02:49:977
62|1.1|636147910682295850|76d24d|50574.9609375|8.60104823114|101.82704286565|118930|-562614||50574.9609375|370.5||37006.25|368|50574.9609375|76d24d|TGW2109|0|2630|0|||3|3|0|1|1|132|82|["132,210,2,2144","132,82,5","132,50,5"]|636148153749610000|14:02:54:961
62|1.1|636147910732220842|76d24d|50579.9609375|8.5900833771|101.82915644319|119168|-563828||50579.9609375|370.5||36850|368.25|50579.9609375|76d24d|TGW2109|0|2630|0|||3|3|0|1|1|132|82|["132,210,2,2144","132,82,5","132,50,5"]|636148153799610000|14:02:59:961
62|1.1|636147910782135833|76d24d|50584.9375|8.57920435362|101.83127002073|119405|-565033||50584.9375|370.5||36725|368.25|50584.9375|76d24d|TGW2109|0|2630|0|||3|3|0|1|1|132|82|["132,210,2,2144","132,82,5","132,50,5"]|636148153849380000|14:03:04:938
62|1.1|636147910832070826|76d24d|50589.9375|8.56828241486|101.83349088647|119654|-566242||50589.9375|370.5||36618.75|368.25|50589.9375|76d24d|TGW2109|0|2630|0|||3|3|0|1|1|132|83|["132,210,2,2144","132,82,5","132,50,5"]|636148153899380000|14:03:09:938
62|1.1|636147910881985817|76d24d|50594.9375|8.55756432368|101.83565810811|119898|-567429||50594.9375|370.5||36593.75|368.25|50594.9375|76d24d|TGW2109|0|2630|0|||3|3|0|1|1|132|82|["132,210,2,2144","132,82,5","132,50,5"]|636148153949380000|14:03:14:938
62|1.1|636147910931900808|76d24d|50599.921875|8.54680868163|101.83786824503|120146|-568620||50599.921875|370.25||36575|368.25|50599.921875|76d24d|TGW2109|0|2630|0|||3|3|0|1|1|132|83|["132,210,2,2144","132,82,5","132,50,5"]|636148153999220000|14:03:19:922
62|1.1|636147910981835801|76d24d|50604.921875|8.53623006511|101.83974042412|120357|-569792||50604.921875|370.25||36993.75|368|50604.921875|76d24d|TGW2109|0|2630|0|||3|3|0|1|1|132|83|["132,210,2,2144","132,82,5","132,50,5"]|636148154049220000|14:03:24:922
62|1.1|636147911031750792|76d24d|50609.8984375|8.52548515188|101.84182717961|120592|-570982||50609.8984375|370.25||37018.75|368|50609.8984375|76d24d|TGW2109|0|2630|0|||3|3|0|1|1|132|82|["132,210,2,2144","132,82,5","132,50,5"]|636148154098980000|14:03:29:898
62|1.1|636147911081675784|76d24d|50614.8984375|8.5147134166|101.84401585889|120837|-572175||50614.8984375|370.25||37025|368|50614.8984375|76d24d|TGW2109|0|2630|0|||3|3|0|1|1|132|82|["132,210,2,2144","132,82,5","132,50,5"]|636148154148980000|14:03:34:898
62|1.1|636147911131600776|76d24d|50619.8984375|8.50469806313|101.84612407202|121074|-573284||50619.8984375|370.25||37056.25|368|50619.8984375|76d24d|TGW2109|0|2630|0|||3|3|0|1|1|132|82|["132,210,2,2144","132,82,5","132,50,5"]|636148154198980000|14:03:39:898
62|1.1|636147911181535769|76d24d|50624.875|8.49436620947|101.84840394627|121330|-574428||50624.875|370.25||37062.5|368|50624.875|76d24d|TGW2109|0|2630|0|||3|3|0|1|1|132|82|["132,210,2,2144","132,82,5","132,50,5"]|636148154248750000|14:03:44:875
62|1.1|636147911231450760|76d24d|50629.875|8.48392706761|101.85066236288|121583|-575584||50629.875|370.25||37062.5|367.75|50629.875|76d24d|TGW2109|0|2630|0|||3|3|0|1|1|132|50|["132,210,2,2144","132,82,5","132,50,5"]|636148154298750000|14:03:49:875
62|1.1|636147911281365751|76d24d|50634.859375|8.4742121211|101.85257745725|121799|-576661||50634.859375|370||37031.25|367.75|50634.859375|76d24d|TGW2109|0|2630|0|||3|3|0|1|1|132|50|["132,210,2,2144","132,82,5","132,50,5"]|636148154348590000|14:03:54:859
62|1.1|636147911331280742|76d24d|50639.859375|8.46389636067|101.85483050945|122052|-577803||50639.859375|370||37037.5|367.75|50639.859375|76d24d|TGW2109|0|2630|0|||3|3|0|1|1|132|50|["132,210,2,2144","132,82,5","132,50,5"]|636148154398590000|14:03:59:859
62|1.1|636147911381195733|76d24d|50644.859375|8.45149920916|101.85691190053|122286|-579176||50644.859375|370||36968.75|367.75|50644.859375|76d24d|TGW2109|0|2630|0|||3|3|0|1|1|132|50|["132,210,2,2144","132,82,5","132,50,5"]|636148154448590000|14:04:04:859
62|1.1|636147911431120725|76d24d|50649.8359375|8.44092595705|101.85914349509|122537|-580347||50649.8359375|370||36918.75|367.75|50649.8359375|76d24d|TGW2109|0|2630|0|||3|3|0|1|1|132|82|["132,210,2,2144","132,82,5","132,50,5"]|636148154498360000|14:04:09:836
62|1.1|636147911481065719|76d24d|50654.8359375|8.43037416258|101.86146092021|122797|-581516||50654.8359375|370||36831.25|367.75|50654.8359375|76d24d|TGW2109|0|2630|0|||3|3|0|1|1|132|82|["132,210,2,2144","132,82,5","132,50,5"]|636148154548360000|14:04:14:836
62|1.1|636147911530960708|76d24d|50659.8203125|8.41975263078|101.86367642154|123046|-582692||50659.8203125|370||36737.5|367.75|50659.8203125|76d24d|TGW2109|0|2630|0|||3|3|0|1|1|132|82|["132,210,2,2144","132,82,5","132,50,5"]|636148154598200000|14:04:19:820
62|1.1|636147911580885700|76d24d|50664.8203125|8.40894870904|101.86584364318|123290|-583889||50664.8203125|370||36631.25|367.75|50664.8203125|76d24d|TGW2109|0|2630|0|||3|3|0|1|1|132|82|["132,210,2,2144","132,82,5","132,50,5"]|636148154648200000|14:04:24:820
62|1.1|636147911630810692|76d24d|50669.8203125|8.39815551612|101.86801086482|123533|-585084||50669.8203125|370||36587.5|367.75|50669.8203125|76d24d|TGW2109|0|2630|0|||3|3|0|1|1|132|82|["132,210,2,2144","132,82,5","132,50,5"]|636148154698200000|14:04:29:820
62|1.1|636147911680735684|76d24d|50674.796875|8.38751252668|101.8701995441|123780|-586263||50674.796875|370||36568.75|367.75|50674.796875|76d24d|TGW2109|0|2630|0|||3|3|0|1|1|132|83|["132,210,2,2144","132,82,5","132,50,5"]|636148154747970000|14:04:34:797
62|1.1|636147911730650675|76d24d|50679.796875|8.37675152022|101.8723453081|124021|-587455||50679.796875|370||36568.75|367.75|50679.796875|76d24d|TGW2109|0|2630|0|||3|3|0|1|1|132|83|["132,210,2,2144","132,82,5","132,50,5"]|636148154797970000|14:04:39:797
62|1.1|636147911780575667|76d24d|50684.78125|8.36618363252|101.87451789415|124265|-588625||50684.78125|370||36581.25|367.75|50684.78125|76d24d|TGW2109|0|2630|0|||3|3|0|1|1|132|83|["132,210,2,2144","132,82,5","132,50,5"]|636148154847810000|14:04:44:781
62|1.1|636147911830490658|76d24d|50689.78125|8.35568548215|101.87661537846|124501|-589788||50689.78125|370||36618.75|367.75|50689.78125|76d24d|TGW2109|0|2630|0|||3|3|0|1|1|132|51|["132,210,2,2144","132,82,5","132,50,5"]|636148154897810000|14:04:49:781
62|1.1|636147911880415650|76d24d|50694.78125|8.34583106098|101.87817105736|124677|-590880||50694.78125|370||36987.5|367.75|50694.78125|76d24d|TGW2109|0|2630|0|||3|3|0|1|1|132|82|["132,210,2,2144","132,82,5","132,50,5"]|636148154947810000|14:04:54:781
62|1.1|636147911930330641|76d24d|50699.7578125|8.33520416477|101.88018807552|124904|-592057||50699.7578125|370||37012.5|367.75|50699.7578125|76d24d|TGW2109|0|2630|0|||3|3|0|1|1|132|82|["132,210,2,2144","132,82,5","132,50,5"]|636148154997580000|14:04:59:758
62|1.1|636147911980255633|76d24d|50704.7578125|8.32528537068|101.88222118691|125133|-593156||50704.7578125|370||37043.75|367.75|50704.7578125|76d24d|TGW2109|0|2630|0|||3|3|0|1|1|132|82|["132,210,2,2144","132,82,5","132,50,5"]|636148155047580000|14:05:04:758
62|1.1|636147912030180625|76d24d|50709.7421875|8.31491596615|101.88444741706|125383|-594304||50709.7421875|370||37081.25|367.75|50709.7421875|76d24d|TGW2109|0|2630|0|||3|3|0|1|1|132|82|["132,210,2,2144","132,82,5","132,50,5"]|636148155097420000|14:05:09:742
62|1.1|636147912080115618|76d24d|50714.7421875|8.30456265485|101.88670046926|125636|-595451||50714.7421875|370||37106.25|367.75|50714.7421875|76d24d|TGW2109|0|2630|0|||3|3|0|1|1|132|50|["132,210,2,2144","132,82,5","132,50,5"]|636148155147420000|14:05:14:742
62|1.1|636147912130020608|76d24d|50719.7421875|8.29426298765|101.88899107233|125893|-596592||50719.7421875|370||37137.5|370|50719.7421875|76d24d|TGW2109|0|2630|0|||3|3|0|1|1|132|50|["132,210,2,2144","132,82,5","132,50,5"]|636148155197420000|14:05:19:742
62|1.1|636147912179945600|76d24d|50724.71875|8.28239154832|101.89061648856|126078|-597907||50724.71875|370||37000|370|50724.71875|76d24d|TGW2109|0|2630|0|||3|3|0|1|1|132|82|["132,210,2,2144","132,82,5","132,50,5"]|636148155247190000|14:05:24:719
62|1.1|636147912229860591|76d24d|50729.71875|8.27144278751|101.89274079492|126317|-599120||50729.71875|370||36993.75|370|50729.71875|76d24d|TGW2109|0|2630|0|||3|3|0|1|1|132|82|["132,210,2,2144","132,82,5","132,50,5"]|636148155297190000|14:05:29:719
62|1.1|636147912279785583|76d24d|50734.6953125|8.26080516248|101.8950367624|126575|-600298||50734.6953125|370||36975|370|50734.6953125|76d24d|TGW2109|0|2630|0|||3|3|0|1|1|132|82|["132,210,2,2144","132,82,5","132,50,5"]|636148155346950000|14:05:34:695
62|1.1|636147912329710575|76d24d|50739.6953125|8.25074152932|101.89706987379|126804|-601413||50739.6953125|370||37000|370|50739.6953125|76d24d|TGW2109|0|2630|0|||3|3|0|1|1|132|82|["132,210,2,2144","132,82,5","132,50,5"]|636148155396950000|14:05:39:695
62|1.1|636147912379645568|76d24d|50744.6953125|8.24038821802|101.89918881574|127042|-602560||50744.6953125|370||37006.25|370|50744.6953125|76d24d|TGW2109|0|2630|0|||3|3|0|1|1|132|82|["132,210,2,2144","132,82,5","132,50,5"]|636148155446950000|14:05:44:695
62|1.1|636147912429560559|76d24d|50749.6796875|8.22941799957|101.90129166446|127279|-603775||50749.6796875|370||36993.75|370|50749.6796875|76d24d|TGW2109|0|2630|0|||3|3|0|1|1|132|82|["132,210,2,2144","132,82,5","132,50,5"]|636148155496800000|14:05:49:680
62|1.1|636147912479475550|76d24d|50754.6796875|8.21869454398|101.9035661743|127535|-604963||50754.6796875|370||36987.5|370|50754.6796875|76d24d|TGW2109|0|2630|0|||3|3|0|1|1|132|82|["132,210,2,2144","132,82,5","132,50,5"]|636148155546800000|14:05:54:680
62|1.1|636147912529410543|76d24d|50759.65625|8.20860945318|101.90566902302|127771|-606080||50759.65625|370||37000|370|50759.65625|76d24d|TGW2109|0|2630|0|||3|3|0|1|1|132|82|["132,210,2,2144","132,82,5","132,50,5"]|636148155596560000|14:05:59:656
62|1.1|636147912579315533|76d24d|50764.65625|8.19828296393|101.90776114292|128007|-607224||50764.65625|370||37006.25|370|50764.65625|76d24d|TGW2109|0|2630|0|||3|3|0|1|1|132|82|["132,210,2,2144","132,82,5","132,50,5"]|636148155646560000|14:06:04:656
62|1.1|636147912629240525|76d24d|50769.65625|8.18784918648|101.91000883071|128259|-608380||50769.65625|370||37000|370|50769.65625|76d24d|TGW2109|0|2630|0|||3|3|0|1|1|132|82|["132,210,2,2144","132,82,5","132,50,5"]|636148155696560000|14:06:09:656
62|1.1|636147912679165517|76d24d|50774.640625|8.17742613785|101.91228334055|128515|-609534||50774.640625|370||36987.5|370|50774.640625|76d24d|TGW2109|0|2630|0|||3|3|0|1|1|132|82|["132,210,2,2144","132,82,5","132,50,5"]|636148155746410000|14:06:14:641
62|1.1|636147912729090509|76d24d|50779.640625|8.1668314281|101.91446665542|128761|-610708||50779.640625|370||36931.25|370|50779.640625|76d24d|TGW2109|0|2630|0|||3|3|0|1|1|132|82|["132,210,2,2144","132,82,5","132,50,5"]|636148155796410000|14:06:19:641
62|1.1|636147912779005500|76d24d|50784.6171875|8.15592558257|101.91666069911|129008|-611916||50784.6171875|370||36781.25|370|50784.6171875|76d24d|TGW2109|0|2630|0|||3|3|0|1|1|132|82|["132,210,2,2144","132,82,5","132,50,5"]|636148155846170000|14:06:24:617
62|1.1|636147912828930492|76d24d|50789.6171875|8.14535769487|101.91861334435|129228|-613087||50789.6171875|370||36981.25|370|50789.6171875|76d24d|TGW2109|0|2630|0|||3|3|0|1|1|132|82|["132,210,2,2144","132,82,5","132,50,5"]|636148155896170000|14:06:29:617
62|1.1|636147912878855484|76d24d|50794.6171875|8.13453231549|101.92070546425|129464|-614286||50794.6171875|370||36993.75|370|50794.6171875|76d24d|TGW2109|0|2630|0|||3|3|0|1|1|132|82|["132,210,2,2144","132,82,5","132,50,5"]|636148155946170000|14:06:34:617
62|1.1|636147912928770475|76d24d|50799.6015625|8.12276816436|101.92291560117|129713|-615589||50799.6015625|370||36962.5|370|50799.6015625|76d24d|TGW2109|0|2630|0|||3|3|0|1|1|132|50|["132,210,2,2144","132,82,5","132,50,5"]|636148155996020000|14:06:39:602
62|1.1|636147912978695467|76d24d|50804.6015625|8.11233438691|101.92523302629|129974|-616745||50804.6015625|370||36937.5|370|50804.6015625|76d24d|TGW2109|0|2630|0|||3|3|0|1|1|132|82|["132,210,2,2144","132,82,5","132,50,5"]|636148156046020000|14:06:44:602
62|1.1|636147913028610458|76d24d|50809.578125|8.10183623654|101.92749680731|130229|-617908||50809.578125|370||36893.75|370|50809.578125|76d24d|TGW2109|0|2630|0|||3|3|0|1|1|132|82|["132,210,2,2144","132,82,5","132,50,5"]|636148156095780000|14:06:49:578
62|1.1|636147913078555452|76d24d|50814.578125|8.09135954381|101.92984105448|130492|-619069||50814.578125|370||36825|370|50814.578125|76d24d|TGW2109|0|2630|0|||3|3|0|1|1|132|82|["132,210,2,2144","132,82,5","132,50,5"]|636148156145780000|14:06:54:578
62|1.1|636147913128460442|76d24d|50819.578125|8.08077019847|101.93202973376|130738|-620242||50819.578125|370||36750|370|50819.578125|76d24d|TGW2109|0|2630|0|||3|3|0|1|1|132|82|["132,210,2,2144","132,82,5","132,50,5"]|636148156195780000|14:06:59:578
62|1.1|636147913178375433|76d24d|50824.5625|8.07001455642|101.93410576043|130972|-621433||50824.5625|370||36587.5|370|50824.5625|76d24d|TGW2109|0|2630|0|||3|3|0|1|1|132|50|["132,210,2,2144","132,82,5","132,50,5"]|636148156245630000|14:07:04:563
62|1.1|636147913228310426|76d24d|50829.5625|8.0592750076|101.93626761766|131216|-622623||50829.5625|370||36593.75|370|50829.5625|76d24d|TGW2109|0|2630|0|||3|3|0|1|1|132|82|["132,210,2,2144","132,82,5","132,50,5"]|636148156295630000|14:07:09:563
62|1.1|636147913278225417|76d24d|50834.5390625|8.0488680522|101.93831682228|131447|-623776||50834.5390625|370||36612.5|370|50834.5390625|76d24d|TGW2109|0|2630|0|||3|3|0|1|1|132|82|["132,210,2,2144","132,82,5","132,50,5"]|636148156345390000|14:07:14:539
62|1.1|636147913328150409|76d24d|50839.5390625|8.03825188481|101.94038212013|131680|-624952||50839.5390625|370||36562.5|370|50839.5390625|76d24d|TGW2109|0|2630|0|||3|3|0|1|1|132|83|["132,210,2,2144","132,82,5","132,50,5"]|636148156395390000|14:07:19:539
62|1.1|636147913378065400|76d24d|50844.5390625|8.02743186984|101.94258689264|131928|-626151||50844.5390625|370||36531.25|370|50844.5390625|76d24d|TGW2109|0|2630|0|||3|3|0|1|1|132|50|["132,210,2,2144","132,82,5","132,50,5"]|636148156445390000|14:07:24:539
62|1.1|636147913427980391|76d24d|50849.515625|8.01685325332|101.94466828372|132163|-627323||50849.515625|370||36562.5|370|50849.515625|76d24d|TGW2109|0|2630|0|||3|3|0|1|1|132|51|["132,210,2,2144","132,82,5","132,50,5"]|636148156495160000|14:07:29:516
62|1.1|636147913477905383|76d24d|50854.515625|8.00621026388|101.94683550536|132407|-628502||50854.515625|370||36568.75|370|50854.515625|76d24d|TGW2109|0|2630|0|||3|3|0|1|1|132|50|["132,210,2,2144","132,82,5","132,50,5"]|636148156545160000|14:07:34:516
62|1.1|636147913527830375|76d24d|50859.5|7.99569602028|101.94891153203|132641|-629667||50859.5|370||36612.5|370|50859.5|76d24d|TGW2109|0|2630|0|||3|3|0|1|1|132|210|["132,210,2,2144","132,82,5","132,50,5"]|636148156595000000|14:07:39:500
62|1.1|636147913577745366|76d24d|50864.5|7.98519786991|101.95122895715|132902|-630830||50864.5|370||36631.25|370|50864.5|76d24d|TGW2109|0|2630|0|||3|3|0|1|1|132|210|["132,210,2,2144","132,82,5","132,50,5"]|636148156645000000|14:07:44:500
62|1.1|636147913627670358|76d24d|50869.5|7.97458170252|101.95346591612|133154|-632006||50869.5|370||36656.25|370|50869.5|76d24d|TGW2109|0|2630|0|||3|3|0|1|1|132|210|["132,210,2,2144","132,82,5","132,50,5"]|636148156695000000|14:07:49:500
62|1.1|636147913677595350|76d24d|50874.4765625|7.96401381482|101.95546684105|133380|-633177||50874.4765625|370||36668.75|370|50874.4765625|76d24d|TGW2109|0|2630|0|||3|3|0|1|1|132|210|["132,210,2,2144","132,82,5","132,50,5"]|636148156744770000|14:07:54:477
62|1.1|636147913727520342|76d24d|50879.4765625|7.95333863892|101.95746240157|133605|-634360||50879.4765625|370||36675|370|50879.4765625|76d24d|TGW2109|0|2630|0|||3|3|0|1|1|132|210|["132,210,2,2144","132,82,5","132,50,5"]|636148156794770000|14:07:59:477
62|1.1|636147913777445334|76d24d|50884.4609375|7.94278684445|101.95932921625|133816|-635529||50884.4609375|370||36712.5|370|50884.4609375|76d24d|TGW2109|0|2630|0|||3|3|0|1|1|132|50|["132,210,2,2144","132,82,5","132,50,5"]|636148156844610000|14:08:04:461
62|1.1|636147913827360325|76d24d|50889.4609375|7.93213312619|101.96142670056|134052|-636710||50889.4609375|370||36712.5|370|50889.4609375|76d24d|TGW2109|0|2630|0|||3|3|0|1|1|132|83|["132,210,2,2144","132,82,5","132,50,5"]|636148156894610000|14:08:09:461
62|1.1|636147913877275316|76d24d|50894.4609375|7.92144185706|101.96356710015|134294|-637894||50894.4609375|370||36687.5|370|50894.4609375|76d24d|TGW2109|0|2630|0|||3|3|0|1|1|132|50|["132,210,2,2144","132,82,5","132,50,5"]|636148156944610000|14:08:14:461
62|1.1|636147913927200308|76d24d|50899.4375|7.91097052874|101.96561094036|134524|-639054||50899.4375|370||36731.25|367.75|50899.4375|76d24d|TGW2109|0|2630|0|||3|3|0|1|1|132|51|["132,210,2,2144","132,82,5","132,50,5"]|636148156994380000|14:08:19:438
62|1.1|636147913977125300|76d24d|50904.4375|7.90026316638|101.96779961964|134771|-640241||50904.4375|370||36681.25|367.75|50904.4375|76d24d|TGW2109|0|2630|0|||3|3|0|1|1|132|51|["132,210,2,2144","132,82,5","132,50,5"]|636148157044380000|14:08:24:438
62|1.1|636147914027050292|76d24d|50909.421875|7.8897060075|101.96987564631|135005|-641411||50909.421875|370||36706.25|367.75|50909.421875|76d24d|TGW2109|0|2630|0|||3|3|0|1|1|132|50|["132,210,2,2144","132,82,5","132,50,5"]|636148157094220000|14:08:29:422
62|1.1|636147914076965283|76d24d|50914.421875|7.87920785713|101.97193557975|135238|-642574||50914.421875|370||36750|367.75|50914.421875|76d24d|TGW2109|0|2630|0|||3|3|0|1|1|132|50|["132,210,2,2144","132,82,5","132,50,5"]|636148157144220000|14:08:34:422
62|1.1|636147914126890275|76d24d|50919.421875|7.86870970676|101.97404915729|135476|-643737||50919.421875|370||36762.5|367.75|50919.421875|76d24d|TGW2109|0|2630|0|||3|3|0|1|1|132|50|["132,210,2,2144","132,82,5","132,50,5"]|636148157194220000|14:08:39:422
62|1.1|636147914176805266|76d24d|50924.3984375|7.8581632767|101.97615200601|135713|-644906||50924.3984375|370||36762.5|367.75|50924.3984375|76d24d|TGW2109|0|2630|0|||3|3|0|1|1|132|50|["132,210,2,2144","132,82,5","132,50,5"]|636148157243980000|14:08:44:398
62|1.1|636147914226730258|76d24d|50929.3984375|7.84766512633|101.97827631237|135953|-646069||50929.3984375|370||36768.75|367.75|50929.3984375|76d24d|TGW2109|0|2630|0|||3|3|0|1|1|132|50|["132,210,2,2144","132,82,5","132,50,5"]|636148157293980000|14:08:49:398
62|1.1|636147914276655250|76d24d|50934.375|7.83716697596|101.98036306786|136189|-647232||50934.375|370||36768.75|367.75|50934.375|76d24d|TGW2109|0|2630|0|||3|3|0|1|1|132|83|["132,210,2,2144","132,82,5","132,50,5"]|636148157343750000|14:08:54:375
62|1.1|636147914326570241|76d24d|50939.375|7.82652398652|101.98248737422|136428|-648411||50939.375|370||36725|367.75|50939.375|76d24d|TGW2109|0|2630|0|||3|3|0|1|1|132|83|["132,210,2,2144","132,82,5","132,50,5"]|636148157393750000|14:08:59:375
62|1.1|636147914376515235|76d24d|50944.375|7.81644962454|101.98427372275|136630|-649528||50944.375|370.25||37037.5|367.75|50944.375|76d24d|TGW2109|0|2630|0|||3|3|0|1|1|132|83|["132,210,2,2144","132,82,5","132,50,5"]|636148157443750000|14:09:04:375
62|1.1|636147914426420225|76d24d|50949.359375|7.80589783007|101.98634974942|136864|-650697||50949.359375|370||37043.75|367.75|50949.359375|76d24d|TGW2109|0|2630|0|||3|3|0|1|1|132|51|["132,210,2,2144","132,82,5","132,50,5"]|636148157493590000|14:09:09:359
62|1.1|636147914476335216|76d24d|50954.359375|7.79620970561|101.98833994553|137089|-651770||50954.359375|370||37087.5|367.75|50954.359375|76d24d|TGW2109|0|2630|0|||3|3|0|1|1|132|210|["132,210,2,2144","132,82,5","132,50,5"]|636148157543590000|14:09:14:359
62|1.1|636147914526260208|76d24d|50959.3359375|7.78601732661|101.9903623281|137317|-652900||50959.3359375|370||37043.75|367.75|50959.3359375|76d24d|TGW2109|0|2630|0|||3|3|0|1|1|132|83|["132,210,2,2144","132,50,5"]|636148157593360000|14:09:19:336
62|1.1|636147914576185200|76d24d|50964.3359375|7.77402787026|101.99263683794|137574|-654229||50964.3359375|370||37000|367.75|50964.3359375|76d24d|TGW2109|0|2630|0|||3|3|0|1|1|132|50|["132,210,2,2144","132,50,5"]|636148157643360000|14:09:24:336
62|1.1|636147914626100191|76d24d|50969.3359375|7.76376038952|101.99477723753|137815|-655366||50969.3359375|370||36993.75|367.75|50969.3359375|76d24d|TGW2109|0|2630|0|||3|3|0|1|1|132|50|["132,210,2,2144","132,50,5"]|636148157693360000|14:09:29:336
62|1.1|636147914676025183|76d24d|50974.3203125|7.7540400786|101.99678889128|138043|-656443||50974.3203125|370.25||37012.5|367.75|50974.3203125|76d24d|TGW2109|0|2630|0|||3|3|0|1|1|132|50|["132,210,2,2144","132,50,5"]|636148157743200000|14:09:34:320
62|1.1|636147914725950175|76d24d|50979.3203125|7.74398180985|101.9988380959|138274|-657558||50979.3203125|370||37037.5|367.75|50979.3203125|76d24d|TGW2109|0|2630|0|||3|3|0|1|1|132|50|["132,210,2,2144","132,50,5"]|636148157793200000|14:09:39:320
62|1.1|636147914775865166|76d24d|50984.296875|7.73282920146|102.00097849549|138515|-658794||50984.296875|370||36993.75|367.75|50984.296875|76d24d|TGW2109|0|2630|0|||3|3|0|1|1|132|83|["132,210,2,2144","132,50,5"]|636148157842970000|14:09:44:297
62|1.1|636147914825790158|76d24d|50989.296875|7.72235787314|102.00318863241|138765|-659954||50989.296875|370||36975|367.75|50989.296875|76d24d|TGW2109|0|2630|0|||3|3|0|1|1|132|50|["132,210,2,2144","132,50,5"]|636148157892970000|14:09:49:297
62|1.1|636147914875715150|76d24d|50994.296875|7.71186508718|102.00544704902|139019|-661117||50994.296875|370||36956.25|367.75|50994.296875|76d24d|TGW2109|0|2630|0|||3|3|0|1|1|132|50|["132,210,2,2144","132,50,5"]|636148157942970000|14:09:54:297
62|1.1|636147914925630141|76d24d|50999.28125|7.702219878|102.00712610935|139209|-662186||50999.28125|370.25||37031.25|368|50999.28125|76d24d|TGW2109|0|2630|0|||3|3|0|1|1|132|51|["132,210,2,2144","132,50,5"]|636148157992810000|14:09:59:281
62|1.1|636147914975555133|76d24d|51004.28125|7.69109409166|102.00928260217|139453|-663419||51004.28125|370.25||37018.75|368|51004.28125|76d24d|TGW2109|0|2630|0|||3|3|0|1|1|132|51|["132,210,2,2144","132,50,5"]|636148158042810000|14:10:04:281
62|1.1|636147915025480125|76d24d|51009.2578125|7.68063349216|102.01146055263|139699|-664578||51009.2578125|370.25||37018.75|368|51009.2578125|76d24d|TGW2109|0|2630|0|||3|3|0|1|1|132|50|["132,210,2,2144","132,82,5","132,50,5"]|636148158092580000|14:10:09:258
62|1.1|636147915075395116|76d24d|51014.2578125|7.66913756153|102.01362777427|139944|-665852||51014.2578125|370||36968.75|368|51014.2578125|76d24d|TGW2109|0|2630|0|||3|3|0|1|1|132|50|["132,210,2,2144","132,82,5","132,50,5"]|636148158142580000|14:10:14:258
62|1.1|636147915125320108|76d24d|51019.2578125|7.65874133495|102.01569307212|140177|-667004||51019.2578125|370||36993.75|367.75|51019.2578125|76d24d|TGW2109|0|2630|0|||3|3|0|1|1|132|83|["132,210,2,2144","132,82,5","132,50,5"]|636148158192580000|14:10:19:258
62|1.1|636147915175245100|76d24d|51024.2421875|7.64898883757|102.01769936146|140403|-668085||51024.2421875|370||37018.75|367.75|51024.2421875|76d24d|TGW2109|0|2630|0|||3|3|0|1|1|132|210|["132,210,2,2144","132,82,5","132,50,5"]|636148158242420000|14:10:24:242
62|1.1|636147915225170092|76d24d|51029.2421875|7.63881791621|102.01966809993|140626|-669212||51029.2421875|370||37012.5|367.75|51029.2421875|76d24d|TGW2109|0|2630|0|||3|3|0|1|1|132|51|["132,210,2,2144","132,82,5","132,50,5"]|636148158292420000|14:10:29:242
62|1.1|636147915275085083|76d24d|51034.21875|7.62857189311|102.02168511809|140854|-670348||51034.21875|370||37000|367.75|51034.21875|76d24d|TGW2109|0|2630|0|||3|3|0|1|1|132|210|["132,210,2,2144","132,82,5","132,50,5"]|636148158342190000|14:10:34:219
62|1.1|636147915325010075|76d24d|51039.21875|7.61774114932|102.02380942445|141094|-671548||51039.21875|370||36993.75|367.75|51039.21875|76d24d|TGW2109|0|2630|0|||3|3|0|1|1|132|51|["132,210,2,2144","132,82,5","132,50,5"]|636148158392190000|14:10:39:219
62|1.1|636147915374935067|76d24d|51044.21875|7.60784381287|102.02581034938|141320|-672645||51044.21875|370||37018.75|367.75|51044.21875|76d24d|TGW2109|0|2630|0|||3|3|0|1|1|132|51|["132,210,2,2144","132,82,5","132,50,5"]|636148158442190000|14:10:44:219
62|1.1|636147915424850058|76d24d|51049.1953125|7.59758169654|102.02792929133|141559|-673782||51049.1953125|370||37037.5|367.75|51049.1953125|76d24d|TGW2109|0|2630|0|||3|3|0|1|1|132|210|["132,210,2,2144","132,82,5","132,50,5"]|636148158491950000|14:10:49:195
62|1.1|636147915474775050|76d24d|51054.1953125|7.58569416398|102.03024135204|141820|-675100||51054.1953125|370||36950|367.75|51054.1953125|76d24d|TGW2109|0|2630|0|||3|3|0|1|1|132|50|["132,210,2,2144","132,82,5","132,50,5"]|636148158541950000|14:10:54:195
62|1.1|636147915524690041|76d24d|51059.1796875|7.57523356448|102.03245148896|142070|-676259||51059.1796875|370||36912.5|367.75|51059.1796875|76d24d|TGW2109|0|2630|0|||3|3|0|1|1|132|50|["132,210,2,2144","132,82,5","132,50,5"]|636148158591800000|14:10:59:180
62|1.1|636147915574625034|76d24d|51064.1796875|7.56562590617|102.03442559184|142293|-677324||51064.1796875|370||37012.5|367.75|51064.1796875|76d24d|TGW2109|0|2630|0|||3|3|0|1|1|132|50|["132,210,2,2144","132,82,5","132,50,5"]|636148158641800000|14:11:04:180
