62|1.1|636147897419039657|7802ba|49248.65625|19.4777435572|103.65035754496|305460|643722||49248.65625|330||32993.75|330|49248.65625|7802ba|CQH8746|0|2073|0|||3|3|0|1|1|132|147|["132,178,5,1536","132,146,5,1713"]|636148140486560000|13:40:48:656
62|1.1|636147897468964649|7802ba|49253.640625|19.48598329096|103.6582646853|306280|644648||49253.640625|330||32981.25|330|49253.640625|7802ba|CQH8746|0|2073|0|||3|3|0|1|1|132|147|["132,178,5,1536","132,146,5,1713"]|636148140536410000|13:40:53:641
62|1.1|636147897518879640|7802ba|49258.640625|19.49478628777|103.66491118929|306965|645636||49258.640625|330||32981.25|330|49258.640625|7802ba|CQH8746|0|2073|0|||3|3|0|1|1|132|146|["132,178,5,1536","132,146,5,1713"]|636148140586410000|13:40:58:641
62|1.1|636147897568794631|7802ba|49263.6171875|19.50354100489|103.66992154823|307478|646616||49263.6171875|330||33018.75|330|49263.6171875|7802ba|CQH8746|0|2073|0|||3|3|0|1|1|132|146|["132,178,5,1536","132,146,5,1713"]|636148140636170000|13:41:03:617
62|1.1|636147897618729624|7802ba|49268.6171875|19.51134085703|103.67583849246|308089|647491||49268.6171875|330||33037.5|330|49268.6171875|7802ba|CQH8746|0|2073|0|||3|3|0|1|1|132|146|["132,178,5,1536","132,146,5,1713"]|636148140686170000|13:41:08:617
62|1.1|636147897668644615|7802ba|49273.6171875|19.52083049832|103.68303753068|308832|648556||49273.6171875|330||32993.75|330|49273.6171875|7802ba|CQH8746|0|2073|0|||3|3|0|1|1|132|147|["132,178,5,1536","132,146,5,1713"]|636148140736170000|13:41:13:617
62|1.1|636147897718579608|7802ba|49278.6015625|19.52962813072|103.68963039057|309511|649543||49278.6015625|330||32993.75|330|49278.6015625|7802ba|CQH8746|0|2073|0|||3|3|0|1|1|132|146|["132,178,5,1536","132,146,5,1713"]|636148140786020000|13:41:18:602
62|1.1|636147897768484598|7802ba|49283.6015625|19.53853841573|103.69628225897|310197|650543||49283.6015625|330||32987.5|330|49283.6015625|7802ba|CQH8746|0|2073|0|||3|3|0|1|1|132|146|["132,178,5,1536","132,146,5,1713"]|636148140836020000|13:41:23:602
62|1.1|636147897818409590|7802ba|49288.578125|19.54750770925|103.70298240706|310888|651549||49288.578125|330||32981.25|330|49288.578125|7802ba|CQH8746|0|2073|0|||3|3|0|1|1|132|146|["132,178,5,1536","132,146,5,1713"]|636148140885780000|13:41:28:578
62|1.1|636147897868344583|7802ba|49293.578125|19.55590837531|103.71020290292|311634|652493||49293.578125|330||33000|330|49293.578125|7802ba|CQH8746|0|2073|0|||3|3|0|1|1|132|146|["132,178,5,1536","132,146,5,1713"]|636148140935780000|13:41:33:578
62|1.1|636147897918249573|7802ba|49298.578125|19.56451288895|103.71712299182|312348|653460||49298.578125|330||33006.25|330|49298.578125|7802ba|CQH8746|0|2073|0|||3|3|0|1|1|132|147|["132,178,5,1536","132,146,5,1713"]|636148140985780000|13:41:38:578
62|1.1|636147897968184566|7802ba|49303.5625|19.57265606333|103.72356564823|313013|654374||49303.5625|330||33018.75|330|49303.5625|7802ba|CQH8746|0|2073|0|||3|3|0|1|1|132|146|["132,178,5,1536","132,146,5,1713"]|636148141035630000|13:41:43:563
62|1.1|636147898018099557|7802ba|49308.5625|19.58038081373|103.729450406|313620|655241||49308.5625|330||33025|330|49308.5625|7802ba|CQH8746|0|2073|0|||3|3|0|1|1|132|147|["132,178,5,1536","132,146,5,1713"]|636148141085630000|13:41:48:563
62|1.1|636147898068014548|7802ba|49313.5390625|19.58852398811|103.73576968098|314271|656155||49313.5390625|330||33018.75|330|49313.5390625|7802ba|CQH8746|0|2073|0|||3|3|0|1|1|132|146|["132,178,5,1536","132,146,5,1713"]|636148141135390000|13:41:53:539
62|1.1|636147898117939540|7802ba|49318.5390625|19.59716068821|103.74239472733|314954|657125||49318.5390625|330||33006.25|330|49318.5390625|7802ba|CQH8746|0|2073|0|||3|3|0|1|1|132|146|["132,178,5,1536","132,146,5,1713"]|636148141185390000|13:41:58:539
62|1.1|636147898167874533|7802ba|49323.5390625|19.60606560881|103.74925580772|315662|658124||49323.5390625|330||32993.75|330|49323.5390625|7802ba|CQH8746|0|2073|0|||3|3|0|1|1|132|146|["132,178,5,1536","132,146,5,1713"]|636148141235390000|13:42:03:539
62|1.1|636147898217799525|7802ba|49328.515625|19.61564644507|103.75662650706|316421|659200||49328.515625|330||32981.25|330|49328.515625|7802ba|CQH8746|0|2073|0|||3|3|0|1|1|132|147|["132,178,5,1536","132,146,5,1713"]|636148141285160000|13:42:08:516
62|1.1|636147898267714516|7802ba|49333.515625|19.62412221287|103.76321936695|317101|660152||49333.515625|330||32993.75|330|49333.515625|7802ba|CQH8746|0|2073|0|||3|3|0|1|1|132|147|["132,178,5,1536","132,146,5,1713"]|636148141335160000|13:42:13:516
62|1.1|636147898317639508|7802ba|49338.5|19.6328286503|103.76996779473|317796|661130||49338.5|330||32993.75|330|49338.5|7802ba|CQH8746|0|2073|0|||3|3|0|1|1|132|146|["132,178,5,1536","132,146,5,1713"]|636148141385000000|13:42:18:500
62|1.1|636147898367574501|7802ba|49343.5|19.64254359681|103.77741359581|318563|662220||49343.5|330||32975|330|49343.5|7802ba|CQH8746|0|2073|0|||3|3|0|1|1|132|146|["132,178,5,1536","132,146,5,1713"]|636148141435000000|13:42:23:500
62|1.1|636147898417469490|7802ba|49348.5|19.65196350077|103.78469846459|319314|663278||49348.5|330||32975|330|49348.5|7802ba|CQH8746|0|2073|0|||3|3|0|1|1|132|146|["132,178,5,1536","132,146,5,1713"]|636148141485000000|13:42:28:500
62|1.1|636147898467394482|7802ba|49353.4765625|19.66130293858|103.79198869778|320065|664327||49353.4765625|330||32981.25|330|49353.4765625|7802ba|CQH8746|0|2073|0|||3|3|0|1|1|132|146|["132,178,5,1536","132,146,5,1713"]|636148141534770000|13:42:33:477
62|1.1|636147898517319474|7802ba|49358.4765625|19.66865218028|103.79791637083|320676|665153||49358.4765625|330||33037.5|330|49358.4765625|7802ba|CQH8746|0|2073|0|||3|3|0|1|1|132|146|["132,178,5,1536","132,146,5,1713"]|636148141584770000|13:42:38:477
62|1.1|636147898567234465|7802ba|49363.4609375|19.67726205833|103.80463797656|321369|666120||49363.4609375|330||33050|330|49363.4609375|7802ba|CQH8746|0|2073|0|||3|3|0|1|1|132|146|["132,178,5,1536","132,146,5,1713"]|636148141634610000|13:42:43:461
62|1.1|636147898617159457|7802ba|49368.4609375|19.68545887681|103.81094652272|322019|667040||49368.4609375|330||33018.75|330|49368.4609375|7802ba|CQH8746|0|2073|0|||3|3|0|1|1|132|146|["132,178,5,1536","132,146,5,1713"]|636148141684610000|13:42:48:461
62|1.1|636147898667084449|7802ba|49373.4609375|19.6950558063|103.81831185765|322777|668118||49373.4609375|330||32993.75|330|49373.4609375|7802ba|CQH8746|0|2073|0|||3|3|0|1|1|132|146|["132,178,5,1536","132,146,5,1713"]|636148141734610000|13:42:53:461
62|1.1|636147898716999440|7802ba|49378.4375|19.70391781162|103.82516757363|323483|669114||49378.4375|330||32987.5|330|49378.4375|7802ba|CQH8746|0|2073|0|||3|3|0|1|1|132|146|["132,178,5,1536","132,146,5,1713"]|636148141784380000|13:42:58:438
62|1.1|636147898766944434|7802ba|49383.4375|19.71260815582|103.83193745905|324180|670089||49383.4375|330||32993.75|330|49383.4375|7802ba|CQH8746|0|2073|0|||3|3|0|1|1|132|146|["132,178,5,1536","132,146,5,1713"]|636148141834380000|13:43:03:438
62|1.1|636147898816849424|7802ba|49388.421875|19.72034363504|103.83804215763|324809|670959||49388.421875|330||33025|330|49388.421875|7802ba|CQH8746|0|2073|0|||3|3|0|1|1|132|146|["132,178,5,1536","132,146,5,1713"]|636148141884220000|13:43:08:422
62|1.1|636147898866764415|7802ba|49393.421875|19.72987619161|103.84535921287|325562|672029||49393.421875|330||32993.75|330|49393.421875|7802ba|CQH8746|0|2073|0|||3|3|0|1|1|132|147|["132,178,5,1536","132,146,5,1713"]|636148141934220000|13:43:13:422
62|1.1|636147898916689407|7802ba|49398.421875|19.73917807855|103.85255825109|326303|673074||49398.421875|330||32987.5|330|49398.421875|7802ba|CQH8746|0|2073|0|||3|3|0|1|1|132|147|["132,178,5,1536","132,146,5,1713"]|636148141984220000|13:43:18:422
62|1.1|636147898966604398|7802ba|49403.3984375|19.74651659143|103.85845373768|326910|673900||49403.3984375|330||33012.5|330|49403.3984375|7802ba|CQH8746|0|2073|0|||3|3|0|1|1|132|147|["132,178,5,1536","132,146,5,1713"]|636148142033980000|13:43:23:398
62|1.1|636147899016539391|7802ba|49408.3984375|19.75507282538|103.86520216546|327605|674860||49408.3984375|330||33037.5|330|49408.3984375|7802ba|CQH8746|0|2073|0|||3|3|0|1|1|132|146|["132,178,5,1536","132,146,5,1713"]|636148142083980000|13:43:28:398
62|1.1|636147899066474384|7802ba|49413.375|19.76441226319|103.8723046443|328336|675910||49413.375|330||33000|330|49413.375|7802ba|CQH8746|0|2073|0|||3|3|0|1|1|132|146|["132,178,5,1536","132,146,5,1713"]|636148142133750000|13:43:33:375
62|1.1|636147899116369373|7802ba|49418.375|19.77317770913|103.87913890264|329039|676895||49418.375|330||33000|330|49418.375|7802ba|CQH8746|0|2073|0|||3|3|0|1|1|132|146|["132,178,5,1536","132,146,5,1713"]|636148142183750000|13:43:38:375
62|1.1|636147899166294365|7802ba|49423.375|19.78308040999|103.8867349072|329821|678007||49423.375|330||32975|330|49423.375|7802ba|CQH8746|0|2073|0|||3|3|0|1|1|132|146|["132,178,5,1536","132,146,5,1713"]|636148142233750000|13:43:43:375
62|1.1|636147899216209356|7802ba|49428.359375|19.79017752442|103.89243191062|330407|678805||49428.359375|330||33025|330|49428.359375|7802ba|CQH8746|0|2073|0|||3|3|0|1|1|132|146|["132,178,5,1536","132,146,5,1713"]|636148142283590000|13:43:48:359
62|1.1|636147899266144349|7802ba|49433.359375|19.79811148681|103.89856343125|331038|679697||49433.359375|330||33012.5|330|49433.359375|7802ba|CQH8746|0|2073|0|||3|3|0|1|1|132|147|["132,178,4,1536","132,146,5,1713"]|636148142333590000|13:43:53:359
62|1.1|636147899316059340|7802ba|49438.3359375|19.80701640741|103.90540841841|331742|680697||49438.3359375|330||33000|330|49438.3359375|7802ba|CQH8746|0|2073|0|||3|3|0|1|1|132|146|["132,178,4,1536","132,146,5,1713"]|636148142383360000|13:43:58:336
62|1.1|636147899365984332|7802ba|49443.3359375|19.81647922665|103.91268255837|332490|681761||49443.3359375|330||32975|330|49443.3359375|7802ba|CQH8746|0|2073|0|||3|3|0|1|1|132|146|["132,178,5,1856","132,146,5,1713"]|636148142433360000|13:44:03:336
62|1.1|636147899415899323|7802ba|49448.3359375|19.82619953757|103.9201551815|333258|682853||49448.3359375|330||32962.5|330|49448.3359375|7802ba|CQH8746|0|2073|0|||3|3|0|1|1|132|146|["132,178,5,1856","132,146,5,1713"]|636148142483360000|13:44:08:336
62|1.1|636147899465834316|7802ba|49453.3203125|19.83395647443|103.92635643946|333896|683725||49453.3203125|330.25||33012.5|330|49453.3203125|7802ba|CQH8746|0|2073|0|||3|3|0|1|1|132|146|["132,178,5,1856","132,146,5,1713"]|636148142533200000|13:44:13:320
62|1.1|636147899515749307|7802ba|49458.3203125|19.84270046273|103.93315314693|334595|684708||49458.3203125|330.25||33018.75|330|49458.3203125|7802ba|CQH8746|0|2073|0|||3|3|0|1|1|132|146|["132,178,5,1856","132,146,5,1713"]|636148142583200000|13:44:18:320
62|1.1|636147899565664298|7802ba|49463.296875|19.85242077365|103.94059894801|335360|685800||49463.296875|330.25||33018.75|330|49463.296875|7802ba|CQH8746|0|2073|0|||3|3|0|1|1|132|146|["132,178,5,1856","132,146,5,1713"]|636148142632970000|13:44:23:297
62|1.1|636147899615589290|7802ba|49468.296875|19.86147053332|103.94759413865|336079|686817||49468.296875|330.25||33025|330|49468.296875|7802ba|CQH8746|0|2073|0|||3|3|0|1|1|132|146|["132,178,5,1856","132,146,5,1713"]|636148142682970000|13:44:28:297
62|1.1|636147899665514282|7802ba|49473.296875|19.87054711504|103.95456787165|336796|687837||49473.296875|330.25||33031.25|330|49473.296875|7802ba|CQH8746|0|2073|0|||3|3|0|1|1|132|146|["132,178,5,1856","132,146,5,1713"]|636148142732970000|13:44:33:297
62|1.1|636147899715439274|7802ba|49478.28125|19.8795378662|103.96148796055|337507|688848||49478.28125|330.25||33037.5|330|49478.28125|7802ba|CQH8746|0|2073|0|||3|3|0|1|1|132|146|["132,178,4,1856","132,146,5,1713"]|636148142782810000|13:44:38:281
62|1.1|636147899765354265|7802ba|49483.28125|19.88757375238|103.96800035429|338177|689752||49483.28125|330||33006.25|330|49483.28125|7802ba|CQH8746|0|2073|0|||3|3|0|1|1|132|146|["132,178,4,1856","132,146,5,1713"]|636148142832810000|13:44:43:281
62|1.1|636147899815279257|7802ba|49488.2578125|19.89648403739|103.97501700257|338898|690754||49488.2578125|330.25||33025|330|49488.2578125|7802ba|CQH8746|0|2073|0|||3|3|0|1|1|132|146|["132,178,4,1856","132,146,5,1713"]|636148142882580000|13:44:48:258
62|1.1|636147899865194248|7802ba|49493.2578125|19.9054479665|103.98201755762|339618|691762||49493.2578125|330.25||33006.25|330|49493.2578125|7802ba|CQH8746|0|2073|0|||3|3|0|1|1|132|146|["132,178,4,1856","132,146,5,1713"]|636148142932580000|13:44:53:258
62|1.1|636147899915119240|7802ba|49498.2578125|19.91404175132|103.98874989217|340310|692728||49498.2578125|330||33006.25|330|49498.2578125|7802ba|CQH8746|0|2073|0|||3|3|0|1|1|132|147|["132,178,4,1856","132,146,5,1713"]|636148142982580000|13:44:58:258
62|1.1|636147899965044232|7802ba|49503.2421875|19.92247996825|103.99535884529|340988|693676||49503.2421875|330||33006.25|330|49503.2421875|7802ba|CQH8746|0|2073|0|||3|3|0|1|1|132|147|["132,178,4,1856","132,146,5,1713"]|636148143032420000|13:45:03:242
62|1.1|636147900014959223|7802ba|49508.2421875|19.93026909157|104.00148500151|341618|694553||49508.2421875|330||33025|330|49508.2421875|7802ba|CQH8746|0|2073|0|||3|3|0|1|1|132|146|["132,146,5,1713"]|636148143082420000|13:45:08:242
62|1.1|636147900064884215|7802ba|49513.21875|19.93958170733|104.00859284476|342348|695600||49513.21875|330||32993.75|330|49513.21875|7802ba|CQH8746|0|2073|0|||3|3|0|1|1|132|146|["132,146,5,1713"]|636148143132190000|13:45:13:219
62|1.1|636147900114809207|7802ba|49518.21875|19.94896406042|104.01581870503|343090|696655||49518.21875|330||32981.25|330|49518.21875|7802ba|CQH8746|0|2073|0|||3|3|0|1|1|132|146|["132,178,4,1856","132,146,5,1713"]|636148143182190000|13:45:18:219
62|1.1|636147900164734199|7802ba|49523.21875|19.95728426033|104.02238474287|343764|697590||49523.21875|330||33000|330|49523.21875|7802ba|CQH8746|0|2073|0|||3|3|0|1|1|132|146|["132,178,4,1856","132,146,5,1713"]|636148143232190000|13:45:23:219
62|1.1|636147900214649190|7802ba|49528.1953125|19.96587268074|104.02906879773|344451|698556||49528.1953125|330||33006.25|330|49528.1953125|7802ba|CQH8746|0|2073|0|||3|3|0|1|1|132|146|["132,178,4,1856","132,146,5,1713"]|636148143281950000|13:45:28:195
62|1.1|636147900264574182|7802ba|49533.1953125|19.97387638046|104.03538807271|345100|699456||49533.1953125|330||33012.5|330|49533.1953125|7802ba|CQH8746|0|2073|0|||3|3|0|1|1|132|146|["132,178,4,1856","132,146,5,1713"]|636148143331950000|13:45:33:195
62|1.1|636147900314489173|7802ba|49538.1796875|19.98370397958|104.04293043317|345874|700561||49538.1796875|330||32987.5|330|49538.1796875|7802ba|CQH8746|0|2073|0|||3|3|0|1|1|132|147|["132,178,4,1856","132,146,5,1713"]|636148143381800000|13:45:38:180
62|1.1|636147900364414165|7802ba|49543.1796875|19.99207245918|104.04951256424|346550|701503||49543.1796875|330||33006.25|330|49543.1796875|7802ba|CQH8746|0|2073|0|||3|3|0|1|1|132|146|["132,178,4,1856","132,146,5,1713"]|636148143431800000|13:45:43:180
62|1.1|636147900414339157|7802ba|49548.1796875|19.99947534498|104.05549388139|347164|702336||49548.1796875|330||33031.25|330|49548.1796875|7802ba|CQH8746|0|2073|0|||3|3|0|1|1|132|146|["132,178,4,1856","132,146,5,1713"]|636148143481800000|13:45:48:180
62|1.1|636147900464254148|7802ba|49553.15625|20.00782773135|104.06196335985|347828|703275||49553.15625|330||33018.75|330|49553.15625|7802ba|CQH8746|0|2073|0|||3|3|0|1|1|132|146|["132,146,5,1713"]|636148143531560000|13:45:53:156
62|1.1|636147900514179140|7802ba|49558.15625|20.01660390611|104.06873324527|348523|704262||49558.15625|330||32993.75|330|49558.15625|7802ba|CQH8746|0|2073|0|||3|3|0|1|1|132|146|["132,146,5,1713"]|636148143581560000|13:45:58:156
62|1.1|636147900564104132|7802ba|49563.140625|20.02688211567|104.07662429238|349332|705419||49563.140625|330||32975|330|49563.140625|7802ba|CQH8746|0|2073|0|||3|3|0|1|1|132|147|["132,146,5,1713"]|636148143631410000|13:46:03:141
62|1.1|636147900614019123|7802ba|49568.140625|20.03595333298|104.08360338979|350048|706439||49568.140625|330||32943.75|330|49568.140625|7802ba|CQH8746|0|2073|0|||3|3|0|1|1|132|146|["132,146,5,1713"]|636148143681410000|13:46:08:141
62|1.1|636147900663954116|7802ba|49573.140625|20.04351715108|104.08979928334|350684|707290||49573.140625|330||33006.25|330|49573.140625|7802ba|CQH8746|0|2073|0|||3|3|0|1|1|132|146|["132,146,5,1713"]|636148143731410000|13:46:13:141
62|1.1|636147900713869107|7802ba|49578.1171875|20.05204656298|104.09654771112|351377|708250||49578.1171875|330||33025|330|49578.1171875|7802ba|CQH8746|0|2073|0|||3|3|0|1|1|132|146|["132,146,5,1713"]|636148143781170000|13:46:18:117
62|1.1|636147900763794099|7802ba|49583.1171875|20.06069935631|104.10326395244|352066|709223||49583.1171875|330||33012.5|330|49583.1171875|7802ba|CQH8746|0|2073|0|||3|3|0|1|1|132|146|["132,146,5,1713"]|636148143831170000|13:46:23:117
62|1.1|636147900813699089|7802ba|49588.1015625|20.0706181504|104.11088677905|352848|710339||49588.1015625|330||32981.25|330|49588.1015625|7802ba|CQH8746|0|2073|0|||3|3|0|1|1|132|146|["132,146,5,1713"]|636148143881020000|13:46:28:102
62|1.1|636147900863624081|7802ba|49593.1015625|20.07983420678|104.11814482578|353592|711376||49593.1015625|330||32993.75|330|49593.1015625|7802ba|CQH8746|0|2073|0|||3|3|0|1|1|132|147|["132,146,5,1713"]|636148143931020000|13:46:33:102
62|1.1|636147900913399058|7802ba|49598.1015625|20.08871766974|104.12510782996|354306|712376||49598.1015625|330||33000|330|49598.1015625|7802ba|CQH8746|0|2073|0|||3|3|0|1|1|132|146|["132,146,5,1713"]|636148143981020000|13:46:38:102
62|1.1|636147900966434361|7802ba|49603.3984375|20.09691448822|104.13169532544|354982|713299||49603.3984375|330||33031.25|330|49603.3984375|7802ba|CQH8746|0|2073|0|||3|3|0|1|1|132|146|["132,146,5,1713"]|636148144033980000|13:46:43:398
62|1.1|636147901016509368|7802ba|49608.375|20.10518640844|104.13819162595|355648|714230||49608.375|330||33025|330|49608.375|7802ba|CQH8746|0|2073|0|||3|3|0|1|1|132|146|["132,146,5,1713"]|636148144083750000|13:46:48:375
62|1.1|636147901066284345|7802ba|49613.375|20.1141235155|104.14501515547|356347|715235||49613.375|330||32993.75|330|49613.375|7802ba|CQH8746|0|2073|0|||3|3|0|1|1|132|147|["132,146,5,1713"]|636148144133750000|13:46:53:375
62|1.1|636147901116359352|7802ba|49618.375|20.12276558001|104.15175285443|357038|716208||49618.375|330||32993.75|330|49618.375|7802ba|CQH8746|0|2073|0|||3|3|0|1|1|132|147|["132,146,5,1713"]|636148144183750000|13:46:58:375
62|1.1|636147901166124328|7802ba|49623.359375|20.13228204335|104.15906454526|357787|717278||49623.359375|330||32975|330|49623.359375|7802ba|CQH8746|0|2073|0|||3|3|0|1|1|132|146|["132,146,5,1713"]|636148144233590000|13:47:03:359
62|1.1|636147901216049320|7802ba|49628.359375|20.14165903203|104.16637087168|358536|718334||49628.359375|330||32981.25|330|49628.359375|7802ba|CQH8746|0|2073|0|||3|3|0|1|1|132|146|["132,146,5,1713"]|636148144283590000|13:47:08:359
62|1.1|636147901265964311|7802ba|49633.3359375|20.15090727487|104.17360209636|359277|719375||49633.3359375|330||32981.25|330|49633.3359375|7802ba|CQH8746|0|2073|0|||3|3|0|1|1|132|146|["132,146,5,1713"]|636148144333360000|13:47:13:336
62|1.1|636147901315889303|7802ba|49638.3359375|20.15861593204|104.17985163401|359918|720243||49638.3359375|330||33012.5|330|49638.3359375|7802ba|CQH8746|0|2073|0|||3|3|0|1|1|132|147|["132,146,5,1713"]|636148144383360000|13:47:18:336
62|1.1|636147901365804294|7802ba|49643.3359375|20.16737601357|104.1867127144|360621|721229||49643.3359375|330||33012.5|330|49643.3359375|7802ba|CQH8746|0|2073|0|||3|3|0|1|1|132|146|["132,146,5,1713"]|636148144433360000|13:47:23:336
62|1.1|636147901415739287|7802ba|49648.3203125|20.17630239181|104.19369717622|361337|722234||49648.3203125|330||33000|330|49648.3203125|7802ba|CQH8746|0|2073|0|||3|3|0|1|1|132|146|["132,146,5,1713"]|636148144483200000|13:47:28:320
62|1.1|636147901465644277|7802ba|49653.3203125|20.18529850738|104.20073528214|362057|723247||49653.3203125|330||32993.75|330|49653.3203125|7802ba|CQH8746|0|2073|0|||3|3|0|1|1|132|146|["132,146,5,1713"]|636148144533200000|13:47:33:320
62|1.1|636147901515569269|7802ba|49658.296875|20.19329684269|104.20707065035|362707|724147||49658.296875|330||33012.5|330|49658.296875|7802ba|CQH8746|0|2073|0|||3|3|0|1|1|132|146|["132,146,5,1713"]|636148144582970000|13:47:38:297
62|1.1|636147901565494261|7802ba|49663.296875|20.20175115285|104.21368496788|363384|725099||49663.296875|330||33012.5|330|49663.296875|7802ba|CQH8746|0|2073|0|||3|3|0|1|1|132|146|["132,146,5,1713"]|636148144632970000|13:47:43:297
62|1.1|636147901615419253|7802ba|49668.296875|20.21070435314|104.22063187883|364095|726107||49668.296875|330||33000|330|49668.296875|7802ba|CQH8746|0|2073|0|||3|3|0|1|1|132|147|["132,146,5,1713"]|636148144682970000|13:47:48:297
62|1.1|636147901665334244|7802ba|49673.28125|20.2186758664|104.22693506058|364741|727005||49673.28125|330||33012.5|330|49673.28125|7802ba|CQH8746|0|2073|0|||3|3|0|1|1|132|146|["132,146,5,1713"]|636148144732810000|13:47:53:281
62|1.1|636147901715259236|7802ba|49678.28125|20.22716772743|104.23359229339|365423|727961||49678.28125|330||33018.75|330|49678.28125|7802ba|CQH8746|0|2073|0|||3|3|0|1|1|132|146|["132,146,5,1713"]|636148144782810000|13:47:58:281
62|1.1|636147901765184228|7802ba|49683.2578125|20.23737083525|104.24137068789|366219|729110||49683.2578125|330||32968.75|330|49683.2578125|7802ba|CQH8746|0|2073|0|||3|3|0|1|1|132|146|["132,146,5,1713"]|636148144832580000|13:48:03:258
62|1.1|636147901815099219|7802ba|49688.2578125|20.24645278138|104.24840879381|366939|730132||49688.2578125|330||32956.25|330|49688.2578125|7802ba|CQH8746|0|2073|0|||3|3|0|1|1|132|146|["132,146,5,1713"]|636148144882580000|13:48:08:258
62|1.1|636147901865024211|7802ba|49693.2578125|20.25365718401|104.25421844984|367534|730944||49693.2578125|330||33018.75|330|49693.2578125|7802ba|CQH8746|0|2073|0|||3|3|0|1|1|132|146|["132,146,5,1713"]|636148144932580000|13:48:13:258
62|1.1|636147901914949203|7802ba|49698.2421875|20.26227242647|104.26097760644|368226|731914||49698.2421875|330||33025|330|49698.2421875|7802ba|CQH8746|0|2073|0|||3|3|0|1|1|132|146|["132,146,5,1713"]|636148144982420000|13:48:18:242
62|1.1|636147901964874195|7802ba|49703.2421875|20.27138655906|104.26806935646|368952|732940||49703.2421875|330||32993.75|330|49703.2421875|7802ba|CQH8746|0|2073|0|||3|3|0|1|1|132|146|["132,146,5,1713"]|636148145032420000|13:48:23:242
62|1.1|636147902014789186|7802ba|49708.21875|20.28142337017|104.2758155645|369744|734071||49708.21875|330||32968.75|330|49708.21875|7802ba|CQH8746|0|2073|0|||3|3|0|1|1|132|146|["132,146,5,1713"]|636148145082190000|13:48:28:219
62|1.1|636147902064714178|7802ba|49713.21875|20.29024782462|104.28278393309|370457|735065||49713.21875|330||32987.5|330|49713.21875|7802ba|CQH8746|0|2073|0|||3|3|0|1|1|132|146|["132,146,5,1713"]|636148145132190000|13:48:33:219
62|1.1|636147902114639170|7802ba|49718.21875|20.29794575297|104.28900664869|371094|735932||49718.21875|330||33025|330|49718.21875|7802ba|CQH8746|0|2073|0|||3|3|0|1|1|132|146|["132,146,5,1713"]|636148145182190000|13:48:38:219
62|1.1|636147902164564162|7802ba|49723.1953125|20.30611038499|104.29545466951|371754|736852||49723.1953125|330||33025|330|49723.1953125|7802ba|CQH8746|0|2073|0|||3|3|0|1|1|132|146|["132,146,5,1713"]|636148145231950000|13:48:43:195
62|1.1|636147902214479153|7802ba|49728.1953125|20.31578241622|104.30290047059|372515|737941||49728.1953125|330||32993.75|330|49728.1953125|7802ba|CQH8746|0|2073|0|||3|3|0|1|1|132|146|["132,146,5,1713"]|636148145281950000|13:48:48:195
62|1.1|636147902264394144|7802ba|49733.1796875|20.3254812695|104.31039991577|373282|739034||49733.1796875|330||32981.25|330|49733.1796875|7802ba|CQH8746|0|2073|0|||3|3|0|1|1|132|146|["132,146,5,1713"]|636148145331800000|13:48:53:180
62|1.1|636147902314319136|7802ba|49738.1796875|20.33366735916|104.31699814007|373957|739957||49738.1796875|330||33012.5|330|49738.1796875|7802ba|CQH8746|0|2073|0|||3|3|0|1|1|132|147|["132,146,5,1713"]|636148145381800000|13:48:58:180
62|1.1|636147902364244128|7802ba|49743.1796875|20.34233624572|104.32387531369|374661|740933||49743.1796875|330||33031.25|330|49743.1796875|7802ba|CQH8746|0|2073|0|||3|3|0|1|1|132|146|["132,146,5,1713"]|636148145431800000|13:49:03:180
62|1.1|636147902414179121|7802ba|49748.15625|20.35161131061|104.33107971632|375397|741978||49748.15625|330||33006.25|330|49748.15625|7802ba|CQH8746|0|2073|0|||3|3|0|1|1|132|146|["132,146,5,1713"]|636148145481560000|13:49:08:156
62|1.1|636147902464094112|7802ba|49753.15625|20.36048404475|104.3380963646|376115|742978||49753.15625|330||33006.25|330|49753.15625|7802ba|CQH8746|0|2073|0|||3|3|0|1|1|132|146|["132,146,5,1713"]|636148145531560000|13:49:13:156
62|1.1|636147902514009103|7802ba|49758.140625|20.37007560983|104.34548315717|376870|744058||49758.140625|330||32981.25|330|49758.140625|7802ba|CQH8746|0|2073|0|||3|3|0|1|1|132|146|["132,146,5,1713"]|636148145581410000|13:49:18:141
62|1.1|636147902563924094|7802ba|49763.140625|20.3784279962|104.35212966116|377549|745000||49763.140625|330||33006.25|330|49763.140625|7802ba|CQH8746|0|2073|0|||3|3|0|1|1|132|146|["132,146,5,1713"]|636148145631410000|13:49:23:141
62|1.1|636147902613859087|7802ba|49768.140625|20.38606155163|104.35820217328|378170|745860||49768.140625|330.25||33031.25|330|49768.140625|7802ba|CQH8746|0|2073|0|||3|3|0|1|1|132|146|["132,146,5,1713"]|636148145681410000|13:49:28:141
62|1.1|636147902663774078|7802ba|49773.1171875|20.39426373452|104.36468238056|378833|746785||49773.1171875|330.25||33043.75|330|49773.1171875|7802ba|CQH8746|0|2073|0|||3|3|0|1|1|132|146|["132,146,5,1713"]|636148145731170000|13:49:33:117
62|1.1|636147902713689069|7802ba|49778.1171875|20.40292725667|104.3723213004|379615|747763||49778.1171875|330||33006.25|330|49778.1171875|7802ba|CQH8746|0|2073|0|||3|3|0|1|1|132|147|["132,146,5,1713"]|636148145781170000|13:49:38:117
62|1.1|636147902763614061|7802ba|49783.1015625|20.4111508972|104.38012115254|380416|748692||49783.1015625|330||32993.75|330|49783.1015625|7802ba|CQH8746|0|2073|0|||3|3|0|1|1|132|147|["132,146,5,1713"]|636148145831020000|13:49:43:102
62|1.1|636147902813539053|7802ba|49788.1015625|20.41920824102|104.38822677605|381249|749604||49788.1015625|330.25||33000|330|49788.1015625|7802ba|CQH8746|0|2073|0|||3|3|0|1|1|132|146|["132,146,5,1713"]|636148145881020000|13:49:48:102
62|1.1|636147902863464045|7802ba|49793.1015625|20.42592448234|104.39645041658|382097|750367||49793.1015625|330.25||33031.25|330.25|49793.1015625|7802ba|CQH8746|0|2073|0|||3|3|0|1|1|132|146|["132,146,5,1713"]|636148145931020000|13:49:53:102
62|1.1|636147902913379036|7802ba|49798.078125|20.43260317279|104.40722215186|383212|751130||49798.078125|330.25||33000|330|49798.078125|7802ba|CQH8746|0|2073|0|||3|3|0|1|1|132|146|["132,146,5,1713"]|636148145980780000|13:49:58:078
62|1.1|636147902963304028|7802ba|49803.078125|20.43920139709|104.4176505649|384291|751884||49803.078125|330.25||32981.25|330|49803.078125|7802ba|CQH8746|0|2073|0|||3|3|0|1|1|132|146|["132,146,5,1713"]|636148146030780000|13:50:03:078
62|1.1|636147903013219019|7802ba|49808.0625|20.44594446046|104.42793950328|385355|752654||49808.0625|330.25||32975|330|49808.0625|7802ba|CQH8746|0|2073|0|||3|3|0|1|1|132|146|["132,146,5,1713"]|636148146080630000|13:50:08:063
62|1.1|636147903063144011|7802ba|49813.0625|20.4526177865|104.43661375425|386250|753413||49813.0625|330.25||33031.25|330|49813.0625|7802ba|CQH8746|0|2073|0|||3|3|0|1|1|132|146|["132,146,5,1713"]|636148146130630000|13:50:13:063
62|1.1|636147903113079004|7802ba|49818.0625|20.45910335819|104.44563669187|387182|754153||49818.0625|330.25||33031.25|330|49818.0625|7802ba|CQH8746|0|2073|0|||3|3|0|1|1|132|147|["132,146,5,1713"]|636148146180630000|13:50:18:063
62|1.1|636147903162983994|7802ba|49823.0390625|20.46600198945|104.45507268906|388156|754938||49823.0390625|330.25||33025|330|49823.0390625|7802ba|CQH8746|0|2073|0|||3|3|0|1|1|132|146|["132,146,5,1713"]|636148146230390000|13:50:23:039
62|1.1|636147903212908986|7802ba|49828.0390625|20.47233199325|104.46343043984|389018|755659||49828.0390625|330.25||33043.75|330|49828.0390625|7802ba|CQH8746|0|2073|0|||3|3|0|1|1|132|146|["132,146,5,1713"]|636148146280390000|13:50:28:039
62|1.1|636147903262833978|7802ba|49833.015625|20.47893021755|104.47216369932|389919|756410||49833.015625|330.25||33037.5|330|49833.015625|7802ba|CQH8746|0|2073|0|||3|3|0|1|1|132|146|["132,146,5,1713"]|636148146330160000|13:50:33:016
62|1.1|636147903312758970|7802ba|49838.015625|20.48585030645|104.48135829806|390868|757198||49838.015625|330.25||33025|330|49838.015625|7802ba|CQH8746|0|2073|0|||3|3|0|1|1|132|146|["132,146,5,1713"]|636148146380160000|13:50:38:016
62|1.1|636147903362673961|7802ba|49843.015625|20.49295278529|104.49076210879|391838|758006||49843.015625|330.25||33012.5|330|49843.015625|7802ba|CQH8746|0|2073|0|||3|3|0|1|1|132|146|["132,146,5,1713"]|636148146430160000|13:50:43:016
62|1.1|636147903412598953|7802ba|49848|20.4997709504|104.49989233461|392780|758783||49848|330.25||33006.25|330|49848|7802ba|CQH8746|0|2073|0|||3|3|0|1|1|132|146|["132,146,5,1713"]|636148146480000000|13:50:48:000
62|1.1|636147903462523945|7802ba|49853|20.50662130197|104.50914057745|393734|759563||49853|330.25||33000|330|49853|7802ba|CQH8746|0|2073|0|||3|3|0|1|1|132|146|["132,146,5,1713"]|636148146530000000|13:50:53:000
62|1.1|636147903512438936|7802ba|49857.9765625|20.51222174601|104.51590509846|394431|760200||49857.9765625|330||33018.75|330|49857.9765625|7802ba|CQH8746|0|2073|0|||3|3|0|1|1|132|146|["132,146,5,1713"]|636148146579770000|13:50:57:977
62|1.1|636147903562373929|7802ba|49862.9765625|20.51954953007|104.52562004497|395432|761034||49862.9765625|330||32993.75|330|49862.9765625|7802ba|CQH8746|0|2073|0|||3|3|0|1|1|132|146|["132,146,5,1713"]|636148146629770000|13:51:02:977
62|1.1|636147903612288920|7802ba|49867.9765625|20.52635696636|104.53452496557|396351|761809||49867.9765625|330||32981.25|330|49867.9765625|7802ba|CQH8746|0|2073|0|||3|3|0|1|1|132|146|["132,146,5,1713"]|636148146679770000|13:51:07:977
62|1.1|636147903662203911|7802ba|49872.9609375|20.53416218291|104.54500702271|397432|762698||49872.9609375|330||32956.25|330|49872.9609375|7802ba|CQH8746|0|2073|0|||3|3|0|1|1|132|146|["132,146,5,1713"]|636148146729610000|13:51:12:961
62|1.1|636147903712128903|7802ba|49877.9609375|20.5416669925|104.55490972357|398453|763553||49877.9609375|330||32975|330|49877.9609375|7802ba|CQH8746|0|2073|0|||3|3|0|1|1|132|146|["132,146,5,1713"]|636148146779610000|13:51:17:961
62|1.1|636147903762053895|7802ba|49882.9375|20.54749274176|104.56245744844|399231|764217||49882.9375|330||33025|330|49882.9375|7802ba|CQH8746|0|2073|0|||3|3|0|1|1|132|146|["132,146,5,1713"]|636148146829380000|13:51:22:938
62|1.1|636147903811978887|7802ba|49887.9375|20.55419288985|104.57124435202|400136|764980||49887.9375|330||33050|330|49887.9375|7802ba|CQH8746|0|2073|0|||3|3|0|1|1|132|146|["132,146,5,1713"]|636148146879380000|13:51:27:938
62|1.1|636147903861903879|7802ba|49892.9375|20.56141338571|104.5809968494|401142|765803||49892.9375|330||33006.25|330|49892.9375|7802ba|CQH8746|0|2073|0|||3|3|0|1|1|132|146|["132,146,5,1713"]|636148146929380000|13:51:32:938
62|1.1|636147903911818870|7802ba|49897.921875|20.56825300846|104.5900627023|402076|766582||49897.921875|330||33000|330|49897.921875|7802ba|CQH8746|0|2073|0|||3|3|0|1|1|132|146|["132,146,5,1713"]|636148146979220000|13:51:37:922
62|1.1|636147903961733861|7802ba|49902.921875|20.57513018208|104.59920365694|403019|767366||49902.921875|330||33000|330|49902.921875|7802ba|CQH8746|0|2073|0|||3|3|0|1|1|132|146|["132,146,5,1713"]|636148147029220000|13:51:42:922
62|1.1|636147904011658853|7802ba|49907.8984375|20.58041412593|104.60614520348|403734|767968||49907.8984375|330||33031.25|330|49907.8984375|7802ba|CQH8746|0|2073|0|||3|3|0|1|1|132|146|["132,146,5,1713"]|636148147078980000|13:51:47:898
62|1.1|636147904061583845|7802ba|49912.8984375|20.58697479936|104.6147926324|404625|768715||49912.8984375|330||33043.75|330|49912.8984375|7802ba|CQH8746|0|2073|0|||3|3|0|1|1|132|146|["132,146,5,1713"]|636148147128980000|13:51:52:898
62|1.1|636147904111498836|7802ba|49917.8984375|20.59345500664|104.62341323927|405513|769454||49917.8984375|330||33056.25|330|49917.8984375|7802ba|CQH8746|0|2073|0|||3|3|0|1|1|132|146|["132,146,5,1713"]|636148147178980000|13:51:57:898
62|1.1|636147904161423828|7802ba|49922.875|20.59986011218|104.63192655794|406391|770184||49922.875|330||33068.75|330|49922.875|7802ba|CQH8746|0|2073|0|||3|3|0|1|1|132|146|["132,146,5,1713"]|636148147228750000|13:52:02:875
62|1.1|636147904211348820|7802ba|49927.875|20.60626521772|104.64046133425|407270|770915||49927.875|330||33081.25|330|49927.875|7802ba|CQH8746|0|2073|0|||3|3|0|1|1|132|146|[]|636148147278750000|13:52:07:875
62|1.1|636147904261283813|7802ba|49932.859375|20.61265423003|104.64895855969|408145|771643||49932.859375|330||33093.75|330|49932.859375|7802ba|CQH8746|0|2073|0|||3|3|0|1|1|132|146|[]|636148147328590000|13:52:12:859
62|1.1|636147904311188803|X|49937.859375||||||||||||X|X|X|2073|||||||1|1|0|0|[]|636148147378590000|13:52:17:859
62|1.1|636147904598247506|7802ba|49956.4609375|20.64662167415|104.6949369178|412883|775518||49956.4609375|330||33000|330|49956.4609375|7802ba|CQH8746|X|2432|0|||3|3|3|1|1|132|147|[]|636148147564610000|13:52:36:461
62|1.1|636147904610718753|7802ba|49967.8203125|20.66155082718|104.72091139102|415571|777234||49967.8203125|330||11025|330|49967.8203125|7802ba|CQH8746|0|2432|0|||3|3|3|1|1|132|146|["132,146,5,1837"]|636148147678200000|13:52:47:820
62|1.1|636147904660643745|7802ba|49972.796875|20.66944187429|104.7257286312|416054|778122||49972.796875|330||33000|330|49972.796875|7802ba|CQH8746|0|2432|0|||3|3|0|1|1|132|146|["132,146,5,1837"]|636148147727970000|13:52:52:797
62|1.1|636147904710558736|7802ba|49977.796875|20.67555730169|104.73367868682|416873|778819||49977.796875|330||33025|330|49977.796875|7802ba|CQH8746|0|2432|0|||3|3|0|1|1|132|146|["132,146,5,1837"]|636148147777970000|13:52:57:797
62|1.1|636147904760493729|7802ba|49982.78125|20.68206433102|104.742251014|417755|779561||49982.78125|330||33050|330|49982.78125|7802ba|CQH8746|0|2432|0|||3|3|0|1|1|132|146|["132,146,5,1837"]|636148147827810000|13:53:02:781
62|1.1|636147904810408720|7802ba|49987.78125|20.68849625861|104.7507804259|418633|780295||49987.78125|330||33075|330|49987.78125|7802ba|CQH8746|0|2432|0|||3|3|0|1|1|132|146|["132,146,5,1837"]|636148147877810000|13:53:07:781
62|1.1|636147904860333712|7802ba|49992.78125|20.69514812701|104.75953514302|419534|781054||49992.78125|330||33075|330|49992.78125|7802ba|CQH8746|0|2432|0|||3|3|0|1|1|132|146|["132,146,5,1837"]|636148147927810000|13:53:12:781
62|1.1|636147904910268705|7802ba|49997.7578125|20.70157469019|104.76805919051|420412|781788||49997.7578125|330||33093.75|330|49997.7578125|7802ba|CQH8746|0|2432|0|||3|3|0|1|1|132|146|["132,146,5,1837"]|636148147977580000|13:53:17:758
62|1.1|636147904960163694|7802ba|50002.7578125|20.71001827153|104.77864853585|421500|782749||50002.7578125|330||32818.75|330|50002.7578125|7802ba|CQH8746|0|2432|0|||3|3|0|1|1|132|146|["132,146,5,1837"]|636148148027580000|13:53:22:758
62|1.1|636147905010088686|7802ba|50007.7421875|20.71664868229|104.78739252415|422400|783506||50007.7421875|330||32756.25|330|50007.7421875|7802ba|CQH8746|0|2432|0|||3|3|0|1|1|132|146|["132,146,5,1837"]|636148148077420000|13:53:27:742
62|1.1|636147905060013678|7802ba|50012.7421875|20.72385844933|104.79790140334|423483|784331||50012.7421875|330||32706.25|330|50012.7421875|7802ba|CQH8746|0|2432|0|||3|3|0|1|1|132|146|["132,146,5,1837"]|636148148127420000|13:53:32:742
62|1.1|636147905109928669|7802ba|50017.7421875|20.73024209723|104.80911302024|424641|785066||50017.7421875|330||32718.75|330|50017.7421875|7802ba|CQH8746|0|2432|0|||3|3|0|1|1|132|146|["132,146,5,1837"]|636148148177420000|13:53:37:742
62|1.1|636147905159853661|7802ba|50022.71875|20.73691005886|104.81841490718|425599|785828||50022.71875|330||32668.75|330|50022.71875|7802ba|CQH8746|0|2432|0|||3|3|0|1|1|132|146|[]|636148148227190000|13:53:42:719
62|1.1|636147905209788654|7802ba|50027.71875|20.74363166459|104.82779726027|426565|786596||50027.71875|330||32612.5|330|50027.71875|7802ba|CQH8746|0|2432|0|||3|3|0|1|1|132|146|[]|636148148277190000|13:53:47:719
62|1.1|636147905259703645|7802ba|50032.6953125|20.74908726956|104.84007103035|427837|787230||50032.6953125|330||32781.25|330|50032.6953125|7802ba|CQH8746|0|2432|0|||3|3|0|1|1|132|146|["132,146,5,1837"]|636148148326950000|13:53:52:695
62|1.1|636147905309628637|7802ba|50037.6953125|20.75556211243|104.84969478189|428828|787972||50037.6953125|330||32762.5|330|50037.6953125|7802ba|CQH8746|0|2432|0|||3|3|0|1|1|132|146|[]|636148148376950000|13:53:57:695
62|1.1|636147905359553629|7802ba|50042.6953125|20.76204768412|104.85931316902|429819|788715||50042.6953125|330||32743.75|330|50042.6953125|7802ba|CQH8746|0|2432|0|||3|3|0|1|1|132|146|[]|636148148426950000|13:54:02:695
62|1.1|636147905409468620|7802ba|50047.6796875|20.76851179817|104.86889400528|430807|789455||50047.6796875|330||32725|330|50047.6796875|7802ba|CQH8746|0|2432|0|||3|3|0|1|1|132|146|[]|636148148476800000|13:54:07:680
