62|1.1|636147897456473400|780ef2|49252.3984375|10.91190194889|101.11411277665|39965|-306898||49252.3984375|350||35018.75|347.75|49252.3984375|780ef2|CHB6357|0|1463|0|||3|3|0|1|1|132|18|["132,18,5,3650","132,210,2,2128","132,82,5","132,50,5"]|636148140523980000|13:40:52:398
62|1.1|636147897506408393|780ef2|49257.375|10.90050257764|101.11203138557|39739|-308160||49257.375|350||35000|347.75|49257.375|780ef2|CHB6357|0|1463|0|||3|3|0|1|1|132|18|["132,18,5,3650","132,210,2,2128","132,82,5","132,50,5"]|636148140573750000|13:40:57:375
62|1.1|636147897556313383|780ef2|49262.375|10.8900741646|101.11012702002|39532|-309315||49262.375|350||34993.75|347.75|49262.375|780ef2|CHB6357|0|1463|0|||3|3|0|1|1|132|18|["132,18,5,3650","132,210,2,2128","132,82,5","132,50,5"]|636148140623750000|13:41:02:375
62|1.1|636147897606238375|780ef2|49267.375|10.87979059063|101.10798662043|39299|-310453||49267.375|350||35000|347.75|49267.375|780ef2|CHB6357|0|1463|0|||3|3|0|1|1|132|83|["132,18,5,3650","132,210,2,2128","132,82,5","132,50,5"]|636148140673750000|13:41:07:375
62|1.1|636147897656153366|780ef2|49272.359375|10.86933535554|101.10599105991|39083|-311611||49272.359375|350||35000|347.75|49272.359375|780ef2|CHB6357|0|1463|0|||3|3|0|1|1|132|50|["132,18,5,3650","132,210,2,2128","132,82,5","132,50,5"]|636148140723590000|13:41:12:359
62|1.1|636147897706078358|780ef2|49277.359375|10.8589069425|101.10408132995|38875|-312765||49277.359375|350||34993.75|347.75|49277.359375|780ef2|CHB6357|0|1463|0|||3|3|0|1|1|132|50|["132,18,5,3650","132,210,2,2128","132,82,5","132,50,5"]|636148140773590000|13:41:17:359
62|1.1|636147897756003350|780ef2|49282.3359375|10.84885403816|101.1022306085|38674|-313878||49282.3359375|350||35000|347.75|49282.3359375|780ef2|CHB6357|0|1463|0|||3|3|0|1|1|132|50|["132,18,5,3650","132,210,2,2128","132,82,5","132,50,5"]|636148140823360000|13:41:22:336
62|1.1|636147897805918341|780ef2|49287.3359375|10.83749758219|101.10021359034|38455|-315135||49287.3359375|350||34987.5|347.75|49287.3359375|780ef2|CHB6357|0|1463|0|||3|3|0|1|1|132|50|["132,18,5,3650","132,210,2,2128","132,82,5","132,50,5"]|636148140873360000|13:41:27:336
62|1.1|636147897855853334|780ef2|49292.3359375|10.82657027902|101.09825558069|38242|-316345||49292.3359375|349.75||34968.75|347.5|49292.3359375|780ef2|CHB6357|0|1463|0|||3|3|0|1|1|132|50|["132,18,5,3650","132,210,2,2128","132,82,5","132,50,5"]|636148140923360000|13:41:32:336
62|1.1|636147897905768325|780ef2|49297.3203125|10.81709673096|101.09648532539|38050|-317394||49297.3203125|349.75||34975|347.5|49297.3203125|780ef2|CHB6357|0|1463|0|||3|3|0|1|1|132|50|["132,18,5,3650","132,210,2,2128","132,82,5","132,50,5"]|636148140973200000|13:41:37:320
62|1.1|636147897955693317|780ef2|49302.3203125|10.80673805525|101.09457023102|37842|-318541||49302.3203125|349.75||34968.75|347.5|49302.3203125|780ef2|CHB6357|0|1463|0|||3|3|0|1|1|132|50|["132,18,5,3650","132,210,2,2128","132,82,5","132,50,5"]|636148141023200000|13:41:42:320
62|1.1|636147898005608308|780ef2|49307.296875|10.79627209134|101.09259612814|37628|-319699||49307.296875|349.75||34950|347.5|49307.296875|780ef2|CHB6357|0|1463|0|||3|3|0|1|1|132|50|["132,18,5,3650","132,210,2,2128","132,82,5","132,50,5"]|636148141072970000|13:41:47:297
62|1.1|636147898055533300|780ef2|49312.296875|10.78606361911|101.09098144073|37452|-320830||49312.296875|349.75||34975|347.5|49312.296875|780ef2|CHB6357|0|1463|0|||3|3|0|1|1|132|83|["132,18,5,3650","132,210,2,2128","132,82,5","132,50,5"]|636148141122970000|13:41:52:297
62|1.1|636147898105448291|780ef2|49317.296875|10.77630039291|101.08920582102|37259|-321910||49317.296875|350||34993.75|347.75|49317.296875|780ef2|CHB6357|0|1463|0|||3|3|0|1|1|132|83|["132,18,5,3650","132,210,2,2128","132,82,5","132,50,5"]|636148141172970000|13:41:57:297
62|1.1|636147898155373283|780ef2|49322.28125|10.76609728509|101.08743020131|37066|-323040||49322.28125|349.75||34987.5|347.5|49322.28125|780ef2|CHB6357|0|1463|0|||3|3|0|1|1|132|5|["132,18,5,3650","132,210,2,2128","132,82,5","132,50,5"]|636148141222810000|13:42:02:281
62|1.1|636147898205298275|780ef2|49327.28125|10.7557493382|101.08563312396|36871|-324186||49327.28125|350||35000|347.75|49327.28125|780ef2|CHB6357|0|1463|0|||3|3|0|1|1|132|5|["132,18,5,3650","132,210,2,2128","132,82,5","132,50,5"]|636148141272810000|13:42:07:281
62|1.1|636147898255223267|780ef2|49332.2578125|10.74548185746|101.08384677543|36677|-325322||49332.2578125|350||35006.25|347.75|49332.2578125|780ef2|CHB6357|0|1463|0|||3|3|0|1|1|132|18|["132,18,5,3650","132,210,2,2128","132,82,5","132,50,5"]|636148141322580000|13:42:12:258
62|1.1|636147898305138258|780ef2|49337.2578125|10.73480668156|101.08202287603|36479|-326504||49337.2578125|350||34987.5|347.5|49337.2578125|780ef2|CHB6357|0|1463|0|||3|3|0|1|1|132|18|["132,18,5,3650","132,210,2,2128","132,82,5","132,50,5"]|636148141372580000|13:42:17:258
62|1.1|636147898355073251|780ef2|49342.2578125|10.72324637801|101.08009168843|36269|-327784||49342.2578125|350||34975|347.75|49342.2578125|780ef2|CHB6357|0|1463|0|||3|3|0|1|1|132|18|["132,18,5,3650","132,210,2,2128","132,82,5","132,50,5"]|636148141422580000|13:42:22:258
62|1.1|636147898404998243|780ef2|49347.2421875|10.7127804141|101.07820878052|36064|-328943||49347.2421875|350||34962.5|347.75|49347.2421875|780ef2|CHB6357|0|1463|0|||3|3|0|1|1|132|18|["132,18,5,3650","132,210,2,2128","132,82,5","132,50,5"]|636148141472420000|13:42:27:242
62|1.1|636147898454903233|780ef2|49352.2421875|10.70225007727|101.07628295733|35855|-330109||49352.2421875|349.75||34943.75|347.75|49352.2421875|780ef2|CHB6357|0|1463|0|||3|3|0|1|1|132|18|["132,18,5,3650","132,210,2,2128","132,82,5","132,50,5"]|636148141522420000|13:42:32:242
62|1.1|636147898504828225|780ef2|49357.21875|10.6916982828|101.07429812563|35639|-331277||49357.21875|350||34906.25|347.75|49357.21875|780ef2|CHB6357|0|1463|0|||3|3|0|1|1|132|50|["132,18,5,3650","132,210,2,2128","132,82,5","132,50,5"]|636148141572190000|13:42:37:219
62|1.1|636147898554753217|780ef2|49362.21875|10.68110893746|101.07224892101|35416|-332449||49362.21875|350||34906.25|347.75|49362.21875|780ef2|CHB6357|0|1463|0|||3|3|0|1|1|132|50|["132,18,5,3650","132,210,2,2128","132,82,5","132,50,5"]|636148141622190000|13:42:42:219
62|1.1|636147898604668208|780ef2|49367.21875|10.67057860063|101.07013534347|35186|-333615||49367.21875|350||34912.5|347.75|49367.21875|780ef2|CHB6357|0|1463|0|||3|3|0|1|1|132|50|["132,18,5,3650","132,210,2,2128","132,82,5","132,50,5"]|636148141672190000|13:42:47:219
62|1.1|636147898654593200|780ef2|49372.1953125|10.6601019079|101.06819342705|34975|-334775||49372.1953125|350||34931.25|347.75|49372.1953125|780ef2|CHB6357|0|1463|0|||3|3|0|1|1|132|50|["132,18,5,3650","132,210,2,2128","132,82,5","132,50,5"]|636148141721950000|13:42:52:195
62|1.1|636147898704518192|780ef2|49377.1953125|10.64956620666|101.06644462939|34785|-335941||49377.1953125|350||34937.5|347.75|49377.1953125|780ef2|CHB6357|0|1463|0|||3|3|0|1|1|132|50|["132,18,5,3650","132,210,2,2128","132,82,5","132,50,5"]|636148141771950000|13:42:57:195
62|1.1|636147898754453185|780ef2|49382.1796875|10.63911097157|101.06463682322|34588|-337099||49382.1796875|350||34943.75|347.75|49382.1796875|780ef2|CHB6357|0|1463|0|||3|3|0|1|1|132|50|["132,18,5,3650","132,210,2,2128","132,82,5","132,50,5"]|636148141821800000|13:43:02:180
62|1.1|636147898804368176|780ef2|49387.1796875|10.62863964325|101.06258225419|34364|-338258||49387.1796875|350||34962.5|347.75|49387.1796875|780ef2|CHB6357|0|1463|0|||3|3|0|1|1|132|50|["132,18,5,3650","132,210,2,2128","132,82,5","132,50,5"]|636148141871800000|13:43:07:180
62|1.1|636147898854283167|780ef2|49392.1796875|10.61815758611|101.06067252423|34157|-339419||49392.1796875|350||34987.5|347.75|49392.1796875|780ef2|CHB6357|0|1463|0|||3|3|0|1|1|132|50|["132,18,5,3650","132,210,2,2128","132,82,5","132,50,5"]|636148141921800000|13:43:12:180
62|1.1|636147898904198158|780ef2|49397.15625|10.60786864773|101.05868769253|33941|-340558||49397.15625|350||34987.5|347.75|49397.15625|780ef2|CHB6357|0|1463|0|||3|3|0|1|1|132|18|["132,18,5,3650","132,210,2,2128","132,82,5","132,50,5"]|636148141971560000|13:43:17:156
62|1.1|636147898954123150|780ef2|49402.15625|10.59756898053|101.05668140319|33722|-341698||49402.15625|350||34987.5|347.75|49402.15625|780ef2|CHB6357|0|1463|0|||3|3|0|1|1|132|83|["132,18,5,3650","132,210,2,2128","132,82,5","132,50,5"]|636148142021560000|13:43:22:156
62|1.1|636147899004038141|780ef2|49407.140625|10.5870922878|101.05508817342|33549|-342858||49407.140625|350||35006.25|348.5|49407.140625|780ef2|CHB6357|0|1463|0|||3|3|0|1|1|132|18|["132,18,5,3650","132,210,2,2128","132,82,5","132,50,5"]|636148142071410000|13:43:27:141
62|1.1|636147899053963133|780ef2|49412.140625|10.57651367128|101.05333401135|33358|-344030||49412.140625|350||35018.75|348.5|49412.140625|780ef2|CHB6357|0|1463|0|||3|3|0|1|1|132|18|["132,18,5,3650","132,210,2,2128","132,82,5","132,50,5"]|636148142121410000|13:43:32:141
62|1.1|636147899103888125|780ef2|49417.140625|10.56594041917|101.05155839164|33165|-345200||49417.140625|350||35025|348.5|49417.140625|780ef2|CHB6357|0|1463|0|||3|3|0|1|1|132|18|["132,18,5,3650","132,210,2,2128","132,82,5","132,50,5"]|636148142171410000|13:43:37:141
62|1.1|636147899153813117|780ef2|49422.1171875|10.55553882818|101.04975058547|32969|-346352||49422.1171875|350||35006.25|348.5|49422.1171875|780ef2|CHB6357|0|1463|0|||3|3|0|1|1|132|18|["132,18,5,3650","132,210,2,2128","132,82,5","132,50,5"]|636148142221170000|13:43:42:117
62|1.1|636147899203728108|780ef2|49427.1171875|10.5449816693|101.04797496576|32775|-347520||49427.1171875|350||34993.75|348.5|49427.1171875|780ef2|CHB6357|0|1463|0|||3|3|0|1|1|132|18|["132,18,5,3650","132,210,2,2128","132,82,5","132,50,5"]|636148142271170000|13:43:47:117
62|1.1|636147899253653100|780ef2|49432.1015625|10.5345747139|101.04618861723|32581|-348673||49432.1015625|350||34981.25|348.5|49432.1015625|780ef2|CHB6357|0|1463|0|||3|3|0|1|1|132|18|["132,18,5,3650","132,210,2,2128","132,82,5","132,50,5"]|636148142321020000|13:43:52:102
62|1.1|636147899303578092|780ef2|49437.1015625|10.52404974148|101.04427352286|32372|-349838||49437.1015625|350||34987.5|348.5|49437.1015625|780ef2|CHB6357|0|1463|0|||3|3|0|1|1|132|18|["132,18,5,3650","132,210,2,2128","132,82,5","132,50,5"]|636148142371020000|13:43:57:102
62|1.1|636147899353493083|780ef2|49442.1015625|10.51368033695|101.04215994532|32142|-350986||49442.1015625|350||34987.5|348.5|49442.1015625|780ef2|CHB6357|0|1463|0|||3|3|0|1|1|132|50|["132,18,5,3650","132,210,2,2128","132,82,5","132,50,5"]|636148142421020000|13:44:02:102
62|1.1|636147899403418075|780ef2|49447.078125|10.50327338155|101.04038969002|31949|-352139||49447.078125|350||35000|348.5|49447.078125|780ef2|CHB6357|0|1463|0|||3|3|0|1|1|132|18|["132,18,5,3650","132,210,2,2128","132,82,5","132,50,5"]|636148142470780000|13:44:07:078
62|1.1|636147899453343067|780ef2|49452.078125|10.49278059559|101.03856042621|31750|-353300||49452.078125|349.75||34993.75|348.5|49452.078125|780ef2|CHB6357|0|1463|0|||3|3|0|1|1|132|50|["132,18,5,3650","132,210,2,2128","132,82,5","132,50,5"]|636148142520780000|13:44:12:078
62|1.1|636147899503258058|780ef2|49457.0625|10.4823790046|101.03669361153|31547|-354452||49457.0625|350||34987.5|348.5|49457.0625|780ef2|CHB6357|0|1463|0|||3|3|0|1|1|132|50|["132,18,5,3650","132,210,2,2128","132,82,5","132,50,5"]|636148142570630000|13:44:17:063
62|1.1|636147899553183050|780ef2|49462.0625|10.47193449833|101.03471950865|31332|-355608||49462.0625|349.75||34987.5|348.5|49462.0625|780ef2|CHB6357|0|1463|0|||3|3|0|1|1|132|50|["132,18,5,3650","132,210,2,2128","132,82,5","132,50,5"]|636148142620630000|13:44:22:063
62|1.1|636147899603108042|780ef2|49467.0625|10.46146853442|101.03303508391|31148|-356767||49467.0625|349.75||34987.5|348|49467.0625|780ef2|CHB6357|0|1463|0|||3|3|0|1|1|132|50|["132,18,5,3650","132,210,2,2128","132,82,5","132,50,5"]|636148142670630000|13:44:27:063
62|1.1|636147899653023033|780ef2|49472.0390625|10.45104012138|101.03135065917|30965|-357921||49472.0390625|349.75||34987.5|348|49472.0390625|780ef2|CHB6357|0|1463|0|||3|3|0|1|1|132|50|["132,18,5,3650","132,210,2,2128","132,82,5","132,50,5"]|636148142720390000|13:44:32:039
62|1.1|636147899702948025|780ef2|49477.0390625|10.44065998803|101.02952139536|30766|-359071||49477.0390625|349.75||34968.75|348|49477.0390625|780ef2|CHB6357|0|1463|0|||3|3|0|1|1|132|83|["132,18,5,3650","132,210,2,2128","132,82,5","132,50,5"]|636148142770390000|13:44:37:039
62|1.1|636147899752873017|780ef2|49482.015625|10.4302369394|101.02753656366|30549|-360225||49482.015625|349.75||34987.5|348|49482.015625|780ef2|CHB6357|0|1463|0|||3|3|0|1|1|132|18|["132,18,5,3650","132,210,2,2128","132,82,5","132,50,5"]|636148142820160000|13:44:42:016
62|1.1|636147899802798009|780ef2|49487.015625|10.41970660257|101.02592187625|30374|-361391||49487.015625|350||34993.75|348.5|49487.015625|780ef2|CHB6357|0|1463|0|||3|3|0|1|1|132|18|["132,18,5,3650","132,210,2,2128","132,82,5","132,50,5"]|636148142870160000|13:44:47:016
62|1.1|636147899852713000|780ef2|49492.015625|10.40918699456|101.02416771418|30183|-362556||49492.015625|350||35000|348.5|49492.015625|780ef2|CHB6357|0|1463|0|||3|3|0|1|1|132|18|["132,18,5,3650","132,210,2,2128","132,82,5","132,50,5"]|636148142920160000|13:44:52:016
62|1.1|636147899902637992|780ef2|49497|10.3986942086|101.02245110298|29996|-363717||49497|350||35006.25|348.5|49497|780ef2|CHB6357|0|1463|0|||3|3|0|1|1|132|18|["132,18,5,3650","132,210,2,2128","132,82,5","132,50,5"]|636148142970000000|13:44:57:000
62|1.1|636147899952562984|780ef2|49502|10.38823897351|101.02039116954|29771|-364875||49502|350||35006.25|348.5|49502|780ef2|CHB6357|0|1463|0|||3|3|0|1|1|132|83|["132,18,5,3650","132,210,2,2128","132,82,5","132,50,5"]|636148143020000000|13:45:02:000
62|1.1|636147900002477975|780ef2|49506.9765625|10.37778910283|101.01857263455|29573|-366032||49506.9765625|350.25||35006.25|348.75|49506.9765625|780ef2|CHB6357|0|1463|0|||3|3|0|1|1|132|51|["132,18,5,3650","132,210,2,2128","132,82,5","132,50,5"]|636148143069770000|13:45:06:977
62|1.1|636147900052402967|780ef2|49511.9765625|10.36732313892|101.01669509105|29368|-367191||49511.9765625|350.25||35018.75|348.75|49511.9765625|780ef2|CHB6357|0|1463|0|||3|3|0|1|1|132|18|["132,18,5,3650","132,210,2,2128","132,82,5","132,50,5"]|636148143119770000|13:45:11:977
62|1.1|636147900102317958|780ef2|49516.9765625|10.35683035296|101.01467270848|29148|-368352||49516.9765625|350.25||35025|348.75|49516.9765625|780ef2|CHB6357|0|1463|0|||3|3|0|1|1|132|18|["132,18,5,3650","132,210,2,2128","132,82,5","132,50,5"]|636148143169770000|13:45:16:977
62|1.1|636147900152252951|780ef2|49521.9609375|10.34634293141|101.01306874989|28973|-369514||49521.9609375|350.25||35018.75|348.75|49521.9609375|780ef2|CHB6357|0|1463|0|||3|3|0|1|1|132|18|["132,18,5,3650","132,210,2,2128","132,82,5","132,50,5"]|636148143219610000|13:45:21:961
62|1.1|636147900202167942|780ef2|49526.9609375|10.33579113694|101.011303859|28781|-370682||49526.9609375|350.25||35000|348.75|49526.9609375|780ef2|CHB6357|0|1463|0|||3|3|0|1|1|132|50|["132,18,5,3650","132,210,2,2128","132,82,5","132,50,5"]|636148143269610000|13:45:26:961
62|1.1|636147900252082933|780ef2|49531.9375|10.32532517303|101.00944240873|28578|-371841||49531.9375|350.25||35000|348.75|49531.9375|780ef2|CHB6357|0|1463|0|||3|3|0|1|1|132|50|["132,18,5,3650","132,210,2,2128","132,82,5","132,50,5"]|636148143319380000|13:45:31:938
62|1.1|636147900302007925|780ef2|49536.9375|10.31506842111|101.00796719598|28417|-372977||49536.9375|350.25||35025|348.75|49536.9375|780ef2|CHB6357|0|1463|0|||3|3|0|1|1|132|50|["132,18,5,3650","132,210,2,2128","132,82,5","132,50,5"]|636148143369380000|13:45:36:938
62|1.1|636147900351932917|780ef2|49541.9375|10.30453271987|101.00622376273|28227|-374143||49541.9375|350.25||35025|348.75|49541.9375|780ef2|CHB6357|0|1463|0|||3|3|0|1|1|132|50|["132,18,5,3650","132,210,2,2128","132,82,5","132,50,5"]|636148143419380000|13:45:41:938
62|1.1|636147900401847908|780ef2|49546.921875|10.29397019658|101.0045447024|28044|-375313||49546.921875|350.25||35025|348.75|49546.921875|780ef2|CHB6357|0|1463|0|||3|3|0|1|1|132|50|["132,18,5,3650","132,210,2,2128","132,82,5","132,50,5"]|636148143469220000|13:45:46:922
62|1.1|636147900451772900|780ef2|49551.921875|10.28410504659|101.00287637089|27862|-376405||49551.921875|350.25||35037.5|348.75|49551.921875|780ef2|CHB6357|0|1463|0|||3|3|0|1|1|132|18|["132,18,5,3650","132,210,2,2128","132,82,5","132,50,5"]|636148143519220000|13:45:51:922
62|1.1|636147900501697892|780ef2|49556.8984375|10.27370882001|101.00114366646|27673|-377556||49556.8984375|350.25||35031.25|348.75|49556.8984375|780ef2|CHB6357|0|1463|0|||3|3|0|1|1|132|83|["132,18,5,3650","132,210,2,2128","132,82,5","132,50,5"]|636148143568980000|13:45:56:898
62|1.1|636147900551612883|780ef2|49561.8984375|10.26304973734|100.99935195352|27478|-378737||49561.8984375|350.25||35025|348.75|49561.8984375|780ef2|CHB6357|0|1463|0|||3|3|0|1|1|132|18|["132,18,5,3650","132,210,2,2128","132,82,5","132,50,5"]|636148143618980000|13:46:01:898
62|1.1|636147900601537875|780ef2|49566.8984375|10.25253012933|100.99756560499|27283|-379901||49566.8984375|350.25||35025|348.75|49566.8984375|780ef2|CHB6357|0|1463|0|||3|3|0|1|1|132|18|["132,18,5,3650","132,210,2,2128","132,82,5","132,50,5"]|636148143668980000|13:46:06:898
62|1.1|636147900651312852|780ef2|49571.875|10.2430190304|100.99589727348|27101|-380954||49571.875|350.25||35037.5|348.75|49571.875|780ef2|CHB6357|0|1463|0|||3|3|0|1|1|132|18|["132,18,5,3650","132,210,2,2128","132,82,5","132,50,5"]|636148143718750000|13:46:11:875
62|1.1|636147900701387859|780ef2|49576.875|10.23252088003|100.99405191644|26900|-382116||49576.875|350.25||35031.25|348.75|49576.875|780ef2|CHB6357|0|1463|0|||3|3|0|1|1|132|18|["132,18,5,3650","132,210,2,2128","132,82,5","132,50,5"]|636148143768750000|13:46:16:875
62|1.1|636147900751162836|780ef2|49581.859375|10.22194762792|100.99214755089|26692|-383287||49581.859375|350.25||35012.5|348.75|49581.859375|780ef2|CHB6357|0|1463|0|||3|3|0|1|1|132|18|["132,18,5,3650","132,210,2,2128","132,82,5","132,50,5"]|636148143818590000|13:46:21:859
62|1.1|636147900801077827|780ef2|49586.859375|10.21098813829|100.99015735478|26475|-384501||49586.859375|350.25||34943.75|348.75|49586.859375|780ef2|CHB6357|0|1463|0|||3|3|0|1|1|132|18|["132,18,5,3650","132,210,2,2128","132,82,5","132,50,5"]|636148143868590000|13:46:26:859
62|1.1|636147900851152834|780ef2|49591.859375|10.20023786065|100.98817788749|26259|-385691||49591.859375|350.25||34912.5|348.75|49591.859375|780ef2|CHB6357|0|1463|0|||3|3|0|1|1|132|18|["132,18,5,3650","132,210,2,2128","132,82,5","132,50,5"]|636148143918590000|13:46:31:859
62|1.1|636147900901067825|780ef2|49596.8359375|10.18957341357|100.98619305579|26042|-386872||49596.8359375|350.25||34912.5|348.75|49596.8359375|780ef2|CHB6357|0|1463|0|||3|3|0|1|1|132|51|["132,18,5,3650","132,210,2,2128","132,82,5","132,50,5"]|636148143968360000|13:46:36:836
62|1.1|636147900950992817|780ef2|49601.8359375|10.17898943264|100.98435842757|25842|-388044||49601.8359375|350.25||34912.5|348.75|49601.8359375|780ef2|CHB6357|0|1463|0|||3|3|0|1|1|132|51|["132,18,5,3650","132,210,2,2128","132,82,5","132,50,5"]|636148144018360000|13:46:41:836
62|1.1|636147901000767794|780ef2|49606.8203125|10.16886679097|100.98267400283|25658|-389165||49606.8203125|350.25||35012.5|348.5|49606.8203125|780ef2|CHB6357|0|1463|0|||3|3|0|1|1|132|18|["132,18,5,3650","132,210,2,2128","132,82,5","132,50,5"]|636148144068200000|13:46:46:820
62|1.1|636147901050682785|780ef2|49611.8203125|10.15819161507|100.98073208641|25446|-390347||49611.8203125|350.25||35006.25|348.75|49611.8203125|780ef2|CHB6357|0|1463|0|||3|3|0|1|1|132|50|["132,18,5,3650","132,210,2,2128","132,82,5","132,50,5"]|636148144118200000|13:46:51:820
62|1.1|636147901100607777|780ef2|49616.8203125|10.1485517703|100.97928369571|25288|-391414||49616.8203125|350.25||35037.5|348.5|49616.8203125|780ef2|CHB6357|0|1463|0|||3|3|0|1|1|132|83|["132,18,5,3650","132,210,2,2128","132,82,5","132,50,5"]|636148144168200000|13:46:56:820
62|1.1|636147901150522768|780ef2|49621.796875|10.1386276118|100.97760999979|25106|-392513||49621.796875|350.25||35037.5|348.75|49621.796875|780ef2|CHB6357|0|1463|0|||3|3|0|1|1|132|50|["132,18,5,3650","132,210,2,2128","132,82,5","132,50,5"]|636148144217970000|13:47:01:797
62|1.1|636147901200447760|780ef2|49626.796875|10.12822602081|100.97578073598|24906|-393665||49626.796875|350.25||35056.25|348.75|49626.796875|780ef2|CHB6357|0|1463|0|||3|3|0|1|1|132|50|["132,18,5,3650","132,210,2,2128","132,82,5","132,50,5"]|636148144267970000|13:47:06:797
62|1.1|636147901250372752|780ef2|49631.78125|10.11794781125|100.97397292981|24708|-394803||49631.78125|350.25||35062.5|348.75|49631.78125|780ef2|CHB6357|0|1463|0|||3|3|0|1|1|132|18|["132,18,5,3650","132,210,2,2128","132,82,5","132,50,5"]|636148144317810000|13:47:11:781
62|1.1|636147901300287743|780ef2|49636.78125|10.10755158467|100.97211684395|24505|-395954||49636.78125|350.25||35062.5|348.75|49636.78125|780ef2|CHB6357|0|1463|0|||3|3|0|1|1|132|18|["132,18,5,3650","132,210,2,2128","132,82,5","132,50,5"]|636148144367810000|13:47:16:781
62|1.1|636147901350212735|780ef2|49641.78125|10.09711780722|100.97018565635|24295|-397110||49641.78125|350.25||35031.25|348.75|49641.78125|780ef2|CHB6357|0|1463|0|||3|3|0|1|1|132|18|["132,18,5,3650","132,210,2,2128","132,82,5","132,66,5","132,50,5"]|636148144417810000|13:47:21:781
62|1.1|636147901400127726|780ef2|49646.7578125|10.08667866536|100.96819546024|24077|-398266||49646.7578125|350||34937.5|348.5|49646.7578125|780ef2|CHB6357|0|1463|0|||3|3|0|1|1|132|18|["132,18,5,3650","132,210,2,2128","132,82,5","132,66,5","132,50,5"]|636148144467580000|13:47:26:758
62|1.1|636147901450052718|780ef2|49651.7578125|10.07557970107|100.9660818827|23846|-399495||49651.7578125|350.25||34781.25|348.5|49651.7578125|780ef2|CHB6357|0|1463|0|||3|3|0|1|1|132|18|["132,18,5,3650","132,210,2,2128","132,82,5","132,66,5","132,50,5"]|636148144517580000|13:47:31:758
62|1.1|636147901499967709|780ef2|49656.7421875|10.0647596861|100.96488561927|23716|-400693||49656.7421875|350||34731.25|348.5|49656.7421875|780ef2|CHB6357|0|1463|0|||3|3|0|1|1|132|18|["132,18,5,3650","132,210,2,2128","132,82,5","132,66,5","132,50,5"]|636148144567420000|13:47:36:742
62|1.1|636147901549912703|780ef2|49661.7421875|10.05391284908|100.96423652566|23646|-401894||49661.7421875|350||34737.5|348.5|49661.7421875|780ef2|CHB6357|0|1463|0|||3|3|0|1|1|132|18|["132,18,5,3650","132,210,2,2128","132,82,5","132,66,5","132,50,5"]|636148144617420000|13:47:41:742
62|1.1|636147901599817693|780ef2|49666.7421875|10.04327522405|100.96438672914|23663|-403072||49666.7421875|350||34750|348.5|49666.7421875|780ef2|CHB6357|0|1463|0|||3|3|0|1|1|132|18|["132,18,5,3650","132,210,2,2128","132,82,5","132,66,5","132,50,5"]|636148144667420000|13:47:46:742
62|1.1|636147901649732684|780ef2|49671.71875|10.03265905666|100.96501972952|23733|-404247||49671.71875|350||34775|348.5|49671.71875|780ef2|CHB6357|0|1463|0|||3|3|0|1|1|132|18|["132,18,5,3650","132,210,2,2128","132,82,5","132,66,5","132,50,5"]|636148144717190000|13:47:51:719
62|1.1|636147901699667677|780ef2|49676.71875|10.02215554188|100.9664037473|23886|-405410||49676.71875|350||34781.25|348.5|49676.71875|780ef2|CHB6357|0|1463|0|||3|3|0|1|1|132|18|["132,18,5,3650","132,210,2,2128","132,82,5","132,66,5","132,50,5"]|636148144767190000|13:47:56:719
62|1.1|636147901749582668|780ef2|49681.6953125|10.01163056946|100.96847440956|24114|-406575||49681.6953125|349.75||34768.75|348|49681.6953125|780ef2|CHB6357|0|1463|0|||3|3|0|1|1|132|83|["132,18,5,3650","132,210,2,2128","132,82,5","132,66,5","132,50,5"]|636148144816950000|13:48:01:695
62|1.1|636147901799527662|780ef2|49686.6953125|10.00123970729|100.97097422462|24390|-407725||49686.6953125|349.75||34762.5|348|49686.6953125|780ef2|CHB6357|0|1463|0|||3|3|0|1|1|132|18|["132,18,5,3650","132,210,2,2128","132,82,5","132,66,5","132,50,5"]|636148144866950000|13:48:06:695
62|1.1|636147901849422651|780ef2|49691.6953125|9.99069327723|100.97340966676|24658|-408893||49691.6953125|349.75||34950|348|49691.6953125|780ef2|CHB6357|0|1463|0|||3|3|0|1|1|132|51|["132,18,5,3650","132,210,2,2128","132,82,5","132,66,5","132,50,5"]|636148144916950000|13:48:11:695
62|1.1|636147901899347643|780ef2|49696.6796875|9.98119827153|100.97578073598|24919|-409944||49696.6796875|349.75||34987.5|348|49696.6796875|780ef2|CHB6357|0|1463|0|||3|3|0|1|1|132|50|["132,18,5,3650","132,210,2,2128","132,82,5","132,66,5","132,50,5"]|636148144966800000|13:48:16:680
62|1.1|636147901949272635|780ef2|49701.6796875|9.97126874862|100.97834492396|25201|-411043||49701.6796875|349.75||35006.25|348|49701.6796875|780ef2|CHB6357|0|1463|0|||3|3|0|1|1|132|50|["132,18,5,3650","132,210,2,2128","132,82,5","132,66,5","132,50,5"]|636148145016800000|13:48:21:680
62|1.1|636147901999187626|780ef2|49706.65625|9.96179520056|100.98082328138|25474|-412092||49706.65625|349.75||35012.5|348|49706.65625|780ef2|CHB6357|0|1463|0|||3|3|0|1|1|132|50|["132,18,5,3650","132,210,2,2128","132,82,5","132,66,5","132,50,5"]|636148145066560000|13:48:26:656
62|1.1|636147902049112618|780ef2|49711.65625|9.95211780492|100.98332309644|25749|-413163||49711.65625|349.75||34987.5|348|49711.65625|780ef2|CHB6357|0|1463|0|||3|3|0|1|1|132|18|["132,18,5,3650","132,210,2,2128","132,82,5","132,66,5","132,50,5"]|636148145116560000|13:48:31:656
62|1.1|636147902099027609|780ef2|49716.65625|9.9421292735|100.98597847939|26042|-414269||49716.65625|349.75||35000|348|49716.65625|780ef2|CHB6357|0|1463|0|||3|3|0|1|1|132|18|["132,18,5,3650","132,210,2,2128","132,82,5","132,66,5","132,50,5"]|636148145166560000|13:48:36:656
62|1.1|636147902148952601|780ef2|49721.640625|9.93154529257|100.98870896408|26343|-415441||49721.640625|350||34981.25|348|49721.640625|780ef2|CHB6357|0|1463|0|||3|3|0|1|1|132|50|["132,18,5,3650","132,210,2,2128","132,82,5","132,66,5","132,50,5"]|636148145216410000|13:48:41:641
62|1.1|636147902198887594|780ef2|49726.640625|9.92183034606|100.99125169442|26623|-416516||49726.640625|350||35000|348.5|49726.640625|780ef2|CHB6357|0|1463|0|||3|3|0|1|1|132|18|["132,18,5,3650","132,210,2,2128","132,82,5","132,66,5","132,50,5"]|636148145266410000|13:48:46:641
62|1.1|636147902248812586|780ef2|49731.6171875|9.91163260265|100.99395535706|26921|-417645||49731.6171875|349.75||34993.75|348|49731.6171875|780ef2|CHB6357|0|1463|0|||3|3|0|1|1|132|18|["132,18,5,3650","132,210,2,2128","132,82,5","132,66,5","132,50,5"]|636148145316170000|13:48:51:617
62|1.1|636147902298717576|780ef2|49736.6171875|9.90064629097|100.99670193498|27223|-418861||49736.6171875|349.75||34962.5|348|49736.6171875|780ef2|CHB6357|0|1463|0|||3|3|0|1|1|132|51|["132,18,5,3650","132,210,2,2128","132,82,5","132,66,5","132,50,5"]|636148145366170000|13:48:56:617
62|1.1|636147902348642568|780ef2|49741.6171875|9.89040563228|100.99941632644|27522|-419995||49741.6171875|349.75||34943.75|348|49741.6171875|780ef2|CHB6357|0|1463|0|||3|3|0|1|1|132|51|["132,18,5,3650","132,210,2,2128","132,82,5","132,66,5","132,50,5"]|636148145416170000|13:49:01:617
62|1.1|636147902398567560|780ef2|49746.6015625|9.87938176973|101.00225409933|27835|-421215||49746.6015625|349.75||34925|348|49746.6015625|780ef2|CHB6357|0|1463|0|||3|3|0|1|1|132|18|["132,18,5,3650","132,210,2,2128","132,82,5","132,66,5","132,50,5"]|636148145466020000|13:49:06:602
62|1.1|636147902448482551|780ef2|49751.6015625|9.86903382284|101.00488802464|28125|-422361||49751.6015625|350||34956.25|348|49751.6015625|780ef2|CHB6357|0|1463|0|||3|3|0|1|1|132|18|["132,18,5,3650","132,210,2,2128","132,82,5","132,66,5","132,50,5"]|636148145516020000|13:49:11:602
62|1.1|636147902498407543|780ef2|49756.578125|9.85965146975|101.00731810237|28393|-423400||49756.578125|349.75||34975|348|49756.578125|780ef2|CHB6357|0|1463|0|||3|3|0|1|1|132|18|["132,18,5,3650","132,210,2,2128","132,82,5","132,66,5","132,50,5"]|636148145565780000|13:49:16:578
62|1.1|636147902548332535|780ef2|49761.578125|9.84913186174|101.00994129886|28682|-424564||49761.578125|349.75||34975|348|49761.578125|780ef2|CHB6357|0|1463|0|||3|3|0|1|1|132|51|["132,18,5,3650","132,210,2,2128","132,82,5","132,66,5","132,50,5"]|636148145615780000|13:49:21:578
62|1.1|636147902598247526|780ef2|49766.578125|9.83908968622|101.01256985976|28972|-425676||49766.578125|350||34993.75|348.5|49766.578125|780ef2|CHB6357|0|1463|0|||3|3|0|1|1|132|18|["132,18,5,3650","132,210,2,2128","132,82,5","132,66,5","132,50,5"]|636148145665780000|13:49:26:578
62|1.1|636147902648182519|780ef2|49771.5625|9.82886512076|101.01515550538|29257|-426808||49771.5625|350||35000|348.5|49771.5625|780ef2|CHB6357|0|1463|0|||3|3|0|1|1|132|18|["132,18,5,3650","132,210,2,2128","132,82,5","132,66,5","132,50,5"]|636148145715630000|13:49:31:563
62|1.1|636147902698097510|780ef2|49776.5625|9.81865664853|101.01784307479|29553|-427938||49776.5625|350||35000|348.5|49776.5625|780ef2|CHB6357|0|1463|0|||3|3|0|1|1|132|18|["132,18,5,3650","132,210,2,2128","132,82,5","132,66,5","132,50,5"]|636148145765630000|13:49:36:563
62|1.1|636147902748022502|780ef2|49781.5390625|9.80908654109|101.02037507631|29832|-428997||49781.5390625|350.25||35018.75|348.75|49781.5390625|780ef2|CHB6357|0|1463|0|||3|3|0|1|1|132|50|["132,18,5,3650","132,210,2,2128","132,82,5","132,66,5","132,50,5"]|636148145815390000|13:49:41:539
62|1.1|636147902797937493|780ef2|49786.5390625|9.79918920464|101.02297681516|30119|-430093||49786.5390625|350.25||35031.25|348.75|49786.5390625|780ef2|CHB6357|0|1463|0|||3|3|0|1|1|132|18|["132,18,5,3650","132,210,2,2128","132,82,5","132,66,5","132,50,5"]|636148145865390000|13:49:46:539
62|1.1|636147902847862485|780ef2|49791.5390625|9.78909338502|101.02558928283|30407|-431211||49791.5390625|350||35018.75|348.5|49791.5390625|780ef2|CHB6357|0|1463|0|||3|3|0|1|1|132|18|["132,18,5,3650","132,210,2,2128","132,82,5","132,66,5","132,50,5"]|636148145915390000|13:49:51:539
62|1.1|636147902897787477|780ef2|49796.515625|9.77839675148|101.02829294547|30705|-432395||49796.515625|350||35000|348.5|49796.515625|780ef2|CHB6357|0|1463|0|||3|3|0|1|1|132|51|["132,18,5,3650","132,210,2,2128","132,82,5","132,66,5","132,50,5"]|636148145965160000|13:49:56:516
62|1.1|636147902947712469|780ef2|49801.515625|9.7679468808|101.03100197252|31004|-433552||49801.515625|350||34987.5|348.5|49801.515625|780ef2|CHB6357|0|1463|0|||3|3|0|1|1|132|83|["132,18,5,3650","132,210,2,2128","132,82,5","132,66,5","132,50,5"]|636148146015160000|13:50:01:516
62|1.1|636147902997627460|780ef2|49806.5|9.75822656988|101.03362516901|31293|-434628||49806.5|350||34993.75|348.5|49806.5|780ef2|CHB6357|0|1463|0|||3|3|0|1|1|132|83|["132,18,5,3650","132,210,2,2128","132,82,5","132,66,5","132,50,5"]|636148146065000000|13:50:06:500
62|1.1|636147903047542451|780ef2|49811.5|9.74814684349|101.03632346724|31591|-435744||49811.5|350||34987.5|348.5|49811.5|780ef2|CHB6357|0|1463|0|||3|3|0|1|1|132|18|["132,18,5,3650","132,210,2,2128","132,82,5","132,66,5","132,50,5"]|636148146115000000|13:50:11:500
62|1.1|636147903097467443|780ef2|49816.5|9.73817976971|101.03902176547|31888|-436847||49816.5|350||35000|348.5|49816.5|780ef2|CHB6357|0|1463|0|||3|3|0|1|1|132|18|["132,18,5,3650","132,210,2,2128","132,82,5","132,66,5","132,50,5"]|636148146165000000|13:50:16:500
62|1.1|636147903147392435|780ef2|49821.4765625|9.72814832301|101.04168787724|32182|-437958||49821.4765625|350||34993.75|348.5|49821.4765625|780ef2|CHB6357|0|1463|0|||3|3|0|1|1|132|18|["132,18,5,3650","132,210,2,2128","132,82,5","132,66,5","132,50,5"]|636148146214770000|13:50:21:477
62|1.1|636147903197307426|780ef2|49826.4765625|9.717628715|101.04457392982|32501|-439122||49826.4765625|350||34987.5|348.5|49826.4765625|780ef2|CHB6357|0|1463|0|||3|3|0|1|1|132|18|["132,18,5,3650","132,210,2,2128","132,82,5","132,66,5","132,50,5"]|636148146264770000|13:50:26:477
62|1.1|636147903247242419|780ef2|49831.4609375|9.70792449731|101.04729368569|32800|-440197||49831.4609375|350||35000|348.5|49831.4609375|780ef2|CHB6357|0|1463|0|||3|3|0|1|1|132|82|["132,18,5,3650","132,210,2,2128","132,82,5","132,66,5","132,50,5"]|636148146314610000|13:50:31:461
62|1.1|636147903297157410|780ef2|49836.4609375|9.69782331328|101.05002417038|33102|-441315||49836.4609375|350||35000|348.5|49836.4609375|780ef2|CHB6357|0|1463|0|||3|3|0|1|1|132|82|["132,18,5,3650","132,210,2,2128","132,82,5","132,66,5","132,50,5"]|636148146364610000|13:50:36:461
62|1.1|636147903347082402|780ef2|49841.4609375|9.68764702751|101.05276001948|33403|-442442||49841.4609375|350||34962.5|348.5|49841.4609375|780ef2|CHB6357|0|1463|0|||3|3|0|1|1|132|82|["132,18,5,3650","132,210,2,2128","132,82,5","132,66,5","132,50,5"]|636148146414610000|13:50:41:461
62|1.1|636147903396997393|780ef2|49846.4375|9.67732053826|101.05552269063|33708|-443585||49846.4375|350||34906.25|348.5|49846.4375|780ef2|CHB6357|0|1463|0|||3|3|0|1|1|132|82|["132,18,5,3650","132,210,2,2128","132,82,5","132,66,5","132,50,5"]|636148146464380000|13:50:46:438
62|1.1|636147903446922385|780ef2|49851.4375|9.66702623547|101.05823171768|34007|-444725||49851.4375|350||34850|348.5|49851.4375|780ef2|CHB6357|0|1463|0|||3|3|0|1|1|132|82|["132,18,5,3650","132,210,2,2128","132,82,5","132,66,5","132,50,5"]|636148146514380000|13:50:51:438
62|1.1|636147903496847377|780ef2|49856.421875|9.65661391566|101.06099438883|34312|-445877||49856.421875|350||34818.75|348.5|49856.421875|780ef2|CHB6357|0|1463|0|||3|3|0|1|1|132|82|["132,18,5,3650","132,210,2,2128","132,82,5","132,66,5","132,50,5"]|636148146564220000|13:50:56:422
62|1.1|636147903546762368|780ef2|49861.421875|9.64710818114|101.0637677888|34618|-446930||49861.421875|350||34987.5|348.5|49861.421875|780ef2|CHB6357|0|1463|0|||3|3|0|1|1|132|50|["132,18,5,3650","132,210,2,2128","132,82,5","132,66,5","132,50,5"]|636148146614220000|13:51:01:422
62|1.1|636147903596687360|780ef2|49866.421875|9.63610577623|101.06693815511|34968|-448148||49866.421875|350||34981.25|348.5|49866.421875|780ef2|CHB6357|0|1463|0|||3|3|0|1|1|132|50|["132,18,5,3650","132,210,2,2128","132,82,5","132,66,5","132,50,5"]|636148146664220000|13:51:06:422
62|1.1|636147903646612352|780ef2|49871.3984375|9.62592412605|101.06973301272|35276|-449275||49871.3984375|350||34975|348.5|49871.3984375|780ef2|CHB6357|0|1463|0|||3|3|0|1|1|132|50|["132,210,2,2128","132,82,5","132,66,5","132,50,5"]|636148146713980000|13:51:11:398
62|1.1|636147903696527343|780ef2|49876.3984375|9.61578539115|101.07255469238|35587|-450397||49876.3984375|350||34975|348.5|49876.3984375|780ef2|CHB6357|0|1463|0|||3|3|0|1|1|132|50|["132,210,2,2128","132,82,5","132,66,5","132,50,5"]|636148146763980000|13:51:16:398
62|1.1|636147903746452335|780ef2|49881.375|9.60567884271|101.07538710086|35900|-451517||49881.375|350||34956.25|348.5|49881.375|780ef2|CHB6357|0|1463|0|||3|3|0|1|1|132|82|["132,210,2,2128","132,82,5","132,66,5","132,50,5"]|636148146813750000|13:51:21:375
62|1.1|636147903796377327|780ef2|49886.375|9.59554547222|101.07816586524|36207|-452638||49886.375|350||34943.75|348.5|49886.375|780ef2|CHB6357|0|1463|0|||3|3|0|1|1|132|82|["132,210,2,2128","132,82,5","132,66,5","132,50,5"]|636148146863750000|13:51:26:375
62|1.1|636147903846292318|780ef2|49891.375|9.58548183906|101.08096608726|36516|-453753||49891.375|350||34937.5|348.5|49891.375|780ef2|CHB6357|0|1463|0|||3|3|0|1|1|132|82|["132,210,2,2128","132,82,5","132,66,5","132,50,5"]|636148146913750000|13:51:31:375
62|1.1|636147903896217310|780ef2|49896.359375|9.57545575677|101.08381458897|36830|-454863||49896.359375|350||34931.25|348.5|49896.359375|780ef2|CHB6357|0|1463|0|||3|3|0|1|1|132|82|["132,210,2,2128","132,82,5","132,66,5","132,50,5"]|636148146963590000|13:51:36:359
62|1.1|636147903946132301|780ef2|49901.359375|9.56537066597|101.08679183652|37159|-455979||49901.359375|349.75||34937.5|348|49901.359375|780ef2|CHB6357|0|1463|0|||3|3|0|1|1|132|82|["132,210,2,2128","132,82,5","132,66,5","132,50,5"]|636148147013590000|13:51:41:359
62|1.1|636147903996067294|780ef2|49906.3359375|9.5555162448|101.0897315332|37483|-457070||49906.3359375|349.75||34943.75|348|49906.3359375|780ef2|CHB6357|0|1463|0|||3|3|0|1|1|132|82|["132,210,2,2128","132,82,5","132,66,5","132,50,5"]|636148147063360000|13:51:46:336
62|1.1|636147904045982285|780ef2|49911.3359375|9.5454847981|101.09295554361|37839|-458181||49911.3359375|349.75||34975|348|49911.3359375|780ef2|CHB6357|0|1463|0|||3|3|0|1|1|132|51|["132,210,2,2128","132,82,5","132,66,5","132,50,5"]|636148147113360000|13:51:51:336
62|1.1|636147904095907277|780ef2|49916.3359375|9.53630092818|101.09600252849|38175|-459197||49916.3359375|349.75||34987.5|348|49916.3359375|780ef2|CHB6357|0|1463|0|||3|3|0|1|1|132|82|["132,210,2,2128","132,82,5","132,66,5","132,50,5"]|636148147163360000|13:51:56:336
62|1.1|636147904145822268|780ef2|49921.3203125|9.52732627025|101.09896368281|38502|-460191||49921.3203125|349.75||34981.25|348|49921.3203125|780ef2|CHB6357|0|1463|0|||3|3|0|1|1|132|82|["132,210,2,2128","132,82,5","132,66,5","132,50,5"]|636148147213200000|13:52:01:320
62|1.1|636147904195747260|780ef2|49926.3203125|9.51824432412|101.10216087117|38855|-461196||49926.3203125|349.5||34968.75|348|49926.3203125|780ef2|CHB6357|0|1463|0|||3|3|0|1|1|132|82|["132,210,2,2128","132,82,5","132,66,5","132,50,5"]|636148147263200000|13:52:06:320
62|1.1|636147904245672252|780ef2|49931.296875|9.50790174164|101.10570138177|39245|-462341||49931.296875|349.5||34956.25|348|49931.296875|780ef2|CHB6357|0|1463|0|||3|3|0|1|1|132|82|["132,210,2,2128","132,82,5","132,66,5","132,50,5"]|636148147312970000|13:52:11:297
62|1.1|636147904295587243|780ef2|49936.296875|9.4983316342|101.10940818908|39654|-463400||49936.296875|349.5||34943.75|348|49936.296875|780ef2|CHB6357|0|1463|0|||3|3|0|1|1|132|82|["132,210,2,2128","132,82,5","132,66,5","132,50,5"]|636148147362970000|13:52:16:297
62|1.1|636147904345512235|780ef2|49941.296875|9.48865423856|101.11315791167|40068|-464472||49941.296875|349.5||34943.75|348|49941.296875|780ef2|CHB6357|0|1463|0|||3|3|0|1|1|132|82|["132,210,2,2128","132,82,5","132,66,5","132,50,5"]|636148147412970000|13:52:21:297
62|1.1|636147904395437227|780ef2|49946.28125|9.47952401274|101.11670915109|40460|-465483||49946.28125|349.5||34950|348|49946.28125|780ef2|CHB6357|0|1463|0|||3|3|0|1|1|132|50|["132,210,2,2128","132,82,5","132,66,5","132,50,5"]|636148147462810000|13:52:26:281
62|1.1|636147904445362219|780ef2|49951.28125|9.46999682058|101.12041059399|40868|-466537||49951.28125|349.5||34956.25|348|49951.28125|780ef2|CHB6357|0|1463|0|||3|3|0|1|1|132|83|["132,210,2,2128","132,82,5","132,66,5","132,50,5"]|636148147512810000|13:52:31:281
62|1.1|636147904495277210|780ef2|49956.2578125|9.46009411972|101.12450900323|41320|-467634||49956.2578125|349.5||34943.75|348|49956.2578125|780ef2|CHB6357|0|1463|0|||3|3|0|1|1|132|82|["132,210,2,2128","132,82,5","132,66,5","132,50,5"]|636148147562580000|13:52:36:258
62|1.1|636147904545192201|780ef2|49961.2578125|9.45010022389|101.1284625734|41757|-468740||49961.2578125|349.5||34943.75|348|49961.2578125|780ef2|CHB6357|0|1463|0|||3|3|0|1|1|132|82|["132,210,2,2128","132,82,5","132,66,5","132,50,5"]|636148147612580000|13:52:41:258
62|1.1|636147904595117193|780ef2|49966.2578125|9.44036381974|101.13223375363|42173|-469817||49966.2578125|349.5||34931.25|348|49966.2578125|780ef2|CHB6357|0|1463|0|||3|3|0|1|1|132|82|["132,210,2,2128","132,82,5","132,66,5","132,50,5"]|636148147662580000|13:52:46:258
62|1.1|636147904645042185|780ef2|49971.2421875|9.43100292429|101.13596201858|42584|-470854||49971.2421875|349.5||34943.75|348|49971.2421875|780ef2|CHB6357|0|1463|0|||3|3|0|1|1|132|50|["132,210,2,2128","132,82,5","132,66,5","132,50,5"]|636148147712420000|13:52:51:242
62|1.1|636147904694957176|780ef2|49976.2421875|9.42123433368|101.13978684291|43006|-471935||49976.2421875|349.5||34950|348|49976.2421875|780ef2|CHB6357|0|1463|0|||3|3|0|1|1|132|82|["132,210,2,2128","132,82,5","132,66,5","132,50,5"]|636148147762420000|13:52:56:242
62|1.1|636147904744882168|780ef2|49981.21875|9.41084347151|101.14384770128|43454|-473085||49981.21875|349.5||34931.25|348|49981.21875|780ef2|CHB6357|0|1463|0|||3|3|0|1|1|132|82|["132,210,2,2128","132,82,5","132,66,5","132,50,5"]|636148147812190000|13:53:01:219
62|1.1|636147904791696849|780ef2|49985.8984375|9.40101587239|101.14751159331|43859|-474173||49985.8984375|349.5||34937.5|348|49985.8984375|780ef2|CHB6357|0|1463|0|||3|3|0|1|1|132|51|["132,210,2,2128","132,82,5","132,66,5","132,50,5"]|636148147858980000|13:53:05:898
62|1.1|636147904841611840|780ef2|49990.8984375|9.39206803651|101.15092872248|44236|-475164||49990.8984375|349.75||34962.5|348|49990.8984375|780ef2|CHB6357|0|1463|0|||3|3|0|1|1|132|83|["132,210,2,2128","132,82,5","132,66,5","132,50,5"]|636148147908980000|13:53:10:898
62|1.1|636147904891526831|780ef2|49995.8984375|9.38235845441|101.15454969923|44636|-476239||49995.8984375|349.75||34975|348|49995.8984375|780ef2|CHB6357|0|1463|0|||3|3|0|1|1|132|83|["132,210,2,2128","132,82,5","132,66,5","132,50,5"]|636148147958980000|13:53:15:898
62|1.1|636147904941471825|780ef2|50000.875|9.37269178759|101.15825650654|45045|-477309||50000.875|350||34975|348|50000.875|780ef2|CHB6357|0|1463|0|||3|3|0|1|1|132|210|["132,210,2,2128","132,82,5","132,66,5","132,50,5"]|636148148008750000|13:53:20:875
62|1.1|636147904991376815|780ef2|50005.875|9.3629339258|101.16195794944|45454|-478389||50005.875|350||34956.25|348|50005.875|780ef2|CHB6357|0|1463|0|||3|3|0|1|1|132|210|["132,210,2,2128","132,82,5","132,66,5","132,50,5"]|636148148058750000|13:53:25:875
62|1.1|636147905041291806|780ef2|50010.859375|9.35169012244|101.16580959582|45880|-479634||50010.859375|350||34906.25|348|50010.859375|780ef2|CHB6357|0|1463|0|||3|3|0|1|1|132|210|["132,210,2,2128","132,82,5","132,66,5","132,50,5"]|636148148108590000|13:53:30:859
62|1.1|636147905091216798|780ef2|50015.859375|9.34162648928|101.16960223369|46298|-480748||50015.859375|350||34893.75|348|50015.859375|780ef2|CHB6357|0|1463|0|||3|3|0|1|1|132|210|["132,210,2,2128","132,82,5","132,66,5","132,50,5"]|636148148158590000|13:53:35:859
62|1.1|636147905141161792|780ef2|50020.859375|9.33245871259|101.17297644758|46671|-481763||50020.859375|350||34981.25|348.5|50020.859375|780ef2|CHB6357|0|1463|0|||3|3|0|1|1|132|210|["132,210,2,2128","132,82,5","132,66,5","132,50,5"]|636148148208590000|13:53:40:859
62|1.1|636147905191066782|780ef2|50025.8359375|9.32217513862|101.17647940731|47058|-482901||50025.8359375|350||35000|348.5|50025.8359375|780ef2|CHB6357|0|1463|0|||3|3|0|1|1|132|51|["132,210,2,2128","132,82,5","132,66,5","132,50,5"]|636148148258360000|13:53:45:836
62|1.1|636147905240981773|780ef2|50030.8359375|9.31242264124|101.18018621462|47468|-483981||50030.8359375|350||35000|348.5|50030.8359375|780ef2|CHB6357|0|1463|0|||3|3|0|1|1|132|210|["132,210,2,2128","132,82,5","132,66,5","132,50,5"]|636148148308360000|13:53:50:836
62|1.1|636147905290916766|780ef2|50035.8203125|9.3017796518|101.18395739485|47884|-485159||50035.8203125|350||34962.5|348.5|50035.8203125|780ef2|CHB6357|0|1463|0|||3|3|0|1|1|132|50|["132,210,2,2128","132,82,5","132,66,5","132,50,5"]|636148148358200000|13:53:55:820
62|1.1|636147905340831757|780ef2|50040.8203125|9.29267088362|101.18725114259|48248|-486168||50040.8203125|350||34993.75|348.5|50040.8203125|780ef2|CHB6357|0|1463|0|||3|3|0|1|1|132|50|["132,210,2,2128","132,82,5","132,66,5","132,50,5"]|636148148408200000|13:54:00:820
62|1.1|636147905390746748|780ef2|50045.8203125|9.28287010655|101.19086675493|48647|-487253||50045.8203125|350||34975|348.5|50045.8203125|780ef2|CHB6357|0|1463|0|||3|3|0|1|1|132|50|["132,210,2,2128","132,82,5","132,66,5","132,50,5"]|636148148458200000|13:54:05:820
62|1.1|636147905440671740|780ef2|50050.796875|9.27317661768|101.19449309609|49048|-488326||50050.796875|350||34962.5|348.5|50050.796875|780ef2|CHB6357|0|1463|0|||3|3|0|1|1|132|50|["132,210,2,2128","132,82,5","132,66,5","132,50,5"]|636148148507970000|13:54:10:797
62|1.1|636147905490616734|780ef2|50055.796875|9.26338120502|101.19814089489|49451|-489410||50055.796875|350||34925|348.5|50055.796875|780ef2|CHB6357|0|1463|0|||3|3|0|1|1|132|210|["132,210,2,2128","132,82,5","132,66,5","132,50,5"]|636148148557970000|13:54:15:797
62|1.1|636147905540511723|780ef2|50060.78125|9.25346241093|101.20176723605|49852|-490508||50060.78125|350||34862.5|348.5|50060.78125|780ef2|CHB6357|0|1463|0|||3|3|0|1|1|132|210|["132,210,2,2128","132,82,5","132,66,5","132,50,5"]|636148148607810000|13:54:20:781
62|1.1|636147905590446716|780ef2|50065.78125|9.24358116771|101.20539357721|50253|-491602||50065.78125|350||34831.25|348.5|50065.78125|780ef2|CHB6357|0|1463|0|||3|3|0|1|1|132|210|["132,210,2,2128","132,82,5","132,66,5","132,50,5"]|636148148657810000|13:54:25:781
62|1.1|636147905640361707|780ef2|50070.78125|9.23248756783|101.2090896557|50661|-492830||50070.78125|350||34962.5|348.5|50070.78125|780ef2|CHB6357|0|1463|0|||3|3|0|1|1|132|210|["132,210,2,2128","132,82,5","132,66,5","132,50,5"]|636148148707810000|13:54:30:781
62|1.1|636147905690296700|780ef2|50075.7578125|9.22194113777|101.21274818332|51066|-493998||50075.7578125|350||34981.25|348.5|50075.7578125|780ef2|CHB6357|0|1463|0|||3|3|0|1|1|132|83|["132,210,2,2128","132,82,5","132,66,5","132,50,5"]|636148148757580000|13:54:35:758
62|1.1|636147905740201690|780ef2|50080.7578125|9.21157709765|101.2164388974|51474|-495146||50080.7578125|350.25||35000|348.5|50080.7578125|780ef2|CHB6357|0|1463|0|||3|3|0|1|1|132|51|["132,210,2,2128","132,82,5","132,66,5","132,50,5"]|636148148807580000|13:54:40:758
62|1.1|636147905790126682|780ef2|50085.7421875|9.20198016816|101.21994185713|51861|-496208||50085.7421875|350||35018.75|348.5|50085.7421875|780ef2|CHB6357|0|1463|0|||3|3|0|1|1|132|210|["132,210,2,2128","132,82,5","132,66,5","132,50,5"]|636148148857420000|13:54:45:742
62|1.1|636147905840051674|780ef2|50090.7421875|9.19209356053|101.2235735627|52263|-497302||50090.7421875|350||35037.5|348.75|50090.7421875|780ef2|CHB6357|0|1463|0|||3|3|0|1|1|132|210|["132,210,2,2128","132,82,5","132,66,5","132,50,5"]|636148148907420000|13:54:50:742
62|1.1|636147905889976666|780ef2|50095.7421875|9.182260597|101.22715162417|52659|-498391||50095.7421875|350||35037.5|348.75|50095.7421875|780ef2|CHB6357|0|1463|0|||3|3|0|1|1|132|210|["132,210,2,2128","132,82,5","132,66,5","132,50,5"]|636148148957420000|13:54:55:742
62|1.1|636147905939891657|780ef2|50100.71875|9.17243836229|101.23078869415|53061|-499478||50100.71875|350||35043.75|348.75|50100.71875|780ef2|CHB6357|0|1463|0|||3|3|0|1|1|132|210|["132,210,2,2128","132,82,5","132,66,5","132,50,5"]|636148149007190000|13:55:00:719
62|1.1|636147905989806648|780ef2|50105.71875|9.16180610167|101.23452232351|53474|-500656||50105.71875|350||35037.5|349|50105.71875|780ef2|CHB6357|0|1463|0|||3|3|0|1|1|132|51|["132,210,2,2128","132,82,5","132,66,5","132,50,5"]|636148149057190000|13:55:05:719
62|1.1|636147906039731640|780ef2|50110.6953125|9.15197313814|101.23814866467|53875|-501744||50110.6953125|350||35037.5|349|50110.6953125|780ef2|CHB6357|0|1463|0|||3|3|0|1|1|132|210|["132,210,2,2128","132,82,5","132,66,5","132,50,5"]|636148149106950000|13:55:10:695
62|1.1|636147906089656632|780ef2|50115.6953125|9.14208653051|101.24175354819|54274|-502839||50115.6953125|350||35018.75|349|50115.6953125|780ef2|CHB6357|0|1463|0|||3|3|0|1|1|132|210|["132,210,2,2128","132,82,5","132,66,5","132,50,5"]|636148149156950000|13:55:15:695
62|1.1|636147906139581624|780ef2|50120.6953125|9.13284901649|101.24498828742|54631|-503861||50120.6953125|350.25||35050|349|50120.6953125|780ef2|CHB6357|0|1463|0|||3|3|0|1|1|132|50|["132,210,2,2128","132,82,5","132,66,5","132,50,5"]|636148149206950000|13:55:20:695
62|1.1|636147906189496615|780ef2|50125.6796875|9.12328963787|101.24845906069|55015|-504920||50125.6796875|350.25||35037.5|348.75|50125.6796875|780ef2|CHB6357|0|1463|0|||3|3|0|1|1|132|50|["132,210,2,2128","132,82,5","132,66,5","132,50,5"]|636148149256800000|13:55:25:680
62|1.1|636147906239421607|780ef2|50130.6796875|9.11304361477|101.25213368154|55422|-506054||50130.6796875|350.25||35031.25|349|50130.6796875|780ef2|CHB6357|0|1463|0|||3|3|0|1|1|132|51|["132,210,2,2128","132,82,5","132,66,5","132,50,5"]|636148149306800000|13:55:30:680
62|1.1|636147906289346599|780ef2|50135.65625|9.10325356652|101.25571710742|55818|-507138||50135.65625|350||35018.75|348.75|50135.65625|780ef2|CHB6357|0|1463|0|||3|3|0|1|1|132|210|["132,210,2,2128","132,82,5","132,66,5","132,50,5"]|636148149356560000|13:55:35:656
62|1.1|636147906339261590|780ef2|50140.65625|9.09350643355|101.2593005333|56215|-508217||50140.65625|350||35006.25|348.75|50140.65625|780ef2|CHB6357|0|1463|0|||3|3|0|1|1|132|210|["132,210,2,2128","132,82,5","132,66,5","132,50,5"]|636148149406560000|13:55:40:656
62|1.1|636147906389196583|780ef2|50145.65625|9.08355008859|101.26284640831|56607|-509319||50145.65625|350||34950|348.75|50145.65625|780ef2|CHB6357|0|1463|0|||3|3|0|1|1|132|210|["132,210,2,2128","132,82,5","132,66,5","132,50,5"]|636148149456560000|13:55:45:656
62|1.1|636147906439111574|780ef2|50150.640625|9.07354009953|101.26636009686|56996|-510428||50150.640625|350||34843.75|348.75|50150.640625|780ef2|CHB6357|0|1463|0|||3|3|0|1|1|132|210|["132,210,2,2128","132,82,5","132,66,5","132,50,5"]|636148149506410000|13:55:50:641
62|1.1|636147906489036566|780ef2|50155.640625|9.06324043233|101.27004544653|57404|-511568||50155.640625|350||34750|348.5|50155.640625|780ef2|CHB6357|0|1463|0|||3|3|0|1|1|132|210|["132,210,2,2128","132,82,5","132,66,5","132,50,5"]|636148149556410000|13:55:55:641
62|1.1|636147906538951557|780ef2|50160.6171875|9.05306951097|101.27368788092|57807|-512694||50160.6171875|350||34706.25|348.5|50160.6171875|780ef2|CHB6357|0|1463|0|||3|3|0|1|1|132|210|["132,210,2,2128","132,82,5","132,66,5","132,50,5"]|636148149606170000|13:56:00:617
62|1.1|636147906588866548|780ef2|50165.6171875|9.04311853042|101.27731958649|58209|-513796||50165.6171875|350||34706.25|348.25|50165.6171875|780ef2|CHB6357|0|1463|0|||3|3|0|1|1|132|210|["132,210,2,2128","132,82,5","132,66,5","132,50,5"]|636148149656170000|13:56:05:617
62|1.1|636147906638801541|780ef2|50170.6171875|9.03308708372|101.28111222436|58629|-514906||50170.6171875|350||34706.25|348.25|50170.6171875|780ef2|CHB6357|0|1463|0|||3|3|0|1|1|132|210|["132,210,2,2128","132,82,5","132,66,5","132,50,5"]|636148149706170000|13:56:10:617
62|1.1|636147906688716532|780ef2|50175.6015625|9.02323802696|101.28484585372|59042|-515996||50175.6015625|350||34731.25|348|50175.6015625|780ef2|CHB6357|0|1463|0|||3|3|0|1|1|132|210|["132,210,2,2128","132,82,5","132,66,5","132,50,5"]|636148149756020000|13:56:15:602
62|1.1|636147906738641524|780ef2|50180.6015625|9.01315293616|101.28863312718|59461|-517113||50180.6015625|350||34737.5|348.5|50180.6015625|780ef2|CHB6357|0|1463|0|||3|3|0|1|1|132|210|["132,210,2,2128","132,82,5","132,66,5","132,50,5"]|636148149806020000|13:56:20:602
62|1.1|636147906788556515|780ef2|50185.578125|9.00283717573|101.2922916548|59866|-518255||50185.578125|350||34725|348.5|50185.578125|780ef2|CHB6357|0|1463|0|||3|3|0|1|1|132|210|["132,210,2,2128","132,82,5","132,66,5","132,50,5"]|636148149855780000|13:56:25:578
62|1.1|636147906838501509|780ef2|50190.578125|8.99245167797|101.2959930977|60276|-519405||50190.578125|350||34706.25|348.5|50190.578125|780ef2|CHB6357|0|1463|0|||3|3|0|1|1|132|83|["132,210,2,2128","132,82,5","132,66,5","132,50,5"]|636148149905780000|13:56:30:578
62|1.1|636147906888396498|780ef2|50195.578125|8.98231830748|101.29961943886|60678|-520527||50195.578125|350||34737.5|347.75|50195.578125|780ef2|CHB6357|0|1463|0|||3|3|0|1|1|132|210|["132,210,2,2128","132,82,5","132,66,5","132,50,5"]|636148149955780000|13:56:35:578
62|1.1|636147906938321490|780ef2|50200.5625|8.97226540314|101.30320822915|61075|-521640||50200.5625|350||34775|347.75|50200.5625|780ef2|CHB6357|0|1463|0|||3|3|0|1|1|132|210|["132,210,2,2128","132,82,5","132,66,5","132,50,5"]|636148150005630000|13:56:40:563
62|1.1|636147906988246482|780ef2|50205.5625|8.96211593942|101.30689357882|61483|-522764||50205.5625|350||34781.25|347.75|50205.5625|780ef2|CHB6357|0|1463|0|||3|3|0|1|1|132|50|["132,210,2,2128","132,82,5","132,66,5","132,50,5"]|636148150055630000|13:56:45:563
62|1.1|636147907038181475|780ef2|50210.5390625|8.95201475539|101.31062720818|61896|-523882||50210.5390625|350||34800|347.75|50210.5390625|780ef2|CHB6357|0|1463|0|||3|3|0|1|1|132|50|["132,210,2,2128","132,82,5","132,66,5","132,50,5"]|636148150105390000|13:56:50:539
62|1.1|636147907088086465|780ef2|50215.5390625|8.94195648664|101.31436620195|62311|-524996||50215.5390625|350||34812.5|347.75|50215.5390625|780ef2|CHB6357|0|1463|0|||3|3|0|1|1|132|210|["132,210,2,2128","132,82,5","132,66,5","132,50,5"]|636148150155390000|13:56:55:539
62|1.1|636147907138011457|780ef2|50220.5390625|8.93181238733|101.3180944669|62724|-526119||50220.5390625|350.25||34831.25|347.75|50220.5390625|780ef2|CHB6357|0|1463|0|||3|3|0|1|1|132|51|["132,210,2,2128","132,82,5","132,66,5","132,50,5"]|636148150205390000|13:57:00:539
62|1.1|636147907187936449|780ef2|50225.515625|8.92147516926|101.32168325719|63121|-527263||50225.515625|350.25||34812.5|348|50225.515625|780ef2|CHB6357|0|1463|0|||3|3|0|1|1|132|83|["132,210,2,2128","132,82,5","132,66,5","132,50,5"]|636148150255160000|13:57:05:516
62|1.1|636147907237851440|780ef2|50230.515625|8.91139544287|101.32531496276|63524|-528379||50230.515625|350||34837.5|348|50230.515625|780ef2|CHB6357|0|1463|0|||3|3|0|1|1|132|210|["132,210,2,2128","132,82,5","132,66,5","132,50,5"]|636148150305160000|13:57:10:516
62|1.1|636147907287776432|780ef2|50235.5|8.90121379269|101.32896276156|63928|-529507||50235.5|350||34837.5|348|50235.5|780ef2|CHB6357|0|1463|0|||3|3|0|1|1|132|210|["132,210,2,2128","132,82,5","132,66,5","132,50,5"]|636148150355000000|13:57:15:500
62|1.1|636147907337701424|780ef2|50240.5|8.89099995605|101.33267493328|64339|-530637||50240.5|350||34837.5|348|50240.5|780ef2|CHB6357|0|1463|0|||3|3|0|1|1|132|210|["132,210,2,2128","132,82,5","132,66,5","132,50,5"]|636148150405000000|13:57:20:500
62|1.1|636147907387626416|780ef2|50245.5|8.88082903469|101.33642465587|64754|-531763||50245.5|350||34837.5|348|50245.5|780ef2|CHB6357|0|1463|0|||3|3|0|1|1|132|210|["132,210,2,2128","132,82,5","132,66,5","132,50,5"]|636148150455000000|13:57:25:500
62|1.1|636147907437541407|780ef2|50250.4765625|8.87074394389|101.34007781908|65159|-532880||50250.4765625|350||34843.75|348|50250.4765625|780ef2|CHB6357|0|1463|0|||3|3|0|1|1|132|210|["132,210,2,2128","132,82,5","132,66,5","132,50,5"]|636148150504770000|13:57:30:477
62|1.1|636147907487456398|780ef2|50255.4765625|8.86055156489|101.34375780434|65567|-534009||50255.4765625|350||34837.5|348|50255.4765625|780ef2|CHB6357|0|1463|0|||3|3|0|1|1|132|210|["132,210,2,2128","132,82,5","132,66,5","132,50,5"]|636148150554770000|13:57:35:477
62|1.1|636147907537391391|780ef2|50260.4609375|8.85049866055|101.3473841455|65969|-535122||50260.4609375|350||34856.25|348|50260.4609375|780ef2|CHB6357|0|1463|0|||3|3|0|1|1|132|210|["132,210,2,2128","132,82,5","132,66,5","132,50,5"]|636148150604610000|13:57:40:461
62|1.1|636147907587306382|780ef2|50265.4609375|8.84044575621|101.35098366461|66368|-536235||50265.4609375|350||34887.5|348|50265.4609375|780ef2|CHB6357|0|1463|0|||3|3|0|1|1|132|210|["132,210,2,2128","132,82,5","132,66,5","132,50,5"]|636148150654610000|13:57:45:461
62|1.1|636147907637221373|780ef2|50270.4609375|8.83032847895|101.35465828546|66775|-537355||50270.4609375|350||34893.75|348|50270.4609375|780ef2|CHB6357|0|1463|0|||3|3|0|1|1|132|210|["132,210,2,2128","132,82,5","132,66,5","132,50,5"]|636148150704610000|13:57:50:461
62|1.1|636147907687146365|780ef2|50275.4375|8.82013609995|101.35831144867|67180|-538483||50275.4375|350||34875|348|50275.4375|780ef2|CHB6357|0|1463|0|||3|3|0|1|1|132|210|["132,210,2,2128","132,82,5","132,66,5","132,50,5"]|636148150754380000|13:57:55:438
62|1.1|636147907737071357|780ef2|50280.4375|8.81005100915|101.36200216275|67589|-539600||50280.4375|350||34881.25|348|50280.4375|780ef2|CHB6357|0|1463|0|||3|3|0|1|1|132|210|["132,210,2,2128","132,82,5","132,66,5","132,50,5"]|636148150804380000|13:58:00:438
62|1.1|636147907787006350|780ef2|50285.421875|8.79999810481|101.36570897006|68000|-540713||50285.421875|350.5||34881.25|348|50285.421875|780ef2|CHB6357|0|1463|0|||3|3|0|1|1|132|51|["132,210,2,2128","132,82,5","132,66,5","132,50,5"]|636148150854220000|13:58:05:422
62|1.1|636147907836911340|780ef2|50290.421875|8.78988082755|101.36942650619|68412|-541833||50290.421875|350.25||34875|348|50290.421875|780ef2|CHB6357|0|1463|0|||3|3|0|1|1|132|50|["132,210,2,2128","132,82,5","132,66,5","132,50,5"]|636148150904220000|13:58:10:422
62|1.1|636147907886836332|780ef2|50295.421875|8.77989229613|101.37300456766|68809|-542939||50295.421875|350.25||34893.75|348|50295.421875|780ef2|CHB6357|0|1463|0|||3|3|0|1|1|132|66|["132,210,2,2128","132,82,5","132,66,5","132,50,5"]|636148150954220000|13:58:15:422
62|1.1|636147907936751323|780ef2|50300.3984375|8.76974283241|101.37662018|69210|-544063||50300.3984375|350||34881.25|348|50300.3984375|780ef2|CHB6357|0|1463|0|||3|3|0|1|1|132|210|["132,210,2,2128","132,82,5","132,66,5","132,50,5"]|636148151003980000|13:58:20:398
62|1.1|636147907986676315|780ef2|50305.3984375|8.76146018337|101.37964570724|69545|-544980||50305.3984375|350||35037.5|348.25|50305.3984375|780ef2|CHB6357|0|1463|0|||3|3|0|1|1|132|210|["132,210,2,2128","132,82,5","132,66,5","132,50,5"]|636148151053980000|13:58:25:398
62|1.1|636147908036611308|780ef2|50310.375|8.7513911858|101.38328277722|69949|-546095||50310.375|350||35037.5|348|50310.375|780ef2|CHB6357|0|1463|0|||3|3|0|1|1|132|210|["132,210,2,2128","132,82,5","132,66,5","132,50,5"]|636148151103750000|13:58:30:375
62|1.1|636147908086526299|780ef2|50315.375|8.74116662034|101.38699494894|70360|-547227||50315.375|350.25||34981.25|348|50315.375|780ef2|CHB6357|0|1463|0|||3|3|0|1|1|132|51|["132,210,2,2128","132,82,5","132,66,5","132,50,5"]|636148151153750000|13:58:35:375
62|1.1|636147908136441290|780ef2|50320.375|8.7311673601|101.39068029861|70769|-548334||50320.375|350.25||35018.75|348|50320.375|780ef2|CHB6357|0|1463|0|||3|3|0|1|1|132|66|["132,210,2,2128","132,82,5","132,66,5","132,50,5"]|636148151203750000|13:58:40:375
62|1.1|636147908186366282|780ef2|50325.359375|8.72121101514|101.394322733|71173|-549437||50325.359375|350.25||35025|348|50325.359375|780ef2|CHB6357|0|1463|0|||3|3|0|1|1|132|66|["132,210,2,2128","132,82,5","132,66,5","132,50,5"]|636148151253590000|13:58:45:359
62|1.1|636147908236281273|780ef2|50330.359375|8.71093816999|101.39800808267|71582|-550574||50330.359375|350||35025|348|50330.359375|780ef2|CHB6357|0|1463|0|||3|3|0|1|1|132|210|["132,210,2,2128","132,82,5","132,66,5","132,50,5"]|636148151303590000|13:58:50:359
62|1.1|636147908286206265|780ef2|50335.3359375|8.70152363044|101.40150567799|71970|-551616||50335.3359375|350||35037.5|348|50335.3359375|780ef2|CHB6357|0|1463|0|||3|3|0|1|1|132|210|["132,210,2,2128","132,82,5","132,66,5","132,50,5"]|636148151353360000|13:58:55:336
62|1.1|636147908336131257|780ef2|50340.3359375|8.69163702281|101.40514811238|72374|-552711||50340.3359375|350.25||35043.75|348|50340.3359375|780ef2|CHB6357|0|1463|0|||3|3|0|1|1|132|66|["132,210,2,2128","132,82,5","132,66,5","132,50,5"]|636148151403360000|13:59:00:336
62|1.1|636147908386056249|780ef2|50345.3359375|8.68170213549|101.40874763149|72773|-553811||50345.3359375|350.25||35012.5|347.75|50345.3359375|780ef2|CHB6357|0|1463|0|||3|3|0|1|1|132|66|["132,210,2,2128","132,82,5","132,66,5","132,50,5"]|636148151453360000|13:59:05:336
62|1.1|636147908436001243|780ef2|50350.3203125|8.67180479904|101.41239006588|73177|-554907||50350.3203125|350||35000|347.75|50350.3203125|780ef2|CHB6357|0|1463|0|||3|3|0|1|1|132|210|["132,210,2,2128","132,82,5","132,66,5","132,50,5"]|636148151503200000|13:59:10:320
62|1.1|636147908485896232|780ef2|50355.3203125|8.66156414035|101.41617197493|73597|-556041||50355.3203125|350||34943.75|347.75|50355.3203125|780ef2|CHB6357|0|1463|0|||3|3|0|1|1|132|210|["132,210,2,2128","132,82,5","132,66,5","132,50,5"]|636148151553200000|13:59:15:320
62|1.1|636147908535811223|780ef2|50360.296875|8.65147904955|101.42006653659|74029|-557157||50360.296875|350||34912.5|348|50360.296875|780ef2|CHB6357|0|1463|0|||3|3|0|1|1|132|210|["132,210,2,2128","132,82,5","132,66,5","132,50,5"]|636148151602970000|13:59:20:297
62|1.1|636147908585746216|780ef2|50365.296875|8.63983291544|101.42389672533|74454|-558447||50365.296875|350||34975|347.75|50365.296875|780ef2|CHB6357|0|1463|0|||3|3|0|1|1|132|83|["132,210,2,2128","132,82,5","132,66,5","132,50,5"]|636148151652970000|13:59:25:297
62|1.1|636147908635661207|780ef2|50370.296875|8.62974782464|101.4276893632|74875|-559564||50370.296875|350.25||34956.25|348|50370.296875|780ef2|CHB6357|0|1463|0|||3|3|0|1|1|132|82|["132,210,2,2128","132,82,5","132,66,5","132,50,5"]|636148151702970000|13:59:30:297
62|1.1|636147908685576198|780ef2|50375.28125|8.6194266998|101.43113867883|75258|-560707||50375.28125|350||34900|347.75|50375.28125|780ef2|CHB6357|0|1463|0|||3|3|0|1|1|132|50|["132,210,2,2128","132,82,5","132,66,5","132,50,5"]|636148151752810000|13:59:35:281
62|1.1|636147908735351175|780ef2|50380.28125|8.60925577844|101.43486157937|75671|-561833||50380.28125|350||34837.5|347.75|50380.28125|780ef2|CHB6357|0|1463|0|||3|3|0|1|1|132|50|["132,210,2,2128","132,82,5","132,66,5","132,50,5"]|636148151802810000|13:59:40:281
62|1.1|636147908785276167|780ef2|50385.2578125|8.59908485708|101.4385254714|76078|-562959||50385.2578125|350||34800|347.75|50385.2578125|780ef2|CHB6357|0|1463|0|||3|3|0|1|1|132|50|["132,210,2,2128","132,82,5","132,66,5","132,50,5"]|636148151852580000|13:59:45:258
62|1.1|636147908835191158|780ef2|50390.2578125|8.58901585951|101.4421196261|76477|-564074||50390.2578125|350||34781.25|347.75|50390.2578125|780ef2|CHB6357|0|1463|0|||3|3|0|1|1|132|50|["132,210,2,2128","132,82,5","132,66,5","132,50,5"]|636148151902580000|13:59:50:258
62|1.1|636147908885116150|780ef2|50395.2578125|8.57890931107|101.4457137808|76876|-565193||50395.2578125|350||34781.25|347.75|50395.2578125|780ef2|CHB6357|0|1463|0|||3|3|0|1|1|132|50|["132,210,2,2128","132,82,5","132,66,5","132,50,5"]|636148151952580000|13:59:55:258
62|1.1|636147908935031141|780ef2|50400.2421875|8.56897978816|101.4494688678|77293|-566293||50400.2421875|350||34781.25|347.75|50400.2421875|780ef2|CHB6357|0|1463|0|||3|3|0|1|1|132|50|["132,210,2,2128","132,82,5","132,66,5","132,50,5"]|636148152002420000|14:00:00:242
62|1.1|636147908984956133|780ef2|50405.2421875|8.55888933295|101.4532239548|77710|-567410||50405.2421875|350||34781.25|347.75|50405.2421875|780ef2|CHB6357|0|1463|0|||3|3|0|1|1|132|50|["132,210,2,2128","132,82,5","132,66,5","132,50,5"]|636148152052420000|14:00:05:242
62|1.1|636147909034881125|780ef2|50410.21875|8.54902954737|101.45694685534|78123|-568502||50410.21875|350||34793.75|347.75|50410.21875|780ef2|CHB6357|0|1463|0|||3|3|0|1|1|132|50|["132,210,2,2128","132,82,5","132,66,5","132,50,5"]|636148152102190000|14:00:10:219
62|1.1|636147909084806117|780ef2|50415.21875|8.53891227011|101.46046054389|78513|-569622||50415.21875|350.25||34800|347.75|50415.21875|780ef2|CHB6357|0|1463|0|||3|3|0|1|1|132|50|["132,210,2,2128","132,82,5","132,66,5","132,50,5"]|636148152152190000|14:00:15:219
62|1.1|636147909134721108|780ef2|50420.21875|8.52889691664|101.46403324095|78910|-570731||50420.21875|350||34825|347.75|50420.21875|780ef2|CHB6357|0|1463|0|||3|3|0|1|1|132|82|["132,210,2,2128","132,82,5","132,66,5","132,50,5"]|636148152202190000|14:00:20:219
62|1.1|636147909184646100|780ef2|50425.1953125|8.51884937671|101.46761666683|79308|-571843||50425.1953125|350.25||34831.25|347.75|50425.1953125|780ef2|CHB6357|0|1463|0|||3|3|0|1|1|132|82|["132,210,2,2128","132,82,5","132,66,5","132,50,5"]|636148152251950000|14:00:25:195
62|1.1|636147909234571092|780ef2|50430.1953125|8.50853361628|101.47126983004|79714|-572986||50430.1953125|350||34812.5|347.75|50430.1953125|780ef2|CHB6357|0|1463|0|||3|3|0|1|1|132|82|["132,210,2,2128","132,82,5","132,66,5","132,50,5"]|636148152301950000|14:00:30:195
62|1.1|636147909284496084|780ef2|50435.1796875|8.49859872896|101.47483716269|80110|-574086||50435.1796875|350.25||34831.25|348|50435.1796875|780ef2|CHB6357|0|1463|0|||3|3|0|1|1|132|51|["132,210,2,2128","132,82,5","132,66,5","132,50,5"]|636148152351800000|14:00:35:180
62|1.1|636147909334411075|780ef2|50440.1796875|8.48841707878|101.47854397|80522|-575213||50440.1796875|350||34825|348|50440.1796875|780ef2|CHB6357|0|1463|0|||3|3|0|1|1|132|51|["132,210,2,2128","132,82,5","132,66,5","132,50,5"]|636148152401800000|14:00:40:180
62|1.1|636147909384326066|780ef2|50445.1796875|8.4783963609|101.48223468408|80932|-576323||50445.1796875|350||34818.75|347.75|50445.1796875|780ef2|CHB6357|0|1463|0|||3|3|0|1|1|132|82|["132,210,2,2128","132,82,5","132,66,5","132,50,5"]|636148152451800000|14:00:45:180
62|1.1|636147909434261059|780ef2|50450.15625|8.46839173625|101.48590930493|81340|-577431||50450.15625|350||34831.25|347.75|50450.15625|780ef2|CHB6357|0|1463|0|||3|3|0|1|1|132|83|["132,210,2,2128","132,82,5","132,66,5","132,50,5"]|636148152501560000|14:00:50:156
62|1.1|636147909484186051|780ef2|50455.15625|8.4584407557|101.48945517994|81734|-578533||50455.15625|350||34837.5|347.75|50455.15625|780ef2|CHB6357|0|1463|0|||3|3|0|1|1|132|82|["132,210,2,2128","132,82,5","132,66,5","132,50,5"]|636148152551560000|14:00:55:156
62|1.1|636147909534091041|780ef2|50460.140625|8.44849513956|101.49289376675|82117|-579634||50460.140625|350||34868.75|347.75|50460.140625|780ef2|CHB6357|0|1463|0|||3|3|0|1|1|132|50|["132,210,2,2128","132,82,5","132,66,5","132,50,5"]|636148152601410000|14:01:00:141
62|1.1|636147909584026034|780ef2|50465.140625|8.43849051491|101.49650937909|82518|-580742||50465.140625|349.75||34856.25|347.75|50465.140625|780ef2|CHB6357|0|1463|0|||3|3|0|1|1|132|50|["132,210,2,2128","132,82,5","132,66,5","132,50,5"]|636148152651410000|14:01:05:141
62|1.1|636147909633941025|780ef2|50470.140625|8.42835178001|101.50017327112|82926|-581865||50470.140625|350||34843.75|347.75|50470.140625|780ef2|CHB6357|0|1463|0|||3|3|0|1|1|132|50|["132,210,2,2128","132,82,5","132,66,5","132,50,5"]|636148152701410000|14:01:10:141
62|1.1|636147909683866017|780ef2|50475.1171875|8.41835788418|101.5038639852|83336|-582971||50475.1171875|350||34825|347.75|50475.1171875|780ef2|CHB6357|0|1463|0|||3|3|0|1|1|132|50|["132,210,2,2128","132,82,5","132,66,5","132,50,5"]|636148152751170000|14:01:15:117
62|1.1|636147909733781008|780ef2|50480.1171875|8.41027908272|101.50696997859|83681|-583866||50480.1171875|349.75||34993.75|347.75|50480.1171875|780ef2|CHB6357|0|1463|0|||3|3|0|1|1|132|83|["132,210,2,2128","132,82,5","132,66,5","132,50,5"]|636148152801170000|14:01:20:117
62|1.1|636147909783726002|780ef2|50485.1015625|8.40003305962|101.51070897236|84096|-585000||50485.1015625|349.75||35000|347.5|50485.1015625|780ef2|CHB6357|0|1463|0|||3|3|0|1|1|132|83|["132,210,2,2128","132,82,5","132,66,5","132,50,5"]|636148152851020000|14:01:25:102
62|1.1|636147909833630992|780ef2|50490.1015625|8.39018400286|101.51433531352|84499|-586091||50490.1015625|349.75||35025|347.5|50490.1015625|780ef2|CHB6357|0|1463|0|||3|3|0|1|1|132|82|["132,210,2,2128","132,82,5","132,66,5","132,50,5"]|636148152901020000|14:01:30:102
62|1.1|636147909883545983|780ef2|50495.1015625|8.380281302|101.51798847673|84905|-587188||50495.1015625|349.75||35018.75|347.5|50495.1015625|780ef2|CHB6357|0|1463|0|||3|3|0|1|1|132|82|["132,210,2,2128","132,82,5","132,66,5","132,50,5"]|636148152951020000|14:01:35:102
62|1.1|636147909933480976|780ef2|50500.078125|8.37005137213|101.52159336025|85306|-588321||50500.078125|349.75||34906.25|347.5|50500.078125|780ef2|CHB6357|0|1463|0|||3|3|0|1|1|132|82|["132,210,2,2128","132,82,5","132,66,5","132,50,5"]|636148153000780000|14:01:40:078
62|1.1|636147909983385966|780ef2|50505.078125|8.35983217108|101.52524115905|85712|-589452||50505.078125|349.75||34793.75|347.5|50505.078125|780ef2|CHB6357|0|1463|0|||3|3|0|1|1|132|82|["132,210,2,2128","132,82,5","132,66,5","132,50,5"]|636148153050780000|14:01:45:078
62|1.1|636147910033310958|780ef2|50510.0625|8.34962906326|101.52893187313|86122|-590582||50510.0625|349.75||34706.25|347.5|50510.0625|780ef2|CHB6357|0|1463|0|||3|3|0|1|1|132|82|["132,210,2,2128","132,82,5","132,66,5","132,50,5"]|636148153100630000|14:01:50:063
62|1.1|636147910083235950|780ef2|50515.0625|8.33946887072|101.53259040075|86529|-591707||50515.0625|349.75||34662.5|347.5|50515.0625|780ef2|CHB6357|0|1463|0|||3|3|0|1|1|132|82|["132,210,2,2128","132,82,5","132,66,5","132,50,5"]|636148153150630000|14:01:55:063
62|1.1|636147910133150941|780ef2|50520.0625|8.32940523756|101.53616846222|86927|-592822||50520.0625|349.75||34650|347.5|50520.0625|780ef2|CHB6357|0|1463|0|||3|3|0|1|1|132|82|["132,210,2,2128","132,82,5","132,66,5","132,50,5"]|636148153200630000|14:02:00:063
62|1.1|636147910183075933|780ef2|50525.0390625|8.31921285856|101.53983771866|87335|-593950||50525.0390625|349.75||34637.5|347.5|50525.0390625|780ef2|CHB6357|0|1463|0|||3|3|0|1|1|132|82|["132,210,2,2128","132,82,5","132,66,5","132,50,5"]|636148153250390000|14:02:05:039
62|1.1|636147910233020927|780ef2|50530.0390625|8.30911167453|101.54355525479|87748|-595069||50530.0390625|349.75||34631.25|347.5|50530.0390625|780ef2|CHB6357|0|1463|0|||3|3|0|1|1|132|82|["132,210,2,2128","132,82,5","132,66,5","132,50,5"]|636148153300390000|14:02:10:039
62|1.1|636147910282925917|780ef2|50535.015625|8.29901585491|101.54718159595|88152|-596187||50535.015625|350||34662.5|347.5|50535.015625|780ef2|CHB6357|0|1463|0|||3|3|0|1|1|132|82|["132,210,2,2128","132,82,5","132,66,5","132,50,5"]|636148153350160000|14:02:15:016
62|1.1|636147910332840908|780ef2|50540.015625|8.28900050144|101.55083475916|88558|-597296||50540.015625|349.75||34681.25|347.5|50540.015625|780ef2|CHB6357|0|1463|0|||3|3|0|1|1|132|83|["132,210,2,2128","132,82,5","132,66,5","132,50,5"]|636148153400160000|14:02:20:016
62|1.1|636147910382785902|780ef2|50545.015625|8.27882421567|101.55434844771|88949|-598423||50545.015625|349.75||34725|347.5|50545.015625|780ef2|CHB6357|0|1463|0|||3|3|0|1|1|132|50|["132,210,2,2128","132,82,5","132,66,5","132,50,5"]|636148153450160000|14:02:25:016
62|1.1|636147910432680891|780ef2|50550|8.26890005717|101.55795869564|89351|-599522||50550|350||34762.5|347.75|50550|780ef2|CHB6357|0|1463|0|||3|3|0|1|1|132|50|["132,210,2,2128","132,82,5","132,66,5","132,50,5"]|636148153500000000|14:02:30:000
62|1.1|636147910482615884|780ef2|50555|8.25895444103|101.56155285034|89750|-600623||50555|350||34987.5|347.75|50555|780ef2|CHB6357|0|1463|0|||3|3|0|1|1|132|50|["132,210,2,2128","132,82,5","132,66,5","132,50,5"]|636148153550000000|14:02:35:000
62|1.1|636147910532570879|780ef2|50559.9765625|8.24882643495|101.56520064914|90156|-601745||50559.9765625|350||35025|347.75|50559.9765625|780ef2|CHB6357|0|1463|0|||3|3|0|1|1|132|50|["132,210,2,2128","132,82,5","132,66,5","132,50,5"]|636148153599770000|14:02:39:977
62|1.1|636147910582445866|780ef2|50564.9765625|8.23899347142|101.56875188856|90551|-602834||50564.9765625|350||35031.25|347.75|50564.9765625|780ef2|CHB6357|0|1463|0|||3|3|0|1|1|132|83|["132,210,2,2128","132,82,5","132,66,5","132,50,5"]|636148153649770000|14:02:44:977
62|1.1|636147910632380859|780ef2|50569.9765625|8.2295950251|101.57224948388|90940|-603875||50569.9765625|350||35068.75|347.75|50569.9765625|780ef2|CHB6357|0|1463|0|||3|3|0|1|1|132|82|["132,210,2,2128","132,82,5","132,66,5","132,50,5"]|636148153699770000|14:02:49:977
62|1.1|636147910682295850|780ef2|50574.9609375|8.21976742598|101.57587582504|91344|-604963||50574.9609375|350||35087.5|347.75|50574.9609375|780ef2|CHB6357|0|1463|0|||3|3|0|1|1|132|51|["132,210,2,2128","132,82,5","132,66,5","132,50,5"]|636148153749610000|14:02:54:961
62|1.1|636147910732210841|780ef2|50579.9609375|8.2097467081|101.57956117471|91754|-606073||50579.9609375|350||35056.25|347.75|50579.9609375|780ef2|CHB6357|0|1463|0|||3|3|0|1|1|132|82|["132,210,2,2128","132,82,5","132,66,5","132,50,5"]|636148153799610000|14:02:59:961
62|1.1|636147910782135833|780ef2|50584.9375|8.19987082929|101.58336990581|92177|-607167||50584.9375|350||35006.25|347.75|50584.9375|780ef2|CHB6357|0|1463|0|||3|3|0|1|1|132|82|["132,210,2,2128","132,82,5","132,66,5","132,50,5"]|636148153849380000|14:03:04:938
62|1.1|636147910832060825|780ef2|50589.9375|8.189844747|101.58716254368|92600|-608277||50589.9375|350||34950|347.75|50589.9375|780ef2|CHB6357|0|1463|0|||3|3|0|1|1|132|82|["132,210,2,2128","132,82,5","132,66,5","132,50,5"]|636148153899380000|14:03:09:938
62|1.1|636147910881975816|780ef2|50594.9375|8.17988840204|101.59062258813|92985|-609379||50594.9375|350||34987.5|347.75|50594.9375|780ef2|CHB6357|0|1463|0|||3|3|0|1|1|132|82|["132,210,2,2128","132,82,5","132,66,5","132,50,5"]|636148153949380000|14:03:14:938
62|1.1|636147910931900808|780ef2|50599.921875|8.16976576037|101.59412018345|93374|-610500||50599.921875|350.25||34987.5|347.75|50599.921875|780ef2|CHB6357|0|1463|0|||3|3|0|1|1|132|83|["132,210,2,2128","132,82,5","132,66,5","132,50,5"]|636148153999220000|14:03:19:922
62|1.1|636147910981825800|780ef2|50604.921875|8.16010445796|101.59748366852|93749|-611571||50604.921875|350.25||35018.75|347.75|50604.921875|780ef2|CHB6357|0|1463|0|||3|3|0|1|1|132|51|["132,210,2,2128","132,82,5","132,66,5","132,50,5"]|636148154049220000|14:03:24:922
62|1.1|636147911031740791|780ef2|50609.8984375|8.15032513853|101.60093298415|94133|-612654||50609.8984375|350.25||35012.5|347.75|50609.8984375|780ef2|CHB6357|0|1463|0|||3|3|0|1|1|132|51|["132,210,2,2128","132,82,5","132,66,5","132,50,5"]|636148154098980000|14:03:29:898
62|1.1|636147911081665783|780ef2|50614.8984375|8.14024004773|101.60455932531|94537|-613770||50614.8984375|350.25||35018.75|348|50614.8984375|780ef2|CHB6357|0|1463|0|||3|3|0|1|1|132|82|["132,210,2,2128","132,82,5","132,66,5","132,50,5"]|636148154148980000|14:03:34:898
62|1.1|636147911131590775|780ef2|50619.8984375|8.13009058401|101.60819103088|94941|-614894||50619.8984375|350||35012.5|347.75|50619.8984375|780ef2|CHB6357|0|1463|0|||3|3|0|1|1|132|82|["132,210,2,2128","132,82,5","132,66,5","132,50,5"]|636148154198980000|14:03:39:898
62|1.1|636147911181515767|780ef2|50624.875|8.1204829257|101.61166716856|95328|-615959||50624.875|350||35031.25|347.75|50624.875|780ef2|CHB6357|0|1463|0|||3|3|0|1|1|132|82|["132,210,2,2128","132,82,5","132,66,5","132,50,5"]|636148154248750000|14:03:44:875
62|1.1|636147911231450760|780ef2|50629.875|8.11015643645|101.61537397587|95741|-617102||50629.875|350||35012.5|347.75|50629.875|780ef2|CHB6357|0|1463|0|||3|3|0|1|1|132|50|["132,210,2,2128","132,82,5","132,66,5","132,50,5"]|636148154298750000|14:03:49:875
62|1.1|636147911281365751|780ef2|50634.859375|8.10057023578|101.61880183386|96123|-618164||50634.859375|350||35000|347.75|50634.859375|780ef2|CHB6357|0|1463|0|||3|3|0|1|1|132|50|["132,210,2,2128","132,82,5","132,66,5","132,50,5"]|636148154348590000|14:03:54:859
62|1.1|636147911331280742|780ef2|50639.859375|8.09118251828|101.62222969185|96505|-619204||50639.859375|350||35006.25|347.75|50639.859375|780ef2|CHB6357|0|1463|0|||3|3|0|1|1|132|50|["132,210,2,2128","132,82,5","132,66,5","132,50,5"]|636148154398590000|14:03:59:859
62|1.1|636147911381195733|780ef2|50644.859375|8.08133882593|101.62589894829|96913|-620294||50644.859375|350||35006.25|347.75|50644.859375|780ef2|CHB6357|0|1463|0|||3|3|0|1|1|132|50|["132,210,2,2128","132,82,5","132,66,5","132,50,5"]|636148154448590000|14:04:04:859
62|1.1|636147911431120725|780ef2|50649.8359375|8.0703256922|101.62972377262|97339|-621513||50649.8359375|350||34962.5|347.75|50649.8359375|780ef2|CHB6357|0|1463|0|||3|3|0|1|1|132|82|["132,210,2,2128","132,82,5","132,66,5","132,50,5"]|636148154498360000|14:04:09:836
62|1.1|636147911481065719|780ef2|50654.8359375|8.05989191475|101.6334681308|97756|-622669||50654.8359375|350||34975|347.75|50654.8359375|780ef2|CHB6357|0|1463|0|||3|3|0|1|1|132|83|["132,210,2,2128","132,82,5","132,66,5","132,50,5"]|636148154548360000|14:04:14:836
62|1.1|636147911530960708|780ef2|50659.8203125|8.0503164429|101.63697645494|98147|-623730||50659.8203125|350||34987.5|347.75|50659.8203125|780ef2|CHB6357|0|1463|0|||3|3|0|1|1|132|51|["132,210,2,2128","132,82,5","132,66,5","132,50,5"]|636148154598200000|14:04:19:820
62|1.1|636147911580885700|780ef2|50664.8203125|8.04053712347|101.64046868585|98536|-624813||50664.8203125|350||35000|347.75|50664.8203125|780ef2|CHB6357|0|1463|0|||3|3|0|1|1|132|82|["132,210,2,2128","132,82,5","132,66,5","132,50,5"]|636148154648200000|14:04:24:820
62|1.1|636147911630810692|780ef2|50669.8203125|8.03091337193|101.64395555235|98925|-625879||50669.8203125|350||35006.25|347.75|50669.8203125|780ef2|CHB6357|0|1463|0|||3|3|0|1|1|132|82|["132,210,2,2128","132,82,5","132,66,5","132,50,5"]|636148154698200000|14:04:29:820
62|1.1|636147911680735684|780ef2|50674.796875|8.02119306101|101.64744778326|99314|-626955||50674.796875|350||35012.5|347.75|50674.796875|780ef2|CHB6357|0|1463|0|||3|3|0|1|1|132|82|["132,210,2,2128","132,82,5","132,66,5","132,50,5"]|636148154747970000|14:04:34:797
62|1.1|636147911730650675|780ef2|50679.796875|8.01134400425|101.65110094647|99721|-628046||50679.796875|350||35012.5|347.75|50679.796875|780ef2|CHB6357|0|1463|0|||3|3|0|1|1|132|82|["132,210,2,2128","132,82,5","132,66,5","132,50,5"]|636148154797970000|14:04:39:797
62|1.1|636147911780575667|780ef2|50684.78125|8.00005728561|101.65502233018|100158|-629296||50684.78125|350||34943.75|347.75|50684.78125|780ef2|CHB6357|0|1463|0|||3|3|0|1|1|132|82|["132,210,2,2128","132,82,5","132,66,5","132,50,5"]|636148154847810000|14:04:44:781
62|1.1|636147911830490658|780ef2|50689.78125|7.99007948301|101.65868622221|100566|-630401||50689.78125|350||34900|347.75|50689.78125|780ef2|CHB6357|0|1463|0|||3|3|0|1|1|132|66|["132,210,2,2128","132,82,5","132,66,5","132,50,5"]|636148154897810000|14:04:49:781
62|1.1|636147911880415650|780ef2|50694.78125|7.97967252761|101.66245203803|100986|-631554||50694.78125|349.75||34806.25|347.75|50694.78125|780ef2|CHB6357|0|1463|0|||3|3|0|1|1|132|82|["132,210,2,2128","132,82,5","132,66,5","132,50,5"]|636148154947810000|14:04:54:781
62|1.1|636147911930330641|780ef2|50699.7578125|7.96973227588|101.66612129447|101395|-632655||50699.7578125|350||34750|347.75|50699.7578125|780ef2|CHB6357|0|1463|0|||3|3|0|1|1|132|82|["132,210,2,2128","132,82,5","132,66,5","132,50,5"]|636148154997580000|14:04:59:758
62|1.1|636147911980255633|780ef2|50704.7578125|7.95955599011|101.66982810178|101808|-633782||50704.7578125|350||34700|347.75|50704.7578125|780ef2|CHB6357|0|1463|0|||3|3|0|1|1|132|82|["132,210,2,2128","132,82,5","132,66,5","132,50,5"]|636148155047580000|14:05:04:758
62|1.1|636147912030180625|780ef2|50709.7421875|7.94954063664|101.67358318878|102226|-634891||50709.7421875|350||34668.75|347.75|50709.7421875|780ef2|CHB6357|0|1463|0|||3|3|0|1|1|132|82|["132,210,2,2128","132,82,5","132,66,5","132,50,5"]|636148155097420000|14:05:09:742
62|1.1|636147912080115618|780ef2|50714.7421875|7.93910685919|101.67719343671|102629|-636047||50714.7421875|350||34643.75|347.75|50714.7421875|780ef2|CHB6357|0|1463|0|||3|3|0|1|1|132|50|["132,210,2,2128","132,82,5","132,66,5","132,50,5"]|636148155147420000|14:05:14:742
62|1.1|636147912130020608|780ef2|50719.7421875|7.92897885311|101.68102362545|103056|-637169||50719.7421875|350||34637.5|347.75|50719.7421875|780ef2|CHB6357|0|1463|0|||3|3|0|1|1|132|50|["132,210,2,2128","132,82,5","132,66,2","132,50,5"]|636148155197420000|14:05:19:742
62|1.1|636147912179945600|780ef2|50724.71875|7.91893667759|101.68462314456|103457|-638281||50724.71875|350||34650|347.75|50724.71875|780ef2|CHB6357|0|1463|0|||3|3|0|1|1|132|82|["132,210,2,2128","132,82,5","132,66,2","132,50,5"]|636148155247190000|14:05:24:719
62|1.1|636147912229860591|780ef2|50729.71875|7.90883012915|101.68821193485|103857|-639400||50729.71875|350||34675|347.75|50729.71875|780ef2|CHB6357|0|1463|0|||3|3|0|1|1|132|82|["132,210,2,2128","132,82,5","132,66,2","132,50,5"]|636148155297190000|14:05:29:719
62|1.1|636147912279785583|780ef2|50734.6953125|7.89888987742|101.69172025899|104249|-640501||50734.6953125|350||34668.75|347.75|50734.6953125|780ef2|CHB6357|0|1463|0|||3|3|0|1|1|132|50|["132,210,2,2128","132,82,5","132,66,2","132,50,5"]|636148155346950000|14:05:34:695
62|1.1|636147912329710575|780ef2|50739.6953125|7.88896035451|101.69524467636|104642|-641601||50739.6953125|350||34687.5|347.75|50739.6953125|780ef2|CHB6357|0|1463|0|||3|3|0|1|1|132|50|["132,210,2,2128","132,82,5","132,66,2","132,50,5"]|636148155396950000|14:05:39:695
62|1.1|636147912379635567|780ef2|50744.6953125|7.87885917048|101.69884955988|105044|-642720||50744.6953125|350||34662.5|347.75|50744.6953125|780ef2|CHB6357|0|1463|0|||3|3|0|1|1|132|51|["132,210,2,2128","132,82,5","132,66,2","132,50,5"]|636148155446950000|14:05:44:695
62|1.1|636147912429550558|780ef2|50749.6796875|7.8688384526|101.70241152812|105441|-643830||50749.6796875|350||34656.25|347.75|50749.6796875|780ef2|CHB6357|0|1463|0|||3|3|0|1|1|132|50|["132,210,2,2128","132,82,5","132,66,2","132,50,5"]|636148155496800000|14:05:49:680
62|1.1|636147912479465549|780ef2|50754.6796875|7.85896257379|101.70588230139|105828|-644924||50754.6796875|350||34706.25|347.75|50754.6796875|780ef2|CHB6357|0|1463|0|||3|3|0|1|1|132|51|["132,210,2,2128","132,82,5","132,66,2","132,50,5"]|636148155546800000|14:05:54:680
62|1.1|636147912529390541|780ef2|50759.65625|7.84897404237|101.70939598994|106220|-646030||50759.65625|350||34706.25|347.75|50759.65625|780ef2|CHB6357|0|1463|0|||3|3|0|1|1|132|50|["132,210,2,2128","132,82,5","132,66,2","132,50,5"]|636148155596560000|14:05:59:656
62|1.1|636147912579315533|780ef2|50764.65625|7.83929128232|101.71285603439|106606|-647103||50764.65625|350||35031.25|347.75|50764.65625|780ef2|CHB6357|0|1463|0|||3|3|0|1|1|132|50|["132,210,2,2128","132,50,5"]|636148155646560000|14:06:04:656
62|1.1|636147912629230524|780ef2|50769.65625|7.83020397178|101.716187333|106978|-648109||50769.65625|350||35068.75|347.75|50769.65625|780ef2|CHB6357|0|1463|0|||3|3|0|1|1|132|50|["132,210,2,2128","132,50,5"]|636148155696560000|14:06:09:656
62|1.1|636147912679155516|780ef2|50774.640625|7.8207196949|101.71964201304|107363|-649160||50774.640625|350||35037.5|347.75|50774.640625|780ef2|CHB6357|0|1463|0|||3|3|0|1|1|132|82|["132,210,2,2128","132,82,5","132,50,5"]|636148155746410000|14:06:14:641
62|1.1|636147912729080508|780ef2|50779.640625|7.81065069733|101.72323616774|107764|-650275||50779.640625|350||35025|347.75|50779.640625|780ef2|CHB6357|0|1463|0|||3|3|0|1|1|132|82|["132,210,2,2128","132,82,5","132,50,5"]|636148155796410000|14:06:19:641
62|1.1|636147912779005500|780ef2|50784.6171875|7.80077481852|101.72689469536|108172|-651369||50784.6171875|350||35025|347.75|50784.6171875|780ef2|CHB6357|0|1463|0|||3|3|0|1|1|132|82|["132,210,2,2128","132,82,5","132,50,5"]|636148155846170000|14:06:24:617
62|1.1|636147912828920491|780ef2|50789.6171875|7.79087211766|101.73055322298|108580|-652466||50789.6171875|350||35031.25|347.75|50789.6171875|780ef2|CHB6357|0|1463|0|||3|3|0|1|1|132|82|["132,210,2,2128","132,82,5","132,50,5"]|636148155896170000|14:06:29:617
62|1.1|636147912878855484|780ef2|50794.6171875|7.78089431506|101.73425466588|108993|-653571||50794.6171875|350||35031.25|347.75|50794.6171875|780ef2|CHB6357|0|1463|0|||3|3|0|1|1|132|82|["132,210,2,2128","132,82,5","132,50,5"]|636148155946170000|14:06:34:617
62|1.1|636147912928770475|780ef2|50799.6015625|7.77078240221|101.73803657493|109415|-654691||50799.6015625|350||35012.5|347.75|50799.6015625|780ef2|CHB6357|0|1463|0|||3|3|0|1|1|132|50|["132,210,2,2128","132,82,5","132,50,5"]|636148155996020000|14:06:39:602
62|1.1|636147912978695467|780ef2|50804.6015625|7.76025742979|101.74126594975|109776|-655857||50804.6015625|350||34831.25|347.75|50804.6015625|780ef2|CHB6357|0|1463|0|||3|3|0|1|1|132|50|["132,210,2,2128","132,82,5","132,50,5"]|636148156046020000|14:06:44:602
62|1.1|636147913028610458|780ef2|50809.578125|7.74931403339|101.74523024874|110218|-657069||50809.578125|350||34775|347.75|50809.578125|780ef2|CHB6357|0|1463|0|||3|3|0|1|1|132|82|["132,210,2,2128","132,82,5","132,50,5"]|636148156095780000|14:06:49:578
62|1.1|636147913078535450|780ef2|50814.578125|7.73931477315|101.74876539493|110613|-658177||50814.578125|350||34731.25|347.75|50814.578125|780ef2|CHB6357|0|1463|0|||3|3|0|1|1|132|83|["132,210,2,2128","132,82,5","132,50,5"]|636148156145780000|14:06:54:578
62|1.1|636147913128450441|780ef2|50819.578125|7.72975539453|101.75223080379|111000|-659236||50819.578125|350||35000|347.75|50819.578125|780ef2|CHB6357|0|1463|0|||3|3|0|1|1|132|82|["132,210,2,2128","132,82,5","132,50,5"]|636148156195780000|14:06:59:578
62|1.1|636147913178375433|780ef2|50824.5625|7.71985805808|101.75584105172|111403|-660332||50824.5625|350||35018.75|347.75|50824.5625|780ef2|CHB6357|0|1463|0|||3|3|0|1|1|132|50|["132,210,2,2128","132,82,5","132,50,5"]|636148156245630000|14:07:04:563
62|1.1|636147913228310426|780ef2|50829.5625|7.70992853517|101.7594781217|111809|-661432||50829.5625|350||35012.5|347.75|50829.5625|780ef2|CHB6357|0|1463|0|||3|3|0|1|1|132|50|["132,210,2,2128","132,82,5","132,50,5"]|636148156295630000|14:07:09:563
62|1.1|636147913278215416|780ef2|50834.5390625|7.69989172406|101.76322784429|112227|-662544||50834.5390625|350||34956.25|347.75|50834.5390625|780ef2|CHB6357|0|1463|0|||3|3|0|1|1|132|82|["132,210,2,2128","132,82,5","132,50,5"]|636148156345390000|14:07:14:539
62|1.1|636147913328140408|780ef2|50839.5390625|7.69002120966|101.76681663458|112628|-663637||50839.5390625|350||34925|347.75|50839.5390625|780ef2|CHB6357|0|1463|0|||3|3|0|1|1|132|50|["132,210,2,2128","132,82,5","132,50,5"]|636148156395390000|14:07:19:539
62|1.1|636147913378065400|780ef2|50844.5390625|7.67991466122|101.7704751622|113036|-664757||50844.5390625|350||34831.25|347.75|50844.5390625|780ef2|CHB6357|0|1463|0|||3|3|0|1|1|132|50|["132,210,2,2128","132,82,5","132,50,5"]|636148156445390000|14:07:24:539
62|1.1|636147913427980391|780ef2|50849.515625|7.6696579093|101.77418733392|113451|-665893||50849.515625|350||34718.75|347.75|50849.515625|780ef2|CHB6357|0|1463|0|||3|3|0|1|1|132|51|["132,210,2,2128","132,82,5","132,50,5"]|636148156495160000|14:07:29:516
62|1.1|636147913477905383|780ef2|50854.515625|7.65952453881|101.7778244039|113857|-667015||50854.515625|350||34668.75|347.75|50854.515625|780ef2|CHB6357|0|1463|0|||3|3|0|1|1|132|83|["132,210,2,2128","132,82,5","132,50,5"]|636148156545160000|14:07:34:516
62|1.1|636147913527830375|780ef2|50859.5|7.64943944801|101.78144538065|114261|-668133||50859.5|350||34662.5|347.75|50859.5|780ef2|CHB6357|0|1463|0|||3|3|0|1|1|132|210|["132,210,2,2128","132,82,5","132,50,5"]|636148156595000000|14:07:39:500
62|1.1|636147913577745366|780ef2|50864.5|7.63936508603|101.78520046765|114681|-669249||50864.5|350||34656.25|347.75|50864.5|780ef2|CHB6357|0|1463|0|||3|3|0|1|1|132|83|["132,210,2,2128","132,82,5","132,50,5"]|636148156645000000|14:07:44:500
62|1.1|636147913627670358|780ef2|50869.5|7.62932827492|101.78898774111|115104|-670360||50869.5|350||34662.5|347.75|50869.5|780ef2|CHB6357|0|1463|0|||3|3|0|1|1|132|83|["132,210,2,2128","132,82,5","132,50,5"]|636148156695000000|14:07:49:500
62|1.1|636147913677595350|780ef2|50874.4765625|7.62001565916|101.79216347183|115459|-671392||50874.4765625|350||35018.75|347.75|50874.4765625|780ef2|CHB6357|0|1463|0|||3|3|0|1|1|132|51|["132,210,2,2128","132,82,5","132,50,5"]|636148156744770000|14:07:54:477
62|1.1|636147913727520342|780ef2|50879.4765625|7.61004858538|101.79593465206|115880|-672496||50879.4765625|350||35062.5|347.75|50879.4765625|780ef2|CHB6357|0|1463|0|||3|3|0|1|1|132|210|["132,210,2,2128","132,82,5","132,50,5"]|636148156794770000|14:07:59:477
62|1.1|636147913777445334|780ef2|50884.4609375|7.60078961372|101.79909965396|116233|-673522||50884.4609375|350||35037.5|347.75|50884.4609375|780ef2|CHB6357|0|1463|0|||3|3|0|1|1|132|50|["132,210,2,2128","132,82,5","132,50,5"]|636148156844610000|14:08:04:461
62|1.1|636147913827360325|780ef2|50889.4609375|7.59114976895|101.80250605431|116614|-674590||50889.4609375|350.25||35056.25|348|50889.4609375|780ef2|CHB6357|0|1463|0|||3|3|0|1|1|132|50|["132,210,2,2128","132,82,5","132,50,5"]|636148156894610000|14:08:09:461
62|1.1|636147913877275316|780ef2|50894.4609375|7.58107540697|101.80597682758|117002|-675706||50894.4609375|350.25||35037.5|348|50894.4609375|780ef2|CHB6357|0|1463|0|||3|3|0|1|1|132|51|["132,210,2,2128","132,82,5","132,50,5"]|636148156944610000|14:08:14:461
62|1.1|636147913927200308|780ef2|50899.4375|7.57022320554|101.80975337222|117424|-676908||50899.4375|350||35006.25|348|50899.4375|780ef2|CHB6357|0|1463|0|||3|3|0|1|1|132|50|["132,210,2,2128","132,82,5","132,50,5"]|636148156994380000|14:08:19:438
62|1.1|636147913977125300|780ef2|50904.4375|7.56021321648|101.81347627276|117840|-678017||50904.4375|350||34981.25|347.75|50904.4375|780ef2|CHB6357|0|1463|0|||3|3|0|1|1|132|50|["132,210,2,2128","132,82,5","132,50,5"]|636148157044380000|14:08:24:438
62|1.1|636147914027050292|780ef2|50909.421875|7.55033733767|101.81720453771|118256|-679111||50909.421875|350.25||34962.5|348|50909.421875|780ef2|CHB6357|0|1463|0|||3|3|0|1|1|132|83|["132,210,2,2128","132,82,5","132,50,5"]|636148157094220000|14:08:29:422
62|1.1|636147914076965283|780ef2|50914.421875|7.53984991612|101.82090598061|118670|-680273||50914.421875|350.25||34993.75|348|50914.421875|780ef2|CHB6357|0|1463|0|||3|3|0|1|1|132|50|["132,210,2,2128","132,82,5","132,50,5"]|636148157144220000|14:08:34:422
62|1.1|636147914126890275|780ef2|50919.421875|7.53044074098|101.8242801945|119047|-681315||50919.421875|350.25||35037.5|348|50919.421875|780ef2|CHB6357|0|1463|0|||3|3|0|1|1|132|50|["132,210,2,2128","132,50,5"]|636148157194220000|14:08:39:422
62|1.1|636147914176805266|780ef2|50924.3984375|7.52065605714|101.82797627299|119460|-682399||50924.3984375|350.25||35043.75|348|50924.3984375|780ef2|CHB6357|0|1463|0|||3|3|0|1|1|132|50|["132,210,2,2128","132,50,5"]|636148157243980000|14:08:44:398
62|1.1|636147914226730258|780ef2|50929.3984375|7.5113005261|101.83116809694|119817|-683436||50929.3984375|350.25||35043.75|348|50929.3984375|780ef2|CHB6357|0|1463|0|||3|3|0|1|1|132|83|["132,210,2,2128","132,50,5"]|636148157293980000|14:08:49:398
62|1.1|636147914276655250|780ef2|50934.375|7.50074336722|101.83490709071|120235|-684605||50934.375|350||35000|347.75|50934.375|780ef2|CHB6357|0|1463|0|||3|3|0|1|1|132|51|["132,210,2,2128","132,50,5"]|636148157343750000|14:08:54:375
62|1.1|636147914326570241|780ef2|50939.375|7.4900574625|101.83864608448|120653|-685789||50939.375|350||34975|347.75|50939.375|780ef2|CHB6357|0|1463|0|||3|3|0|1|1|132|83|["132,210,2,2128","132,50,5"]|636148157393750000|14:08:59:375
62|1.1|636147914376515235|780ef2|50944.375|7.48043907537|101.84218123067|121048|-686855||50944.375|350||34987.5|347.75|50944.375|780ef2|CHB6357|0|1463|0|||3|3|0|1|1|132|83|["132,210,2,2128","132,50,5"]|636148157443750000|14:09:04:375
62|1.1|636147914426420225|780ef2|50949.359375|7.47064366271|101.84574856332|121447|-687940||50949.359375|350||34987.5|347.75|50949.359375|780ef2|CHB6357|0|1463|0|||3|3|0|1|1|132|83|["132,210,2,2128","132,50,5"]|636148157493590000|14:09:09:359
62|1.1|636147914476335216|780ef2|50954.359375|7.46147052161|101.8491174128|121823|-688956||50954.359375|350||35025|347.75|50954.359375|780ef2|CHB6357|0|1463|0|||3|3|0|1|1|132|210|["132,210,2,2128","132,50,5"]|636148157543590000|14:09:14:359
62|1.1|636147914526260208|780ef2|50959.3359375|7.45079534571|101.85262573694|122216|-690139||50959.3359375|349.75||34975|347.75|50959.3359375|780ef2|CHB6357|0|1463|0|||3|3|0|1|1|132|51|["132,210,2,2128","132,50,5"]|636148157593360000|14:09:19:336
62|1.1|636147914576185200|780ef2|50964.3359375|7.44116086535|101.85617697636|122613|-691207||50964.3359375|349.75||34968.75|347.5|50964.3359375|780ef2|CHB6357|0|1463|0|||3|3|0|1|1|132|83|["132,210,2,2128","132,50,5"]|636148157643360000|14:09:24:336
62|1.1|636147914626100191|780ef2|50969.3359375|7.43132253741|101.85984086839|123022|-692296||50969.3359375|349.75||34956.25|347.5|50969.3359375|780ef2|CHB6357|0|1463|0|||3|3|0|1|1|132|50|["132,210,2,2128","132,50,5"]|636148157693360000|14:09:29:336
62|1.1|636147914676025183|780ef2|50974.3203125|7.42151103152|101.86346720955|123428|-693384||50974.3203125|350||34937.5|347.75|50974.3203125|780ef2|CHB6357|0|1463|0|||3|3|0|1|1|132|50|["132,210,2,2128","132,50,5"]|636148157743200000|14:09:34:320
62|1.1|636147914725950175|780ef2|50979.3203125|7.41156541538|101.86710427953|123835|-694485||50979.3203125|349.75||34887.5|347.5|50979.3203125|780ef2|CHB6357|0|1463|0|||3|3|0|1|1|132|50|["132,210,2,2128","132,50,5"]|636148157793200000|14:09:39:320
62|1.1|636147914775865166|780ef2|50984.296875|7.40189874856|101.87044630696|124209|-695556||50984.296875|349.75||34968.75|347.5|50984.296875|780ef2|CHB6357|0|1463|0|||3|3|0|1|1|132|50|["132,210,2,2128","132,50,5"]|636148157842970000|14:09:44:297
62|1.1|636147914825790158|780ef2|50989.296875|7.39177074248|101.87402436843|124609|-696678||50989.296875|349.75||34968.75|347.5|50989.296875|780ef2|CHB6357|0|1463|0|||3|3|0|1|1|132|51|["132,210,2,2128","132,50,5"]|636148157892970000|14:09:49:297
62|1.1|636147914875715150|780ef2|50994.296875|7.38158372789|101.87767216723|125017|-697807||50994.296875|349.75||34962.5|347.5|50994.296875|780ef2|CHB6357|0|1463|0|||3|3|0|1|1|132|51|["132,210,2,2128","132,50,5"]|636148157942970000|14:09:54:297
62|1.1|636147914925630141|780ef2|50999.28125|7.37145572181|101.88129314398|125422|-698929||50999.28125|350||34975|348|50999.28125|780ef2|CHB6357|0|1463|0|||3|3|0|1|1|132|50|["132,210,2,2128","132,50,5"]|636148157992810000|14:09:59:281
62|1.1|636147914975555133|780ef2|51004.28125|7.36185879232|101.88479610371|125814|-699992||51004.28125|350||35012.5|348|51004.28125|780ef2|CHB6357|0|1463|0|||3|3|0|1|1|132|50|["132,210,2,2128","132,50,5"]|636148158042810000|14:10:04:281
62|1.1|636147915025480125|780ef2|51009.2578125|7.35205265084|101.88841708046|126219|-701079||51009.2578125|350||35018.75|348|51009.2578125|780ef2|CHB6357|0|1463|0|||3|3|0|1|1|132|50|["132,210,2,2128","132,50,5"]|636148158092580000|14:10:09:258
62|1.1|636147915075395116|780ef2|51014.2578125|7.34218213644|101.89209170131|126630|-702172||51014.2578125|350||35025|348|51014.2578125|780ef2|CHB6357|0|1463|0|||3|3|0|1|1|132|50|["132,210,2,2128","132,50,5"]|636148158142580000|14:10:14:258
62|1.1|636147915125320108|780ef2|51019.2578125|7.33232771527|101.89576632216|127041|-703264||51019.2578125|350||35018.75|348|51019.2578125|780ef2|CHB6357|0|1463|0|||3|3|0|1|1|132|50|["132,210,2,2128","132,50,5"]|636148158192580000|14:10:19:258
62|1.1|636147915175245100|780ef2|51024.2421875|7.32277370106|101.89903324785|127406|-704323||51024.2421875|350||35012.5|348|51024.2421875|780ef2|CHB6357|0|1463|0|||3|3|0|1|1|132|83|["132,210,2,2128","132,50,5"]|636148158242420000|14:10:24:242
62|1.1|636147915225170092|780ef2|51029.2421875|7.31293537312|101.90269177547|127816|-705413||51029.2421875|350||35018.75|348|51029.2421875|780ef2|CHB6357|0|1463|0|||3|3|0|1|1|132|50|["132,210,2,2128","132,50,5"]|636148158292420000|14:10:29:242
62|1.1|636147915275085083|780ef2|51034.21875|7.30263570592|101.90623228607|128212|-706554||51034.21875|350.25||35012.5|348|51034.21875|780ef2|CHB6357|0|1463|0|||3|3|0|1|1|132|51|["132,210,2,2128","132,50,5"]|636148158342190000|14:10:34:219
62|1.1|636147915325010075|780ef2|51039.21875|7.29167621629|101.91009466127|128645|-707769||51039.21875|350.25||34981.25|348|51039.21875|780ef2|CHB6357|0|1463|0|||3|3|0|1|1|132|51|["132,210,2,2128","132,50,5"]|636148158392190000|14:10:39:219
62|1.1|636147915374935067|780ef2|51044.21875|7.28166086282|101.91378537535|129058|-708878||51044.21875|350.25||34950|348|51044.21875|780ef2|CHB6357|0|1463|0|||3|3|0|1|1|132|50|["132,50,5"]|636148158442190000|14:10:44:219
62|1.1|636147915424850058|780ef2|51049.1953125|7.27159722966|101.91748145384|129471|-709993||51049.1953125|350.25||34918.75|348|51049.1953125|780ef2|CHB6357|0|1463|0|||3|3|0|1|1|132|51|["132,50,5"]|636148158491950000|14:10:49:195
62|1.1|636147915474775050|780ef2|51054.1953125|7.26202175781|101.92070546425|129832|-711054||51054.1953125|350.25||35037.5|348|51054.1953125|780ef2|CHB6357|0|1463|0|||3|3|0|1|1|132|50|["132,50,5"]|636148158541950000|14:10:54:195
62|1.1|636147915524690041|780ef2|51059.1796875|7.25218342987|101.92416014429|130219|-712145||51059.1796875|350.25||35031.25|348|51059.1796875|780ef2|CHB6357|0|1463|0|||3|3|0|1|1|132|50|["132,50,5"]|636148158591800000|14:10:59:180
62|1.1|636147915571494721|780ef2|51063.859375|7.2427581615|101.92745389203|130588|-713189||51063.859375|350.25||35025|348|51063.859375|780ef2|CHB6357|0|1463|0|||3|3|0|1|1|132|50|["132,50,5"]|636148158638590000|14:11:03:859
62|1.1|636147915621419713|780ef2|51068.859375|7.23258724014|101.9310855976|130995|-714316||51068.859375|350.25||35025|348|51068.859375|780ef2|CHB6357|0|1463|0|||3|3|0|1|1|132|50|["132,50,5"]|636148158688590000|14:11:08:859
