62|1.1|636147897447112464|800666|49251.4609375|4.90128439147|99.13774611563|-179748|-973116||49251.4609375|340||33912.5|340|49251.4609375|800666|JAI11|0|2596|0|||3|3|0|1|1|132|50|["132,66,4","132,50,5"]|636148140514610000|13:40:51:461
62|1.1|636147897497027455|800666|49256.4609375|4.90849952292|99.12877682211|-180745|-972308||49256.4609375|340||33843.75|340|49256.4609375|800666|JAI11|0|2596|0|||3|3|0|1|1|132|50|["132,66,5","132,50,5"]|636148140564610000|13:40:56:461
62|1.1|636147897546952447|800666|49261.4375|4.91581121375|99.11996309648|-181725|-971490||49261.4375|340||33800|340|49261.4375|800666|JAI11|0|2596|0|||3|3|0|1|1|132|50|["132,66,5","132,50,5"]|636148140614380000|13:41:01:438
62|1.1|636147897596877439|800666|49266.4375|4.92304780284|99.11124056582|-182695|-970680||49266.4375|340||33768.75|340|49266.4375|800666|JAI11|0|2596|0|||3|3|0|1|1|132|50|["132,66,5","132,50,5"]|636148140664380000|13:41:06:438
62|1.1|636147897646792430|800666|49271.421875|4.93040777336|99.10249657752|-183666|-969857||49271.421875|339.75||33750|340|49271.421875|800666|JAI11|0|2596|0|||3|3|0|1|1|132|50|["132,66,5","132,50,5"]|636148140714220000|13:41:11:422
62|1.1|636147897696717422|800666|49276.421875|4.93759071835|99.09380086891|-184633|-969053||49276.421875|339.75||33700|339.75|49276.421875|800666|JAI11|0|2596|0|||3|3|0|1|1|132|50|["132,66,5","132,50,5"]|636148140764220000|13:41:16:422
62|1.1|636147897746652415|800666|49281.421875|4.94496141769|99.08486912626|-185626|-968229||49281.421875|340||33693.75|339.75|49281.421875|800666|JAI11|0|2596|0|||3|3|0|1|1|132|50|["132,66,5","132,50,5"]|636148140814220000|13:41:21:422
62|1.1|636147897796567406|800666|49286.3984375|4.95218727796|99.07600712094|-186610|-967420||49286.3984375|339.75||33681.25|339.75|49286.3984375|800666|JAI11|0|2596|0|||3|3|0|1|1|132|50|["132,66,5","132,50,5"]|636148140863980000|13:41:26:398
62|1.1|636147897846482397|800666|49291.3984375|4.95954188407|99.06719339531|-187590|-966597||49291.3984375|339.75||33668.75|339.75|49291.3984375|800666|JAI11|0|2596|0|||3|3|0|1|1|132|50|["132,66,5","132,50,5"]|636148140913980000|13:41:31:398
62|1.1|636147897896407389|800666|49296.375|4.96673019347|99.05840112732|-188567|-965793||49296.375|339.75||33656.25|339.75|49296.375|800666|JAI11|0|2596|0|||3|3|0|1|1|132|50|["132,66,5","132,50,5"]|636148140963750000|13:41:36:375
62|1.1|636147897946332381|800666|49301.375|4.97407943517|99.04965713902|-189539|-964971||49301.375|340||33662.5|340|49301.375|800666|JAI11|0|2596|0|||3|3|0|1|1|132|51|["132,66,5","132,50,5"]|636148141013750000|13:41:41:375
62|1.1|636147897996247372|800666|49306.375|4.98132675308|99.04071466755|-190532|-964160||49306.375|339.75||33668.75|339.75|49306.375|800666|JAI11|0|2596|0|||3|3|0|1|1|132|50|["132,66,5","132,50,5"]|636148141063750000|13:41:46:375
62|1.1|636147898046172364|800666|49311.359375|4.98859016422|99.03207260304|-191493|-963347||49311.359375|340||33662.5|339.75|49311.359375|800666|JAI11|0|2596|0|||3|3|0|1|1|132|50|["132,66,5","132,50,5"]|636148141113590000|13:41:51:359
62|1.1|636147898096097356|800666|49316.359375|4.99583211772|99.02326424182|-192471|-962536||49316.359375|340||33650|340|49316.359375|800666|JAI11|0|2596|0|||3|3|0|1|1|132|50|["132,66,5","132,50,5"]|636148141163590000|13:41:56:359
62|1.1|636147898146042350|800666|49321.3359375|5.00295068979|99.01430031271|-193468|-961740||49321.3359375|339.75||33618.75|339.75|49321.3359375|800666|JAI11|0|2596|0|||3|3|0|1|1|132|50|["132,66,5","132,50,5"]|636148141213360000|13:42:01:336
62|1.1|636147898195937339|800666|49326.3359375|5.01026238062|99.00557778205|-194437|-960921||49326.3359375|339.75||33643.75|339.75|49326.3359375|800666|JAI11|0|2596|0|||3|3|0|1|1|132|50|["132,66,5","132,50,5"]|636148141263360000|13:42:06:336
62|1.1|636147898245852330|800666|49331.3359375|5.01750969853|98.99666213263|-195427|-960110||49331.3359375|339.75||33668.75|340|49331.3359375|800666|JAI11|0|2596|0|||3|3|0|1|1|132|50|["132,66,5","132,50,5"]|636148141313360000|13:42:11:336
62|1.1|636147898295787323|800666|49336.3203125|5.02479456731|98.98807907663|-196381|-959295||49336.3203125|340||33668.75|340|49336.3203125|800666|JAI11|0|2596|0|||3|3|0|1|1|132|51|["132,66,5","132,50,5"]|636148141363200000|13:42:16:320
62|1.1|636147898345702314|800666|49341.3203125|5.03217063106|98.97916879162|-197370|-958470||49341.3203125|340||33731.25|339.75|49341.3203125|800666|JAI11|0|2596|0|||3|3|0|1|1|132|50|["132,66,5","132,50,5"]|636148141413200000|13:42:21:320
62|1.1|636147898395617305|800666|49346.296875|5.03947695748|98.97053745593|-198329|-957652||49346.296875|340||33725|340|49346.296875|800666|JAI11|0|2596|0|||3|3|0|1|1|132|50|["132,66,5","132,50,5"]|636148141462970000|13:42:26:297
62|1.1|636147898445542297|800666|49351.296875|5.04670281775|98.96163789974|-199318|-956843||49351.296875|340||33706.25|340|49351.296875|800666|JAI11|0|2596|0|||3|3|0|1|1|132|50|["132,66,5","132,50,5"]|636148141512970000|13:42:31:297
62|1.1|636147898495467289|800666|49356.296875|5.05404133063|98.95296364877|-200281|-956022||49356.296875|339.75||33668.75|339.75|49356.296875|800666|JAI11|0|2596|0|||3|3|0|1|1|132|50|["132,66,5","132,50,5"]|636148141562970000|13:42:36:297
62|1.1|636147898545382280|800666|49361.28125|5.06122427562|98.94431621985|-201242|-955218||49361.28125|339.75||33637.5|339.75|49361.28125|800666|JAI11|0|2596|0|||3|3|0|1|1|132|50|["132,66,5","132,50,5"]|636148141612810000|13:42:41:281
62|1.1|636147898595317273|800666|49366.28125|5.06857351732|98.93564196888|-202205|-954395||49366.28125|339.75||33643.75|339.75|49366.28125|800666|JAI11|0|2596|0|||3|3|0|1|1|132|50|["132,66,5","132,50,5"]|636148141662810000|13:42:46:281
62|1.1|636147898645232264|800666|49371.2578125|5.07582619964|98.92671559064|-203197|-953583||49371.2578125|339.75||33650|339.75|49371.2578125|800666|JAI11|0|2596|0|||3|3|0|1|1|132|50|["132,66,5","132,50,5"]|636148141712580000|13:42:51:258
62|1.1|636147898695147255|800666|49376.2578125|5.08286430556|98.91826128048|-204136|-952796||49376.2578125|339.75||33925|339.75|49376.2578125|800666|JAI11|0|2596|0|||3|3|0|1|1|132|51|["132,66,5","132,50,5"]|636148141762580000|13:42:56:258
62|1.1|636147898745072247|800666|49381.2578125|5.08951617396|98.91029513163|-205020|-952051||49381.2578125|339.75||33931.25|339.75|49381.2578125|800666|JAI11|0|2596|0|||3|3|0|1|1|132|50|["132,66,5","132,50,5"]|636148141812580000|13:43:01:258
62|1.1|636147898798127552|800666|49386.5625|5.09736430579|98.90114344817|-206036|-951173||49386.5625|339.75||33918.75|339.75|49386.5625|800666|JAI11|0|2596|0|||3|3|0|1|1|132|50|["132,66,5","132,50,5"]|636148141865630000|13:43:06:563
62|1.1|636147898848042543|800666|49391.5390625|5.10482083569|98.89260330745|-206984|-950338||49391.5390625|339.75||33893.75|339.75|49391.5390625|800666|JAI11|0|2596|0|||3|3|0|1|1|132|50|["132,66,5","132,50,5"]|636148141915390000|13:43:11:539
62|1.1|636147898897967535|800666|49396.5390625|5.11217007739|98.88392369207|-207948|-949515||49396.5390625|339.75||33868.75|339.75|49396.5390625|800666|JAI11|0|2596|0|||3|3|0|1|1|132|50|["132,66,5","132,50,5"]|636148141965390000|13:43:16:539
62|1.1|636147898947882526|800666|49401.5390625|5.11966952257|98.8752494411|-208911|-948676||49401.5390625|340||33800|339.75|49401.5390625|800666|JAI11|0|2596|0|||3|3|0|1|1|132|50|["132,66,5","132,50,5"]|636148142015390000|13:43:21:539
62|1.1|636147898997797517|800666|49406.515625|5.12543626332|98.86699361411|-209828|-948030||49406.515625|340||33950|340|49406.515625|800666|JAI11|0|2596|0|||3|3|0|1|1|132|51|["132,66,5","132,50,5"]|636148142065160000|13:43:26:516
62|1.1|636147899047722509|800666|49411.515625|5.13318247136|98.85771854922|-210858|-947163||49411.515625|340||33975|340|49411.515625|800666|JAI11|0|2596|0|||3|3|0|1|1|132|51|["132,66,5","132,50,5"]|636148142115160000|13:43:31:516
62|1.1|636147899097647501|800666|49416.5|5.14073556064|98.84901211179|-211824|-946317||49416.5|340||33956.25|340|49416.5|800666|JAI11|0|2596|0|||3|3|0|1|1|132|50|["132,66,5","132,50,5"]|636148142165000000|13:43:36:500
62|1.1|636147899147572493|800666|49421.5|5.14752153929|98.84070800511|-212746|-945557||49421.5|340||33918.75|340|49421.5|800666|JAI11|0|2596|0|||3|3|0|1|1|132|50|["132,66,5","132,50,5"]|636148142215000000|13:43:41:500
62|1.1|636147899197487484|800666|49426.5|5.15489760304|98.83145976227|-213773|-944731||49426.5|340||33950|339.75|49426.5|800666|JAI11|0|2596|0|||3|3|0|1|1|132|50|["132,66,5","132,50,5"]|636148142265000000|13:43:46:500
62|1.1|636147899247412476|800666|49431.4765625|5.1623863194|98.82255484167|-214761|-943893||49431.4765625|340||33950|339.75|49431.4765625|800666|JAI11|0|2596|0|||3|3|0|1|1|132|50|["132,66,5","132,50,5"]|636148142314770000|13:43:51:477
62|1.1|636147899297337468|800666|49436.4765625|5.16916693364|98.8141488112|-215695|-943133||49436.4765625|339.75||33950|340|49436.4765625|800666|JAI11|0|2596|0|||3|3|0|1|1|132|50|["132,66,5","132,50,5"]|636148142364770000|13:43:56:477
62|1.1|636147899347252459|800666|49441.4609375|5.17673075174|98.80565695017|-216637|-942287||49441.4609375|340||33925|340|49441.4609375|800666|JAI11|0|2596|0|||3|3|0|1|1|132|50|["132,66,5","132,50,5"]|636148142414610000|13:44:01:461
62|1.1|636147899397177451|800666|49446.4609375|5.18403707816|98.79642480056|-217662|-941468||49446.4609375|340||33962.5|340|49446.4609375|800666|JAI11|0|2596|0|||3|3|0|1|1|132|51|["132,66,5","132,50,5"]|636148142464610000|13:44:06:461
62|1.1|636147899447102443|800666|49451.4609375|5.19080696358|98.78808314301|-218588|-940710||49451.4609375|340||33962.5|340|49451.4609375|800666|JAI11|0|2596|0|||3|3|0|1|1|132|51|["132,66,5","132,50,5"]|636148142514610000|13:44:11:461
62|1.1|636147899497027435|800666|49456.4375|5.19829031553|98.77951618024|-219538|-939872||49456.4375|339.75||33937.5|340|49456.4375|800666|JAI11|0|2596|0|||3|3|0|1|1|132|50|["132,66,5","132,50,5"]|636148142564380000|13:44:16:438
62|1.1|636147899546942426|800666|49461.4375|5.20502801449|98.77098676834|-220485|-939118||49461.4375|340||33925|340|49461.4375|800666|JAI11|0|2596|0|||3|3|0|1|1|132|50|["132,66,5","132,50,5"]|636148142614380000|13:44:21:438
62|1.1|636147899596867418|800666|49466.421875|5.212060756|98.76241980557|-221436|-938330||49466.421875|340||33943.75|339.75|49466.421875|800666|JAI11|0|2596|0|||3|3|0|1|1|132|50|["132,66,5","132,50,5"]|636148142664220000|13:44:26:422
62|1.1|636147899646792410|800666|49471.421875|5.21965139615|98.75328421534|-222450|-937480||49471.421875|340||33975|340|49471.421875|800666|JAI11|0|2596|0|||3|3|0|1|1|132|50|["132,66,5","132,50,5"]|636148142714220000|13:44:31:422
62|1.1|636147899696707401|800666|49476.421875|5.22723130748|98.74464751524|-223407|-936631||49476.421875|340||33962.5|340|49476.421875|800666|JAI11|0|2596|0|||3|3|0|1|1|132|50|["132,66,5","132,50,5"]|636148142764220000|13:44:36:422
62|1.1|636147899746632393|800666|49481.3984375|5.2346985662|98.73598399309|-224369|-935795||49481.3984375|339.75||33962.5|339.75|49481.3984375|800666|JAI11|0|2596|0|||3|3|0|1|1|132|50|["132,66,5","132,50,5"]|636148142813980000|13:44:41:398
62|1.1|636147899796557385|800666|49486.3984375|5.24207462995|98.72637633478|-225435|-934969||49486.3984375|339.75||33950|339.75|49486.3984375|800666|JAI11|0|2596|0|||3|3|0|1|1|132|51|["132,66,5","132,50,5"]|636148142863980000|13:44:46:398
62|1.1|636147899846472376|800666|49491.375|5.24873722717|98.71811514338|-226352|-934222||49491.375|339.75||33931.25|339.75|49491.375|800666|JAI11|0|2596|0|||3|3|0|1|1|132|51|["132,66,5","132,50,5"]|636148142913750000|13:44:51:375
62|1.1|636147899896387367|800666|49496.375|5.25624740117|98.70944089241|-227314|-933381||49496.375|339.75||33900|339.75|49496.375|800666|JAI11|0|2596|0|||3|3|0|1|1|132|66|["132,66,5","132,50,5"]|636148142963750000|13:44:56:375
62|1.1|636147899946312359|800666|49501.375|5.26368247343|98.70067544647|-228286|-932548||49501.375|339.75||33862.5|339.75|49501.375|800666|JAI11|0|2596|0|||3|3|0|1|1|132|66|["132,66,5","132,50,5"]|636148143013750000|13:45:01:375
62|1.1|636147899996237351|800666|49506.359375|5.27119801184|98.69181344115|-229270|-931707||49506.359375|340||33812.5|340|49506.359375|800666|JAI11|0|2596|0|||3|3|0|1|1|132|50|["132,66,5","132,50,5"]|636148143063590000|13:45:06:359
62|1.1|636147900046162343|800666|49511.359375|5.27821466012|98.68247400334|-230306|-930921||49511.359375|340||33950|340|49511.359375|800666|JAI11|0|2596|0|||3|3|0|1|1|132|50|["132,66,5","132,50,5"]|636148143113590000|13:45:11:359
62|1.1|636147900096077334|800666|49516.3359375|5.28554780859|98.67359590479|-231291|-930099||49516.3359375|340||33950|340|49516.3359375|800666|JAI11|0|2596|0|||3|3|0|1|1|132|50|["132,66,5","132,50,5"]|636148143163360000|13:45:16:336
62|1.1|636147900146002326|800666|49521.3359375|5.29210311761|98.66547418805|-232192|-929364||49521.3359375|340||33956.25|340|49521.3359375|800666|JAI11|0|2596|0|||3|3|0|1|1|132|50|["132,66,5","132,50,5"]|636148143213360000|13:45:21:336
62|1.1|636147900195927318|800666|49526.3359375|5.29948991018|98.6566497336|-233171|-928537||49526.3359375|340||33931.25|340|49526.3359375|800666|JAI11|0|2596|0|||3|3|0|1|1|132|50|["132,66,5","132,50,5"]|636148143263360000|13:45:26:336
62|1.1|636147900245842309|800666|49531.3203125|5.30695180449|98.64784673679|-234147|-927701||49531.3203125|340||33906.25|340|49531.3203125|800666|JAI11|0|2596|0|||3|3|0|1|1|132|50|["132,66,5","132,50,5"]|636148143313200000|13:45:31:320
62|1.1|636147900295777302|800666|49536.3203125|5.31434396147|98.63893108737|-235136|-926873||49536.3203125|340||33875|340|49536.3203125|800666|JAI11|0|2596|0|||3|3|0|1|1|132|50|["132,66,5","132,50,5"]|636148143363200000|13:45:36:320
62|1.1|636147900345692293|800666|49541.296875|5.32151617764|98.62992960739|-236134|-926069||49541.296875|339.75||33787.5|339.75|49541.296875|800666|JAI11|0|2596|0|||3|3|0|1|1|132|50|["132,66,5","132,50,5"]|636148143412970000|13:45:41:297
62|1.1|636147900395607284|800666|49546.296875|5.32874740232|98.62099786474|-237125|-925259||49546.296875|339.75||33737.5|340|49546.296875|800666|JAI11|0|2596|0|||3|3|0|1|1|132|50|["132,66,5","132,50,5"]|636148143462970000|13:45:46:297
62|1.1|636147900445532276|800666|49551.296875|5.33594644054|98.61183545246|-238141|-924452||49551.296875|339.75||33662.5|339.75|49551.296875|800666|JAI11|0|2596|0|||3|3|0|1|1|132|50|["132,66,5","132,50,5"]|636148143512970000|13:45:51:297
62|1.1|636147900495457268|800666|49556.28125|5.34280752093|98.60328994733|-239089|-923683||49556.28125|339.75||33943.75|339.75|49556.28125|800666|JAI11|0|2596|0|||3|3|0|1|1|132|51|["132,66,5","132,50,5"]|636148143562810000|13:45:56:281
62|1.1|636147900545382260|800666|49561.28125|5.35008166089|98.59434211145|-240081|-922868||49561.28125|340||33931.25|339.75|49561.28125|800666|JAI11|0|2596|0|||3|3|0|1|1|132|51|["132,66,5","132,50,5"]|636148143612810000|13:46:01:281
62|1.1|636147900595297251|800666|49566.2578125|5.35662087668|98.58677829335|-240920|-922135||49566.2578125|340||33962.5|340|49566.2578125|800666|JAI11|0|2596|0|||3|3|0|1|1|132|66|["132,66,5","132,50,5"]|636148143662580000|13:46:06:258
62|1.1|636147900645222243|800666|49571.2578125|5.36353560117|98.57846345785|-241842|-921361||49571.2578125|340||33993.75|340|49571.2578125|800666|JAI11|0|2596|0|||3|3|0|1|1|132|51|["132,66,5","132,50,5"]|636148143712580000|13:46:11:258
62|1.1|636147900695147235|800666|49576.2578125|5.37039668156|98.57017007999|-242761|-920591||49576.2578125|340||33987.5|340|49576.2578125|800666|JAI11|0|2596|0|||3|3|0|1|1|132|51|["132,66,5","132,50,5"]|636148143762580000|13:46:16:258
62|1.1|636147900745062226|800666|49581.2421875|5.37720411785|98.56189279536|-243679|-919829||49581.2421875|340||33987.5|340|49581.2421875|800666|JAI11|0|2596|0|||3|3|0|1|1|132|51|["132,66,5","132,50,5"]|636148143812420000|13:46:21:242
62|1.1|636147900794987218|800666|49586.2421875|5.38471429185|98.55276256954|-244691|-918987||49586.2421875|340||34000|340|49586.2421875|800666|JAI11|0|2596|0|||3|3|0|1|1|132|51|["132,66,5","132,50,5"]|636148143862420000|13:46:26:242
62|1.1|636147900844912210|800666|49591.21875|5.39173094013|98.54431362379|-245628|-918201||49591.21875|339.75||33981.25|340|49591.21875|800666|JAI11|0|2596|0|||3|3|0|1|1|132|50|["132,66,5","132,50,5"]|636148143912190000|13:46:31:219
62|1.1|636147900894837202|800666|49596.21875|5.39905872419|98.53556427108|-246598|-917380||49596.21875|340||33975|340|49596.21875|800666|JAI11|0|2596|0|||3|3|0|1|1|132|50|["132,66,5","132,50,5"]|636148143962190000|13:46:36:219
62|1.1|636147900944752193|800666|49601.21875|5.40636505061|98.52675054545|-247575|-916561||49601.21875|339.75||33956.25|339.75|49601.21875|800666|JAI11|0|2596|0|||3|3|0|1|1|132|50|["132,66,5","132,50,5"]|636148144012190000|13:46:41:219
62|1.1|636147900994677185|800666|49606.1953125|5.41358018206|98.51794218423|-248551|-915752||49606.1953125|339.75||33925|339.75|49606.1953125|800666|JAI11|0|2596|0|||3|3|0|1|1|132|50|["132,66,5","132,50,5"]|636148144061950000|13:46:46:195
62|1.1|636147901044592176|800666|49611.1953125|5.42074166941|98.50887633133|-249556|-914949||49611.1953125|340||33868.75|339.75|49611.1953125|800666|JAI11|0|2596|0|||3|3|0|1|1|132|50|["132,66,5","132,50,5"]|636148144111950000|13:46:51:195
62|1.1|636147901094517168|800666|49616.1796875|5.4279246144|98.49987485135|-250554|-914144||49616.1796875|339.75||33831.25|339.75|49616.1796875|800666|JAI11|0|2596|0|||3|3|0|1|1|132|50|["132,66,5","132,50,5"]|636148144161800000|13:46:56:180
62|1.1|636147901144282144|800666|49621.1796875|5.43512365262|98.49089482901|-251550|-913337||49621.1796875|339.75||33818.75|339.75|49621.1796875|800666|JAI11|0|2596|0|||3|3|0|1|1|132|50|["132,66,5","132,50,5"]|636148144211800000|13:47:01:180
62|1.1|636147901194207136|800666|49626.1796875|5.44228513997|98.48197381518|-252539|-912534||49626.1796875|340||33806.25|340|49626.1796875|800666|JAI11|0|2596|0|||3|3|0|1|1|132|50|["132,66,5","132,50,5"]|636148144261800000|13:47:06:180
62|1.1|636147901244132128|800666|49631.15625|5.44946272055|98.47295624197|-253538|-911729||49631.15625|340||33812.5|340|49631.15625|800666|JAI11|0|2596|0|||3|3|0|1|1|132|50|["132,66,5","132,50,5"]|636148144311560000|13:47:11:156
62|1.1|636147901294067121|800666|49636.15625|5.4559804787|98.46565527996|-254347|-910999||49636.15625|339.75||33981.25|340|49636.15625|800666|JAI11|0|2596|0|||3|3|0|1|1|132|66|["132,66,5","132,50,5"]|636148144361560000|13:47:16:156
62|1.1|636147901343972111|800666|49641.140625|5.46305077108|98.45750137676|-255250|-910207||49641.140625|339.75||33975|339.75|49641.140625|800666|JAI11|0|2596|0|||3|3|0|1|1|132|51|["132,66,5","132,50,5"]|636148144411410000|13:47:21:141
62|1.1|636147901393907104|800666|49646.140625|5.46990648706|98.44924554977|-256165|-909438||49646.140625|340||33987.5|339.75|49646.140625|800666|JAI11|0|2596|0|||3|3|0|1|1|132|51|["132,66,5","132,50,5"]|636148144461410000|13:47:26:141
62|1.1|636147901443812094|800666|49651.140625|5.47692849975|98.44070540905|-257111|-908651||49651.140625|340||33993.75|339.75|49651.140625|800666|JAI11|0|2596|0|||3|3|0|1|1|132|51|["132,66,5","132,50,5"]|636148144511410000|13:47:31:141
62|1.1|636147901493737086|800666|49656.1171875|5.48391832598|98.43227255653|-258046|-907868||49656.1171875|339.75||34000|340|49656.1171875|800666|JAI11|0|2596|0|||3|3|0|1|1|132|66|["132,66,5","132,50,5"]|636148144561170000|13:47:36:117
62|1.1|636147901543662078|800666|49661.1171875|5.4917074493|98.42297066959|-259077|-906994||49661.1171875|340||34012.5|340|49661.1171875|800666|JAI11|0|2596|0|||3|3|0|1|1|132|51|["132,66,5","132,50,5"]|636148144611170000|13:47:41:117
62|1.1|636147901593577069|800666|49666.1015625|5.49869727553|98.41478457993|-259983|-906211||49666.1015625|339.75||33993.75|340|49666.1015625|800666|JAI11|0|2596|0|||3|3|0|1|1|132|51|["132,66,5","132,50,5"]|636148144661020000|13:47:46:102
62|1.1|636147901643502061|800666|49671.1015625|5.50611625456|98.40685598195|-260861|-905380||49671.1015625|339.75||33968.75|339.75|49671.1015625|800666|JAI11|0|2596|0|||3|3|0|1|1|132|50|["132,66,5","132,50,5"]|636148144711020000|13:47:51:102
62|1.1|636147901693417052|800666|49676.1015625|5.51407167459|98.39885228223|-261747|-904489||49676.1015625|339.75||33918.75|339.75|49676.1015625|800666|JAI11|0|2596|0|||3|3|0|1|1|132|50|["132,66,5","132,50,5"]|636148144761020000|13:47:56:102
62|1.1|636147901743342044|800666|49681.078125|5.5230892478|98.3916478796|-262543|-903481||49681.078125|339.75||33800|339.75|49681.078125|800666|JAI11|0|2596|0|||3|3|0|1|1|132|50|["132,66,5","132,50,5"]|636148144810780000|13:48:01:078
62|1.1|636147901793267036|800666|49686.078125|5.53169376144|98.38503892648|-263272|-902519||49686.078125|340||33912.5|340|49686.078125|800666|JAI11|0|2596|0|||3|3|0|1|1|132|50|["132,66,5","132,50,5"]|636148144860780000|13:48:06:078
62|1.1|636147901843182027|800666|49691.0625|5.54112439422|98.37830659193|-264015|-901465||49691.0625|339.75||33962.5|339.75|49691.0625|800666|JAI11|0|2596|0|||3|3|0|1|1|132|51|["132,66,5","132,50,5"]|636148144910630000|13:48:11:063
62|1.1|636147901893107019|800666|49696.0625|5.55072132371|98.3716922744|-264744|-900393||49696.0625|340||33981.25|339.75|49696.0625|800666|JAI11|0|2596|0|||3|3|0|1|1|132|51|["132,66,5","132,50,5"]|636148144960630000|13:48:16:063
62|1.1|636147901943032011|800666|49701.0625|5.56020023618|98.36501358395|-265481|-899334||49701.0625|339.75||33987.5|340|49701.0625|800666|JAI11|0|2596|0|||3|3|0|1|1|132|51|["132,66,5","132,50,5"]|636148145010630000|13:48:21:063
62|1.1|636147901992947002|800666|49706.0390625|5.5691695297|98.35890888537|-266154|-898332||49706.0390625|340||33975|340|49706.0390625|800666|JAI11|0|2596|0|||3|3|0|1|1|132|50|["132,66,5","132,50,5"]|636148145060390000|13:48:26:039
62|1.1|636147902042871994|800666|49711.0390625|5.57841240813|98.35250377983|-266861|-897299||49711.0390625|339.75||33975|339.75|49711.0390625|800666|JAI11|0|2596|0|||3|3|0|1|1|132|50|["132,66,5","132,50,5"]|636148145110390000|13:48:31:039
62|1.1|636147902092796986|800666|49716.015625|5.58817026992|98.34591091994|-267587|-896209||49716.015625|339.75||34018.75|339.75|49716.015625|800666|JAI11|0|2596|0|||3|3|0|1|1|132|66|["132,66,5","132,50,5"]|636148145160160000|13:48:36:016
62|1.1|636147902142721978|800666|49721.015625|5.59785839438|98.3396131026|-268281|-895127||49721.015625|339.75||33987.5|339.75|49721.015625|800666|JAI11|0|2596|0|||3|3|0|1|1|132|51|["132,66,5","132,50,5"]|636148145210160000|13:48:41:016
62|1.1|636147902192636969|800666|49726.015625|5.60660238268|98.33348694638|-268957|-894150||49726.015625|339.75||33975|339.75|49726.015625|800666|JAI11|0|2596|0|||3|3|0|1|1|132|66|["132,66,5","132,50,5"]|636148145260160000|13:48:46:016
62|1.1|636147902242561961|800666|49731|5.61588281198|98.32699601028|-269672|-893113||49731|340||33968.75|340|49731|800666|JAI11|0|2596|0|||3|3|0|1|1|132|51|["132,66,5","132,50,5"]|636148145310000000|13:48:51:000
62|1.1|636147902292486953|800666|49736|5.62471263084|98.32111661692|-270320|-892127||49736|340||33975|340|49736|800666|JAI11|0|2596|0|||3|3|0|1|1|132|66|["132,66,5","132,50,5"]|636148145360000000|13:48:56:000
62|1.1|636147902342401944|800666|49740.9765625|5.63397696691|98.314614952|-271037|-891092||49740.9765625|340||33975|340|49740.9765625|800666|JAI11|0|2596|0|||3|3|0|1|1|132|66|["132,66,5","132,50,5"]|636148145409770000|13:49:00:977
62|1.1|636147902392336937|800666|49745.9765625|5.64384748131|98.30787188863|-271780|-889989||49745.9765625|340||34018.75|340|49745.9765625|800666|JAI11|0|2596|0|||3|3|0|1|1|132|66|["132,66,5","132,50,5"]|636148145459770000|13:49:05:977
62|1.1|636147902442251928|800666|49750.9765625|5.65338003788|98.30119319818|-272516|-888924||49750.9765625|340||33987.5|340|49750.9765625|800666|JAI11|0|2596|0|||3|3|0|1|1|132|51|["132,66,5","132,50,5"]|636148145509770000|13:49:10:977
62|1.1|636147902492166919|800666|49755.9609375|5.66173242425|98.29498657581|-273201|-887990||49755.9609375|339.75||33993.75|340|49755.9609375|800666|JAI11|0|2596|0|||3|3|0|1|1|132|66|["132,66,5","132,50,5"]|636148145559610000|13:49:15:961
62|1.1|636147902542091911|800666|49760.9609375|5.67034766671|98.28824887685|-273944|-887027||49760.9609375|339.75||33993.75|340|49760.9609375|800666|JAI11|0|2596|0|||3|3|0|1|1|132|50|["132,66,5","132,50,5"]|636148145609610000|13:49:20:961
62|1.1|636147902592006902|800666|49765.9375|5.67885562097|98.28012716011|-274842|-886074||49765.9375|340||34043.75|340.25|49765.9375|800666|JAI11|0|2596|0|||3|3|0|1|1|132|50|["132,66,5","132,50,5"]|636148145659380000|13:49:25:938
62|1.1|636147902641931894|800666|49770.9375|5.68734211759|98.27216637567|-275722|-885125||49770.9375|340||34062.5|340|49770.9375|800666|JAI11|0|2596|0|||3|3|0|1|1|132|50|["132,66,5","132,50,5"]|636148145709380000|13:49:30:938
62|1.1|636147902691866887|800666|49775.9375|5.69539946141|98.26446308291|-276573|-884222||49775.9375|340||34006.25|340|49775.9375|800666|JAI11|0|2596|0|||3|3|0|1|1|132|51|["132,66,5","132,50,5"]|636148145759380000|13:49:35:938
62|1.1|636147902741771877|800666|49780.921875|5.70300619479|98.25644865437|-277459|-883370||49780.921875|340||34006.25|340|49780.921875|800666|JAI11|0|2596|0|||3|3|0|1|1|132|51|["132,66,5","132,50,5"]|636148145809220000|13:49:40:922
62|1.1|636147902791706870|800666|49785.921875|5.71097770805|98.24849859875|-278338|-882477||49785.921875|339.75||34018.75|340|49785.921875|800666|JAI11|0|2596|0|||3|3|0|1|1|132|51|["132,66,5","132,50,5"]|636148145859220000|13:49:45:922
62|1.1|636147902841621861|800666|49790.8984375|5.71761884763|98.24084358568|-279185|-881733||49790.8984375|339.75||33981.25|340.25|49790.8984375|800666|JAI11|0|2596|0|||3|3|0|1|1|132|66|["132,66,5","132,50,5"]|636148145908980000|13:49:50:898
62|1.1|636147902891536852|800666|49795.8984375|5.72444774156|98.23281842832|-280073|-880967||49795.8984375|339.75||33975|340|49795.8984375|800666|JAI11|0|2596|0|||3|3|0|1|1|132|66|["132,66,5","132,50,5"]|636148145958980000|13:49:55:898
62|1.1|636147902941461844|800666|49800.8984375|5.73174333916|98.22286744777|-281175|-880148||49800.8984375|339.75||33993.75|339.75|49800.8984375|800666|JAI11|0|2596|0|||3|3|0|1|1|132|66|["132,66,5","132,50,5"]|636148146008980000|13:50:00:898
62|1.1|636147902991386836|800666|49805.875|5.73877071626|98.21355483201|-282206|-879359||49805.875|339.75||33987.5|339.75|49805.875|800666|JAI11|0|2596|0|||3|3|0|1|1|132|66|["132,66,5","132,50,5"]|636148146058750000|13:50:05:875
62|1.1|636147903041301827|800666|49810.875|5.74551914404|98.20436023327|-283224|-878601||49810.875|339.75||34018.75|339.75|49810.875|800666|JAI11|0|2596|0|||3|3|0|1|1|132|66|["132,66,5","132,50,5"]|636148146108750000|13:50:10:875
62|1.1|636147903091226819|800666|49815.859375|5.75196716486|98.19462382912|-284303|-877876||49815.859375|339.75||33975|339.75|49815.859375|800666|JAI11|0|2596|0|||3|3|0|1|1|132|51|["132,66,5","132,50,5"]|636148146158590000|13:50:15:859
62|1.1|636147903141151811|800666|49820.859375|5.75802358375|98.18610514604|-285246|-877195||49820.859375|339.75||33943.75|339.75|49820.859375|800666|JAI11|0|2596|0|||3|3|0|1|1|132|51|["132,66,5","132,50,5"]|636148146208590000|13:50:20:859
62|1.1|636147903191066802|800666|49825.859375|5.76473982507|98.17673888618|-286283|-876441||49825.859375|339.75||33956.25|339.75|49825.859375|800666|JAI11|0|2596|0|||3|3|0|1|1|132|66|["132,66,5","132,50,5"]|636148146258590000|13:50:25:859
62|1.1|636147903241001795|800666|49830.8359375|5.77094108303|98.16810755049|-287239|-875744||49830.8359375|339.75||33943.75|339.75|49830.8359375|800666|JAI11|0|2596|0|||3|3|0|1|1|132|66|["132,66,5","132,50,5"]|636148146308360000|13:50:30:836
62|1.1|636147903290916786|800666|49835.8359375|5.77726035801|98.15930455368|-288214|-875034||49835.8359375|340||33962.5|340|49835.8359375|800666|JAI11|0|2596|0|||3|3|0|1|1|132|66|["132,66,5","132,50,5"]|636148146358360000|13:50:35:836
62|1.1|636147903340831777|800666|49840.8203125|5.78357963299|98.15038890426|-289201|-874324||49840.8203125|340||33975|340|49840.8203125|800666|JAI11|0|2596|0|||3|3|0|1|1|132|50|["132,66,5","132,50,5"]|636148146408200000|13:50:40:820
62|1.1|636147903390756769|800666|49845.8203125|5.79001156058|98.14131768695|-290205|-873601||49845.8203125|340||33981.25|340|49845.8203125|800666|JAI11|0|2596|0|||3|3|0|1|1|132|50|["132,66,5","132,50,5"]|636148146458200000|13:50:45:820
62|1.1|636147903440681761|800666|49850.8203125|5.79656150519|98.13223037641|-291212|-872865||49850.8203125|339.75||33981.25|339.75|49850.8203125|800666|JAI11|0|2596|0|||3|3|0|1|1|132|50|["132,66,5","132,50,5"]|636148146508200000|13:50:50:820
62|1.1|636147903490596752|800666|49855.796875|5.80330993297|98.12301968444|-292231|-872107||49855.796875|339.75||33968.75|339.75|49855.796875|800666|JAI11|0|2596|0|||3|3|0|1|1|132|50|["132,66,5","132,50,5"]|636148146557970000|13:50:55:797
62|1.1|636147903540521744|800666|49860.796875|5.80996716578|98.11367488222|-293265|-871359||49860.796875|339.75||33962.5|340|49860.796875|800666|JAI11|0|2596|0|||3|3|0|1|1|132|50|["132,66,5","132,50,5"]|636148146607970000|13:51:00:797
62|1.1|636147903590466738|800666|49865.78125|5.81670486474|98.10346104558|-294397|-870601||49865.78125|339.75||33862.5|339.75|49865.78125|800666|JAI11|0|2596|0|||3|3|0|1|1|132|66|["132,66,5","132,50,5"]|636148146657810000|13:51:05:781
62|1.1|636147903640371728|800666|49870.78125|5.82335673314|98.0937085482|-295477|-869853||49870.78125|340||33812.5|340|49870.78125|800666|JAI11|0|2596|0|||3|3|0|1|1|132|66|["132,66,5","132,50,5"]|636148146707810000|13:51:10:781
62|1.1|636147903690286719|800666|49875.78125|5.83005688123|98.08412234753|-296538|-869100||49875.78125|340||33781.25|340|49875.78125|800666|JAI11|0|2596|0|||3|3|0|1|1|132|66|["132,66,5","132,50,5"]|636148146757810000|13:51:15:781
62|1.1|636147903740211711|800666|49880.7578125|5.83683749547|98.07432693487|-297622|-868337||49880.7578125|340||33775|340|49880.7578125|800666|JAI11|0|2596|0|||3|3|0|1|1|132|66|["132,66,5","132,50,5"]|636148146807580000|13:51:20:758
62|1.1|636147903790136703|800666|49885.7578125|5.84360738089|98.06482120035|-298675|-867576||49885.7578125|340||33781.25|340|49885.7578125|800666|JAI11|0|2596|0|||3|3|0|1|1|132|66|["132,66,5","132,50,5"]|636148146857580000|13:51:25:758
62|1.1|636147903840051694|800666|49890.7421875|5.8501573255|98.05581435596|-299672|-866840||49890.7421875|340||33981.25|340|49890.7421875|800666|JAI11|0|2596|0|||3|3|0|1|1|132|66|["132,66,5","132,50,5"]|636148146907420000|13:51:30:742
62|1.1|636147903889976686|800666|49895.7421875|5.8568091939|98.04641590964|-300712|-866092||49895.7421875|340||33962.5|340|49895.7421875|800666|JAI11|0|2596|0|||3|3|0|1|1|132|66|["132,66,5","132,50,5"]|636148146957420000|13:51:35:742
62|1.1|636147903939891677|800666|49900.7421875|5.86345569789|98.0367921581|-301777|-865345||49900.7421875|339.75||33906.25|340|49900.7421875|800666|JAI11|0|2596|0|||3|3|0|1|1|132|66|["132,66,5","132,50,5"]|636148147007420000|13:51:40:742
62|1.1|636147903989816669|800666|49905.71875|5.8700056425|98.02732397445|-302825|-864608||49905.71875|339.75||33825|339.75|49905.71875|800666|JAI11|0|2596|0|||3|3|0|1|1|132|66|["132,66,5","132,50,5"]|636148147057190000|13:51:45:719
62|1.1|636147904039741661|800666|49910.71875|5.87652876506|98.01800062987|-303857|-863875||49910.71875|339.75||33737.5|339.75|49910.71875|800666|JAI11|0|2596|0|||3|3|0|1|1|132|66|["132,66,5","132,50,5"]|636148147107190000|13:51:50:719
62|1.1|636147904089656652|800666|49915.6953125|5.88247789575|98.0100237522|-304740|-863206||49915.6953125|340||33931.25|339.75|49915.6953125|800666|JAI11|0|2596|0|||3|3|0|1|1|132|66|["132,66,5","132,50,5"]|636148147156950000|13:51:55:695
62|1.1|636147904139591645|800666|49920.6953125|5.8891029421|98.00049656004|-305794|-862461||49920.6953125|340||33906.25|340|49920.6953125|800666|JAI11|0|2596|0|||3|3|0|1|1|132|66|["132,66,5","132,50,5"]|636148147206950000|13:52:00:695
62|1.1|636147904189506636|800666|49925.6953125|5.89574408168|97.9909264526|-306853|-861714||49925.6953125|340||33887.5|340|49925.6953125|800666|JAI11|0|2596|0|||3|3|0|1|1|132|66|["132,66,5","132,50,5"]|636148147256950000|13:52:05:695
62|1.1|636147904239421627|800666|49930.6796875|5.90239595008|97.98131342988|-307917|-860966||49930.6796875|340||33850|340|49930.6796875|800666|JAI11|0|2596|0|||3|3|0|1|1|132|50|["132,66,5","132,50,5"]|636148147306800000|13:52:10:680
62|1.1|636147904289346619|800666|49935.6796875|5.90902636084|97.97143755107|-309010|-860220||49935.6796875|340||33825|340|49935.6796875|800666|JAI11|0|2596|0|||3|3|0|1|1|132|66|["132,66,5","132,50,5"]|636148147356800000|13:52:15:680
62|1.1|636147904339281612|800666|49940.65625|5.91562994955|97.96196400301|-310058|-859477||49940.65625|340||33806.25|340|49940.65625|800666|JAI11|0|2596|0|||3|3|0|1|1|132|66|["132,66,5","132,50,5"]|636148147406560000|13:52:20:656
62|1.1|636147904389186602|800666|49945.65625|5.92220671621|97.95229197178|-311129|-858737||49945.65625|339.75||33800|339.75|49945.65625|800666|JAI11|0|2596|0|||3|3|0|1|1|132|66|["132,66,5","132,50,5"]|636148147456560000|13:52:25:656
62|1.1|636147904439111594|800666|49950.65625|5.92880494051|97.9429149831|-312166|-857995||49950.65625|340||33806.25|340|49950.65625|800666|JAI11|0|2596|0|||3|3|0|1|1|132|66|["132,66,5","132,50,5"]|636148147506560000|13:52:30:656
62|1.1|636147904489036586|800666|49955.640625|5.93540316481|97.9329908246|-313265|-857252||49955.640625|339.75||33800|339.75|49955.640625|800666|JAI11|0|2596|0|||3|3|0|1|1|132|66|["132,66,5","132,50,5"]|636148147556410000|13:52:35:641
62|1.1|636147904538961578|800666|49960.640625|5.94201748234|97.92352800536|-314312|-856508||49960.640625|339.75||33800|339.75|49960.640625|800666|JAI11|0|2596|0|||3|3|0|1|1|132|66|["132,66,5","132,50,5"]|636148147606410000|13:52:40:641
62|1.1|636147904588876569|800666|49965.6171875|5.94857279136|97.91384524531|-315383|-855770||49965.6171875|339.75||33812.5|339.75|49965.6171875|800666|JAI11|0|2596|0|||3|3|0|1|1|132|66|["132,66,5","132,50,5"]|636148147656170000|13:52:45:617
62|1.1|636147904638801561|800666|49970.6171875|5.95516565125|97.90403373942|-316469|-855028||49970.6171875|339.75||33837.5|339.75|49970.6171875|800666|JAI11|0|2596|0|||3|3|0|1|1|132|66|["132,66,5","132,50,5"]|636148147706170000|13:52:50:617
62|1.1|636147904688726553|800666|49975.6171875|5.96172096027|97.89484450509|-317485|-854291||49975.6171875|339.75||33837.5|339.75|49975.6171875|800666|JAI11|0|2596|0|||3|3|0|1|1|132|66|["132,66,5","132,50,5"]|636148147756170000|13:52:55:617
62|1.1|636147904738641544|800666|49980.6015625|5.96829236252|97.88516710945|-318556|-853551||49980.6015625|340||33862.5|340|49980.6015625|800666|JAI11|0|2596|0|||3|3|0|1|1|132|66|["132,66,5"]|636148147806020000|13:53:00:602
62|1.1|636147904788566536|800666|49985.6015625|5.97489058682|97.87579548518|-319593|-852809||49985.6015625|340||33875|340|49985.6015625|800666|JAI11|0|2596|0|||3|3|0|1|1|132|66|["132,66,5"]|636148147856020000|13:53:05:602
62|1.1|636147904838491528|800666|49990.578125|5.98148344671|97.86607517426|-320668|-852067||49990.578125|340||33893.75|340|49990.578125|800666|JAI11|0|2596|0|||3|3|0|1|1|132|66|["132,66,5"]|636148147905780000|13:53:10:578
62|1.1|636147904888406519|800666|49995.578125|5.98804948455|97.85683766024|-321690|-851328||49995.578125|339.75||33893.75|339.75|49995.578125|800666|JAI11|0|2596|0|||3|3|0|1|1|132|66|["132,66,5"]|636148147955780000|13:53:15:578
62|1.1|636147904938331511|800666|50000.578125|5.99458870034|97.84744457833|-322729|-850592||50000.578125|340||33912.5|340|50000.578125|800666|JAI11|0|2596|0|||3|3|0|1|1|132|66|["132,66,5"]|636148148005780000|13:53:20:578
62|1.1|636147904988256503|800666|50005.5625|6.00112255172|97.83829289487|-323741|-849857||50005.5625|339.75||33912.5|339.75|50005.5625|800666|JAI11|0|2596|0|||3|3|0|1|1|132|66|["132,66,5"]|636148148055630000|13:53:25:563
62|1.1|636147905038171494|800666|50010.5625|6.00768858956|97.82885153327|-324785|-849118||50010.5625|339.75||33925|339.75|50010.5625|800666|JAI11|0|2596|0|||3|3|0|1|1|132|66|["132,66,5"]|636148148105630000|13:53:30:563
62|1.1|636147905088096486|800666|50015.5390625|6.01428144945|97.81941553608|-325829|-848376||50015.5390625|339.75||33918.75|339.75|50015.5390625|800666|JAI11|0|2596|0|||3|3|0|1|1|132|66|["132,66,5"]|636148148155390000|13:53:35:539
62|1.1|636147905138021478|800666|50020.5390625|6.02083675847|97.80997953889|-326872|-847638||50020.5390625|339.75||33925|339.75|50020.5390625|800666|JAI11|0|2596|0|||3|3|0|1|1|132|66|["132,66,5"]|636148148205390000|13:53:40:539
62|1.1|636147905187946470|800666|50025.5390625|6.02740279631|97.80054890611|-327915|-846899||50025.5390625|339.75||33925|339.75|50025.5390625|800666|JAI11|0|2596|0|||3|3|0|1|1|132|66|["132,66,5"]|636148148255390000|13:53:45:539
62|1.1|636147905237861461|800666|50030.515625|6.0339420121|97.79139722265|-328927|-846163||50030.515625|340||33937.5|340|50030.515625|800666|JAI11|0|2596|0|||3|3|0|1|1|132|66|["132,66,5"]|636148148305160000|13:53:50:516
62|1.1|636147905287776452|800666|50035.515625|6.04050804994|97.78197195428|-329969|-845424||50035.515625|340||33937.5|340|50035.515625|800666|JAI11|0|2596|0|||3|3|0|1|1|132|66|["132,66,5"]|636148148355160000|13:53:55:516
62|1.1|636147905337711445|800666|50040.5|6.04706335896|97.77247694858|-331019|-844686||50040.5|339.75||33943.75|339.75|50040.5|800666|JAI11|0|2596|0|||3|3|0|1|1|132|66|["132,66,5"]|636148148405000000|13:54:00:500
62|1.1|636147905387626436|800666|50045.5|6.05360257475|97.76350229065|-332011|-843950||50045.5|340||33956.25|340|50045.5|800666|JAI11|0|2596|0|||3|3|0|1|1|132|66|["132,66,5"]|636148148455000000|13:54:05:500
62|1.1|636147905437551428|800666|50050.5|6.06016324818|97.7541413952|-333046|-843211||50050.5|339.75||33962.5|339.75|50050.5|800666|JAI11|0|2596|0|||3|3|0|1|1|132|66|["132,66,5"]|636148148505000000|13:54:10:500
62|1.1|636147905487486421|800666|50055.4765625|6.06670246397|97.74500580497|-334056|-842476||50055.4765625|339.75||33950|339.75|50055.4765625|800666|JAI11|0|2596|0|||3|3|0|1|1|132|66|["132,66,5"]|636148148554770000|13:54:15:477
62|1.1|636147905537391411|800666|50060.4765625|6.07324704417|97.73570928244|-335084|-841739||50060.4765625|340||33962.5|340|50060.4765625|800666|JAI11|0|2596|0|||3|3|0|1|1|132|66|["132,66,5"]|636148148604770000|13:54:20:477
62|1.1|636147905587316403|800666|50065.4609375|6.07977553114|97.72655223457|-336096|-841004||50065.4609375|339.75||33956.25|339.75|50065.4609375|800666|JAI11|0|2596|0|||3|3|0|1|1|132|66|["132,66,5"]|636148148654610000|13:54:25:461
62|1.1|636147905637231394|800666|50070.4609375|6.08635766221|97.71716988148|-337133|-840263||50070.4609375|340||33975|340|50070.4609375|800666|JAI11|0|2596|0|||3|3|0|1|1|132|66|["132,66,5"]|636148148704610000|13:54:30:461
62|1.1|636147905687156386|800666|50075.4609375|6.09287005595|97.7081684015|-338128|-839530||50075.4609375|340||33975|340|50075.4609375|800666|JAI11|0|2596|0|||3|3|0|1|1|132|66|["132,66,5"]|636148148754610000|13:54:35:461
62|1.1|636147905737081378|800666|50080.4375|6.09943072938|97.69876459077|-339167|-838791||50080.4375|340||33975|340|50080.4375|800666|JAI11|0|2596|0|||3|3|0|1|1|132|66|["132,66,5"]|636148148804380000|13:54:40:438
62|1.1|636147905786996369|800666|50085.4375|6.10592166548|97.68986503458|-340151|-838061||50085.4375|340||33981.25|340|50085.4375|800666|JAI11|0|2596|0|||3|3|0|1|1|132|66|["132,66,5"]|636148148854380000|13:54:45:438
62|1.1|636147905836921361|800666|50090.421875|6.11246624568|97.68050950354|-341185|-837324||50090.421875|339.75||33975|339.75|50090.421875|800666|JAI11|0|2596|0|||3|3|0|1|1|132|66|["132,66,5"]|636148148904220000|13:54:50:422
62|1.1|636147905886846353|800666|50095.421875|6.11904301234|97.67120225219|-342213|-836583||50095.421875|340||33962.5|340|50095.421875|800666|JAI11|0|2596|0|||3|3|0|1|1|132|66|["132,66,5"]|636148148954220000|13:54:55:422
62|1.1|636147905936761344|800666|50100.421875|6.12560368577|97.66177698382|-343255|-835844||50100.421875|340||33956.25|340|50100.421875|800666|JAI11|0|2596|0|||3|3|0|1|1|132|66|["132,66,5"]|636148149004220000|13:55:00:422
62|1.1|636147905986686336|800666|50105.3984375|6.13214826597|97.65239463073|-344292|-835107||50105.3984375|340||33956.25|340|50105.3984375|800666|JAI11|0|2596|0|||3|3|0|1|1|132|66|["132,66,5"]|636148149053980000|13:55:05:398
62|1.1|636147906036611328|800666|50110.3984375|6.1386552953|97.64342533721|-345283|-834374||50110.3984375|339.75||33950|339.75|50110.3984375|800666|JAI11|0|2596|0|||3|3|0|1|1|132|66|["132,66,5"]|636148149103980000|13:55:10:398
62|1.1|636147906086526319|800666|50115.375|6.14519451109|97.63415027232|-346308|-833638||50115.375|340||33956.25|340|50115.375|800666|JAI11|0|2596|0|||3|3|0|1|1|132|66|["132,66,5"]|636148149153750000|13:55:15:375
62|1.1|636147906136451311|800666|50120.375|6.15169617601|97.62510051265|-347308|-832906||50120.375|340||33950|340|50120.375|800666|JAI11|0|2596|0|||3|3|0|1|1|132|66|["132,66,5"]|636148149203750000|13:55:20:375
62|1.1|636147906186376303|800666|50125.375|6.15818711211|97.61604002416|-348309|-832175||50125.375|340||33943.75|340|50125.375|800666|JAI11|0|2596|0|||3|3|0|1|1|132|82|["132,82,5","132,66,5"]|636148149253750000|13:55:25:375
62|1.1|636147906236291294|800666|50130.359375|6.16446883622|97.60709755269|-349297|-831467||50130.359375|340||33931.25|340|50130.359375|800666|JAI11|0|2596|0|||3|3|0|1|1|132|82|["132,82,5","132,66,5"]|636148149303590000|13:55:30:359
62|1.1|636147906286216286|800666|50135.359375|6.17052525511|97.59780639457|-350324|-830784||50135.359375|339.75||33893.75|339.75|50135.359375|800666|JAI11|0|2596|0|||3|3|0|1|1|132|82|["132,82,5","132,66,5"]|636148149353590000|13:55:35:359
62|1.1|636147906336141278|800666|50140.3359375|6.17549806318|97.58819337185|-351388|-830221||50140.3359375|339.75||33925|339.75|50140.3359375|800666|JAI11|0|2596|0|||3|3|0|1|1|132|82|["132,82,5","132,66,5"]|636148149403360000|13:55:40:336
62|1.1|636147906386056269|800666|50145.3359375|6.17980032|97.57778641645|-352541|-829732||50145.3359375|339.75||33993.75|339.75|50145.3359375|800666|JAI11|0|2596|0|||3|3|0|1|1|132|82|["132,82,5","132,66,5"]|636148149453360000|13:55:45:336
62|1.1|636147906435981261|800666|50150.3359375|6.18386117837|97.5674599272|-353685|-829270||50150.3359375|340||34031.25|340.25|50150.3359375|800666|JAI11|0|2596|0|||3|3|0|1|1|132|82|["132,82,5","132,66,5"]|636148149503360000|13:55:50:336
62|1.1|636147906485906253|800666|50155.3203125|6.18751434158|97.55684912422|-354862|-828853||50155.3203125|339.75||34075|339.75|50155.3203125|800666|JAI11|0|2596|0|||3|3|0|1|1|132|82|["132,82,5","132,66,5"]|636148149553200000|13:55:55:320
62|1.1|636147906535831245|800666|50160.3203125|6.19124260653|97.54571260906|-356096|-828426||50160.3203125|339.75||34156.25|339.75|50160.3203125|800666|JAI11|0|2596|0|||3|3|0|1|1|132|66|["132,82,5","132,66,5"]|636148149603200000|13:56:00:320
62|1.1|636147906585756237|800666|50165.296875|6.19526054962|97.53483894999|-357301|-827968||50165.296875|340||34218.75|340.25|50165.296875|800666|JAI11|0|2596|0|||3|3|0|1|1|132|66|["132,82,5","132,66,5"]|636148149652970000|13:56:05:297
62|1.1|636147906635671228|800666|50170.296875|6.19968618787|97.52466802863|-358428|-827465||50170.296875|340||34262.5|340.25|50170.296875|800666|JAI11|0|2596|0|||3|3|0|1|1|132|66|["132,82,5","132,66,2"]|636148149702970000|13:56:10:297
62|1.1|636147906685596220|800666|50175.296875|6.20419229227|97.51456148019|-359547|-826953||50175.296875|340||34281.25|340.25|50175.296875|800666|JAI11|0|2596|0|||3|3|0|1|1|132|66|["132,82,5","132,66,2"]|636148149752970000|13:56:15:297
62|1.1|636147906735511211|800666|50180.28125|6.20861256611|97.50447102498|-360664|-826451||50180.28125|340||34287.5|340.25|50180.28125|800666|JAI11|0|2596|0|||3|3|0|1|1|132|66|["132,82,5","132,66,2"]|636148149802810000|13:56:20:281
62|1.1|636147906785436203|800666|50185.28125|6.21287190765|97.49450931561|-361768|-825966||50185.28125|340||34281.25|340.25|50185.28125|800666|JAI11|0|2596|0|||3|3|0|1|1|132|66|["132,82,5","132,66,2"]|636148149852810000|13:56:25:281
62|1.1|636147906835351194|800666|50190.2578125|6.21699713894|97.48448323332|-362879|-825497||50190.2578125|340||34262.5|340.25|50190.2578125|800666|JAI11|0|2596|0|||3|3|0|1|1|132|66|["132,82,5","132,66,2"]|636148149902580000|13:56:30:258
62|1.1|636147906885286187|800666|50195.2578125|6.22103117526|97.47443569339|-363992|-825038||50195.2578125|340||34237.5|340.25|50195.2578125|800666|JAI11|0|2596|0|||3|3|0|1|1|132|66|["132,66,2"]|636148149952580000|13:56:35:258
62|1.1|636147906935201178|800666|50200.2578125|6.22495255897|97.46424331439|-365121|-824591||50200.2578125|340||34200|340|50200.2578125|800666|JAI11|0|2596|0|||3|3|0|1|1|132|66|["132,66,2"]|636148150002580000|13:56:40:258
62|1.1|636147906985116169|800666|50205.2421875|6.22870228156|97.45407239303|-366248|-824163||50205.2421875|340||34150|340|50205.2421875|800666|JAI11|0|2596|0|||3|3|0|1|1|132|66|["132,66,4"]|636148150052420000|13:56:45:242
62|1.1|636147907035041161|800666|50210.2421875|6.23261293645|97.44369762409|-367397|-823716||50210.2421875|340||34118.75|340|50210.2421875|800666|JAI11|0|2596|0|||3|3|0|1|1|132|66|["132,66,2"]|636148150102420000|13:56:50:242
62|1.1|636147907084966153|800666|50215.21875|6.23690982886|97.43212659172|-368679|-823226||50215.21875|340||34031.25|340|50215.21875|800666|JAI11|0|2596|0|||3|3|0|1|1|132|66|["132,66,5"]|636148150152190000|13:56:55:219
62|1.1|636147907134881144|800666|50220.21875|6.24084194139|97.42162307694|-369843|-822777||50220.21875|340||34006.25|340|50220.21875|800666|JAI11|0|2596|0|||3|3|0|1|1|132|66|["132,66,2"]|636148150202190000|13:57:00:219
62|1.1|636147907184806136|800666|50225.21875|6.24515492703|97.40992866314|-371139|-822285||50225.21875|340||33975|340|50225.21875|800666|JAI11|0|2596|0|||3|3|0|1|1|132|66|["132,66,5"]|636148150252190000|13:57:05:219
62|1.1|636147907234741129|800666|50230.1953125|6.24882418347|97.39982747911|-372258|-821866||50230.1953125|340||33943.75|340|50230.1953125|800666|JAI11|0|2596|0|||3|3|0|1|1|132|66|["132,66,2"]|636148150301950000|13:57:10:195
62|1.1|636147907284656120|800666|50235.1953125|6.25262755016|97.38943125253|-373410|-821431||50235.1953125|340||33906.25|340|50235.1953125|800666|JAI11|0|2596|0|||3|3|0|1|1|132|66|["132,66,2"]|636148150351950000|13:57:15:195
62|1.1|636147907334591113|800666|50240.1796875|6.25633435747|97.37914767856|-374550|-821007||50240.1796875|340||33868.75|340|50240.1796875|800666|JAI11|0|2596|0|||3|3|0|1|1|132|66|["132,66,2"]|636148150401800000|13:57:20:180
62|1.1|636147907384496103|800666|50245.1796875|6.26013235975|97.36864416378|-375714|-820573||50245.1796875|340||33843.75|340|50245.1796875|800666|JAI11|0|2596|0|||3|3|0|1|1|132|66|["132,66,2"]|636148150451800000|13:57:25:180
62|1.1|636147907434411094|800666|50250.1796875|6.26393572644|97.35805481844|-376887|-820138||50250.1796875|340||33818.75|340|50250.1796875|800666|JAI11|0|2596|0|||3|3|0|1|1|132|66|["132,66,2"]|636148150501800000|13:57:30:180
62|1.1|636147907484336086|800666|50255.15625|6.26778200841|97.3474654731|-378060|-819699||50255.15625|340||33806.25|340|50255.15625|800666|JAI11|0|2596|0|||3|3|0|1|1|132|66|["132,66,2"]|636148150551560000|13:57:35:156
62|1.1|636147907534261078|800666|50260.15625|6.27174094299|97.33655426316|-379269|-819246||50260.15625|340||33800|340|50260.15625|800666|JAI11|0|2596|0|||3|3|0|1|1|132|66|["132,66,2"]|636148150601560000|13:57:40:156
62|1.1|636147907584186070|800666|50265.140625|6.2756086826|97.32585762962|-380454|-818804||50265.140625|340||33793.75|340|50265.140625|800666|JAI11|0|2596|0|||3|3|0|1|1|132|66|["132,66,2"]|636148150651410000|13:57:45:141
62|1.1|636147907634101061|800666|50270.140625|6.27946032898|97.31519318254|-381635|-818363||50270.140625|340||33800|340|50270.140625|800666|JAI11|0|2596|0|||3|3|0|1|1|132|66|["132,66,2"]|636148150701410000|13:57:50:141
62|1.1|636147907684026053|800666|50275.140625|6.28335489064|97.30440535403|-382831|-817918||50275.140625|340||33800|340|50275.140625|800666|JAI11|0|2596|0|||3|3|0|1|1|132|66|["132,66,2"]|636148150751410000|13:57:55:141
62|1.1|636147907733941044|800666|50280.1171875|6.28728163876|97.29356388142|-384032|-817469||50280.1171875|340||33806.25|340|50280.1171875|800666|JAI11|0|2596|0|||3|3|0|1|1|132|66|["132,66,2"]|636148150801170000|13:58:00:117
62|1.1|636147907783866036|X|50285.1171875|6.29122984452|97.28264730707|-385241|-817017||50285.1171875|340||33812.5|340|50285.1171875|X|X|0|2596|0|||3|3|0|1|1|132|66|["132,66,2"]|636148150851170000|13:58:05:117
62|1.1|636147907833791028|X|50290.1015625|6.29508685531|97.27201504645|-386419|-816576||50290.1015625|340||33818.75|340|50290.1015625|X|X|0|2596|0|||3|3|0|1|1|132|66|["132,66,2"]|636148150901020000|13:58:10:102
62|1.1|636147907883716020|X|50295.1015625|6.29898678138|97.26123794676|-387613|-816130||50295.1015625|340||33831.25|340|50295.1015625|X|X|0|2596|0|||3|3|0|1|1|132|66|["132,66,2"]|636148150951020000|13:58:15:102
62|1.1|636147907933641012|X|50300.1015625|6.30283306335|97.25050912676|-388802|-815690||50300.1015625|340||33831.25|340|50300.1015625|X|X|0|2596|0|||3|3|0|1|1|132|66|["132,66,2"]|636148151001020000|13:58:20:102
62|1.1|636147907983556003|X|50305.078125|6.30669543855|97.23979639999|-389988|-815248||50305.078125|340||33837.5|340|50305.078125|X|X|0|2596|0|||3|3|0|1|1|132|66|["132,66,2"]|636148151050780000|13:58:25:078
62|1.1|636147908033470994|X|50310.078125|6.3105846358|97.22904075794|-391180|-814803||50310.078125|340||33843.75|340|50310.078125|X|X|0|2596|0|||3|3|0|1|1|132|66|["132,66,2"]|636148151100780000|13:58:30:078
62|1.1|636147908083395986|X|50315.0625|6.31447919746|97.21826365825|-392374|-814357||50315.0625|340||33856.25|340|50315.0625|X|X|0|2596|0|||3|3|0|1|1|132|66|["132,66,2"]|636148151150630000|13:58:35:063
62|1.1|636147908133320978|X|50320.0625|6.31839521676|97.20746510092|-393570|-813909||50320.0625|340||33868.75|340|50320.0625|X|X|0|2596|0|||3|3|0|1|1|132|66|["132,66,2"]|636148151200630000|13:58:40:063
62|1.1|636147908183235969|800666|50325.0625|6.32231660047|97.19659144185|-394774|-813460||50325.0625|339.75||33881.25|339.75|50325.0625|800666|JAI11|0|2596|0|||3|3|0|1|1|132|83|["132,66,2"]|636148151250630000|13:58:45:063
62|1.1|636147908233160961|800666|50330.0390625|6.32620579772|97.18580361334|-395969|-813015||50330.0390625|340||33881.25|339.75|50330.0390625|800666|JAI11|0|2596|0|||3|3|0|1|1|132|83|["132,66,2"]|636148151300390000|13:58:50:039
62|1.1|636147908283085953|800666|50335.0390625|6.32995552031|97.17527864092|-397135|-812585||50335.0390625|340||33875|340|50335.0390625|800666|JAI11|0|2596|0|||3|3|0|1|1|132|66|["132,66,2"]|636148151350390000|13:58:55:039
62|1.1|636147908333000944|800666|50340.015625|6.33374279377|97.16467856676|-398309|-812152||50340.015625|340||33868.75|340|50340.015625|800666|JAI11|0|2596|0|||3|3|0|1|1|132|66|["132,66,2"]|636148151400160000|13:59:00:016
62|1.1|636147908382925936|800666|50345.015625|6.33757834692|97.15395511117|-399497|-811712||50345.015625|340||33875|340|50345.015625|800666|JAI11|0|2596|0|||3|3|0|1|1|132|66|["132,66,2"]|636148151450160000|13:59:05:016
62|1.1|636147908432860929|800666|50350.015625|6.34142462889|97.14325847763|-400681|-811272||50350.015625|340||33881.25|340|50350.015625|800666|JAI11|0|2596|0|||3|3|0|1|1|132|66|["132,66,2"]|636148151500160000|13:59:10:016
62|1.1|636147908482775920|800666|50355|6.34525481763|97.13256184409|-401866|-810833||50355|340||33881.25|340|50355|800666|JAI11|0|2596|0|||3|3|0|1|1|132|66|["132,66,2"]|636148151550000000|13:59:15:000
62|1.1|636147908532550897|800666|50360|6.34912792165|97.12180083763|-403058|-810389||50360|340||33893.75|340|50360|800666|JAI11|0|2596|0|||3|3|0|1|1|132|66|["132,66,2"]|636148151600000000|13:59:20:000
62|1.1|636147908582475889|800666|50364.9765625|6.35292592393|97.11113639055|-404239|-809954||50364.9765625|340||33887.5|340|50364.9765625|800666|JAI11|0|2596|0|||3|3|0|1|1|132|66|["132,66,2"]|636148151649770000|13:59:24:977
62|1.1|636147908632560897|800666|50369.9765625|6.35686340087|97.10028418912|-405441|-809503||50369.9765625|340||33912.5|340|50369.9765625|800666|JAI11|0|2596|0|||3|3|0|1|1|132|66|["132,66,2"]|636148151699770000|13:59:29:977
62|1.1|636147908682305871|800666|50374.9765625|6.36077405576|97.08946417415|-406639|-809055||50374.9765625|340||33925|340|50374.9765625|800666|JAI11|0|2596|0|||3|3|0|1|1|132|66|["132,66,2"]|636148151749770000|13:59:34:977
62|1.1|636147908732380878|800666|50379.9609375|6.36459351568|97.07874608297|-407826|-808617||50379.9609375|340||33918.75|340|50379.9609375|800666|JAI11|0|2596|0|||3|3|0|1|1|132|66|["132,66,4"]|636148151799610000|13:59:39:961
62|1.1|636147908782305870|800666|50384.9609375|6.3685202638|97.06792070359|-409025|-808167||50384.9609375|340||33937.5|340|50384.9609375|800666|JAI11|0|2596|0|||3|3|0|1|1|132|66|["132,66,2"]|636148151849610000|13:59:44:961
62|1.1|636147908832240863|800666|50389.9375|6.37236654577|97.05720797682|-410212|-807726||50389.9375|340||33937.5|340|50389.9375|800666|JAI11|0|2596|0|||3|3|0|1|1|132|66|["132,66,2"]|636148151899380000|13:59:49:938
62|1.1|636147908881995838|800666|50394.9375|6.37617527687|97.04654889415|-411392|-807289||50394.9375|340||33943.75|340|50394.9375|800666|X|0|2596|0|||3|3|0|1|1|132|66|["132,66,2"]|636148151949380000|13:59:54:938
62|1.1|636147908931920830|800666|50399.9375|6.37998937238|97.03587371825|-412574|-806852||50399.9375|340||33937.5|340|50399.9375|800666|X|0|2596|0|||3|3|0|1|1|132|66|["132,66,2"]|636148151999380000|13:59:59:938
62|1.1|636147908981845822|800666|50404.921875|6.38398585783|97.02492495744|-413786|-806394||50404.921875|340||33962.5|340|50404.921875|800666|X|0|2596|0|||3|3|0|1|1|132|66|["132,66,5"]|636148152049220000|14:00:04:922
62|1.1|636147909031760813|800666|50409.921875|6.38784823303|97.01419077303|-414975|-805951||50409.921875|340||33975|340|50409.921875|800666|X|0|2596|0|||3|3|0|1|1|132|66|["132,66,2"]|636148152099220000|14:00:09:922
62|1.1|636147909081685805|800666|50414.8984375|6.3915872268|97.00364434297|-416143|-805522||50414.8984375|340||33962.5|340|50414.8984375|800666|X|0|2596|0|||3|3|0|1|1|132|66|["132,66,2"]|636148152148980000|14:00:14:898
62|1.1|636147909131600796|800666|50419.8984375|6.395449602|96.99291552297|-417331|-805079||50419.8984375|340||33968.75|340|50419.8984375|800666|X|0|2596|0|||3|3|0|1|1|132|66|["132,66,2"]|636148152198980000|14:00:19:898
62|1.1|636147909181525788|800666|50424.8984375|6.39929588397|96.98219743179|-418518|-804638||50424.8984375|340||33975|340|50424.8984375|800666|X|0|2596|0|||3|3|0|1|1|132|66|["132,66,2"]|636148152248980000|14:00:24:898
62|1.1|636147909231460781|800666|50429.875|6.40305633538|96.97160808645|-419690|-804207||50429.875|340||33956.25|340|50429.875|800666|X|0|2596|0|||3|3|0|1|1|132|66|["132,66,2"]|636148152298750000|14:00:29:875
62|1.1|636147909281365771|800666|50434.875|6.40679532915|96.96098655465|-420866|-803777||50434.875|340||33937.5|340|50434.875|800666|X|0|2596|0|||3|3|0|1|1|132|66|["132,66,2"]|636148152348750000|14:00:34:875
62|1.1|636147909331290763|800666|50439.859375|6.41058796702|96.95035429403|-422044|-803342||50439.859375|340||33937.5|340|50439.859375|800666|X|0|2596|0|||3|3|0|1|1|132|66|["132,66,2"]|636148152398590000|14:00:39:859
62|1.1|636147909381215755|800666|50444.859375|6.41446643545|96.9396093808|-423233|-802897||50444.859375|340||33950|340|50444.859375|800666|X|0|2596|0|||3|3|0|1|1|132|66|["132,66,2"]|636148152448590000|14:00:44:859
62|1.1|636147909431130746|800666|50449.859375|6.41825907332|96.928987849|-424409|-802462||50449.859375|340||33950|340|50449.859375|800666|X|0|2596|0|||3|3|0|1|1|132|66|["132,66,2"]|636148152498590000|14:00:49:859
62|1.1|636147909481045737|800666|50454.8359375|6.42215363498|96.91828585105|-425594|-802015||50454.8359375|340||33987.5|340|50454.8359375|800666|X|0|2596|0|||3|3|0|1|1|132|66|["132,66,2"]|636148152548360000|14:00:54:836
62|1.1|636147909530970729|800666|50459.8359375|6.42593554403|96.90767504807|-426769|-801581||50459.8359375|340||33981.25|340|50459.8359375|800666|X|0|2596|0|||3|3|0|1|1|132|66|["132,66,2"]|636148152598360000|14:00:59:836
62|1.1|636147909580895721|800666|50464.8203125|6.42977109718|96.89698914335|-427952|-801140||50464.8203125|340||33987.5|340|50464.8203125|800666|X|0|2596|0|||3|3|0|1|1|132|66|["132,66,2"]|636148152648200000|14:01:04:820
62|1.1|636147909630820713|X|50469.8203125|6.43354227741|96.88636224714|-429129|-800707||50469.8203125|340||33981.25|340|50469.8203125|X|X|0|2596|0|||3|3|0|1|1|132|66|["132,66,2"]|636148152698200000|14:01:09:820
62|1.1|636147909680745705|X|50474.8203125|6.43737783056|96.87565488478|-430314|-800267||50474.8203125|340||33981.25|340|50474.8203125|X|X|0|2596|0|||3|3|0|1|1|132|66|["132,66,2"]|636148152748200000|14:01:14:820
62|1.1|636147909730660696|X|50479.796875|6.4412080193|96.86496898006|-431497|-799827||50479.796875|340||33981.25|340|50479.796875|X|X|0|2596|0|||3|3|0|1|1|132|66|["132,66,2"]|636148152797970000|14:01:19:797
62|1.1|636147909780585688|X|50484.796875|6.44513476742|96.85418651596|-432691|-799376||50484.796875|340||34006.25|340|50484.796875|X|X|0|2596|0|||3|3|0|1|1|132|66|["132,66,2"]|636148152847970000|14:01:24:797
62|1.1|636147909830500679|X|50489.78125|6.44895959175|96.84352206888|-433871|-798937||50489.78125|340||34006.25|340|50489.78125|X|X|0|2596|0|||3|3|0|1|1|132|66|["132,66,2"]|636148152897810000|14:01:29:781
62|1.1|636147909880425671|X|50494.78125|6.45271467875|96.83288444385|-435049|-798505||50494.78125|340||33981.25|340|50494.78125|X|X|0|2596|0|||3|3|0|1|1|132|66|["132,66,2"]|636148152947810000|14:01:34:781
62|1.1|636147909930350663|X|50499.78125|6.45655559631|96.82216098826|-436236|-798064||50499.78125|340||33981.25|340|50499.78125|X|X|0|2596|0|||3|3|0|1|1|132|66|["132,66,2"]|636148152997810000|14:01:39:781
62|1.1|636147909980275655|X|50504.7578125|6.46034286977|96.81154482087|-437411|-797629||50504.7578125|340||33975|340|50504.7578125|X|X|0|2596|0|||3|3|0|1|1|132|66|["132,66,2"]|636148153047580000|14:01:44:758
62|1.1|636147910030200647|X|50509.7578125|6.46416232969|96.80083745851|-438597|-797190||50509.7578125|340||33968.75|340|50509.7578125|X|X|0|2596|0|||3|3|0|1|1|132|66|["132,66,2"]|636148153097580000|14:01:49:758
62|1.1|636147910080115638|X|50514.7421875|6.46800324725|96.79014618938|-439780|-796749||50514.7421875|340||33968.75|340|50514.7421875|X|X|0|2596|0|||3|3|0|1|1|132|66|["132,66,2"]|636148153147420000|14:01:54:742
62|1.1|636147910130040630|X|50519.7421875|6.4717851563|96.77950319994|-440958|-796314||50519.7421875|340||33968.75|340|50519.7421875|X|X|0|2596|0|||3|3|0|1|1|132|66|["132,66,2"]|636148153197420000|14:01:59:742
62|1.1|636147910179955621|X|50524.7421875|6.4755402433|96.76886557491|-442136|-795882||50524.7421875|340||33950|340|50524.7421875|X|X|0|2596|0|||3|3|0|1|1|132|66|["132,66,2"]|636148153247420000|14:02:04:742
62|1.1|636147910229880613|X|50529.71875|6.47928996589|96.75827622957|-443308|-795451||50529.71875|340||33937.5|340|50529.71875|X|X|0|2596|0|||3|3|0|1|1|132|66|["132,66,2"]|636148153297190000|14:02:09:719
62|1.1|636147910279805605|X|50534.71875|6.48308260376|96.74762251131|-444487|-795015||50534.71875|340||33937.5|340|50534.71875|X|X|0|2596|0|||3|3|0|1|1|132|66|["132,66,2"]|636148153347190000|14:02:14:719
62|1.1|636147910329740598|X|50539.6953125|6.48685378399|96.73698488628|-445664|-794581||50539.6953125|340||33931.25|340|50539.6953125|X|X|0|2596|0|||3|3|0|1|1|132|66|["132,66,2"]|636148153396950000|14:02:19:695
62|1.1|636147910379645588|X|50544.6953125|6.49075907447|96.72620242218|-446858|-794132||50544.6953125|340||33956.25|340|50544.6953125|X|X|0|2596|0|||3|3|0|1|1|132|66|["132,66,2"]|636148153446950000|14:02:24:695
62|1.1|636147910429560579|X|50549.6953125|6.49453561911|96.71551115305|-448041|-793698||50549.6953125|340||33937.5|340|50549.6953125|X|X|0|2596|0|||3|3|0|1|1|132|66|["132,66,2"]|636148153496950000|14:02:29:695
62|1.1|636147910479495572|X|50554.6796875|6.49831216375|96.70485207038|-449221|-793263||50554.6796875|340||33925|340|50554.6796875|X|X|0|2596|0|||3|3|0|1|1|132|66|["132,66,2"]|636148153546800000|14:02:34:680
62|1.1|636147910529400562|X|50559.6796875|6.50215308131|96.6941339792|-450407|-792822||50559.6796875|340||33931.25|340|50559.6796875|X|X|0|2596|0|||3|3|0|1|1|132|66|["132,66,2"]|636148153596800000|14:02:39:680
62|1.1|636147910579325554|X|50564.65625|6.50599399887|96.68341588802|-451593|-792380||50564.65625|340||33937.5|340|50564.65625|X|X|0|2596|0|||3|3|0|1|1|132|66|["132,66,2"]|636148153646560000|14:02:44:656
62|1.1|636147910629250546|X|50569.65625|6.50986173848|96.67266024597|-452784|-791935||50569.65625|340||33950|340|50569.65625|X|X|0|2596|0|||3|3|0|1|1|132|66|["132,66,2"]|636148153696560000|14:02:49:656
62|1.1|636147910679175538|X|50574.65625|6.51367583399|96.66192069715|-453972|-791496||50574.65625|340||33943.75|340|50574.65625|X|X|0|2596|0|||3|3|0|1|1|132|66|["132,66,2"]|636148153746560000|14:02:54:656
62|1.1|636147910729100530|X|50579.640625|6.51758112447|96.65114359746|-455165|-791047||50579.640625|340||33968.75|340|50579.640625|X|X|0|2596|0|||3|3|0|1|1|132|66|["132,66,2"]|636148153796410000|14:02:59:641
62|1.1|636147910779015521|X|50584.640625|6.52143277085|96.64039331982|-456354|-790604||50584.640625|340||33968.75|340|50584.640625|X|X|0|2596|0|||3|3|0|1|1|132|66|["132,66,2"]|636148153846410000|14:03:04:641
62|1.1|636147910828950514|X|50589.6171875|6.52525223077|96.6297074151|-457537|-790164||50589.6171875|340||33975|340|50589.6171875|X|X|0|2596|0|||3|3|0|1|1|132|66|["132,66,2"]|636148153896170000|14:03:09:617
62|1.1|636147910878855504|X|50594.6171875|6.52917897889|96.61887667131|-458735|-789712||50594.6171875|340||33987.5|340|50594.6171875|X|X|0|2596|0|||3|3|0|1|1|132|66|["132,66,2"]|636148153946170000|14:03:14:617
62|1.1|636147910928780496|X|50599.6171875|6.53312718465|96.60802446988|-459936|-789258||50599.6171875|340||34006.25|340|50599.6171875|X|X|0|2596|0|||3|3|0|1|1|132|66|["132,66,2"]|636148153996170000|14:03:19:617
62|1.1|636147910978705488|X|50604.6015625|6.53694664457|96.59732247193|-461120|-788819||50604.6015625|340||33993.75|340|50604.6015625|X|X|0|2596|0|||3|3|0|1|1|132|66|["132,66,2"]|636148154046020000|14:03:24:602
62|1.1|636147911028640481|X|50609.6015625|6.54073391803|96.58662047398|-462305|-788382||50609.6015625|340||33981.25|340|50609.6015625|X|X|0|2596|0|||3|3|0|1|1|132|66|["132,66,2"]|636148154096020000|14:03:29:602
62|1.1|636147911078565473|X|50614.578125|6.5445802|96.57591311162|-463490|-787939||50614.578125|340||33981.25|340|50614.578125|X|X|0|2596|0|||3|3|0|1|1|132|66|["132,66,2"]|636148154145780000|14:03:34:578
62|1.1|636147911128470463|X|50619.578125|6.54844793961|96.56514137634|-464682|-787494||50619.578125|340||33987.5|340|50619.578125|X|X|0|2596|0|||3|3|0|1|1|132|66|["132,66,2"]|636148154195780000|14:03:39:578
62|1.1|636147911178395455|X|50624.578125|6.55242296742|96.55424625963|-465887|-787037||50624.578125|340||34000|340|50624.578125|X|X|0|2596|0|||3|3|0|1|1|132|66|["132,66,2"]|636148154245780000|14:03:44:578
62|1.1|636147911228310446|X|50629.5625|6.55624242734|96.54350671081|-467075|-786597||50629.5625|340||33981.25|340|50629.5625|X|X|0|2596|0|||3|3|0|1|1|132|66|["132,66,2"]|636148154295630000|14:03:49:563
62|1.1|636147911278235438|X|50634.5625|6.56012089577|96.53269742466|-468271|-786150||50634.5625|340||33975|340|50634.5625|X|X|0|2596|0|||3|3|0|1|1|132|66|["132,66,2"]|636148154345630000|14:03:54:563
62|1.1|636147911328150429|X|50639.5390625|6.56417102532|96.52177012149|-469480|-785684||50639.5390625|340||34006.25|340|50639.5390625|X|X|0|2596|0|||3|3|0|1|1|132|66|["132,66,2"]|636148154395390000|14:03:59:539
62|1.1|636147911378085422|X|50644.5390625|6.56795293437|96.51101447944|-470670|-785248||50644.5390625|340||33975|340|50644.5390625|X|X|0|2596|0|||3|3|0|1|1|132|66|["132,66,2"]|636148154445390000|14:04:04:539
62|1.1|636147911428000413|X|50649.5390625|6.57176166547|96.50022665093|-471864|-784809||50649.5390625|340||33943.75|340|50649.5390625|X|X|0|2596|0|||3|3|0|1|1|132|66|["132,66,2"]|636148154495390000|14:04:09:539
62|1.1|636147911477925405|X|50654.515625|6.57559185421|96.48946028006|-473055|-784368||50654.515625|340||33931.25|340|50654.515625|X|X|0|2596|0|||3|3|0|1|1|132|66|["132,66,2"]|636148154545160000|14:04:14:516
62|1.1|636147911527850397|X|50659.515625|6.57937376326|96.4786992736|-474246|-783931||50659.515625|340||33906.25|340|50659.515625|X|X|0|2596|0|||3|3|0|1|1|132|66|["132,66,2"]|636148154595160000|14:04:19:516
62|1.1|636147911577765388|X|50664.5|6.58317712995|96.46793290273|-475437|-783493||50664.5|340||33881.25|340|50664.5|X|X|0|2596|0|||3|3|0|1|1|132|66|["132,66,2"]|636148154645000000|14:04:24:500
62|1.1|636147911627690380|X|50669.5|6.58707169161|96.45706997248|-476638|-783044||50669.5|340||33887.5|340|50669.5|X|X|0|2596|0|||3|3|0|1|1|132|66|["132,66,2"]|636148154695000000|14:04:29:500
62|1.1|636147911677605371|X|50674.5|6.59111109234|96.44611584726|-477850|-782579||50674.5|340||33918.75|340|50674.5|X|X|0|2596|0|||3|3|0|1|1|132|66|["132,66,2"]|636148154745000000|14:04:34:500
62|1.1|636147911727530363|X|50679.4765625|6.59487690816|96.43536020521|-479040|-782144||50679.4765625|340||33893.75|340|50679.4765625|X|X|0|2596|0|||3|3|0|1|1|132|66|["132,66,2"]|636148154794770000|14:04:39:477
62|1.1|636147911777455355|X|50684.4765625|6.59869636808|96.4245187326|-480239|-781704||50684.4765625|340||33875|340|50684.4765625|X|X|0|2596|0|||3|3|0|1|1|132|66|["132,66,2"]|636148154844770000|14:04:44:477
62|1.1|636147911827370346|X|50689.4609375|6.60271431117|96.41359142943|-481448|-781241||50689.4609375|340||33906.25|340|50689.4609375|X|X|0|2596|0|||3|3|0|1|1|132|66|["132,66,2"]|636148154894610000|14:04:49:461
62|1.1|636147911877305339|X|50694.4609375|6.60663569488|96.40269094831|-482654|-780789||50694.4609375|340||33912.5|340|50694.4609375|X|X|0|2596|0|||3|3|0|1|1|132|66|["132,66,2"]|636148154944610000|14:04:54:461
62|1.1|636147911927210329|X|50699.4609375|6.61043906157|96.39187629775|-483850|-780350||50699.4609375|340||33900|340|50699.4609375|X|X|0|2596|0|||3|3|0|1|1|132|66|["132,66,2"]|636148154994610000|14:04:59:461
62|1.1|636147911977145322|X|50704.4375|6.61446236907|96.38092753694|-485061|-779886||50704.4375|340||33925|340|50704.4375|X|X|0|2596|0|||3|3|0|1|1|132|66|["132,66,2"]|636148155044380000|14:05:04:438
62|1.1|636147912027060313|X|50709.4375|6.61846958334|96.36996804731|-486273|-779424||50709.4375|340||33950|340|50709.4375|X|X|0|2596|0|||3|3|0|1|1|132|66|["132,66,2"]|636148155094380000|14:05:09:438
62|1.1|636147912076985305|X|50714.421875|6.62239096705|96.35909438824|-487476|-778972||50714.421875|340||33950|340|50714.421875|X|X|0|2596|0|||3|3|0|1|1|132|66|["132,66,2"]|636148155144220000|14:05:14:422
62|1.1|636147912126900296|X|50719.421875|6.62629089312|96.34819927153|-488681|-778522||50719.421875|340||33943.75|340|50719.421875|X|X|0|2596|0|||3|3|0|1|1|132|66|["132,66,2"]|636148155194220000|14:05:19:422
62|1.1|636147912176825288|X|50724.421875|6.63010498863|96.33737925656|-489878|-778082||50724.421875|340||33925|340|50724.421875|X|X|0|2596|0|||3|3|0|1|1|132|66|["132,66,2"]|636148155244220000|14:05:24:422
62|1.1|636147912226750280|X|50729.3984375|6.63409074526|96.32647877544|-491083|-777622||50729.3984375|340||33950|340|50729.3984375|X|X|0|2596|0|||3|3|0|1|1|132|66|["132,66,2"]|636148155293980000|14:05:29:398
62|1.1|636147912276665271|X|50734.3984375|6.63779755257|96.31570704016|-492275|-777193||50734.3984375|340||33906.25|340|50734.3984375|X|X|0|2596|0|||3|3|0|1|1|132|66|["132,66,2"]|636148155343980000|14:05:34:398
62|1.1|636147912326590263|X|50739.375|6.64166529218|96.30490311842|-493470|-776747||50739.375|340||33906.25|340|50739.375|X|X|0|2596|0|||3|3|0|1|1|132|66|["132,66,2"]|636148155393750000|14:05:39:375
62|1.1|636147912376515255|X|50744.375|6.64553303179|96.29410456109|-494664|-776301||50744.375|340||33906.25|340|50744.375|X|X|0|2596|0|||3|3|0|1|1|132|66|["132,66,2"]|636148155443750000|14:05:44:375
62|1.1|636147912426440247|X|50749.375|6.64944368668|96.28323090202|-495867|-775849||50749.375|340||33918.75|340|50749.375|X|X|0|2596|0|||3|3|0|1|1|132|66|["132,66,2"]|636148155493750000|14:05:49:375
62|1.1|636147912476355238|X|50754.359375|6.65335434157|96.27237870059|-497067|-775398||50754.359375|340||33931.25|340|50754.359375|X|X|0|2596|0|||3|3|0|1|1|132|66|["132,66,2"]|636148155543590000|14:05:54:359
62|1.1|636147912526270229|X|50759.359375|6.65727572528|96.26151040593|-498269|-774946||50759.359375|340||33943.75|340|50759.359375|X|X|0|2596|0|||3|3|0|1|1|132|66|["132,66,2"]|636148155593590000|14:05:59:359
62|1.1|636147912576195221|X|50764.3359375|6.66099326141|96.25077622152|-499456|-774515||50764.3359375|340||33912.5|340|50764.3359375|X|X|0|2596|0|||3|3|0|1|1|132|66|["132,66,2"]|636148155643360000|14:06:04:336
62|1.1|636147912626120213|X|50769.3359375|6.66496828922|96.23985964717|-500663|-774056||50769.3359375|340||33943.75|340|50769.3359375|X|X|0|2596|0|||3|3|0|1|1|132|66|["132,66,2"]|636148155693360000|14:06:09:336
62|1.1|636147912676035204|X|50774.3359375|6.66900768995|96.22887333549|-501878|-773591||50774.3359375|340||33962.5|340|50774.3359375|X|X|0|2596|0|||3|3|0|1|1|132|66|["132,66,2"]|636148155743360000|14:06:14:336
62|1.1|636147912725970197|X|50779.3203125|6.67289152279|96.21804795611|-503075|-773142||50779.3203125|340||33968.75|340|50779.3203125|X|X|0|2596|0|||3|3|0|1|1|132|66|["132,66,2"]|636148155793200000|14:06:19:320
62|1.1|636147912775885188|X|50784.3203125|6.67683436414|96.20714747499|-504280|-772687||50784.3203125|340||33981.25|340|50784.3203125|X|X|0|2596|0|||3|3|0|1|1|132|66|["132,66,2"]|636148155843200000|14:06:24:320
62|1.1|636147912825810180|X|50789.296875|6.68058945114|96.1963703753|-505472|-772252||50789.296875|340||33943.75|340|50789.296875|X|X|0|2596|0|||3|3|0|1|1|132|66|["132,66,2"]|636148155892970000|14:06:29:297
62|1.1|636147912875745173|X|50794.296875|6.68444109752|96.18556108915|-506668|-771807||50794.296875|340||33943.75|340|50794.296875|X|X|0|2596|0|||3|3|0|1|1|132|66|["132,66,2"]|636148155942970000|14:06:34:297
62|1.1|636147912925660164|X|50799.296875|6.68815326924|96.17481081151|-507857|-771378||50799.296875|340||33906.25|340|50799.296875|X|X|0|2596|0|||3|3|0|1|1|132|66|["132,66,2"]|636148155992970000|14:06:39:297
62|1.1|636147912975565154|X|50804.28125|6.69208001736|96.16397470331|-509055|-770924||50804.28125|340||33931.25|340|50804.28125|X|X|0|2596|0|||3|3|0|1|1|132|66|["132,66,2"]|636148156042810000|14:06:44:281
62|1.1|636147913025490146|X|50809.28125|6.69588874846|96.15316541716|-510250|-770483||50809.28125|340||33925|340|50809.28125|X|X|0|2596|0|||3|3|0|1|1|132|66|["132,66,2"]|636148156092810000|14:06:49:281
62|1.1|636147913075415138|X|50814.2578125|6.69975648807|96.14237758865|-511443|-770036||50814.2578125|340||33931.25|340|50814.2578125|X|X|0|2596|0|||3|3|0|1|1|132|66|["132,66,2"]|636148156142580000|14:06:54:258
62|1.1|636147913125340130|X|50819.2578125|6.7036886006|96.13150392958|-512645|-769582||50819.2578125|340||33950|340|50819.2578125|X|X|0|2596|0|||3|3|0|1|1|132|66|["132,66,2"]|636148156192580000|14:06:59:258
62|1.1|636147913175275123|X|50824.2578125|6.70752951816|96.12069464343|-513840|-769138||50824.2578125|340||33950|340|50824.2578125|X|X|0|2596|0|||3|3|0|1|1|132|66|["132,66,2"]|636148156242580000|14:07:04:258
62|1.1|636147913225180113|X|50829.2421875|6.71138652895|96.10990681492|-515033|-768692||50829.2421875|340||33950|340|50829.2421875|X|X|0|2596|0|||3|3|0|1|1|132|66|["132,66,2"]|636148156292420000|14:07:09:242
62|1.1|636147913275105105|X|50834.2421875|6.71527036179|96.09907070672|-516231|-768243||50834.2421875|340||33962.5|340|50834.2421875|X|X|0|2596|0|||3|3|0|1|1|132|66|["132,66,2"]|636148156342420000|14:07:14:242
62|1.1|636147913325020096|X|50839.21875|6.7190844573|96.08830970026|-517421|-767801||50839.21875|340||33956.25|340|50839.21875|X|X|0|2596|0|||3|3|0|1|1|132|66|["132,66,2"]|636148156392190000|14:07:19:219
62|1.1|636147913374945088|X|50844.21875|6.72283417989|96.07752723616|-518613|-767367||50844.21875|340||33925|340|50844.21875|X|X|0|2596|0|||3|3|0|1|1|132|66|["132,66,2"]|636148156442190000|14:07:24:219
62|1.1|636147913424870080|X|50849.21875|6.72682530093|96.06663748386|-519817|-766906||50849.21875|340||33956.25|340|50849.21875|X|X|0|2596|0|||3|3|0|1|1|132|66|["132,66,2"]|636148156492190000|14:07:29:219
62|1.1|636147913474785071|X|50854.1953125|6.73064476085|96.05585501976|-521009|-766464||50854.1953125|340||33950|340|50854.1953125|X|X|0|2596|0|||3|3|0|1|1|132|66|["132,66,2"]|636148156541950000|14:07:34:195
62|1.1|636147913524720064|X|50859.1953125|6.7345339581|96.04502964038|-522206|-766014||50859.1953125|340||33956.25|340|50859.1953125|X|X|0|2596|0|||3|3|0|1|1|132|66|["132,66,2"]|636148156591950000|14:07:39:195
62|1.1|636147913574635055|X|50864.1796875|6.73829977392|96.03429009156|-523393|-765578||50864.1796875|340||33937.5|340|50864.1796875|X|X|0|2596|0|||3|3|0|1|1|132|66|["132,66,2"]|636148156641800000|14:07:44:180
62|1.1|636147913624550046|X|50869.1796875|6.74212459825|96.02348080541|-524588|-765135||50869.1796875|340||33931.25|340|50869.1796875|X|X|0|2596|0|||3|3|0|1|1|132|66|["132,66,2"]|636148156691800000|14:07:49:180
62|1.1|636147913674485039|X|50874.1796875|6.74587968525|96.0126929769|-525781|-764700||50874.1796875|340||33900|340|50874.1796875|X|X|0|2596|0|||3|3|0|1|1|132|66|["132,66,2"]|636148156741800000|14:07:54:180
62|1.1|636147913724400030|X|50879.15625|6.74974206045|96.00191587721|-526972|-764253||50879.15625|340||33918.75|340|50879.15625|X|X|0|2596|0|||3|3|0|1|1|132|66|["132,66,2"]|636148156791560000|14:07:59:156
62|1.1|636147913774315021|X|50884.15625|6.75371708826|95.99114414193|-528163|-763794||50884.15625|340||33968.75|340|50884.15625|X|X|0|2596|0|||3|3|0|1|1|132|66|["132,66,2"]|636148156841560000|14:08:04:156
62|1.1|636147913824240013|X|50889.140625|6.75783159073|95.98037777106|-529352|-763318||50889.140625|340||34062.5|340.25|50889.140625|X|X|0|2596|0|||3|3|0|1|1|132|66|["132,66,2"]|636148156891410000|14:08:09:141
62|1.1|636147913874175006|X|50894.140625|6.76200510171|95.96965967988|-530537|-762836||50894.140625|340||34175|340.25|50894.140625|X|X|0|2596|0|||3|3|0|1|1|132|66|["132,66,2"]|636148156941410000|14:08:14:141
62|1.1|636147913924079996|X|50899.140625|6.76611960418|95.95902741926|-531711|-762362||50899.140625|340||34262.5|340.25|50899.140625|X|X|0|2596|0|||3|3|0|1|1|132|66|["132,66,2"]|636148156991410000|14:08:19:141
62|1.1|636147913974004988|X|50904.1171875|6.77043795423|95.94849708243|-532874|-761864||50904.1171875|340||34393.75|340.25|50904.1171875|X|X|0|2596|0|||3|3|0|1|1|132|66|["132,66,2"]|636148157041170000|14:08:24:117
62|1.1|636147914023929980|X|50909.1171875|6.77472411782|95.93809549144|-534023|-761370||50909.1171875|340||34481.25|340.25|50909.1171875|X|X|0|2596|0|||3|3|0|1|1|132|66|["132,66,2"]|636148157091170000|14:08:29:117
62|1.1|636147914073844971|X|50914.1015625|6.7794877139|95.92786556157|-535152|-760824||50914.1015625|340||34543.75|340.25|50914.1015625|X|X|0|2596|0|||3|3|0|1|1|132|66|["132,66,2"]|636148157141020000|14:08:34:102
62|1.1|636147914123769963|X|50919.1015625|6.78477165775|95.91782875046|-536258|-760219||50919.1015625|340||34475|340.25|50919.1015625|X|X|0|2596|0|||3|3|0|1|1|132|66|["132,66,2"]|636148157191020000|14:08:39:102
62|1.1|636147914173694955|X|50924.1015625|6.79042038148|95.90792068519|-537350|-759575||50924.1015625|340||34293.75|340.25|50924.1015625|X|X|0|2596|0|||3|3|0|1|1|132|66|["132,66,2"]|636148157241020000|14:08:44:102
62|1.1|636147914223619947|X|50929.078125|6.79576869825|95.89804480638|-538439|-758964||50929.078125|340||34150|340|50929.078125|X|X|0|2596|0|||3|3|0|1|1|132|66|["132,66,2"]|636148157290780000|14:08:49:078
62|1.1|636147914273534938|X|50934.078125|6.80086488775|95.88798117322|-539548|-758380||50934.078125|340||34068.75|340|50934.078125|X|X|0|2596|0|||3|3|0|1|1|132|66|["132,66,2"]|636148157340780000|14:08:54:078
62|1.1|636147914323459930|X|50939.0625|6.80576795849|95.87795509093|-540654|-757818||50939.0625|340||34075|340|50939.0625|X|X|0|2596|0|||3|3|0|1|1|132|66|["132,66,2"]|636148157390630000|14:08:59:063
62|1.1|636147914373374921|X|50944.0625|6.81112700408|95.86761250845|-541794|-757205||50944.0625|340||34031.25|340|50944.0625|X|X|0|2596|0|||3|3|0|1|1|132|66|["132,66,2"]|636148157440630000|14:09:04:063
62|1.1|636147914423299913|X|50949.0625|6.81621246476|95.8573396633|-542927|-756622||50949.0625|340||34000|340|50949.0625|X|X|0|2596|0|||3|3|0|1|1|132|66|["132,66,2"]|636148157490630000|14:09:09:063
62|1.1|636147914473224905|X|50954.0390625|6.82127110339|95.8470936402|-544057|-756042||50954.0390625|340||33975|340|50954.0390625|X|X|0|2596|0|||3|3|0|1|1|132|66|["132,66,2"]|636148157540390000|14:09:14:039
62|1.1|636147914523149897|X|50959.0390625|6.82679644569|95.8365793966|-545216|-755410||50959.0390625|340||33968.75|340|50959.0390625|X|X|0|2596|0|||3|3|0|1|1|132|66|["132,66,2"]|636148157590390000|14:09:19:039
62|1.1|636147914573084890|X|50964.015625|6.83193018606|95.82620462766|-546360|-754822||50964.015625|340||33950|340|50964.015625|X|X|0|2596|0|||3|3|0|1|1|132|66|["132,66,2"]|636148157640160000|14:09:24:016
62|1.1|636147914622989880|X|50969.015625|6.83686007885|95.81586204518|-547501|-754256||50969.015625|340||33937.5|340|50969.015625|X|X|0|2596|0|||3|3|0|1|1|132|66|["132,66,2"]|636148157690160000|14:09:29:016
62|1.1|636147914672904871|X|50974.015625|6.84191871748|95.80548191183|-548646|-753676||50974.015625|340||33918.75|340|50974.015625|X|X|0|2596|0|||3|3|0|1|1|132|66|["132,66,2"]|636148157740160000|14:09:34:016
62|1.1|636147914722839864|800666|50979|6.84655356772|95.79523588873|-549776|-753143||50979|340||33900|340|50979|800666|X|0|2596|0|||3|3|0|1|1|132|66|["132,66,4"]|636148157790000000|14:09:39:000
62|1.1|636147914772764856|800666|50984|6.85206281679|95.78481820451|-550924|-752513||50984|340||33893.75|340|50984|800666|X|0|2596|0|||3|3|0|1|1|132|66|["132,66,2"]|636148157840000000|14:09:44:000
62|1.1|636147914822689848|800666|50988.9765625|6.85859130376|95.77389090134|-552127|-751768||50988.9765625|339.75||33881.25|339.75|50988.9765625|800666|X|0|2596|0|||3|3|0|1|1|132|66|["132,66,5"]|636148157889770000|14:09:48:977
62|1.1|636147914872594838|800666|50993.9765625|6.86310277257|95.76377362408|-553243|-751249||50993.9765625|340||33862.5|339.75|50993.9765625|800666|X|0|2596|0|||3|3|0|1|1|132|66|["132,66,2"]|636148157939770000|14:09:53:977
62|1.1|636147914922519830|800666|50998.9765625|6.86805948741|95.75347395688|-554379|-750680||50998.9765625|340||33850|340|50998.9765625|800666|X|0|2596|0|||3|3|0|1|1|132|66|["132,66,2"]|636148157989770000|14:09:58:977
62|1.1|636147914972434821|800666|51003.9609375|6.87318249896|95.74316356086|-555516|-750093||51003.9609375|340||33850|340|51003.9609375|800666|X|0|2596|0|||3|3|0|1|1|132|66|["132,66,2"]|636148158039610000|14:10:03:961
62|1.1|636147915022359813|800666|51008.9609375|6.87839134107|95.73276733428|-556662|-749495||51008.9609375|340||33850|340|51008.9609375|800666|X|0|2596|0|||3|3|0|1|1|132|66|["132,66,2"]|636148158089610000|14:10:08:961
62|1.1|636147915072304807|800666|51013.9375|6.88341242883|95.72250521795|-557793|-748919||51013.9375|340||33843.75|340|51013.9375|800666|X|0|2596|0|||3|3|0|1|1|132|66|["132,66,2"]|636148158139380000|14:10:13:938
62|1.1|636147915122199796|800666|51018.9375|6.88808482994|95.71232893218|-558915|-748382||51018.9375|340||33825|340|51018.9375|800666|X|0|2596|0|||3|3|0|1|1|132|66|["132,66,2"]|636148158189380000|14:10:18:938
62|1.1|636147915172124788|800666|51023.9375|6.89328294323|95.70194879883|-560060|-747786||51023.9375|340||33831.25|340|51023.9375|800666|X|0|2596|0|||3|3|0|1|1|132|66|["132,66,2"]|636148158239380000|14:10:23:938
62|1.1|636147915222049780|800666|51028.921875|6.89857225149|95.69155257225|-561205|-747180||51028.921875|340||33843.75|340|51028.921875|800666|X|0|2596|0|||3|3|0|1|1|132|66|["132,66,2"]|636148158289220000|14:10:28:922
62|1.1|636147915271964771|800666|51033.921875|6.90366307658|95.68118316772|-562348|-746595||51033.921875|340||33843.75|340|51033.921875|800666|X|0|2596|0|||3|3|0|1|1|132|66|["132,66,2"]|636148158339220000|14:10:33:922
62|1.1|636147915321889763|800666|51038.921875|6.90858224055|95.67088350052|-563484|-746030||51038.921875|340||33831.25|340|51038.921875|800666|X|0|2596|0|||3|3|0|1|1|132|66|["132,66,2"]|636148158389220000|14:10:38:922
62|1.1|636147915371814755|800666|51043.8984375|6.91374816738|95.66055164686|-564623|-745438||51043.8984375|340||33837.5|340|51043.8984375|800666|X|0|2596|0|||3|3|0|1|1|132|66|["132,66,2"]|636148158438980000|14:10:43:898
62|1.1|636147915421739747|800666|51048.8984375|6.91872097545|95.65023052202|-565761|-744867||51048.8984375|340||33831.25|340|51048.8984375|800666|X|0|2596|0|||3|3|0|1|1|132|66|["132,66,2"]|636148158488980000|14:10:48:898
62|1.1|636147915471654738|X|51053.875|6.92375815644|95.63998986333|-566889|-744288||51053.875|340||33831.25|340|51053.875|X|X|0|2596|0|||3|3|0|1|1|132|66|["132,66,2"]|636148158538750000|14:10:53:875
62|1.1|636147915521579730|X|51058.875|6.92890799004|95.62953999265|-568041|-743697||51058.875|340||33837.5|340|51058.875|X|X|0|2596|0|||3|3|0|1|1|132|66|["132,66,2"]|636148158588750000|14:10:58:875
62|1.1|636147915571494721|X|51063.859375|6.93380569637|95.61927787632|-569173|-743134||51063.859375|340||33825|340|51063.859375|X|X|0|2596|0|||3|3|0|1|1|132|66|["132,66,2"]|636148158638590000|14:11:03:859
62|1.1|636147915621419713|X|51068.859375|6.93887506382|95.60892992943|-570313|-742552||51068.859375|340||33825|340|51068.859375|X|X|0|2596|0|||3|3|0|1|1|132|66|["132,66,2"]|636148158688590000|14:11:08:859
