62|1.1|636147897412839037|88003d|49248.015625|14.27010307504|100.68077037244|-7335|64646||49248.015625|131.25||13093.75|129|49248.015625|88003d|THA117|0|2537|-1125|||3|3|2|1|1|132|114|["132,18,5,3631","132,114,5,380"]|636148140480160000|13:40:48:016
62|1.1|636147897462734026|88003d|49253.015625|14.26396619|100.67904303242|-7522|63967||49253.015625|130.75||13018.75|128.25|49253.015625|88003d|THA117|0|2537|-1025|||3|3|2|1|1|132|18|["132,18,5,3631","132,114,5,380"]|636148140530160000|13:40:53:016
62|1.1|636147897512639016|88003d|49258.015625|14.25790977111|100.67750881116|-7688|63297||49258.015625|130||12962.5|127.75|49258.015625|88003d|THA117|0|2537|-943.75|||3|3|2|1|1|132|114|["132,18,5,3631","132,114,5,380"]|636148140580160000|13:40:58:016
62|1.1|636147897562894041|88003d|49263|14.25192845396|100.67601750518|-7849|62635||49263|129.25||12900|127|49263|88003d|THA117|0|2537|-906.25|||3|3|2|1|1|132|114|["132,18,5,3631","132,114,5,380"]|636148140630000000|13:41:03:000
62|1.1|636147897612478999|88003d|49268|14.24583984861|100.67437063131|-8027|61962||49268|128.25||12818.75|126.25|49268|88003d|THA117|0|2537|-925|||3|3|2|1|1|132|18|["132,18,5,3631","132,114,5,380"]|636148140680000000|13:41:08:000
62|1.1|636147897662403991|88003d|49272.9765625|14.2398799891|100.67282031682|-8194|61302||49272.9765625|127.5||12731.25|125.25|49272.9765625|88003d|THA117|0|2537|-962.5|||3|3|2|1|1|132|18|["132,18,5,3631","132,114,5,380"]|636148140729770000|13:41:12:977
62|1.1|636147897712328983|88003d|49277.9765625|14.23395768046|100.67127000233|-8362|60647||49277.9765625|126.5||12631.25|124.25|49277.9765625|88003d|THA117|0|2537|-1006.25|||3|3|2|1|1|132|114|["132,18,5,3631","132,114,5,380"]|636148140779770000|13:41:17:977
62|1.1|636147897762253975|88003d|49282.9765625|14.2279173548|100.66968750138|-8533|59979||49282.9765625|125.5||12543.75|123.25|49282.9765625|88003d|THA117|0|2537|-1062.5|||3|3|2|1|1|132|18|["132,18,5,3631","132,114,5,380"]|636148140829770000|13:41:22:977
62|1.1|636147897812188968|88003d|49287.9609375|14.22206478349|100.66816937335|-8697|59331||49287.9609375|124.25||12418.75|122|49287.9609375|88003d|THA117|0|2537|-1181.25|||3|3|2|1|1|132|18|["132,18,5,3631","132,114,5,380"]|636148140879610000|13:41:27:961
62|1.1|636147897862093958|88003d|49292.9609375|14.21614247485|100.66652786389|-8875|58676||49292.9609375|123.25||12306.25|121|49292.9609375|88003d|THA117|0|2537|-1237.5|||3|3|2|1|1|132|18|["132,18,5,3631","132,114,5,380"]|636148140929610000|13:41:32:961
62|1.1|636147897912018950|88003d|49297.9375|14.21028990354|100.66514384611|-9024|58028||49297.9375|122.25||12200|120|49297.9375|88003d|THA117|0|2537|-1262.5|||3|3|2|1|1|132|18|["132,18,5,3631","132,114,5,380"]|636148140979380000|13:41:37:938
62|1.1|636147897961953943|88003d|49302.9375|14.204421239|100.6635828028|-9193|57379||49302.9375|121.25||12100|119|49302.9375|88003d|THA117|0|2537|-1237.5|||3|3|2|1|1|132|18|["132,18,5,3631","132,114,5,380"]|636148141029380000|13:41:42:938
62|1.1|636147898011858933|88003d|49307.9375|14.19855793887|100.66196811539|-9367|56730||49307.9375|120||11981.25|117.75|49307.9375|88003d|THA117|0|2537|-1281.25|||3|3|2|1|1|132|18|["132,18,5,3631","132,114,5,380"]|636148141079380000|13:41:47:938
62|1.1|636147898061783925|88003d|49312.921875|14.19271609638|100.66048217382|-9528|56084||49312.921875|119||11868.75|116.75|49312.921875|88003d|THA117|0|2537|-1281.25|||3|3|2|1|1|132|18|["132,18,5,3631","132,114,5,380"]|636148141129220000|13:41:52:922
62|1.1|636147898111698916|88003d|49317.921875|14.18679915215|100.6589157661|-9697|55430||49317.921875|118||11768.75|115.75|49317.921875|88003d|THA117|0|2537|-1281.25|||3|3|2|1|1|132|18|["132,18,5,3631","132,114,5,380"]|636148141179220000|13:41:57:922
62|1.1|636147898161623908|88003d|49322.8984375|14.18096803848|100.65749419745|-9851|54784||49322.8984375|117.25||11681.25|115|49322.8984375|88003d|THA117|0|2537|-1200|||3|3|2|1|1|132|18|["132,18,5,3631","132,114,5,380"]|636148141228980000|13:42:02:898
62|1.1|636147898211548900|88003d|49327.8984375|14.1750779163|100.65593851855|-10019|54133||49327.8984375|116.25||11587.5|114|49327.8984375|88003d|THA117|0|2537|-1162.5|||3|3|2|1|1|132|18|["132,18,5,3631","132,114,5,380"]|636148141278980000|13:42:07:898
62|1.1|636147898261463891|88003d|49332.8984375|14.16919852294|100.65452231431|-10172|53482||49332.8984375|116.25||11500|113|49332.8984375|88003d|THA117|0|2537|-1162.5|||3|3|2|1|1|132|114|["132,18,5,3631","132,114,5,380"]|636148141328980000|13:42:12:898
62|1.1|636147898311388883|88003d|49337.875|14.1633298584|100.65283252516|-10355|52833||49337.875|115.25||11406.25|112.25|49337.875|88003d|THA117|0|2537|-1143.75|||3|3|2|1|1|132|18|["132,18,5,3631","132,114,5,380"]|636148141378750000|13:42:17:875
62|1.1|636147898361313875|88003d|49342.875|14.15749874473|100.65123929539|-10527|52188||49342.875|113.5||11331.25|111.25|49342.875|88003d|THA117|0|2537|-1081.25|||3|3|2|1|1|132|18|["132,18,5,3631","132,114,5,380"]|636148141428750000|13:42:22:875
62|1.1|636147898411228866|88003d|49347.875|14.15161935137|100.64971043854|-10693|51537||49347.875|112.25||11218.75|110.25|49347.875|88003d|THA117|0|2537|-1162.5|||3|3|2|1|1|132|18|["132,18,5,3631","132,114,5,380"]|636148141478750000|13:42:27:875
62|1.1|636147898461153858|88003d|49352.859375|14.1457882377|100.64812257318|-10864|50892||49352.859375|111.25||11112.5|109|49352.859375|88003d|THA117|0|2537|-1218.75|||3|3|2|1|1|132|18|["132,18,5,3631","132,114,5,380"]|636148141528590000|13:42:32:859
62|1.1|636147898511078850|88003d|49357.859375|14.13993030198|100.64653470782|-11036|50245||49357.859375|110.25||11006.25|108|49357.859375|88003d|THA117|0|2537|-1237.5|||3|3|2|1|1|132|18|["132,18,5,3631","132,114,5,380"]|636148141578590000|13:42:37:859
62|1.1|636147898560993841|88003d|49362.8359375|14.13409918831|100.64496293569|-11206|49599||49362.8359375|109.25||10900|107|49362.8359375|88003d|THA117|0|2537|-1237.5|||3|3|2|1|1|132|18|["132,18,5,3631","132,114,5,380"]|636148141628360000|13:42:42:836
62|1.1|636147898610918833|88003d|49367.8359375|14.12819833731|100.64339116356|-11376|48946||49367.8359375|109.25||10800|106|49367.8359375|88003d|THA117|0|2537|-1237.5|||3|3|2|1|1|132|18|["132,18,5,3631","132,114,5,380"]|636148141678360000|13:42:47:836
62|1.1|636147898660853826|88003d|49372.8203125|14.12247987625|100.64184621348|-11543|48314||49372.8203125|107.5||10718.75|105.25|49372.8203125|88003d|THA117|0|2537|-1143.75|||3|3|2|1|1|132|18|["132,18,5,3631","132,114,5,380"]|636148141728200000|13:42:52:820
62|1.1|636147898710768817|88003d|49377.8203125|14.11670240668|100.64026907694|-11714|47675||49377.8203125|106.5||10625|104.25|49377.8203125|88003d|THA117|0|2537|-1143.75|||3|3|2|1|1|132|18|["132,18,5,3631","132,114,5,380"]|636148141778200000|13:42:57:820
62|1.1|636147898760683808|88003d|49382.8203125|14.11082837773|100.63868657599|-11885|47025||49382.8203125|106.5||10531.25|103.5|49382.8203125|88003d|THA117|0|2537|-1143.75|||3|3|2|1|1|132|18|["132,18,5,3631"]|636148141828200000|13:43:02:820
62|1.1|636147898810598799|88003d|49387.796875|14.10506163698|100.6371362615|-12053|46387||49387.796875|105.75||10443.75|102.5|49387.796875|88003d|THA117|0|2537|-1100|||3|3|2|1|1|132|18|["132,18,5,3631"]|636148141877970000|13:43:07:797
62|1.1|636147898860523791|88003d|49392.796875|14.09929489623|100.63560740465|-12218|45749||49392.796875|104.5||10337.5|101.75|49392.796875|88003d|THA117|0|2537|-1143.75|||3|3|2|1|1|132|18|["132,18,5,3631"]|636148141927970000|13:43:12:797
62|1.1|636147898910458784|88003d|49397.78125|14.09367835896|100.6342394801|-12366|45128||49397.78125|103.5||10225|100.5|49397.78125|88003d|THA117|0|2537|-1181.25|||3|3|2|1|1|132|114|["132,18,5,3631","132,114,4,380"]|636148141977810000|13:43:17:781
62|1.1|636147898960363774|88003d|49402.78125|14.08783115206|100.63253359772|-12551|44481||49402.78125|102.25||10100|99.25|49402.78125|88003d|THA117|0|2537|-1262.5|||3|3|2|1|1|132|18|["132,18,5,3631"]|636148142027810000|13:43:22:781
62|1.1|636147899010288766|88003d|49407.78125|14.08207514013|100.63101010528|-12716|43844||49407.78125|101.25||9987.5|98|49407.78125|88003d|THA117|0|2537|-1300|||3|3|2|1|1|132|18|["132,18,5,3631"]|636148142077810000|13:43:27:781
62|1.1|636147899060223759|88003d|49412.7578125|14.07634595025|100.62949734166|-12879|43210||49412.7578125|100.25||9887.5|97|49412.7578125|88003d|THA117|0|2537|-1281.25|||3|3|2|1|1|132|18|["132,18,5,3631"]|636148142127580000|13:43:32:758
62|1.1|636147899110128749|88003d|49417.7578125|14.07060066714|100.62797384922|-13044|42574||49417.7578125|99.25||9781.25|96|49417.7578125|88003d|THA117|0|2537|-1262.5|||3|3|2|1|1|132|18|["132,18,5,3631"]|636148142177580000|13:43:37:758
62|1.1|636147899160053741|88003d|49422.7421875|14.06487684167|100.62647181442|-13206|41941||49422.7421875|98.5||9712.5|95.25|49422.7421875|88003d|THA117|0|2537|-1181.25|||3|3|2|1|1|132|18|["132,18,5,3631"]|636148142227420000|13:43:42:742
62|1.1|636147899209978733|88003d|49427.7421875|14.05913155856|100.62499660167|-13366|41306||49427.7421875|97.5||9618.75|94.5|49427.7421875|88003d|THA117|0|2537|-1143.75|||3|3|2|1|1|132|18|["132,18,5,3631"]|636148142277420000|13:43:47:742
62|1.1|636147899259893724|88003d|49432.7421875|14.05338627545|100.62349456687|-13529|40670||49432.7421875|96.5||9525|93.5|49432.7421875|88003d|THA117|0|2537|-1125|||3|3|2|1|1|132|18|["132,18,5,3631"]|636148142327420000|13:43:52:742
62|1.1|636147899309818716|88003d|49437.71875|14.04768927203|100.62198716766|-13692|40040||49437.71875|95.5||9425|92.5|49437.71875|88003d|THA117|0|2537|-1143.75|||3|3|2|1|1|132|18|["132,18,5,3631"]|636148142377190000|13:43:57:719
62|1.1|636147899359743708|88003d|49442.71875|14.04196544656|100.62046367522|-13857|39407||49442.71875|94.5||9325|91.5|49442.71875|88003d|THA117|0|2537|-1162.5|||3|3|2|1|1|132|18|["132,18,5,3631"]|636148142427190000|13:44:02:719
62|1.1|636147899409668700|88003d|49447.6953125|14.03625771432|100.6189509116|-14020|38775||49447.6953125|93.5||9225|90.5|49447.6953125|88003d|THA117|0|2537|-1181.25|||3|3|2|1|1|132|18|["132,18,5,3631"]|636148142476950000|13:44:07:695
62|1.1|636147899459583691|88003d|49452.6953125|14.03053388885|100.6174488768|-14183|38142||49452.6953125|92.5||9118.75|89.25|49452.6953125|88003d|THA117|0|2537|-1200|||3|3|2|1|1|132|18|["132,18,5,3631"]|636148142526950000|13:44:12:695
62|1.1|636147899509508683|88003d|49457.6953125|14.02486370748|100.61598975728|-14341|37515||49457.6953125|91.5||9018.75|88.25|49457.6953125|88003d|THA117|0|2537|-1200|||3|3|2|1|1|132|114|["132,18,5,3631","132,114,4,380"]|636148142576950000|13:44:17:695
62|1.1|636147899559423674|88003d|49462.6796875|14.01916670406|100.61450918012|-14502|36885||49462.6796875|90.5||8918.75|87.25|49462.6796875|88003d|THA117|0|2537|-1200|||3|3|2|1|1|132|18|["132,18,5,3631","132,114,4,380"]|636148142626800000|13:44:22:680
62|1.1|636147899609348666|88003d|49467.6796875|14.01343214977|100.61320026408|-14643|36250||49467.6796875|89.5||8818.75|86.25|49467.6796875|88003d|THA117|0|2537|-1200|||3|3|2|1|1|132|18|["132,18,5,3631","132,114,4,380"]|636148142676800000|13:44:27:680
62|1.1|636147899659273658|88003d|49472.65625|14.00766540902|100.61244388227|-14725|35612||49472.65625|88.5||8718.75|85.25|49472.65625|88003d|THA117|0|2537|-1200|||3|3|2|1|1|132|18|["132,18,5,3631","132,114,4,380"]|636148142726560000|13:44:32:656
62|1.1|636147899709198650|88003d|49477.65625|14.00193621914|100.61867732669|-14052|34978||49477.65625|86.75||8662.5|84.75|49477.65625|88003d|THA117|0|2537|-1043.75|||3|3|2|1|1|132|5|["132,18,5,3631","132,114,4,380"]|636148142776560000|13:44:37:656
62|1.1|636147899759133643|88003d|49482.65625|13.99769833524|100.62122542144|-13777|34509||49482.65625|86||8593.75|84|49482.65625|88003d|THA117|0|2537|-1006.25|||3|3|2|1|1|132|5|["132,18,5,3631","132,114,4,380"]|636148142826560000|13:44:42:656
62|1.1|636147899809038633|88003d|49487.640625|13.9933317055|100.6247444744|-13397|34025||49487.640625|85.5||8525|83.25|49487.640625|88003d|THA117|0|2537|-962.5|||3|3|2|1|1|132|5|["132,18,5,3631","132,114,4,380"]|636148142876410000|13:44:47:641
62|1.1|636147899858963625|88003d|49492.640625|13.98915819452|100.62969582483|-12862|33563||49492.640625|84.75||8437.5|82.5|49492.640625|88003d|THA117|0|2537|-962.5|||3|3|2|1|1|132|5|["132,18,5,3631","132,114,4,380"]|636148142926410000|13:44:52:641
62|1.1|636147899908878616|88003d|49497.6171875|13.98617021815|100.63452379383|-12341|33233||49497.6171875|84||8362.5|81.75|49497.6171875|88003d|THA117|0|2537|-962.5|||3|3|2|1|1|132|5|["132,18,5,3631","132,114,4,380"]|636148142976170000|13:44:57:617
62|1.1|636147899958803608|88003d|49502.6171875|13.98350947079|100.64036027191|-11711|32938||49502.6171875|83.25||8268.75|80.75|49502.6171875|88003d|THA117|0|2537|-1006.25|||3|3|2|1|1|132|5|["132,18,5,3631"]|636148143026170000|13:45:02:617
62|1.1|636147900008718599|88003d|49507.6171875|13.98129396946|100.64591243626|-11111|32693||49507.6171875|82.75||8187.5|79.75|49507.6171875|88003d|THA117|0|2537|-1025|||3|3|2|1|1|132|18|["132,18,5,3631"]|636148143076170000|13:45:07:617
62|1.1|636147900058643591|88003d|49512.6015625|13.98041957063|100.65164699055|-10491|32596||49512.6015625|81.25||8112.5|79|49512.6015625|88003d|THA117|0|2537|-962.5|||3|3|2|1|1|132|5|["132,18,5,3631"]|636148143126020000|13:45:12:602
62|1.1|636147900108578584|88003d|49517.6015625|13.97886925614|100.65771413826|-9836|32424||49517.6015625|80.5||8031.25|78.25|49517.6015625|88003d|THA117|0|2537|-962.5|||3|3|2|1|1|132|5|["132,18,5,3631"]|636148143176020000|13:45:17:602
62|1.1|636147900158483574|88003d|49522.578125|13.97738331457|100.66308391267|-9256|32259||49522.578125|79.75||7956.25|77.5|49522.578125|88003d|THA117|0|2537|-943.75|||3|3|2|1|1|132|5|["132,18,5,3631"]|636148143225780000|13:45:22:578
62|1.1|636147900208408566|88003d|49527.578125|13.9758437289|100.66903304336|-8613|32089||49527.578125|79||7868.75|76.75|49527.578125|88003d|THA117|0|2537|-962.5|||3|3|2|1|1|132|5|["132,18,5,3631"]|636148143275780000|13:45:27:578
62|1.1|636147900258333558|88003d|49532.578125|13.97432023646|100.67488561467|-7981|31920||49532.578125|78.25||7775|75.75|49532.578125|88003d|THA117|0|2537|-1025|||3|3|2|1|1|132|5|["132,18,5,3631"]|636148143325780000|13:45:32:578
62|1.1|636147900308268551|88003d|49537.5625|13.97295231191|100.68052897399|-7371|31769||49537.5625|77||7700|75|49537.5625|88003d|THA117|0|2537|-1006.25|||3|3|2|1|1|132|5|["132,18,5,3631"]|636148143375630000|13:45:37:563
62|1.1|636147900358173541|88003d|49542.5625|13.97167558233|100.68558224821|-6825|31627||49542.5625|76.25||7625|74.25|49542.5625|88003d|THA117|0|2537|-981.25|||3|3|2|1|1|132|5|["132,18,5,3631"]|636148143425630000|13:45:42:563
62|1.1|636147900408098533|88003d|49547.5390625|13.97039348834|100.69135971778|-6201|31485||49547.5390625|75.5||7531.25|73.25|49547.5390625|88003d|THA117|0|2537|-1006.25|||3|3|2|1|1|132|5|["132,18,5,3631"]|636148143475390000|13:45:47:539
62|1.1|636147900458023525|88003d|49552.5390625|13.96938497926|100.69717473822|-5573|31373||49552.5390625|74.75||7437.5|72.5|49552.5390625|88003d|THA117|0|2537|-1006.25|||3|3|2|1|1|132|5|["132,18,5,3631"]|636148143525390000|13:45:52:539
62|1.1|636147900507938516|88003d|49557.5390625|13.96915967404|100.70307558922|-4935|31348||49557.5390625|74.25||7362.5|71.5|49557.5390625|88003d|THA117|0|2537|-1043.75|||3|3|2|1|1|132|5|["132,18,5,3631"]|636148143575390000|13:45:57:539
62|1.1|636147900557863508|88003d|49562.515625|13.97052759859|100.70823078723|-4378|31500||49562.515625|73.75||7300|70.75|49562.515625|88003d|THA117|0|2537|-1006.25|||3|3|2|1|1|132|18|["132,18,5,3631"]|636148143625160000|13:46:02:516
62|1.1|636147900607788500|88003d|49567.515625|13.973751609|100.71375612953|-3781|31856||49567.515625|72.5||7243.75|70.5|49567.515625|88003d|THA117|0|2537|-868.75|||3|3|2|1|1|132|5|["132,18,5,3631"]|636148143675160000|13:46:07:516
62|1.1|636147900657703491|88003d|49572.5|13.97613877145|100.71840170859|-3279|32120||49572.5|72||7193.75|70|49572.5|88003d|THA117|0|2537|-787.5|||3|3|2|1|1|132|5|["132,18,5,3631"]|636148143725000000|13:46:12:500
62|1.1|636147900707628483|88003d|49577.5|13.97904628167|100.72242501609|-2844|32442||49577.5|71.75||7162.5|69.5|49577.5|88003d|THA117|0|2537|-668.75|||3|3|2|1|1|132|5|["132,18,5,3631"]|636148143775000000|13:46:17:500
62|1.1|636147900757543474|88003d|49582.5|13.98311786886|100.72660389148|-2393|32892||49582.5|71.25||7106.25|69|49582.5|88003d|THA117|0|2537|-587.5|||3|3|2|1|1|132|5|["132,18,5,3631"]|636148143825000000|13:46:22:500
62|1.1|636147900807478467|88003d|49587.4765625|13.98712508313|100.72947921524|-2082|33336||49587.4765625|70.75||7056.25|68.5|49587.4765625|88003d|THA117|0|2537|-587.5|||3|3|2|1|1|132|5|["132,18,5,3631"]|636148143874770000|13:46:27:477
62|1.1|636147900857393458|88003d|49592.4765625|13.99165800958|100.73176981831|-1835|33837||49592.4765625|70.5||7000|68|49592.4765625|88003d|THA117|0|2537|-587.5|||3|3|2|1|1|132|18|["132,18,5,3631"]|636148143924770000|13:46:32:477
62|1.1|636147900907308449|88003d|49597.4609375|13.996818572|100.73394776877|-1599|34408||49597.4609375|70||6950|67.5|49597.4609375|88003d|THA117|0|2537|-587.5|||3|3|2|1|1|132|18|["132,18,5,3631"]|636148143974610000|13:46:37:461
62|1.1|636147900957083426|88003d|49602.4609375|14.00229563461|100.73473097263|-1514|35014||49602.4609375|69||6906.25|67|49602.4609375|88003d|THA117|0|2537|-587.5|||3|3|2|1|1|132|5|["132,18,5,3631"]|636148144024610000|13:46:42:461
62|1.1|636147901007158433|88003d|49607.4609375|14.00722016299|100.73597015134|-1381|35559||49607.4609375|68.75||6868.75|66.75|49607.4609375|88003d|THA117|0|2537|-568.75|||3|3|2|1|1|132|5|["132,18,5,3631"]|636148144074610000|13:46:47:461
62|1.1|636147901057083425|88003d|49612.4375|14.0119462082|100.73718787241|-1249|36082||49612.4375|68.25||6818.75|66.25|49612.4375|88003d|THA117|0|2537|-568.75|||3|3|2|1|1|132|5|["132,18,5,3631"]|636148144124380000|13:46:52:438
62|1.1|636147901106848401|88003d|49617.4375|14.01740717758|100.7386845428|-1087|36686||49617.4375|68||6781.25|65.75|49617.4375|88003d|THA117|0|2537|-587.5|||3|3|2|1|1|132|5|["132,18,5,3631"]|636148144174380000|13:46:57:438
62|1.1|636147901156923408|88003d|49622.421875|14.02273940112|100.74015439114|-928|37276||49622.421875|67.5||6725|65|49622.421875|88003d|THA117|0|2537|-612.5|||3|3|2|1|1|132|5|["132,18,5,3631"]|636148144224220000|13:47:02:422
62|1.1|636147901206848400|88003d|49627.421875|14.02735279372|100.74162423948|-770|37786||49627.421875|67||6675|64.75|49627.421875|88003d|THA117|0|2537|-612.5|||3|3|2|1|1|132|18|["132,18,5,3631"]|636148144274220000|13:47:07:422
62|1.1|636147901256763391|88003d|49632.421875|14.03237924589|100.74342668124|-575|38342||49632.421875|66.25||6631.25|64.25|49632.421875|88003d|THA117|0|2537|-550|||3|3|2|1|1|132|5|["132,18,5,3631"]|636148144324220000|13:47:12:422
62|1.1|636147901306698384|88003d|49637.3984375|14.03745397775|100.74525058064|-378|38904||49637.3984375|65.75||6575|63.75|49637.3984375|88003d|THA117|0|2537|-568.75|||3|3|2|1|1|132|5|["132,18,5,3631"]|636148144373980000|13:47:17:398
62|1.1|636147901356453359|88003d|49642.3984375|14.04233022644|100.74695109861|-194|39443||49642.3984375|65.25||6518.75|63.25|49642.3984375|88003d|THA117|0|2537|-587.5|||3|3|2|1|1|132|5|["132,18,5,3631"]|636148144423980000|13:47:22:398
62|1.1|636147901406378351|88003d|49647.375|14.04750151768|100.74881791329|7|40015||49647.375|65||6475|62.75|49647.375|88003d|THA117|0|2537|-587.5|||3|3|2|1|1|132|5|["132,18,5,3631"]|636148144473750000|13:47:27:375
62|1.1|636147901456293342|88003d|49652.375|14.05194324916|100.75063108387|203|40507||49652.375|64.5||6431.25|62.25|49652.375|88003d|THA117|0|2537|-587.5|||3|3|2|1|1|132|5|["132,18,5,3631"]|636148144523750000|13:47:32:375
62|1.1|636147901506218334|88003d|49657.375|14.05693215046|100.75272856818|430|41059||49657.375|64||6375|61.75|49657.375|88003d|THA117|0|2537|-587.5|||3|3|2|1|1|132|5|["132,18,5,3631"]|636148144573750000|13:47:37:375
62|1.1|636147901556143326|88003d|49662.359375|14.06125586492|100.75597403623|780|41537||49662.359375|63.5||6318.75|61.25|49662.359375|88003d|THA117|0|2537|-612.5|||3|3|2|1|1|132|5|["132,18,5,3631"]|636148144623590000|13:47:42:359
62|1.1|636147901606068318|88003d|49667.359375|14.06432430744|100.75997052168|1212|41877||49667.359375|63.25||6293.75|60.75|49667.359375|88003d|THA117|0|2537|-568.75|||3|3|2|1|1|132|18|["132,18,5,3631"]|636148144673590000|13:47:47:359
62|1.1|636147901655983309|88003d|49672.3359375|14.06700114803|100.76509353323|1765|42173||49672.3359375|62.75||6243.75|60.5|49672.3359375|88003d|THA117|0|2537|-550|||3|3|2|1|1|132|18|["132,18,5,3631"]|636148144723360000|13:47:52:336
62|1.1|636147901705898300|88003d|49677.3359375|14.06755904667|100.77067251963|2368|42235||49677.3359375|61.75||6175|59.75|49677.3359375|88003d|THA117|0|2537|-612.5|||3|3|2|1|1|132|5|["132,18,5,3631"]|636148144773360000|13:47:57:336
62|1.1|636147901755823292|88003d|49682.3359375|14.06788627568|100.77489967471|2824|42271||49682.3359375|61.25||6118.75|59.25|49682.3359375|88003d|THA117|0|2537|-631.25|||3|3|2|1|1|132|5|["132,18,5,3631"]|636148144823360000|13:48:02:336
62|1.1|636147901805748284|88003d|49687.3203125|14.06783263158|100.77955061818|3327|42265||49687.3203125|60.75||6062.5|58.5|49687.3203125|88003d|THA117|0|2537|-668.75|||3|3|2|1|1|132|5|["132,18,5,3631"]|636148144873200000|13:48:07:320
62|1.1|636147901855673276|88003d|49692.3203125|14.06763414841|100.78420156165|3829|42243||49692.3203125|60.25||6000|58|49692.3203125|88003d|THA117|0|2537|-687.5|||3|3|2|1|1|132|5|["132,18,5,3631"]|636148144923200000|13:48:12:320
62|1.1|636147901905588267|88003d|49697.296875|14.0674142076|100.7889490645|4342|42219||49697.296875|59.75||5943.75|57.5|49697.296875|88003d|THA117|0|2537|-687.5|||3|3|2|1|1|132|18|["132,18,5,3631"]|636148144972970000|13:48:17:297
62|1.1|636147901955513259|88003d|49702.296875|14.06730155499|100.79417399984|4906|42207||49702.296875|59.25||5881.25|56.75|49702.296875|88003d|THA117|0|2537|-706.25|||3|3|2|1|1|132|18|["132,18,5,3631"]|636148145022970000|13:48:22:297
62|1.1|636147902005448252|88003d|49707.296875|14.06717280915|100.79899124002|5426|42192||49707.296875|58||5793.75|56|49707.296875|88003d|THA117|0|2537|-787.5|||3|3|2|1|1|132|5|["132,18,5,3631"]|636148145072970000|13:48:27:297
62|1.1|636147902055353242|88003d|49712.28125|14.06626085945|100.80355098852|5919|42092||49712.28125|57.25||5718.75|55.25|49712.28125|88003d|THA117|0|2537|-825|||3|3|2|1|1|132|5|["132,18,5,3631"]|636148145122810000|13:48:32:281
62|1.1|636147902105278234|88003d|49717.28125|14.06422774806|100.80759575366|6356|41867||49717.28125|56.5||5643.75|54.5|49717.28125|88003d|THA117|0|2537|-868.75|||3|3|2|1|1|132|5|["132,18,5,3631"]|636148145172810000|13:48:37:281
62|1.1|636147902155203226|88003d|49722.2578125|14.06100910206|100.81149567973|6777|41511||49722.2578125|56||5568.75|53.75|49722.2578125|88003d|THA117|0|2537|-906.25|||3|3|2|1|1|132|5|["132,18,5,3631"]|636148145222580000|13:48:42:258
62|1.1|636147902205118217|88003d|49727.2578125|14.05735057444|100.81432808821|7083|41106||49727.2578125|55.5||5512.5|53|49727.2578125|88003d|THA117|0|2537|-887.5|||3|3|2|1|1|132|5|["132,18,5,3631"]|636148145272580000|13:48:47:258
62|1.1|636147902255043209|88003d|49732.2578125|14.05273718184|100.81633974196|7300|40596||49732.2578125|55||5431.25|52.25|49732.2578125|88003d|THA117|0|2537|-868.75|||3|3|2|1|1|132|18|["132,18,5,3631"]|636148145322580000|13:48:52:258
62|1.1|636147902304968201|88003d|49737.2421875|14.04804332309|100.81739653073|7415|40077||49737.2421875|54.25||5375|51.75|49737.2421875|88003d|THA117|0|2537|-843.75|||3|3|2|1|1|132|18|["132,18,5,3631"]|636148145372420000|13:48:57:242
62|1.1|636147902354893193|88003d|49742.2421875|14.0441326682|100.81835139571|7518|39644||49742.2421875|53.75||5325|51.25|49742.2421875|88003d|THA117|0|2537|-768.75|||3|3|2|1|1|132|18|["132,18,5,3631"]|636148145422420000|13:49:02:242
62|1.1|636147902404808184|88003d|49747.21875|14.0396265638|100.82003582045|7700|39145||49747.21875|52.5||5250|50.5|49747.21875|88003d|THA117|0|2537|-750|||3|3|2|1|1|132|5|["132,18,5,3631"]|636148145472190000|13:49:07:219
62|1.1|636147902454733176|88003d|49752.21875|14.03551742574|100.82134473649|7842|38691||49752.21875|52||5187.5|50|49752.21875|88003d|THA117|0|2537|-768.75|||3|3|2|1|1|132|5|["132,18,5,3631"]|636148145522190000|13:49:12:219
62|1.1|636147902504668169|88003d|49757.21875|14.03101132134|100.82302379682|8023|38192||49757.21875|51.75||5137.5|49.5|49757.21875|88003d|THA117|0|2537|-750|||3|3|2|1|1|132|5|["132,18,5,3631"]|636148145572190000|13:49:17:219
62|1.1|636147902554573159|88003d|49762.1953125|14.02699337825|100.82445072988|8178|37748||49762.1953125|51.25||5100|49|49762.1953125|88003d|THA117|0|2537|-687.5|||3|3|2|1|1|132|5|["132,18,5,3631"]|636148145621950000|13:49:22:195
62|1.1|636147902604488150|88003d|49767.1953125|14.02291642665|100.825695273|8312|37297||49767.1953125|50.75||5050|48.5|49767.1953125|88003d|THA117|0|2537|-650|||3|3|2|1|1|132|18|["132,18,5,3631"]|636148145671950000|13:49:27:195
62|1.1|636147902654423143|88003d|49772.1796875|14.01823329672|100.82644092599|8393|36778||49772.1796875|50.25||4981.25|48|49772.1796875|88003d|THA117|0|2537|-650|||3|3|2|1|1|132|18|["132,18,5,3631"]|636148145721800000|13:49:32:180
62|1.1|636147902704338134|88003d|49777.1796875|14.01315856486|100.82507836585|8246|36217||49777.1796875|49.5||4931.25|47.25|49777.1796875|88003d|THA117|0|2537|-631.25|||3|3|2|1|1|132|5|["132,18,5,3631"]|636148145771800000|13:49:37:180
62|1.1|636147902754273127|88003d|49782.1796875|14.00860418077|100.82401621267|8131|35713||49782.1796875|49||4887.5|47|49782.1796875|88003d|THA117|0|2537|-612.5|||3|3|2|1|1|132|5|["132,18,5,3631"]|636148145821800000|13:49:42:180
62|1.1|636147902804178117|88003d|49787.15625|14.00456478004|100.82288432216|8009|35266||49787.15625|48.5||4843.75|46.5|49787.15625|88003d|THA117|0|2537|-587.5|||3|3|2|1|1|132|5|["132,18,5,3631"]|636148145871560000|13:49:47:156
62|1.1|636147902854103109|88003d|49792.15625|14.00013377738|100.82147348233|7857|34776||49792.15625|48.25||4806.25|46|49792.15625|88003d|THA117|0|2537|-568.75|||3|3|2|1|1|132|5|["132,18,5,3631"]|636148145921560000|13:49:52:156
62|1.1|636147902904028101|88003d|49797.140625|13.99573496118|100.82019675275|7719|34289||49797.140625|47.75||4750|45.5|49797.140625|88003d|THA117|0|2537|-568.75|||3|3|2|1|1|132|18|["132,18,5,3631"]|636148145971410000|13:49:57:141
62|1.1|636147902953943092|88003d|49802.140625|13.9916150943|100.8190970487|7600|33833||49802.140625|47.25||4706.25|45|49802.140625|88003d|THA117|0|2537|-550|||3|3|2|1|1|132|18|["132,18,5,3631"]|636148146021410000|13:50:02:141
62|1.1|636147903003868084|88003d|49807.140625|13.98737184599|100.81793833614|7475|33364||49807.140625|46.75||4656.25|44.5|49807.140625|88003d|THA117|0|2537|-568.75|||3|3|2|1|1|132|18|["132,18,5,3631"]|636148146071410000|13:50:07:141
62|1.1|636147903053793076|88003d|49812.1171875|13.98275845339|100.81668842861|7340|32853||49812.1171875|46.25||4606.25|44|49812.1171875|88003d|THA117|0|2537|-568.75|||3|3|2|1|1|132|18|["132,18,5,3631"]|636148146121170000|13:50:12:117
62|1.1|636147903103708067|88003d|49817.1171875|13.97818261166|100.81534732611|7196|32347||49817.1171875|45.5||4556.25|43.5|49817.1171875|88003d|THA117|0|2537|-612.5|||3|3|2|1|1|132|5|["132,18,5,3631"]|636148146171170000|13:50:17:117
62|1.1|636147903153633059|88003d|49822.1015625|13.97429877882|100.81427444411|7080|31917||49822.1015625|45.25||4512.5|43|49822.1015625|88003d|THA117|0|2537|-568.75|||3|3|2|1|1|132|5|["132,18,5,3631"]|636148146221020000|13:50:22:102
62|1.1|636147903203568052|88003d|49827.1015625|13.97001797964|100.81307281627|6950|31444||49827.1015625|45||4475|42.75|49827.1015625|88003d|THA117|0|2537|-531.25|||3|3|2|1|1|132|5|["132,18,5,3631"]|636148146271020000|13:50:27:102
62|1.1|636147903253473042|88003d|49832.1015625|13.96636481643|100.81201066309|6835|31039||49832.1015625|44.75||4431.25|42.25|49832.1015625|88003d|THA117|0|2537|-512.5|||3|3|2|1|1|132|18|["132,18,5,3631"]|636148146321020000|13:50:32:102
62|1.1|636147903303398034|88003d|49837.078125|13.96275993291|100.81095387432|6722|30640||49837.078125|44.25||4406.25|42|49837.078125|88003d|THA117|0|2537|-475|||3|3|2|1|1|132|18|["132,18,5,3631"]|636148146370780000|13:50:37:078
62|1.1|636147903353323026|88003d|49842.078125|13.95859178634|100.80986489909|6604|30179||49842.078125|44||4393.75|41.75|49842.078125|88003d|THA117|0|2537|-412.5|||3|3|2|1|1|132|18|["132,18,5,3631"]|636148146420780000|13:50:42:078
62|1.1|636147903403248018|88003d|49847.0625|13.95474013996|100.80888857647|6498|29753||49847.0625|43.75||4375|41.75|49847.0625|88003d|THA117|0|2537|-337.5|||3|3|2|1|1|132|5|["132,18,5,3631"]|636148146470630000|13:50:47:063
62|1.1|636147903453163009|88003d|49852.0625|13.95141957017|100.80800344882|6403|29386||49852.0625|43.5||4350|41.5|49852.0625|88003d|THA117|0|2537|0|||3|3|0|1|1|132|5|["132,18,5,3631"]|636148146520630000|13:50:52:063
62|1.1|636147903503098002|88003d|49857.0625|13.94735334739|100.8069734821|6292|28936||49857.0625|43.25||4318.75|41|49857.0625|88003d|THA117|0|2537|0|||3|3|0|1|1|132|5|["132,18,5,3631"]|636148146570630000|13:50:57:063
62|1.1|636147903553012993|88003d|49862.0390625|13.94337831958|100.8059542442|6182|28496||49862.0390625|43||4287.5|41|49862.0390625|88003d|THA117|0|2537|0|||3|3|0|1|1|132|18|["132,18,5,3631"]|636148146620390000|13:51:02:039
62|1.1|636147903602937985|88003d|49867.0390625|13.93986463103|100.80499937922|6079|28107||49867.0390625|42.75||4262.5|40.5|49867.0390625|88003d|THA117|0|2537|0|||3|3|0|1|1|132|18|["132,18,5,3631"]|636148146670390000|13:51:07:039
62|1.1|636147903652862977|88003d|49872.015625|13.93630266279|100.80405524306|5977|27713||49872.015625|42.5||4231.25|40|49872.015625|88003d|THA117|0|2537|0|||3|3|0|1|1|132|18|["132,18,5,3631"]|636148146720160000|13:51:12:016
62|1.1|636147903702777968|88003d|49877.015625|13.9320164992|100.80306282721|5869|27239||49877.015625|42.25||4218.75|40|49877.015625|88003d|THA117|0|2537|0|||3|3|0|1|1|132|5|["132,18,5,3631"]|636148146770160000|13:51:17:016
62|1.1|636147903752692959|88003d|49882.015625|13.92807365785|100.80205431813|5761|26803||49882.015625|42||4193.75|40|49882.015625|88003d|THA117|0|2537|0|||3|3|0|1|1|132|5|["132,18,5,3631"]|636148146820160000|13:51:22:016
62|1.1|636147903802607950|88003d|49887|13.92449559638|100.80112091079|5660|26407||49887|41.75||4168.75|39.75|49887|88003d|THA117|0|2537|0|||3|3|0|1|1|132|18|["132,18,5,3631"]|636148146870000000|13:51:27:000
62|1.1|636147903852532942|88003d|49892|13.92047765329|100.80009630848|5549|25962||49892|41.5||4131.25|39.5|49892|88003d|THA117|0|2537|0|||3|3|0|1|1|132|18|["132,18,5,3631"]|636148146920000000|13:51:32:000
62|1.1|636147903902457934|88003d|49896.9765625|13.91654554076|100.79911462145|5443|25527||49896.9765625|41.25||4100|39|49896.9765625|88003d|THA117|0|2537|0|||3|3|0|1|1|132|18|["132,18,5,3631"]|636148146969770000|13:51:36:977
62|1.1|636147903952382926|88003d|49901.9765625|13.91290847078|100.79812757001|5337|25125||49901.9765625|40.75||4075|38.75|49901.9765625|88003d|THA117|0|2537|0|||3|3|0|1|1|132|5|["132,18,5,3631"]|636148147019770000|13:51:41:977
62|1.1|636147904002307918|88003d|49906.9765625|13.90952352807|100.79724244236|5241|24750||49906.9765625|40.25||4031.25|38.25|49906.9765625|88003d|THA117|0|2537|-393.75|||3|3|2|1|1|132|5|["132,18,5,3631"]|636148147069770000|13:51:46:977
62|1.1|636147904052222909|88003d|49911.9609375|13.90544121206|100.79620174682|5129|24298||49911.9609375|40||3981.25|38|49911.9609375|88003d|THA117|0|2537|-431.25|||3|3|2|1|1|132|18|["132,18,5,3631"]|636148147119610000|13:51:51:961
62|1.1|636147904102147901|88003d|49916.9609375|13.90141790456|100.79517714451|5018|23853||49916.9609375|39.5||3931.25|37.5|49916.9609375|88003d|THA117|0|2537|-475|||3|3|2|1|1|132|18|["132,18,5,3631"]|636148147169610000|13:51:56:961
62|1.1|636147904152072893|88003d|49921.9375|13.89794713129|100.79419009307|4911|23469||49921.9375|39||3875|36.75|49921.9375|88003d|THA117|0|2537|-531.25|||3|3|2|1|1|132|18|["132,18,5,3631"]|636148147219380000|13:52:01:938
62|1.1|636147904201987884|88003d|49926.9375|13.8939828323|100.79315476194|4800|23031||49926.9375|38.25||3806.25|36|49926.9375|88003d|THA117|0|2537|-650|||3|3|2|1|1|132|18|["132,18,5,3631"]|636148147269380000|13:52:06:938
62|1.1|636147904251912876|88003d|49931.9375|13.89009899946|100.79209260876|4685|22601||49931.9375|37.5||3743.75|35.5|49931.9375|88003d|THA117|0|2537|-731.25|||3|3|2|1|1|132|5|["132,18,5,3631"]|636148147319380000|13:52:11:938
62|1.1|636147904301837868|88003d|49936.921875|13.8862580819|100.79107337086|4575|22176||49936.921875|37||3675|34.75|49936.921875|88003d|THA117|0|2537|-731.25|||3|3|2|1|1|132|18|["132,18,5,3631"]|636148147369220000|13:52:16:922
62|1.1|636147904351752859|88003d|49941.921875|13.8828785036|100.79014532793|4474|21802||49941.921875|36.5||3625|34.25|49941.921875|88003d|THA117|0|2537|-706.25|||3|3|2|1|1|132|18|["132,18,5,3631"]|636148147419220000|13:52:21:922
62|1.1|636147904401677851|88003d|49946.8984375|13.87895711989|100.78912072562|4364|21368||49946.8984375|35.75||3550|33.5|49946.8984375|88003d|THA117|0|2537|-731.25|||3|3|2|1|1|132|18|["132,18,5,3631"]|636148147468980000|13:52:26:898
62|1.1|636147904451642847|88003d|49951.8984375|13.87501427854|100.78807466567|4251|20932||49951.8984375|35||3487.5|33|49951.8984375|88003d|THA117|0|2537|-768.75|||3|3|2|1|1|132|18|["132,18,5,3631"]|636148147518980000|13:52:31:898
62|1.1|636147904501517834|88003d|49956.8984375|13.8711840898|100.78705542777|4141|20508||49956.8984375|34.5||3418.75|32.25|49956.8984375|88003d|THA117|0|2537|-787.5|||3|3|2|1|1|132|18|["132,18,5,3631"]|636148147568980000|13:52:36:898
62|1.1|636147904551442826|88003d|49961.875|13.86776159622|100.78609519838|4037|20130||49961.875|33.75||3350|31.5|49961.875|88003d|THA117|0|2537|-806.25|||3|3|2|1|1|132|18|["132,18,5,3631"]|636148147618750000|13:52:41:875
62|1.1|636147904601357817|88003d|49966.875|13.86428545854|100.78515642663|3936|19745||49966.875|33||3275|30.75|49966.875|88003d|THA117|0|2537|-843.75|||3|3|2|1|1|132|18|["132,18,5,3631"]|636148147668750000|13:52:46:875
62|1.1|636147904651282809|88003d|49971.859375|13.86043381216|100.78419083283|3831|19319||49971.859375|32||3193.75|30|49971.859375|88003d|THA117|0|2537|-843.75|||3|3|2|1|1|132|5|["132,18,5,3631"]|636148147718590000|13:52:51:859
62|1.1|636147904701207801|88003d|49976.859375|13.85652315727|100.78319841698|3724|18886||49976.859375|31.5||3106.25|29|49976.859375|88003d|THA117|0|2537|-925|||3|3|2|1|1|132|18|["132,18,5,3631"]|636148147768590000|13:52:56:859
62|1.1|636147904751132793|88003d|49981.859375|13.85260713797|100.7821899079|3615|18453||49981.859375|30.5||3006.25|28.25|49981.859375|88003d|THA117|0|2537|-981.25|||3|3|2|1|1|132|18|["132,18,5,3631"]|636148147818590000|13:53:01:859
62|1.1|636147904801047784|88003d|49986.8359375|13.84901298327|100.78119749205|3508|18055||49986.8359375|29.75||2950|27.25|49986.8359375|88003d|THA117|0|2537|-981.25|||3|3|2|1|1|132|18|["132,18,5,3631"]|636148147868360000|13:53:06:836
62|1.1|636147904850962775|88003d|49991.8359375|13.8453812777|100.78022653384|3403|17653||49991.8359375|29||2868.75|26.75|49991.8359375|88003d|THA117|0|2537|-925|||3|3|2|1|1|132|18|["132,18,5,3631"]|636148147918360000|13:53:11:836
62|1.1|636147904900887767|88003d|49996.8203125|13.8417334789|100.77926630445|3299|17250||49996.8203125|28.25||2800|26|49996.8203125|88003d|THA117|0|2537|-906.25|||3|3|2|1|1|132|18|["132,18,5,3631"]|636148147968200000|13:53:16:820
62|1.1|636147904950812759|88003d|50001.8203125|13.83767798494|100.7782202445|3186|16801||50001.8203125|27.5||2731.25|25.25|50001.8203125|88003d|THA117|0|2537|-868.75|||3|3|2|1|1|132|5|["132,18,5,3631"]|636148148018200000|13:53:21:820
62|1.1|636147905000727750|88003d|50006.8203125|13.83411065229|100.7772546507|3082|16406||50006.8203125|27||2668.75|24.75|50006.8203125|88003d|THA117|0|2537|-843.75|||3|3|2|1|1|132|18|["132,18,5,3631"]|636148148068200000|13:53:26:820
62|1.1|636147905050652742|88003d|50011.796875|13.83054331964|100.77632124336|2981|16012||50011.796875|26.25||2606.25|24|50011.796875|88003d|THA117|0|2537|-806.25|||3|3|2|1|1|132|18|["132,18,5,3631"]|636148148117970000|13:53:31:797
62|1.1|636147905100587735|88003d|50016.796875|13.82698671581|100.77539856484|2881|15618||50016.796875|25.75||2556.25|23.5|50016.796875|88003d|THA117|0|2537|-768.75|||3|3|2|1|1|132|18|["132,18,5,3631"]|636148148167970000|13:53:36:797
62|1.1|636147905150492725|88003d|50021.78125|13.82343547639|100.77445442868|2779|15225||50021.78125|25||2493.75|23|50021.78125|88003d|THA117|0|2537|-731.25|||3|3|2|1|1|132|18|["132,18,5,3631"]|636148148217810000|13:53:41:781
62|1.1|636147905200417717|88003d|50026.78125|13.81988423697|100.77352102134|2678|14832||50026.78125|24.5||2431.25|22.25|50026.78125|88003d|THA117|0|2537|-731.25|||3|3|2|1|1|132|18|["132,18,5,3631"]|636148148267810000|13:53:46:781
62|1.1|636147905250352710|88003d|50031.78125|13.81589311593|100.7725339699|2572|14391||50031.78125|23.5||2343.75|21.5|50031.78125|88003d|THA117|0|2537|-787.5|||3|3|2|1|1|132|5|["132,18,5,3631"]|636148148317810000|13:53:51:781
62|1.1|636147905300267701|88003d|50036.7578125|13.8122292239|100.77157374051|2468|13985||50036.7578125|23||2256.25|20.75|50036.7578125|88003d|THA117|0|2537|-843.75|||3|3|2|1|1|132|18|["132,18,5,3631"]|636148148367580000|13:53:56:758
62|1.1|636147905350182692|88003d|50041.7578125|13.80856533187|100.77060814671|2364|13580||50041.7578125|22.25||2193.75|20|50041.7578125|88003d|THA117|0|2537|-868.75|||3|3|2|1|1|132|18|["132,18,5,3631"]|636148148417580000|13:54:01:758
62|1.1|636147905400107684|88003d|50046.7421875|13.80498190599|100.76965864614|2261|13183||50046.7421875|21.5||2112.5|19.25|50046.7421875|88003d|THA117|0|2537|-906.25|||3|3|2|1|1|132|18|["132,18,5,3631"]|636148148467420000|13:54:06:742
62|1.1|636147905450032676|88003d|50051.7421875|13.80170961589|100.76875206085|2163|12821||50051.7421875|21||2062.5|18.5|50051.7421875|88003d|THA117|0|2537|-868.75|||3|3|2|1|1|132|18|["132,18,5,3631"]|636148148517420000|13:54:11:742
62|1.1|636147905499947667|88003d|50056.7421875|13.79856607163|100.76789375525|2070|12474||50056.7421875|20.25||2006.25|18|50056.7421875|88003d|THA117|0|2537|-787.5|||3|3|2|1|1|132|18|["132,18,5,3631"]|636148148567420000|13:54:16:742
62|1.1|636147905549872659|88003d|50061.71875|13.79513821364|100.76698180555|1972|12094||50061.71875|19.5||1943.75|17.5|50061.71875|88003d|THA117|0|2537|-706.25|||3|3|2|1|1|132|5|["132,18,5,3631"]|636148148617190000|13:54:21:719
62|1.1|636147905599797651|88003d|50066.71875|13.79178545739|100.76612349995|1879|11723||50066.71875|19||1893.75|16.75|50066.71875|88003d|THA117|0|2537|-731.25|||3|3|2|1|1|132|5|["132,18,5,3631"]|636148148667190000|13:54:26:719
62|1.1|636147905649712642|88003d|50071.6953125|13.7884648876|100.76524910112|1784|11356||50071.6953125|18.5||1837.5|16.5|50071.6953125|88003d|THA117|0|2537|-687.5|||3|3|2|1|1|132|18|["132,18,5,3631"]|636148148716950000|13:54:31:695
62|1.1|636147905699637634|88003d|50076.6953125|13.78482245321|100.76431032937|1683|10953||50076.6953125|17.75||1756.25|15.75|50076.6953125|88003d|THA117|0|2537|-731.25|||3|3|2|1|1|132|18|["132,18,5,3631"]|636148148766950000|13:54:36:695
62|1.1|636147905749552625|88003d|50081.6953125|13.78129803584|100.76339837967|1584|10563||50081.6953125|17||1681.25|14.75|50081.6953125|88003d|THA117|0|2537|-806.25|||3|3|2|1|1|132|18|["132,18,5,3631"]|636148148816950000|13:54:41:695
62|1.1|636147905799477617|88003d|50086.6796875|13.7778433558|100.76249179438|1486|10181||50086.6796875|16.25||1612.5|14|50086.6796875|88003d|THA117|0|2537|-843.75|||3|3|2|1|1|132|18|["132,18,5,3631"]|636148148866800000|13:54:46:680
62|1.1|636147905849402609|88003d|50091.6796875|13.77439404017|100.76157448027|1387|9799||50091.6796875|15.75||1556.25|13.5|50091.6796875|88003d|THA117|0|2537|-825|||3|3|2|1|1|132|18|["132,18,5,3631"]|636148148916800000|13:54:51:680
62|1.1|636147905899317600|88003d|50096.65625|13.77147043672|100.76075372554|1298|9476||50096.65625|15||1487.5|13|50096.65625|88003d|THA117|0|2537|-787.5|||3|3|2|1|1|132|18|["132,18,5,3631"]|636148148966560000|13:54:56:656
62|1.1|636147905949252593|88003d|50101.65625|13.76835907892|100.75994906404|1211|9131||50101.65625|14.5||1443.75|12.5|50101.65625|88003d|THA117|0|2537|-731.25|||3|3|2|1|1|132|18|["132,18,5,3631"]|636148149016560000|13:55:01:656
62|1.1|636147905999177585|88003d|50106.65625|13.76487221242|100.75904784316|1114|8746||50106.65625|14||1381.25|11.75|50106.65625|88003d|THA117|0|2537|-706.25|||3|3|2|1|1|132|18|["132,18,5,3631"]|636148149066560000|13:55:06:656
62|1.1|636147906049092576|88003d|50111.640625|13.76146044766|100.75815198669|1017|8368||50111.640625|13.5||1331.25|11.25|50111.640625|88003d|THA117|0|2537|-706.25|||3|3|2|1|1|132|18|["132,18,5,3631"]|636148149116410000|13:55:11:641
62|1.1|636147906099007567|88003d|50116.640625|13.75838664073|100.75732586755|928|8028||50116.640625|12.75||1268.75|10.75|50116.640625|88003d|THA117|0|2537|-687.5|||3|3|2|1|1|132|18|["132,18,5,3631"]|636148149166410000|13:55:16:641
62|1.1|636147906148932559|88003d|50121.6171875|13.75534502026|100.7565480281|843|7692||50121.6171875|12.25||1212.5|10|50121.6171875|88003d|THA117|0|2537|-687.5|||3|3|2|1|1|132|18|["132,18,5,3631"]|636148149216170000|13:55:21:617
62|1.1|636147906198847550|88003d|50126.6171875|13.75192252668|100.75568435809|750|7313||50126.6171875|11.5||1143.75|9.5|50126.6171875|88003d|THA117|0|2537|-706.25|||3|3|2|1|1|132|18|["132,18,5,3631"]|636148149266170000|13:55:26:617
62|1.1|636147906248772542|88003d|50131.6171875|13.74862877894|100.75480995926|656|6949||50131.6171875|11||1087.5|8.75|50131.6171875|88003d|THA117|0|2537|-706.25|||3|3|2|1|1|132|18|["132,18,5,3631"]|636148149316170000|13:55:31:617
62|1.1|636147906298697534|88003d|50136.6015625|13.74589292984|100.75405357745|574|6646||50136.6015625|10.25||1018.75|8.25|50136.6015625|88003d|THA117|0|2537|-731.25|||3|3|2|1|1|132|18|["132,18,5,3631"]|636148149366020000|13:55:36:602
62|1.1|636147906348622526|88003d|50141.6015625|13.74252408036|100.75321136508|483|6273||50141.6015625|9.75||956.25|7.5|50141.6015625|88003d|THA117|0|2537|-750|||3|3|2|1|1|132|18|["132,18,5,3631"]|636148149416020000|13:55:41:602
62|1.1|636147906398537517|88003d|50146.578125|13.73925179026|100.75237451712|392|5911||50146.578125|9.25||906.25|7|50146.578125|88003d|THA117|0|2537|-731.25|||3|3|2|1|1|132|18|["132,18,5,3631"]|636148149465780000|13:55:46:578
62|1.1|636147906448472510|88003d|50151.578125|13.73599559339|100.75152157593|300|5551||50151.578125|8.75||837.5|6.5|50151.578125|88003d|THA117|0|2537|-731.25|||3|3|2|1|1|132|5|["132,18,5,3631"]|636148149515780000|13:55:51:578
62|1.1|636147906498377500|88003d|50156.578125|13.73304516789|100.75072764325|214|5224||50156.578125|8.25||781.25|5.75|50156.578125|88003d|THA117|0|2537|-731.25|||3|3|2|1|1|132|5|["132,18,5,3631"]|636148149565780000|13:55:56:578
62|1.1|636147906548302492|88003d|50161.5625|13.72995526773|100.74990688852|125|4883||50161.5625|7.5||725|5.25|50161.5625|88003d|THA117|0|2537|-706.25|||3|3|2|1|1|132|18|["132,18,5,3631"]|636148149615630000|13:56:01:563
62|1.1|636147906598227484|88003d|50166.5625|13.72668834204|100.74904858292|32|4521||50166.5625|6.75||662.5|4.5|50166.5625|88003d|THA117|0|2537|-731.25|||3|3|2|1|1|132|18|["132,18,5,3631"]|636148149665630000|13:56:06:563
62|1.1|636147906648162477|88003d|50171.5390625|13.72367354362|100.74824392142|-55|4188||50171.5390625|6.25||618.75|4|50171.5390625|88003d|THA117|0|2537|-706.25|||3|3|2|1|1|132|5|["132,18,5,3631"]|636148149715390000|13:56:11:539
62|1.1|636147906698067467|88003d|50176.5390625|13.72036370265|100.74738561582|-147|3821||50176.5390625|5.75||556.25|3.5|50176.5390625|88003d|THA117|0|2537|-687.5|||3|3|2|1|1|132|5|["132,18,5,3631"]|636148149765390000|13:56:16:539
62|1.1|636147906747992459|88003d|50181.5390625|13.71704313286|100.74654340345|-239|3454||50181.5390625|5.25||487.5|3|50181.5390625|88003d|THA117|0|2537|-668.75|||3|3|2|1|1|132|5|["132,18,5,3631"]|636148149815390000|13:56:21:539
62|1.1|636147906797927452|88003d|50186.515625|13.71415171587|100.74575483518|-324|3134||50186.515625|4.5||431.25|2.25|50186.515625|88003d|THA117|0|2537|-687.5|||3|3|2|1|1|132|5|["132,18,5,3631"]|636148149865160000|13:56:26:516
62|1.1|636147906847832442|88003d|50191.515625|13.71115837509|100.74497163132|-409|2803||50191.515625|3.75||356.25|1.5|50191.515625|88003d|THA117|0|2537|-731.25|||3|3|2|1|1|132|5|["132,18,5,3631"]|636148149915160000|13:56:31:516
62|1.1|636147906897757434|88003d|50196.5|13.70770369505|100.74408113926|-505|2421||50196.5|3.25||306.25|1|50196.5|88003d|THA117|0|2537|-731.25|||3|3|2|1|1|132|5|["132,18,5,3631"]|636148149965000000|13:56:36:500
62|1.1|636147906947682426|88003d|50201.5|13.70451723551|100.74327111335|-593|2068||50201.5|3.25||262.5|0.5|50201.5|88003d|THA117|0|2537|-731.25|||3|3|2|1|1|132|18|["132,18,5,3631"]|636148150015000000|13:56:41:500
62|1.1|636147906997597417|88003d|50206.5|13.7014005133|100.74246108744|-680|1723||50206.5|2.5||181.25|8191.75|50206.5|88003d|THA117|0|2537|-750|||3|3|2|1|1|132|18|["132,18,5,3631"]|636148150065000000|13:56:46:500
62|1.1|636147907047522409|88003d|50211.4765625|13.69823014699|100.74162960389|-770|1373||50211.4765625|1.75||93.75|8191|50211.4765625|88003d|THA117|0|2537|-768.75|||3|3|2|1|1|132|18|["132,18,5,3631"]|636148150114770000|13:56:51:477
62|1.1|636147907097447401|88003d|50216.4765625|13.69505978068|100.74080884916|-859|1022||50216.4765625|1.75||18.75|8190.5|50216.4765625|88003d|THA117|0|2537|-768.75|||3|3|2|1|1|132|18|["132,18,5,3631"]|636148150164770000|13:56:56:477
62|1.1|636147907147372393|88003d|50221.4609375|13.6919055076|100.73998273002|-948|673||50221.4609375|1.75||0|8190|50221.4609375|88003d|THA117|0|2537|-768.75|||3|3|2|1|1|132|18|[]|636148150214610000|13:57:01:461
62|1.1|636147907197287384|88003d|50226.4609375|13.68872977688|100.73916197529|-1037|322||50226.4609375|1.75||0|8189.75|50226.4609375|88003d|THA117|0|2537|-768.75|||3|3|2|1|1|132|18|[]|636148150264610000|13:57:06:461
62|1.1|636147907247212376|X|50231.4609375||||||||||||X|X|X|2537|||||||1|1|0|0|[]|636148150314610000|13:57:11:461
