62|1.1|636147897453353088|88003f|49252.078125|8.58252492341|102.04505785246|142987|-564570||49252.078125|350||35018.75|350|49252.078125|88003f|THA401|0|1754|0|||3|3|0|1|1|132|51|["132,210,2,2117","132,82,5","132,50,5"]|636148140520780000|13:40:52:078
62|1.1|636147897503268079|88003f|49257.078125|8.57113628098|102.0451329542|143001|-565832||49257.078125|350||35018.75|350|49257.078125|88003f|THA401|0|1754|0|||3|3|0|1|1|132|51|["132,210,2,2117","132,82,5","132,50,5"]|636148140570780000|13:40:57:078
62|1.1|636147897553193071|88003f|49262.0625|8.55973154532|102.04522414917|143016|-567096||49262.0625|350||35012.5|350|49262.0625|88003f|THA401|0|1754|0|||3|3|0|1|1|132|83|["132,210,2,2117","132,82,5","132,50,5"]|636148140620630000|13:41:02:063
62|1.1|636147897603118063|88003f|49267.0625|8.5482946232|102.0452938865|143029|-568363||49267.0625|350||35006.25|350|49267.0625|88003f|THA401|0|1754|0|||3|3|0|1|1|132|83|["132,210,2,2117","132,82,5","132,50,5"]|636148140670630000|13:41:07:063
62|1.1|636147897653043055|88003f|49272.0625|8.53603694635|102.04535289501|143042|-569722||49272.0625|350||34975|350|49272.0625|88003f|THA401|0|1754|0|||3|3|0|1|1|132|210|["132,210,2,2117","132,82,5","132,50,5"]|636148140720630000|13:41:12:063
62|1.1|636147897702958046|88003f|49277.0390625|8.52444445634|102.04547091203|143060|-571007||49277.0390625|350||34962.5|350|49277.0390625|88003f|THA401|0|1754|0|||3|3|0|1|1|132|82|["132,210,2,2117","132,82,5","132,50,5"]|636148140770390000|13:41:17:039
62|1.1|636147897752883038|88003f|49282.0390625|8.51295925453|102.04568012402|143089|-572280||49282.0390625|350||34931.25|350|49282.0390625|88003f|THA401|0|1754|0|||3|3|0|1|1|132|82|["132,210,2,2117","132,82,5","132,50,5"]|636148140820390000|13:41:22:039
62|1.1|636147897802798029|88003f|49287.015625|8.50144186626|102.04590006483|143119|-573556||49287.015625|350||34887.5|350|49287.015625|88003f|THA401|0|1754|0|||3|3|0|1|1|132|210|["132,210,2,2117","132,82,5","132,50,5"]|636148140870160000|13:41:27:016
62|1.1|636147897852723021|88003f|49292.015625|8.4896616219|102.0463667685|143176|-574862||49292.015625|350||34725|350|49292.015625|88003f|THA401|0|1754|0|||3|3|0|1|1|132|50|["132,210,2,2117","132,82,5","132,50,5"]|636148140920160000|13:41:32:016
62|1.1|636147897902648013|88003f|49297.015625|8.47805303866|102.04702122652|143254|-576148||49297.015625|350||34700|350|49297.015625|88003f|THA401|0|1754|0|||3|3|0|1|1|132|50|["132,210,2,2117","132,82,5","132,50,5"]|636148140970160000|13:41:37:016
62|1.1|636147897952563004|88003f|49302|8.46636935368|102.04864664275|143439|-577442||49302|350||34656.25|350|49302|88003f|THA401|0|1754|0|||3|3|0|1|1|132|50|["132,210,2,2117","132,82,5","132,50,5"]|636148141020000000|13:41:42:000
62|1.1|636147898002487996|88003f|49307|8.45481441454|102.05067975414|143669|-578722||49307|350||34631.25|350|49307|88003f|THA401|0|1754|0|||3|3|0|1|1|132|50|["132,210,2,2117","132,82,5","132,50,5"]|636148141070000000|13:41:47:000
62|1.1|636147898052412988|88003f|49311.9765625|8.44351696708|102.05294353516|143924|-579973||49311.9765625|350||34656.25|350|49311.9765625|88003f|THA401|0|1754|0|||3|3|0|1|1|132|83|["132,210,2,2117","132,82,5","132,50,5"]|636148141119770000|13:41:51:977
62|1.1|636147898102337980|88003f|49316.9765625|8.43227316372|102.05594760476|144261|-581218||49316.9765625|350||34656.25|350|49316.9765625|88003f|THA401|0|1754|0|||3|3|0|1|1|132|50|["132,210,2,2117","132,82,5","132,50,5"]|636148141169770000|13:41:56:977
62|1.1|636147898152252971|88003f|49321.9765625|8.42132976732|102.05939692039|144647|-582429||49321.9765625|350||34687.5|350|49321.9765625|88003f|THA401|0|1754|0|||3|3|0|1|1|132|50|["132,210,2,2117","132,82,5","132,50,5"]|636148141219770000|13:42:01:977
62|1.1|636147898202187964|88003f|49326.9609375|8.4106438626|102.06361334665|145118|-583612||49326.9609375|350||34693.75|350|49326.9609375|88003f|THA401|0|1754|0|||3|3|0|1|1|132|50|["132,210,2,2117","132,82,5","132,50,5"]|636148141269610000|13:42:06:961
62|1.1|636147898252102955|88003f|49331.9609375|8.40108448398|102.06667106035|145460|-584670||49331.9609375|350||35025|350.25|49331.9609375|88003f|THA401|0|1754|0|||3|3|0|1|1|132|51|["132,210,2,2117","132,82,5","132,50,5"]|636148141319610000|13:42:11:961
62|1.1|636147898302017946|88003f|49336.9375|8.39072580827|102.0709894104|145942|-585816||49336.9375|350||35056.25|350|49336.9375|88003f|THA401|0|1754|0|||3|3|0|1|1|132|50|["132,210,2,2117","132,82,5","132,50,5"]|636148141369380000|13:42:16:938
62|1.1|636147898351942938|88003f|49341.9375|8.38058170896|102.07619825251|146522|-586938||49341.9375|350||35093.75|350.25|49341.9375|88003f|THA401|0|1754|0|||3|3|0|1|1|132|51|["132,210,2,2117","132,82,5","132,50,5"]|636148141419380000|13:42:21:938
62|1.1|636147898401867930|88003f|49346.9375|8.3697134143|102.08119788263|147079|-588140||49346.9375|350||34981.25|350|49346.9375|88003f|THA401|0|1754|0|||3|3|0|1|1|132|82|["132,210,2,2117","132,82,5","132,50,5"]|636148141469380000|13:42:26:938
62|1.1|636147898451782921|88003f|49351.921875|8.3576434918|102.08661593673|147683|-589475||49351.921875|350||35006.25|350|49351.921875|88003f|THA401|0|1754|0|||3|3|0|1|1|132|51|["132,210,2,2117","132,82,5","132,50,5"]|636148141519220000|13:42:31:922
62|1.1|636147898501707913|88003f|49356.921875|8.34946276655|102.09052659162|148119|-590380||49356.921875|350||35000|350|49356.921875|88003f|THA401|0|1754|0|||3|3|0|1|1|132|51|["132,210,2,2117","132,82,5","132,50,5"]|636148141569220000|13:42:36:922
62|1.1|636147898551632905|88003f|49361.8984375|8.33824578524|102.0958266287|148710|-591621||49361.8984375|350||34987.5|350|49361.8984375|88003f|THA401|0|1754|0|||3|3|0|1|1|132|51|["132,210,2,2117","132,82,5","132,50,5"]|636148141618980000|13:42:41:898
62|1.1|636147898601557897|88003f|49366.8984375|8.32733993971|102.10134124218|149324|-592827||49366.8984375|350||34975|350|49366.8984375|88003f|THA401|0|1754|0|||3|3|0|1|1|132|51|["132,210,2,2117","132,82,5","132,50,5"]|636148141668980000|13:42:46:898
62|1.1|636147898651472888|88003f|49371.8984375|8.31741578121|102.10642133845|149890|-593925||49371.8984375|350||34993.75|350|49371.8984375|88003f|THA401|0|1754|0|||3|3|0|1|1|132|82|["132,210,2,2117","132,82,5","132,50,5"]|636148141718980000|13:42:51:898
62|1.1|636147898701397880|88003f|49376.875|8.30788858905|102.11134050242|150438|-594979||49376.875|350||35018.75|350|49376.875|88003f|THA401|0|1754|0|||3|3|0|1|1|132|50|["132,210,2,2117","132,82,5","132,50,5"]|636148141768750000|13:42:56:875
62|1.1|636147898751322872|88003f|49381.875|8.29666624333|102.11687120913|151054|-596220||49381.875|350||35012.5|350|49381.875|88003f|THA401|0|1754|0|||3|3|0|1|1|132|51|["132,210,2,2117","132,82,5","132,50,5"]|636148141818750000|13:43:01:875
62|1.1|636147898801237863|88003f|49386.859375|8.28794371267|102.12116810154|151533|-597185||49386.859375|350||35006.25|350|49386.859375|88003f|THA401|0|1754|0|||3|3|0|1|1|132|50|["132,210,2,2117","132,82,5","132,50,5"]|636148141868590000|13:43:06:859
62|1.1|636147898851152854|88003f|49391.859375|8.27777279131|102.12616236725|152090|-598310||49391.859375|350||35006.25|350|49391.859375|88003f|THA401|0|1754|0|||3|3|0|1|1|132|50|["132,210,2,2117","132,82,5","132,50,5"]|636148141918590000|13:43:11:859
62|1.1|636147898901077846|88003f|49396.859375|8.26649143708|102.13153750607|152689|-599558||49396.859375|350||34975|350|49396.859375|88003f|THA401|0|1754|0|||3|3|0|1|1|132|50|["132,210,2,2117","132,82,5","132,50,5"]|636148141968590000|13:43:16:859
62|1.1|636147898951002838|88003f|49401.8359375|8.25667456678|102.13648349209|153240|-600643||49401.8359375|350||35000|350|49401.8359375|88003f|THA401|0|1754|0|||3|3|0|1|1|132|50|["132,210,2,2117","132,50,5"]|636148142018360000|13:43:21:836
62|1.1|636147899000927830|88003f|49406.8359375|8.24652510306|102.14168696979|153820|-601766||49406.8359375|350||35006.25|350|49406.8359375|88003f|THA401|0|1754|0|||3|3|0|1|1|132|50|["132,210,2,2117","132,50,5"]|636148142068360000|13:43:26:836
62|1.1|636147899050842821|88003f|49411.8203125|8.23642391903|102.14691190513|154402|-602883||49411.8203125|350||35006.25|350|49411.8203125|88003f|THA401|0|1754|0|||3|3|0|1|1|132|50|["132,210,2,2117","132,50,5"]|636148142118200000|13:43:31:820
62|1.1|636147899100767813|88003f|49416.8203125|8.22627981972|102.15182034028|154950|-604005||49416.8203125|350||35006.25|350|49416.8203125|88003f|THA401|0|1754|0|||3|3|0|1|1|132|51|["132,210,2,2117","132,50,5"]|636148142168200000|13:43:36:820
62|1.1|636147899150692805|88003f|49421.8203125|8.21626983066|102.1567663263|155501|-605113||49421.8203125|350||35000|350|49421.8203125|88003f|THA401|0|1754|0|||3|3|0|1|1|132|51|["132,210,2,2117","132,50,5"]|636148142218200000|13:43:41:820
62|1.1|636147899200607796|88003f|49426.796875|8.20546054451|102.16213610071|156100|-606308||49426.796875|350||34981.25|350|49426.796875|88003f|THA401|0|1754|0|||3|3|0|1|1|132|51|["132,210,2,2117","132,50,5"]|636148142267970000|13:43:46:797
62|1.1|636147899250532788|88003f|49431.796875|8.19530571638|102.16739322251|156686|-607431||49431.796875|350||34962.5|350|49431.796875|88003f|THA401|0|1754|0|||3|3|0|1|1|132|210|["132,210,2,2117","132,50,5"]|636148142317970000|13:43:51:797
62|1.1|636147899300457780|88003f|49436.78125|8.18336990413|102.17304194624|157316|-608752||49436.78125|350||35000|350|49436.78125|88003f|THA401|0|1754|0|||3|3|0|1|1|132|51|["132,210,2,2117","132,50,5"]|636148142367810000|13:43:56:781
62|1.1|636147899350372771|88003f|49441.78125|8.17481367018|102.17717790635|157777|-609698||49441.78125|350||35000|350|49441.78125|88003f|THA401|0|1754|0|||3|3|0|1|1|132|51|["132,210,2,2117","132,50,5"]|636148142417810000|13:44:01:781
62|1.1|636147899400297763|88003f|49446.78125|8.16482513876|102.18205951945|158322|-610803||49446.78125|350||35006.25|350|49446.78125|88003f|THA401|0|1754|0|||3|3|0|1|1|132|51|["132,210,2,2117","132,50,5"]|636148142467810000|13:44:06:781
62|1.1|636147899450222755|88003f|49451.7578125|8.15467567504|102.18703232752|158877|-611926||49451.7578125|350||35006.25|350|49451.7578125|88003f|THA401|0|1754|0|||3|3|0|1|1|132|51|["132,210,2,2117","132,50,5"]|636148142517580000|13:44:11:758
62|1.1|636147899500137746|88003f|49456.7578125|8.14445647399|102.19209096615|159441|-613056||49456.7578125|350||35000|350|49456.7578125|88003f|THA401|0|1754|0|||3|3|0|1|1|132|83|["132,210,2,2117","132,50,5"]|636148142567580000|13:44:16:758
62|1.1|636147899550062738|88003f|49461.7421875|8.13415144238|102.19722470652|160013|-614196||49461.7421875|350||34993.75|350|49461.7421875|88003f|THA401|0|1754|0|||3|3|0|1|1|132|50|["132,210,2,2117","132,50,5"]|636148142617420000|13:44:21:742
62|1.1|636147899599987730|88003f|49466.7421875|8.12392687692|102.20230480279|160580|-615327||49466.7421875|350||35000|350|49466.7421875|88003f|THA401|0|1754|0|||3|3|0|1|1|132|50|["132,210,2,2117","132,50,5"]|636148142667420000|13:44:26:742
62|1.1|636147899649912722|88003f|49471.7421875|8.11258114977|102.20791061124|161206|-616582||49471.7421875|350||34962.5|350|49471.7421875|88003f|THA401|0|1754|0|||3|3|0|1|1|132|50|["132,210,2,2167","132,50,5"]|636148142717420000|13:44:31:742
62|1.1|636147899699827713|88003f|49476.71875|8.10225466052|102.21318382627|161794|-617724||49476.71875|350||34931.25|350|49476.71875|88003f|THA401|0|1754|0|||3|3|0|1|1|132|50|["132,210,2,2167","132,50,5"]|636148142767190000|13:44:36:719
62|1.1|636147899749752705|88003f|49481.71875|8.09146683201|102.21847849894|162385|-618917||49481.71875|350||34968.75|350|49481.71875|88003f|THA401|0|1754|0|||3|3|0|1|1|132|51|["132,210,2,2167","132,82,5","132,50,5"]|636148142817190000|13:44:41:719
62|1.1|636147899799667696|88003f|49486.6953125|8.08102232574|102.22374634956|162972|-620072||49486.6953125|350||34956.25|350|49486.6953125|88003f|THA401|0|1754|0|||3|3|0|1|1|132|50|["132,210,2,2167","132,82,5","132,50,5"]|636148142866950000|13:44:46:695
62|1.1|636147899849592688|88003f|49491.6953125|8.07047053127|102.22905711546|163565|-621239||49491.6953125|350||34943.75|350|49491.6953125|88003f|THA401|0|1754|0|||3|3|0|1|1|132|50|["132,210,2,2167","132,82,5","132,50,5"]|636148142916950000|13:44:51:695
62|1.1|636147899899517680|88003f|49496.6953125|8.06025133022|102.23431960167|164152|-622369||49496.6953125|350||34893.75|350|49496.6953125|88003f|THA401|0|1754|0|||3|3|0|1|1|132|82|["132,210,2,2167","132,82,5","132,50,5"]|636148142966950000|13:44:56:695
62|1.1|636147899949442672|88003f|49501.6796875|8.05019842588|102.23945870645|164726|-623481||49501.6796875|350||34856.25|350|49501.6796875|88003f|THA401|0|1754|0|||3|3|0|1|1|132|82|["132,210,2,2167","132,82,5","132,50,5"]|636148143016800000|13:45:01:680
62|1.1|636147899999357663|88003f|49506.6796875|8.04000068247|102.24460317564|165300|-624609||49506.6796875|350||34812.5|350|49506.6796875|88003f|THA401|0|1754|0|||3|3|0|1|1|132|82|["132,210,2,2167","132,82,5","132,50,5"]|636148143066800000|13:45:06:680
62|1.1|636147900049282655|88003f|49511.65625|8.02974393055|102.24980128893|165880|-625744||49511.65625|350||34762.5|350|49511.65625|88003f|THA401|0|1754|0|||3|3|0|1|1|132|82|["132,210,2,2167","132,82,5","132,50,5"]|636148143116560000|13:45:11:656
62|1.1|636147900099197646|88003f|49516.65625|8.01943353453|102.25486529197|166445|-626884||49516.65625|350||34743.75|350|49516.65625|88003f|THA401|0|1754|0|||3|3|0|1|1|132|51|["132,210,2,2167","132,82,5","132,50,5"]|636148143166560000|13:45:16:656
62|1.1|636147900149122638|88003f|49521.65625|8.00924651994|102.25994002383|167011|-628011||49521.65625|350||34737.5|350|49521.65625|88003f|THA401|0|1754|0|||3|3|0|1|1|132|82|["132,210,2,2167","132,82,5","132,50,5"]|636148143216560000|13:45:21:656
62|1.1|636147900199047630|88003f|49526.640625|7.99945647169|102.26497184041|167573|-629094||49526.640625|350||34781.25|350|49526.640625|88003f|THA401|0|1754|0|||3|3|0|1|1|132|82|["132,210,2,2167","132,82,5","132,50,5"]|636148143266410000|13:45:26:641
62|1.1|636147900248962621|88003f|49531.640625|7.98902805865|102.27008948755|168144|-630247||49531.640625|350||34750|350|49531.640625|88003f|THA401|0|1754|0|||3|3|0|1|1|132|82|["132,210,2,2167","132,82,5","132,50,5"]|636148143316410000|13:45:31:641
62|1.1|636147900298887613|88003f|49536.6171875|7.97888395934|102.27507838885|168702|-631369||49536.6171875|350||34762.5|350|49536.6171875|88003f|THA401|0|1754|0|||3|3|0|1|1|132|82|["132,210,2,2167","132,82,5","132,50,5"]|636148143366170000|13:45:36:617
62|1.1|636147900348812605|88003f|49541.6171875|7.96851455481|102.28006192574|169258|-632516||49541.6171875|350||34743.75|350|49541.6171875|88003f|THA401|0|1754|0|||3|3|0|1|1|132|50|["132,210,2,2167","132,82,5","132,50,5"]|636148143416170000|13:45:41:617
62|1.1|636147900398727596|88003f|49546.6171875|7.95836509109|102.28509910673|169821|-633639||49546.6171875|350||34762.5|350|49546.6171875|88003f|THA401|0|1754|0|||3|3|0|1|1|132|50|["132,210,2,2167","132,82,5","132,50,5"]|636148143466170000|13:45:46:617
62|1.1|636147900448652588|88003f|49551.6015625|7.94823708501|102.29010410126|170380|-634759||49551.6015625|350||34775|350|49551.6015625|88003f|THA401|0|1754|0|||3|3|0|1|1|132|50|["132,210,2,2167","132,82,5","132,50,5"]|636148143516020000|13:45:51:602
62|1.1|636147900498577580|88003f|49556.6015625|7.93795351104|102.29517346871|170946|-635897||49556.6015625|350||34762.5|350|49556.6015625|88003f|THA401|0|1754|0|||3|3|0|1|1|132|50|["132,210,2,2167","132,82,5","132,50,5"]|636148143566020000|13:45:56:602
62|1.1|636147900548492571|88003f|49561.578125|7.92780404732|102.30018382765|171505|-637020||49561.578125|350||34768.75|350|49561.578125|88003f|THA401|0|1754|0|||3|3|0|1|1|132|50|["132,210,2,2167","132,82,5","132,50,5"]|636148143615780000|13:46:01:578
62|1.1|636147900598417563|88003f|49566.578125|7.91763312596|102.30517272895|172063|-638145||49566.578125|350||34775|350|49566.578125|88003f|THA401|0|1754|0|||3|3|0|1|1|132|50|["132,210,2,2167","132,82,5","132,50,5"]|636148143665780000|13:46:06:578
62|1.1|636147900648342555|88003f|49571.578125|7.90750511988|102.31014017261|172618|-639265||49571.578125|350||34793.75|350|49571.578125|88003f|THA401|0|1754|0|||3|3|0|1|1|132|83|["132,210,2,2167","132,82,5","132,50,5"]|636148143715780000|13:46:11:578
62|1.1|636147900698267547|88003f|49576.5625|7.89731274088|102.31515053155|173178|-640393||49576.5625|350||34781.25|350|49576.5625|88003f|THA401|0|1754|0|||3|3|0|1|1|132|51|["132,210,2,2167","132,82,5","132,50,5"]|636148143765630000|13:46:16:563
62|1.1|636147900748182538|88003f|49581.5625|7.88720619244|102.32011797521|173733|-641511||49581.5625|350||34806.25|350|49581.5625|88003f|THA401|0|1754|0|||3|3|0|1|1|132|83|["132,210,2,2167","132,82,5","132,50,5"]|636148143815630000|13:46:21:563
62|1.1|636147900798107530|88003f|49586.5390625|7.87719620338|102.325047868|174284|-642618||49586.5390625|350||34843.75|350|49586.5390625|88003f|THA401|0|1754|0|||3|3|0|1|1|132|83|["132,210,2,2167","132,82,5","132,50,5"]|636148143865390000|13:46:26:539
62|1.1|636147900847882507|88003f|49591.5390625|7.86692335823|102.33005822694|174843|-643754||49591.5390625|350||34812.5|350|49591.5390625|88003f|THA401|0|1754|0|||3|3|0|1|1|132|83|["132,210,2,2167","132,50,5"]|636148143915390000|13:46:31:539
62|1.1|636147900897947513|88003f|49596.5390625|7.85774485272|102.33407080562|175293|-644770||49596.5390625|350||35018.75|350.25|49596.5390625|88003f|THA401|0|1754|0|||3|3|0|1|1|132|83|["132,210,2,2167","132,50,5"]|636148143965390000|13:46:36:539
62|1.1|636147900947712489|88003f|49601.515625|7.84742909229|102.33856081679|175795|-645911||49601.515625|350||35018.75|350|49601.515625|88003f|THA401|0|1754|0|||3|3|0|1|1|132|51|["132,210,2,2167","132,50,5"]|636148144015160000|13:46:41:516
62|1.1|636147900997637481|88003f|49606.515625|7.83752639143|102.3430722856|176300|-647007||49606.515625|350||35018.75|350|49606.515625|88003f|THA401|0|1754|0|||3|3|0|1|1|132|83|["132,210,2,2167","132,50,5"]|636148144065160000|13:46:46:516
62|1.1|636147901047562473|88003f|49611.5|7.82724818187|102.34759448323|176806|-648144||49611.5|350||35012.5|350|49611.5|88003f|THA401|0|1754|0|||3|3|0|1|1|132|210|["132,210,2,2167","132,50,5"]|636148144115000000|13:46:51:500
62|1.1|636147901097477464|88003f|49616.5|7.8163745228|102.35221860465|177324|-649347||49616.5|350||34968.75|350|49616.5|88003f|THA401|0|1754|0|||3|3|0|1|1|132|210|["132,210,2,2167","132,50,5"]|636148144165000000|13:46:56:500
62|1.1|636147901147402456|88003f|49621.5|7.80599975386|102.35701438719|177860|-650495||49621.5|350||34956.25|350|49621.5|88003f|THA401|0|1754|0|||3|3|0|1|1|132|210|["132,210,2,2167","132,50,5"]|636148144215000000|13:47:01:500
62|1.1|636147901197327448|88003f|49626.4765625|7.79557134082|102.36075874537|178280|-651650||49626.4765625|350||35000|350|49626.4765625|88003f|THA401|0|1754|0|||3|3|0|1|1|132|51|["132,210,2,2167","132,50,5"]|636148144264770000|13:47:06:477
62|1.1|636147901247242439|88003f|49631.4765625|7.78527703803|102.36500735809|178756|-652789||49631.4765625|350||35006.25|350|49631.4765625|88003f|THA401|0|1754|0|||3|3|0|1|1|132|50|["132,210,2,2167","132,50,5"]|636148144314770000|13:47:11:477
62|1.1|636147901297167431|88003f|49636.4609375|7.77348606485|102.3697334033|179286|-654094||49636.4609375|350||34987.5|350|49636.4609375|88003f|THA401|0|1754|0|||3|3|0|1|1|132|50|["132,210,2,2167","132,50,5"]|636148144364610000|13:47:16:461
62|1.1|636147901347082422|88003f|49641.4609375|7.76322931293|102.37390691428|179753|-655229||49641.4609375|350||35006.25|350|49641.4609375|88003f|THA401|0|1754|0|||3|3|0|1|1|132|50|["132,210,2,2167","132,50,5"]|636148144414610000|13:47:21:461
62|1.1|636147901397007414|88003f|49646.4609375|7.75360019698|102.37771028097|180180|-656295||49646.4609375|350||35012.5|350|49646.4609375|88003f|THA401|0|1754|0|||3|3|0|1|1|132|50|["132,210,2,2167","132,50,5"]|636148144464610000|13:47:26:461
62|1.1|636147901446932406|88003f|49651.4375|7.74203452902|102.38200180897|180661|-657575||49651.4375|350||34987.5|350|49651.4375|88003f|THA401|0|1754|0|||3|3|0|1|1|132|83|["132,210,2,2167","132,50,5"]|636148144514380000|13:47:31:438
62|1.1|636147901496857398|88003f|49656.4375|7.73077999684|102.38618068436|181130|-658821||49656.4375|350||34975|350|49656.4375|88003f|THA401|0|1754|0|||3|3|0|1|1|132|51|["132,210,2,2167","132,50,5"]|636148144564380000|13:47:36:438
62|1.1|636147901546782390|88003f|49661.421875|7.71970249019|102.39018253422|181580|-660047||49661.421875|350||34981.25|350|49661.421875|88003f|THA401|0|1754|0|||3|3|0|1|1|132|50|["132,210,2,2167","132,50,5"]|636148144614220000|13:47:41:422
62|1.1|636147901596697381|88003f|49666.421875|7.70875372938|102.39418974849|182030|-661259||49666.421875|350||35000|350|49666.421875|88003f|THA401|0|1754|0|||3|3|0|1|1|132|50|["132,210,2,2167","132,50,5"]|636148144664220000|13:47:46:422
62|1.1|636147901646622373|88003f|49671.421875|7.6980356382|102.39812722543|182471|-662446||49671.421875|350||35012.5|350|49671.421875|88003f|THA401|0|1754|0|||3|3|0|1|1|132|50|["132,210,2,2167","132,50,5"]|636148144714220000|13:47:51:422
62|1.1|636147901696537364|88003f|49676.3984375|7.68908780232|102.40163554957|182865|-663436||49676.3984375|350||35050|350|49676.3984375|88003f|THA401|0|1754|0|||3|3|0|1|1|132|50|["132,210,2,2167","132,50,5"]|636148144763980000|13:47:56:398
62|1.1|636147901746462356|88003f|49681.3984375|7.67880959276|102.40550328918|183299|-664574||49681.3984375|350||35075|350|49681.3984375|88003f|THA401|0|1754|0|||3|3|0|1|1|132|50|["132,210,2,2167","132,50,5"]|636148144813980000|13:48:01:398
62|1.1|636147901796387348|88003f|49686.375|7.66766771319|102.4092154609|183717|-665807||49686.375|350||35006.25|350|49686.375|88003f|THA401|0|1754|0|||3|3|0|1|1|132|51|["132,50,5"]|636148144863750000|13:48:06:375
62|1.1|636147901846312340|88003f|49691.375|7.65635953691|102.41315830225|184160|-667060||49691.375|350||34981.25|350|49691.375|88003f|THA401|0|1754|0|||3|3|0|1|1|132|51|["132,50,5"]|636148144913750000|13:48:11:375
62|1.1|636147901896227331|88003f|49696.375|7.64485287746|102.41740155056|184636|-668333||49696.375|350||34981.25|350|49696.375|88003f|THA401|0|1754|0|||3|3|0|1|1|132|51|["132,50,5"]|636148144963750000|13:48:16:375
62|1.1|636147901946142322|88003f|49701.359375|7.63466049846|102.42131220545|185075|-669462||49701.359375|350||35000|350|49701.359375|88003f|THA401|0|1754|0|||3|3|0|1|1|132|51|["132,50,5"]|636148145013590000|13:48:21:359
62|1.1|636147901996067314|88003f|49706.359375|7.62402823784|102.425362335|185530|-670638||49706.359375|350||35012.5|350|49706.359375|88003f|THA401|0|1754|0|||3|3|0|1|1|132|50|["132,50,5"]|636148145063590000|13:48:26:359
62|1.1|636147902045992306|88003f|49711.3359375|7.61346571455|102.42947683747|185991|-671808||49711.3359375|350||35018.75|350|49711.3359375|88003f|THA401|0|1754|0|||3|3|0|1|1|132|50|["132,50,5"]|636148145113360000|13:48:31:336
62|1.1|636147902095917298|88003f|49716.3359375|7.60225409765|102.43354306025|186448|-673049||49716.3359375|350||35025|350|49716.3359375|88003f|THA401|0|1754|0|||3|3|0|1|1|132|50|["132,50,5"]|636148145163360000|13:48:36:336
62|1.1|636147902145832289|88003f|49721.3359375|7.59237285443|102.43670269774|186804|-674143||49721.3359375|350||35012.5|350|49721.3359375|88003f|THA401|0|1754|0|||3|3|0|1|1|132|50|["132,50,5"]|636148145213360000|13:48:41:336
62|1.1|636147902195757281|88003f|49726.3203125|7.5814670089|102.44018419983|187196|-675351||49726.3203125|350||34993.75|350|49726.3203125|88003f|THA401|0|1754|0|||3|3|0|1|1|132|50|["132,50,5"]|636148145263200000|13:48:46:320
62|1.1|636147902245682273|88003f|49731.3203125|7.57080256182|102.44345112552|187564|-676532||49731.3203125|350||35000|350|49731.3203125|88003f|THA401|0|1754|0|||3|3|0|1|1|132|50|["132,50,5"]|636148145313200000|13:48:51:320
62|1.1|636147902295597264|88003f|49736.296875|7.56005228418|102.44699700053|187963|-677722||49736.296875|350||35012.5|350|49736.296875|88003f|THA401|0|1754|0|||3|3|0|1|1|132|50|["132,50,5"]|636148145362970000|13:48:56:297
62|1.1|636147902345522256|88003f|49741.296875|7.54830422628|102.4498776887|188289|-679024||49741.296875|350||34993.75|350|49741.296875|88003f|THA401|0|1754|0|||3|3|0|1|1|132|51|["132,50,5"]|636148145412970000|13:49:01:297
62|1.1|636147902395447248|88003f|49746.296875|7.53656153279|102.45312315675|188655|-680324||49746.296875|350||34975|350|49746.296875|88003f|THA401|0|1754|0|||3|3|0|1|1|132|83|["132,50,5"]|636148145462970000|13:49:06:297
62|1.1|636147902445362239|88003f|49751.28125|7.52533918707|102.45628279424|189012|-681567||49751.28125|350||34975|350|49751.28125|88003f|THA401|0|1754|0|||3|3|0|1|1|132|51|["132,50,5"]|636148145512810000|13:49:11:281
62|1.1|636147902495287231|88003f|49756.28125|7.51401491756|102.45934587235|189358|-682822||49756.28125|350||34987.5|350|49756.28125|88003f|THA401|0|1754|0|||3|3|0|1|1|132|83|["132,50,5"]|636148145562810000|13:49:16:281
62|1.1|636147902545222224|88003f|49761.2578125|7.50354358924|102.46231775549|189693|-683981||49761.2578125|350||35012.5|350|49761.2578125|88003f|THA401|0|1754|0|||3|3|0|1|1|132|51|["132,50,5"]|636148145612580000|13:49:21:258
62|1.1|636147902595137215|88003f|49766.2578125|7.49317954912|102.46514479956|190013|-685130||49766.2578125|350||35037.5|350|49766.2578125|88003f|THA401|0|1754|0|||3|3|0|1|1|132|50|["132,50,5"]|636148145662580000|13:49:26:258
62|1.1|636147902645052206|88003f|49771.2578125|7.48169434731|102.46812741152|190350|-686402||49771.2578125|350||35012.5|350|49771.2578125|88003f|THA401|0|1754|0|||3|3|0|1|1|132|50|["132,50,5"]|636148145712580000|13:49:31:258
62|1.1|636147902694977198|88003f|49776.2421875|7.47025742519|102.47099737087|190675|-687669||49776.2421875|350||35006.25|350|49776.2421875|88003f|THA401|0|1754|0|||3|3|0|1|1|132|51|["132,50,5"]|636148145762420000|13:49:36:242
62|1.1|636147902744892189|88003f|49781.2421875|7.45965735103|102.47362056736|190972|-688844||49781.2421875|350||34987.5|350|49781.2421875|88003f|THA401|0|1754|0|||3|3|0|1|1|132|51|["132,50,5"]|636148145812420000|13:49:41:242
62|1.1|636147902794817181|88003f|49786.21875|7.44790929313|102.47673192516|191324|-690145||49786.21875|350||34975|350|49786.21875|88003f|THA401|0|1754|0|||3|3|0|1|1|132|51|["132,50,5"]|636148145862190000|13:49:46:219
62|1.1|636147902844742173|88003f|49791.21875|7.43758816829|102.47969307948|191658|-691288||49791.21875|350||35006.25|350|49791.21875|88003f|THA401|0|1754|0|||3|3|0|1|1|132|51|["132,50,5"]|636148145912190000|13:49:51:219
62|1.1|636147902894667165|88003f|49796.21875|7.42697736531|102.48264886939|191992|-692463||49796.21875|350||35025|350|49796.21875|88003f|THA401|0|1754|0|||3|3|0|1|1|132|51|["132,50,5"]|636148145962190000|13:49:56:219
62|1.1|636147902944592157|88003f|49801.1953125|7.41524003623|102.48586751539|192355|-693764||49801.1953125|350||35018.75|350|49801.1953125|88003f|THA401|0|1754|0|||3|3|0|1|1|132|50|["132,50,5"]|636148146011950000|13:50:01:195
62|1.1|636147902994507148|88003f|49806.1953125|7.4045487671|102.48859800008|192665|-694948||49806.1953125|350||34993.75|350|49806.1953125|88003f|THA401|0|1754|0|||3|3|0|1|1|132|50|["132,50,5"]|636148146061950000|13:50:06:195
62|1.1|636147903044422139|88003f|49811.1796875|7.39275242951|102.49165571378|193011|-696255||49811.1796875|350||34968.75|350|49811.1796875|88003f|THA401|0|1754|0|||3|3|0|1|1|132|50|["132,50,5"]|636148146111800000|13:50:11:180
62|1.1|636147903094357132|88003f|49816.1796875|7.38125649888|102.49465441897|193350|-697529||49816.1796875|350||34968.75|350|49816.1796875|88003f|THA401|0|1754|0|||3|3|0|1|1|132|50|["132,50,5"]|636148146161800000|13:50:16:180
62|1.1|636147903144272123|88003f|49821.1796875|7.37083345025|102.49743854776|193664|-698683||49821.1796875|350||35012.5|350|49821.1796875|88003f|THA401|0|1754|0|||3|3|0|1|1|132|50|["132,50,5"]|636148146211800000|13:50:21:180
62|1.1|636147903194197115|88003f|49826.15625|7.36051768982|102.5000885663|193964|-699827||49826.15625|350||35031.25|350|49826.15625|88003f|THA401|0|1754|0|||3|3|0|1|1|132|50|["132,50,5"]|636148146261560000|13:50:26:156
62|1.1|636147903244142109|88003f|49831.15625|7.34800252129|102.50299607652|194294|-701213||49831.15625|350||34981.25|350|49831.15625|88003f|THA401|0|1754|0|||3|3|0|1|1|132|50|["132,50,5"]|636148146311560000|13:50:31:156
62|1.1|636147903294037098|88003f|49836.140625|7.33644758215|102.5059357732|194627|-702494||49836.140625|350||34987.5|350|49836.140625|88003f|THA401|0|1754|0|||3|3|0|1|1|132|51|["132,50,5"]|636148146361410000|13:50:36:141
62|1.1|636147903343952089|88003f|49841.140625|7.32513404146|102.50878963932|194950|-703747||49841.140625|350||34993.75|350|49841.140625|88003f|THA401|0|1754|0|||3|3|0|1|1|132|83|["132,50,5"]|636148146411410000|13:50:41:141
62|1.1|636147903393887082|88003f|49846.140625|7.31465734873|102.5115147596|195259|-704908||49846.140625|350||35018.75|350|49846.140625|88003f|THA401|0|1754|0|||3|3|0|1|1|132|51|["132,50,5"]|636148146461410000|13:50:46:141
62|1.1|636147903443802073|88003f|49851.1171875|7.30415919836|102.51421842224|195565|-706071||49851.1171875|350||35031.25|350|49851.1171875|88003f|THA401|0|1754|0|||3|3|0|1|1|132|83|["132,50,5"]|636148146511170000|13:50:51:117
62|1.1|636147903493717064|88003f|49856.1171875|7.29319434432|102.517093746|195890|-707286||49856.1171875|350||35056.25|350|49856.1171875|88003f|THA401|0|1754|0|||3|3|0|1|1|132|50|["132,50,5"]|636148146561170000|13:50:56:117
62|1.1|636147903543642056|88003f|49861.1015625|7.28123707443|102.5199368833|196213|-708611||49861.1015625|350||35006.25|350|49861.1015625|88003f|THA401|0|1754|0|||3|3|0|1|1|132|51|["132,50,5"]|636148146611020000|13:51:01:102
62|1.1|636147903593587050|88003f|49866.1015625|7.27050825443|102.52247424923|196501|-709800||49866.1015625|350||34987.5|350|49866.1015625|88003f|THA401|0|1754|0|||3|3|0|1|1|132|51|["132,50,5"]|636148146661020000|13:51:06:102
62|1.1|636147903643492040|88003f|49871.1015625|7.25961313772|102.52526910684|196817|-711007||49871.1015625|350||34950|350|49871.1015625|88003f|THA401|0|1754|0|||3|3|0|1|1|132|50|["132,50,5"]|636148146711020000|13:51:11:102
62|1.1|636147903693407031|88003f|49876.078125|7.24875020747|102.52811760855|197140|-712210||49876.078125|350||35000|350|49876.078125|88003f|THA401|0|1754|0|||3|3|0|1|1|132|51|["132,50,5"]|636148146760780000|13:51:16:078
62|1.1|636147903740221712|88003f|49880.7578125|7.23847199791|102.53082127119|197446|-713349||49880.7578125|350||35012.5|350|49880.7578125|88003f|THA401|0|1754|0|||3|3|0|1|1|132|50|["132,50,5"]|636148146807580000|13:51:20:758
62|1.1|636147903790146704|88003f|49885.7578125|7.22739985567|102.53376096787|197778|-714576||49885.7578125|350||35018.75|350|49885.7578125|88003f|THA401|0|1754|0|||3|3|0|1|1|132|50|["132,50,5"]|636148146857580000|13:51:25:758
62|1.1|636147903840061695|88003f|49890.7421875|7.21622578964|102.53680795275|198123|-715814||49890.7421875|350||35025|350|49890.7421875|88003f|THA401|0|1754|0|||3|3|0|1|1|132|50|["132,50,5"]|636148146907420000|13:51:30:742
62|1.1|636147903889996688|88003f|49895.7421875|7.20509463889|102.53975837825|198457|-717048||49895.7421875|350||35018.75|350|49895.7421875|88003f|THA401|0|1754|0|||3|3|0|1|1|132|50|["132,50,5"]|636148146957420000|13:51:35:742
62|1.1|636147903939901678|88003f|49900.7421875|7.19384010671|102.54264443083|198784|-718295||49900.7421875|350||34931.25|350|49900.7421875|88003f|THA401|0|1754|0|||3|3|0|1|1|132|50|["132,50,5"]|636148147007420000|13:51:40:742
62|1.1|636147903989826670|88003f|49905.71875|7.18290207472|102.54505841533|199058|-719507||49905.71875|350||35006.25|350|49905.71875|88003f|THA401|0|1754|0|||3|3|0|1|1|132|50|["132,50,5"]|636148147057190000|13:51:45:719
62|1.1|636147904039751662|88003f|49910.71875|7.17084824545|102.54797128996|199389|-720843||49910.71875|350||34975|350|49910.71875|88003f|THA401|0|1754|0|||3|3|0|1|1|132|50|["132,50,5"]|636148147107190000|13:51:50:719
62|1.1|636147904089676654|88003f|49915.6953125|7.15969563706|102.55089489341|199720|-722079||49915.6953125|350||34962.5|350|49915.6953125|88003f|THA401|0|1754|0|||3|3|0|1|1|132|50|["132,50,5"]|636148147156950000|13:51:55:695
62|1.1|636147904139601646|88003f|49920.6953125|7.14854839308|102.55380776804|200050|-723314||49920.6953125|350||34931.25|350|49920.6953125|88003f|THA401|0|1754|0|||3|3|0|1|1|132|83|["132,50,5"]|636148147206950000|13:52:00:695
62|1.1|636147904189516637|88003f|49925.6953125|7.13742260674|102.55672064267|200380|-724547||49925.6953125|350||34906.25|350|49925.6953125|88003f|THA401|0|1754|0|||3|3|0|1|1|132|51|["132,50,5"]|636148147256950000|13:52:05:695
62|1.1|636147904239431628|88003f|49930.6796875|7.12628609158|102.55961742407|200708|-725781||49930.6796875|350||34856.25|350|49930.6796875|88003f|THA401|0|1754|0|||3|3|0|1|1|132|50|["132,50,5"]|636148147306800000|13:52:10:680
62|1.1|636147904289356620|88003f|49935.6796875|7.1151388476|102.56251956988|201037|-727016||49935.6796875|350||34825|350|49935.6796875|88003f|THA401|0|1754|0|||3|3|0|1|1|132|51|["132,50,5"]|636148147356800000|13:52:15:680
62|1.1|636147904339291613|88003f|49940.65625|7.10387895101|102.56543244451|201367|-728264||49940.65625|350||34718.75|350|49940.65625|88003f|THA401|0|1754|0|||3|3|0|1|1|132|51|["132,50,5"]|636148147406560000|13:52:20:656
62|1.1|636147904389226606|88003f|49945.65625|7.09268342734|102.56833459032|201696|-729505||49945.65625|350||34668.75|350|49945.65625|88003f|THA401|0|1754|0|||3|3|0|1|1|132|50|["132,50,5"]|636148147456560000|13:52:25:656
62|1.1|636147904439121595|88003f|49950.65625|7.08163810715|102.57119382085|202020|-730729||49950.65625|350||34731.25|350|49950.65625|88003f|THA401|0|1754|0|||3|3|0|1|1|132|50|["132,50,5"]|636148147506560000|13:52:30:656
62|1.1|636147904489066589|88003f|49955.640625|7.07041576143|102.57400477169|202339|-731972||49955.640625|350||34718.75|350|49955.640625|88003f|THA401|0|1754|0|||3|3|0|1|1|132|50|["132,50,5"]|636148147556410000|13:52:35:641
62|1.1|636147904539001582|88003f|49960.640625|7.05958501764|102.57633829004|202605|-733173||49960.640625|350||35006.25|350.25|49960.640625|88003f|THA401|0|1754|0|||3|3|0|1|1|132|83|["132,50,5"]|636148147606410000|13:52:40:641
62|1.1|636147904588886570|88003f|49965.6171875|7.0485665195|102.57920288498|202929|-734394||49965.6171875|350||35043.75|350.25|49965.6171875|88003f|THA401|0|1754|0|||3|3|0|1|1|132|50|["132,50,5"]|636148147656170000|13:52:45:617
62|1.1|636147904638811562|88003f|49970.6171875|7.03737099583|102.58185826793|203231|-735635||49970.6171875|350||35025|350|49970.6171875|88003f|THA401|0|1754|0|||3|3|0|1|1|132|50|["132,50,5"]|636148147706170000|13:52:50:617
62|1.1|636147904688726553|88003f|49975.6171875|7.02541909035|102.58478187138|203562|-736960||49975.6171875|350||34975|350|49975.6171875|88003f|THA401|0|1754|0|||3|3|0|1|1|132|50|["132,50,5"]|636148147756170000|13:52:55:617
62|1.1|636147904738681548|88003f|49980.6015625|7.01427184637|102.58765183073|203888|-738195||49980.6015625|350||34950|350|49980.6015625|88003f|THA401|0|1754|0|||3|3|0|1|1|132|50|["132,50,5"]|636148147806020000|13:53:00:602
62|1.1|636147904788566536|88003f|49985.6015625|7.00344646699|102.59039304424|204199|-739395||49985.6015625|350||35018.75|350|49985.6015625|88003f|THA401|0|1754|0|||3|3|0|1|1|132|50|["132,50,5"]|636148147856020000|13:53:05:602
62|1.1|636147904838491528|88003f|49990.578125|6.99194517195|102.59318790185|204516|-740670||49990.578125|350||34987.5|350|49990.578125|88003f|THA401|0|1754|0|||3|3|0|1|1|132|51|["132,50,5"]|636148147905780000|13:53:10:578
62|1.1|636147904888416520|88003f|49995.578125|6.98079256356|102.5960578612|204842|-741906||49995.578125|350||34981.25|350|49995.578125|88003f|THA401|0|1754|0|||3|3|0|1|1|132|50|["132,50,5"]|636148147955780000|13:53:15:578
62|1.1|636147904938331511|88003f|50000.578125|6.97006910797|102.59875079502|205147|-743094||50000.578125|350||35018.75|350|50000.578125|88003f|THA401|0|1754|0|||3|3|0|1|1|132|50|["132,50,5"]|636148148005780000|13:53:20:578
62|1.1|636147904988256503|88003f|50005.5625|6.95900233014|102.60157783909|205468|-744321||50005.5625|350||35037.5|350|50005.5625|88003f|THA401|0|1754|0|||3|3|0|1|1|132|50|["132,50,5"]|636148148055630000|13:53:25:563
62|1.1|636147905038181495|88003f|50010.5625|6.94784435734|102.60440488316|205789|-745558||50010.5625|350||35050|350|50010.5625|88003f|THA401|0|1754|0|||3|3|0|1|1|132|50|["132,50,5"]|636148148105630000|13:53:30:563
62|1.1|636147905088106487|88003f|50015.5390625|6.93668638454|102.60721046959|206107|-746794||50015.5390625|350||35056.25|350|50015.5390625|88003f|THA401|0|1754|0|||3|3|0|1|1|132|50|["132,50,5"]|636148148155390000|13:53:35:539
62|1.1|636147905138071483|88003f|50020.5390625|6.92549622528|102.61001605602|206426|-748035||50020.5390625|350||35068.75|350|50020.5390625|88003f|THA401|0|1754|0|||3|3|0|1|1|132|50|["132,50,5"]|636148148205390000|13:53:40:539
62|1.1|636147905187946470|88003f|50025.5390625|6.91415586254|102.61270898984|206732|-749292||50025.5390625|350||34943.75|350|50025.5390625|88003f|THA401|0|1754|0|||3|3|0|1|1|132|50|["132,50,5"]|636148148255390000|13:53:45:539
62|1.1|636147905237861461|88003f|50030.515625|6.90316418645|102.6154233813|207040|-750510||50030.515625|350||34975|350|50030.515625|88003f|THA401|0|1754|0|||3|3|0|1|1|132|50|["132,50,5"]|636148148305160000|13:53:50:516
62|1.1|636147905287786453|88003f|50035.515625|6.89173262874|102.61810022189|207344|-751777||50035.515625|350||34825|350|50035.515625|88003f|THA401|0|1754|0|||3|3|0|1|1|132|50|["132,50,5"]|636148148355160000|13:53:55:516
62|1.1|636147905337711445|88003f|50040.5|6.88061220681|102.62072878279|207643|-753010||50040.5|350||34812.5|350|50040.5|88003f|THA401|0|1754|0|||3|3|0|1|1|132|50|["132,50,5"]|636148148405000000|13:54:00:500
62|1.1|636147905387626436|88003f|50045.5|6.86935767463|102.62337343692|207944|-754258||50045.5|350||34781.25|350|50045.5|88003f|THA401|0|1754|0|||3|3|0|1|1|132|50|["132,50,5"]|636148148455000000|13:54:05:500
62|1.1|636147905437551428|88003f|50050.5|6.85803340512|102.62602345546|208245|-755513||50050.5|350||34737.5|350|50050.5|88003f|THA401|0|1754|0|||3|3|0|1|1|132|50|["132,50,5"]|636148148505000000|13:54:10:500
62|1.1|636147905487486421|88003f|50055.4765625|6.84669304238|102.62863592313|208543|-756770||50055.4765625|350||34687.5|350|50055.4765625|88003f|THA401|0|1754|0|||3|3|0|1|1|132|51|["132,50,5"]|636148148554770000|13:54:15:477
62|1.1|636147905537391411|88003f|50060.4765625|6.83551361194|102.63117865347|208832|-758010||50060.4765625|350||34768.75|350|50060.4765625|88003f|THA401|0|1754|0|||3|3|0|1|1|132|50|["132,50,5"]|636148148604770000|13:54:20:477
62|1.1|636147905587316403|88003f|50065.4609375|6.82429126622|102.63377502791|209127|-759254||50065.4609375|350||34756.25|350|50065.4609375|88003f|THA401|0|1754|0|||3|3|0|1|1|132|50|["132,50,5"]|636148148654610000|13:54:25:461
62|1.1|636147905637241395|88003f|50070.4609375|6.8129616323|102.63638213117|209424|-760510||50070.4609375|350||34737.5|350|50070.4609375|88003f|THA401|0|1754|0|||3|3|0|1|1|132|50|["132,50,5"]|636148148704610000|13:54:30:461
62|1.1|636147905687166387|88003f|50075.4609375|6.8017500154|102.63898387002|209720|-761753||50075.4609375|350||34750|350|50075.4609375|88003f|THA401|0|1754|0|||3|3|0|1|1|132|50|["132,50,5"]|636148148754610000|13:54:35:461
62|1.1|636147905737091379|88003f|50080.4375|6.79036673738|102.64157488005|210015|-763015||50080.4375|350||34712.5|350|50080.4375|88003f|THA401|0|1754|0|||3|3|0|1|1|132|50|["132,50,5"]|636148148804380000|13:54:40:438
62|1.1|636147905787006370|88003f|50085.4375|6.77886544234|102.64416052567|210310|-764290||50085.4375|350||34668.75|350|50085.4375|88003f|THA401|0|1754|0|||3|3|0|1|1|132|50|["132,50,5"]|636148148854380000|13:54:45:438
62|1.1|636147905836921361|88003f|50090.421875|6.76769674072|102.6467515357|210604|-765528||50090.421875|350||34706.25|350|50090.421875|88003f|THA401|0|1754|0|||3|3|0|1|1|132|50|["132,50,5"]|636148148904220000|13:54:50:422
62|1.1|636147905886846353|88003f|50095.421875|6.75660850525|102.64934254573|210899|-766757||50095.421875|350||34775|350|50095.421875|88003f|THA401|0|1754|0|||3|3|0|1|1|132|50|["132,50,5"]|636148148954220000|13:54:55:422
62|1.1|636147905936771345|88003f|50100.421875|6.74522522723|102.65190673371|211191|-768020||50100.421875|350||34756.25|350|50100.421875|88003f|THA401|0|1754|0|||3|3|0|1|1|132|50|["132,50,5"]|636148149004220000|13:55:00:422
62|1.1|636147905986686336|88003f|50105.3984375|6.7339975171|102.65449237933|211485|-769265||50105.3984375|350||34768.75|350|50105.3984375|88003f|THA401|0|1754|0|||3|3|0|1|1|132|50|["132,50,5"]|636148149053980000|13:55:05:398
62|1.1|636147906036631330|88003f|50110.3984375|6.72290391722|102.65708338936|211781|-770495||50110.3984375|350||34831.25|350|50110.3984375|88003f|THA401|0|1754|0|||3|3|0|1|1|132|50|["132,50,5"]|636148149103980000|13:55:10:398
62|1.1|636147906086526319|88003f|50115.375|6.71160110535|102.65965294175|212073|-771748||50115.375|350||34812.5|350|50115.375|88003f|THA401|0|1754|0|||3|3|0|1|1|132|50|["132,50,5"]|636148149153750000|13:55:15:375
62|1.1|636147906136451311|88003f|50120.375|6.70027683584|102.66223322296|212367|-773004||50120.375|350||34793.75|350|50120.375|88003f|THA401|0|1754|0|||3|3|0|1|1|132|50|["132,50,5"]|636148149203750000|13:55:20:375
62|1.1|636147906186386304|88003f|50125.375|6.68888819341|102.66482423299|212662|-774266||50125.375|350||34768.75|350|50125.375|88003f|THA401|0|1754|0|||3|3|0|1|1|132|50|["132,50,5"]|636148149253750000|13:55:25:375
62|1.1|636147906236301295|88003f|50130.359375|6.67770339856|102.66740987861|212957|-775507||50130.359375|350||34793.75|350|50130.359375|88003f|THA401|0|1754|0|||3|3|0|1|1|132|50|["132,50,5"]|636148149303590000|13:55:30:359
62|1.1|636147906286226287|88003f|50135.359375|6.6664595952|102.67001698187|213253|-776753||50135.359375|350||34812.5|350|50135.359375|88003f|THA401|0|1754|0|||3|3|0|1|1|132|83|["132,50,5"]|636148149353590000|13:55:35:359
62|1.1|636147906336141278|88003f|50140.3359375|6.65531235122|102.67259189867|213546|-777989||50140.3359375|350||34843.75|350|50140.3359375|88003f|THA401|0|1754|0|||3|3|0|1|1|132|51|["132,50,5"]|636148149403360000|13:55:40:336
62|1.1|636147906386066270|88003f|50145.3359375|6.64401490376|102.67516681547|213840|-779242||50145.3359375|350||34868.75|350|50145.3359375|88003f|THA401|0|1754|0|||3|3|0|1|1|132|50|["132,50,5"]|636148149453360000|13:55:45:336
62|1.1|636147906435981261|88003f|50150.3359375|6.63281401568|102.6777578255|214135|-780484||50150.3359375|350||34881.25|350|50150.3359375|88003f|THA401|0|1754|0|||3|3|0|1|1|132|50|["132,50,5"]|636148149503360000|13:55:50:336
62|1.1|636147906485906253|88003f|50155.3203125|6.62149511058|102.68035419994|214431|-781739||50155.3203125|350||34850|350|50155.3203125|88003f|THA401|0|1754|0|||3|3|0|1|1|132|50|["132,50,5"]|636148149553200000|13:55:55:320
62|1.1|636147906535841246|88003f|50160.3203125|6.61012256138|102.68294520997|214726|-783000||50160.3203125|350||34818.75|350|50160.3203125|88003f|THA401|0|1754|0|||3|3|0|1|1|132|50|["132,50,5"]|636148149603200000|13:56:00:320
62|1.1|636147906585756237|88003f|50165.296875|6.59909869883|102.68555767764|215024|-784222||50165.296875|350||34887.5|350|50165.296875|88003f|THA401|0|1754|0|||3|3|0|1|1|132|50|["132,50,5"]|636148149652970000|13:56:05:297
62|1.1|636147906635671228|88003f|50170.296875|6.58795145485|102.68817014531|215321|-785458||50170.296875|350||34906.25|350|50170.296875|88003f|THA401|0|1754|0|||3|3|0|1|1|132|50|["132,50,5"]|636148149702970000|13:56:10:297
62|1.1|636147906685596220|88003f|50175.296875|6.57686321938|102.69079870621|215620|-786688||50175.296875|350||34943.75|350|50175.296875|88003f|THA401|0|1754|0|||3|3|0|1|1|132|50|["132,50,5"]|636148149752970000|13:56:15:297
62|1.1|636147906735521212|88003f|50180.28125|6.56575352627|102.6934219027|215919|-787920||50180.28125|350||34950|350|50180.28125|88003f|THA401|0|1754|0|||3|3|0|1|1|132|83|["132,50,5"]|636148149802810000|13:56:20:281
62|1.1|636147906785436203|88003f|50185.28125|6.55462237552|102.69605582801|216219|-789154||50185.28125|350||34956.25|350|50185.28125|88003f|THA401|0|1754|0|||3|3|0|1|1|132|83|["132,50,5"]|636148149852810000|13:56:25:281
62|1.1|636147906835381197|88003f|50190.2578125|6.54312108048|102.69864683804|216514|-790430||50190.2578125|350||34818.75|350|50190.2578125|88003f|THA401|0|1754|0|||3|3|0|1|1|132|50|["132,50,5"]|636148149902580000|13:56:30:258
62|1.1|636147906885286187|88003f|50195.2578125|6.53245126899|102.70102863608|216786|-791613||50195.2578125|350||35037.5|350|50195.2578125|88003f|THA401|0|1754|0|||3|3|0|1|1|132|83|["132,50,5"]|636148149952580000|13:56:35:258
62|1.1|636147906935201178|88003f|50200.2578125|6.52137376234|102.70365183257|217085|-792842||50200.2578125|350||35087.5|350.25|50200.2578125|88003f|THA401|0|1754|0|||3|3|0|1|1|132|50|["132,50,5"]|636148150002580000|13:56:40:258
62|1.1|636147906985126170|88003f|50205.2421875|6.50985637407|102.70626430024|217382|-794119||50205.2421875|350||35000|350|50205.2421875|88003f|THA401|0|1754|0|||3|3|0|1|1|132|51|["132,50,5"]|636148150052420000|13:56:45:242
62|1.1|636147907035051162|88003f|50210.2421875|6.49873058773|102.70888749673|217681|-795353||50210.2421875|350||34993.75|350|50210.2421875|88003f|THA401|0|1754|0|||3|3|0|1|1|132|50|["132,50,5"]|636148150102420000|13:56:50:242
62|1.1|636147907084966153|88003f|50215.21875|6.48757261493|102.71152142204|217981|-796590||50215.21875|350||34987.5|350|50215.21875|88003f|THA401|0|1754|0|||3|3|0|1|1|132|50|["132,50,5"]|636148150152190000|13:56:55:219
62|1.1|636147907134891145|88003f|50220.21875|6.47638782008|102.71417144058|218283|-797830||50220.21875|350||34975|350|50220.21875|88003f|THA401|0|1754|0|||3|3|0|1|1|132|50|["132,50,5"]|636148150202190000|13:57:00:219
62|1.1|636147907184816137|88003f|50225.21875|6.46440909255|102.7169180185|218596|-799159||50225.21875|350||35031.25|350|50225.21875|88003f|THA401|0|1754|0|||3|3|0|1|1|132|51|["132,50,5"]|636148150252190000|13:57:05:219
62|1.1|636147907234741129|88003f|50230.1953125|6.45432936616|102.71931590977|218869|-800277||50230.1953125|350||35037.5|350|50230.1953125|88003f|THA401|0|1754|0|||3|3|0|1|1|132|50|["132,50,5"]|636148150301950000|13:57:10:195
62|1.1|636147907284646119|88003f|50235.1953125|6.44316066454|102.7219605639|219170|-801515||50235.1953125|350||35050|350|50235.1953125|88003f|THA401|0|1754|0|||3|3|0|1|1|132|50|["132,50,5"]|636148150351950000|13:57:15:195
62|1.1|636147907334571111|88003f|50240.1796875|6.43201878497|102.72461058244|219472|-802751||50240.1796875|350||35037.5|350|50240.1796875|88003f|THA401|0|1754|0|||3|3|0|1|1|132|50|["132,50,5"]|636148150401800000|13:57:20:180
62|1.1|636147907384496103|88003f|50245.1796875|6.42083935453|102.72726596539|219775|-803991||50245.1796875|350||35012.5|350|50245.1796875|88003f|THA401|0|1754|0|||3|3|0|1|1|132|83|["132,50,5"]|636148150451800000|13:57:25:180
62|1.1|636147907434411094|88003f|50250.1796875|6.40960627999|102.72993744157|220079|-805237||50250.1796875|350||34950|350|50250.1796875|88003f|THA401|0|1754|0|||3|3|0|1|1|132|83|["132,50,5"]|636148150501800000|13:57:30:180
62|1.1|636147907484336086|88003f|50255.15625|6.39834101899|102.73259818893|220383|-806486||50255.15625|350||34825|350|50255.15625|88003f|THA401|0|1754|0|||3|3|0|1|1|132|51|["132,50,5"]|636148150551560000|13:57:35:156
62|1.1|636147907534261078|88003f|50260.15625|6.38715085973|102.7350497243|220663|-807727||50260.15625|350||34993.75|350|50260.15625|88003f|THA401|0|1754|0|||3|3|0|1|1|132|51|["132,50,5"]|636148150601560000|13:57:40:156
62|1.1|636147907584186070|88003f|50265.140625|6.37534379332|102.73765146315|220960|-809037||50265.140625|350||34968.75|350|50265.140625|88003f|THA401|0|1754|0|||3|3|0|1|1|132|51|["132,50,5"]|636148150651410000|13:57:45:141
62|1.1|636147907634101061|88003f|50270.140625|6.36416436288|102.74029611728|221261|-810277||50270.140625|350||34950|350|50270.140625|88003f|THA401|0|1754|0|||3|3|0|1|1|132|50|["132,50,5"]|636148150701410000|13:57:50:141
62|1.1|636147907684026053|88003f|50275.140625|6.35246994908|102.74295686464|221564|-811574||50275.140625|350||34943.75|350|50275.140625|88003f|THA401|0|1754|0|||3|3|0|1|1|132|51|["132,50,5"]|636148150751410000|13:57:55:141
62|1.1|636147907733941044|88003f|50280.1171875|6.34009425521|102.74589119691|221899|-812947||50280.1171875|350||35012.5|350|50280.1171875|88003f|THA401|0|1754|0|||3|3|0|1|1|132|51|["132,50,5"]|636148150801170000|13:58:00:117
62|1.1|636147907783866036|88003f|50285.1171875|6.33062070715|102.74813352029|222154|-813997||50285.1171875|350||35031.25|350|50285.1171875|88003f|THA401|0|1754|0|||3|3|0|1|1|132|50|["132,50,5"]|636148150851170000|13:58:05:117
62|1.1|636147907833791028|88003f|50290.1015625|6.31887801366|102.75089619144|222470|-815300||50290.1015625|350||34987.5|350|50290.1015625|88003f|THA401|0|1754|0|||3|3|0|1|1|132|50|["132,50,5"]|636148150901020000|13:58:10:102
62|1.1|636147907883716020|88003f|50295.1015625|6.30782196465|102.75379297284|222799|-816526||50295.1015625|350||34975|350|50295.1015625|88003f|THA401|0|1754|0|||3|3|0|1|1|132|50|["132,50,5"]|636148150951020000|13:58:15:102
62|1.1|636147907933641012|88003f|50300.1015625|6.29681955974|102.75679167803|223140|-817746||50300.1015625|350||34962.5|350|50300.1015625|88003f|THA401|0|1754|0|||3|3|0|1|1|132|50|["132,50,5"]|636148151001020000|13:58:20:102
62|1.1|636147907983556003|88003f|50305.078125|6.28589762098|102.75994595111|223498|-818957||50305.078125|350||34943.75|350|50305.078125|88003f|THA401|0|1754|0|||3|3|0|1|1|132|50|["132,50,5"]|636148151050780000|13:58:25:078
62|1.1|636147908033470994|88003f|50310.078125|6.27494886017|102.76325579208|223873|-820171||50310.078125|350||34925|350|50310.078125|88003f|THA401|0|1754|0|||3|3|0|1|1|132|50|["132,50,5"]|636148151100780000|13:58:30:078
62|1.1|636147908083395986|88003f|50315.0625|6.26365141271|102.76733274368|224334|-821423||50315.0625|350||34812.5|350|50315.0625|88003f|THA401|0|1754|0|||3|3|0|1|1|132|50|["132,50,5"]|636148151150630000|13:58:35:063
62|1.1|636147908133320978|88003f|50320.0625|6.25201600742|102.77075523726|224722|-822713||50320.0625|350||34968.75|350|50320.0625|88003f|THA401|0|1754|0|||3|3|0|1|1|132|50|["132,50,5"]|636148151200630000|13:58:40:063
62|1.1|636147908183235969|88003f|50325.0625|6.24070246673|102.7741026291|225102|-823968||50325.0625|350||34981.25|350|50325.0625|88003f|THA401|0|1754|0|||3|3|0|1|1|132|50|["132,50,5"]|636148151250630000|13:58:45:063
62|1.1|636147908233160961|88003f|50330.0390625|6.22913143436|102.77750366504|225488|-825251||50330.0390625|350||35031.25|350.25|50330.0390625|88003f|THA401|0|1754|0|||3|3|0|1|1|132|51|["132,50,5"]|636148151300390000|13:58:50:039
62|1.1|636147908283085953|88003f|50335.0390625|6.21958278456|102.78028779383|225804|-826310||50335.0390625|350||35006.25|350|50335.0390625|88003f|THA401|0|1754|0|||3|3|0|1|1|132|51|["132,50,5"]|636148151350390000|13:58:55:039
62|1.1|636147908333000944|88003f|50340.015625|6.20897198158|102.78341524486|226159|-827486||50340.015625|350||35018.75|350|50340.015625|88003f|THA401|0|1754|0|||3|3|0|1|1|132|51|["132,50,5"]|636148151400160000|13:59:00:016
62|1.1|636147908382775921|88003f|50345.015625|6.19813050897|102.78668217055|226530|-828689||50345.015625|350||35031.25|350|50345.015625|88003f|THA401|0|1754|0|||3|3|0|1|1|132|50|["132,50,5"]|636148151450160000|13:59:05:016
62|1.1|636147908432850928|88003f|50350.015625|6.18639317989|102.78997591829|226904|-829990||50350.015625|350||34975|350|50350.015625|88003f|THA401|0|1754|0|||3|3|0|1|1|132|50|["132,50,5"]|636148151500160000|13:59:10:016
62|1.1|636147908482765919|88003f|50355|6.17543369026|102.7933072169|227282|-831206||50355|350||34956.25|350|50355|88003f|THA401|0|1754|0|||3|3|0|1|1|132|50|["132,50,5"]|636148151550000000|13:59:15:000
62|1.1|636147908532550897|88003f|50360|6.16484970933|102.7963112865|227623|-832379||50360|350||35012.5|350|50360|88003f|THA401|0|1754|0|||3|3|0|1|1|132|50|["132,50,5"]|636148151600000000|13:59:20:000
62|1.1|636147908582465888|88003f|50364.9765625|6.15398677908|102.79960503424|227997|-833584||50364.9765625|350||35018.75|350|50364.9765625|88003f|THA401|0|1754|0|||3|3|0|1|1|132|50|["132,50,5"]|636148151649770000|13:59:24:977
62|1.1|636147908632550896|88003f|50369.9765625|6.14304874709|102.8026412903|228342|-834797||50369.9765625|350||35012.5|350|50369.9765625|88003f|THA401|0|1754|0|||3|3|0|1|1|132|51|["132,50,5"]|636148151699770000|13:59:29:977
62|1.1|636147908682305871|88003f|50374.9765625|6.13201415572|102.80578483456|228699|-836021||50374.9765625|350||35006.25|350|50374.9765625|88003f|THA401|0|1754|0|||3|3|0|1|1|132|51|["132,50,5"]|636148151749770000|13:59:34:977
62|1.1|636147908732380878|88003f|50379.9609375|6.12031974192|102.80912686199|229079|-837318||50379.9609375|350||34968.75|350|50379.9609375|88003f|THA401|0|1754|0|||3|3|0|1|1|132|51|["132,50,5"]|636148151799610000|13:59:39:961
62|1.1|636147908782305870|88003f|50384.9609375|6.10879698924|102.8124581606|229457|-838596||50384.9609375|350||34943.75|350|50384.9609375|88003f|THA401|0|1754|0|||3|3|0|1|1|132|51|["132,50,5"]|636148151849610000|13:59:44:961
62|1.1|636147908832240863|88003f|50389.9375|6.09750490619|102.8157304507|229829|-839848||50389.9375|350||34943.75|350|50389.9375|88003f|THA401|0|1754|0|||3|3|0|1|1|132|51|["132,50,5"]|636148151899380000|13:59:49:938
62|1.1|636147908881995838|88003f|50394.9375|6.08692628967|102.81889008819|230188|-841021||50394.9375|350||35006.25|350|50394.9375|88003f|THA401|0|1754|0|||3|3|0|1|1|132|50|["132,50,5"]|636148151949380000|13:59:54:938
62|1.1|636147908931920830|88003f|50399.9375|6.07626184259|102.82202290363|230543|-842204||50399.9375|350||35025|350|50399.9375|88003f|THA401|0|1754|0|||3|3|0|1|1|132|50|["132,50,5"]|636148151999380000|13:59:59:938
62|1.1|636147908981845822|88003f|50404.921875|6.06343017387|102.82563315156|230954|-843627||50404.921875|350||35018.75|350|50404.921875|88003f|THA401|0|1754|0|||3|3|0|1|1|132|51|["132,50,5"]|636148152049220000|14:00:04:922
62|1.1|636147909031760813|88003f|50409.921875|6.0539512614|102.82834754302|231262|-844679||50409.921875|350||34987.5|350|50409.921875|88003f|THA401|0|1754|0|||3|3|0|1|1|132|51|["132,50,5"]|636148152099220000|14:00:09:922
62|1.1|636147909081685805|88003f|50414.8984375|6.04247678841|102.83165201958|231638|-845951||50414.8984375|350||34962.5|350|50414.8984375|88003f|THA401|0|1754|0|||3|3|0|1|1|132|51|["132,50,5"]|636148152148980000|14:00:14:898
62|1.1|636147909131600796|88003f|50419.8984375|6.03190890071|102.83475801297|231991|-847123||50419.8984375|350||35000|350|50419.8984375|88003f|THA401|0|1754|0|||3|3|0|1|1|132|51|["132,50,5"]|636148152198980000|14:00:19:898
62|1.1|636147909181525788|88003f|50424.8984375|6.02105133487|102.83803566748|232363|-848328||50424.8984375|350||35000|350|50424.8984375|88003f|THA401|0|1754|0|||3|3|0|1|1|132|50|["132,50,5"]|636148152248980000|14:00:24:898
62|1.1|636147909231460781|88003f|50429.875|6.01018840462|102.84132941522|232737|-849532||50429.875|350||35006.25|350|50429.875|88003f|THA401|0|1754|0|||3|3|0|1|1|132|50|["132,50,5"]|636148152298750000|14:00:29:875
62|1.1|636147909281365771|88003f|50434.875|5.99926646586|102.84465534942|233115|-850743||50434.875|350||35006.25|350|50434.875|88003f|THA401|0|1754|0|||3|3|0|1|1|132|50|["132,50,5"]|636148152348750000|14:00:34:875
62|1.1|636147909331290763|88003f|50439.859375|5.98836598474|102.84799737685|233494|-851952||50439.859375|350||35000|350|50439.859375|88003f|THA401|0|1754|0|||3|3|0|1|1|132|50|["132,50,5"]|636148152398590000|14:00:39:859
62|1.1|636147909381215755|88003f|50444.859375|5.9772938425|102.85143059925|233884|-853180||50444.859375|350||34918.75|350|50444.859375|88003f|THA401|0|1754|0|||3|3|0|1|1|132|50|["132,50,5"]|636148152448590000|14:00:44:859
62|1.1|636147909431130746|88003f|50449.859375|5.96636117492|102.85488527929|234276|-854393||50449.859375|350||34893.75|350|50449.859375|88003f|THA401|0|1754|0|||3|3|0|1|1|132|50|["132,50,5"]|636148152498590000|14:00:49:859
62|1.1|636147909481045737|88003f|50454.8359375|5.9552997615|102.85827558641|234661|-855619||50454.8359375|350||34825|350|50454.8359375|88003f|THA401|0|1754|0|||3|3|0|1|1|132|50|["132,50,5"]|636148152548360000|14:00:54:836
62|1.1|636147909530970729|88003f|50459.8359375|5.94259683862|102.86093633377|234966|-857029||50459.8359375|350||34956.25|350|50459.8359375|88003f|THA401|0|1754|0|||3|3|0|1|1|132|51|["132,50,5"]|636148152598360000|14:00:59:836
62|1.1|636147909580895721|88003f|50464.8203125|5.93216306117|102.86385457281|235298|-858187||50464.8203125|350||35018.75|350|50464.8203125|88003f|THA401|0|1754|0|||3|3|0|1|1|132|51|["132,50,5"]|636148152648200000|14:01:04:820
62|1.1|636147909630820713|88003f|50469.8203125|5.92147715645|102.86688546446|235643|-859372||50469.8203125|350||35043.75|350.25|50469.8203125|88003f|THA401|0|1754|0|||3|3|0|1|1|132|51|["132,50,5"]|636148152698200000|14:01:09:820
62|1.1|636147909680745705|88003f|50474.8203125|5.91059813297|102.87017384779|236016|-860579||50474.8203125|350||35081.25|350.25|50474.8203125|88003f|THA401|0|1754|0|||3|3|0|1|1|132|50|["132,50,5"]|636148152748200000|14:01:14:820
62|1.1|636147909730660696|88003f|50479.796875|5.89969228744|102.87348368876|236392|-861789||50479.796875|350||35106.25|350.25|50479.796875|88003f|THA401|0|1754|0|||3|3|0|1|1|132|50|["132,50,5"]|636148152797970000|14:01:19:797
62|1.1|636147909780585688|88003f|50484.796875|5.88855040787|102.87690081793|236780|-863024||50484.796875|350||35106.25|350|50484.796875|88003f|THA401|0|1754|0|||3|3|0|1|1|132|50|["132,50,5"]|636148152847970000|14:01:24:797
62|1.1|636147909830500679|88003f|50489.78125|5.87743535035|102.88023211654|237159|-864257||50489.78125|350||34987.5|350|50489.78125|88003f|THA401|0|1754|0|||3|3|0|1|1|132|50|["132,50,5"]|636148152897810000|14:01:29:781
62|1.1|636147909880425671|88003f|50494.78125|5.86637930134|102.88360633043|237542|-865484||50494.78125|350||34906.25|350|50494.78125|88003f|THA401|0|1754|0|||3|3|0|1|1|132|50|["132,50,5"]|636148152947810000|14:01:34:781
62|1.1|636147909930340662|88003f|50499.78125|5.85537689643|102.88697517991|237925|-866704||50499.78125|350||34862.5|350|50499.78125|88003f|THA401|0|1754|0|||3|3|0|1|1|132|50|["132,50,5"]|636148152997810000|14:01:39:781
62|1.1|636147909980265654|88003f|50504.7578125|5.84319968573|102.88965738491|238232|-868056||50504.7578125|350||34950|350|50504.7578125|88003f|THA401|0|1754|0|||3|3|0|1|1|132|50|["132,50,5"]|636148153047580000|14:01:44:758
62|1.1|636147910030190646|88003f|50509.7578125|5.83255133188|102.89250052221|238556|-869237||50509.7578125|350||35012.5|350|50509.7578125|88003f|THA401|0|1754|0|||3|3|0|1|1|132|50|["132,50,5"]|636148153097580000|14:01:49:758
62|1.1|636147910080115638|88003f|50514.7421875|5.82164012194|102.89586400728|238938|-870447||50514.7421875|350||35031.25|350|50514.7421875|88003f|THA401|0|1754|0|||3|3|0|1|1|132|50|["132,50,5"]|636148153147420000|14:01:54:742
62|1.1|636147910130040630|88003f|50519.7421875|5.81066453908|102.8992543144|239323|-871665||50519.7421875|350||35037.5|350|50519.7421875|88003f|THA401|0|1754|0|||3|3|0|1|1|132|50|["132,50,5"]|636148153197420000|14:01:59:742
62|1.1|636147910179955621|88003f|50524.7421875|5.79971577827|102.90265535034|239710|-872879||50524.7421875|350||35031.25|350|50524.7421875|88003f|THA401|0|1754|0|||3|3|0|1|1|132|50|["132,50,5"]|636148153247420000|14:02:04:742
62|1.1|636147910229870612|88003f|50529.71875|5.78874019541|102.90605638628|240096|-874097||50529.71875|350||34975|350|50529.71875|88003f|THA401|0|1754|0|||3|3|0|1|1|132|50|["132,50,5"]|636148153297190000|14:02:09:719
62|1.1|636147910279795604|88003f|50534.71875|5.77760904466|102.90947351545|240484|-875332||50534.71875|350||34843.75|350|50534.71875|88003f|THA401|0|1754|0|||3|3|0|1|1|132|50|["132,50,5"]|636148153347190000|14:02:14:719
62|1.1|636147910329720596|88003f|50539.6953125|5.76662273298|102.91287455139|240871|-876550||50539.6953125|350||34787.5|347.75|50539.6953125|88003f|THA401|0|1754|0|||3|3|0|1|1|132|50|["132,50,5"]|636148153396950000|14:02:19:695
62|1.1|636147910379635587|88003f|50544.6953125|5.75554522633|102.91624876528|241254|-877779||50544.6953125|350||34731.25|347.75|50544.6953125|88003f|THA401|0|1754|0|||3|3|0|1|1|132|50|["132,50,5"]|636148153446950000|14:02:24:695
62|1.1|636147910429560579|88003f|50549.6953125|5.74455355024|102.91964443681|241640|-878998||50549.6953125|350||34725|347.75|50549.6953125|88003f|THA401|0|1754|0|||3|3|0|1|1|132|50|["132,50,5"]|636148153496950000|14:02:29:695
62|1.1|636147910479495572|88003f|50554.6796875|5.73341703508|102.92289526927|242010|-880234||50554.6796875|350||34668.75|347.75|50554.6796875|88003f|THA401|0|1754|0|||3|3|0|1|1|132|50|["132,50,5"]|636148153546800000|14:02:34:680
62|1.1|636147910529400562|88003f|50559.6796875|5.72250046073|102.9262909408|242396|-881445||50559.6796875|350||34712.5|347.75|50559.6796875|88003f|THA401|0|1754|0|||3|3|0|1|1|132|50|["132,50,5"]|636148153596800000|14:02:39:680
62|1.1|636147910579325554|88003f|50564.65625|5.71165362371|102.9296705191|242780|-882648||50564.65625|350||34762.5|347.75|50564.65625|88003f|THA401|0|1754|0|||3|3|0|1|1|132|50|["132,50,5"]|636148153646560000|14:02:44:656
62|1.1|636147910629250546|88003f|50569.65625|5.7004902865|102.93301254653|243160|-883887||50569.65625|350||34787.5|347.75|50569.65625|88003f|THA401|0|1754|0|||3|3|0|1|1|132|50|["132,50,5"]|636148153696560000|14:02:49:656
62|1.1|636147910679175538|88003f|50574.65625|5.68942350867|102.93630092986|243534|-885115||50574.65625|350||34787.5|347.75|50574.65625|88003f|THA401|0|1754|0|||3|3|0|1|1|132|50|["132,50,5"]|636148153746560000|14:02:54:656
62|1.1|636147910729090529|88003f|50579.640625|5.6783352732|102.93952494027|243901|-886345||50579.640625|350||34781.25|347.75|50579.640625|88003f|THA401|0|1754|0|||3|3|0|1|1|132|50|["132,50,5"]|636148153796410000|14:02:59:641
62|1.1|636147910779015521|88003f|50584.640625|5.66702709692|102.94267384894|244260|-887600||50584.640625|350||34731.25|350|50584.640625|88003f|THA401|0|1754|0|||3|3|0|1|1|132|50|["132,50,5"]|636148153846410000|14:03:04:641
62|1.1|636147910828940513|88003f|50589.6171875|5.65598177673|102.9459246814|244630|-888825||50589.6171875|350||34737.5|350|50589.6171875|88003f|THA401|0|1754|0|||3|3|0|1|1|132|50|["132,50,5"]|636148153896170000|14:03:09:617
62|1.1|636147910878855504|88003f|50594.6171875|5.64473260896|102.94760910614|244825|-890075||50594.6171875|350||35050|350|50594.6171875|88003f|THA401|0|1754|0|||3|3|0|1|1|132|50|["132,50,5"]|636148153946170000|14:03:14:617
62|1.1|636147910928780496|88003f|50599.6171875|5.63359072939|102.94999090418|245099|-891311||50599.6171875|350||35056.25|350|50599.6171875|88003f|THA401|0|1754|0|||3|3|0|1|1|132|50|["132,50,5"]|636148153996170000|14:03:19:617
62|1.1|636147910978705488|88003f|50604.6015625|5.62263123976|102.95267310918|245406|-892528||50604.6015625|350||35056.25|350|50604.6015625|88003f|THA401|0|1754|0|||3|3|0|1|1|132|50|["132,50,5"]|636148154046020000|14:03:24:602
62|1.1|636147911028620479|88003f|50609.6015625|5.61124259733|102.95614924686|245801|-893791||50609.6015625|350||35018.75|350|50609.6015625|88003f|THA401|0|1754|0|||3|3|0|1|1|132|51|["132,50,5"]|636148154096020000|14:03:29:602
62|1.1|636147911078555472|88003f|50614.578125|5.6006049723|102.95920696056|246149|-894972||50614.578125|350||35006.25|350|50614.578125|88003f|THA401|0|1754|0|||3|3|0|1|1|132|51|["132,50,5"]|636148154145780000|14:03:34:578
62|1.1|636147911128470463|88003f|50619.578125|5.58894274496|102.96250607271|246525|-896266||50619.578125|350||34943.75|350|50619.578125|88003f|THA401|0|1754|0|||3|3|0|1|1|132|51|["132,50,5"]|636148154195780000|14:03:39:578
62|1.1|636147911178395455|88003f|50624.578125|5.57801544179|102.96563352374|246881|-897479||50624.578125|350||34987.5|350|50624.578125|88003f|THA401|0|1754|0|||3|3|0|1|1|132|51|["132,50,5"]|636148154245780000|14:03:44:578
62|1.1|636147911228310446|88003f|50629.5625|5.56709350303|102.96879316123|247241|-898691||50629.5625|350||34981.25|350|50629.5625|88003f|THA401|0|1754|0|||3|3|0|1|1|132|50|["132,50,5"]|636148154295630000|14:03:49:563
62|1.1|636147911278235438|88003f|50634.5625|5.55603745402|102.97193670549|247599|-899918||50634.5625|349.75||34981.25|350|50634.5625|88003f|THA401|0|1754|0|||3|3|0|1|1|132|51|["132,50,5"]|636148154345630000|14:03:54:563
62|1.1|636147911328150429|88003f|50639.5390625|5.54502432029|102.97504269888|247953|-901140||50639.5390625|349.75||34975|349.75|50639.5390625|88003f|THA401|0|1754|0|||3|3|0|1|1|132|51|["132,50,5"]|636148154395390000|14:03:59:539
62|1.1|636147911378075421|88003f|50644.5390625|5.5340862883|102.97815942109|248308|-902354||50644.5390625|350||35006.25|350|50644.5390625|88003f|THA401|0|1754|0|||3|3|0|1|1|132|51|["132,50,5"]|636148154445390000|14:04:04:539
62|1.1|636147911428000413|88003f|50649.5390625|5.52246161183|102.98142098237|248680|-903644||50649.5390625|350||34962.5|350|50649.5390625|88003f|THA401|0|1754|0|||3|3|0|1|1|132|51|["132,50,5"]|636148154495390000|14:04:09:539
62|1.1|636147911477915404|88003f|50654.515625|5.51039168933|102.98486493359|249073|-904984||50654.515625|350||34962.5|350|50654.515625|88003f|THA401|0|1754|0|||3|3|0|1|1|132|50|["132,50,5"]|636148154545160000|14:04:14:516
62|1.1|636147911527840396|88003f|50659.515625|5.49892258075|102.98816941015|249449|-906256||50659.515625|350||34975|350|50659.515625|88003f|THA401|0|1754|0|||3|3|0|1|1|132|50|["132,50,5"]|636148154595160000|14:04:19:516
62|1.1|636147911577765388|88003f|50664.5|5.48776460795|102.99138805615|249816|-907495||50664.5|350||34993.75|350|50664.5|88003f|THA401|0|1754|0|||3|3|0|1|1|132|50|["132,50,5"]|636148154645000000|14:04:24:500
62|1.1|636147911627680379|88003f|50669.5|5.4766334572|102.99456378687|250178|-908730||50669.5|350||34993.75|350|50669.5|88003f|THA401|0|1754|0|||3|3|0|1|1|132|50|["132,50,5"]|636148154695000000|14:04:29:500
62|1.1|636147911677605371|88003f|50674.5|5.46714381591|102.99750348355|250512|-909783||50674.5|350||35031.25|350|50674.5|88003f|THA401|0|1754|0|||3|3|0|1|1|132|51|["132,50,5"]|636148154745000000|14:04:34:500
62|1.1|636147911727520362|88003f|50679.4765625|5.45594829224|103.00065239222|250871|-911026||50679.4765625|350||35006.25|350|50679.4765625|88003f|THA401|0|1754|0|||3|3|0|1|1|132|51|["132,50,5"]|636148154794770000|14:04:39:477
62|1.1|636147911777445354|88003f|50684.4765625|5.44499953143|103.00376375002|251226|-912241||50684.4765625|350||35012.5|350|50684.4765625|88003f|THA401|0|1754|0|||3|3|0|1|1|132|50|["132,50,5"]|636148154844770000|14:04:44:477
62|1.1|636147911827370346|88003f|50689.4609375|5.43469986423|103.00678927726|251571|-913384||50689.4609375|350||35025|350|50689.4609375|88003f|THA401|0|1754|0|||3|3|0|1|1|132|50|["132,50,5"]|636148154894610000|14:04:49:461
62|1.1|636147911877295338|88003f|50694.4609375|5.42380474752|103.00985235537|251920|-914593||50694.4609375|350||35037.5|350|50694.4609375|88003f|THA401|0|1754|0|||3|3|0|1|1|132|50|["132,50,5"]|636148154944610000|14:04:54:461
62|1.1|636147911927210329|88003f|50699.4609375|5.41313493603|103.01295834876|252274|-915777||50699.4609375|350||35018.75|350|50699.4609375|88003f|THA401|0|1754|0|||3|3|0|1|1|132|50|["132,50,5"]|636148154994610000|14:04:59:461
62|1.1|636147911977135321|88003f|50704.4375|5.40048029284|103.01650422377|252678|-917182||50704.4375|350||34987.5|350|50704.4375|88003f|THA401|0|1754|0|||3|3|0|1|1|132|51|["132,50,5"]|636148155044380000|14:05:04:438
62|1.1|636147912027060313|88003f|50709.4375|5.390159168|103.01956193747|253027|-918328||50709.4375|350||35006.25|350|50709.4375|88003f|THA401|0|1754|0|||3|3|0|1|1|132|51|["132,50,5"]|636148155094380000|14:05:09:438
62|1.1|636147912076975304|88003f|50714.421875|5.37983267875|103.02260355794|253373|-919474||50714.421875|350||35012.5|350|50714.421875|88003f|THA401|0|1754|0|||3|3|0|1|1|132|51|["132,50,5"]|636148155144220000|14:05:14:422
62|1.1|636147912126900296|88003f|50719.421875|5.36915750285|103.02566663605|253723|-920659||50719.421875|350||35025|350|50719.421875|88003f|THA401|0|1754|0|||3|3|0|1|1|132|51|["132,50,5"]|636148155194220000|14:05:19:422
62|1.1|636147912176825288|88003f|50724.421875|5.35740944495|103.0289121041|254093|-921963||50724.421875|350||34968.75|350|50724.421875|88003f|THA401|0|1754|0|||3|3|0|1|1|132|51|["132,50,5"]|636148155244220000|14:05:24:422
62|1.1|636147912226750280|88003f|50729.3984375|5.34526978512|103.03237751296|254488|-923310||50729.3984375|349.75||34950|350|50729.3984375|88003f|THA401|0|1754|0|||3|3|0|1|1|132|51|["132,50,5"]|636148155293980000|14:05:29:398
62|1.1|636147912276665271|88003f|50734.3984375|5.33450877866|103.03558006573|254853|-924505||50734.3984375|350||34993.75|350|50734.3984375|88003f|THA401|0|1754|0|||3|3|0|1|1|132|50|["132,50,5"]|636148155343980000|14:05:34:398
62|1.1|636147912326580262|88003f|50739.375|5.32409109444|103.03864850825|255203|-925661||50739.375|350||35025|350|50739.375|88003f|THA401|0|1754|0|||3|3|0|1|1|132|50|["132,50,5"]|636148155393750000|14:05:39:375
62|1.1|636147912376505254|88003f|50744.375|5.31254151971|103.04197980686|255583|-926943||50744.375|350||34993.75|350|50744.375|88003f|THA401|0|1754|0|||3|3|0|1|1|132|50|["132,50,5"]|636148155443750000|14:05:44:375
62|1.1|636147912426430246|88003f|50749.375|5.3012708943|103.04527891901|255959|-928194||50749.375|350||35012.5|350|50749.375|88003f|THA401|0|1754|0|||3|3|0|1|1|132|50|["132,50,5"]|636148155493750000|14:05:49:375
62|1.1|636147912476345237|88003f|50754.359375|5.29025239616|103.04851365824|256328|-929417||50754.359375|350||35000|350|50754.359375|88003f|THA401|0|1754|0|||3|3|0|1|1|132|50|["132,50,5"]|636148155543590000|14:05:54:359
62|1.1|636147912526270229|88003f|50759.359375|5.28019412741|103.05152845666|256671|-930534||50759.359375|350||35050|350|50759.359375|88003f|THA401|0|1754|0|||3|3|0|1|1|132|50|["132,50,5"]|636148155593590000|14:05:59:359
62|1.1|636147912576195221|88003f|50764.3359375|5.26983008729|103.0545539839|257016|-931684||50764.3359375|350||35056.25|350|50764.3359375|88003f|THA401|0|1754|0|||3|3|0|1|1|132|50|["132,50,5"]|636148155643360000|14:06:04:336
62|1.1|636147912626120213|88003f|50769.3359375|5.25838243635|103.05770289257|257376|-932955||50769.3359375|350||35000|350|50769.3359375|88003f|THA401|0|1754|0|||3|3|0|1|1|132|51|["132,50,5"]|636148155693360000|14:06:09:336
62|1.1|636147912676035204|88003f|50774.3359375|5.24727274324|103.06100200472|257752|-934188||50774.3359375|350||35006.25|350|50774.3359375|88003f|THA401|0|1754|0|||3|3|0|1|1|132|51|["132,50,5"]|636148155743360000|14:06:14:336
62|1.1|636147912725960196|88003f|50779.3203125|5.23708572865|103.06422065072|258118|-935319||50779.3203125|350.25||35006.25|350|50779.3203125|88003f|THA401|0|1754|0|||3|3|0|1|1|132|50|["132,50,5"]|636148155793200000|14:06:19:320
62|1.1|636147912775885188|88003f|50784.3203125|5.22636227306|103.0678577207|258532|-936509||50784.3203125|350||35006.25|350|50784.3203125|88003f|THA401|0|1754|0|||3|3|0|1|1|132|51|["132,50,5"]|636148155843200000|14:06:24:320
62|1.1|636147912825800179|88003f|50789.296875|5.21528476641|103.07173082472|258972|-937738||50789.296875|350||34981.25|350|50789.296875|88003f|THA401|0|1754|0|||3|3|0|1|1|132|51|["132,50,5"]|636148155892970000|14:06:29:297
62|1.1|636147912875745173|88003f|50794.296875|5.20410533597|103.07582386955|259437|-938979||50794.296875|350||34956.25|350|50794.296875|88003f|THA401|0|1754|0|||3|3|0|1|1|132|51|["132,50,5"]|636148155942970000|14:06:34:297
62|1.1|636147912925650163|88003f|50799.296875|5.19316193957|103.07994373643|259904|-940193||50799.296875|350||34956.25|350|50799.296875|88003f|THA401|0|1754|0|||3|3|0|1|1|132|51|["132,50,5"]|636148155992970000|14:06:39:297
62|1.1|636147912975565154|88003f|50804.28125|5.18227755168|103.08399923039|260365|-941401||50804.28125|350||34968.75|350|50804.28125|88003f|THA401|0|1754|0|||3|3|0|1|1|132|51|["132,50,5"]|636148156042810000|14:06:44:281
62|1.1|636147913025490146|88003f|50809.28125|5.17149508758|103.08795816497|260815|-942597||50809.28125|350||34975|350|50809.28125|88003f|THA401|0|1754|0|||3|3|0|1|1|132|51|["132,50,5"]|636148156092810000|14:06:49:281
62|1.1|636147913075415138|88003f|50814.2578125|5.16078236081|103.09191709955|261264|-943786||50814.2578125|350||34993.75|350|50814.2578125|88003f|THA401|0|1754|0|||3|3|0|1|1|132|51|["132,50,5"]|636148156142580000|14:06:54:258
62|1.1|636147913125340130|88003f|50819.2578125|5.15003744758|103.09590822059|261717|-944978||50819.2578125|350||35006.25|350|50819.2578125|88003f|THA401|0|1754|0|||3|3|0|1|1|132|50|["132,50,5"]|636148156192580000|14:06:59:258
62|1.1|636147913175265122|88003f|50824.2578125|5.13933544963|103.09995835014|262177|-946166||50824.2578125|350||35006.25|350|50824.2578125|88003f|THA401|0|1754|0|||3|3|0|1|1|132|50|["132,50,5"]|636148156242580000|14:07:04:258
62|1.1|636147913225180113|88003f|50829.2421875|5.12867100255|103.10399238646|262635|-947349||50829.2421875|350||35018.75|350|50829.2421875|88003f|THA401|0|1754|0|||3|3|0|1|1|132|50|["132,50,5"]|636148156292420000|14:07:09:242
62|1.1|636147913275095104|88003f|50834.2421875|5.11795827578|103.10803178719|263094|-948538||50834.2421875|350||35018.75|350|50834.2421875|88003f|THA401|0|1754|0|||3|3|0|1|1|132|50|["132,50,5"]|636148156342420000|14:07:14:242
62|1.1|636147913325020096|88003f|50839.21875|5.10729919311|103.11207118792|263552|-949720||50839.21875|350||35025|350|50839.21875|88003f|THA401|0|1754|0|||3|3|0|1|1|132|50|["132,50,5"]|636148156392190000|14:07:19:219
62|1.1|636147913374945088|88003f|50844.21875|5.09661328839|103.11606230896|264005|-950906||50844.21875|350||35000|350|50844.21875|88003f|THA401|0|1754|0|||3|3|0|1|1|132|50|["132,50,5"]|636148156442190000|14:07:24:219
62|1.1|636147913424870080|88003f|50849.21875|5.08590592603|103.11998905708|264451|-952094||50849.21875|350||34968.75|350|50849.21875|88003f|THA401|0|1754|0|||3|3|0|1|1|132|50|["132,50,5"]|636148156492190000|14:07:29:219
62|1.1|636147913471664759|88003f|50853.8984375|5.075804742|103.12357784737|264860|-953215||50853.8984375|350||34918.75|350|50853.8984375|88003f|THA401|0|1754|0|||3|3|0|1|1|132|50|["132,50,5"]|636148156538980000|14:07:33:898
62|1.1|636147913521589751|88003f|50858.875|5.06519930343|103.12752605313|265308|-954392||50858.875|350||34918.75|350|50858.875|88003f|THA401|0|1754|0|||3|3|0|1|1|132|50|["132,50,5"]|636148156588750000|14:07:38:875
62|1.1|636147913571504742|88003f|50863.875|5.05449730548|103.1314259792|265751|-955580||50863.875|350||34900|350|50863.875|88003f|THA401|0|1754|0|||3|3|0|1|1|132|50|["132,50,5"]|636148156638750000|14:07:43:875
62|1.1|636147913621429734|88003f|50868.859375|5.0438328584|103.13526689676|266188|-956763||50868.859375|350||34887.5|350|50868.859375|88003f|THA401|0|1754|0|||3|3|0|1|1|132|50|["132,50,5"]|636148156688590000|14:07:48:859
62|1.1|636147913671354726|88003f|50873.859375|5.03312549604|103.13913463637|266627|-957952||50873.859375|350||34881.25|350|50873.859375|88003f|THA401|0|1754|0|||3|3|0|1|1|132|50|["132,50,5"]|636148156738590000|14:07:53:859
62|1.1|636147913721269717|88003f|50878.859375|5.02250932865|103.14305065567|267073|-959130||50878.859375|350||34900|350|50878.859375|88003f|THA401|0|1754|0|||3|3|0|1|1|132|50|["132,50,5"]|636148156788590000|14:07:58:859
62|1.1|636147913771194709|88003f|50883.8359375|5.0118609748|103.14689157323|267509|-960312||50883.8359375|350||34893.75|350|50883.8359375|88003f|THA401|0|1754|0|||3|3|0|1|1|132|50|["132,50,5"]|636148156838360000|14:08:03:836
62|1.1|636147913821119701|88003f|50888.8359375|5.00143792617|103.15094170278|267969|-961468||50888.8359375|350||34962.5|350|50888.8359375|88003f|THA401|0|1754|0|||3|3|0|1|1|132|50|["132,50,5"]|636148156888360000|14:08:08:836
62|1.1|636147913871044693|88003f|50893.8203125|4.99096123344|103.15484162885|268412|-962631||50893.8203125|350||34968.75|350|50893.8203125|88003f|THA401|0|1754|0|||3|3|0|1|1|132|50|["132,50,5"]|636148156938200000|14:08:13:820
62|1.1|636147913920959684|88003f|50898.8203125|4.98045235425|103.15875764815|268857|-963798||50898.8203125|350||34987.5|350|50898.8203125|88003f|THA401|0|1754|0|||3|3|0|1|1|132|50|[]|636148156988200000|14:08:18:820
62|1.1|636147913970884676|88003f|50903.8203125|4.96920855089|103.16250737074|269284|-965046||50903.8203125|350||34893.75|350|50903.8203125|88003f|THA401|0|1754|0|||3|3|0|1|1|132|50|["132,50,5"]|636148157038200000|14:08:23:820
62|1.1|636147914020799667|88003f|50908.796875|4.95881768872|103.16651458501|269739|-966199||50908.796875|350||34968.75|350|50908.796875|88003f|THA401|0|1754|0|||3|3|0|1|1|132|50|["132,50,5"]|636148157087970000|14:08:28:797
62|1.1|636147914070734660|88003f|50913.796875|4.9490973778|103.17098850295|270246|-967277||50913.796875|350||35125|350.25|50913.796875|88003f|THA401|0|1754|0|||3|3|0|1|1|132|50|["132,50,5"]|636148157137970000|14:08:33:797
62|1.1|636147914120649651|88003f|50918.78125|4.93865823594|103.17491525107|270692|-968436||50918.78125|350||35181.25|350.25|50918.78125|88003f|THA401|0|1754|0|||3|3|0|1|1|132|50|["132,50,5"]|636148157187810000|14:08:38:781
62|1.1|636147914170564642|88003f|50923.78125|4.92818154321|103.1788473636|271139|-969599||50923.78125|350||35243.75|350.25|50923.78125|88003f|THA401|0|1754|0|||3|3|0|1|1|132|50|["132,50,5"]|636148157237810000|14:08:43:781
62|1.1|636147914220489634|88003f|50928.78125|4.91769412166|103.18277947613|271586|-970762||50928.78125|350||35300|350.25|50928.78125|88003f|THA401|0|1754|0|||3|3|0|1|1|132|50|[]|636148157287810000|14:08:48:781
62|1.1|636147914270414626|88003f|50933.7578125|4.90727107303|103.18668476661|272030|-971919||50933.7578125|350||35356.25|350.25|50933.7578125|88003f|THA401|0|1754|0|||3|3|0|1|1|132|50|[]|636148157337580000|14:08:53:758
62|1.1|636147914320329617|X|50938.7578125||||||||||||X|X|X|1754|||||||1|1|0|0|[]|636148157387580000|14:08:58:758
