62|1.1|636147897409668720|88044a|49247.71875|11.79048501869|103.79239639294|331870|-207752||49247.71875|350||34825|350|49247.71875|88044a|AIQ658|0|2089|0|||3|3|0|1|1|132|18|["132,18,5,3602","132,162,5"]|636148140477190000|13:40:47:719
62|1.1|636147897459593712|88044a|49252.6953125|11.78701960983|103.80308229766|333039|-208123||49252.6953125|350||34793.75|350|49252.6953125|88044a|AIQ658|0|2089|0|||3|3|0|1|1|132|18|["132,18,5,3602","132,162,5"]|636148140526950000|13:40:52:695
62|1.1|636147897509518704|88044a|49257.6953125|11.78324306519|103.81402032965|334238|-208527||49257.6953125|350||34818.75|350|49257.6953125|88044a|AIQ658|0|2089|0|||3|3|0|1|1|132|162|["132,18,5,3602","132,162,5"]|636148140576950000|13:40:57:695
62|1.1|636147897559443696|88044a|49262.6953125|11.7795469867|103.82393375933|335324|-208923||49262.6953125|350||34825|350|49262.6953125|88044a|AIQ658|0|2089|0|||3|3|0|1|1|132|162|["132,18,5,3602","132,162,5"]|636148140626950000|13:41:02:695
62|1.1|636147897609358687|88044a|49267.6796875|11.77623714573|103.83473231666|336506|-209275||49267.6796875|350||34850|350|49267.6796875|88044a|AIQ658|0|2089|0|||3|3|0|1|1|132|162|["132,18,5,3602","132,162,5"]|636148140676800000|13:41:07:680
62|1.1|636147897659283679|88044a|49272.6796875|11.77259471134|103.84498906858|337630|-209666||49272.6796875|350||34837.5|350|49272.6796875|88044a|AIQ658|0|2089|0|||3|3|0|1|1|132|162|["132,18,5,3602","132,162,5"]|636148140726800000|13:41:12:680
62|1.1|636147897709208671|88044a|49277.65625|11.77008416746|103.85367941278|338581|-209932||49277.65625|350||35018.75|350|49277.65625|88044a|AIQ658|0|2089|0|||3|3|0|1|1|132|5|["132,18,5,3602","132,162,5"]|636148140776560000|13:41:17:656
62|1.1|636147897759123662|88044a|49282.65625|11.76708009786|103.86306713028|339610|-210252||49282.65625|350||35031.25|350|49282.65625|88044a|AIQ658|0|2089|0|||3|3|0|1|1|132|5|["132,18,5,3602","132,162,5"]|636148140826560000|13:41:22:656
62|1.1|636147897809048654|88044a|49287.65625|11.76400092652|103.8727337971|340668|-210581||49287.65625|350||35037.5|350|49287.65625|88044a|AIQ658|0|2089|0|||3|3|0|1|1|132|5|["132,18,5,3602","132,162,5"]|636148140876560000|13:41:27:656
62|1.1|636147897858963645|88044a|49292.640625|11.76088956872|103.88247556566|341735|-210912||49292.640625|350||35031.25|350|49292.640625|88044a|AIQ658|0|2089|0|||3|3|0|1|1|132|5|["132,18,5,3602","132,162,5"]|636148140926410000|13:41:32:641
62|1.1|636147897908888637|88044a|49297.640625|11.75768701595|103.89234608006|342816|-211254||49297.640625|350||35037.5|350|49297.640625|88044a|AIQ658|0|2089|0|||3|3|0|1|1|132|162|["132,18,5,3602","132,162,5"]|636148140976410000|13:41:37:641
62|1.1|636147897958803628|88044a|49302.6171875|11.75440399703|103.90292469658|343975|-211604||49302.6171875|350||35062.5|350|49302.6171875|88044a|AIQ658|0|2089|0|||3|3|0|1|1|132|5|["132,18,5,3602","132,162,5"]|636148141026170000|13:41:42:617
62|1.1|636147898008728620|88044a|49307.6171875|11.75107806283|103.91333165198|345115|-211958||49307.6171875|350||35056.25|350|49307.6171875|88044a|AIQ658|0|2089|0|||3|3|0|1|1|132|162|["132,18,5,3602","132,162,5"]|636148141076170000|13:41:47:617
62|1.1|636147898058653612|88044a|49312.6171875|11.7475751031|103.9241248449|346297|-212332||49312.6171875|350||35037.5|350|49312.6171875|88044a|AIQ658|0|2089|0|||3|3|0|1|1|132|162|["132,18,5,3602","132,162,5"]|636148141126170000|13:41:52:617
62|1.1|636147898108578604|88044a|49317.6015625|11.7440882366|103.93507897012|347497|-212703||49317.6015625|350.25||34975|350|49317.6015625|88044a|AIQ658|0|2089|0|||3|3|0|1|1|132|162|["132,18,5,3602","132,162,5"]|636148141176020000|13:41:57:602
62|1.1|636147898158493595|88044a|49322.6015625|11.74082667532|103.94667146013|348766|-213049||49322.6015625|350.25||35018.75|350|49322.6015625|88044a|AIQ658|0|2089|0|||3|3|0|1|1|132|5|["132,18,5,3602","132,162,5"]|636148141226020000|13:42:02:602
62|1.1|636147898208418587|88044a|49327.578125|11.73753292758|103.9571696105|349916|-213399||49327.578125|350.25||35018.75|350|49327.578125|88044a|AIQ658|0|2089|0|||3|3|0|1|1|132|5|["132,18,5,3602","132,162,5"]|636148141275780000|13:42:07:578
62|1.1|636147898258333578|88044a|49332.578125|11.7344859427|103.96663779415|350953|-213724||49332.578125|350.25||35050|350|49332.578125|88044a|AIQ658|0|2089|0|||3|3|0|1|1|132|5|["132,18,5,3602","132,162,5"]|636148141325780000|13:42:12:578
62|1.1|636147898308258570|88044a|49337.578125|11.73116537291|103.97700183427|352089|-214077||49337.578125|350.25||35062.5|350|49337.578125|88044a|AIQ658|0|2089|0|||3|3|0|1|1|132|162|["132,18,5,3602","132,162,5"]|636148141375780000|13:42:17:578
62|1.1|636147898358183562|88044a|49342.5625|11.7281022948|103.98653439084|353133|-214404||49342.5625|350.25||35050|350|49342.5625|88044a|AIQ658|0|2089|0|||3|3|0|1|1|132|162|["132,18,5,3602","132,162,5"]|636148141425630000|13:42:22:563
62|1.1|636147898408108554|88044a|49347.5625|11.72498020818|103.9963834476|354212|-214736||49347.5625|350.25||35037.5|350|49347.5625|88044a|AIQ658|0|2089|0|||3|3|0|1|1|132|162|["132,18,5,3602","132,162,5"]|636148141475630000|13:42:27:563
62|1.1|636147898458023545|88044a|49352.5390625|11.72192785889|104.00671530126|355344|-215060||49352.5390625|350.25||35031.25|350|49352.5390625|88044a|AIQ658|0|2089|0|||3|3|0|1|1|132|5|["132,18,5,3602","132,162,5"]|636148141525390000|13:42:32:539
62|1.1|636147898507948537|88044a|49357.5390625|11.71871994171|104.01696668877|356467|-215401||49357.5390625|350.25||35031.25|350|49357.5390625|88044a|AIQ658|0|2089|0|||3|3|0|1|1|132|162|["132,18,5,3602","132,162,5"]|636148141575390000|13:42:37:539
62|1.1|636147898557873529|88044a|49362.5390625|11.71551738894|104.02726635597|357595|-215741||49362.5390625|350.25||35037.5|350|49362.5390625|88044a|AIQ658|0|2089|0|||3|3|0|1|1|132|162|["132,18,5,3602","132,162,5"]|636148141625390000|13:42:42:539
62|1.1|636147898607788520|88044a|49367.515625|11.71269034487|104.03809709976|358781|-216040||49367.515625|350.25||35031.25|350|49367.515625|88044a|AIQ658|0|2089|0|||3|3|0|1|1|132|162|["132,18,5,3602","132,162,5"]|636148141675160000|13:42:47:516
62|1.1|636147898657713512|88044a|49372.515625|11.70963799558|104.04894393678|359969|-216363||49372.515625|350.25||35000|350|49372.515625|88044a|AIQ658|0|2089|0|||3|3|0|1|1|132|162|["132,18,5,3602","132,162,5"]|636148141725160000|13:42:52:516
62|1.1|636147898707638504|88044a|49377.5|11.70726156195|104.06038622331|361221|-216610||49377.5|350.25||34931.25|350|49377.5|88044a|AIQ658|0|2089|0|||3|3|0|1|1|132|5|["132,18,5,3602","132,162,5"]|636148141775000000|13:42:57:500
62|1.1|636147898757563496|88044a|49382.5|11.70464372987|104.07178023015|362468|-216884||49382.5|350.25||34875|350|49382.5|88044a|AIQ658|0|2089|0|||3|3|0|1|1|132|162|["132,18,5,3602","132,162,5"]|636148141825000000|13:43:02:500
62|1.1|636147898807478487|88044a|49387.5|11.70239067767|104.08298648264|363694|-217118||49387.5|350.25||34843.75|350|49387.5|88044a|AIQ658|0|2089|0|||3|3|0|1|1|132|162|["132,18,5,3602","132,162,5"]|636148141875000000|13:43:07:500
62|1.1|636147898857403479|88044a|49392.4765625|11.70004106609|104.09437512507|364940|-217362||49392.4765625|350.25||34806.25|350|49392.4765625|88044a|AIQ658|0|2089|0|||3|3|0|1|1|132|162|["132,18,5,3602","132,162,5"]|636148141924770000|13:43:12:477
62|1.1|636147898907328471|88044a|49397.4765625|11.69774509861|104.10528633501|366135|-217601||49397.4765625|350.25||34800|350|49397.4765625|88044a|AIQ658|0|2089|0|||3|3|0|1|1|132|162|["132,18,5,3602","132,162,5"]|636148141974770000|13:43:17:477
62|1.1|636147898957243462|88044a|49402.4609375|11.69531502088|104.11583276507|367289|-217855||49402.4609375|350.25||34781.25|350|49402.4609375|88044a|AIQ658|0|2089|0|||3|3|0|1|1|132|18|["132,18,5,3602","132,162,5"]|636148142024610000|13:43:22:461
62|1.1|636147899007168454|88044a|49407.4609375|11.69298686694|104.12645966128|368452|-218098||49407.4609375|350.25||34762.5|350|49407.4609375|88044a|AIQ658|0|2089|0|||3|3|0|1|1|132|18|["132,18,5,3602","132,162,5"]|636148142074610000|13:43:27:461
62|1.1|636147899057083445|88044a|49412.4609375|11.69128634897|104.13752643911|369662|-218271||49412.4609375|350.25||34800|350|49412.4609375|88044a|AIQ658|0|2089|0|||3|3|0|1|1|132|162|["132,18,5,3602","132,162,5"]|636148142124610000|13:43:32:461
62|1.1|636147899107008437|88044a|49417.4375|11.68912985615|104.14792266569|370800|-218495||49417.4375|350||34787.5|350|49417.4375|88044a|AIQ658|0|2089|0|||3|3|0|1|1|132|18|["132,18,5,3602","132,162,5"]|636148142174380000|13:43:37:438
62|1.1|636147899156933429|88044a|49422.4375|11.68685534631|104.15824379053|371930|-218732||49422.4375|350||34768.75|350|49422.4375|88044a|AIQ658|0|2089|0|||3|3|0|1|1|132|18|["132,18,5,3602","132,162,5"]|636148142224380000|13:43:42:438
62|1.1|636147899206848420|88044a|49427.421875|11.68444136181|104.16839325425|373041|-218985||49427.421875|350||34762.5|350|49427.421875|88044a|AIQ658|0|2089|0|||3|3|0|1|1|132|18|["132,18,5,3602","132,162,5"]|636148142274220000|13:43:47:422
62|1.1|636147899256773412|88044a|49432.421875|11.68327192043|104.17918644717|374220|-219099||49432.421875|350||34756.25|350|49432.421875|88044a|AIQ658|0|2089|0|||3|3|0|1|1|132|18|["132,18,5,3602","132,162,5"]|636148142324220000|13:43:52:422
62|1.1|636147899306698404|88044a|49437.421875|11.68254772508|104.19022640295|375427|-219163||49437.421875|350||34750|350|49437.421875|88044a|AIQ658|0|2089|0|||3|3|0|1|1|132|18|["132,18,5,3602","132,162,5"]|636148142374220000|13:43:57:422
62|1.1|636147899356613395|88044a|49442.3984375|11.6792861638|104.20010228176|376510|-219510||49442.3984375|350||34750|350|49442.3984375|88044a|AIQ658|0|2089|0|||3|3|0|1|1|132|18|["132,18,5,3602","132,162,5"]|636148142423980000|13:44:02:398
62|1.1|636147899406538387|88044a|49447.3984375|11.67574028879|104.20981722827|377575|-219889||49447.3984375|349.75||34743.75|349.75|49447.3984375|88044a|AIQ658|0|2089|0|||3|3|0|1|1|132|18|["132,18,5,3602","132,162,5"]|636148142473980000|13:44:07:398
62|1.1|636147899456453378|88044a|49452.375|11.67361598243|104.22021345485|378713|-220109||49452.375|349.75||34737.5|349.75|49452.375|88044a|AIQ658|0|2089|0|||3|3|0|1|1|132|18|["132,18,5,3602"]|636148142523750000|13:44:12:375
62|1.1|636147899506378370|88044a|49457.375|11.67233925285|104.23178985163|379978|-220233||49457.375|349.75||34781.25|349.75|49457.375|88044a|AIQ658|0|2089|0|||3|3|0|1|1|132|162|["132,18,5,3602","132,162,5"]|636148142573750000|13:44:17:375
62|1.1|636147899556303362|88044a|49462.375|11.67039197202|104.24280834977|381184|-220433||49462.375|349.75||34812.5|349.75|49462.375|88044a|AIQ658|0|2089|0|||3|3|0|1|1|132|162|["132,18,5,3602","132,162,5"]|636148142623750000|13:44:22:375
62|1.1|636147899606228354|88044a|49467.359375|11.66829985212|104.25351571213|382356|-220649||49467.359375|349.75||34837.5|349.75|49467.359375|88044a|AIQ658|0|2089|0|||3|3|0|1|1|132|162|["132,18,5,3602","132,162,5"]|636148142673590000|13:44:27:359
62|1.1|636147899656143345|88044a|49472.359375|11.6658751388|104.26437864238|383545|-220901||49472.359375|349.75||34850|349.75|49472.359375|88044a|AIQ658|0|2089|0|||3|3|0|1|1|132|162|["132,18,5,3602","132,162,5"]|636148142723590000|13:44:32:359
62|1.1|636147899706078338|88044a|49477.3359375|11.66450721425|104.27089103612|384258|-221044||49477.3359375|349.75||35000|349.75|49477.3359375|88044a|AIQ658|0|2089|0|||3|3|0|1|1|132|163|["132,18,5,3602","132,162,5"]|636148142773360000|13:44:37:336
62|1.1|636147899755993329|88044a|49482.3359375|11.66246337404|104.28099222015|385364|-221255||49482.3359375|349.75||35012.5|349.75|49482.3359375|88044a|AIQ658|0|2089|0|||3|3|0|1|1|132|162|["132,18,5,3602","132,162,5"]|636148142823360000|13:44:42:336
62|1.1|636147899805908320|88044a|49487.3359375|11.66037125414|104.29135089586|386497|-221471||49487.3359375|349.75||34993.75|349.75|49487.3359375|88044a|AIQ658|0|2089|0|||3|3|0|1|1|132|163|["132,18,5,3602","132,162,5"]|636148142873360000|13:44:47:336
62|1.1|636147899855833312|88044a|49492.3203125|11.65837032921|104.30072788454|387524|-221679||49492.3203125|349.75||34993.75|349.75|49492.3203125|88044a|AIQ658|0|2089|0|||3|3|0|1|1|132|5|["132,18,5,3602","132,162,5"]|636148142923200000|13:44:52:320
62|1.1|636147899905758304|88044a|49497.3203125|11.65613337024|104.31178929796|388735|-221910||49497.3203125|350||34993.75|349.75|49497.3203125|88044a|AIQ658|0|2089|0|||3|3|0|1|1|132|163|["132,18,5,3602","132,162,5"]|636148142973200000|13:44:57:320
62|1.1|636147899955683296|88044a|49502.296875|11.65404661475|104.3220567787|389859|-222126||49502.296875|350||34993.75|350|49502.296875|88044a|AIQ658|0|2089|0|||3|3|0|1|1|132|163|["132,18,5,3602","132,162,5"]|636148143022970000|13:45:02:297
62|1.1|636147900005598287|88044a|49507.296875|11.65175064727|104.3326783105|391022|-222364||49507.296875|349.75||35006.25|349.75|49507.296875|88044a|AIQ658|0|2089|0|||3|3|0|1|1|132|162|["132,18,5,3602","132,162,5"]|636148143072970000|13:45:07:297
62|1.1|636147900055523279|88044a|49512.296875|11.64943858656|104.34394893591|392256|-222604||49512.296875|349.75||34956.25|349.75|49512.296875|88044a|AIQ658|0|2089|0|||3|3|0|1|1|132|162|["132,18,5,3602","132,162,5"]|636148143122970000|13:45:12:297
62|1.1|636147900105438270|88044a|49517.28125|11.64691731386|104.35585792611|393560|-222865||49517.28125|349.75||34937.5|349.75|49517.28125|88044a|AIQ658|0|2089|0|||3|3|0|1|1|132|5|["132,18,5,3602","132,162,5"]|636148143172810000|13:45:17:281
62|1.1|636147900155363262|88044a|49522.28125|11.64462134638|104.36650091555|394725|-223103||49522.28125|349.75||34962.5|349.75|49522.28125|88044a|AIQ658|0|2089|0|||3|3|0|1|1|132|162|["132,162,5"]|636148143222810000|13:45:22:281
62|1.1|636147900205288254|88044a|49527.2578125|11.64239511623|104.37677912511|395851|-223334||49527.2578125|349.75||34975|349.75|49527.2578125|88044a|AIQ658|0|2089|0|||3|3|0|1|1|132|162|["132,162,5"]|636148143272580000|13:45:27:258
62|1.1|636147900255213246|88044a|49532.2578125|11.64017425049|104.38709488554|396980|-223564||49532.2578125|349.75||34981.25|349.75|49532.2578125|88044a|AIQ658|0|2089|0|||3|3|0|1|1|132|162|["132,162,5"]|636148143322580000|13:45:32:258
62|1.1|636147900305128237|88044a|49537.2578125|11.63791583388|104.3976413156|398135|-223798||49537.2578125|350||34987.5|350|49537.2578125|88044a|AIQ658|0|2089|0|||3|3|0|1|1|132|162|["132,162,5"]|636148143372580000|13:45:37:258
62|1.1|636147900355053229|88044a|49542.2421875|11.63566814609|104.40815019479|399286|-224031||49542.2421875|350||34987.5|350|49542.2421875|88044a|AIQ658|0|2089|0|||3|3|0|1|1|132|162|["132,162,5"]|636148143422420000|13:45:42:242
62|1.1|636147900404968220|88044a|49547.2421875|11.63339363625|104.41862152311|400433|-224267||49547.2421875|350||34993.75|350|49547.2421875|88044a|AIQ658|0|2089|0|||3|3|0|1|1|132|162|["132,162,5"]|636148143472420000|13:45:47:242
62|1.1|636147900454893212|88044a|49552.21875|11.63124787225|104.42939325839|401612|-224488||49552.21875|350||35006.25|350|49552.21875|88044a|AIQ658|0|2089|0|||3|3|0|1|1|132|162|["132,162,5"]|636148143522190000|13:45:52:219
62|1.1|636147900504818204|88044a|49557.21875|11.62897872682|104.44004161224|402778|-224723||49557.21875|350||35012.5|350|49557.21875|88044a|AIQ658|0|2089|0|||3|3|0|1|1|132|162|["132,162,5"]|636148143572190000|13:45:57:219
62|1.1|636147900554733195|88044a|49562.21875|11.62669885257|104.45077043224|403953|-224959||49562.21875|350||35018.75|350|49562.21875|88044a|AIQ658|0|2089|0|||3|3|0|1|1|132|162|["132,162,5"]|636148143622190000|13:46:02:219
62|1.1|636147900604658187|88044a|49567.1953125|11.62439215627|104.46164409131|405144|-225198||49567.1953125|350||35025|350|49567.1953125|88044a|AIQ658|0|2089|0|||3|3|0|1|1|132|162|["132,162,5"]|636148143671950000|13:46:07:195
62|1.1|636147900654583179|88044a|49572.1953125|11.62201572264|104.47276451324|406362|-225444||49572.1953125|350||35018.75|350|49572.1953125|88044a|AIQ658|0|2089|0|||3|3|0|1|1|132|162|["132,162,5"]|636148143721950000|13:46:12:195
62|1.1|636147900704498170|88044a|49577.1796875|11.61959637373|104.48458767288|407657|-225693||49577.1796875|350||35006.25|350|49577.1796875|88044a|AIQ658|0|2089|0|||3|3|0|1|1|132|162|["132,162,5"]|636148143771800000|13:46:17:180
62|1.1|636147900754423162|88044a|49582.1796875|11.61709119426|104.49772511297|409095|-225950||49582.1796875|350||35000|350|49582.1796875|88044a|AIQ658|0|2089|0|||3|3|0|1|1|132|162|["132,162,5"]|636148143821800000|13:46:22:180
62|1.1|636147900804198139|88044a|49587.1796875|11.61456455715|104.51117905325|410568|-226209||49587.1796875|350||34993.75|350|49587.1796875|88044a|AIQ658|0|2089|0|||3|3|0|1|1|132|162|["132,162,5"]|636148143871800000|13:46:27:180
62|1.1|636147900854113130|88044a|49592.15625|11.6120164624|104.52482611229|412062|-226470||49592.15625|350||34987.5|350|49592.15625|88044a|AIQ658|0|2089|0|||3|3|0|1|1|132|162|["132,162,5"]|636148143921560000|13:46:32:156
62|1.1|636147900904028121|88044a|49597.15625|11.60966685082|104.53667072957|413359|-226711||49597.15625|350||34987.5|350|49597.15625|88044a|AIQ658|0|2089|0|||3|3|0|1|1|132|162|["132,162,5"]|636148143971560000|13:46:37:156
62|1.1|636147900953953113|88044a|49602.140625|11.60730651042|104.54862263505|414668|-226953||49602.140625|350||34981.25|350|49602.140625|88044a|AIQ658|0|2089|0|||3|3|0|1|1|132|162|[]|636148144021410000|13:46:42:141
62|1.1|636147901003878105|88044a|49607.140625|11.60481742418|104.56063354904|415984|-227210||49607.140625|350||35000|350|49607.140625|88044a|AIQ658|0|2089|0|||3|3|0|1|1|132|162|["132,162,5"]|636148144071410000|13:46:47:141
62|1.1|636147901053803097|88044a|49612.140625|11.60235515999|104.57332037869|417373|-227462||49612.140625|350||35000|350|49612.140625|88044a|AIQ658|0|2089|0|||3|3|0|1|1|132|162|["132,162,5"]|636148144121410000|13:46:52:141
62|1.1|636147901103718088|88044a|49617.1171875|11.600000184|104.5852883774|418684|-227704||49617.1171875|350||35006.25|350|49617.1171875|88044a|AIQ658|0|2089|0|||3|3|0|1|1|132|162|["132,162,5"]|636148144171170000|13:46:57:117
62|1.1|636147901153653081|88044a|49622.1171875|11.59763447919|104.59707398617|419975|-227947||49622.1171875|350||35006.25|350|49622.1171875|88044a|AIQ658|0|2089|0|||3|3|0|1|1|132|162|["132,162,5"]|636148144221170000|13:47:02:117
62|1.1|636147901203718087|88044a|49627.1015625|11.59691564825|104.59114631312|419329|-228037||49627.1015625|350||35018.75|350|49627.1015625|88044a|AIQ658|0|2089|0|||3|3|0|1|1|132|162|["132,162,5"]|636148144271020000|13:47:07:102
62|1.1|636147901253493064|88044a|49632.1015625|11.59465186723|104.60174638728|420490|-228270||49632.1015625|350||35012.5|350|49632.1015625|88044a|AIQ658|0|2089|0|||3|3|0|1|1|132|162|["132,162,5"]|636148144321020000|13:47:12:102
62|1.1|636147901303408055|88044a|49637.1015625|11.59237199298|104.61276488542|421697|-228505||49637.1015625|350||35006.25|350|49637.1015625|88044a|AIQ658|0|2089|0|||3|3|0|1|1|132|162|["132,162,5"]|636148144371020000|13:47:17:102
62|1.1|636147901353353049|88044a|49642.078125|11.59060710209|104.62097243272|422596|-228687||49642.078125|350||35006.25|350|49642.078125|88044a|AIQ658|0|2089|0|||3|3|0|1|1|132|162|["132,162,5"]|636148144420780000|13:47:22:078
62|1.1|636147901403248038|88044a|49647.078125|11.58834868548|104.63275804149|423887|-228918||49647.078125|350||34993.75|350|49647.078125|88044a|AIQ658|0|2089|0|||3|3|0|1|1|132|162|["132,162,5"]|636148144470780000|13:47:27:078
62|1.1|636147901453173030|88044a|49652.0625|11.58629411645|104.64259636943|424965|-229130||49652.0625|350.25||35018.75|350|49652.0625|88044a|AIQ658|0|2089|0|||3|3|0|1|1|132|162|["132,162,5"]|636148144520630000|13:47:32:063
62|1.1|636147901503098022|88044a|49657.0625|11.58399278456|104.65324472328|426132|-229368||49657.0625|350.25||35037.5|350|49657.0625|88044a|AIQ658|0|2089|0|||3|3|0|1|1|132|162|["132,162,5"]|636148144570630000|13:47:37:063
62|1.1|636147901553013013|88044a|49662.0625|11.58173436795|104.66382870421|427291|-229600||49662.0625|350.25||35056.25|350|49662.0625|88044a|AIQ658|0|2089|0|||3|3|0|1|1|132|162|["132,162,5"]|636148144620630000|13:47:42:063
62|1.1|636147901602938005|88044a|49667.0390625|11.57936866314|104.6746058039|428472|-229845||49667.0390625|350.25||35068.75|350|49667.0390625|88044a|AIQ658|0|2089|0|||3|3|0|1|1|132|162|["132,162,5"]|636148144670390000|13:47:47:039
62|1.1|636147901652862997|88044a|49672.0390625|11.57706733125|104.68537753918|429652|-230082||49672.0390625|350.25||35068.75|350|49672.0390625|88044a|AIQ658|0|2089|0|||3|3|0|1|1|132|162|["132,162,5"]|636148144720390000|13:47:52:039
62|1.1|636147901702777988|88044a|49677.015625|11.57460506706|104.69613854564|430832|-230337||49677.015625|350.25||35056.25|350|49677.015625|88044a|AIQ658|0|2089|0|||3|3|0|1|1|132|162|["132,162,5"]|636148144770160000|13:47:57:016
62|1.1|636147901752702980|88044a|49682.015625|11.57230373517|104.70678153508|431998|-230574||49682.015625|350.25||35068.75|350|49682.015625|88044a|AIQ658|0|2089|0|||3|3|0|1|1|132|162|["132,162,5"]|636148144820160000|13:48:02:016
62|1.1|636147901802627972|88044a|49687.015625|11.56994339477|104.71785367732|433211|-230818||49687.015625|350||35025|350|49687.015625|88044a|AIQ658|0|2089|0|||3|3|0|1|1|132|163|["132,162,5"]|636148144870160000|13:48:07:016
62|1.1|636147901852552964|88044a|49692|11.56745430853|104.72872733639|434403|-231075||49692|350||34981.25|350|49692|88044a|AIQ658|0|2089|0|||3|3|0|1|1|132|163|["132,162,5"]|636148144920000000|13:48:12:000
62|1.1|636147901902627971|88044a|49697|11.56508323931|104.74138734399|435790|-231317||49697|350||34843.75|350|49697|88044a|AIQ658|0|2089|0|||3|3|0|1|1|132|162|["132,162,5"]|636148144970000000|13:48:17:000
62|1.1|636147901952392947|88044a|49701.9765625|11.56270680568|104.75236829126|436993|-231562||49701.9765625|350||34862.5|350|49701.9765625|88044a|AIQ658|0|2089|0|||3|3|0|1|1|132|162|["132,162,5"]|636148145019770000|13:48:21:977
62|1.1|636147902002317939|88044a|49706.9765625|11.56037328733|104.76430946792|438302|-231800||49706.9765625|350||34843.75|350|49706.9765625|88044a|AIQ658|0|2089|0|||3|3|0|1|1|132|162|["132,162,5"]|636148145069770000|13:48:26:977
62|1.1|636147902052232930|88044a|49711.9765625|11.55802904016|104.77535478811|439512|-232041||49711.9765625|350||34862.5|350|49711.9765625|88044a|AIQ658|0|2089|0|||3|3|0|1|1|132|162|["132,162,5"]|636148145119770000|13:48:31:977
62|1.1|636147902102167923|88044a|49716.9609375|11.55571161504|104.78821864329|440921|-232276||49716.9609375|350||34818.75|350|49716.9609375|88044a|AIQ658|0|2089|0|||3|3|0|1|1|132|162|["132,162,5"]|636148145169610000|13:48:36:961
62|1.1|636147902152072913|88044a|49721.9609375|11.5540808344|104.79421605367|441579|-232447||49721.9609375|350||35018.75|350|49721.9609375|88044a|AIQ658|0|2089|0|||3|3|0|1|1|132|162|["132,162,5"]|636148145219610000|13:48:41:961
62|1.1|636147902202007906|88044a|49726.9375|11.55175804487|104.80499851777|442761|-232686||49726.9375|350||35031.25|350|49726.9375|88044a|AIQ658|0|2089|0|||3|3|0|1|1|132|162|["132,162,5"]|636148145269380000|13:48:46:938
62|1.1|636147902251922897|88044a|49731.9375|11.54918312807|104.81599555827|443966|-232953||49731.9375|350||35018.75|350|49731.9375|88044a|AIQ658|0|2089|0|||3|3|0|1|1|132|162|["132,162,5"]|636148145319380000|13:48:51:938
62|1.1|636147902301837888|88044a|49736.9375|11.54670477065|104.82692822585|445165|-233209||49736.9375|350||35000|350|49736.9375|88044a|AIQ658|0|2089|0|||3|3|0|1|1|132|162|["132,162,5"]|636148145369380000|13:48:56:938
62|1.1|636147902351762880|88044a|49741.921875|11.54355049757|104.83754439324|446330|-233540||49741.921875|350||34968.75|350|49741.921875|88044a|AIQ658|0|2089|0|||3|3|0|1|1|132|162|["132,162,5"]|636148145419220000|13:49:01:922
62|1.1|636147902401677871|88044a|49746.921875|11.54070736027|104.84856825579|447539|-233836||49746.921875|350||34943.75|350|49746.921875|88044a|AIQ658|0|2089|0|||3|3|0|1|1|132|162|["132,162,5"]|636148145469220000|13:49:06:922
62|1.1|636147902451602863|88044a|49751.8984375|11.5365392137|104.85903958411|448690|-234280||49751.8984375|350||34925|350|49751.8984375|88044a|AIQ658|0|2089|0|||3|3|0|1|1|132|162|["132,162,5"]|636148145518980000|13:49:11:898
62|1.1|636147902501527855|88044a|49756.8984375|11.53310062689|104.87036385362|449933|-234642||49756.8984375|350||34868.75|350|49756.8984375|88044a|AIQ658|0|2089|0|||3|3|0|1|1|132|162|["132,162,5"]|636148145568980000|13:49:16:898
62|1.1|636147902551452847|88044a|49761.8984375|11.52913096349|104.88088882604|451090|-235063||49761.8984375|350||34875|350|49761.8984375|88044a|AIQ658|0|2089|0|||3|3|0|1|1|132|162|["132,162,5"]|636148145618980000|13:49:21:898
62|1.1|636147902601367838|88044a|49766.875|11.52525785947|104.89151035784|452257|-235474||49766.875|350.25||34893.75|350|49766.875|88044a|AIQ658|0|2089|0|||3|3|0|1|1|132|162|["132,162,5"]|636148145668750000|13:49:26:875
62|1.1|636147902651302831|88044a|49771.875|11.52121845874|104.90195486411|453405|-235903||49771.875|350.25||34918.75|350|49771.875|88044a|AIQ658|0|2089|0|||3|3|0|1|1|132|162|["132,162,5"]|636148145718750000|13:49:31:875
62|1.1|636147902701217822|88044a|49776.859375|11.51710932068|104.91253348063|454568|-236340||49776.859375|350.25||34931.25|350|49776.859375|88044a|AIQ658|0|2089|0|||3|3|0|1|1|132|162|["132,162,5"]|636148145768590000|13:49:36:859
62|1.1|636147902751132813|88044a|49781.859375|11.51307528436|104.9235144279|455775|-236769||49781.859375|350.25||34931.25|350|49781.859375|88044a|AIQ658|0|2089|0|||3|3|0|1|1|132|162|["132,162,5"]|636148145818590000|13:49:41:859
62|1.1|636147902801057805|88044a|49786.859375|11.50913244301|104.9336531628|456890|-237187||49786.859375|350.25||34968.75|350|49786.859375|88044a|AIQ658|0|2089|0|||3|3|0|1|1|132|162|["132,162,5"]|636148145868590000|13:49:46:859
62|1.1|636147902847862485|88044a|49791.5390625|11.5051574152|104.94323936347|457945|-237611||49791.5390625|350.25||34975|350|49791.5390625|88044a|AIQ658|0|2089|0|||3|3|0|1|1|132|162|["132,162,5"]|636148145915390000|13:49:51:539
62|1.1|636147902897787477|88044a|49796.515625|11.50312966822|104.94437661839|458072|-237834||49796.515625|350.25||35068.75|350|49796.515625|88044a|AIQ658|0|2089|0|||3|3|0|1|1|132|163|["132,162,5"]|636148145965160000|13:49:56:516
62|1.1|636147902947712469|88044a|49801.515625|11.49894006401|104.95463337031|459200|-238280||49801.515625|350.25||35118.75|350|49801.515625|88044a|AIQ658|0|2089|0|||3|3|0|1|1|132|162|["132,162,5"]|636148146015160000|13:50:01:516
62|1.1|636147902997627460|88044a|49806.5|11.49497040061|104.96458435086|460295|-238702||49806.5|350.25||35131.25|350|49806.5|88044a|AIQ658|0|2089|0|||3|3|0|1|1|132|162|["132,162,5"]|636148146065000000|13:50:06:500
62|1.1|636147903047542451|88044a|49811.5|11.49073251671|104.97429393296|461363|-239155||49811.5|350.25||35125|350|49811.5|88044a|AIQ658|0|2089|0|||3|3|0|1|1|132|162|["132,162,5"]|636148146115000000|13:50:11:500
62|1.1|636147903097467443|88044a|49816.5|11.48648390399|104.98424491351|462458|-239608||49816.5|350.25||35093.75|350|49816.5|88044a|AIQ658|0|2089|0|||3|3|0|1|1|132|163|["132,162,5"]|636148146165000000|13:50:16:500
62|1.1|636147903147392435|88044a|49821.4765625|11.48269663053|104.99605197992|463755|-240006||49821.4765625|350.25||34993.75|350|49821.4765625|88044a|AIQ658|0|2089|0|||3|3|0|1|1|132|162|["132,162,5"]|636148146214770000|13:50:21:477
62|1.1|636147903197317427|88044a|49826.4765625|11.47886644179|105.00996725946|465282|-240406||49826.4765625|350.25||34925|350|49826.4765625|88044a|AIQ658|0|2089|0|||3|3|0|1|1|132|162|["132,162,5"]|636148146264770000|13:50:26:477
62|1.1|636147903247242419|88044a|49831.4609375|11.47515963448|105.02012208759|466399|-240799||49831.4609375|350.25||34881.25|350|49831.4609375|88044a|AIQ658|0|2089|0|||3|3|0|1|1|132|162|["132,162,5"]|636148146314610000|13:50:31:461
62|1.1|636147903297157410|88044a|49836.4609375|11.47057306393|105.03335072265|467853|-241283||49836.4609375|350.25||34937.5|350|49836.4609375|88044a|AIQ658|0|2089|0|||3|3|0|1|1|132|162|["132,162,5"]|636148146364610000|13:50:36:461
62|1.1|636147903347092403|88044a|49841.4609375|11.46653902761|105.04755031592|469412|-241705||49841.4609375|350.25||34956.25|350|49841.4609375|88044a|AIQ658|0|2089|0|||3|3|0|1|1|132|162|["132,162,5"]|636148146414610000|13:50:41:461
62|1.1|636147903397007394|88044a|49846.4375|11.4625639998|105.04682612057|469340|-242147||49846.4375|350||35037.5|350|49846.4375|88044a|AIQ658|0|2089|0|||3|3|0|1|1|132|163|["132,162,5"]|636148146464380000|13:50:46:438
62|1.1|636147903446922385|88044a|49851.4375|11.45847095497|105.05709896572|470470|-242582||49851.4375|350||35031.25|350|49851.4375|88044a|AIQ658|0|2089|0|||3|3|0|1|1|132|163|["132,162,5"]|636148146514380000|13:50:51:438
62|1.1|636147903496847377|88044a|49856.421875|11.45420088461|105.06773659075|471640|-243036||49856.421875|350||35062.5|350|49856.421875|88044a|AIQ658|0|2089|0|||3|3|0|1|1|132|163|["132,162,5"]|636148146564220000|13:50:56:422
62|1.1|636147903546762368|88044a|49861.421875|11.45039215351|105.07756955428|472722|-243440||49861.421875|350||35012.5|350|49861.421875|88044a|AIQ658|0|2089|0|||3|3|0|1|1|132|163|["132,162,5"]|636148146614220000|13:51:01:422
62|1.1|636147903596687360|88044a|49866.421875|11.44601479495|105.08784239943|473853|-243907||49866.421875|350||34981.25|350|49866.421875|88044a|AIQ658|0|2089|0|||3|3|0|1|1|132|163|["132,162,5"]|636148146664220000|13:51:06:422
62|1.1|636147903646612352|88044a|49871.3984375|11.44192711453|105.09905938074|475086|-244339||49871.3984375|350||34906.25|350|49871.3984375|88044a|AIQ658|0|2089|0|||3|3|0|1|1|132|163|["132,162,5"]|636148146713980000|13:51:11:398
62|1.1|636147903696527343|88044a|49876.3984375|11.4375658492|105.10954143788|476240|-244804||49876.3984375|349.75||34862.5|349.75|49876.3984375|88044a|AIQ658|0|2089|0|||3|3|0|1|1|132|162|["132,162,5"]|636148146763980000|13:51:16:398
62|1.1|636147903746452335|88044a|49881.375|11.43353717729|105.12127876696|477530|-245229||49881.375|349.75||34787.5|349.75|49881.375|88044a|AIQ658|0|2089|0|||3|3|0|1|1|132|162|["132,162,5"]|636148146813750000|13:51:21:375
62|1.1|636147903796387328|88044a|49886.375|11.42862874214|105.13092397614|478593|-245755||49886.375|349.75||34806.25|349.75|49886.375|88044a|AIQ658|0|2089|0|||3|3|0|1|1|132|162|["132,162,5"]|636148146863750000|13:51:26:375
62|1.1|636147903846292318|88044a|49891.375|11.42435330737|105.14216241509|479830|-246208||49891.375|349.75||34781.25|349.75|49891.375|88044a|AIQ658|0|2089|0|||3|3|0|1|1|132|162|["132,162,5"]|636148146913750000|13:51:31:375
62|1.1|636147903896217310|88044a|49896.359375|11.4186294819|105.15152331054|480863|-246825||49896.359375|349.75||34812.5|349.75|49896.359375|88044a|AIQ658|0|2089|0|||3|3|0|1|1|132|162|["132,162,5"]|636148146963590000|13:51:36:359
62|1.1|636147903946132301|88044a|49901.359375|11.41376396203|105.16183370656|482000|-247346||49901.359375|349.75||34825|349.75|49901.359375|88044a|AIQ658|0|2089|0|||3|3|0|1|1|132|162|["132,162,5"]|636148147013590000|13:51:41:359
62|1.1|636147903996067294|88044a|49906.3359375|11.40768072109|105.17123751729|483039|-248002||49906.3359375|349.75||34850|349.75|49906.3359375|88044a|AIQ658|0|2089|0|||3|3|0|1|1|132|162|["132,162,5"]|636148147063360000|13:51:46:336
62|1.1|636147904045982285|88044a|49911.3359375|11.40220365848|105.18055013305|484067|-248592||49911.3359375|349.75||34900|349.75|49911.3359375|88044a|AIQ658|0|2089|0|||3|3|0|1|1|132|162|["132,162,5"]|636148147113360000|13:51:51:336
62|1.1|636147904095907277|88044a|49916.3359375|11.39799259663|105.18329671097|484375|-249054||49916.3359375|349.75||35012.5|349.75|49916.3359375|88044a|AIQ658|0|2089|0|||3|3|0|1|1|132|163|["132,162,5"]|636148147163360000|13:51:56:336
62|1.1|636147904145822268|88044a|49921.3203125|11.39237605936|105.19258250468|485401|-249659||49921.3203125|349.75||35043.75|349.75|49921.3203125|88044a|AIQ658|0|2089|0|||3|3|0|1|1|132|163|["132,162,5"]|636148147213200000|13:52:01:320
62|1.1|636147904195747260|88044a|49926.3203125|11.38649130159|105.20154106938|486391|-250295||49926.3203125|349.75||35062.5|349.75|49926.3203125|88044a|AIQ658|0|2089|0|||3|3|0|1|1|132|163|["132,162,5"]|636148147263200000|13:52:06:320
62|1.1|636147904245672252|88044a|49931.296875|11.38070846761|105.2106176511|487394|-250918||49931.296875|349.75||35050|349.75|49931.296875|88044a|AIQ658|0|2089|0|||3|3|0|1|1|132|163|["132,162,5"]|636148147312970000|13:52:11:297
62|1.1|636147904295587243|88044a|49936.296875|11.3741048789|105.21922216474|488348|-251634||49936.296875|349.75||35012.5|349.75|49936.296875|88044a|AIQ658|0|2089|0|||3|3|0|1|1|132|163|["132,162,5"]|636148147362970000|13:52:16:297
62|1.1|636147904345512235|88044a|49941.296875|11.36800554473|105.22799297509|489318|-252294||49941.296875|349.75||35018.75|349.75|49941.296875|88044a|AIQ658|0|2089|0|||3|3|0|1|1|132|163|["132,162,5"]|636148147412970000|13:52:21:297
62|1.1|636147904395437227|88044a|49946.28125|11.36194912584|105.23667795488|490279|-252949||49946.28125|349.75||35018.75|349.75|49946.28125|88044a|AIQ658|0|2089|0|||3|3|0|1|1|132|163|[]|636148147462810000|13:52:26:281
62|1.1|636147904445362219|88044a|49951.28125|11.35588197813|105.24538975672|491243|-253605||49951.28125|349.75||35018.75|349.75|49951.28125|88044a|AIQ658|0|2089|0|||3|3|0|1|1|132|163|[]|636148147512810000|13:52:31:281
62|1.1|636147904495277210|X|49956.2578125||||||||||||X|X|X|2089|||||||1|1|0|0|[]|636148147562580000|13:52:36:258
