62|1.1|636147897412839037|880459|49248.015625|14.13067133032|100.69873578153|-5400|49218||49248.015625|40.75||4037.5|38.25|49248.015625|880459|AIQ573|0|1752|-1375|||3|3|2|1|1|132|18|["132,18,5,3628"]|636148140480160000|13:40:48:016
62|1.1|636147897462734026|880459|49253.015625|14.12503333541|100.69867677302|-5407|48595||49253.015625|40||3937.5|37.5|49253.015625|880459|AIQ573|0|1752|-1262.5|||3|3|2|1|1|132|18|["132,18,5,3628"]|636148140530160000|13:40:53:016
62|1.1|636147897512639016|880459|49258.015625|14.11942216255|100.69861776451|-5413|47973||49258.015625|39||3868.75|36.75|49258.015625|880459|AIQ573|0|1752|-1181.25|||3|3|2|1|1|132|18|["132,18,5,3628"]|636148140580160000|13:40:58:016
62|1.1|636147897562894041|880459|49263|14.11404702373|100.698558756|-5420|47379||49263|38||3768.75|35.75|49263|880459|AIQ573|0|1752|-1162.5|||3|3|2|1|1|132|18|["132,18,5,3628"]|636148140630000000|13:41:03:000
62|1.1|636147897612478999|880459|49268|14.10944972436|100.69848365426|-5428|46870||49268|37||3687.5|34.75|49268|880459|AIQ573|0|1752|-1125|||3|3|2|1|1|132|18|["132,18,5,3628"]|636148140680000000|13:41:08:000
62|1.1|636147897662403991|880459|49272.9765625|14.10462175536|100.69843001016|-5434|46336||49272.9765625|36||3587.5|33.75|49272.9765625|880459|AIQ573|0|1752|-1143.75|||3|3|2|1|1|132|18|["132,18,5,3628"]|636148140729770000|13:41:12:977
62|1.1|636147897712318982|880459|49277.9765625|14.0989569384|100.69836563724|-5441|45709||49277.9765625|35.25||3481.25|33|49277.9765625|880459|AIQ573|0|1752|-1143.75|||3|3|2|1|1|132|18|["132,18,5,3628"]|636148140779770000|13:41:17:977
62|1.1|636147897762243974|880459|49282.9765625|14.09363007927|100.69831199314|-5447|45120||49282.9765625|34.75||3443.75|32.75|49282.9765625|880459|AIQ573|0|1752|-668.75|||3|3|2|1|1|132|5|["132,18,5,3628"]|636148140829770000|13:41:22:977
62|1.1|636147897812178967|880459|49287.9609375|14.08843196598|100.69820470494|-5459|44545||49287.9609375|34.25||3387.5|32|49287.9609375|880459|AIQ573|0|1752|-687.5|||3|3|2|1|1|132|18|["132,18,5,3628"]|636148140879610000|13:41:27:961
62|1.1|636147897862093958|880459|49292.9609375|14.08314802213|100.69795257767|-5486|43960||49292.9609375|33.5||3325|31.25|49292.9609375|880459|AIQ573|0|1752|-750|||3|3|2|1|1|132|18|["132,18,5,3628"]|636148140929610000|13:41:32:961
62|1.1|636147897912018950|880459|49297.9375|14.07870092624|100.69670267014|-5621|43468||49297.9375|33||3281.25|30.75|49297.9375|880459|AIQ573|0|1752|-687.5|||3|3|2|1|1|132|18|["132,18,5,3628"]|636148140979380000|13:41:37:938
62|1.1|636147897961943942|880459|49302.9375|14.07365838084|100.69465882993|-5842|42910||49302.9375|32.5||3212.5|30.25|49302.9375|880459|AIQ573|0|1752|-687.5|||3|3|2|1|1|132|5|["132,18,5,3628"]|636148141029380000|13:41:42:938
62|1.1|636147898011858933|880459|49307.9375|14.0695599716|100.69249160829|-6076|42457||49307.9375|31.75||3150|29.5|49307.9375|880459|AIQ573|0|1752|-750|||3|3|2|1|1|132|5|["132,18,5,3628"]|636148141079380000|13:41:47:938
62|1.1|636147898061773924|880459|49312.921875|14.06562249466|100.69006153056|-6338|42021||49312.921875|30.5||3062.5|28.5|49312.921875|880459|AIQ573|0|1752|-887.5|||3|3|2|1|1|132|18|["132,18,5,3628"]|636148141129220000|13:41:52:922
62|1.1|636147898111698916|880459|49317.921875|14.0610305597|100.68748124935|-6617|41513||49317.921875|29.75||2956.25|27.5|49317.921875|880459|AIQ573|0|1752|-943.75|||3|3|2|1|1|132|5|["132,18,5,3628"]|636148141179220000|13:41:57:922
62|1.1|636147898161623908|880459|49322.8984375|14.05676585375|100.68497606988|-6888|41042||49322.8984375|29.75||2875|27|49322.8984375|880459|AIQ573|0|1752|-943.75|||3|3|2|1|1|132|18|["132,18,5,3628"]|636148141228980000|13:42:02:898
62|1.1|636147898211548900|880459|49327.8984375|14.05231339345|100.68266937358|-7137|40549||49327.8984375|28.75||2806.25|26|49327.8984375|880459|AIQ573|0|1752|-962.5|||3|3|2|1|1|132|5|["132,18,5,3628"]|636148141278980000|13:42:07:898
62|1.1|636147898261463891|880459|49332.8984375|14.048316908|100.68061480455|-7359|40107||49332.8984375|27.5||2743.75|25.5|49332.8984375|880459|AIQ573|0|1752|-887.5|||3|3|2|1|1|132|5|["132,18,5,3628"]|636148141328980000|13:42:12:898
62|1.1|636147898311378882|880459|49337.875|14.0442399564|100.67837784558|-7601|39656||49337.875|26.5||2656.25|24.5|49337.875|880459|AIQ573|0|1752|-925|||3|3|2|1|1|132|5|["132,18,5,3628"]|636148141378750000|13:42:17:875
62|1.1|636147898361313875|880459|49342.875|14.03988405548|100.67596922549|-7861|39174||49342.875|26||2568.75|23.75|49342.875|880459|AIQ573|0|1752|-962.5|||3|3|2|1|1|132|5|["132,18,5,3628"]|636148141428750000|13:42:22:875
62|1.1|636147898411228866|880459|49347.875|14.03614506171|100.67384491913|-8091|38761||49347.875|25||2475|22.75|49347.875|880459|AIQ573|0|1752|-1006.25|||3|3|2|1|1|132|5|["132,18,5,3628"]|636148141478750000|13:42:27:875
62|1.1|636147898461153858|880459|49352.859375|14.03188572017|100.67145775668|-8349|38289||49352.859375|24.25||2375|21.75|49352.859375|880459|AIQ573|0|1752|-1062.5|||3|3|2|1|1|132|5|["132,18,5,3628"]|636148141528590000|13:42:32:859
62|1.1|636147898511078850|880459|49357.859375|14.02761564981|100.66907059423|-8607|37817||49357.859375|23.25||2262.5|20.75|49357.859375|880459|AIQ573|0|1752|-1162.5|||3|3|2|1|1|132|5|["132,18,5,3628"]|636148141578590000|13:42:37:859
62|1.1|636147898560993841|880459|49362.8359375|14.02384446958|100.66691410141|-8840|37400||49362.8359375|22.5||2175|19.75|49362.8359375|880459|AIQ573|0|1752|-1181.25|||3|3|2|1|1|132|5|["132,18,5,3628"]|636148141628360000|13:42:42:836
62|1.1|636147898610908832|880459|49367.8359375|14.01970850947|100.66459131188|-9091|36942||49367.8359375|21.25||2100|18.75|49367.8359375|880459|AIQ573|0|1752|-1125|||3|3|2|1|1|132|5|["132,18,5,3628"]|636148141678360000|13:42:47:836
62|1.1|636147898660853826|880459|49372.8203125|14.01587832073|100.66241336142|-9327|36518||49372.8203125|20.75||2050|18.5|49372.8203125|880459|AIQ573|0|1752|-943.75|||3|3|2|1|1|132|5|["132,18,5,3628"]|636148141728200000|13:42:52:820
62|1.1|636147898710758816|880459|49377.8203125|14.01209641168|100.66027832624|-9558|36100||49377.8203125|20.25||2000|18|49377.8203125|880459|AIQ573|0|1752|-787.5|||3|3|2|1|1|132|5|["132,18,5,3628"]|636148141778200000|13:42:57:820
62|1.1|636147898760673807|880459|49382.8203125|14.00791217188|100.65793407907|-9811|35637||49382.8203125|19.5||1925|17.25|49382.8203125|880459|AIQ573|0|1752|-787.5|||3|3|2|1|1|132|5|["132,18,5,3628"]|636148141828200000|13:43:02:820
62|1.1|636147898810598799|880459|49387.796875|14.00391568643|100.65573467097|-10049|35195||49387.796875|19||1856.25|16.75|49387.796875|880459|AIQ573|0|1752|-768.75|||3|3|2|1|1|132|5|["132,18,5,3628"]|636148141877970000|13:43:07:797
62|1.1|636147898860523791|880459|49392.796875|14.00069704043|100.65388394952|-10249|34839||49392.796875|17.75||1775|15.75|49392.796875|880459|AIQ573|0|1752|-806.25|||3|3|2|1|1|132|5|["132,18,5,3628"]|636148141927970000|13:43:12:797
62|1.1|636147898910458784|880459|49397.78125|13.99791291164|100.6522638977|-10424|34531||49397.78125|17||1700|15|49397.78125|880459|AIQ573|0|1752|-843.75|||3|3|2|1|1|132|5|["132,18,5,3628"]|636148141977810000|13:43:17:781
62|1.1|636147898960363774|880459|49402.78125|13.9948337403|100.65048827799|-10616|34190||49402.78125|16.5||1625|14.25|49402.78125|880459|AIQ573|0|1752|-887.5|||3|3|2|1|1|132|5|["132,18,5,3628"]|636148142027810000|13:43:22:781
62|1.1|636147899010288766|880459|49407.78125|13.99143806877|100.64858927685|-10821|33815||49407.78125|16||1562.5|13.5|49407.78125|880459|AIQ573|0|1752|-887.5|||3|3|2|1|1|132|5|["132,18,5,3628"]|636148142077810000|13:43:27:781
62|1.1|636147899060213758|880459|49412.7578125|13.98869149085|100.64701214031|-10992|33511||49412.7578125|15.5||1512.5|13|49412.7578125|880459|AIQ573|0|1752|-843.75|||3|3|2|1|1|132|5|["132,18,5,3628"]|636148142127580000|13:43:32:758
62|1.1|636147899110128749|880459|49417.7578125|13.98551039572|100.64528480029|-11179|33159||49417.7578125|14.75||1431.25|12.25|49417.7578125|880459|AIQ573|0|1752|-843.75|||3|3|2|1|1|132|5|["132,18,5,3628"]|636148142177580000|13:43:37:758
62|1.1|636147899160053741|880459|49422.7421875|13.98269408047|100.6437881299|-11340|32848||49422.7421875|13.75||1362.5|11.75|49422.7421875|880459|AIQ573|0|1752|-825|||3|3|2|1|1|132|5|["132,18,5,3628"]|636148142227420000|13:43:42:742
62|1.1|636147899209978733|880459|49427.7421875|13.98033374007|100.64243093417|-11487|32586||49427.7421875|13.25||1318.75|11.25|49427.7421875|880459|AIQ573|0|1752|-768.75|||3|3|2|1|1|132|5|["132,18,5,3628"]|636148142277420000|13:43:47:742
62|1.1|636147899259893724|880459|49432.7421875|13.97749596718|100.64088061968|-11655|32273||49432.7421875|13||1275|10.75|49432.7421875|880459|AIQ573|0|1752|-687.5|||3|3|2|1|1|132|5|["132,18,5,3628"]|636148142327420000|13:43:52:742
62|1.1|636147899309818716|880459|49437.71875|13.9747708469|100.63938394929|-11817|31971||49437.71875|12.5||1225|10.25|49437.71875|880459|AIQ573|0|1752|-631.25|||3|3|2|1|1|132|5|["132,18,5,3628"]|636148142377190000|13:43:57:719
62|1.1|636147899359743708|880459|49442.71875|13.97239977768|100.63799993151|-11966|31709||49442.71875|12||1181.25|9.75|49442.71875|880459|AIQ573|0|1752|-612.5|||3|3|2|1|1|132|5|["132,18,5,3628"]|636148142427190000|13:44:02:719
62|1.1|636147899409668700|880459|49447.6953125|13.96989996262|100.63659445609|-12118|31433||49447.6953125|11.5||1131.25|9.25|49447.6953125|880459|AIQ573|0|1752|-587.5|||3|3|2|1|1|132|5|["132,18,5,3628"]|636148142476950000|13:44:07:695
62|1.1|636147899459583691|880459|49452.6953125|13.96694417271|100.63503341278|-12287|31106||49452.6953125|10.75||1081.25|8.75|49452.6953125|880459|AIQ573|0|1752|-587.5|||3|3|2|1|1|132|5|["132,18,5,3628"]|636148142526950000|13:44:12:695
62|1.1|636147899509508683|880459|49457.6953125|13.9644711797|100.63363866618|-12438|30832||49457.6953125|10.25||1025|8.25|49457.6953125|880459|AIQ573|0|1752|-612.5|||3|3|2|1|1|132|5|["132,18,5,3628"]|636148142576950000|13:44:17:695
62|1.1|636147899559423674|880459|49462.6796875|13.96192308495|100.63219563989|-12594|30550||49462.6796875|9.75||962.5|7.75|49462.6796875|880459|AIQ573|0|1752|-612.5|||3|3|2|1|1|132|5|["132,18,5,3628"]|636148142626800000|13:44:22:680
62|1.1|636147899609348666|880459|49467.6796875|13.95933743933|100.63076334242|-12749|30264||49467.6796875|9.25||906.25|7|49467.6796875|880459|AIQ573|0|1752|-631.25|||3|3|2|1|1|132|5|["132,18,5,3628"]|636148142676800000|13:44:27:680
62|1.1|636147899659273658|880459|49472.65625|13.95672497166|100.62929885849|-12907|29975||49472.65625|8.75||850|6.5|49472.65625|880459|AIQ573|0|1752|-687.5|||3|3|2|1|1|132|5|["132,18,5,3628"]|636148142726560000|13:44:32:656
62|1.1|636147899709198650|880459|49477.65625|13.95391938523|100.62773781518|-13076|29665||49477.65625|8.5||793.75|6|49477.65625|880459|AIQ573|0|1752|-687.5|||3|3|2|1|1|132|18|["132,18,5,3628"]|636148142776560000|13:44:37:656
62|1.1|636147899759133643|880459|49482.65625|13.95100114619|100.62613385659|-13250|29342||49482.65625|7.5||737.5|5.25|49482.65625|880459|AIQ573|0|1752|-668.75|||3|3|2|1|1|132|5|["132,18,5,3628"]|636148142826560000|13:44:42:656
62|1.1|636147899809038633|880459|49487.640625|13.94830284796|100.62461572856|-13414|29044||49487.640625|7||687.5|4.75|49487.640625|880459|AIQ573|0|1752|-650|||3|3|2|1|1|132|5|["132,18,5,3628"]|636148142876410000|13:44:47:641
62|1.1|636147899858953624|880459|49492.640625|13.94561527855|100.62310832935|-13577|28746||49492.640625|6.75||631.25|4.5|49492.640625|880459|AIQ573|0|1752|-668.75|||3|3|2|1|1|132|18|["132,18,5,3628"]|636148142926410000|13:44:52:641
62|1.1|636147899908878616|880459|49497.6171875|13.94292234473|100.62159556573|-13740|28449||49497.6171875|6||581.25|3.75|49497.6171875|880459|AIQ573|0|1752|-650|||3|3|2|1|1|132|5|["132,18,5,3628"]|636148142976170000|13:44:57:617
62|1.1|636147899958803608|880459|49502.6171875|13.94034742793|100.62013644621|-13898|28164||49502.6171875|5.5||531.25|3.25|49502.6171875|880459|AIQ573|0|1752|-631.25|||3|3|2|1|1|132|5|["132,18,5,3628"]|636148143026170000|13:45:02:617
62|1.1|636147900008718599|880459|49507.6171875|13.93765449411|100.61861831818|-14062|27866||49507.6171875|5||475|2.75|49507.6171875|880459|AIQ573|0|1752|-631.25|||3|3|2|1|1|132|5|["132,18,5,3628"]|636148143076170000|13:45:07:617
62|1.1|636147900058643591|880459|49512.6015625|13.93506884849|100.61716456307|-14220|27580||49512.6015625|4.5||431.25|2.25|49512.6015625|880459|AIQ573|0|1752|-631.25|||3|3|2|1|1|132|5|["132,18,5,3628"]|636148143126020000|13:45:12:602
62|1.1|636147900108578584|880459|49517.6015625|13.93247247405|100.61569471473|-14379|27293||49517.6015625|4.25||368.75|1.75|49517.6015625|880459|AIQ573|0|1752|-631.25|||3|3|2|1|1|132|18|["132,18,5,3628"]|636148143176020000|13:45:17:602
62|1.1|636147900158483574|880459|49522.578125|13.92982781992|100.61420877316|-14540|27000||49522.578125|3.5||306.25|1|49522.578125|880459|AIQ573|0|1752|-668.75|||3|3|2|1|1|132|18|["132,18,5,3628"]|636148143225780000|13:45:22:578
62|1.1|636147900208408566|880459|49527.578125|13.92707051318|100.61269064513|-14704|26695||49527.578125|3||243.75|0.5|49527.578125|880459|AIQ573|0|1752|-650|||3|3|2|1|1|132|5|["132,18,5,3628"]|636148143275780000|13:45:27:578
62|1.1|636147900258323557|880459|49532.578125|13.92452241843|100.61123689002|-14861|26413||49532.578125|2.25||193.75|0|49532.578125|880459|AIQ573|0|1752|-650|||3|3|2|1|1|132|5|["132,18,5,3628"]|636148143325780000|13:45:32:578
62|1.1|636147900308248549|880459|49537.5625|13.92155053529|100.60960074497|-15038|26085||49537.5625|1.5||125|8191.25|49537.5625|880459|AIQ573|0|1752|-687.5|||3|3|2|1|1|132|5|["132,18,5,3628"]|636148143375630000|13:45:37:563
62|1.1|636147900358173541|880459|49542.5625|13.91880395737|100.60806652371|-15204|25781||49542.5625|1.5||62.5|8190.75|49542.5625|880459|AIQ573|0|1752|-687.5|||3|3|2|1|1|132|5|["132,18,5,3628"]|636148143425630000|13:45:42:563
62|1.1|636147900408098533|880459|49547.5390625|13.91604128622|100.60652157363|-15371|25475||49547.5390625|1.5||0|8190.5|49547.5390625|880459|AIQ573|0|1752|-687.5|||3|3|2|1|1|132|5|[]|636148143475390000|13:45:47:539
62|1.1|636147900458023525|880459|49552.5390625|13.91326788625|100.60497662355|-15538|25168||49552.5390625|2||0|8190.5|49552.5390625|880459|AIQ573|0|1752|-356.25|||3|3|2|1|1|132|18|["132,18,5,3628"]|636148143525390000|13:45:52:539
62|1.1|636147900507938516|880459|49557.5390625|13.91047839305|100.60342630906|-15706|24860||49557.5390625|2||0|8190.5|49557.5390625|880459|AIQ573|0|1752|-356.25|||3|3|3|1|1|132|18|["132,18,5,3628"]|636148143575390000|13:45:57:539
62|1.1|636147900557863508|880459|49562.515625|13.90771035749|100.60188672339|-15873|24554||49562.515625|2||0|0|49562.515625|880459|AIQ573|0|1752|0|||3|3|3|1|1|132|18|["132,18,5,3628"]|636148143625160000|13:46:02:516
62|1.1|636147900607788500|880459|49567.515625|13.90493159311|100.60032568008|-16041|24247||49567.515625|2||0|0|49567.515625|880459|AIQ573|0|1752|0|||3|3|3|1|1|132|18|["132,18,5,3628"]|636148143675160000|13:46:07:516
62|1.1|636147900657703491|880459|49572.5|13.90217965078|100.59879682323|-16207|23942||49572.5|2||0|0|49572.5|880459|AIQ573|0|1752|0|||3|3|3|1|1|132|18|["132,18,5,3628"]|636148143725000000|13:46:12:500
62|1.1|636147900707618482|880459|49577.5|13.8994008864|100.59724114433|-16375|23635||49577.5|2||0|0|49577.5|880459|AIQ573|0|1752|0|||3|3|3|1|1|132|18|["132,18,5,3628"]|636148143775000000|13:46:17:500
62|1.1|636147900757543474|880459|49582.5|13.89663285084|100.59569619425|-16542|23329||49582.5|2||0|0|49582.5|880459|AIQ573|0|1752|0|||3|3|3|1|1|132|18|[]|636148143825000000|13:46:22:500
62|1.1|636147900776265346|X|49584.0625||||||||||||X|X|X|1752|||||||1|1|0|0|[]|636148143840630000|13:46:24:063
