62|1.1|636147910635481169|880848|50569.2421875|4.37352300685|100.85333271332|11685|-1032251||50569.2421875|301.75||29918.75|||880848|X|0|2889||||3|3|3|1|1|132|50|["132,50,5"]|636148153692420000|14:02:49:242
62|1.1|636147910676055226|880848|50574.3359375|4.37788963659|100.8489231683|11193|-1031764||50574.3359375|301.75||29656.25|||880848|X|0|2889||||3|3|3|1|1|132|50|["132,50,5"]|636148153743360000|14:02:54:336
62|1.1|636147910725970217|880848|50579.3359375|4.38602744656|100.8452217254|10779|-1030859||50579.3359375|302||30175|302.25|50579.3359375|880848|AIQ316|0|2889|0|||3|3|0|1|1|132|50|["132,50,5"]|636148153793360000|14:02:59:336
62|1.1|636147910775905210|880848|50584.3203125|4.40142330326|100.84686323486|10962|-1029145||50584.3203125|302.25||30487.5|302.25|50584.3203125|880848|AIQ316|0|2889|0|||3|3|0|1|1|132|50|["132,50,5"]|636148153843200000|14:03:04:320
62|1.1|636147910825820201|880848|50589.3203125|4.41261882693|100.84646626852|10917|-1027899||50589.3203125|302.5||30525|302.5|50589.3203125|880848|AIQ316|0|2889|0|||3|3|0|1|1|132|50|["132,50,5"]|636148153893200000|14:03:09:320
62|1.1|636147910875735192|880848|50594.296875|4.42343347749|100.84314033432|10545|-1026695||50594.296875|303.25||30575|303.25|50594.296875|880848|AIQ316|0|2889|0|||3|3|0|1|1|132|50|["132,50,5"]|636148153942970000|14:03:14:297
62|1.1|636147910925660184|880848|50599.296875|4.43397990755|100.83797440749|9968|-1025521||50599.296875|304.25||30643.75|304.25|50599.296875|880848|AIQ316|0|2889|806.25|||3|3|1|1|1|132|50|["132,50,5"]|636148153992970000|14:03:19:297
62|1.1|636147910975575175|880848|50604.296875|4.44450487997|100.83408521024|9533|-1024350||50604.296875|305||30700|305.25|50604.296875|880848|AIQ316|0|2889|962.5|||3|3|1|1|1|132|50|["132,50,5"]|636148154042970000|14:03:24:297
62|1.1|636147911025510168|880848|50609.28125|4.45485282686|100.83017455535|9096|-1023198||50609.28125|306.25||30781.25|306.5|50609.28125|880848|AIQ316|0|2889|1143.75|||3|3|1|1|1|132|50|["132,50,5"]|636148154092810000|14:03:29:281
62|1.1|636147911075425159|880848|50614.28125|4.46561383332|100.82821118129|8876|-1022001||50614.28125|307.25||30862.5|307.75|50614.28125|880848|AIQ316|0|2889|1237.5|||3|3|1|1|1|132|50|["132,50,5"]|636148154142810000|14:03:34:281
62|1.1|636147911125340150|880848|50619.2578125|4.47648749239|100.82674133295|8712|-1020791||50619.2578125|308.5||30918.75|309.25|50619.2578125|880848|AIQ316|0|2889|1337.5|||3|3|1|1|1|132|50|["132,50,5"]|636148154192580000|14:03:39:258
62|1.1|636147911175265142|880848|50624.2578125|4.48713584624|100.82453656044|8465|-1019606||50624.2578125|309.75||31000|310.5|50624.2578125|880848|AIQ316|0|2889|1418.75|||3|3|1|1|1|132|50|["132,50,5"]|636148154242580000|14:03:44:258
62|1.1|636147911225190134|880848|50629.2578125|4.49766081866|100.82196700805|8178|-1018434||50629.2578125|311||31100|311.75|50629.2578125|880848|AIQ316|0|2889|1493.75|||3|3|1|1|1|132|50|["132,50,5"]|636148154292580000|14:03:49:258
62|1.1|636147911275105125|880848|50634.2421875|4.50804095201|100.81944573535|7896|-1017279||50634.2421875|312||31181.25|313.25|50634.2421875|880848|AIQ316|0|2889|1493.75|||3|3|1|1|1|132|50|["132,50,5"]|636148154342420000|14:03:54:242
62|1.1|636147911325030117|880848|50639.2421875|4.51848545828|100.81718731874|7644|-1016117||50639.2421875|313.25||31287.5|314.25|50639.2421875|880848|AIQ316|0|2889|1493.75|||3|3|1|1|1|132|50|["132,50,5"]|636148154392420000|14:03:59:242
62|1.1|636147911374985112|880848|50644.21875|4.5287422102|100.81451047815|7344|-1014975||50644.21875|314.5||31381.25|315.5|50644.21875|880848|AIQ316|0|2889|1518.75|||3|3|1|1|1|132|50|["132,50,5"]|636148154442190000|14:04:04:219
62|1.1|636147911424870100|880848|50649.21875|4.5390418774|100.81191946812|7055|-1013829||50649.21875|315.5||31481.25|316.75|50649.21875|880848|AIQ316|0|2889|1475|||3|3|1|1|1|132|50|["132,50,5"]|636148154492190000|14:04:09:219
62|1.1|636147911474845097|880848|50654.21875|4.54926644286|100.80914070374|6744|-1012691||50654.21875|316.75||31575|318.25|50654.21875|880848|AIQ316|0|2889|1475|||3|3|1|1|1|132|50|["132,50,5"]|636148154542190000|14:04:14:219
62|1.1|636147911524720084|880848|50659.1953125|4.55948564391|100.8065443293|6454|-1011554||50659.1953125|317.75||31681.25|319.25|50659.1953125|880848|AIQ316|0|2889|1456.25|||3|3|1|1|1|132|50|["132,50,5"]|636148154591950000|14:04:19:195
62|1.1|636147911574635075|880848|50664.1953125|4.569404438|100.80386748871|6155|-1010450||50664.1953125|319.75||32006.25|320.25|50664.1953125|880848|AIQ316|0|2889|1475|||3|3|1|1|1|132|51|["132,50,5"]|636148154641950000|14:04:24:195
62|1.1|636147911624560067|880848|50669.1796875|4.57880824873|100.80152860595|5894|-1009404||50669.1796875|321.5||32043.75|321.5|50669.1796875|880848|AIQ316|0|2889|1475|||3|3|1|1|1|132|50|["132,50,5"]|636148154691800000|14:04:29:180
62|1.1|636147911674485059|880848|50674.1796875|4.58917765326|100.79894296033|5605|-1008250||50674.1796875|322.5||32218.75|323.25|50674.1796875|880848|AIQ316|0|2889|1493.75|||3|3|1|1|1|132|50|["132,50,5"]|636148154741800000|14:04:34:180
62|1.1|636147911724410051|880848|50679.1796875|4.59984746475|100.79614273831|5292|-1007063||50679.1796875|324||32356.25|324.25|50679.1796875|880848|AIQ316|0|2889|1475|||3|3|1|1|1|132|51|["132,50,5"]|636148154791800000|14:04:39:180
62|1.1|636147911774325042|880848|50684.15625|4.60902060585|100.7939916099|5052|-1006042||50684.15625|325||32425|325.25|50684.15625|880848|AIQ316|0|2889|1475|||3|3|1|1|1|132|50|["132,50,5"]|636148154841560000|14:04:44:156
62|1.1|636147911824250034|880848|50689.15625|4.61921834926|100.79129867608|4751|-1004907||50689.15625|326.25||32631.25|326.75|50689.15625|880848|AIQ316|0|2889|1493.75|||3|3|1|1|1|132|50|["132,50,5"]|636148154891560000|14:04:49:156
62|1.1|636147911874175026|880848|50694.140625|4.62953410969|100.78891687804|4485|-1003759||50694.140625|327.5||32750|328.25|50694.140625|880848|AIQ316|0|2889|1556.25|||3|3|1|1|1|132|50|["132,50,5"]|636148154941410000|14:04:54:141
62|1.1|636147911924090017|880848|50699.140625|4.63993033627|100.78654044441|4219|-1002602||50699.140625|328.5||32868.75|329.25|50699.140625|880848|AIQ316|0|2889|1537.5|||3|3|1|1|1|132|50|["132,50,5"]|636148154991410000|14:04:59:141
62|1.1|636147911974015009|880848|50704.140625|4.64967746924|100.7837455868|3907|-1001518||50704.140625|329.75||33012.5|330.5|50704.140625|880848|AIQ316|0|2889|1518.75|||3|3|1|1|1|132|50|["132,50,5"]|636148155041410000|14:05:04:141
62|1.1|636147912023940001|880848|50709.1171875|4.66002541613|100.7807951613|3578|-1000366||50709.1171875|331.75||33118.75|331.75|50709.1171875|880848|AIQ316|0|2889|1475|||3|3|1|1|1|132|51|["132,50,5"]|636148155091170000|14:05:09:117
62|1.1|636147912073864993|880848|50714.1171875|4.66854946362|100.77871913463|3346|-999418||50714.1171875|332.25||33168.75|333.25|50714.1171875|880848|AIQ316|0|2889|1475|||3|3|1|1|1|132|50|["132,50,5"]|636148155141170000|14:05:14:117
62|1.1|636147912123779984|880848|50719.1015625|4.67759922329|100.77620859075|3066|-998411||50719.1015625|334||33325|334.25|50719.1015625|880848|AIQ316|0|2889|1493.75|||3|3|1|1|1|132|51|["132,50,5"]|636148155191020000|14:05:19:102
62|1.1|636147912173694975|880848|50724.1015625|4.68793644136|100.77349419929|2762|-997261||50724.1015625|335||33493.75|335.5|50724.1015625|880848|AIQ316|0|2889|1475|||3|3|1|1|1|132|51|["132,50,5"]|636148155241020000|14:05:24:102
62|1.1|636147912223629968|880848|50729.1015625|4.69802689657|100.77102657069|2487|-996138||50729.1015625|335.75||33618.75|336.75|50729.1015625|880848|AIQ316|0|2889|1493.75|||3|3|1|1|1|132|50|["132,50,5"]|636148155291020000|14:05:29:102
62|1.1|636147912273544959|880848|50734.078125|4.70719467326|100.76851602681|2206|-995118||50734.078125|337||33693.75|338.25|50734.078125|880848|AIQ316|0|2889|1475|||3|3|1|1|1|132|51|["132,50,5"]|636148155340780000|14:05:34:078
62|1.1|636147912323459950|880848|50739.078125|4.71726903524|100.76608058467|1935|-993997||50739.078125|337.75||33781.25|339.25|50739.078125|880848|AIQ316|0|2889|1437.5|||3|3|1|1|1|132|50|["132,50,5"]|636148155390780000|14:05:39:078
62|1.1|636147912373384942|880848|50744.0625|4.72724683784|100.76332327793|1627|-992887||50744.0625|338.75||33968.75|340.25|50744.0625|880848|AIQ316|0|2889|1375|||3|3|1|1|1|132|50|["132,50,5"]|636148155440630000|14:05:44:063
62|1.1|636147912423309934|880848|50749.0625|4.73607129229|100.7608932002|1355|-991905||50749.0625|340.75||34043.75|341.25|50749.0625|880848|AIQ316|0|2889|1318.75|||3|3|1|1|1|132|51|["132,50,5"]|636148155490630000|14:05:49:063
62|1.1|636147912473224925|880848|50754.0625|4.74614565427|100.75844702924|1082|-990784||50754.0625|342||34112.5|342.25|50754.0625|880848|AIQ316|0|2889|1318.75|||3|3|1|1|1|132|50|["132,50,5"]|636148155540630000|14:05:54:063
62|1.1|636147912523149917|880848|50759.0390625|4.75624147389|100.75602768033|812|-989661||50759.0390625|343||34175|343.25|50759.0390625|880848|AIQ316|0|2889|1337.5|||3|3|1|1|1|132|50|["132,50,5"]|636148155590390000|14:05:59:039
62|1.1|636147912573074909|880848|50764.0390625|4.76636947997|100.75362442465|544|-988534||50764.0390625|344||34237.5|344.5|50764.0390625|880848|AIQ316|0|2889|1337.5|||3|3|1|1|1|132|50|["132,50,5"]|636148155640390000|14:06:04:039
62|1.1|636147912622989900|880848|50769.015625|4.77592885859|100.75072764325|221|-987471||50769.015625|345.25||34500|345.25|50769.015625|880848|AIQ316|0|2889|1281.25|||3|3|1|1|1|132|51|["132,50,5"]|636148155690160000|14:06:09:016
62|1.1|636147912672914892|880848|50774.015625|4.78513955056|100.74850677751|-27|-986446||50774.015625|345.75||34568.75|346.25|50774.015625|880848|AIQ316|0|2889|1237.5|||3|3|1|1|1|132|50|["132,50,5"]|636148155740160000|14:06:14:016
62|1.1|636147912722839884|880848|50779.015625|4.79421613228|100.74610352183|-295|-985436||50779.015625|347||34650|347.25|50779.015625|880848|AIQ316|0|2889|1181.25|||3|3|1|1|1|132|51|["132,50,5"]|636148155790160000|14:06:19:016
62|1.1|636147912772754875|880848|50784|4.80427976544|100.74352324062|-583|-984317||50784|347.75||34775|348.25|50784|880848|AIQ316|0|2889|1125|||3|3|1|1|1|132|51|["132,50,5"]|636148155840000000|14:06:24:000
62|1.1|636147912822689868|880848|50789|4.81423074599|100.74113607817|-849|-983210||50789|348.25||34862.5|349.25|50789|880848|AIQ316|0|2889|1081.25|||3|3|1|1|1|132|50|["132,50,5"]|636148155890000000|14:06:29:000
62|1.1|636147912872604859|880848|50793.9765625|4.82418709095|100.73877573777|-1113|-982102||50793.9765625|349||34943.75|349.75|50793.9765625|880848|AIQ316|0|2889|1043.75|||3|3|1|1|1|132|50|["132,50,5"]|636148155939770000|14:06:33:977
62|1.1|636147912922529851|880848|50798.9765625|4.83417562237|100.73641003296|-1377|-980991||50798.9765625|349.75||35018.75|350.5|50798.9765625|880848|AIQ316|0|2889|1006.25|||3|3|1|1|1|132|50|["132,50,5"]|636148155989770000|14:06:38:977
62|1.1|636147912972454843|880848|50803.9765625|4.84356870428|100.73367418386|-1682|-979946||50803.9765625|350.5||35100|351.25|50803.9765625|880848|AIQ316|0|2889|981.25|||3|3|1|1|1|132|50|["132,50,5"]|636148156039770000|14:06:43:977
62|1.1|636147913022369834|880848|50808.9609375|4.85198009916|100.73124947054|-1953|-979010||50808.9609375|351.75||35118.75|351.75|50808.9609375|880848|AIQ316|0|2889|925|||3|3|1|1|1|132|51|["132,50,5"]|636148156089610000|14:06:48:961
62|1.1|636147913072284825|880848|50813.9609375|4.8618720712|100.72882475722|-2223|-977910||50813.9609375|352.25||35143.75|352.75|50813.9609375|880848|AIQ316|0|2889|925|||3|3|1|1|1|132|50|["132,50,5"]|636148156139610000|14:06:53:961
62|1.1|636147913122209817|880848|50818.9375|4.87164602622|100.72623374719|-2512|-976823||50818.9375|353.25||35318.75|353.75|50818.9375|880848|AIQ316|0|2889|1025|||3|3|1|1|1|132|51|["132,50,5"]|636148156189380000|14:06:58:938
62|1.1|636147913172134809|880848|50823.9375|4.88151654062|100.72387340679|-2776|-975725||50823.9375|353.75||35393.75|354.5|50823.9375|880848|AIQ316|0|2889|1043.75|||3|3|1|1|1|132|50|["132,50,5"]|636148156239380000|14:07:03:938
62|1.1|636147913222059801|880848|50828.9375|4.89073796141|100.72103026949|-3093|-974699||50828.9375|355.5||35531.25|355.5|50828.9375|880848|AIQ316|0|2889|1043.75|||3|3|1|1|1|132|51|["132,50,5"]|636148156289380000|14:07:08:938
62|1.1|636147913271984793|880848|50833.921875|4.89939611915|100.71868065791|-3355|-973736||50833.921875|355.5||35575|356.25|50833.921875|880848|AIQ316|0|2889|1043.75|||3|3|1|1|1|132|50|["132,50,5"]|636148156339220000|14:07:13:922
62|1.1|636147913321899784|880848|50838.921875|4.90834931944|100.7164758854|-3601|-972740||50838.921875|357.25||35668.75|357.25|50838.921875|880848|AIQ316|0|2889|1043.75|||3|3|1|1|1|132|50|["132,50,5"]|636148156389220000|14:07:18:922
62|1.1|636147913371814775|880848|50843.8984375|4.91764584197|100.71415309587|-3860|-971706||50843.8984375|357.75||35743.75|358.25|50843.8984375|880848|AIQ316|0|2889|1006.25|||3|3|1|1|1|132|50|["132,50,5"]|636148156438980000|14:07:23:898
62|1.1|636147913421739767|880848|50848.8984375|4.92791868712|100.71161036553|-4143|-970563||50848.8984375|358.5||35868.75|358.75|50848.8984375|880848|AIQ316|0|2889|981.25|||3|3|1|1|1|132|50|["132,50,5"]|636148156488980000|14:07:28:898
62|1.1|636147913471664759|880848|50853.8984375|4.93782138798|100.70925538954|-4406|-969461||50853.8984375|359.25||35950|359.25|50853.8984375|880848|AIQ316|0|2889|0|||3|3|0|1|1|132|50|["132,50,5"]|636148156538980000|14:07:33:898
62|1.1|636147913521589751|880848|50858.875|4.94761143623|100.70664828628|-4697|-968373||50858.875|359.75||35987.5|359.5|50858.875|880848|AIQ316|0|2889|0|||3|3|0|1|1|132|51|["132,50,5"]|636148156588750000|14:07:38:875
62|1.1|636147913571504742|880848|50863.875|4.95743903535|100.70428258147|-4960|-967279||50863.875|359.75||36056.25|359.75|50863.875|880848|AIQ316|0|2889|0|||3|3|0|1|1|132|50|["132,50,5"]|636148156638750000|14:07:43:875
62|1.1|636147913621429734|880848|50868.859375|4.96590943874|100.70185786815|-5231|-966337||50868.859375|360||35987.5|360.25|50868.859375|880848|AIQ316|0|2889|0|||3|3|0|1|1|132|50|["132,50,5"]|636148156688590000|14:07:48:859
62|1.1|636147913671354726|880848|50873.859375|4.97471243555|100.69942779042|-5502|-965358||50873.859375|360||35987.5|360.25|50873.859375|880848|AIQ316|0|2889|0|||3|3|0|1|1|132|50|["132,50,5"]|636148156738590000|14:07:53:859
62|1.1|636147913721269717|880848|50878.859375|4.9850925689|100.69690651772|-5783|-964203||50878.859375|360||36025|360|50878.859375|880848|AIQ316|0|2889|0|||3|3|0|1|1|132|50|["132,50,5"]|636148156788590000|14:07:58:859
62|1.1|636147913771194709|880848|50883.8359375|4.99508110032|100.69453008409|-6048|-963093||50883.8359375|360||36031.25|360|50883.8359375|880848|AIQ316|0|2889|0|||3|3|0|1|1|132|50|["132,50,5"]|636148156838360000|14:08:03:836
62|1.1|636147913821119701|880848|50888.8359375|5.00521447081|100.69215901487|-6312|-961965||50888.8359375|360||36018.75|360|50888.8359375|880848|AIQ316|0|2889|0|||3|3|0|1|1|132|50|["132,50,5"]|636148156888360000|14:08:08:836
62|1.1|636147913871044693|880848|50893.8203125|5.01538002776|100.68978258124|-6577|-960835||50893.8203125|360||36000|360|50893.8203125|880848|AIQ316|0|2889|0|||3|3|0|1|1|132|50|["132,50,5"]|636148156938200000|14:08:13:820
62|1.1|636147913920959684|880848|50898.8203125|5.02556167794|100.68735786792|-6847|-959702||50898.8203125|360||35962.5|360|50898.8203125|880848|AIQ316|0|2889|0|||3|3|0|1|1|132|50|["132,50,5"]|636148156988200000|14:08:18:820
62|1.1|636147913970884676|880848|50903.8203125|5.03528198886|100.68475612907|-7137|-958621||50903.8203125|360||35806.25|360|50903.8203125|880848|AIQ316|0|2889|0|||3|3|0|1|1|132|50|["132,50,5"]|636148157038200000|14:08:23:820
62|1.1|636147914020799667|880848|50908.796875|5.04505594388|100.68231532252|-7409|-957534||50908.796875|360||35718.75|360|50908.796875|880848|AIQ316|0|2889|0|||3|3|0|1|1|132|50|["132,50,5"]|636148157087970000|14:08:28:797
62|1.1|636147914070734660|880848|50913.796875|5.05487817859|100.67985842274|-7683|-956442||50913.796875|360||35662.5|360|50913.796875|880848|AIQ316|0|2889|0|||3|3|0|1|1|132|50|["132,50,5"]|636148157137970000|14:08:33:797
62|1.1|636147914120649651|880848|50918.78125|5.06448047249|100.67727814153|-7970|-955374||50918.78125|360||35662.5|360|50918.78125|880848|AIQ316|0|2889|0|||3|3|0|1|1|132|50|["132,50,5"]|636148157187810000|14:08:38:781
62|1.1|636147914170564642|880848|50923.78125|5.07427052074|100.67477832647|-8249|-954285||50923.78125|360||35643.75|360|50923.78125|880848|AIQ316|0|2889|0|||3|3|0|1|1|132|50|["132,50,5"]|636148157237810000|14:08:43:781
62|1.1|636147914220489634|880848|50928.78125|5.08400692489|100.6721122147|-8546|-953202||50928.78125|360||35612.5|360|50928.78125|880848|AIQ316|0|2889|0|||3|3|0|1|1|132|50|["132,50,5"]|636148157287810000|14:08:48:781
62|1.1|636147914270414626|880848|50933.7578125|5.09376478668|100.66963922169|-8821|-952117||50933.7578125|360||35618.75|360|50933.7578125|880848|AIQ316|0|2889|0|||3|3|0|1|1|132|50|["132,50,5"]|636148157337580000|14:08:53:758
62|1.1|636147914323459930|880848|50939.0625|5.10412346239|100.66693555905|-9123|-950965||50939.0625|360||35606.25|360|50939.0625|880848|AIQ316|0|2889|0|||3|3|0|1|1|132|50|["132,50,5"]|636148157390630000|14:08:59:063
62|1.1|636147914373374921|880848|50944.0625|5.11391887505|100.66453230337|-9390|-949876||50944.0625|360||35606.25|360|50944.0625|880848|AIQ316|0|2889|0|||3|3|0|1|1|132|51|["132,50,5"]|636148157440630000|14:09:04:063
62|1.1|636147914423299913|880848|50949.0625|5.12369819448|100.6622417003|-9645|-948788||50949.0625|360||35618.75|360|50949.0625|880848|AIQ316|0|2889|0|||3|3|0|1|1|132|50|["132,50,5"]|636148157490630000|14:09:09:063
62|1.1|636147914473214904|880848|50954.0390625|5.13337022571|100.65963996145|-9935|-947712||50954.0390625|360||35600|360|50954.0390625|880848|AIQ316|0|2889|0|||3|3|0|1|1|132|50|["132,50,5"]|636148157540390000|14:09:14:039
62|1.1|636147914523139896|880848|50959.0390625|5.1430207993|100.65696312086|-10233|-946639||50959.0390625|360||35575|360|50959.0390625|880848|AIQ316|0|2889|0|||3|3|0|1|1|132|50|["132,50,5"]|636148157590390000|14:09:19:039
62|1.1|636147914573074889|880848|50964.015625|5.15267137289|100.65447939903|-10510|-945566||50964.015625|360||35562.5|360|50964.015625|880848|AIQ316|0|2889|0|||3|3|0|1|1|132|50|["132,50,5"]|636148157640160000|14:09:24:016
62|1.1|636147914622979879|880848|50969.015625|5.1624399635|100.65236045708|-10746|-944480||50969.015625|360||35575|360|50969.015625|880848|AIQ316|0|2889|0|||3|3|0|1|1|132|51|["132,50,5"]|636148157690160000|14:09:29:016
62|1.1|636147914672904871|880848|50974.015625|5.17213881678|100.64993037935|-11017|-943401||50974.015625|360||35568.75|360|50974.015625|880848|AIQ316|0|2889|0|||3|3|0|1|1|132|51|["132,50,5"]|636148157740160000|14:09:34:016
62|1.1|636147914722829863|880848|50979|5.18177866155|100.64748420839|-11289|-942329||50979|360||35562.5|360|50979|880848|AIQ316|0|2889|0|||3|3|0|1|1|132|50|["132,50,5"]|636148157790000000|14:09:39:000
62|1.1|636147914772764856|880848|50984|5.19141850632|100.64494684246|-11571|-941257||50984|360||35543.75|360|50984|880848|AIQ316|0|2889|0|||3|3|0|1|1|132|51|["132,50,5"]|636148157840000000|14:09:44:000
62|1.1|636147914822689848|880848|50988.9765625|5.19998010468|100.64188376435|-11913|-940305||50988.9765625|360||35887.5|360|50988.9765625|880848|AIQ316|0|2889|0|||3|3|0|1|1|132|51|["132,50,5"]|636148157889770000|14:09:48:977
62|1.1|636147914872594838|880848|50993.9765625|5.20966286473|100.63911572879|-12221|-939228||50993.9765625|360||35956.25|360|50993.9765625|880848|AIQ316|0|2889|0|||3|3|0|1|1|132|50|["132,50,5"]|636148157939770000|14:09:53:977
62|1.1|636147914922509829|880848|50998.9765625|5.21859997179|100.63664810019|-12495|-938235||50998.9765625|360||35950|360|50998.9765625|880848|AIQ316|0|2889|0|||3|3|0|1|1|132|50|["132,50,5"]|636148157989770000|14:09:58:977
62|1.1|636147914972434821|880848|51003.9609375|5.22854558793|100.6342394801|-12764|-937129||51003.9609375|360||35912.5|360|51003.9609375|880848|AIQ316|0|2889|0|||3|3|0|1|1|132|50|["132,50,5"]|636148158039610000|14:10:03:961
62|1.1|636147915022349812|880848|51008.9609375|5.23860385668|100.63182013119|-13033|-936010||51008.9609375|360||35868.75|360|51008.9609375|880848|AIQ316|0|2889|0|||3|3|0|1|1|132|50|["132,50,5"]|636148158089610000|14:10:08:961
62|1.1|636147915072284805|880848|51013.9375|5.24862457456|100.62940078228|-13302|-934896||51013.9375|360||35825|360|51013.9375|880848|AIQ316|0|2889|0|||3|3|0|1|1|132|50|["132,50,5"]|636148158139380000|14:10:13:938
62|1.1|636147915122199796|880848|51018.9375|5.25817322436|100.62654155175|-13621|-933834||51018.9375|360||35981.25|360|51018.9375|880848|AIQ316|0|2889|0|||3|3|0|1|1|132|51|["132,50,5"]|636148158189380000|14:10:18:938
62|1.1|636147915172124788|880848|51023.9375|5.26729272136|100.62407392315|-13895|-932820||51023.9375|360||35968.75|360|51023.9375|880848|AIQ316|0|2889|0|||3|3|0|1|1|132|51|["132,50,5"]|636148158239380000|14:10:23:938
62|1.1|636147915222039779|880848|51028.921875|5.27719005781|100.62165993865|-14164|-931720||51028.921875|360||35937.5|360|51028.921875|880848|AIQ316|0|2889|0|||3|3|0|1|1|132|50|["132,50,5"]|636148158289220000|14:10:28:922
62|1.1|636147915271964771|880848|51033.921875|5.28695328401|100.61908502185|-14451|-930634||51033.921875|360||35975|360|51033.921875|880848|AIQ316|0|2889|0|||3|3|0|1|1|132|50|["132,50,5"]|636148158339220000|14:10:33:922
62|1.1|636147915321889763|880848|51038.921875|5.29675406108|100.61656911356|-14730|-929544||51038.921875|360||35981.25|360|51038.921875|880848|AIQ316|0|2889|0|||3|3|0|1|1|132|83|["132,50,5"]|636148158389220000|14:10:38:922
62|1.1|636147915371804754|880848|51043.8984375|5.30657093138|100.61387081533|-15031|-928453||51043.8984375|360||35981.25|360|51043.8984375|880848|AIQ316|0|2889|0|||3|3|0|1|1|132|51|["132,50,5"]|636148158438980000|14:10:43:898
62|1.1|636147915421739747|880848|51048.8984375|5.3154865808|100.61166067841|-15277|-927462||51048.8984375|360||35943.75|360|51048.8984375|880848|AIQ316|0|2889|0|||3|3|0|1|1|132|50|["132,50,5"]|636148158488980000|14:10:48:898
62|1.1|636147915471654738|880848|51053.875|5.32466508631|100.60931106683|-15538|-926441||51053.875|360||35931.25|360|51053.875|880848|AIQ316|0|2889|0|||3|3|0|1|1|132|83|["132,50,5"]|636148158538750000|14:10:53:875
62|1.1|636147915521569729|880848|51058.875|5.33405816822|100.6069346332|-15803|-925397||51058.875|360||35925|360|51058.875|880848|AIQ316|0|2889|0|||3|3|0|1|1|132|83|["132,50,5"]|636148158588750000|14:10:58:875
62|1.1|636147915571494721|880848|51063.859375|5.34416471666|100.60442408932|-16082|-924273||51063.859375|360||35962.5|360|51063.859375|880848|AIQ316|0|2889|0|||3|3|0|1|1|132|51|["132,50,5"]|636148158638590000|14:11:03:859
62|1.1|636147915621419713|880848|51068.859375|5.35496327399|100.60159168084|-16397|-923072||51068.859375|360||35956.25|360|51068.859375|880848|AIQ316|0|2889|0|||3|3|0|1|1|132|51|["132,50,5"]|636148158688590000|14:11:08:859
