62|1.1|636147897447112464|880853|49251.4609375|4.86245679189|102.78396777909|227113|-977191||49251.4609375|359.75||35875|359.75|49251.4609375|880853|AIQ350|0|2238|0|||3|3|0|1|1|132|50|["132,50,5"]|636148140514610000|13:40:51:461
62|1.1|636147897497027455|880853|49256.4609375|4.87043903397|102.77642005422|226266|-976308||49256.4609375|359.75||35875|359.75|49256.4609375|880853|AIQ350|0|2238|0|||3|3|0|1|1|132|50|["132,50,5"]|636148140564610000|13:40:56:461
62|1.1|636147897546952447|880853|49261.4375|4.8781262335|102.76886696494|225418|-975457||49261.4375|359.75||35862.5|359.75|49261.4375|880853|AIQ350|0|2238|0|||3|3|0|1|1|132|50|["132,50,5"]|636148140614380000|13:41:01:438
62|1.1|636147897596877439|880853|49266.4375|4.88533600054|102.76089008727|224523|-974660||49266.4375|359.75||35818.75|359.75|49266.4375|880853|AIQ350|0|2238|0|||3|3|0|1|1|132|50|["132,50,5"]|636148140664380000|13:41:06:438
62|1.1|636147897646792430|880853|49271.421875|4.89302320007|102.75339064209|223681|-973809||49271.421875|359.75||35831.25|359.75|49271.421875|880853|AIQ350|0|2238|0|||3|3|0|1|1|132|50|["132,50,5"]|636148140714220000|13:41:11:422
62|1.1|636147897696717422|880853|49276.421875|4.90030270444|102.74549959498|222796|-973004||49276.421875|359.75||35800|359.75|49276.421875|880853|AIQ350|0|2238|0|||3|3|0|1|1|132|50|["132,50,5"]|636148140764220000|13:41:16:422
62|1.1|636147897746652415|880853|49281.421875|4.90751247148|102.73754953936|221904|-972207||49281.421875|359.75||35762.5|359.75|49281.421875|880853|AIQ350|0|2238|0|||3|3|0|1|1|132|50|["132,50,5"]|636148140814220000|13:41:21:422
62|1.1|636147897796567406|880853|49286.3984375|4.91479197585|102.72970140753|221024|-971402||49286.3984375|360||35743.75|360|49286.3984375|880853|AIQ350|0|2238|0|||3|3|0|1|1|132|50|["132,50,5"]|636148140863980000|13:41:26:398
62|1.1|636147897846482397|880853|49291.3984375|4.92242016687|102.7221214962|220173|-970558||49291.3984375|360||35768.75|360|49291.3984375|880853|AIQ350|0|2238|0|||3|3|0|1|1|132|50|["132,50,5"]|636148140913980000|13:41:31:398
62|1.1|636147897896407389|880853|49296.375|4.92991424764|102.71449866959|219318|-969729||49296.375|360||35775|360|49296.375|880853|AIQ350|0|2238|0|||3|3|0|1|1|132|50|["132,50,5"]|636148140963750000|13:41:36:375
62|1.1|636147897946332381|880853|49301.375|4.93727421816|102.70671491068|218444|-968915||49301.375|360||35762.5|360|49301.375|880853|AIQ350|0|2238|0|||3|3|0|1|1|132|50|["132,50,5"]|636148141013750000|13:41:41:375
62|1.1|636147897996247372|880853|49306.375|4.94456981576|102.69890432972|217569|-968108||49306.375|360||35743.75|360|49306.375|880853|AIQ350|0|2238|0|||3|3|0|1|1|132|51|["132,50,5"]|636148141063750000|13:41:46:375
62|1.1|636147898046172364|880853|49311.359375|4.95209608299|102.69132441839|216718|-967275||49311.359375|360||35768.75|360|49311.359375|880853|AIQ350|0|2238|0|||3|3|0|1|1|132|51|["132,50,5"]|636148141113590000|13:41:51:359
62|1.1|636147898096097356|880853|49316.359375|4.95952042643|102.68359430358|215851|-966454||49316.359375|360||35768.75|360|49316.359375|880853|AIQ350|0|2238|0|||3|3|0|1|1|132|51|["132,50,5"]|636148141163590000|13:41:56:359
62|1.1|636147898146042350|880853|49321.3359375|4.96570559116|102.67578372262|214976|-965771||49321.3359375|360||35943.75|360|49321.3359375|880853|AIQ350|0|2238|0|||3|3|0|1|1|132|50|["132,50,5"]|636148141213360000|13:42:01:336
62|1.1|636147898195937339|880853|49326.3359375|4.9732372228|102.66812870955|214117|-964938||49326.3359375|360||35943.75|360|49326.3359375|880853|AIQ350|0|2238|0|||3|3|0|1|1|132|50|["132,50,5"]|636148141263360000|13:42:06:336
62|1.1|636147898245852330|880853|49331.3359375|4.98079031208|102.6604844253|213260|-964102||49331.3359375|360||35950|360|49331.3359375|880853|AIQ350|0|2238|0|||3|3|0|1|1|132|50|["132,50,5"]|636148141313360000|13:42:11:336
62|1.1|636147898295787323|880853|49336.3203125|4.98822538434|102.65280259018|212398|-963280||49336.3203125|360||35918.75|360|49336.3203125|880853|AIQ350|0|2238|0|||3|3|0|1|1|132|50|["132,50,5"]|636148141363200000|13:42:16:320
62|1.1|636147898345702314|880853|49341.3203125|4.99561217691|102.6450349245|211527|-962462||49341.3203125|360||35862.5|360|49341.3203125|880853|AIQ350|0|2238|0|||3|3|0|1|1|132|50|["132,50,5"]|636148141413200000|13:42:21:320
62|1.1|636147898395617305|880853|49346.296875|5.0030096983|102.63730480969|210660|-961644||49346.296875|359.75||35812.5|359.75|49346.296875|880853|AIQ350|0|2238|0|||3|3|0|1|1|132|50|["132,50,5"]|636148141462970000|13:42:26:297
62|1.1|636147898445542297|880853|49351.296875|5.01053596553|102.62960688134|209797|-960811||49351.296875|359.75||35812.5|359.75|49351.296875|880853|AIQ350|0|2238|0|||3|3|0|1|1|132|50|["132,50,5"]|636148141512970000|13:42:31:297
62|1.1|636147898495467289|880853|49356.296875|5.01799785984|102.62184994448|208927|-959986||49356.296875|359.75||35781.25|359.75|49356.296875|880853|AIQ350|0|2238|0|||3|3|0|1|1|132|50|["132,50,5"]|636148141562970000|13:42:36:297
62|1.1|636147898545382280|880853|49361.28125|5.02536319477|102.61407691439|208055|-959171||49361.28125|360||35750|360|49361.28125|880853|AIQ350|0|2238|0|||3|3|0|1|1|132|50|["132,50,5"]|636148141612810000|13:42:41:281
62|1.1|636147898595317273|880853|49366.28125|5.03273389411|102.60623414697|207176|-958356||49366.28125|360||35725|360|49366.28125|880853|AIQ350|0|2238|0|||3|3|0|1|1|132|50|["132,50,5"]|636148141662810000|13:42:46:281
62|1.1|636147898645232264|880853|49371.2578125|5.03890833002|102.59810170141|206265|-957674||49371.2578125|360||35912.5|359.75|49371.2578125|880853|AIQ350|0|2238|0|||3|3|0|1|1|132|50|["132,50,5"]|636148141712580000|13:42:51:258
62|1.1|636147898695147255|880853|49376.2578125|5.04634340228|102.59033940014|205395|-956852||49376.2578125|360||35912.5|360|49376.2578125|880853|AIQ350|0|2238|0|||3|3|0|1|1|132|50|["132,50,5"]|636148141762580000|13:42:56:258
62|1.1|636147898745072247|880853|49381.2578125|5.05377847454|102.58253418359|204520|-956029||49381.2578125|360||35900|360|49381.2578125|880853|AIQ350|0|2238|0|||3|3|0|1|1|132|50|["132,50,5"]|636148141812580000|13:43:01:258
62|1.1|636147898794997239|880853|49386.2421875|5.06129937736|102.5748147976|203655|-955197||49386.2421875|360||35925|360|49386.2421875|880853|AIQ350|0|2238|0|||3|3|0|1|1|132|50|["132,50,5"]|636148141862420000|13:43:06:242
62|1.1|636147898844912230|880853|49391.2421875|5.06877200049|102.56702030987|202781|-954370||49391.2421875|360||35925|360|49391.2421875|880853|AIQ350|0|2238|0|||3|3|0|1|1|132|50|["132,50,5"]|636148141912420000|13:43:11:242
62|1.1|636147898894837222|880853|49396.21875|5.07616415747|102.55918827127|201903|-953553||49396.21875|360||35893.75|360|49396.21875|880853|AIQ350|0|2238|0|||3|3|0|1|1|132|51|["132,50,5"]|636148141962190000|13:43:16:219
62|1.1|636147898944762214|880853|49401.21875|5.08271946649|102.55079833403|200964|-952828||49401.21875|360.25||35968.75|360|49401.21875|880853|AIQ350|0|2238|0|||3|3|0|1|1|132|50|["132,50,5"]|636148142012190000|13:43:21:219
62|1.1|636147898994687206|880853|49406.21875|5.0895376316|102.54259615114|200045|-952075||49406.21875|360.25||35968.75|360|49406.21875|880853|AIQ350|0|2238|0|||3|3|0|1|1|132|50|["132,50,5"]|636148142062190000|13:43:26:219
62|1.1|636147899047722509|880853|49411.515625|5.09591591509|102.53569751988|199272|-951369||49411.515625|360.25||35975|360|49411.515625|880853|AIQ350|0|2238|0|||3|3|0|1|1|132|50|["132,50,5"]|636148142115160000|13:43:31:516
62|1.1|636147899097647501|880853|49416.5|5.10290037691|102.52861649868|198478|-950596||49416.5|360||35987.5|360|49416.5|880853|AIQ350|0|2238|0|||3|3|0|1|1|132|50|["132,50,5"]|636148142165000000|13:43:36:500
62|1.1|636147899147572493|880853|49421.5|5.11053929675|102.52186270649|197720|-949750||49421.5|359.75||35987.5|359.75|49421.5|880853|AIQ350|0|2238|0|||3|3|0|1|1|132|50|["132,50,5"]|636148142215000000|13:43:41:500
62|1.1|636147899197487484|880853|49426.5|5.11959978524|102.51503381256|196953|-948746||49426.5|360||36012.5|359.75|49426.5|880853|AIQ350|0|2238|0|||3|3|0|1|1|132|50|["132,50,5"]|636148142265000000|13:43:46:500
62|1.1|636147899247412476|880853|49431.4765625|5.1297170625|102.51007173331|196395|-947624||49431.4765625|360||36012.5|359.75|49431.4765625|880853|AIQ350|0|2238|0|||3|3|0|1|1|132|50|["132,50,5"]|636148142314770000|13:43:51:477
62|1.1|636147899297337468|880853|49436.4765625|5.13898676298|102.50469123008|195789|-946596||49436.4765625|360.25||36006.25|360|49436.4765625|880853|AIQ350|0|2238|0|||3|3|0|1|1|132|50|["132,50,5"]|636148142364770000|13:43:56:477
62|1.1|636147899347252459|880853|49441.4609375|5.14793459886|102.49911760809|195163|-945604||49441.4609375|360.25||36018.75|360.25|49441.4609375|880853|AIQ350|0|2238|0|||3|3|0|1|1|132|50|["132,50,5"]|636148142414610000|13:44:01:461
62|1.1|636147899397177451|880853|49446.4609375|5.15636745138|102.49329185883|194508|-944669||49446.4609375|360.25||36025|360.25|49446.4609375|880853|AIQ350|0|2238|0|||3|3|0|1|1|132|50|["132,50,5"]|636148142464610000|13:44:06:461
62|1.1|636147899447102443|880853|49451.4609375|5.16487004123|102.48765386392|193875|-943726||49451.4609375|360.25||36025|360.25|49451.4609375|880853|AIQ350|0|2238|0|||3|3|0|1|1|132|50|["132,50,5"]|636148142514610000|13:44:11:461
62|1.1|636147899497027435|880853|49456.4375|5.17336190226|102.48207487752|193248|-942785||49456.4375|360||36000|360|49456.4375|880853|AIQ350|0|2238|0|||3|3|0|1|1|132|51|["132,50,5"]|636148142564380000|13:44:16:438
62|1.1|636147899546942426|880853|49461.4375|5.18203615323|102.47654953522|192627|-941823||49461.4375|360||35993.75|360|49461.4375|880853|AIQ350|0|2238|0|||3|3|0|1|1|132|51|["132,50,5"]|636148142614380000|13:44:21:438
62|1.1|636147899596867418|880853|49466.421875|5.19072649743|102.47105637938|192010|-940860||49466.421875|360||35987.5|360|49466.421875|880853|AIQ350|0|2238|0|||3|3|0|1|1|132|51|["132,50,5"]|636148142664220000|13:44:26:422
62|1.1|636147899646792410|880853|49471.421875|5.19937929076|102.46557931677|191395|-939901||49471.421875|360||35987.5|360|49471.421875|880853|AIQ350|0|2238|0|||3|3|0|1|1|132|51|["132,50,5"]|636148142714220000|13:44:31:422
62|1.1|636147899696707401|880853|49476.421875|5.20803208409|102.46011834739|190781|-938941||49476.421875|360||35981.25|360|49476.421875|880853|AIQ350|0|2238|0|||3|3|0|1|1|132|51|["132,50,5"]|636148142764220000|13:44:36:422
62|1.1|636147899746632393|880853|49481.3984375|5.21685653854|102.45479148826|190182|-937963||49481.3984375|360||35975|360|49481.3984375|880853|AIQ350|0|2238|0|||3|3|0|1|1|132|50|["132,50,5"]|636148142813980000|13:44:41:398
62|1.1|636147899796557385|880853|49486.3984375|5.22583119647|102.44948072236|189585|-936968||49486.3984375|360||35956.25|360|49486.3984375|880853|AIQ350|0|2238|0|||3|3|0|1|1|132|50|["132,50,5"]|636148142863980000|13:44:46:398
62|1.1|636147899846472376|880853|49491.375|5.23485413409|102.44422896497|188995|-935967||49491.375|360||35943.75|360|49491.375|880853|AIQ350|0|2238|0|||3|3|0|1|1|132|50|["132,50,5"]|636148142913750000|13:44:51:375
62|1.1|636147899896387367|880853|49496.375|5.2439789955|102.43896111435|188403|-934955||49496.375|360||35925|360|49496.375|880853|AIQ350|0|2238|0|||3|3|0|1|1|132|50|["132,50,5"]|636148142963750000|13:44:56:375
62|1.1|636147899946312359|880853|49501.375|5.25327015362|102.43388101808|187831|-933925||49501.375|360||35912.5|360|49501.375|880853|AIQ350|0|2238|0|||3|3|0|1|1|132|50|["132,50,5"]|636148143013750000|13:45:01:375
62|1.1|636147899996237351|880853|49506.359375|5.26288317634|102.42910132877|187293|-932858||49506.359375|360||35950|360|49506.359375|880853|AIQ350|0|2238|0|||3|3|0|1|1|132|50|["132,50,5"]|636148143063590000|13:45:06:359
62|1.1|636147900046162343|880853|49511.359375|5.27102098631|102.42279814702|186586|-931957||49511.359375|360||35981.25|360|49511.359375|880853|AIQ350|0|2238|0|||3|3|0|1|1|132|50|["132,50,5"]|636148143113590000|13:45:11:359
62|1.1|636147900096077334|880853|49516.3359375|5.2802424071|102.4184958902|186101|-930934||49516.3359375|360.25||35993.75|360|49516.3359375|880853|AIQ350|0|2238|0|||3|3|0|1|1|132|51|["132,50,5"]|636148143163360000|13:45:16:336
62|1.1|636147900146002326|880853|49521.3359375|5.28962476019|102.4145262268|185654|-929892||49521.3359375|360.25||35993.75|360|49521.3359375|880853|AIQ350|0|2238|0|||3|3|0|1|1|132|51|["132,50,5"]|636148143213360000|13:45:21:336
62|1.1|636147900195927318|880853|49526.3359375|5.29847067228|102.41087306359|185242|-928911||49526.3359375|360.25||35943.75|360.25|49526.3359375|880853|AIQ350|0|2238|0|||3|3|0|1|1|132|51|["132,50,5"]|636148143263360000|13:45:26:336
62|1.1|636147900245842309|880853|49531.3203125|5.3072253894|102.40705360367|184812|-927939||49531.3203125|360||35918.75|360|49531.3203125|880853|AIQ350|0|2238|0|||3|3|0|1|1|132|50|["132,50,5"]|636148143313200000|13:45:31:320
62|1.1|636147900295777302|880853|49536.3203125|5.31687596299|102.40343262692|184403|-926868||49536.3203125|360||35993.75|360|49536.3203125|880853|AIQ350|0|2238|0|||3|3|0|1|1|132|51|["132,50,5"]|636148143363200000|13:45:36:320
62|1.1|636147900345692293|880853|49541.296875|5.3270200623|102.39973654843|183986|-925742||49541.296875|360||36006.25|360|49541.296875|880853|AIQ350|0|2238|0|||3|3|0|1|1|132|51|["132,50,5"]|636148143412970000|13:45:41:297
62|1.1|636147900395607284|880853|49546.296875|5.33709442428|102.39615312255|183581|-924624||49546.296875|360||36006.25|360|49546.296875|880853|AIQ350|0|2238|0|||3|3|0|1|1|132|51|["132,50,5"]|636148143462970000|13:45:46:297
62|1.1|636147900445532276|880853|49551.296875|5.34720633713|102.39286473922|183209|-923501||49551.296875|360||36000|360|49551.296875|880853|AIQ350|0|2238|0|||3|3|0|1|1|132|51|["132,50,5"]|636148143512970000|13:45:51:297
62|1.1|636147900495457268|880853|49556.28125|5.35735580085|102.39019862745|182906|-922374||49556.28125|360||35993.75|360|49556.28125|880853|AIQ350|0|2238|0|||3|3|0|1|1|132|51|["132,50,5"]|636148143562810000|13:45:56:281
62|1.1|636147900545382260|880853|49561.28125|5.36770374774|102.38821379575|182680|-921225||49561.28125|360||35981.25|360|49561.28125|880853|AIQ350|0|2238|0|||3|3|0|1|1|132|51|["132,50,5"]|636148143612810000|13:46:01:281
62|1.1|636147900595297251|880853|49566.2578125|5.37748843158|102.38678149828|182515|-920137||49566.2578125|360||35931.25|360|49566.2578125|880853|AIQ350|0|2238|0|||3|3|0|1|1|132|50|["132,50,5"]|636148143662580000|13:46:06:258
62|1.1|636147900645222243|880853|49571.2578125|5.38798121754|102.38547794665|182364|-918971||49571.2578125|360||35893.75|360|49571.2578125|880853|AIQ350|0|2238|0|||3|3|0|1|1|132|50|["132,50,5"]|636148143712580000|13:46:11:258
62|1.1|636147900695147235|880853|49576.2578125|5.39855983406|102.38420121707|182216|-917796||49576.2578125|360||35968.75|360|49576.2578125|880853|AIQ350|0|2238|0|||3|3|0|1|1|132|50|["132,50,5"]|636148143762580000|13:46:16:258
62|1.1|636147900745062226|880853|49581.2421875|5.40913308617|102.382983496|182075|-916621||49581.2421875|360||36000|360|49581.2421875|880853|AIQ350|0|2238|0|||3|3|0|1|1|132|51|["132,50,5"]|636148143812420000|13:46:21:242
62|1.1|636147900794987218|880853|49586.2421875|5.41971170269|102.3820179022|181962|-915445||49586.2421875|360||36012.5|360|49586.2421875|880853|AIQ350|0|2238|0|||3|3|0|1|1|132|51|["132,50,5"]|636148143862420000|13:46:26:242
62|1.1|636147900844912210|880853|49591.21875|5.43022594629|102.38090210492|181832|-914277||49591.21875|360||36006.25|360.25|49591.21875|880853|AIQ350|0|2238|0|||3|3|0|1|1|132|50|["132,50,5"]|636148143912190000|13:46:31:219
62|1.1|636147900894837202|880853|49596.21875|5.44076164753|102.37979167205|181703|-913106||49596.21875|360||36000|360.25|49596.21875|880853|AIQ350|0|2238|0|||3|3|0|1|1|132|50|["132,50,5"]|636148143962190000|13:46:36:219
62|1.1|636147900944752193|880853|49601.21875|5.4514207302|102.37882607825|181589|-911922||49601.21875|360||35993.75|360|49601.21875|880853|AIQ350|0|2238|0|||3|3|0|1|1|132|50|["132,50,5"]|636148144012190000|13:46:41:219
62|1.1|636147900994677185|880853|49606.1953125|5.46197252467|102.37790339973|181481|-910749||49606.1953125|360||35987.5|360|49606.1953125|880853|AIQ350|0|2238|0|||3|3|0|1|1|132|50|["132,50,5"]|636148144061950000|13:46:46:195
62|1.1|636147901044592176|880853|49611.1953125|5.47140852186|102.37693780593|181369|-909700||49611.1953125|360||35937.5|360|49611.1953125|880853|AIQ350|0|2238|0|||3|3|0|1|1|132|50|["132,50,5"]|636148144111950000|13:46:51:195
62|1.1|636147901094517168|880853|49616.1796875|5.48209979099|102.37600439859|181259|-908512||49616.1796875|360||36006.25|360|49616.1796875|880853|AIQ350|0|2238|0|||3|3|0|1|1|132|51|["132,50,5"]|636148144161800000|13:46:56:180
62|1.1|636147901144282144|880853|49621.1796875|5.49199176303|102.37507635566|181150|-907413||49621.1796875|360||35987.5|360|49621.1796875|880853|AIQ350|0|2238|0|||3|3|0|1|1|132|51|["132,50,5"]|636148144211800000|13:47:01:180
62|1.1|636147901194207136|880853|49626.1796875|5.50232361669|102.37413758391|181040|-906265||49626.1796875|360||35975|360|49626.1796875|880853|AIQ350|0|2238|0|||3|3|0|1|1|132|51|["132,50,5"]|636148144261800000|13:47:06:180
62|1.1|636147901244132128|880853|49631.15625|5.51269838563|102.37320417657|180931|-905112||49631.15625|360||35981.25|357.75|49631.15625|880853|AIQ350|0|2238|0|||3|3|0|1|1|132|51|["132,50,5"]|636148144311560000|13:47:11:156
62|1.1|636147901294067121|880853|49636.15625|5.52293904432|102.37224394718|180819|-903974||49636.15625|360.25||36000|358|49636.15625|880853|AIQ350|0|2238|0|||3|3|0|1|1|132|51|["132,50,5"]|636148144361560000|13:47:16:156
62|1.1|636147901343972111|880853|49641.140625|5.53342110146|102.37131590425|180710|-902809||49641.140625|360.25||36012.5|358|49641.140625|880853|AIQ350|0|2238|0|||3|3|0|1|1|132|51|["132,50,5"]|636148144411410000|13:47:21:141
62|1.1|636147901393907104|880853|49646.140625|5.54381196363|102.37036103927|180598|-901655||49646.140625|360||36006.25|357.75|49646.140625|880853|AIQ350|0|2238|0|||3|3|0|1|1|132|50|["132,50,5"]|636148144461410000|13:47:26:141
62|1.1|636147901443812094|880853|49651.140625|5.55424037667|102.36939008106|180484|-900496||49651.140625|360||36000|357.75|49651.140625|880853|AIQ350|0|2238|0|||3|3|0|1|1|132|50|["132,50,5"]|636148144511410000|13:47:31:141
62|1.1|636147901493737086|880853|49656.1171875|5.56612254482|102.36836547875|180364|-899175||49656.1171875|360||36031.25|357.75|49656.1171875|880853|AIQ350|0|2238|0|||3|3|0|1|1|132|50|["132,50,5"]|636148144561170000|13:47:36:117
62|1.1|636147901543662078|880853|49661.1171875|5.57706057681|102.36743207141|180254|-897960||49661.1171875|360||36050|357.75|49661.1171875|880853|AIQ350|0|2238|0|||3|3|0|1|1|132|50|["132,50,5"]|636148144611170000|13:47:41:117
62|1.1|636147901593577069|880853|49666.1015625|5.58664677748|102.3664611132|180141|-896895||49666.1015625|360||35975|357.75|49666.1015625|880853|AIQ350|0|2238|0|||3|3|0|1|1|132|50|["132,50,5"]|636148144661020000|13:47:46:102
62|1.1|636147901643502061|880853|49671.1015625|5.59735950425|102.36554379909|180033|-895705||49671.1015625|360||35950|357.75|49671.1015625|880853|AIQ350|0|2238|0|||3|3|0|1|1|132|50|["132,50,5"]|636148144711020000|13:47:51:102
62|1.1|636147901693417052|880853|49676.1015625|5.60714418809|102.36456747647|179919|-894617||49676.1015625|360||35962.5|357.75|49676.1015625|880853|AIQ350|0|2238|0|||3|3|0|1|1|132|50|["132,50,5"]|636148144761020000|13:47:56:102
62|1.1|636147901743342044|880853|49681.078125|5.61722927889|102.36359115385|179805|-893497||49681.078125|360||35981.25|357.75|49681.078125|880853|AIQ350|0|2238|0|||3|3|0|1|1|132|50|["132,50,5"]|636148144810780000|13:48:01:078
62|1.1|636147901793267036|880853|49686.078125|5.62775425131|102.36266311092|179696|-892328||49686.078125|360||35987.5|357.75|49686.078125|880853|AIQ350|0|2238|0|||3|3|0|1|1|132|50|["132,50,5"]|636148144860780000|13:48:06:078
62|1.1|636147901843182027|880853|49691.0625|5.63830604578|102.36173506799|179587|-891155||49691.0625|360||35987.5|357.75|49691.0625|880853|AIQ350|0|2238|0|||3|3|0|1|1|132|50|["132,50,5"]|636148144910630000|13:48:11:063
62|1.1|636147901893107019|880853|49696.0625|5.64960885765|102.36080702506|179478|-889899||49696.0625|360||36037.5|357.75|49696.0625|880853|AIQ350|0|2238|0|||3|3|0|1|1|132|50|["132,50,5"]|636148144960630000|13:48:16:063
62|1.1|636147901943032011|880853|49701.0625|5.66048788113|102.35995408387|179377|-888690||49701.0625|360||36050|357.75|49701.0625|880853|AIQ350|0|2238|0|||3|3|0|1|1|132|50|["132,50,5"]|636148145010630000|13:48:21:063
62|1.1|636147901992947002|880853|49706.0390625|5.67135081138|102.35919233765|179287|-887484||49706.0390625|360||36068.75|357.75|49706.0390625|880853|AIQ350|0|2238|0|||3|3|0|1|1|132|50|["132,50,5"]|636148145060390000|13:48:26:039
62|1.1|636147902042871994|880853|49711.0390625|5.68224592809|102.35854324404|179209|-886273||49711.0390625|360||36081.25|357.75|49711.0390625|880853|AIQ350|0|2238|0|||3|3|0|1|1|132|50|["132,50,5"]|636148145110390000|13:48:31:039
62|1.1|636147902092796986|880853|49716.015625|5.69311958716|102.35778686223|179119|-885065||49716.015625|360||36043.75|357.75|49716.015625|880853|AIQ350|0|2238|0|||3|3|0|1|1|132|50|["132,50,5"]|636148145160160000|13:48:36:016
62|1.1|636147902142721978|880853|49721.015625|5.70397178859|102.35700902278|179026|-883859||49721.015625|360||36000|357.75|49721.015625|880853|AIQ350|0|2238|0|||3|3|0|1|1|132|50|["132,50,5"]|636148145210160000|13:48:41:016
62|1.1|636147902192636969|880853|49726.015625|5.71490445617|102.35625264097|178936|-882644||49726.015625|360||35981.25|357.75|49726.015625|880853|AIQ350|0|2238|0|||3|3|0|1|1|132|50|["132,50,5"]|636148145260160000|13:48:46:016
62|1.1|636147902242561961|880853|49731|5.72459258063|102.35438582629|178723|-881569||49731|360||35981.25|357.75|49731|880853|AIQ350|0|2238|0|||3|3|0|1|1|132|50|["132,50,5"]|636148145310000000|13:48:51:000
62|1.1|636147902292486953|880853|49736|5.73516583274|102.35340950367|178609|-880394||49736|360||35981.25|357.75|49736|880853|AIQ350|0|2238|0|||3|3|0|1|1|132|50|["132,50,5"]|636148145360000000|13:48:56:000
62|1.1|636147902342401944|880853|49740.9765625|5.74467693167|102.35237953695|178489|-879337||49740.9765625|360||35950|357.75|49740.9765625|880853|AIQ350|0|2238|0|||3|3|0|1|1|132|50|["132,50,5"]|636148145409770000|13:49:00:977
62|1.1|636147902392336937|880853|49745.9765625|5.75534674316|102.35159096868|178396|-878152||49745.9765625|360||35906.25|357.75|49745.9765625|880853|AIQ350|0|2238|0|||3|3|0|1|1|132|50|["132,50,5"]|636148145459770000|13:49:05:977
62|1.1|636147902442251928|880853|49750.9765625|5.76616675813|102.35058782401|178279|-876950||49750.9765625|360||35975|357.75|49750.9765625|880853|AIQ350|0|2238|0|||3|3|0|1|1|132|50|["132,50,5"]|636148145509770000|13:49:10:977
62|1.1|636147902492166919|880853|49755.9609375|5.77692240018|102.34981534897|178187|-875755||49755.9609375|360||35975|357.75|49755.9609375|880853|AIQ350|0|2238|0|||3|3|0|1|1|132|50|["132,50,5"]|636148145559610000|13:49:15:961
62|1.1|636147902542091911|880853|49760.9609375|5.78742055055|102.34872100933|178060|-874589||49760.9609375|360.25||36006.25|358|49760.9609375|880853|AIQ350|0|2238|0|||3|3|0|1|1|132|50|["132,50,5"]|636148145609610000|13:49:20:961
62|1.1|636147902592006902|880853|49765.9375|5.79792942974|102.34769640702|177940|-873422||49765.9375|360.25||36018.75|358|49765.9375|880853|AIQ350|0|2238|0|||3|3|0|1|1|132|50|["132,50,5"]|636148145659380000|13:49:25:938
62|1.1|636147902641931894|880853|49770.9375|5.80844367334|102.34671471999|177825|-872254||49770.9375|360.25||36018.75|358|49770.9375|880853|AIQ350|0|2238|0|||3|3|0|1|1|132|50|["132,50,5"]|636148145709380000|13:49:30:938
62|1.1|636147902691866887|880853|49775.9375|5.81895255253|102.3457544906|177713|-871087||49775.9375|360||35987.5|357.75|49775.9375|880853|AIQ350|0|2238|0|||3|3|0|1|1|132|50|["132,50,5"]|636148145759380000|13:49:35:938
62|1.1|636147902741771877|880853|49780.921875|5.82938632998|102.3447888968|177600|-869928||49780.921875|360||35981.25|357.75|49780.921875|880853|AIQ350|0|2238|0|||3|3|0|1|1|132|50|["132,50,5"]|636148145809220000|13:49:40:922
62|1.1|636147902791706870|880853|49785.921875|5.83881696276|102.34375893008|177480|-868880||49785.921875|360||35925|357.75|49785.921875|880853|AIQ350|0|2238|0|||3|3|0|1|1|132|50|["132,50,5"]|636148145859220000|13:49:45:922
62|1.1|636147902841621861|880853|49790.8984375|5.84934729959|102.34294353976|177384|-867711||49790.8984375|360||35887.5|357.75|49790.8984375|880853|AIQ350|0|2238|0|||3|3|0|1|1|132|50|["132,50,5"]|636148145908980000|13:49:50:898
62|1.1|636147902891536852|880853|49795.8984375|5.86002247549|102.34213351385|177288|-866525||49795.8984375|359.75||35850|357.5|49795.8984375|880853|AIQ350|0|2238|0|||3|3|0|1|1|132|50|["132,50,5"]|636148145958980000|13:49:55:898
62|1.1|636147902941461844|880853|49800.8984375|5.87077811754|102.34134494558|177195|-865330||49800.8984375|359.75||35812.5|357.5|49800.8984375|880853|AIQ350|0|2238|0|||3|3|0|1|1|132|50|["132,50,5"]|636148146008980000|13:50:00:898
62|1.1|636147902991386836|880853|49805.875|5.88151230195|102.34056710613|177103|-864137||49805.875|360||35781.25|357.75|49805.875|880853|AIQ350|0|2238|0|||3|3|0|1|1|132|50|["132,50,5"]|636148146058750000|13:50:05:875
62|1.1|636147903041311828|880853|49810.875|5.89218211344|102.33962296997|176992|-862952||49810.875|359.75||35718.75|357.5|49810.875|880853|AIQ350|0|2238|0|||3|3|0|1|1|132|50|["132,50,5"]|636148146108750000|13:50:10:875
62|1.1|636147903091226819|880853|49815.859375|5.9031576963|102.3386734694|176881|-861733||49815.859375|359.75||35768.75|357.5|49815.859375|880853|AIQ350|0|2238|0|||3|3|0|1|1|132|50|["132,50,5"]|636148146158590000|13:50:15:859
62|1.1|636147903141151811|880853|49820.859375|5.91380605015|102.33778297734|176776|-860550||49820.859375|359.75||35743.75|357.5|49820.859375|880853|AIQ350|0|2238|0|||3|3|0|1|1|132|50|["132,50,5"]|636148146208590000|13:50:20:859
62|1.1|636147903191076803|880853|49825.859375|5.92456705661|102.33693003615|176675|-859355||49825.859375|359.75||35762.5|357.5|49825.859375|880853|AIQ350|0|2238|0|||3|3|0|1|1|132|50|["132,50,5"]|636148146258590000|13:50:25:859
62|1.1|636147903241011796|880853|49830.8359375|5.93522613928|102.3360449085|176571|-858171||49830.8359375|359.75||35768.75|357.5|49830.8359375|880853|AIQ350|0|2238|0|||3|3|0|1|1|132|50|["132,50,5"]|636148146308360000|13:50:30:836
62|1.1|636147903290916786|880853|49835.8359375|5.94604078984|102.33521342495|176473|-856970||49835.8359375|359.75||35812.5|357.5|49835.8359375|880853|AIQ350|0|2238|0|||3|3|0|1|1|132|50|["132,50,5"]|636148146358360000|13:50:35:836
62|1.1|636147903340831777|880853|49840.8203125|5.95667841487|102.33431220407|176367|-855788||49840.8203125|359.75||35818.75|357.5|49840.8203125|880853|AIQ350|0|2238|0|||3|3|0|1|1|132|50|["132,50,5"]|636148146408200000|13:50:40:820
62|1.1|636147903390756769|880853|49845.8203125|5.96574963218|102.33261705051|176174|-854781||49845.8203125|359.75||35943.75|357.5|49845.8203125|880853|AIQ350|0|2238|0|||3|3|0|1|1|132|50|["132,50,5"]|636148146458200000|13:50:45:820
62|1.1|636147903440681761|880853|49850.8203125|5.97489595123|102.33145833795|176040|-853766||49850.8203125|359.75||35912.5|357.5|49850.8203125|880853|AIQ350|0|2238|0|||3|3|0|1|1|132|51|["132,50,5"]|636148146508200000|13:50:50:820
62|1.1|636147903490606753|880853|49855.796875|5.98549066098|102.3305732103|175936|-852589||49855.796875|359.75||35875|357.5|49855.796875|880853|AIQ350|0|2238|0|||3|3|0|1|1|132|50|["132,50,5"]|636148146557970000|13:50:55:797
62|1.1|636147903540521744|880853|49860.796875|5.99616583688|102.32969881147|175833|-851404||49860.796875|359.75||35837.5|357.5|49860.796875|880853|AIQ350|0|2238|0|||3|3|0|1|1|132|51|["132,50,5"]|636148146607970000|13:51:00:797
62|1.1|636147903590466738|880853|49865.78125|6.00684637719|102.32886732792|175735|-850217||49865.78125|359.75||35800|357.5|49865.78125|880853|AIQ350|0|2238|0|||3|3|0|1|1|132|50|["132,50,5"]|636148146657810000|13:51:05:781
62|1.1|636147903640371728|880853|49870.78125|6.01754301073|102.32800902232|175634|-849029||49870.78125|359.75||35756.25|357.5|49870.78125|880853|AIQ350|0|2238|0|||3|3|0|1|1|132|50|["132,50,5"]|636148146707810000|13:51:10:781
62|1.1|636147903690286719|880853|49875.78125|6.02837911893|102.32719899641|175538|-847826||49875.78125|360||35756.25|357.75|49875.78125|880853|AIQ350|0|2238|0|||3|3|0|1|1|132|50|["132,50,5"]|636148146757810000|13:51:15:781
62|1.1|636147903740211711|880853|49880.7578125|6.03713920046|102.32588471596|175387|-846853||49880.7578125|359.75||35950|357.75|49880.7578125|880853|AIQ350|0|2238|0|||3|3|0|1|1|132|50|["132,50,5"]|636148146807580000|13:51:20:758
62|1.1|636147903790136703|880853|49885.7578125|6.04718137598|102.32490839334|175273|-845738||49885.7578125|360||35975|357.75|49885.7578125|880853|AIQ350|0|2238|0|||3|3|0|1|1|132|51|["132,50,5"]|636148146857580000|13:51:25:758
62|1.1|636147903840051694|880853|49890.7421875|6.05746494995|102.32396425718|175163|-844596||49890.7421875|360||35987.5|357.75|49890.7421875|880853|AIQ350|0|2238|0|||3|3|0|1|1|132|51|["132,50,5"]|636148146907420000|13:51:30:742
62|1.1|636147903889976686|880853|49895.7421875|6.06795773591|102.32289673959|175039|-843431||49895.7421875|359.75||35987.5|357.5|49895.7421875|880853|AIQ350|0|2238|0|||3|3|0|1|1|132|51|["132,50,5"]|636148146957420000|13:51:35:742
62|1.1|636147903939901678|880853|49900.7421875|6.0781447505|102.32189895933|174923|-842300||49900.7421875|359.75||35975|357.5|49900.7421875|880853|AIQ350|0|2238|0|||3|3|0|1|1|132|50|["132,50,5"]|636148147007420000|13:51:40:742
62|1.1|636147903989826670|880853|49905.71875|6.08862144323|102.32093872994|174810|-841137||49905.71875|359.75||35975|357.5|49905.71875|880853|AIQ350|0|2238|0|||3|3|0|1|1|132|50|["132,50,5"]|636148147057190000|13:51:45:719
62|1.1|636147904039741661|880853|49910.71875|6.09930734795|102.32001068701|174701|-839950||49910.71875|359.75||35968.75|357.5|49910.71875|880853|AIQ350|0|2238|0|||3|3|0|1|1|132|51|["132,50,5"]|636148147107190000|13:51:50:719
62|1.1|636147904089676654|880853|49915.6953125|6.10977867627|102.31902363557|174586|-838787||49915.6953125|359.75||35975|357.5|49915.6953125|880853|AIQ350|0|2238|0|||3|3|0|1|1|132|50|["132,50,5"]|636148147156950000|13:51:55:695
62|1.1|636147904139601646|880853|49920.6953125|6.12044848776|102.31813314351|174481|-837602||49920.6953125|360||35968.75|357.75|49920.6953125|880853|AIQ350|0|2238|0|||3|3|0|1|1|132|51|["132,50,5"]|636148147206950000|13:52:00:695
62|1.1|636147904189516637|880853|49925.6953125|6.13119340099|102.31725874468|174378|-836409||49925.6953125|360||35968.75|357.75|49925.6953125|880853|AIQ350|0|2238|0|||3|3|0|1|1|132|50|["132,50,5"]|636148147256950000|13:52:05:695
62|1.1|636147904239431628|880853|49930.6796875|6.1419275854|102.31639507467|174277|-835217||49930.6796875|360||35962.5|357.75|49930.6796875|880853|AIQ350|0|2238|0|||3|3|0|1|1|132|50|["132,50,5"]|636148147306800000|13:52:10:680
62|1.1|636147904289356620|880853|49935.6796875|6.15273687155|102.31554749789|174177|-834017||49935.6796875|360||35962.5|357.75|49935.6796875|880853|AIQ350|0|2238|0|||3|3|0|1|1|132|50|["132,50,5"]|636148147356800000|13:52:15:680
62|1.1|636147904339281612|880853|49940.65625|6.16348714919|102.31465164142|174072|-832823||49940.65625|359.75||35956.25|357.5|49940.65625|880853|AIQ350|0|2238|0|||3|3|0|1|1|132|50|["132,50,5"]|636148147406560000|13:52:20:656
62|1.1|636147904389196603|880853|49945.65625|6.17453783379|102.31356266619|173945|-831596||49945.65625|360||36006.25|357.75|49945.65625|880853|AIQ350|0|2238|0|||3|3|0|1|1|132|50|["132,50,5"]|636148147456560000|13:52:25:656
62|1.1|636147904439121595|880853|49950.65625|6.18560997603|102.31244686891|173815|-830367||49950.65625|360||36037.5|357.75|49950.65625|880853|AIQ350|0|2238|0|||3|3|0|1|1|132|50|["132,50,5"]|636148147506560000|13:52:30:656
62|1.1|636147904489056588|880853|49955.640625|6.19633879603|102.31121305461|173672|-829176||49955.640625|360||35943.75|357.75|49955.640625|880853|AIQ350|0|2238|0|||3|3|0|1|1|132|50|["132,50,5"]|636148147556410000|13:52:35:641
62|1.1|636147904538961578|880853|49960.640625|6.20736802299|102.30996851149|173528|-827951||49960.640625|360.25||35956.25|358|49960.640625|880853|AIQ350|0|2238|0|||3|3|0|1|1|132|51|["132,50,5"]|636148147606410000|13:52:40:641
62|1.1|636147904588886570|880853|49965.6171875|6.21828996175|102.30871860396|173383|-826739||49965.6171875|360.25||35962.5|358|49965.6171875|880853|AIQ350|0|2238|0|||3|3|0|1|1|132|51|["132,50,5"]|636148147656170000|13:52:45:617
62|1.1|636147904638801561|880853|49970.6171875|6.22900268852|102.30737750146|173229|-825550||49970.6171875|360.25||35893.75|358|49970.6171875|880853|AIQ350|0|2238|0|||3|3|0|1|1|132|83|["132,50,5"]|636148147706170000|13:52:50:617
62|1.1|636147904688726553|880853|49975.6171875|6.23980661026|102.30604712778|173075|-824350||49975.6171875|360.5||35887.5|358|49975.6171875|880853|AIQ350|0|2238|0|||3|3|0|1|1|132|51|["132,50,5"]|636148147756170000|13:52:55:617
62|1.1|636147904738651545|880853|49980.6015625|6.25032621827|102.30441634714|172888|-823183||49980.6015625|360.5||35831.25|358|49980.6015625|880853|AIQ350|0|2238|0|||3|3|0|1|1|132|50|["132,50,5"]|636148147806020000|13:53:00:602
62|1.1|636147904788566536|880853|49985.6015625|6.26102285181|102.30306988023|172733|-821995||49985.6015625|360.5||35825|358|49985.6015625|880853|AIQ350|0|2238|0|||3|3|0|1|1|132|50|["132,50,5"]|636148147856020000|13:53:05:602
62|1.1|636147904838491528|880853|49990.578125|6.27195015498|102.30181460829|172588|-820782||49990.578125|360.5||35881.25|358|49990.578125|880853|AIQ350|0|2238|0|||3|3|0|1|1|132|50|["132,50,5"]|636148147905780000|13:53:10:578
62|1.1|636147904888416520|880853|49995.578125|6.2825824156|102.30046814138|172433|-819602||49995.578125|360.5||35856.25|358|49995.578125|880853|AIQ350|0|2238|0|||3|3|0|1|1|132|50|["132,50,5"]|636148147955780000|13:53:15:578
62|1.1|636147904938331511|880853|50000.578125|6.29302692187|102.29906266596|172271|-818443||50000.578125|360.5||35793.75|358|50000.578125|880853|AIQ350|0|2238|0|||3|3|0|1|1|132|51|["132,50,5"]|636148148005780000|13:53:20:578
62|1.1|636147904988256503|880853|50005.5625|6.302108868|102.29686325786|172022|-817435||50005.5625|360.5||36018.75|358|50005.5625|880853|AIQ350|0|2238|0|||3|3|0|1|1|132|51|["132,50,5"]|636148148055630000|13:53:25:563
62|1.1|636147905038181495|880853|50010.5625|6.3124085352|102.29531294337|171844|-816292||50010.5625|360.5||36025|358|50010.5625|880853|AIQ350|0|2238|0|||3|3|0|1|1|132|51|["132,50,5"]|636148148105630000|13:53:30:563
62|1.1|636147905088106487|880853|50015.5390625|6.32261700743|102.29374653565|171665|-815159||50015.5390625|360.25||36006.25|358|50015.5390625|880853|AIQ350|0|2238|0|||3|3|0|1|1|132|51|["132,50,5"]|636148148155390000|13:53:35:539
62|1.1|636147905138071483|880853|50020.5390625|6.33301859842|102.29234106023|171503|-814005||50020.5390625|360.25||36000|358|50020.5390625|880853|AIQ350|0|2238|0|||3|3|0|1|1|132|51|["132,50,5"]|636148148205390000|13:53:40:539
62|1.1|636147905187946470|880853|50025.5390625|6.34342018941|102.29098922891|171347|-812850||50025.5390625|360.25||36012.5|358|50025.5390625|880853|AIQ350|0|2238|0|||3|3|0|1|1|132|83|["132,50,5"]|636148148255390000|13:53:45:539
62|1.1|636147905237861461|880853|50030.515625|6.35389151773|102.28971786374|171201|-811688||50030.515625|360.25||36006.25|358|50030.515625|880853|AIQ350|0|2238|0|||3|3|0|1|1|132|83|["132,50,5"]|636148148305160000|13:53:50:516
62|1.1|636147905287786453|880853|50035.515625|6.36435211723|102.28850014267|171060|-810526||50035.515625|360.25||36012.5|358|50035.515625|880853|AIQ350|0|2238|0|||3|3|0|1|1|132|51|["132,50,5"]|636148148355160000|13:53:55:516
62|1.1|636147905337711445|880853|50040.5|6.3747429794|102.28732533688|170924|-809373||50040.5|360.25||36012.5|358|50040.5|880853|AIQ350|0|2238|0|||3|3|0|1|1|132|51|["132,50,5"]|636148148405000000|13:54:00:500
62|1.1|636147905387626436|880853|50045.5|6.38526795182|102.28613980227|170787|-808205||50045.5|360.25||36012.5|358|50045.5|880853|AIQ350|0|2238|0|||3|3|0|1|1|132|83|["132,50,5"]|636148148455000000|13:54:05:500
62|1.1|636147905437551428|880853|50050.5|6.3949668051|102.28500254735|170656|-807128||50050.5|360||35956.25|358|50050.5|880853|AIQ350|0|2238|0|||3|3|0|1|1|132|51|["132,50,5"]|636148148505000000|13:54:10:500
62|1.1|636147905487486421|880853|50055.4765625|6.40449936167|102.28395112299|170534|-806070||50055.4765625|360||35968.75|357.75|50055.4765625|880853|AIQ350|0|2238|0|||3|3|0|1|1|132|83|["132,50,5"]|636148148554770000|13:54:15:477
62|1.1|636147905537391411|880853|50060.4765625|6.4154588513|102.28280313925|170401|-804854||50060.4765625|360.25||36012.5|357.75|50060.4765625|880853|AIQ350|0|2238|0|||3|3|0|1|1|132|51|["132,50,5"]|636148148604770000|13:54:20:477
62|1.1|636147905587316403|880853|50065.4609375|6.42609647633|102.28162833346|170265|-803673||50065.4609375|360.25||36025|358|50065.4609375|880853|AIQ350|0|2238|0|||3|3|0|1|1|132|50|["132,50,5"]|636148148654610000|13:54:25:461
62|1.1|636147905637241395|880853|50070.4609375|6.43685748279|102.2804696209|170130|-802479||50070.4609375|360.25||36025|358|50070.4609375|880853|AIQ350|0|2238|0|||3|3|0|1|1|132|50|["132,50,5"]|636148148704610000|13:54:30:461
62|1.1|636147905687166387|880853|50075.4609375|6.44761848925|102.27929481511|169994|-801284||50075.4609375|360.25||36031.25|358|50075.4609375|880853|AIQ350|0|2238|0|||3|3|0|1|1|132|50|["132,50,5"]|636148148754610000|13:54:35:461
62|1.1|636147905737091379|880853|50080.4375|6.45831512279|102.27813073814|169859|-800097||50080.4375|360.25||36043.75|358|50080.4375|880853|AIQ350|0|2238|0|||3|3|0|1|1|132|50|["132,50,5"]|636148148804380000|13:54:40:438
62|1.1|636147905787006370|880853|50085.4375|6.46910831571|102.27697202558|169725|-798899||50085.4375|360||36031.25|357.75|50085.4375|880853|AIQ350|0|2238|0|||3|3|0|1|1|132|50|["132,50,5"]|636148148854380000|13:54:45:438
62|1.1|636147905836921361|880853|50090.421875|6.4798854154|102.27584013507|169593|-797703||50090.421875|360||36037.5|357.75|50090.421875|880853|AIQ350|0|2238|0|||3|3|0|1|1|132|50|["132,50,5"]|636148148904220000|13:54:50:422
62|1.1|636147905886846353|880853|50095.421875|6.4906142354|102.27470288015|169462|-796512||50095.421875|360||36018.75|357.75|50095.421875|880853|AIQ350|0|2238|0|||3|3|0|1|1|132|50|["132,50,5"]|636148148954220000|13:54:55:422
62|1.1|636147905936771345|880853|50100.421875|6.50131086894|102.27359781169|169333|-795325||50100.421875|359.75||35981.25|357.5|50100.421875|880853|AIQ350|0|2238|0|||3|3|0|1|1|132|50|["132,50,5"]|636148149004220000|13:55:00:422
62|1.1|636147905986686336|880853|50105.3984375|6.51171245993|102.27245519236|169201|-794170||50105.3984375|359.75||35881.25|357.5|50105.3984375|880853|AIQ350|0|2238|0|||3|3|0|1|1|132|50|["132,50,5"]|636148149053980000|13:55:05:398
62|1.1|636147906036631330|880853|50110.3984375|6.5223178985|102.2712964798|169067|-792994||50110.3984375|359.75||35837.5|357.5|50110.3984375|880853|AIQ350|0|2238|0|||3|3|0|1|1|132|50|["132,50,5"]|636148149103980000|13:55:10:398
62|1.1|636147906086526319|880853|50115.375|6.53255855719|102.27008948755|168927|-791857||50115.375|359.75||35712.5|357.5|50115.375|880853|AIQ350|0|2238|0|||3|3|0|1|1|132|51|["132,50,5"]|636148149153750000|13:55:15:375
62|1.1|636147906136451311|880853|50120.375|6.54342685185|102.26896832586|168797|-790651||50120.375|359.75||35762.5|357.5|50120.375|880853|AIQ350|0|2238|0|||3|3|0|1|1|132|83|["132,50,5"]|636148149203750000|13:55:20:375
62|1.1|636147906186386304|880853|50125.375|6.55441316353|102.26784716417|168667|-789432||50125.375|359.5||35843.75|357|50125.375|880853|AIQ350|0|2238|0|||3|3|0|1|1|132|83|["132,50,5"]|636148149253750000|13:55:25:375
62|1.1|636147906236301295|880853|50130.359375|6.56505078856|102.26667772279|168532|-788251||50130.359375|359.5||35837.5|357|50130.359375|880853|AIQ350|0|2238|0|||3|3|0|1|1|132|50|["132,50,5"]|636148149303590000|13:55:30:359
62|1.1|636147906286226287|880853|50135.359375|6.5758010662|102.26552973905|168399|-787058||50135.359375|359.75||35862.5|357.5|50135.359375|880853|AIQ350|0|2238|0|||3|3|0|1|1|132|50|["132,50,5"]|636148149353590000|13:55:35:359
62|1.1|636147906336141278|880853|50140.3359375|6.58619729278|102.2643227468|168259|-785904||50140.3359375|359.75||35787.5|357.5|50140.3359375|880853|AIQ350|0|2238|0|||3|3|0|1|1|132|50|["132,50,5"]|636148149403360000|13:55:40:336
62|1.1|636147906386066270|880853|50145.3359375|6.59637357855|102.26299237312|168106|-784775||50145.3359375|359.75||35675|357.5|50145.3359375|880853|AIQ350|0|2238|0|||3|3|0|1|1|132|50|["132,50,5"]|636148149453360000|13:55:45:336
62|1.1|636147906435981261|880853|50150.3359375|6.60688782215|102.26178001646|167966|-783608||50150.3359375|359.75||35662.5|357.5|50150.3359375|880853|AIQ350|0|2238|0|||3|3|0|1|1|132|50|["132,50,5"]|636148149503360000|13:55:50:336
62|1.1|636147906485906253|880853|50155.3203125|6.61750935395|102.26060521067|167830|-782430||50155.3203125|360||35706.25|357.75|50155.3203125|880853|AIQ350|0|2238|0|||3|3|0|1|1|132|83|["132,50,5"]|636148149553200000|13:55:55:320
62|1.1|636147906535841246|880853|50160.3203125|6.62772319059|102.25935530314|167686|-781296||50160.3203125|360||35631.25|357.75|50160.3203125|880853|AIQ350|0|2238|0|||3|3|0|1|1|132|50|["132,50,5"]|636148149603200000|13:56:00:320
62|1.1|636147906585756237|880853|50165.296875|6.63810868835|102.25812148884|167544|-780144||50165.296875|360||35625|357.75|50165.296875|880853|AIQ350|0|2238|0|||3|3|0|1|1|132|50|["132,50,5"]|636148149652970000|13:56:05:297
62|1.1|636147906635671228|880853|50170.296875|6.64851564375|102.25689303895|167402|-778989||50170.296875|360||35618.75|357.75|50170.296875|880853|AIQ350|0|2238|0|||3|3|0|1|1|132|83|["132,50,5"]|636148149702970000|13:56:10:297
62|1.1|636147906685596220|880853|50175.296875|6.65896015002|102.25566458906|167260|-777830||50175.296875|360||35625|357.75|50175.296875|880853|AIQ350|0|2238|0|||3|3|0|1|1|132|50|["132,50,5"]|636148149752970000|13:56:15:297
62|1.1|636147906735521212|880853|50180.28125|6.66968360561|102.25449514768|167125|-776640||50180.28125|360||35731.25|357.75|50180.28125|880853|AIQ350|0|2238|0|||3|3|0|1|1|132|50|["132,50,5"]|636148149802810000|13:56:20:281
62|1.1|636147906785436203|880853|50185.28125|6.68025685772|102.25328279102|166985|-775467||50185.28125|360||35762.5|357.75|50185.28125|880853|AIQ350|0|2238|0|||3|3|0|1|1|132|50|["132,50,5"]|636148149852810000|13:56:25:281
62|1.1|636147906835381197|880853|50190.2578125|6.6908140166|102.25208116318|166846|-774295||50190.2578125|360||35806.25|357.75|50190.2578125|880853|AIQ350|0|2238|0|||3|3|0|1|1|132|50|["132,50,5"]|636148149902580000|13:56:30:258
62|1.1|636147906885286187|880853|50195.2578125|6.70104931088|102.25082052683|166701|-773160||50195.2578125|360||35712.5|357.75|50195.2578125|880853|AIQ350|0|2238|0|||3|3|0|1|1|132|50|["132,50,5"]|636148149952580000|13:56:35:258
62|1.1|636147906935201178|880853|50200.2578125|6.71046385043|102.24931849203|166529|-772115||50200.2578125|360||35962.5|357.75|50200.2578125|880853|AIQ350|0|2238|0|||3|3|0|1|1|132|51|["132,50,5"]|636148150002580000|13:56:40:258
62|1.1|636147906985126170|880853|50205.2421875|6.71968527122|102.24805249127|166384|-771092||50205.2421875|360||35950|357.75|50205.2421875|880853|AIQ350|0|2238|0|||3|3|0|1|1|132|83|["132,50,5"]|636148150052420000|13:56:45:242
62|1.1|636147907035051162|880853|50210.2421875|6.73025852333|102.24685622784|166246|-769919||50210.2421875|360||35912.5|357.75|50210.2421875|880853|AIQ350|0|2238|0|||3|3|0|1|1|132|50|["132,50,5"]|636148150102420000|13:56:50:242
62|1.1|636147907084966153|880853|50215.21875|6.74097661451|102.24559559149|166100|-768730||50215.21875|360||35987.5|357.75|50215.21875|880853|AIQ350|0|2238|0|||3|3|0|1|1|132|51|["132,50,5"]|636148150152190000|13:56:55:219
62|1.1|636147907134891145|880853|50220.21875|6.75167324805|102.24440469247|165963|-767543||50220.21875|360||35987.5|357.75|50220.21875|880853|AIQ350|0|2238|0|||3|3|0|1|1|132|50|["132,50,5"]|636148150202190000|13:57:00:219
62|1.1|636147907184816137|880853|50225.21875|6.76242352569|102.24319770022|165823|-766350||50225.21875|360.25||35981.25|358|50225.21875|880853|AIQ350|0|2238|0|||3|3|0|1|1|132|50|["132,50,5"]|636148150252190000|13:57:05:219
62|1.1|636147907234741129|880853|50230.1953125|6.77331327799|102.24196925033|165681|-765142||50230.1953125|360.25||35968.75|358|50230.1953125|880853|AIQ350|0|2238|0|||3|3|0|1|1|132|50|["132,50,5"]|636148150301950000|13:57:10:195
62|1.1|636147907284656120|880853|50235.1953125|6.7840474624|102.24074616485|165540|-763951||50235.1953125|360.25||35950|358|50235.1953125|880853|AIQ350|0|2238|0|||3|3|0|1|1|132|50|["132,50,5"]|636148150351950000|13:57:15:195
62|1.1|636147907334591113|880853|50240.1796875|6.79491039265|102.23955526583|165402|-762746||50240.1796875|360.25||35981.25|358|50240.1796875|880853|AIQ350|0|2238|0|||3|3|0|1|1|132|50|["132,50,5"]|636148150401800000|13:57:20:180
62|1.1|636147907384496103|880853|50245.1796875|6.80567676352|102.23836973122|165265|-761551||50245.1796875|360.25||35968.75|358|50245.1796875|880853|AIQ350|0|2238|0|||3|3|0|1|1|132|50|["132,50,5"]|636148150451800000|13:57:25:180
62|1.1|636147907434421095|880853|50250.1796875|6.81642167675|102.2371788322|165127|-760359||50250.1796875|360.25||35937.5|358|50250.1796875|880853|AIQ350|0|2238|0|||3|3|0|1|1|132|50|["132,50,5"]|636148150501800000|13:57:30:180
62|1.1|636147907484356088|880853|50255.15625|6.82711831029|102.235998662|164991|-759172||50255.15625|360.25||35925|358|50255.15625|880853|AIQ350|0|2238|0|||3|3|0|1|1|132|50|["132,50,5"]|636148150551560000|13:57:35:156
62|1.1|636147907534261078|880853|50260.15625|6.8380670711|102.23480239857|164853|-757957||50260.15625|360.25||35968.75|358|50260.15625|880853|AIQ350|0|2238|0|||3|3|0|1|1|132|50|["132,50,5"]|636148150601560000|13:57:40:156
62|1.1|636147907584186070|880853|50265.140625|6.84843111122|102.23364368601|164718|-756808||50265.140625|360.25||35862.5|358|50265.140625|880853|AIQ350|0|2238|0|||3|3|0|1|1|132|51|["132,50,5"]|636148150651410000|13:57:45:141
62|1.1|636147907634111062|880853|50270.140625|6.85878442252|102.23244205817|164580|-755659||50270.140625|360.25||35775|358|50270.140625|880853|AIQ350|0|2238|0|||3|3|0|1|1|132|50|["132,50,5"]|636148150701410000|13:57:50:141
62|1.1|636147907684026053|880853|50275.140625|6.86653599497|102.23118142182|164436|-754799||50275.140625|360.25||35962.5|358|50275.140625|880853|AIQ350|0|2238|0|||3|3|0|1|1|132|83|["132,50,5"]|636148150751410000|13:57:55:141
62|1.1|636147907733961046|880853|50280.1171875|6.87720044205|102.23002807367|164303|-753616||50280.1171875|360||35918.75|357.75|50280.1171875|880853|AIQ350|0|2238|0|||3|3|0|1|1|132|50|["132,50,5"]|636148150801170000|13:58:00:117
62|1.1|636147907783866036|880853|50285.1171875|6.8862394729|102.22882644583|164165|-752613||50285.1171875|360||35981.25|357.75|50285.1171875|880853|AIQ350|0|2238|0|||3|3|0|1|1|132|51|["132,50,5"]|636148150851170000|13:58:05:117
62|1.1|636147907833791028|880853|50290.1015625|6.89666252153|102.22767846209|164032|-751457||50290.1015625|360||35975|357.75|50290.1015625|880853|AIQ350|0|2238|0|||3|3|0|1|1|132|83|["132,50,5"]|636148150901020000|13:58:10:102
62|1.1|636147907883716020|880853|50295.1015625|6.90785268079|102.22644464779|163889|-750216||50295.1015625|360||36006.25|357.75|50295.1015625|880853|AIQ350|0|2238|0|||3|3|0|1|1|132|51|["132,50,5"]|636148150951020000|13:58:15:102
62|1.1|636147907933661014|880853|50300.1015625|6.91905356887|102.22524301995|163750|-748973||50300.1015625|360||36025|357.75|50300.1015625|880853|AIQ350|0|2238|0|||3|3|0|1|1|132|83|["132,50,5"]|636148151001020000|13:58:20:102
62|1.1|636147907983556003|880853|50305.078125|6.92991113471|102.22401993447|163609|-747768||50305.078125|360||36025|357.75|50305.078125|880853|AIQ350|0|2238|0|||3|3|0|1|1|132|51|["132,50,5"]|636148151050780000|13:58:25:078
62|1.1|636147908033480995|880853|50310.078125|6.93983529321|102.22288267955|163478|-746667||50310.078125|360||35981.25|357.75|50310.078125|880853|AIQ350|0|2238|0|||3|3|0|1|1|132|50|["132,50,5"]|636148151100780000|13:58:30:078
62|1.1|636147908083395986|880853|50315.0625|6.94967362115|102.22169714494|163341|-745576||50315.0625|360||35975|357.75|50315.0625|880853|AIQ350|0|2238|0|||3|3|0|1|1|132|51|["132,50,5"]|636148151150630000|13:58:35:063
62|1.1|636147908133320978|880853|50320.0625|6.95989818661|102.22048478828|163202|-744442||50320.0625|360||35975|357.75|50320.0625|880853|AIQ350|0|2238|0|||3|3|0|1|1|132|50|["132,50,5"]|636148151200630000|13:58:40:063
62|1.1|636147908183255971|880853|50325.0625|6.9703534217|102.21932071131|163067|-743282||50325.0625|360||35981.25|357.75|50325.0625|880853|AIQ350|0|2238|0|||3|3|0|1|1|132|51|["132,50,5"]|636148151250630000|13:58:45:063
62|1.1|636147908233170962|880853|50330.0390625|6.98055652952|102.21801179527|162917|-742150||50330.0390625|360||36000|357.75|50330.0390625|880853|AIQ350|0|2238|0|||3|3|0|1|1|132|50|["132,50,5"]|636148151300390000|13:58:50:039
62|1.1|636147908283095954|880853|50335.0390625|6.99207391779|102.21672433687|162768|-740873||50335.0390625|360||36025|357.75|50335.0390625|880853|AIQ350|0|2238|0|||3|3|0|1|1|132|50|["132,50,5"]|636148151350390000|13:58:55:039
62|1.1|636147908333010945|880853|50340.015625|7.00293684804|102.21557635313|162635|-739668||50340.015625|360||36043.75|357.75|50340.015625|880853|AIQ350|0|2238|0|||3|3|0|1|1|132|50|["132,50,5"]|636148151400160000|13:59:00:016
62|1.1|636147908382925936|880853|50345.015625|7.01378904947|102.21447128467|162507|-738464||50345.015625|360||36068.75|357.75|50345.015625|880853|AIQ350|0|2238|0|||3|3|0|1|1|132|50|["132,50,5"]|636148151450160000|13:59:05:016
62|1.1|636147908432860929|880853|50350.015625|7.02461442885|102.21340376708|162383|-737263||50350.015625|360||36087.5|357.75|50350.015625|880853|AIQ350|0|2238|0|||3|3|0|1|1|132|50|["132,50,5"]|636148151500160000|13:59:10:016
62|1.1|636147908482775920|880853|50355|7.03538616413|102.21237380036|162263|-736068||50355|360||36112.5|357.75|50355|880853|AIQ350|0|2238|0|||3|3|0|1|1|132|50|["132,50,5"]|636148151550000000|13:59:15:000
62|1.1|636147908532550897|880853|50360|7.04622227233|102.2111614437|162124|-734866||50360|360||36050|357.75|50360|880853|AIQ350|0|2238|0|||3|3|0|1|1|132|50|["132,50,5"]|636148151600000000|13:59:20:000
62|1.1|636147908582475889|880853|50364.9765625|7.05704765171|102.20997054468|161986|-733665||50364.9765625|360||36000|357.75|50364.9765625|880853|AIQ350|0|2238|0|||3|3|0|1|1|132|50|["132,50,5"]|636148151649770000|13:59:24:977
62|1.1|636147908632560897|880853|50369.9765625|7.06758335295|102.20877428125|161848|-732497||50369.9765625|360||35850|357.75|50369.9765625|880853|AIQ350|0|2238|0|||3|3|0|1|1|132|51|["132,50,5"]|636148151699770000|13:59:29:977
62|1.1|636147908682305871|880853|50374.9765625|7.07631124802|102.2072990685|161680|-731529||50374.9765625|360||35968.75|357.75|50374.9765625|880853|AIQ350|0|2238|0|||3|3|0|1|1|132|83|["132,50,5"]|636148151749770000|13:59:34:977
62|1.1|636147908732380878|880853|50379.9609375|7.08690595777|102.20613499153|161546|-730354||50379.9609375|360||35937.5|357.75|50379.9609375|880853|AIQ350|0|2238|0|||3|3|0|1|1|132|50|["132,50,5"]|636148151799610000|13:59:39:961
62|1.1|636147908782305870|880853|50384.9609375|7.09809075262|102.20469732965|161380|-729113||50384.9609375|360||36006.25|357.75|50384.9609375|880853|AIQ350|0|2238|0|||3|3|0|1|1|132|51|["132,50,5"]|636148151849610000|13:59:44:961
62|1.1|636147908832240863|880853|50389.9375|7.10894831846|102.20337232038|161228|-727909||50389.9375|360||36018.75|357.75|50389.9375|880853|AIQ350|0|2238|0|||3|3|0|1|1|132|83|["132,50,5"]|636148151899380000|13:59:49:938
62|1.1|636147908881995838|880853|50394.9375|7.11992926573|102.20204731111|161075|-726691||50394.9375|360||36018.75|360|50394.9375|880853|AIQ350|0|2238|0|||3|3|0|1|1|132|50|["132,50,5"]|636148151949380000|13:59:54:938
62|1.1|636147908931920830|880853|50399.9375|7.12992852597|102.20070620861|160922|-725582||50399.9375|360||35987.5|360|50399.9375|880853|AIQ350|0|2238|0|||3|3|0|1|1|132|51|["132,50,5"]|636148151999380000|13:59:59:938
62|1.1|636147908981845822|880853|50404.921875|7.14059833746|102.19955822487|160789|-724399||50404.921875|359.75||35968.75|360|50404.921875|880853|AIQ350|0|2238|0|||3|3|0|1|1|132|50|["132,50,5"]|636148152049220000|14:00:04:922
62|1.1|636147909031760813|880853|50409.921875|7.15135934392|102.19842633436|160658|-723205||50409.921875|359.75||35950|359.75|50409.921875|880853|AIQ350|0|2238|0|||3|3|0|1|1|132|50|["132,50,5"]|636148152099220000|14:00:09:922
62|1.1|636147909081685805|880853|50414.8984375|7.16215253684|102.19732663031|160531|-722008||50414.8984375|359.75||35925|359.75|50414.8984375|880853|AIQ350|0|2238|0|||3|3|0|1|1|132|50|["132,50,5"]|636148152148980000|14:00:14:898
62|1.1|636147909131600796|880853|50419.8984375|7.17297791622|102.19626447713|160408|-720807||50419.8984375|360||35912.5|360|50419.8984375|880853|AIQ350|0|2238|0|||3|3|0|1|1|132|50|["132,50,5"]|636148152198980000|14:00:19:898
62|1.1|636147909181535789|880853|50424.8984375|7.18384084647|102.19505212047|160268|-719603||50424.8984375|360||35912.5|360|50424.8984375|880853|AIQ350|0|2238|0|||3|3|0|1|1|132|50|["132,50,5"]|636148152248980000|14:00:24:898
62|1.1|636147909231460781|880853|50429.875|7.19270285179|102.19368419592|160112|-718620||50429.875|360.25||35975|360|50429.875|880853|AIQ350|0|2238|0|||3|3|0|1|1|132|50|["132,50,5"]|636148152298750000|14:00:29:875
62|1.1|636147909281375772|880853|50434.875|7.2031688157|102.19260594951|159987|-717459||50434.875|360.25||35981.25|360|50434.875|880853|AIQ350|0|2238|0|||3|3|0|1|1|132|50|["132,50,5"]|636148152348750000|14:00:34:875
62|1.1|636147909331290763|880853|50439.859375|7.2139512798|102.1910985503|159814|-716263||50439.859375|360.25||36037.5|360|50439.859375|880853|AIQ350|0|2238|0|||3|3|0|1|1|132|51|["132,50,5"]|636148152398590000|14:00:39:859
62|1.1|636147909381215755|880853|50444.859375|7.22437432843|102.18983254954|159669|-715107||50444.859375|360.25||36037.5|360|50444.859375|880853|AIQ350|0|2238|0|||3|3|0|1|1|132|51|["132,50,5"]|636148152448590000|14:00:44:859
62|1.1|636147909431140747|880853|50449.859375|7.23391224941|102.18864165052|159532|-714050||50449.859375|360.25||36006.25|360|50449.859375|880853|AIQ350|0|2238|0|||3|3|0|1|1|132|51|["132,50,5"]|636148152498590000|14:00:49:859
62|1.1|636147909481055738|880853|50454.8359375|7.24423337425|102.18753658206|159404|-712905||50454.8359375|360.25||35987.5|360|50454.8359375|880853|AIQ350|0|2238|0|||3|3|0|1|1|132|50|["132,50,5"]|636148152548360000|14:00:54:836
62|1.1|636147909534091041|880853|50460.140625|7.25511776214|102.18640469155|159273|-711698||50460.140625|360||35981.25|360|50460.140625|880853|AIQ350|0|2238|0|||3|3|0|1|1|132|50|["132,50,5"]|636148152601410000|14:01:00:141
62|1.1|636147909584016033|880853|50465.140625|7.2653959717|102.18536399601|159153|-710558||50465.140625|360||35968.75|360|50465.140625|880853|AIQ350|0|2238|0|||3|3|0|1|1|132|50|["132,50,5"]|636148152651410000|14:01:05:141
62|1.1|636147909633931024|880853|50470.140625|7.2758565712|102.18440376662|159041|-709398||50470.140625|360||35962.5|360|50470.140625|880853|AIQ350|0|2238|0|||3|3|0|1|1|132|50|["132,50,5"]|636148152701410000|14:01:10:141
62|1.1|636147909683856016|880853|50475.1171875|7.2861025943|102.18323968965|158907|-708262||50475.1171875|360||35875|360|50475.1171875|880853|AIQ350|0|2238|0|||3|3|0|1|1|132|50|["132,50,5"]|636148152751170000|14:01:15:117
62|1.1|636147909733771007|880853|50480.1171875|7.29646127001|102.1820326974|158768|-707113||50480.1171875|360||35825|360|50480.1171875|880853|AIQ350|0|2238|0|||3|3|0|1|1|132|50|["132,50,5"]|636148152801170000|14:01:20:117
62|1.1|636147909783706000|880853|50485.1015625|7.30671265752|102.18098127304|158646|-705976||50485.1015625|360||35762.5|360|50485.1015625|880853|AIQ350|0|2238|0|||3|3|0|1|1|132|50|["132,50,5"]|636148152851020000|14:01:25:102
62|1.1|636147909833620991|880853|50490.1015625|7.31730736727|102.17970990787|158500|-704801||50490.1015625|360||35812.5|360|50490.1015625|880853|AIQ350|0|2238|0|||3|3|0|1|1|132|50|["132,50,5"]|636148152901020000|14:01:30:102
62|1.1|636147909883545983|880853|50495.1015625|7.32769822944|102.17850291562|158361|-703649||50495.1015625|360||35793.75|360|50495.1015625|880853|AIQ350|0|2238|0|||3|3|0|1|1|132|50|["132,50,5"]|636148152951020000|14:01:35:102
62|1.1|636147909933470975|880853|50500.078125|7.33782623552|102.17732810983|158226|-702526||50500.078125|360||35731.25|360|50500.078125|880853|AIQ350|0|2238|0|||3|3|0|1|1|132|50|["132,50,5"]|636148153000780000|14:01:40:078
62|1.1|636147909983385966|880853|50505.078125|7.34805080098|102.17614257522|158090|-701392||50505.078125|360||35693.75|360|50505.078125|880853|AIQ350|0|2238|0|||3|3|0|1|1|132|50|["132,50,5"]|636148153050780000|14:01:45:078
62|1.1|636147910033310958|880853|50510.0625|7.35849530725|102.17490339651|157947|-700234||50510.0625|360||35731.25|360|50510.0625|880853|AIQ350|0|2238|0|||3|3|0|1|1|132|50|["132,50,5"]|636148153100630000|14:01:50:063
62|1.1|636147910083225949|880853|50515.0625|7.36862867774|102.17373395513|157812|-699110||50515.0625|360||35668.75|360|50515.0625|880853|AIQ350|0|2238|0|||3|3|0|1|1|132|50|["132,50,5"]|636148153150630000|14:01:55:063
62|1.1|636147910133150941|880853|50520.0625|7.37929848923|102.17243576791|157663|-697927||50520.0625|360||35750|360|50520.0625|880853|AIQ350|0|2238|0|||3|3|0|1|1|132|50|["132,50,5"]|636148153200630000|14:02:00:063
62|1.1|636147910183065932|880853|50525.0390625|7.38928165624|102.17128241976|157530|-696820||50525.0390625|360.25||35656.25|360.25|50525.0390625|880853|AIQ350|0|2238|0|||3|3|0|1|1|132|51|["132,50,5"]|636148153250390000|14:02:05:039
62|1.1|636147910233000925|880853|50530.0390625|7.39938820468|102.17010761397|157395|-695700||50530.0390625|360.25||35600|360.25|50530.0390625|880853|AIQ350|0|2238|0|||3|3|0|1|1|132|50|["132,50,5"]|636148153300390000|14:02:10:039
62|1.1|636147910282915916|880853|50535.015625|7.40966641424|102.16886843526|157253|-694560||50535.015625|360||35593.75|360|50535.015625|880853|AIQ350|0|2238|0|||3|3|0|1|1|132|83|["132,50,5"]|636148153350160000|14:02:15:016
62|1.1|636147910332840908|880853|50540.015625|7.42008946287|102.16765071419|157112|-693404||50540.015625|360||35625|360|50540.015625|880853|AIQ350|0|2238|0|||3|3|0|1|1|132|51|["132,50,5"]|636148153400160000|14:02:20:016
62|1.1|636147910382765900|880853|50545.015625|7.42802342526|102.16654028132|156986|-692524||50545.015625|360||35937.5|360|50545.015625|880853|AIQ350|0|2238|0|||3|3|0|1|1|132|83|["132,50,5"]|636148153450160000|14:02:25:016
62|1.1|636147910432680891|880853|50550|7.4378617532|102.16538693317|156853|-691434||50550|360||35937.5|360|50550|880853|AIQ350|0|2238|0|||3|3|0|1|1|132|50|["132,50,5"]|636148153500000000|14:02:30:000
62|1.1|636147910482615884|880853|50555|7.44781809816|102.16414239005|156710|-690330||50555|360||35962.5|360|50555|880853|AIQ350|0|2238|0|||3|3|0|1|1|132|50|["132,50,5"]|636148153550000000|14:02:35:000
62|1.1|636147910532570879|880853|50559.9765625|7.45884732512|102.16293003339|156570|-689107||50559.9765625|360||36000|360|50559.9765625|880853|AIQ350|0|2238|0|||3|3|0|1|1|132|50|["132,50,5"]|636148153599770000|14:02:39:977
62|1.1|636147910582445866|880853|50564.9765625|7.46958150953|102.16185715139|156446|-687917||50564.9765625|360||36006.25|360|50564.9765625|880853|AIQ350|0|2238|0|||3|3|0|1|1|132|50|["132,50,5"]|636148153649770000|14:02:44:977
62|1.1|636147910632370858|880853|50569.9765625|7.47966123592|102.16055896417|156297|-686799||50569.9765625|360||35987.5|360|50569.9765625|880853|AIQ350|0|2238|0|||3|3|0|1|1|132|50|["132,50,5"]|636148153699770000|14:02:49:977
62|1.1|636147910682295850|880853|50574.9609375|7.48997699635|102.15921249726|156143|-685656||50574.9609375|360||35987.5|360|50574.9609375|880853|AIQ350|0|2238|0|||3|3|0|1|1|132|83|["132,50,5"]|636148153749610000|14:02:54:961
62|1.1|636147910732210841|880853|50579.9609375|7.50066826548|102.15813425085|156018|-684470||50579.9609375|360||35987.5|360|50579.9609375|880853|AIQ350|0|2238|0|||3|3|0|1|1|132|50|["132,50,5"]|636148153799610000|14:02:59:961
62|1.1|636147910782135833|880853|50584.9375|7.5121051876|102.15686288568|155872|-683202||50584.9375|360||36031.25|360|50584.9375|880853|AIQ350|0|2238|0|||3|3|0|1|1|132|50|["132,50,5"]|636148153849380000|14:03:04:938
62|1.1|636147910832060825|880853|50589.9375|7.52336508419|102.15556469846|155722|-681953||50589.9375|360||36025|360|50589.9375|880853|AIQ350|0|2238|0|||3|3|0|1|1|132|83|["132,50,5"]|636148153899380000|14:03:09:938
62|1.1|636147910881975816|880853|50594.9375|7.53442649761|102.15407875689|155552|-680727||50594.9375|360||36012.5|360|50594.9375|880853|AIQ350|0|2238|0|||3|3|0|1|1|132|83|["132,50,5"]|636148153949380000|14:03:14:938
62|1.1|636147910931900808|880853|50599.921875|7.54520896171|102.15275374762|155400|-679532||50599.921875|360||36006.25|360|50599.921875|880853|AIQ350|0|2238|0|||3|3|0|1|1|132|83|["132,50,5"]|636148153999220000|14:03:19:922
62|1.1|636147910981825800|880853|50604.921875|7.5559324173|102.15150384009|155256|-678343||50604.921875|360.25||36012.5|357.75|50604.921875|880853|AIQ350|0|2238|0|||3|3|0|1|1|132|83|["132,50,5"]|636148154049220000|14:03:24:922
62|1.1|636147911031740791|880853|50609.8984375|7.56638228798|102.15017883082|155104|-677184||50609.8984375|360.25||36025|358|50609.8984375|880853|AIQ350|0|2238|0|||3|3|0|1|1|132|83|["132,50,5"]|636148154098980000|14:03:29:898
62|1.1|636147911081665783|880853|50614.8984375|7.57689653158|102.14885382155|154952|-676019||50614.8984375|360.25||36025|358|50614.8984375|880853|AIQ350|0|2238|0|||3|3|0|1|1|132|51|["132,50,5"]|636148154148980000|14:03:34:898
62|1.1|636147911131590775|880853|50619.8984375|7.58759316512|102.14762000725|154811|-674833||50619.8984375|360||36006.25|358|50619.8984375|880853|AIQ350|0|2238|0|||3|3|0|1|1|132|83|["132,50,5"]|636148154198980000|14:03:39:898
62|1.1|636147911181505766|880853|50624.875|7.59828979866|102.14640228618|154670|-673647||50624.875|360||36000|357.75|50624.875|880853|AIQ350|0|2238|0|||3|3|0|1|1|132|51|["132,50,5"]|636148154248750000|14:03:44:875
62|1.1|636147911231450760|880853|50629.875|7.60894888133|102.14516310747|154528|-672465||50629.875|360||35993.75|357.75|50629.875|880853|AIQ350|0|2238|0|||3|3|0|1|1|132|83|["132,50,5"]|636148154298750000|14:03:49:875
62|1.1|636147911281355750|880853|50634.859375|7.61968843015|102.14395611522|154389|-671275||50634.859375|360||35993.75|357.75|50634.859375|880853|AIQ350|0|2238|0|||3|3|0|1|1|132|50|["132,50,5"]|636148154348590000|14:03:54:859
62|1.1|636147911331270741|880853|50639.859375|7.63048698748|102.14275985179|154251|-670078||50639.859375|360||35987.5|357.75|50639.859375|880853|AIQ350|0|2238|0|||3|3|0|1|1|132|50|["132,210,2,2199","132,50,5"]|636148154398590000|14:03:59:859
62|1.1|636147911381195733|880853|50644.859375|7.64119971425|102.14154213072|154111|-668890||50644.859375|360||35993.75|357.75|50644.859375|880853|AIQ350|0|2238|0|||3|3|0|1|1|132|83|["132,210,2,2199","132,50,5"]|636148154448590000|14:04:04:859
62|1.1|636147911431110724|880853|50649.8359375|7.65192316984|102.14036196052|153975|-667701||50649.8359375|360||35993.75|357.75|50649.8359375|880853|AIQ350|0|2238|0|||3|3|0|1|1|132|83|["132,210,2,2199","132,50,5"]|636148154498360000|14:04:09:836
62|1.1|636147911481055718|880853|50654.8359375|7.6626841763|102.1391710615|153838|-666508||50654.8359375|360||35987.5|357.75|50654.8359375|880853|AIQ350|0|2238|0|||3|3|0|1|1|132|50|["132,210,2,2199","132,50,5"]|636148154548360000|14:04:14:836
62|1.1|636147911530960708|880853|50659.8203125|7.67317159785|102.13785678105|153687|-665345||50659.8203125|360||35993.75|357.75|50659.8203125|880853|AIQ350|0|2238|0|||3|3|0|1|1|132|83|["132,210,2,2199","132,50,5"]|636148154598200000|14:04:19:820
62|1.1|636147911580875699|880853|50664.8203125|7.68328887511|102.13665515321|153549|-664224||50664.8203125|360||35981.25|357.75|50664.8203125|880853|AIQ350|0|2238|0|||3|3|0|1|1|132|83|["132,210,2,2199","132,50,5"]|636148154648200000|14:04:24:820
62|1.1|636147911630810692|880853|50669.8203125|7.69403378834|102.13553399152|153420|-663033||50669.8203125|360||35962.5|357.75|50669.8203125|880853|AIQ350|0|2238|0|||3|3|0|1|1|132|50|["132,210,2,2199","132,50,5"]|636148154698200000|14:04:29:820
62|1.1|636147911680725683|880853|50674.796875|7.70477870157|102.13447183834|153297|-661842||50674.796875|360||35943.75|357.75|50674.796875|880853|AIQ350|0|2238|0|||3|3|0|1|1|132|50|["132,210,2,2199","132,50,5"]|636148154747970000|14:04:34:797
62|1.1|636147911730640674|880853|50679.796875|7.71563626741|102.13343650721|153177|-660638||50679.796875|360.25||35931.25|358|50679.796875|880853|AIQ350|0|2238|0|||3|3|0|1|1|132|50|["132,210,2,2199","132,50,5"]|636148154797970000|14:04:39:797
62|1.1|636147911780565666|880853|50684.78125|7.72644018915|102.13236898962|153054|-659440||50684.78125|360.25||35900|358|50684.78125|880853|AIQ350|0|2238|0|||3|3|0|1|1|132|50|["132,210,2,2199","132,50,5"]|636148154847810000|14:04:44:781
62|1.1|636147911830490658|880853|50689.78125|7.73552749969|102.13098497184|152896|-658433||50689.78125|360.25||35968.75|358|50689.78125|880853|AIQ350|0|2238|0|||3|3|0|1|1|132|83|["132,210,2,2199","132,50,5"]|636148154897810000|14:04:49:781
62|1.1|636147911880405649|880853|50694.78125|7.74485084427|102.12961168288|152739|-657400||50694.78125|360.25||36006.25|358|50694.78125|880853|AIQ350|0|2238|0|||3|3|0|1|1|132|51|["132,210,2,2199","132,50,5"]|636148154947810000|14:04:54:781
62|1.1|636147911930330641|880853|50699.7578125|7.75486083333|102.12838323299|152598|-656290||50699.7578125|360.25||36018.75|358|50699.7578125|880853|AIQ350|0|2238|0|||3|3|0|1|1|132|51|["132,210,2,2199","132,50,5"]|636148154997580000|14:04:59:758
62|1.1|636147911980255633|880853|50704.7578125|7.76544481426|102.12732107981|152476|-655117||50704.7578125|360||36012.5|358|50704.7578125|880853|AIQ350|0|2238|0|||3|3|0|1|1|132|51|["132,210,2,2199","132,50,5"]|636148155047580000|14:05:04:758
62|1.1|636147912030180625|880853|50709.7421875|7.77589468494|102.1260819011|152333|-653959||50709.7421875|360||35993.75|357.75|50709.7421875|880853|AIQ350|0|2238|0|||3|3|0|1|1|132|83|["132,210,2,2199","132,50,5"]|636148155097420000|14:05:09:742
62|1.1|636147912080115618|880853|50714.7421875|7.78610852158|102.12466033245|152171|-652826||50714.7421875|360||36000|357.75|50714.7421875|880853|AIQ350|0|2238|0|||3|3|0|1|1|132|50|["132,210,2,2199","132,50,5"]|636148155147420000|14:05:14:742
62|1.1|636147912130020608|880853|50719.7421875|7.79642428201|102.12334068759|152020|-651683||50719.7421875|360||36000|357.75|50719.7421875|880853|AIQ350|0|2238|0|||3|3|0|1|1|132|50|["132,210,2,2199","132,50,5"]|636148155197420000|14:05:19:742
62|1.1|636147912179945600|880853|50724.71875|7.80684196623|102.12208541565|151876|-650529||50724.71875|360||36000|357.75|50724.71875|880853|AIQ350|0|2238|0|||3|3|0|1|1|132|50|["132,210,2,2199","132,50,5"]|636148155247190000|14:05:24:719
62|1.1|636147912229860591|880853|50729.71875|7.81731865896|102.12083550812|151732|-649367||50729.71875|360||36006.25|357.75|50729.71875|880853|AIQ350|0|2238|0|||3|3|0|1|1|132|50|["132,210,2,2199","132,50,5"]|636148155297190000|14:05:29:719
62|1.1|636147912279785583|880853|50734.6953125|7.82776316523|102.11961242264|151592|-648210||50734.6953125|360||36006.25|357.75|50734.6953125|880853|AIQ350|0|2238|0|||3|3|0|1|1|132|50|["132,210,2,2199","132,50,5"]|636148155346950000|14:05:34:695
62|1.1|636147912329710575|880853|50739.6953125|7.83834178175|102.11843225244|151456|-647037||50739.6953125|360||36000|357.75|50739.6953125|880853|AIQ350|0|2238|0|||3|3|0|1|1|132|50|["132,210,2,2199","132,50,5"]|636148155396950000|14:05:39:695
62|1.1|636147912379635567|880853|50744.6953125|7.84894185591|102.11724135342|151319|-645862||50744.6953125|360||36000|357.75|50744.6953125|880853|AIQ350|0|2238|0|||3|3|0|1|1|132|50|["132,210,2,2199","132,50,5"]|636148155446950000|14:05:44:695
62|1.1|636147912429550558|880853|50749.6796875|7.85965994709|102.11601826794|151179|-644674||50749.6796875|360||35993.75|357.75|50749.6796875|880853|AIQ350|0|2238|0|||3|3|0|1|1|132|51|["132,210,2,2199","132,50,5"]|636148155496800000|14:05:49:680
62|1.1|636147912479465549|880853|50754.6796875|7.87008836013|102.1148702842|151047|-643518||50754.6796875|360||35993.75|357.75|50754.6796875|880853|AIQ350|0|2238|0|||3|3|0|1|1|132|51|["132,210,2,2199","132,50,5"]|636148155546800000|14:05:54:680
62|1.1|636147912529390541|880853|50759.65625|7.88051677317|102.11364183431|150906|-642362||50759.65625|360||36000|357.75|50759.65625|880853|AIQ350|0|2238|0|||3|3|0|1|1|132|51|["132,210,2,2199","132,50,5"]|636148155596560000|14:05:59:656
62|1.1|636147912579315533|880853|50764.65625|7.89091836416|102.11238119796|150761|-641209||50764.65625|360||36000|357.75|50764.65625|880853|AIQ350|0|2238|0|||3|3|0|1|1|132|82|["132,210,2,2199","132,82,5","132,50,5"]|636148155646560000|14:06:04:656
62|1.1|636147912629230524|880853|50769.65625|7.90216216752|102.11119029894|150624|-639963||50769.65625|360||36012.5|357.75|50769.65625|880853|AIQ350|0|2238|0|||3|3|0|1|1|132|82|["132,210,2,2199","132,82,5","132,50,5"]|636148155696560000|14:06:09:656
62|1.1|636147912679155516|880853|50774.640625|7.91297681808|102.11011205253|150499|-638765||50774.640625|360||36006.25|360|50774.640625|880853|AIQ350|0|2238|0|||3|3|0|1|1|132|82|["132,210,2,2199","132,82,5","132,50,5"]|636148155746410000|14:06:14:641
62|1.1|636147912729080508|880853|50779.640625|7.9231262818|102.10884068736|150354|-637640||50779.640625|360||35993.75|360|50779.640625|880853|AIQ350|0|2238|0|||3|3|0|1|1|132|82|["132,210,2,2199","132,82,5","132,50,5"]|636148155796410000|14:06:19:641
62|1.1|636147912779005500|880853|50784.6171875|7.93317918614|102.10758541542|150210|-636526||50784.6171875|360||35987.5|360|50784.6171875|880853|AIQ350|0|2238|0|||3|3|0|1|1|132|82|["132,210,2,2199","132,82,5","132,50,5"]|636148155846170000|14:06:24:617
62|1.1|636147912828920491|880853|50789.6171875|7.94362905682|102.10638378758|150072|-635367||50789.6171875|360||35987.5|360|50789.6171875|880853|AIQ350|0|2238|0|||3|3|0|1|1|132|82|["132,210,2,2199","132,82,5","132,50,5"]|636148155896170000|14:06:29:617
62|1.1|636147912878855484|880853|50794.6171875|7.95379997818|102.10511778682|149927|-634240||50794.6171875|360||35993.75|360|50794.6171875|880853|AIQ350|0|2238|0|||3|3|0|1|1|132|83|["132,210,2,2199","132,82,5","132,50,5"]|636148155946170000|14:06:34:617
62|1.1|636147912928770475|880853|50799.6015625|7.96580552776|102.10380887078|149776|-632909||50799.6015625|360||36012.5|360|50799.6015625|880853|AIQ350|0|2238|0|||3|3|0|1|1|132|50|["132,210,2,2199","132,82,5","132,50,5"]|636148155996020000|14:06:39:602
62|1.1|636147912978695467|880853|50804.6015625|7.97685084795|102.10257505648|149635|-631685||50804.6015625|360||36012.5|360|50804.6015625|880853|AIQ350|0|2238|0|||3|3|0|1|1|132|82|["132,210,2,2199","132,82,5","132,50,5"]|636148156046020000|14:06:44:602
62|1.1|636147913028610458|880853|50809.578125|7.98650142154|102.10136806423|149496|-630616||50809.578125|360||35993.75|360|50809.578125|880853|AIQ350|0|2238|0|||3|3|0|1|1|132|82|["132,210,2,2199","132,82,5","132,50,5"]|636148156095780000|14:06:49:578
62|1.1|636147913078535450|880853|50814.578125|7.9966186988|102.10021471608|149364|-629495||50814.578125|360||35981.25|360|50814.578125|880853|AIQ350|0|2238|0|||3|3|0|1|1|132|82|["132,210,2,2199","132,82,5","132,50,5"]|636148156145780000|14:06:54:578
62|1.1|636147913128450441|880853|50819.578125|8.00696664569|102.09907209675|149233|-628348||50819.578125|360||35968.75|360|50819.578125|880853|AIQ350|0|2238|0|||3|3|0|1|1|132|82|["132,210,2,2199","132,82,5","132,50,5"]|636148156195780000|14:06:59:578
62|1.1|636147913178375433|880853|50824.5625|8.018183627|102.09785974009|149093|-627104||50824.5625|360||36000|360|50824.5625|880853|AIQ350|0|2238|0|||3|3|0|1|1|132|83|["132,210,2,2199","132,82,5","132,50,5"]|636148156245630000|14:07:04:563
62|1.1|636147913228310426|880853|50829.5625|8.02920212514|102.09665811225|148954|-625883||50829.5625|360||36006.25|360|50829.5625|880853|AIQ350|0|2238|0|||3|3|0|1|1|132|82|["132,210,2,2199","132,82,5","132,50,5"]|636148156295630000|14:07:09:563
62|1.1|636147913278215416|880853|50834.5390625|8.0400167757|102.09562278112|148835|-624685||50834.5390625|360||36012.5|360|50834.5390625|880853|AIQ350|0|2238|0|||3|3|0|1|1|132|82|["132,210,2,2199","132,82,5","132,50,5"]|636148156345390000|14:07:14:539
62|1.1|636147913328140408|880853|50839.5390625|8.05064367191|102.09441578887|148696|-623507||50839.5390625|360.25||36018.75|360|50839.5390625|880853|AIQ350|0|2238|0|||3|3|0|1|1|132|83|["132,210,2,2199","132,82,5","132,50,5"]|636148156395390000|14:07:19:539
62|1.1|636147913378065400|880853|50844.5390625|8.06127056812|102.0934662883|148586|-622329||50844.5390625|360.25||36025|360|50844.5390625|880853|AIQ350|0|2238|0|||3|3|0|1|1|132|51|["132,210,2,2199","132,82,5","132,50,5"]|636148156445390000|14:07:24:539
62|1.1|636147913427980391|880853|50849.515625|8.07116254016|102.09229684692|148452|-621233||50849.515625|360.25||36000|360|50849.515625|880853|AIQ350|0|2238|0|||3|3|0|1|1|132|50|["132,210,2,2199","132,82,5","132,50,5"]|636148156495160000|14:07:29:516
62|1.1|636147913477915384|880853|50854.515625|8.08182162283|102.09159410921|148369|-620051||50854.515625|360.25||35993.75|360|50854.515625|880853|AIQ350|0|2238|0|||3|3|0|1|1|132|50|["132,210,2,2199","132,82,5","132,50,5"]|636148156545160000|14:07:34:516
62|1.1|636147913527830375|880853|50859.5|8.09252362078|102.09097183765|148295|-618865||50859.5|360.25||35981.25|360|50859.5|880853|AIQ350|0|2238|0|||3|3|0|1|1|132|50|["132,210,2,2199","132,82,5","132,50,5"]|636148156595000000|14:07:39:500
62|1.1|636147913577755367|880853|50864.5|8.10319879668|102.0901403541|148198|-617682||50864.5|360||35975|360|50864.5|880853|AIQ350|0|2238|0|||3|3|0|1|1|132|210|["132,210,2,2199","132,82,5","132,50,5"]|636148156645000000|14:07:44:500
62|1.1|636147913627670358|880853|50869.5|8.11335898922|102.08896554831|148063|-616556||50869.5|360.25||36018.75|360|50869.5|880853|AIQ350|0|2238|0|||3|3|0|1|1|132|83|["132,210,2,2199","132,82,5","132,50,5"]|636148156695000000|14:07:49:500
62|1.1|636147913677595350|880853|50874.4765625|8.12381422431|102.08809114948|147961|-615397||50874.4765625|360||36018.75|360|50874.4765625|880853|AIQ350|0|2238|0|||3|3|0|1|1|132|210|["132,210,2,2199","132,82,5","132,50,5"]|636148156744770000|14:07:54:477
62|1.1|636147913727530343|880853|50879.4765625|8.13433919673|102.08721138624|147859|-614231||50879.4765625|360.25||35993.75|360|50879.4765625|880853|AIQ350|0|2238|0|||3|3|0|1|1|132|50|["132,210,2,2199","132,82,5","132,50,5"]|636148156794770000|14:07:59:477
62|1.1|636147913777445334|880853|50884.4609375|8.1448373471|102.08634235182|147758|-613067||50884.4609375|360.25||36006.25|360|50884.4609375|880853|AIQ350|0|2238|0|||3|3|0|1|1|132|83|["132,210,2,2199","132,82,5","132,50,5"]|636148156844610000|14:08:04:461
62|1.1|636147913827360325|880853|50889.4609375|8.15560371797|102.0856342497|147674|-611874||50889.4609375|360||36000|360|50889.4609375|880853|AIQ350|0|2238|0|||3|3|0|1|1|132|83|["132,210,2,2199","132,82,5","132,50,5"]|636148156894610000|14:08:09:461
62|1.1|636147913877275316|880853|50894.4609375|8.16477685907|102.08475985087|147573|-610858||50894.4609375|360||35962.5|360|50894.4609375|880853|AIQ350|0|2238|0|||3|3|0|1|1|132|51|["132,210,2,2199","132,82,5","132,50,5"]|636148156944610000|14:08:14:461
62|1.1|636147913927210309|880853|50899.4375|8.17537693323|102.08405174875|147490|-609683||50899.4375|360||35937.5|360|50899.4375|880853|AIQ350|0|2238|0|||3|3|0|1|1|132|50|["132,210,2,2199","132,82,5","132,50,5"]|636148156994380000|14:08:19:438
62|1.1|636147913977125300|880853|50904.4375|8.18628277876|102.08319344315|147390|-608474||50904.4375|360||35981.25|360|50904.4375|880853|AIQ350|0|2238|0|||3|3|0|1|1|132|50|["132,210,2,2199","132,82,5","132,50,5"]|636148157044380000|14:08:24:438
62|1.1|636147914027060293|880853|50909.421875|8.19702232758|102.08248534103|147306|-607284||50909.421875|360||35975|360|50909.421875|880853|AIQ350|0|2238|0|||3|3|0|1|1|132|50|["132,210,2,2199","132,82,5","132,50,5"]|636148157094220000|14:08:29:422
62|1.1|636147914076965283|880853|50914.421875|8.20779406286|102.08190062034|147237|-606090||50914.421875|360||35950|360|50914.421875|880853|AIQ350|0|2238|0|||3|3|0|1|1|132|50|["132,210,2,2199","132,82,5","132,50,5"]|636148157144220000|14:08:34:422
62|1.1|636147914126910277|880853|50919.421875|8.21727297533|102.08065071281|147094|-605040||50919.421875|360||35956.25|360|50919.421875|880853|AIQ350|0|2238|0|||3|3|0|1|1|132|50|["132,210,2,2199","132,82,5","132,50,5"]|636148157194220000|14:08:39:422
62|1.1|636147914176815267|880853|50924.3984375|8.22804471061|102.08006062771|147023|-603846||50924.3984375|360||35937.5|360|50924.3984375|880853|AIQ350|0|2238|0|||3|3|0|1|1|132|50|["132,210,2,2199","132,82,5","132,50,5"]|636148157243980000|14:08:44:398
62|1.1|636147914226730258|880853|50929.3984375|8.23886472558|102.07924523739|146928|-602647||50929.3984375|360||35912.5|360|50929.3984375|880853|AIQ350|0|2238|0|||3|3|0|1|1|132|50|["132,210,2,2199","132,82,5","132,50,5"]|636148157293980000|14:08:49:398
62|1.1|636147914276655250|880853|50934.375|8.24793057848|102.07775393141|146759|-601642||50934.375|360||35987.5|360|50934.375|880853|AIQ350|0|2238|0|||3|3|0|1|1|132|51|["132,210,2,2199","132,82,5","132,50,5"]|636148157343750000|14:08:54:375
62|1.1|636147914326580242|880853|50939.375|8.25924948358|102.07676687997|146644|-600388||50939.375|360||36006.25|360|50939.375|880853|AIQ350|0|2238|0|||3|3|0|1|1|132|51|["132,210,2,2199","132,82,5","132,50,5"]|636148157393750000|14:08:59:375
62|1.1|636147914376525236|880853|50944.375|8.27030016818|102.07581201499|146533|-599163||50944.375|360||36025|360|50944.375|880853|AIQ350|0|2238|0|||3|3|0|1|1|132|51|["132,210,2,2199","132,82,5","132,50,5"]|636148157443750000|14:09:04:375
62|1.1|636147914426420225|880853|50949.359375|8.28044426749|102.07490006529|146428|-598039||50949.359375|360||35993.75|360|50949.359375|880853|AIQ350|0|2238|0|||3|3|0|1|1|132|210|["132,210,2,2199","132,82,5","132,50,5"]|636148157493590000|14:09:09:359
62|1.1|636147914476345217|880853|50954.359375|8.29022358692|102.07384327652|146306|-596955||50954.359375|360||35993.75|360|50954.359375|880853|AIQ350|0|2238|0|||3|3|0|1|1|132|83|["132,210,2,2199","132,50,5"]|636148157543590000|14:09:14:359
62|1.1|636147914526270209|880853|50959.3359375|8.30033549977|102.07282403862|146189|-595835||50959.3359375|360||35993.75|360|50959.3359375|880853|AIQ350|0|2238|0|||3|3|0|1|1|132|83|["132,210,2,2199","132,50,5"]|636148157593360000|14:09:19:336
62|1.1|636147914576195201|880853|50964.3359375|8.31185825245|102.07192818215|146084|-594558||50964.3359375|360||36012.5|360|50964.3359375|880853|AIQ350|0|2238|0|||3|3|0|1|1|132|50|["132,210,2,2199","132,50,5"]|636148157643360000|14:09:24:336
62|1.1|636147914626110192|880853|50969.3359375|8.32231885195|102.07104841891|145982|-593399||50969.3359375|360||36000|360|50969.3359375|880853|AIQ350|0|2238|0|||3|3|0|1|1|132|50|["132,210,2,2199","132,50,5"]|636148157693360000|14:09:29:336
62|1.1|636147914676035184|880853|50974.3203125|8.33240930716|102.07006136747|145868|-592281||50974.3203125|360||35993.75|360|50974.3203125|880853|AIQ350|0|2238|0|||3|3|0|1|1|132|50|["132,210,2,2199","132,82,5","132,50,5"]|636148157743200000|14:09:34:320
62|1.1|636147914725950175|880853|50979.3203125|8.34365311052|102.06920306187|145768|-591035||50979.3203125|360||36000|360|50979.3203125|880853|AIQ350|0|2238|0|||3|3|0|1|1|132|50|["132,210,2,2199","132,82,5","132,50,5"]|636148157793200000|14:09:39:320
62|1.1|636147914775865166|880853|50984.296875|8.35446239667|102.06844131565|145678|-589837||50984.296875|360||36006.25|360|50984.296875|880853|AIQ350|0|2238|0|||3|3|0|1|1|132|50|["132,210,2,2199","132,82,5","132,50,5"]|636148157842970000|14:09:44:297
62|1.1|636147914825790158|880853|50989.296875|8.36533605574|102.06780295086|145603|-588632||50989.296875|360||36006.25|360|50989.296875|880853|AIQ350|0|2238|0|||3|3|0|1|1|132|50|["132,210,2,2199","132,82,5","132,50,5"]|636148157892970000|14:09:49:297
62|1.1|636147914875725151|880853|50994.296875|8.37618289276|102.06712167079|145522|-587430||50994.296875|360||35993.75|360|50994.296875|880853|AIQ350|0|2238|0|||3|3|0|1|1|132|50|["132,210,2,2199","132,82,5","132,50,5"]|636148157942970000|14:09:54:297
62|1.1|636147914925650143|880853|50999.28125|8.38704582301|102.0662687296|145422|-586227||50999.28125|360.25||35968.75|360|50999.28125|880853|AIQ350|0|2238|0|||3|3|0|1|1|132|50|["132,210,2,2199","132,82,5","132,50,5"]|636148157992810000|14:09:59:281
62|1.1|636147914975555133|880853|51004.28125|8.39642281169|102.06499200002|145277|-585188||51004.28125|360||35962.5|360|51004.28125|880853|AIQ350|0|2238|0|||3|3|0|1|1|132|83|["132,210,2,2199","132,82,5","132,50,5"]|636148158042810000|14:10:04:281
62|1.1|636147915025480125|880853|51009.2578125|8.40622895317|102.06384938069|145146|-584101||51009.2578125|360||35981.25|360|51009.2578125|880853|AIQ350|0|2238|0|||3|3|0|1|1|132|51|["132,210,2,2199","132,82,5","132,50,5"]|636148158092580000|14:10:09:258
62|1.1|636147915075405117|880853|51014.2578125|8.41663590857|102.06292670217|145039|-582948||51014.2578125|360||35975|360|51014.2578125|880853|AIQ350|0|2238|0|||3|3|0|1|1|132|83|["132,210,2,2199","132,82,5","132,50,5"]|636148158142580000|14:10:14:258
62|1.1|636147915125320108|880853|51019.2578125|8.4270589572|102.06199865924|144932|-581793||51019.2578125|360||35975|360|51019.2578125|880853|AIQ350|0|2238|0|||3|3|0|1|1|132|83|["132,210,2,2199","132,82,5","132,50,5"]|636148158192580000|14:10:19:258
62|1.1|636147915175245100|880853|51024.2421875|8.43755710757|102.0611725401|144835|-580630||51024.2421875|360||35968.75|360|51024.2421875|880853|AIQ350|0|2238|0|||3|3|0|1|1|132|210|["132,210,2,2199","132,82,5","132,50,5"]|636148158242420000|14:10:24:242
62|1.1|636147915225180093|880853|51029.2421875|8.44887064826|102.06005137841|144706|-579376||51029.2421875|360||36018.75|360|51029.2421875|880853|AIQ350|0|2238|0|||3|3|0|1|1|132|51|["132,210,2,2199","132,82,5","132,50,5"]|636148158292420000|14:10:29:242
62|1.1|636147915275085083|880853|51034.21875|8.45987305317|102.058973132|144582|-578157||51034.21875|360||36012.5|360|51034.21875|880853|AIQ350|0|2238|0|||3|3|0|1|1|132|83|["132,210,2,2199","132,82,5","132,50,5"]|636148158342190000|14:10:34:219
62|1.1|636147915325010075|880853|51039.21875|8.47058577994|102.05799680938|144469|-576971||51039.21875|360||36012.5|360|51039.21875|880853|AIQ350|0|2238|0|||3|3|0|1|1|132|83|["132,210,2,2199","132,82,5","132,50,5"]|636148158392190000|14:10:39:219
62|1.1|636147915374935067|880853|51044.21875|8.48121267615|102.0570955885|144364|-575793||51044.21875|360||36006.25|360|51044.21875|880853|AIQ350|0|2238|0|||3|3|0|1|1|132|83|["132,210,2,2199","132,82,5","132,50,5"]|636148158442190000|14:10:44:219
62|1.1|636147915424850058|880853|51049.1953125|8.49178592826|102.05619436762|144259|-574622||51049.1953125|359.75||35987.5|359.75|51049.1953125|880853|AIQ350|0|2238|0|||3|3|0|1|1|132|50|["132,210,2,2199","132,82,5","132,50,5"]|636148158491950000|14:10:49:195
62|1.1|636147915474775050|880853|51054.1953125|8.50254693472|102.05544871463|144172|-573429||51054.1953125|359.75||35968.75|359.75|51054.1953125|880853|AIQ350|0|2238|0|||3|3|0|1|1|132|50|["132,210,2,2199","132,82,5","132,50,5"]|636148158541950000|14:10:54:195
62|1.1|636147915524700042|880853|51059.1796875|8.51319528857|102.05466551077|144080|-572249||51059.1796875|359.75||35943.75|359.75|51059.1796875|880853|AIQ350|0|2238|0|||3|3|0|1|1|132|50|["132,210,2,2199","132,82,5","132,50,5"]|636148158591800000|14:10:59:180
62|1.1|636147915574625034|880853|51064.1796875|8.52389192211|102.05391449337|143992|-571064||51064.1796875|359.75||35893.75|359.75|51064.1796875|880853|AIQ350|0|2238|0|||3|3|0|1|1|132|83|["132,210,2,2199","132,82,5","132,50,5"]|636148158641800000|14:11:04:180
