62|1.1|636147897412839037|881044|49248.015625|13.92780007294|100.61304469619|-14665|26776||49248.015625|3||275|0.75|49248.015625|881044|NOK8317|0|1962|-631.25|||3|3|2|1|1|132|5|["132,18,5,3597"]|636148140480160000|13:40:48:016
62|1.1|636147897462724025|881044|49253.015625|13.92489256272|100.61143537319|-14840|26454||49253.015625|2.25||200|0.25|49253.015625|881044|NOK8317|0|1962|-650|||3|3|2|1|1|132|5|["132,18,5,3597"]|636148140530160000|13:40:53:016
62|1.1|636147897512639016|881044|49258.015625|13.92190458635|100.60975094845|-15021|26124||49258.015625|1.75||137.5|8191.5|49258.015625|881044|NOK8317|0|1962|-687.5|||3|3|2|1|1|132|5|["132,18,5,3597"]|636148140580160000|13:40:58:016
62|1.1|636147897562554007|881044|49263|13.91911509315|100.60819526955|-15190|25815||49263|1.75||75|8191.25|49263|881044|NOK8317|0|1962|-650|||3|3|2|1|1|132|18|["132,18,5,3597"]|636148140630000000|13:41:03:000
62|1.1|636147897612478999|881044|49268|13.91627195585|100.60660203978|-15362|25501||49268|1.5||12.5|8191|49268|881044|NOK8317|0|1962|-550|||3|3|2|1|1|132|18|["132,18,5,3597"]|636148140680000000|13:41:08:000
62|1.1|636147897662403991|881044|49272.9765625|13.91343418296|100.60502490324|-15533|25187||49272.9765625|1.75||0|8191.5|49272.9765625|881044|NOK8317|0|1962|0|||3|3|0|1|1|132|18|["132,18,5,3597"]|636148140729770000|13:41:12:977
62|1.1|636147897712318982|881044|49277.9765625|13.91059641007|100.60343703788|-15705|24873||49277.9765625|1.75||0|8191.75|49277.9765625|881044|NOK8317|0|1962|0|||3|3|0|1|1|132|18|["132,18,5,3597"]|636148140779770000|13:41:17:977
62|1.1|636147897762243974|881044|49282.9765625|13.90775327277|100.60184380811|-15877|24559||49282.9765625|2||0|0|49282.9765625|881044|NOK8317|0|1962|0|||3|3|3|1|1|132|18|["132,18,5,3597"]|636148140829770000|13:41:22:977
62|1.1|636147897812178967|881044|49287.9609375|13.9049262287|100.60026667157|-16048|24246||49287.9609375|2||0|0|49287.9609375|881044|NOK8317|0|1962|0|||3|3|3|1|1|132|18|["132,18,5,3597"]|636148140879610000|13:41:27:961
62|1.1|636147897862093958|881044|49292.9609375|13.90209382022|100.59868953503|-16219|23932||49292.9609375|2||0|0|49292.9609375|881044|NOK8317|0|1962|0|||3|3|3|1|1|132|18|["132,18,5,3597"]|636148140929610000|13:41:32:961
62|1.1|636147897912008949|881044|49297.9375|13.89926141174|100.59710166967|-16390|23620||49297.9375|2||0|0|49297.9375|881044|NOK8317|0|1962|0|||3|3|3|1|1|132|18|["132,18,5,3597"]|636148140979380000|13:41:37:938
62|1.1|636147897961943942|881044|49302.9375|13.89643436767|100.59552453313|-16561|23307||49302.9375|2||0|0|49302.9375|881044|NOK8317|0|1962|0|||3|3|3|1|1|132|18|["132,18,5,3597"]|636148141029380000|13:41:42:938
62|1.1|636147897977525500|X|49304.1796875||||||||||||X|X|X|1962|||||||1|1|0|0|[]|636148141041800000|13:41:44:180
