62|1.1|636147897409668720|8832af|49247.71875|11.64703533088|100.64224317982|-11617|-225569||49247.71875|350||35068.75|347.75|49247.71875|8832af|TLM724|0|2450|0|||3|3|0|1|1|132|210|["132,18,5,3655","132,210,2,2145","132,82,5"]|636148140477190000|13:40:47:719
62|1.1|636147897459593712|8832af|49252.6953125|11.63655327374|100.64184621348|-11661|-226728||49252.6953125|350||35075|347.75|49252.6953125|8832af|TLM724|0|2450|0|||3|3|0|1|1|132|82|["132,18,5,3655","132,210,2,2145","132,82,5"]|636148140526950000|13:40:52:695
62|1.1|636147897509518704|8832af|49257.6953125|11.62569034349|100.6419642305|-11649|-227931||49257.6953125|350||35075|347.75|49257.6953125|8832af|TLM724|0|2450|0|||3|3|0|1|1|132|210|["132,18,5,3655","132,210,2,2145","132,82,5"]|636148140576950000|13:40:57:695
62|1.1|636147897559443696|8832af|49262.6953125|11.61500443877|100.64187303553|-11659|-229113||49262.6953125|350||35075|347.75|49262.6953125|8832af|TLM724|0|2450|0|||3|3|0|1|1|132|210|["132,18,5,3655","132,210,2,2145","132,82,5"]|636148140626950000|13:41:02:695
62|1.1|636147897609358687|8832af|49267.6796875|11.60425416113|100.64208761193|-11636|-230302||49267.6796875|350||35062.5|347.75|49267.6796875|8832af|TLM724|0|2450|0|||3|3|0|1|1|132|210|["132,18,5,3655","132,210,2,2145","132,82,5"]|636148140676800000|13:41:07:680
62|1.1|636147897659283679|8832af|49272.6796875|11.59353070554|100.64211979839|-11633|-231489||49272.6796875|350||35056.25|347.75|49272.6796875|8832af|TLM724|0|2450|0|||3|3|0|1|1|132|210|["132,18,5,3655","132,210,2,2145","132,82,5"]|636148140726800000|13:41:12:680
62|1.1|636147897709208671|8832af|49277.65625|11.58288235169|100.64205006106|-11641|-232667||49277.65625|350||35056.25|347.75|49277.65625|8832af|TLM724|0|2450|0|||3|3|0|1|1|132|210|["132,18,5,3655","132,210,2,2145","132,82,5"]|636148140776560000|13:41:17:656
62|1.1|636147897759123662|8832af|49282.65625|11.57221790461|100.64177111174|-11672|-233848||49282.65625|350||35056.25|347.75|49282.65625|8832af|TLM724|0|2450|0|||3|3|0|1|1|132|210|["132,18,5,3655","132,210,2,2145","132,82,5"]|636148140826560000|13:41:22:656
62|1.1|636147897809048654|8832af|49287.65625|11.5614837202|100.64171210323|-11679|-235035||49287.65625|350||35062.5|347.75|49287.65625|8832af|TLM724|0|2450|0|||3|3|0|1|1|132|5|["132,18,5,3655","132,210,2,2145","132,82,5"]|636148140876560000|13:41:27:656
62|1.1|636147897858963645|8832af|49292.640625|11.55087828163|100.64158335739|-11694|-236209||49292.640625|350||35062.5|347.75|49292.640625|8832af|TLM724|0|2450|0|||3|3|0|1|1|132|5|["132,18,5,3655","132,210,2,2145","132,82,5"]|636148140926410000|13:41:32:641
62|1.1|636147897905778326|8832af|49297.3203125|11.54203773395|100.64209297634|-11638|-237187||49297.3203125|350||35006.25|347.75|49297.3203125|8832af|TLM724|0|2450|0|||3|3|0|1|1|132|18|["132,18,5,3655","132,210,2,2145","132,82,5"]|636148140973200000|13:41:37:320
62|1.1|636147897955693317|8832af|49302.3203125|11.53180243967|100.64221099336|-11626|-238320||49302.3203125|350||35006.25|347.75|49302.3203125|8832af|TLM724|0|2450|0|||3|3|0|1|1|132|18|["132,18,5,3655","132,210,2,2145","132,82,5"]|636148141023200000|13:41:42:320
62|1.1|636147898005618309|8832af|49307.296875|11.52053717867|100.64224854423|-11622|-239566||49307.296875|350||35000|347.75|49307.296875|8832af|TLM724|0|2450|0|||3|3|0|1|1|132|18|["132,18,5,3655","132,210,2,2145","132,82,5"]|636148141072970000|13:41:47:297
62|1.1|636147898055543301|8832af|49312.296875|11.50976007898|100.642232451|-11625|-240759||49312.296875|350||34987.5|347.75|49312.296875|8832af|TLM724|0|2450|0|||3|3|0|1|1|132|18|["132,18,5,3655","132,210,2,2145","132,82,5"]|636148141122970000|13:41:52:297
62|1.1|636147898105458292|8832af|49317.296875|11.4988810555|100.64216807808|-11632|-241963||49317.296875|350||34987.5|347.75|49317.296875|8832af|TLM724|0|2450|0|||3|3|0|1|1|132|18|["132,18,5,3655","132,210,2,2145","132,82,5"]|636148141172970000|13:41:57:297
62|1.1|636147898155383284|8832af|49322.28125|11.48781427767|100.64209834075|-11640|-243187||49322.28125|350||34993.75|347.75|49322.28125|8832af|TLM724|0|2450|0|||3|3|0|1|1|132|18|["132,18,5,3655","132,210,2,2145","132,82,5"]|636148141222810000|13:42:02:281
62|1.1|636147898205298275|8832af|49327.28125|11.47647927934|100.64206078988|-11645|-244442||49327.28125|350||34993.75|347.75|49327.28125|8832af|TLM724|0|2450|0|||3|3|0|1|1|132|18|["132,18,5,3655","132,210,2,2145","132,82,5"]|636148141272810000|13:42:07:281
62|1.1|636147898255243269|8832af|49332.2578125|11.46576118816|100.64154044211|-11702|-245628||49332.2578125|350||35000|347.75|49332.2578125|8832af|TLM724|0|2450|0|||3|3|0|1|1|132|18|["132,18,5,3655","132,210,2,2145","132,82,5"]|636148141322580000|13:42:12:258
62|1.1|636147898305158260|8832af|49337.2578125|11.45489825791|100.64120784869|-11739|-246830||49337.2578125|350||35012.5|347.75|49337.2578125|8832af|TLM724|0|2450|0|||3|3|0|1|1|132|5|["132,18,5,3655","132,210,2,2145","132,82,5"]|636148141372580000|13:42:17:258
62|1.1|636147898355073251|8832af|49342.2578125|11.44414261586|100.64084843322|-11778|-248020||49342.2578125|350||35018.75|347.75|49342.2578125|8832af|TLM724|0|2450|0|||3|3|0|1|1|132|83|["132,18,5,3655","132,210,2,2145","132,82,5"]|636148141422580000|13:42:22:258
62|1.1|636147898405008244|8832af|49347.2421875|11.4335961858|100.6397648224|-11897|-249187||49347.2421875|350||35050|347.75|49347.2421875|8832af|TLM724|0|2450|0|||3|3|0|1|1|132|18|["132,18,5,3655","132,210,2,2145","132,82,5"]|636148141472420000|13:42:27:242
62|1.1|636147898454913234|8832af|49352.2421875|11.42287809462|100.63949123749|-11928|-250373||49352.2421875|350||35056.25|347.75|49352.2421875|8832af|TLM724|0|2450|0|||3|3|0|1|1|132|18|["132,18,5,3655","132,210,2,2145","132,82,5"]|636148141522420000|13:42:32:242
62|1.1|636147898504848227|8832af|49357.21875|11.41227802046|100.63909963556|-11971|-251546||49357.21875|350||35081.25|347.75|49357.21875|8832af|TLM724|0|2450|0|||3|3|0|1|1|132|5|["132,18,5,3655","132,210,2,2145","132,82,5"]|636148141572190000|13:42:37:219
62|1.1|636147898554753217|8832af|49362.21875|11.40152774282|100.63901916941|-11980|-252736||49362.21875|350||35081.25|347.75|49362.21875|8832af|TLM724|0|2450|0|||3|3|0|1|1|132|18|["132,18,5,3655","132,210,2,2145","132,82,5"]|636148141622190000|13:42:42:219
62|1.1|636147898604678209|8832af|49367.21875|11.39095449071|100.63850955046|-12037|-253906||49367.21875|350||35093.75|347.75|49367.21875|8832af|TLM724|0|2450|0|||3|3|0|1|1|132|18|["132,18,5,3655","132,210,2,2145","132,82,5"]|636148141672190000|13:42:47:219
62|1.1|636147898654593200|8832af|49372.1953125|11.38019348425|100.6386382963|-12023|-255097||49372.1953125|350||35093.75|347.75|49372.1953125|8832af|TLM724|0|2450|0|||3|3|0|1|1|132|18|["132,18,5,3655","132,210,2,2145","132,82,5"]|636148141721950000|13:42:52:195
62|1.1|636147898704518192|8832af|49377.1953125|11.37080040234|100.63999549203|-11875|-256136||49377.1953125|350||35012.5|347.75|49377.1953125|8832af|TLM724|0|2450|0|||3|3|0|1|1|132|83|["132,18,5,3655","132,210,2,2145","132,82,5"]|636148141771950000|13:42:57:195
62|1.1|636147898754453185|8832af|49382.1796875|11.36043636222|100.63991502588|-11884|-257283||49382.1796875|350||35012.5|347.75|49382.1796875|8832af|TLM724|0|2450|0|||3|3|0|1|1|132|18|["132,18,5,3655","132,210,2,2145","132,82,5"]|636148141821800000|13:43:02:180
62|1.1|636147898804368176|8832af|49387.1796875|11.34989529657|100.63986674619|-11890|-258450||49387.1796875|350||35006.25|347.75|49387.1796875|8832af|TLM724|0|2450|0|||3|3|0|1|1|132|18|["132,18,5,3655","132,210,2,2145","132,82,5"]|636148141871800000|13:43:07:180
62|1.1|636147898854283167|8832af|49392.1796875|11.33859784911|100.63982383091|-11895|-259700||49392.1796875|350||34993.75|347.75|49392.1796875|8832af|TLM724|0|2450|0|||3|3|0|1|1|132|18|["132,18,5,3655","132,210,2,2145","132,82,5"]|636148141921800000|13:43:12:180
62|1.1|636147898904208159|8832af|49397.15625|11.3271662914|100.63973263594|-11906|-260965||49397.15625|350||34993.75|347.75|49397.15625|8832af|TLM724|0|2450|0|||3|3|0|1|1|132|83|["132,18,5,3655","132,210,2,2145","132,82,5"]|636148141971560000|13:43:17:156
62|1.1|636147898954123150|8832af|49402.15625|11.31610487798|100.63964144097|-11916|-262189||49402.15625|350||34993.75|347.75|49402.15625|8832af|TLM724|0|2450|0|||3|3|0|1|1|132|83|["132,18,5,3655","132,210,2,2145","132,82,5"]|636148142021560000|13:43:22:156
62|1.1|636147899004048142|8832af|49407.140625|11.306030516|100.63953951718|-11928|-263304||49407.140625|350||35006.25|347.75|49407.140625|8832af|TLM724|0|2450|0|||3|3|0|1|1|132|18|["132,18,5,3655","132,210,2,2145","132,82,5"]|636148142071410000|13:43:27:141
62|1.1|636147899053973134|8832af|49412.140625|11.29528560277|100.6394429578|-11939|-264493||49412.140625|350||35006.25|347.75|49412.140625|8832af|TLM724|0|2450|0|||3|3|0|1|1|132|18|["132,18,5,3655","132,210,2,2145","132,82,5"]|636148142121410000|13:43:32:141
62|1.1|636147899103898126|8832af|49417.140625|11.28525415607|100.63931421196|-11953|-265603||49417.140625|350||35006.25|347.75|49417.140625|8832af|TLM724|0|2450|0|||3|3|0|1|1|132|18|["132,18,5,3655","132,210,2,2145","132,82,5"]|636148142171410000|13:43:37:141
62|1.1|636147899153813117|8832af|49422.1171875|11.27396743743|100.63923374581|-11963|-266852||49422.1171875|350||35000|347.75|49422.1171875|8832af|TLM724|0|2450|0|||3|3|0|1|1|132|18|["132,18,5,3655","132,210,2,2145","132,82,5"]|636148142221170000|13:43:42:117
62|1.1|636147899203738109|8832af|49427.1171875|11.26320643097|100.63909427115|-11978|-268043||49427.1171875|350||34993.75|347.75|49427.1171875|8832af|TLM724|0|2450|0|||3|3|0|1|1|132|18|["132,18,5,3655","132,210,2,2145","132,82,5"]|636148142271170000|13:43:47:117
62|1.1|636147899253653100|8832af|49432.1015625|11.25326081483|100.639013805|-11988|-269144||49432.1015625|350||35000|347.75|49432.1015625|8832af|TLM724|0|2450|0|||3|3|0|1|1|132|18|["132,18,5,3655","132,210,2,2145","132,82,5"]|636148142321020000|13:43:52:102
62|1.1|636147899303578092|8832af|49437.1015625|11.24282167297|100.6389601609|-11994|-270299||49437.1015625|350||35006.25|347.75|49437.1015625|8832af|TLM724|0|2450|0|||3|3|0|1|1|132|18|["132,18,5,3655","132,210,2,2145","132,82,5"]|636148142371020000|13:43:57:102
62|1.1|636147899353503084|8832af|49442.1015625|11.23129892029|100.63883677947|-12008|-271574||49442.1015625|350||35000|347.75|49442.1015625|8832af|TLM724|0|2450|0|||3|3|0|1|1|132|83|["132,18,5,3655","132,210,2,2145","132,82,5"]|636148142421020000|13:44:02:102
62|1.1|636147899403418075|8832af|49447.078125|11.22154642291|100.63871876245|-12021|-272653||49447.078125|350||35000|347.75|49447.078125|8832af|TLM724|0|2450|0|||3|3|0|1|1|132|18|["132,18,5,3655","132,210,2,2145","132,82,5"]|636148142470780000|13:44:07:078
62|1.1|636147899453363069|8832af|49452.078125|11.20989492439|100.63859001661|-12036|-273943||49452.078125|350||34987.5|347.75|49452.078125|8832af|TLM724|0|2450|0|||3|3|0|1|1|132|18|["132,18,5,3655","132,210,2,2145","132,82,5"]|636148142520780000|13:44:12:078
62|1.1|636147899503268059|8832af|49457.0625|11.19883887538|100.63847199959|-12049|-275167||49457.0625|350||34987.5|347.75|49457.0625|8832af|TLM724|0|2450|0|||3|3|0|1|1|132|18|["132,18,5,3655","132,210,2,2145","132,82,5"]|636148142570630000|13:44:17:063
62|1.1|636147899553183050|8832af|49462.0625|11.18802422482|100.63834325375|-12064|-276363||49462.0625|350||34981.25|347.75|49462.0625|8832af|TLM724|0|2450|0|||3|3|0|1|1|132|18|["132,18,5,3655","132,210,2,2145","132,82,5"]|636148142620630000|13:44:22:063
62|1.1|636147899603108042|8832af|49467.0625|11.17704864196|100.63821987232|-12078|-277578||49467.0625|350||34975|347.75|49467.0625|8832af|TLM724|0|2450|0|||3|3|0|1|1|132|18|["132,18,5,3655","132,210,2,2145","132,82,5"]|636148142670630000|13:44:27:063
62|1.1|636147899653033034|8832af|49472.0390625|11.16572973686|100.63802138915|-12100|-278830||49472.0390625|350||34993.75|347.75|49472.0390625|8832af|TLM724|0|2450|0|||3|3|0|1|1|132|50|["132,18,5,3655","132,210,2,2145","132,82,5","132,50,4"]|636148142720390000|13:44:32:039
62|1.1|636147899702948025|8832af|49477.0390625|11.154754154|100.63779071952|-12126|-280045||49477.0390625|350||35006.25|347.75|49477.0390625|8832af|TLM724|0|2450|0|||3|3|0|1|1|132|83|["132,18,5,3655","132,210,2,2145","132,82,5","132,50,4"]|636148142770390000|13:44:37:039
62|1.1|636147899752873017|8832af|49482.015625|11.14478708022|100.63765660927|-12141|-281148||49482.015625|350||35012.5|347.75|49482.015625|8832af|TLM724|0|2450|0|||3|3|0|1|1|132|18|["132,18,5,3655","132,210,2,2145","132,82,5","132,50,5"]|636148142820160000|13:44:42:016
62|1.1|636147899802808010|8832af|49487.015625|11.13412799755|100.6375117702|-12157|-282328||49487.015625|350||35018.75|347.75|49487.015625|8832af|TLM724|0|2450|0|||3|3|0|1|1|132|18|["132,18,5,3655","132,210,2,2145","132,82,5","132,50,5"]|636148142870160000|13:44:47:016
62|1.1|636147899852713000|8832af|49492.015625|11.12341527078|100.63736156672|-12174|-283513||49492.015625|350||35025|347.25|49492.015625|8832af|TLM724|0|2450|0|||3|3|0|1|1|132|18|["132,18,5,3655","132,210,2,2145","132,82,5","132,50,5"]|636148142920160000|13:44:52:016
62|1.1|636147899902637992|8832af|49497|11.11272400165|100.63723282088|-12189|-284697||49497|350||35025|347.25|49497|8832af|TLM724|0|2450|0|||3|3|0|1|1|132|18|["132,18,5,3655","132,210,2,2145","132,82,5","132,50,5"]|636148142970000000|13:44:57:000
62|1.1|636147899952562984|8832af|49502|11.10185034258|100.63709334622|-12204|-285900||49502|350||35031.25|347.25|49502|8832af|TLM724|0|2450|0|||3|3|0|1|1|132|18|["132,18,5,3655","132,210,2,2145","132,82,5","132,50,5"]|636148143020000000|13:45:02:000
62|1.1|636147900002477975|8832af|49506.9765625|11.09088012413|100.63690022746|-12226|-287114||49506.9765625|350||34993.75|347.25|49506.9765625|8832af|TLM724|0|2450|0|||3|3|0|1|1|132|18|["132,18,5,3655","132,210,2,2145","132,82,5","132,50,5"]|636148143069770000|13:45:06:977
62|1.1|636147900052402967|8832af|49511.9765625|11.07999037183|100.63669637988|-12249|-288319||49511.9765625|350||34981.25|347.25|49511.9765625|8832af|TLM724|0|2450|0|||3|3|0|1|1|132|18|["132,18,5,3655","132,210,2,2145","132,82,5","132,50,5"]|636148143119770000|13:45:11:977
62|1.1|636147900102327959|8832af|49516.9765625|11.06910598394|100.63650862553|-12270|-289524||49516.9765625|350||34981.25|347.25|49516.9765625|8832af|TLM724|0|2450|0|||3|3|0|1|1|132|18|["132,18,5,3655","132,210,2,2145","132,82,5","132,50,5"]|636148143169770000|13:45:16:977
62|1.1|636147900152262952|8832af|49521.9609375|11.05818940959|100.63652471876|-12268|-290732||49521.9609375|350||35000|347.25|49521.9609375|8832af|TLM724|0|2450|0|||3|3|0|1|1|132|18|["132,18,5,3655","132,210,2,2145","132,82,5","132,50,5"]|636148143219610000|13:45:21:961
62|1.1|636147900202167942|8832af|49526.9609375|11.04741767431|100.63619748975|-12305|-291924||49526.9609375|350||34993.75|347.25|49526.9609375|8832af|TLM724|0|2450|0|||3|3|0|1|1|132|50|["132,18,5,3655","132,210,2,2145","132,82,5","132,50,5"]|636148143269610000|13:45:26:961
62|1.1|636147900252092934|8832af|49531.9375|11.03671567636|100.63589171838|-12339|-293109||49531.9375|350||35000|347.25|49531.9375|8832af|TLM724|0|2450|0|||3|3|0|1|1|132|50|["132,18,5,3655","132,210,2,2145","132,82,5","132,50,5"]|636148143319380000|13:45:31:938
62|1.1|636147900302007925|8832af|49536.9375|11.02594930549|100.63564495552|-12366|-294300||49536.9375|350||35000|347.25|49536.9375|8832af|TLM724|0|2450|0|||3|3|0|1|1|132|50|["132,18,5,3655","132,210,2,2145","132,82,5","132,50,5"]|636148143369380000|13:45:36:938
62|1.1|636147900351932917|8832af|49541.9375|11.0151722058|100.63533918415|-12400|-295493||49541.9375|350||35006.25|347.25|49541.9375|8832af|TLM724|0|2450|0|||3|3|0|1|1|132|50|["132,18,5,3655","132,210,2,2145","132,82,5","132,50,5"]|636148143419380000|13:45:41:938
62|1.1|636147900401867910|8832af|49546.921875|11.00442729257|100.63511924334|-12425|-296682||49546.921875|350||35018.75|347.25|49546.921875|8832af|TLM724|0|2450|0|||3|3|0|1|1|132|50|["132,18,5,3655","132,210,2,2145","132,82,5","132,50,5"]|636148143469220000|13:45:46:922
62|1.1|636147900451772900|8832af|49551.921875|10.99380576077|100.63462035321|-12480|-297857||49551.921875|350||35025|347.25|49551.921875|8832af|TLM724|0|2450|0|||3|3|0|1|1|132|18|["132,18,5,3655","132,210,2,2145","132,82,5","132,50,5"]|636148143519220000|13:45:51:922
62|1.1|636147900501697892|8832af|49556.8984375|10.98244394039|100.63486175166|-12454|-299115||49556.8984375|350||35006.25|347.25|49556.8984375|8832af|TLM724|0|2450|0|||3|3|0|1|1|132|83|["132,18,5,3655","132,210,2,2145","132,82,5","132,50,5"]|636148143568980000|13:45:56:898
62|1.1|636147900551612883|8832af|49561.8984375|10.97350146892|100.63527481123|-12409|-300105||49561.8984375|350||35012.5|347.25|49561.8984375|8832af|TLM724|0|2450|0|||3|3|0|1|1|132|83|["132,18,5,3655","132,210,2,2145","132,82,5","132,50,5"]|636148143618980000|13:46:01:898
62|1.1|636147900601537875|8832af|49566.8984375|10.96292821681|100.63518898067|-12419|-301275||49566.8984375|350||35012.5|347.25|49566.8984375|8832af|TLM724|0|2450|0|||3|3|0|1|1|132|18|["132,18,5,3655","132,210,2,2145","132,82,5","132,50,5"]|636148143668980000|13:46:06:898
62|1.1|636147900651312852|8832af|49571.875|10.95245688849|100.63511924334|-12427|-302434||49571.875|350||35012.5|347.25|49571.875|8832af|TLM724|0|2450|0|||3|3|0|1|1|132|83|["132,18,5,3655","132,210,2,2145","132,82,5","132,50,5"]|636148143718750000|13:46:11:875
62|1.1|636147900701387859|8832af|49576.875|10.94118626308|100.63504950601|-12435|-303681||49576.875|350||34993.75|347.25|49576.875|8832af|TLM724|0|2450|0|||3|3|0|1|1|132|18|["132,18,5,3655","132,210,2,2145","132,82,5","132,50,5"]|636148143768750000|13:46:16:875
62|1.1|636147900751162836|8832af|49581.859375|10.93040916339|100.63494758222|-12447|-304874||49581.859375|350||34993.75|347.25|49581.859375|8832af|TLM724|0|2450|0|||3|3|0|1|1|132|18|["132,18,5,3655","132,210,2,2145","132,82,5","132,50,5"]|636148143818590000|13:46:21:859
62|1.1|636147900801077827|8832af|49586.859375|10.92012022501|100.63491003135|-12452|-306013||49586.859375|350||35000|347.25|49586.859375|8832af|TLM724|0|2450|0|||3|3|0|1|1|132|18|["132,18,5,3655","132,210,2,2145","132,82,5","132,50,5"]|636148143868590000|13:46:26:859
62|1.1|636147900851152834|8832af|49591.859375|10.90790009903|100.6347759211|-12467|-307366||49591.859375|350||35000|347.25|49591.859375|8832af|TLM724|0|2450|0|||3|3|0|1|1|132|83|["132,18,5,3655","132,210,2,2145","132,82,5","132,50,5"]|636148143918590000|13:46:31:859
62|1.1|636147900901067825|8832af|49596.8359375|10.89793302525|100.63467399731|-12478|-308469||49596.8359375|350||34993.75|347.25|49596.8359375|8832af|TLM724|0|2450|0|||3|3|0|1|1|132|83|["132,18,5,3655","132,210,2,2145","132,82,5","132,50,5"]|636148143968360000|13:46:36:836
62|1.1|636147900950992817|8832af|49601.8359375|10.88710764587|100.63456670911|-12491|-309667||49601.8359375|350||34993.75|347.25|49601.8359375|8832af|TLM724|0|2450|0|||3|3|0|1|1|132|18|["132,18,5,3655","132,210,2,2145","132,82,5","132,50,5"]|636148144018360000|13:46:41:836
62|1.1|636147901000767794|8832af|49606.8203125|10.87650757171|100.63443259886|-12506|-310840||49606.8203125|350||35000|347.25|49606.8203125|8832af|TLM724|0|2450|0|||3|3|0|1|1|132|18|["132,18,5,3655","132,210,2,2145","132,82,5","132,50,5"]|636148144068200000|13:46:46:820
62|1.1|636147901050682785|8832af|49611.8203125|10.86555344649|100.63425020892|-12526|-312053||49611.8203125|350||34987.5|347.25|49611.8203125|8832af|TLM724|0|2450|0|||3|3|0|1|1|132|50|["132,18,5,3655","132,210,2,2145","132,82,5","132,50,5"]|636148144118200000|13:46:51:820
62|1.1|636147901100607777|8832af|49616.8203125|10.85495873674|100.63411073426|-12542|-313225||49616.8203125|350||35000|348.5|49616.8203125|8832af|TLM724|0|2450|0|||3|3|0|1|1|132|50|["132,18,5,3655","132,210,2,2145","132,82,5","132,50,5"]|636148144168200000|13:46:56:820
62|1.1|636147901150522768|8832af|49621.796875|10.84365592487|100.63394443755|-12561|-314476||49621.796875|350||34993.75|348.5|49621.796875|8832af|TLM724|0|2450|0|||3|3|0|1|1|132|50|["132,18,5,3655","132,210,2,2145","132,82,5","132,50,5"]|636148144217970000|13:47:01:797
62|1.1|636147901200447760|8832af|49626.796875|10.83121585808|100.63379959848|-12577|-315853||49626.796875|350||35000|348.5|49626.796875|8832af|TLM724|0|2450|0|||3|3|0|1|1|132|83|["132,18,5,3655","132,210,2,2145","132,82,5","132,50,5"]|636148144267970000|13:47:06:797
62|1.1|636147901250372752|8832af|49631.78125|10.82212318313|100.63367085264|-12592|-316859||49631.78125|350||35006.25|348.5|49631.78125|8832af|TLM724|0|2450|0|||3|3|0|1|1|132|18|["132,18,5,3655","132,210,2,2145","132,82,5","132,50,5"]|636148144317810000|13:47:11:781
62|1.1|636147901300287743|8832af|49636.78125|10.81074526952|100.63350992034|-12610|-318119||49636.78125|350||34993.75|348.5|49636.78125|8832af|TLM724|0|2450|0|||3|3|0|1|1|132|18|["132,18,5,3655","132,210,2,2145","132,82,5","132,50,5"]|636148144367810000|13:47:16:781
62|1.1|636147901350212735|8832af|49641.78125|10.79982869517|100.63334898804|-12628|-319327||49641.78125|350||34993.75|348.5|49641.78125|8832af|TLM724|0|2450|0|||3|3|0|1|1|132|18|["132,18,5,3655","132,210,2,2145","132,82,5","132,50,5"]|636148144417810000|13:47:21:781
62|1.1|636147901400127726|8832af|49646.7578125|10.78889602759|100.63318805574|-12646|-320537||49646.7578125|350||34993.75|348.5|49646.7578125|8832af|TLM724|0|2450|0|||3|3|0|1|1|132|18|["132,18,5,3655","132,210,2,2145","132,82,5","132,50,5"]|636148144467580000|13:47:26:758
62|1.1|636147901450052718|8832af|49651.7578125|10.77782924976|100.63304858108|-12662|-321762||49651.7578125|350||34987.5|348.5|49651.7578125|8832af|TLM724|0|2450|0|||3|3|0|1|1|132|18|["132,18,5,3655","132,210,2,2145","132,82,5","132,50,5"]|636148144517580000|13:47:31:758
62|1.1|636147901499967709|8832af|49656.7421875|10.76837179493|100.63294129288|-12674|-322809||49656.7421875|350||35012.5|348.5|49656.7421875|8832af|TLM724|0|2450|0|||3|3|0|1|1|132|18|["132,18,5,3655","132,210,2,2145","132,82,5","132,50,5"]|636148144567420000|13:47:36:742
62|1.1|636147901549912703|8832af|49661.7421875|10.75649499119|100.63281254704|-12689|-324123||49661.7421875|350||35000|348.5|49661.7421875|8832af|TLM724|0|2450|0|||3|3|0|1|1|132|83|["132,18,5,3655","132,210,2,2145","132,82,5","132,50,5"]|636148144617420000|13:47:41:742
62|1.1|636147901599817693|8832af|49666.7421875|10.74550867951|100.63264088592|-12708|-325339||49666.7421875|350||34993.75|348.5|49666.7421875|8832af|TLM724|0|2450|0|||3|3|0|1|1|132|18|["132,18,5,3655","132,210,2,2145","132,82,5","132,50,5"]|636148144667420000|13:47:46:742
62|1.1|636147901649732684|8832af|49671.71875|10.73534848697|100.63246386039|-12728|-326464||49671.71875|350||35006.25|348.5|49671.71875|8832af|TLM724|0|2450|0|||3|3|0|1|1|132|18|["132,18,5,3655","132,210,2,2145","132,82,5","132,50,5"]|636148144717190000|13:47:51:719
62|1.1|636147901699667677|8832af|49676.71875|10.7244211838|100.6323082925|-12746|-327674||49676.71875|350||35000|348.5|49676.71875|8832af|TLM724|0|2450|0|||3|3|0|1|1|132|18|["132,18,5,3655","132,210,2,2145","132,82,5","132,50,5"]|636148144767190000|13:47:56:719
62|1.1|636147901749582668|8832af|49681.6953125|10.71333831274|100.63219027548|-12759|-328900||49681.6953125|350||34993.75|348.5|49681.6953125|8832af|TLM724|0|2450|0|||3|3|0|1|1|132|18|["132,18,5,3655","132,210,2,2145","132,82,5","132,50,5"]|636148144816950000|13:48:01:695
62|1.1|636147901799527662|8832af|49686.6953125|10.7022125264|100.63200788554|-12780|-330131||49686.6953125|350||34975|348.5|49686.6953125|8832af|TLM724|0|2450|0|||3|3|0|1|1|132|18|["132,18,5,3655","132,210,2,2145","132,82,5","132,50,5"]|636148144866950000|13:48:06:695
62|1.1|636147901849422651|8832af|49691.6953125|10.69192895243|100.63181476678|-12801|-331270||49691.6953125|350||35000|348.5|49691.6953125|8832af|TLM724|0|2450|0|||3|3|0|1|1|132|18|["132,18,5,3655","132,210,2,2145","132,82,5","132,50,5"]|636148144916950000|13:48:11:695
62|1.1|636147901899347643|8832af|49696.6796875|10.68076025081|100.63162164802|-12823|-332506||49696.6796875|350||34987.5|348.5|49696.6796875|8832af|TLM724|0|2450|0|||3|3|0|1|1|132|50|["132,18,5,3655","132,210,2,2145","132,82,5","132,50,5"]|636148144966800000|13:48:16:680
62|1.1|636147901949272635|8832af|49701.6796875|10.6696505577|100.63156263951|-12830|-333736||49701.6796875|350||34981.25|348.5|49701.6796875|8832af|TLM724|0|2450|0|||3|3|0|1|1|132|50|["132,18,5,3655","132,210,2,2145","132,82,5","132,50,5"]|636148145016800000|13:48:21:680
62|1.1|636147901999187626|8832af|49706.65625|10.65873934776|100.63131587665|-12857|-334943||49706.65625|350||34956.25|348.5|49706.65625|8832af|TLM724|0|2450|0|||3|3|0|1|1|132|18|["132,18,5,3655","132,210,2,2145","132,82,5","132,50,5"]|636148145066560000|13:48:26:656
62|1.1|636147902049112618|8832af|49711.65625|10.64768866316|100.63119785963|-12871|-336167||49711.65625|350||34956.25|348.5|49711.65625|8832af|TLM724|0|2450|0|||3|3|0|1|1|132|18|["132,18,5,3655","132,210,2,2145","132,82,5","132,50,5"]|636148145116560000|13:48:31:656
62|1.1|636147902099027609|8832af|49716.65625|10.63680963968|100.63092427472|-12901|-337371||49716.65625|350||34968.75|348.5|49716.65625|8832af|TLM724|0|2450|0|||3|3|0|1|1|132|18|["132,18,5,3655","132,210,2,2145","132,82,5","132,50,5"]|636148145166560000|13:48:36:656
62|1.1|636147902148952601|8832af|49721.640625|10.62589306533|100.63083307975|-12912|-338579||49721.640625|350||34968.75|348.5|49721.640625|8832af|TLM724|0|2450|0|||3|3|0|1|1|132|18|["132,18,5,3655","132,210,2,2145","132,82,5","132,50,5"]|636148145216410000|13:48:41:641
62|1.1|636147902198887594|8832af|49726.640625|10.61491211806|100.63076334242|-12920|-339795||49726.640625|350||34981.25|348.5|49726.640625|8832af|TLM724|0|2450|0|||3|3|0|1|1|132|18|["132,18,5,3655","132,210,2,2145","132,82,5","132,50,5"]|636148145266410000|13:48:46:641
62|1.1|636147902248812586|8832af|49731.6171875|10.60396335725|100.63071506273|-12926|-341007||49731.6171875|350||34987.5|348.5|49731.6171875|8832af|TLM724|0|2450|0|||3|3|0|1|1|132|18|["132,18,5,3655","132,210,2,2145","132,82,5","132,50,5"]|636148145316170000|13:48:51:617
62|1.1|636147902298717576|8832af|49736.6171875|10.59312724905|100.63075797801|-12922|-342206||49736.6171875|350||35006.25|348.5|49736.6171875|8832af|TLM724|0|2450|0|||3|3|0|1|1|132|18|["132,18,5,3655","132,210,2,2145","132,82,5","132,50,5"]|636148145366170000|13:48:56:617
62|1.1|636147902348642568|8832af|49741.6171875|10.58224822557|100.63060777453|-12939|-343410||49741.6171875|350||35012.5|348.5|49741.6171875|8832af|TLM724|0|2450|0|||3|3|0|1|1|132|18|["132,18,5,3655","132,210,2,2145","132,82,5","132,50,5"]|636148145416170000|13:49:01:617
62|1.1|636147902398567560|8832af|49746.6015625|10.57246354173|100.63049512192|-12951|-344494||49746.6015625|350||35025|348.5|49746.6015625|8832af|TLM724|0|2450|0|||3|3|0|1|1|132|18|["132,18,5,3655","132,210,2,2145","132,82,5","132,50,5"]|636148145466020000|13:49:06:602
62|1.1|636147902448482551|8832af|49751.6015625|10.56132702657|100.63039319813|-12963|-345726||49751.6015625|350||35012.5|348.5|49751.6015625|8832af|TLM724|0|2450|0|||3|3|0|1|1|132|83|["132,18,5,3655","132,210,2,2145","132,82,5","132,66,4","132,50,5"]|636148145516020000|13:49:11:602
62|1.1|636147902498407543|8832af|49756.578125|10.55049628278|100.63024299465|-12980|-346925||49756.578125|350||35012.5|348.5|49756.578125|8832af|TLM724|0|2450|0|||3|3|0|1|1|132|18|["132,18,5,3655","132,210,2,2145","132,82,5","132,66,5","132,50,5"]|636148145565780000|13:49:16:578
62|1.1|636147902548332535|8832af|49761.578125|10.53953142874|100.63001768943|-13005|-348139||49761.578125|350||35000|348.5|49761.578125|8832af|TLM724|0|2450|0|||3|3|0|1|1|132|18|["132,18,5,3655","132,210,2,2145","132,82,5","132,66,5","132,50,5"]|636148145615780000|13:49:21:578
62|1.1|636147902598247526|8832af|49766.578125|10.52849683737|100.62986748595|-13022|-349361||49766.578125|350||34993.75|348.5|49766.578125|8832af|TLM724|0|2450|0|||3|3|0|1|1|132|18|["132,18,5,3655","132,210,2,2145","132,82,5","132,66,5","132,50,5"]|636148145665780000|13:49:26:578
62|1.1|636147902648182519|8832af|49771.5625|10.5177304665|100.62958853663|-13053|-350552||49771.5625|350||34975|348.5|49771.5625|8832af|TLM724|0|2450|0|||3|3|0|1|1|132|18|["132,18,5,3655","132,210,2,2145","132,82,5","132,66,5","132,50,5"]|636148145715630000|13:49:31:563
62|1.1|636147902698097510|8832af|49776.5625|10.5068943583|100.62931495172|-13084|-351752||49776.5625|350||34975|348.5|49776.5625|8832af|TLM724|0|2450|0|||3|3|0|1|1|132|50|["132,18,5,3655","132,210,2,2145","132,82,5","132,66,5","132,50,5"]|636148145765630000|13:49:36:563
62|1.1|636147902748022502|8832af|49781.5390625|10.49613871625|100.62905746004|-13113|-352942||49781.5390625|350||34968.75|348.5|49781.5390625|8832af|TLM724|0|2450|0|||3|3|0|1|1|132|50|["132,18,5,3655","132,210,2,2145","132,82,5","132,66,5","132,50,5"]|636148145815390000|13:49:41:539
62|1.1|636147902797937493|8832af|49786.5390625|10.48536161656|100.62874632426|-13147|-354135||49786.5390625|350||34981.25|348.5|49786.5390625|8832af|TLM724|0|2450|0|||3|3|0|1|1|132|18|["132,18,5,3655","132,210,2,2145","132,82,5","132,66,5","132,50,5"]|636148145865390000|13:49:46:539
62|1.1|636147902847862485|8832af|49791.5390625|10.47446113544|100.62901454476|-13118|-355342||49791.5390625|350||34993.75|348.5|49791.5390625|8832af|TLM724|0|2450|0|||3|3|0|1|1|132|18|["132,18,5,3655","132,210,2,2145","132,82,5","132,66,5","132,50,5"]|636148145915390000|13:49:51:539
62|1.1|636147902897787477|8832af|49796.515625|10.46444041756|100.62899308712|-13121|-356451||49796.515625|350||35012.5|348.5|49796.515625|8832af|TLM724|0|2450|0|||3|3|0|1|1|132|18|["132,18,5,3655","132,210,2,2145","132,82,5","132,66,5","132,50,5"]|636148145965160000|13:49:56:516
62|1.1|636147902947712469|8832af|49801.515625|10.45455917434|100.62901454476|-13119|-357545||49801.515625|350||35018.75|348.5|49801.515625|8832af|TLM724|0|2450|0|||3|3|0|1|1|132|18|["132,18,5,3655","132,210,2,2145","132,82,5","132,66,5","132,50,5"]|636148146015160000|13:50:01:516
62|1.1|636147902997627460|8832af|49806.5|10.44355676943|100.62898772271|-13123|-358763||49806.5|350||35006.25|348.5|49806.5|8832af|TLM724|0|2450|0|||3|3|0|1|1|132|83|["132,18,5,3655","132,210,2,2145","132,82,5","132,66,5","132,50,5"]|636148146065000000|13:50:06:500
62|1.1|636147903047542451|8832af|49811.5|10.43279039856|100.62884824805|-13138|-359955||49811.5|350||35006.25|348.5|49811.5|8832af|TLM724|0|2450|0|||3|3|0|1|1|132|18|["132,18,5,3655","132,210,2,2145","132,82,5","132,66,5","132,50,5"]|636148146115000000|13:50:11:500
62|1.1|636147903097467443|8832af|49816.5|10.42190601067|100.62866585811|-13159|-361160||49816.5|350||34987.5|348.5|49816.5|8832af|TLM724|0|2450|0|||3|3|0|1|1|132|18|["132,18,5,3655","132,210,2,2145","132,82,5","132,66,5","132,50,5"]|636148146165000000|13:50:16:500
62|1.1|636147903147392435|8832af|49821.4765625|10.41080704638|100.62839763761|-13189|-362389||49821.4765625|350||34937.5|348.5|49821.4765625|8832af|TLM724|0|2450|0|||3|3|0|1|1|132|18|["132,18,5,3655","132,210,2,2145","132,82,5","132,66,5","132,50,5"]|636148146214770000|13:50:21:477
62|1.1|636147903197307426|8832af|49826.4765625|10.39993875172|100.62819915444|-13211|-363592||49826.4765625|350||34893.75|348.5|49826.4765625|8832af|TLM724|0|2450|0|||3|3|0|1|1|132|18|["132,18,5,3655","132,210,2,2145","132,82,5","132,66,5","132,50,5"]|636148146264770000|13:50:26:477
62|1.1|636147903247242419|8832af|49831.4609375|10.38881296538|100.62797384922|-13236|-364823||49831.4609375|350||34875|348.5|49831.4609375|8832af|TLM724|0|2450|0|||3|3|0|1|1|132|18|["132,18,5,3655","132,210,2,2145","132,82,5","132,66,5","132,50,5"]|636148146314610000|13:50:31:461
62|1.1|636147903297157410|8832af|49836.4609375|10.37796076395|100.62773781518|-13263|-366025||49836.4609375|350||34862.5|348.5|49836.4609375|8832af|TLM724|0|2450|0|||3|3|0|1|1|132|82|["132,18,5,3655","132,210,2,2145","132,82,5","132,66,5","132,50,5"]|636148146364610000|13:50:36:461
62|1.1|636147903347082402|8832af|49841.4609375|10.36707101165|100.62760906934|-13278|-367230||49841.4609375|350||34856.25|348.5|49841.4609375|8832af|TLM724|0|2450|0|||3|3|0|1|1|132|18|["132,18,5,3655","132,210,2,2145","132,82,5","132,66,5","132,50,5"]|636148146414610000|13:50:41:461
62|1.1|636147903396997393|8832af|49846.4375|10.35622953904|100.62744277263|-13296|-368430||49846.4375|350||34862.5|348.5|49846.4375|8832af|TLM724|0|2450|0|||3|3|0|1|1|132|18|["132,18,5,3655","132,210,2,2145","132,82,5","132,66,5","132,50,5"]|636148146464380000|13:50:46:438
62|1.1|636147903446922385|8832af|49851.4375|10.34538270202|100.62727647592|-13315|-369631||49851.4375|350||34875|348.5|49851.4375|8832af|TLM724|0|2450|0|||3|3|0|1|1|132|82|["132,18,5,3655","132,210,2,2145","132,82,5","132,66,5","132,50,5"]|636148146514380000|13:50:51:438
62|1.1|636147903496847377|8832af|49856.421875|10.33469143289|100.62701898424|-13344|-370815||49856.421875|350||34900|348.5|49856.421875|8832af|TLM724|0|2450|0|||3|3|0|1|1|132|82|["132,18,5,3655","132,210,2,2145","132,82,5","132,66,5","132,50,5"]|636148146564220000|13:50:56:422
62|1.1|636147903546762368|8832af|49861.421875|10.32390360438|100.626675662|-13382|-372009||49861.421875|350||34918.75|348.5|49861.421875|8832af|TLM724|0|2450|0|||3|3|0|1|1|132|50|["132,18,5,3655","132,210,2,2145","132,82,5","132,66,5","132,50,5"]|636148146614220000|13:51:01:422
62|1.1|636147903596687360|8832af|49866.421875|10.31272953835|100.62719600977|-13325|-373246||49866.421875|350||35000|348.5|49866.421875|8832af|TLM724|0|2450|0|||3|3|0|1|1|132|83|["132,18,5,3655","132,210,2,2145","132,82,5","132,66,5","132,50,5"]|636148146664220000|13:51:06:422
62|1.1|636147903646612352|8832af|49871.3984375|10.30200071835|100.62712090803|-13334|-374434||49871.3984375|350||35018.75|348.5|49871.3984375|8832af|TLM724|0|2450|0|||3|3|0|1|1|132|51|["132,18,5,3655","132,210,2,2145","132,82,5","132,66,5","132,50,5"]|636148146713980000|13:51:11:398
62|1.1|636147903696527343|8832af|49876.3984375|10.29194781401|100.62697606896|-13350|-375547||49876.3984375|350||35043.75|348.5|49876.3984375|8832af|TLM724|0|2450|0|||3|3|0|1|1|132|50|["132,18,5,3655","132,210,2,2145","132,82,5","132,66,5","132,50,5"]|636148146763980000|13:51:16:398
62|1.1|636147903746452335|8832af|49881.375|10.28100978202|100.62695997573|-13353|-376757||49881.375|350||35018.75|348.5|49881.375|8832af|TLM724|0|2450|0|||3|3|0|1|1|132|82|["132,18,5,3655","132,210,2,2145","132,82,5","132,66,5","132,50,5"]|636148146813750000|13:51:21:375
62|1.1|636147903796377327|8832af|49886.375|10.27025413997|100.62678831461|-13372|-377948||49886.375|350||35025|348.5|49886.375|8832af|TLM724|0|2450|0|||3|3|0|1|1|132|82|["132,18,5,3655","132,210,2,2145","132,82,5","132,66,5","132,50,5"]|636148146863750000|13:51:26:375
62|1.1|636147903846292318|8832af|49891.375|10.2593268368|100.62673467051|-13379|-379158||49891.375|350||35006.25|348.5|49891.375|8832af|TLM724|0|2450|0|||3|3|0|1|1|132|82|["132,18,5,3655","132,210,2,2145","132,82,5","132,66,5","132,50,5"]|636148146913750000|13:51:31:375
62|1.1|636147903896217310|8832af|49896.359375|10.24923101718|100.6266220179|-13391|-380276||49896.359375|350||35018.75|348.5|49896.359375|8832af|TLM724|0|2450|0|||3|3|0|1|1|132|18|["132,18,5,3655","132,210,2,2145","132,82,5","132,66,5","132,50,5"]|636148146963590000|13:51:36:359
62|1.1|636147903946132301|8832af|49901.359375|10.23816960376|100.62654155175|-13401|-381500||49901.359375|350||34993.75|348.5|49901.359375|8832af|TLM724|0|2450|0|||3|3|0|1|1|132|82|["132,18,5,3655","132,210,2,2145","132,82,5","132,66,5","132,50,5"]|636148147013590000|13:51:41:359
62|1.1|636147903996067294|8832af|49906.3359375|10.22808987737|100.6264610856|-13410|-382616||49906.3359375|350||35006.25|348.5|49906.3359375|8832af|TLM724|0|2450|0|||3|3|0|1|1|132|82|["132,18,5,3655","132,210,2,2145","132,82,5","132,66,5","132,50,5"]|636148147063360000|13:51:46:336
62|1.1|636147904045982285|8832af|49911.3359375|10.21737178619|100.62632161094|-13426|-383802||49911.3359375|350||35006.25|348.5|49911.3359375|8832af|TLM724|0|2450|0|||3|3|0|1|1|132|82|["132,18,5,3655","132,210,2,2145","132,82,5","132,66,5","132,50,5"]|636148147113360000|13:51:51:336
62|1.1|636147904095907277|8832af|49916.3359375|10.20663760178|100.62616067864|-13444|-384991||49916.3359375|350||35000|348.5|49916.3359375|8832af|TLM724|0|2450|0|||3|3|0|1|1|132|82|["132,18,5,3655","132,210,2,2145","132,82,5","132,66,5","132,50,5"]|636148147163360000|13:51:56:336
62|1.1|636147904145822268|8832af|49921.3203125|10.19534551873|100.62604802603|-13457|-386241||49921.3203125|350||34987.5|348.5|49921.3203125|8832af|TLM724|0|2450|0|||3|3|0|1|1|132|82|["132,18,5,3655","132,210,2,2145","132,82,5","132,66,5","132,50,5"]|636148147213200000|13:52:01:320
62|1.1|636147904195747260|8832af|49926.3203125|10.18516386855|100.62591928019|-13472|-387369||49926.3203125|350||35000|348.5|49926.3203125|8832af|TLM724|0|2450|0|||3|3|0|1|1|132|82|["132,18,5,3655","132,210,2,2145","132,82,5","132,66,5","132,50,5"]|636148147263200000|13:52:06:320
62|1.1|636147904245672252|8832af|49931.296875|10.17404881103|100.62578516994|-13487|-388599||49931.296875|350||34987.5|348.5|49931.296875|8832af|TLM724|0|2450|0|||3|3|0|1|1|132|82|["132,18,5,3655","132,210,2,2145","132,82,5","132,66,5","132,50,5"]|636148147312970000|13:52:11:297
62|1.1|636147904295587243|8832af|49936.296875|10.16328780457|100.62561887323|-13506|-389791||49936.296875|350||34981.25|348.5|49936.296875|8832af|TLM724|0|2450|0|||3|3|0|1|1|132|82|["132,18,5,3655","132,210,2,2145","132,82,5","132,66,5","132,50,5"]|636148147362970000|13:52:16:297
62|1.1|636147904345512235|8832af|49941.296875|10.15304178147|100.62546330534|-13523|-390925||49941.296875|350||35000|348.5|49941.296875|8832af|TLM724|0|2450|0|||3|3|0|1|1|132|82|["132,18,5,3655","132,210,2,2145","132,82,5","132,66,5","132,50,5"]|636148147412970000|13:52:21:297
62|1.1|636147904395437227|8832af|49946.28125|10.14235587675|100.62529700863|-13542|-392108||49946.28125|350||34993.75|348.5|49946.28125|8832af|TLM724|0|2450|0|||3|3|0|1|1|132|50|["132,18,5,3655","132,210,2,2145","132,82,5","132,66,5","132,50,5"]|636148147462810000|13:52:26:281
62|1.1|636147904445362219|8832af|49951.28125|10.1319757434|100.62518435602|-13555|-393257||49951.28125|350||35000|348.5|49951.28125|8832af|TLM724|0|2450|0|||3|3|0|1|1|132|50|["132,18,5,3655","132,210,2,2145","132,82,5","132,66,5","132,50,5"]|636148147512810000|13:52:31:281
62|1.1|636147904495277210|8832af|49956.2578125|10.12076949091|100.62512534751|-13562|-394498||49956.2578125|350||35006.25|348.5|49956.2578125|8832af|TLM724|0|2450|0|||3|3|0|1|1|132|83|["132,18,5,3655","132,210,2,2145","132,82,5","132,66,5","132,50,5"]|636148147562580000|13:52:36:258
62|1.1|636147904545192201|8832af|49961.2578125|10.11108136645|100.62501805931|-13574|-395570||49961.2578125|350||35006.25|348.5|49961.2578125|8832af|TLM724|0|2450|0|||3|3|0|1|1|132|82|["132,18,5,3655","132,210,2,2145","132,82,5","132,66,5","132,50,5"]|636148147612580000|13:52:41:258
62|1.1|636147904595117193|8832af|49966.2578125|10.10042764819|100.62489467788|-13588|-396750||49966.2578125|350||35006.25|348.5|49966.2578125|8832af|TLM724|0|2450|0|||3|3|0|1|1|132|82|["132,18,5,3655","132,210,2,2145","132,82,5","132,66,5","132,50,5"]|636148147662580000|13:52:46:258
62|1.1|636147904645042185|8832af|49971.2421875|10.08915702278|100.62479275409|-13600|-397998||49971.2421875|350||34987.5|348.5|49971.2421875|8832af|TLM724|0|2450|0|||3|3|0|1|1|132|82|["132,18,5,3655","132,210,2,2145","132,82,5","132,66,5","132,50,5"]|636148147712420000|13:52:51:242
62|1.1|636147904694957176|8832af|49976.2421875|10.07840674514|100.6246371862|-13618|-399188||49976.2421875|350||34968.75|348.5|49976.2421875|8832af|TLM724|0|2450|0|||3|3|0|1|1|132|82|["132,18,5,3655","132,210,2,2145","132,82,5","132,66,5","132,50,5"]|636148147762420000|13:52:56:242
62|1.1|636147904744882168|8832af|49981.21875|10.06786567949|100.62451916918|-13631|-400355||49981.21875|350||34987.5|348.5|49981.21875|8832af|TLM724|0|2450|0|||3|3|0|1|1|132|82|["132,18,5,3655","132,210,2,2145","132,82,5","132,66,5","132,50,5"]|636148147812190000|13:53:01:219
62|1.1|636147904794807160|8832af|49986.21875|10.05710467303|100.62433677924|-13652|-401547||49986.21875|350||34968.75|348.5|49986.21875|8832af|TLM724|0|2450|0|||3|3|0|1|1|132|82|["132,18,5,3655","132,210,2,2145","132,82,5","132,66,5","132,50,5"]|636148147862190000|13:53:06:219
62|1.1|636147904844742153|8832af|49991.21875|10.04620955632|100.62406319433|-13682|-402753||49991.21875|350||34918.75|348.5|49991.21875|8832af|TLM724|0|2450|0|||3|3|0|1|1|132|82|["132,18,5,3655","132,210,2,2145","132,82,5","132,66,5","132,50,5"]|636148147912190000|13:53:11:219
62|1.1|636147904894647143|8832af|49996.1953125|10.03456342221|100.62402564346|-13687|-404042||49996.1953125|350||34962.5|348.5|49996.1953125|8832af|TLM724|0|2450|0|||3|3|0|1|1|132|82|["132,18,5,3655","132,210,2,2145","132,82,5","132,66,5","132,50,5"]|636148147961950000|13:53:16:195
62|1.1|636147904944572135|8832af|50001.1953125|10.02438713644|100.62393444849|-13698|-405169||50001.1953125|350||34993.75|348.5|50001.1953125|8832af|TLM724|0|2450|0|||3|3|0|1|1|132|82|["132,18,5,3655","132,210,2,2145","132,82,5","132,66,5","132,50,5"]|636148148011950000|13:53:21:195
62|1.1|636147904994487126|8832af|50006.1796875|10.01384607079|100.62381643147|-13711|-406336||50006.1796875|350||35006.25|348.5|50006.1796875|8832af|TLM724|0|2450|0|||3|3|0|1|1|132|82|["132,18,5,3655","132,210,2,2145","132,82,5","132,66,5","132,50,5"]|636148148061800000|13:53:26:180
62|1.1|636147905044412118|8832af|50011.1796875|10.0033371916|100.62371987209|-13722|-407500||50011.1796875|350||35012.5|348.5|50011.1796875|8832af|TLM724|0|2450|0|||3|3|0|1|1|132|82|["132,18,5,3655","132,210,2,2145","132,82,5","132,66,5","132,50,5"]|636148148111800000|13:53:31:180
62|1.1|636147905094337110|8832af|50016.1796875|9.99134237084|100.62359649066|-13736|-408828||50016.1796875|350||35012.5|348.5|50016.1796875|8832af|TLM724|0|2450|0|||3|3|0|1|1|132|83|["132,18,5,3655","132,210,2,2145","132,82,5","132,66,5","132,50,5"]|636148148161800000|13:53:36:180
62|1.1|636147905144262102|8832af|50021.15625|9.98154695818|100.62348383805|-13749|-409912||50021.15625|350||35000|348.5|50021.15625|8832af|TLM724|0|2450|0|||3|3|0|1|1|132|82|["132,18,5,3655","132,210,2,2145","132,82,5","132,66,5","132,50,5"]|636148148211560000|13:53:41:156
62|1.1|636147905194177093|8832af|50026.15625|9.97016904457|100.62334436339|-13765|-411172||50026.15625|350||34987.5|348.5|50026.15625|8832af|TLM724|0|2450|0|||3|3|0|1|1|132|50|["132,18,5,3655","132,210,2,2145","132,82,5","132,66,5","132,50,5"]|636148148261560000|13:53:46:156
62|1.1|636147905244102085|8832af|50031.140625|9.95873748686|100.62321561755|-13780|-412438||50031.140625|350||34993.75|348.5|50031.140625|8832af|TLM724|0|2450|0|||3|3|0|1|1|132|82|["132,18,5,3655","132,210,2,2145","132,82,5","132,66,5","132,50,5"]|636148148311410000|13:53:51:141
62|1.1|636147905294037078|8832af|50036.140625|9.94848609935|100.62306541407|-13797|-413573||50036.140625|350||35000|348.5|50036.140625|8832af|TLM724|0|2450|0|||3|3|0|1|1|132|82|["132,18,5,3655","132,210,2,2145","132,82,5","132,66,5","132,50,5"]|636148148361410000|13:53:56:141
62|1.1|636147905343942068|8832af|50041.140625|9.93779483022|100.62289911736|-13815|-414757||50041.140625|350||34993.75|348.5|50041.140625|8832af|TLM724|0|2450|0|||3|3|0|1|1|132|82|["132,18,5,3655","132,210,2,2145","132,82,5","132,66,5","132,50,5"]|636148148411410000|13:54:01:141
62|1.1|636147905393867060|8832af|50046.1171875|9.92708210345|100.62274354947|-13833|-415943||50046.1171875|350||34987.5|348.5|50046.1171875|8832af|TLM724|0|2450|0|||3|3|0|1|1|132|50|["132,18,5,3655","132,210,2,2145","132,82,5","132,66,5","132,50,5"]|636148148461170000|13:54:06:117
62|1.1|636147905443782051|8832af|50051.1171875|9.91647666488|100.62259334599|-13850|-417117||50051.1171875|350||35000|348.5|50051.1171875|8832af|TLM724|0|2450|0|||3|3|0|1|1|132|82|["132,18,5,3655","132,210,2,2145","132,82,5","132,66,5","132,50,5"]|636148148511170000|13:54:11:117
62|1.1|636147905493707043|8832af|50056.1015625|9.90551717525|100.62244314251|-13867|-418331||50056.1015625|350||35006.25|348.5|50056.1015625|8832af|TLM724|0|2450|0|||3|3|0|1|1|132|82|["132,18,5,3655","132,210,2,2145","132,82,5","132,66,5","132,50,5"]|636148148561020000|13:54:16:102
62|1.1|636147905543632035|8832af|50061.1015625|9.89587733048|100.62231976108|-13881|-419398||50061.1015625|350||35006.25|348.5|50061.1015625|8832af|TLM724|0|2450|0|||3|3|0|1|1|132|82|["132,18,5,3655","132,210,2,2145","132,82,5","132,66,5","132,50,5"]|636148148611020000|13:54:21:102
62|1.1|636147905593547026|8832af|50066.1015625|9.88535235806|100.62219637965|-13895|-420564||50066.1015625|350||35006.25|348.5|50066.1015625|8832af|TLM724|0|2450|0|||3|3|0|1|1|132|210|["132,18,5,3655","132,210,2,2145","132,82,5","132,66,5","132,50,5"]|636148148661020000|13:54:26:102
62|1.1|636147905643482019|8832af|50071.078125|9.87484884328|100.62204617617|-13912|-421727||50071.078125|350||35012.5|348.5|50071.078125|8832af|TLM724|0|2450|0|||3|3|0|1|1|132|210|["132,18,5,3655","132,210,2,2145","132,82,5","132,66,5","132,50,5"]|636148148710780000|13:54:31:078
62|1.1|636147905693397010|8832af|50076.078125|9.86347092967|100.6219013371|-13928|-422987||50076.078125|350||34987.5|348.5|50076.078125|8832af|TLM724|0|2450|0|||3|3|0|1|1|132|210|["132,18,5,3655","132,210,2,2145","132,82,5","132,66,5","132,50,5"]|636148148760780000|13:54:36:078
62|1.1|636147905743322002|8832af|50081.0625|9.85223785513|100.62177259126|-13943|-424230||50081.0625|350||34968.75|348.5|50081.0625|8832af|TLM724|0|2450|0|||3|3|0|1|1|132|210|["132,18,5,3655","132,210,2,2145","132,82,5","132,66,5","132,50,5"]|636148148810630000|13:54:41:063
62|1.1|636147905793236993|8832af|50086.0625|9.84120862817|100.62162238778|-13960|-425452||50086.0625|350||34975|348.5|50086.0625|8832af|TLM724|0|2450|0|||3|3|0|1|1|132|210|["132,18,5,3655","132,210,2,2145","132,82,5","132,66,5","132,50,5"]|636148148860630000|13:54:46:063
62|1.1|636147905843171986|8832af|50091.0625|9.83090896097|100.62149900635|-13974|-426592||50091.0625|350||35000|348.5|50091.0625|8832af|TLM724|0|2450|0|||3|3|0|1|1|132|210|["132,18,5,3655","132,210,2,2145","132,82,5","132,66,5","132,50,5"]|636148148910630000|13:54:51:063
62|1.1|636147905893086977|8832af|50096.0390625|9.82070585315|100.62139171815|-13987|-427722||50096.0390625|350||35012.5|348.5|50096.0390625|8832af|TLM724|0|2450|0|||3|3|0|1|1|132|210|["132,18,5,3655","132,210,2,2145","132,82,5","132,66,5","132,50,5"]|636148148960390000|13:54:56:039
62|1.1|636147905943001968|8832af|50101.0390625|9.81032035539|100.62125224349|-14002|-428872||50101.0390625|350||35012.5|348.5|50101.0390625|8832af|TLM724|0|2450|0|||3|3|0|1|1|132|210|["132,18,5,3655","132,210,2,2145","132,82,5","132,66,5","132,50,5"]|636148149010390000|13:55:01:039
62|1.1|636147905992936961|8832af|50106.015625|9.79913019613|100.62114495529|-14015|-430111||50106.015625|350||35000|348.5|50106.015625|8832af|TLM724|0|2450|0|||3|3|0|1|1|132|210|["132,18,5,3655","132,210,2,2145","132,82,5","132,66,5","132,50,5"]|636148149060160000|13:55:06:016
62|1.1|636147906042841951|8832af|50111.015625|9.78824580824|100.62102693827|-14028|-431316||50111.015625|350||35000|348.5|50111.015625|8832af|TLM724|0|2450|0|||3|3|0|1|1|132|50|["132,18,5,3655","132,210,2,2145","132,82,5","132,66,5","132,50,5"]|636148149110160000|13:55:11:016
62|1.1|636147906092776944|8832af|50116.015625|9.77794614104|100.62089819243|-14043|-432457||50116.015625|350||35006.25|348.5|50116.015625|8832af|TLM724|0|2450|0|||3|3|0|1|1|132|50|["132,18,5,3655","132,210,2,2145","132,82,5","132,66,5","132,50,5"]|636148149160160000|13:55:16:016
62|1.1|636147906142691935|8832af|50121|9.7675713721|100.62076944659|-14058|-433606||50121|350||35006.25|348.5|50121|8832af|TLM724|0|2450|0|||3|3|0|1|1|132|50|["132,18,5,3655","132,210,2,2145","132,82,5","132,66,5","132,50,5"]|636148149210000000|13:55:21:000
62|1.1|636147906192616927|8832af|50126|9.75693374707|100.62063533634|-14073|-434784||50126|350||35000|348.5|50126|8832af|TLM724|0|2450|0|||3|3|0|1|1|132|50|["132,18,5,3655","132,210,2,2145","132,82,5","132,66,5","132,50,5"]|636148149260000000|13:55:26:000
62|1.1|636147906242541919|8832af|50130.9765625|9.74636585937|100.62047440404|-14091|-435954||50130.9765625|350||35000|348.5|50130.9765625|8832af|TLM724|0|2450|0|||3|3|0|1|1|132|210|["132,210,2,2145","132,82,5","132,66,5","132,50,5"]|636148149309770000|13:55:30:977
62|1.1|636147906292466911|8832af|50135.9765625|9.73445150476|100.6203993023|-14100|-437273||50135.9765625|350||34987.5|348.5|50135.9765625|8832af|TLM724|0|2450|0|||3|3|0|1|1|132|83|["132,210,2,2145","132,82,5","132,66,5","132,50,5"]|636148149359770000|13:55:35:977
62|1.1|636147906342381902|8832af|50140.9765625|9.72407137141|100.62027592087|-14114|-438423||50140.9765625|350||34993.75|348.5|50140.9765625|8832af|TLM724|0|2450|0|||3|3|0|1|1|132|51|["132,210,2,2145","132,82,5","132,66,5","132,50,5"]|636148149409770000|13:55:40:977
62|1.1|636147906392296893|8832af|50145.9609375|9.7137663398|100.62015253944|-14128|-439564||50145.9609375|350||35000|348.5|50145.9609375|8832af|TLM724|0|2450|0|||3|3|0|1|1|132|51|["132,210,2,2145","132,82,5","132,66,5","132,50,5"]|636148149459610000|13:55:45:961
62|1.1|636147906442221885|8832af|50150.9609375|9.70334329117|100.62005061565|-14140|-440718||50150.9609375|350||35006.25|348.5|50150.9609375|8832af|TLM724|0|2450|0|||3|3|0|1|1|132|210|["132,210,2,2145","132,82,5","132,66,5","132,50,5"]|636148149509610000|13:55:50:961
62|1.1|636147906492146877|8832af|50155.9375|9.69303289515|100.61996478509|-14150|-441860||50155.9375|350||35006.25|348.5|50155.9375|8832af|TLM724|0|2450|0|||3|3|0|1|1|132|210|["132,210,2,2145","132,82,5","132,66,5","132,50,5"]|636148149559380000|13:55:55:938
62|1.1|636147906542061868|8832af|50160.9375|9.68185882912|100.61984676807|-14163|-443097||50160.9375|350||34993.75|348.5|50160.9375|8832af|TLM724|0|2450|0|||3|3|0|1|1|132|210|["132,210,2,2145","132,82,5","132,66,5","132,50,5"]|636148149609380000|13:56:00:938
62|1.1|636147906591986860|8832af|50165.9375|9.67119438204|100.61971802223|-14178|-444279||50165.9375|350||34981.25|348.5|50165.9375|8832af|TLM724|0|2450|0|||3|3|0|1|1|132|210|["132,210,2,2145","132,82,5","132,66,5","132,50,5"]|636148149659380000|13:56:05:938
62|1.1|636147906641911852|8832af|50170.921875|9.65945705296|100.6196482849|-14186|-445578||50170.921875|350||34981.25|348.5|50170.921875|8832af|TLM724|0|2450|0|||3|3|0|1|1|132|210|["132,210,2,2145","132,82,5","132,66,5","132,50,5"]|636148149709220000|13:56:10:922
62|1.1|636147906691826843|8832af|50175.921875|9.64820788519|100.61956781875|-14196|-446824||50175.921875|350||34993.75|348.5|50175.921875|8832af|TLM724|0|2450|0|||3|3|0|1|1|132|210|["132,210,2,2145","132,82,5","132,66,5","132,50,5"]|636148149759220000|13:56:15:922
62|1.1|636147906741751835|8832af|50180.8984375|9.63825154023|100.61946053055|-14208|-447927||50180.8984375|350||35000|348.5|50180.8984375|8832af|TLM724|0|2450|0|||3|3|0|1|1|132|210|["132,210,2,2145","132,82,5","132,66,5","132,50,5"]|636148149808980000|13:56:20:898
62|1.1|636147906791676827|8832af|50185.8984375|9.62731350824|100.61936933558|-14219|-449138||50185.8984375|350||35000|348.5|50185.8984375|8832af|TLM724|0|2450|0|||3|3|0|1|1|132|51|["132,210,2,2145","132,82,5","132,66,5","132,50,5"]|636148149858980000|13:56:25:898
62|1.1|636147906841601819|8832af|50190.8984375|9.61672952731|100.61923522533|-14234|-450310||50190.8984375|350||34993.75|348.5|50190.8984375|8832af|TLM724|0|2450|0|||3|3|0|1|1|132|210|["132,210,2,2145","132,82,5","132,66,5","132,50,5"]|636148149908980000|13:56:30:898
62|1.1|636147906891516810|8832af|50195.875|9.60596852085|100.61910111508|-14249|-451502||50195.875|350||34993.75|348.5|50195.875|8832af|TLM724|0|2450|0|||3|3|0|1|1|132|50|["132,210,2,2145","132,82,5","132,66,5","132,50,5"]|636148149958750000|13:56:35:875
62|1.1|636147906941441802|8832af|50200.875|9.5959638962|100.6189509116|-14266|-452610||50200.875|350||35006.25|348.5|50200.875|8832af|TLM724|0|2450|0|||3|3|0|1|1|132|50|["132,210,2,2145","132,82,5","132,66,5","132,50,5"]|636148150008750000|13:56:40:875
62|1.1|636147906991356793|8832af|50205.859375|9.58455379613|100.61880070812|-14283|-453874||50205.859375|350||35012.5|348.5|50205.859375|8832af|TLM724|0|2450|0|||3|3|0|1|1|132|51|["132,210,2,2145","132,82,5","132,66,5","132,50,5"]|636148150058590000|13:56:45:859
62|1.1|636147907041281785|8832af|50210.859375|9.57496223105|100.61868805551|-14296|-454936||50210.859375|350||35000|348.5|50210.859375|8832af|TLM724|0|2450|0|||3|3|0|1|1|132|51|["132,210,2,2145","132,82,5","132,66,5","132,50,5"]|636148150108590000|13:56:50:859
62|1.1|636147907091206777|8832af|50215.859375|9.56439970776|100.61854858085|-14312|-456105||50215.859375|350||35000|348.5|50215.859375|8832af|TLM724|0|2450|0|||3|3|0|1|1|132|210|["132,210,2,2145","132,82,5","132,66,5","132,50,5"]|636148150158590000|13:56:55:859
62|1.1|636147907141121768|8832af|50220.8359375|9.55402493882|100.61839837737|-14329|-457254||50220.8359375|350||35000|348.5|50220.8359375|8832af|TLM724|0|2450|0|||3|3|0|1|1|132|51|["132,210,2,2145","132,82,5","132,66,5","132,50,5"]|636148150208360000|13:57:00:836
62|1.1|636147907191046760|8832af|50225.8359375|9.5433926782|100.61822135184|-14349|-458432||50225.8359375|350||34987.5|348.5|50225.8359375|8832af|TLM724|0|2450|0|||3|3|0|1|1|132|210|["132,210,2,2145","132,82,5","132,66,5","132,50,5"]|636148150258360000|13:57:05:836
62|1.1|636147907240971752|8832af|50230.8203125|9.53301254485|100.61812479246|-14360|-459582||50230.8203125|350||34993.75|348.5|50230.8203125|8832af|TLM724|0|2450|0|||3|3|0|1|1|132|210|["132,210,2,2145","132,82,5","132,66,5","132,50,5"]|636148150308200000|13:57:10:820
62|1.1|636147907290896744|8832af|50235.8203125|9.52239637746|100.61804969072|-14369|-460757||50235.8203125|350||35000|348.5|50235.8203125|8832af|TLM724|0|2450|0|||3|3|0|1|1|132|210|["132,210,2,2145","132,82,5","132,66,5","132,50,5"]|636148150358200000|13:57:15:820
62|1.1|636147907340811735|8832af|50240.8203125|9.51173729479|100.61793703811|-14382|-461938||50240.8203125|350||35000|348.5|50240.8203125|8832af|TLM724|0|2450|0|||3|3|0|1|1|132|210|["132,210,2,2145","132,82,5","132,66,5","132,50,5"]|636148150408200000|13:57:20:820
62|1.1|636147907390736727|8832af|50245.796875|9.49931868564|100.61781365668|-14396|-463313||50245.796875|350||34993.75|348.5|50245.796875|8832af|TLM724|0|2450|0|||3|3|0|1|1|132|83|["132,210,2,2145","132,82,5","132,66,5","132,50,5"]|636148150457970000|13:57:25:797
62|1.1|636147907440651718|8832af|50250.796875|9.49035475653|100.61773855494|-14405|-464306||50250.796875|350||35000|348.5|50250.796875|8832af|TLM724|0|2450|0|||3|3|0|1|1|132|210|["132,210,2,2145","132,82,5","132,66,5","132,50,5"]|636148150507970000|13:57:30:797
62|1.1|636147907490586711|8832af|50255.78125|9.47920214814|100.6176098091|-14420|-465541||50255.78125|350||34987.5|348.5|50255.78125|8832af|TLM724|0|2450|0|||3|3|0|1|1|132|210|["132,210,2,2145","132,82,5","132,66,5","132,50,5"]|636148150557810000|13:57:35:781
62|1.1|636147907540501702|8832af|50260.78125|9.46749700552|100.61748642767|-14434|-466838||50260.78125|350||34987.5|348.5|50260.78125|8832af|TLM724|0|2450|0|||3|3|0|1|1|132|210|["132,210,2,2145","132,82,5","132,66,5","132,50,5"]|636148150607810000|13:57:40:781
62|1.1|636147907590416693|8832af|50265.78125|9.45698276192|100.61733622419|-14451|-468002||50265.78125|350||34962.5|348.5|50265.78125|8832af|TLM724|0|2450|0|||3|3|0|1|1|132|210|["132,210,2,2145","132,82,5","132,66,5","132,50,5"]|636148150657810000|13:57:45:781
62|1.1|636147907640351686|8832af|50270.7578125|9.44682793379|100.61718602071|-14468|-469127||50270.7578125|350||34993.75|348.5|50270.7578125|8832af|TLM724|0|2450|0|||3|3|0|1|1|132|210|["132,210,2,2145","132,82,5","132,66,5","132,50,5"]|636148150707580000|13:57:50:758
62|1.1|636147907690266677|8832af|50275.7578125|9.43611520702|100.617019724|-14487|-470313||50275.7578125|350||34968.75|348.5|50275.7578125|8832af|TLM724|0|2450|0|||3|3|0|1|1|132|210|["132,210,2,2145","132,82,5","132,66,5","132,50,5"]|636148150757580000|13:57:55:758
62|1.1|636147907740181668|8832af|50280.7421875|9.42515571739|100.61684269847|-14507|-471527||50280.7421875|350||34987.5|348.5|50280.7421875|8832af|TLM724|0|2450|0|||3|3|0|1|1|132|50|["132,210,2,2145","132,82,5","132,66,5","132,50,5"]|636148150807420000|13:58:00:742
62|1.1|636147907790106660|8832af|50285.7421875|9.41517791479|100.61670858822|-14522|-472632||50285.7421875|350||35000|348.5|50285.7421875|8832af|TLM724|0|2450|0|||3|3|0|1|1|132|210|["132,210,2,2145","132,82,5","132,66,5","132,50,5"]|636148150857420000|13:58:05:742
62|1.1|636147907840041653|8832af|50290.7421875|9.404883612|100.61657447797|-14537|-473772||50290.7421875|350||35006.25|348.5|50290.7421875|8832af|TLM724|0|2450|0|||3|3|0|1|1|132|210|["132,210,2,2145","132,82,5","132,66,5","132,50,5"]|636148150907420000|13:58:10:742
62|1.1|636147907886836332|8832af|50295.421875|9.39586603879|100.61645109654|-14551|-474771||50295.421875|350||35012.5|348.5|50295.421875|8832af|TLM724|0|2450|0|||3|3|0|1|1|132|210|["132,210,2,2145","132,82,5","132,66,5","132,50,5"]|636148150954220000|13:58:15:422
62|1.1|636147907936761324|8832af|50300.3984375|9.38518013407|100.61635990157|-14562|-475955||50300.3984375|350||35000|348.5|50300.3984375|8832af|TLM724|0|2450|0|||3|3|0|1|1|132|210|["132,210,2,2145","132,82,5","132,66,5","132,50,5"]|636148151003980000|13:58:20:398
62|1.1|636147907986676315|8832af|50305.3984375|9.37490728892|100.61622042691|-14578|-477093||50305.3984375|350||34993.75|348.5|50305.3984375|8832af|TLM724|0|2450|0|||3|3|0|1|1|132|210|["132,210,2,2145","132,82,5","132,66,5","132,50,5"]|636148151053980000|13:58:25:398
62|1.1|636147908036611308|8832af|50310.375|9.36444668942|100.61611313871|-14590|-478251||50310.375|350||34987.5|348.5|50310.375|8832af|TLM724|0|2450|0|||3|3|0|1|1|132|210|["132,210,2,2145","132,82,5","132,66,5","132,50,5"]|636148151103750000|13:58:30:375
62|1.1|636147908086526299|8832af|50315.375|9.35478538701|100.61603803697|-14599|-479321||50315.375|350||35000|348.5|50315.375|8832af|TLM724|0|2450|0|||3|3|0|1|1|132|210|["132,210,2,2145","132,82,5","132,66,5","132,50,5"]|636148151153750000|13:58:35:375
62|1.1|636147908136451291|8832af|50320.375|9.34501143199|100.61597366405|-14606|-480404||50320.375|350||35006.25|348.5|50320.375|8832af|TLM724|0|2450|0|||3|3|0|1|1|132|210|["132,210,2,2145","132,82,5","132,66,5","132,50,5"]|636148151203750000|13:58:40:375
62|1.1|636147908186366282|8832af|50325.359375|9.33444354429|100.6158931979|-14616|-481574||50325.359375|350||35000|348.5|50325.359375|8832af|TLM724|0|2450|0|||3|3|0|1|1|132|210|["132,210,2,2145","132,82,5","132,66,5","132,50,5"]|636148151253590000|13:58:45:359
62|1.1|636147908236301275|8832af|50330.359375|9.32367180901|100.61582346057|-14624|-482767||50330.359375|350||34993.75|348.5|50330.359375|8832af|TLM724|0|2450|0|||3|3|0|1|1|132|66|["132,210,2,2145","132,82,5","132,66,5","132,50,5"]|636148151303590000|13:58:50:359
62|1.1|636147908286206265|8832af|50335.3359375|9.31321120951|100.61573763001|-14634|-483926||50335.3359375|350||34993.75|348.5|50335.3359375|8832af|TLM724|0|2450|0|||3|3|0|1|1|132|210|["132,210,2,2145","132,82,5","132,66,5","132,50,5"]|636148151353360000|13:58:55:336
62|1.1|636147908336131257|8832af|50340.3359375|9.3034426189|100.61564107063|-14645|-485008||50340.3359375|350||35000|348.5|50340.3359375|8832af|TLM724|0|2450|0|||3|3|0|1|1|132|210|["132,210,2,2145","132,82,5","132,66,5","132,50,5"]|636148151403360000|13:59:00:336
62|1.1|636147908386056249|8832af|50345.3359375|9.29329851959|100.61556596889|-14654|-486132||50345.3359375|350||35006.25|348.5|50345.3359375|8832af|TLM724|0|2450|0|||3|3|0|1|1|132|210|["132,210,2,2145","132,82,5","132,66,5","132,50,5"]|636148151453360000|13:59:05:336
62|1.1|636147908436001243|8832af|50350.3203125|9.28357284426|100.61546940951|-14665|-487209||50350.3203125|350||35006.25|348.5|50350.3203125|8832af|TLM724|0|2450|0|||3|3|0|1|1|132|66|["132,210,2,2145","132,82,5","132,66,5","132,50,5"]|636148151503200000|13:59:10:320
62|1.1|636147908485896232|8832af|50355.3203125|9.27344483818|100.61539430777|-14674|-488331||50355.3203125|350||35012.5|348.5|50355.3203125|8832af|TLM724|0|2450|0|||3|3|0|1|1|132|210|["132,210,2,2145","132,82,5","132,66,5","132,50,5"]|636148151553200000|13:59:15:320
62|1.1|636147908535811223|8832af|50360.296875|9.2626731029|100.61526556193|-14689|-489524||50360.296875|350||34981.25|348.5|50360.296875|8832af|TLM724|0|2450|0|||3|3|0|1|1|132|210|["132,210,2,2145","132,82,5","132,66,5","132,50,5"]|636148151602970000|13:59:20:297
62|1.1|636147908585746216|8832af|50365.296875|9.25287232583|100.61510999404|-14706|-490610||50365.296875|350||35000|348.5|50365.296875|8832af|TLM724|0|2450|0|||3|3|0|1|1|132|82|["132,210,2,2145","132,82,5","132,66,5","132,50,5"]|636148151652970000|13:59:25:297
62|1.1|636147908635661207|8832af|50370.296875|9.24266921801|100.6150348923|-14715|-491740||50370.296875|350||34993.75|348.5|50370.296875|8832af|TLM724|0|2450|0|||3|3|0|1|1|132|50|["132,210,2,2145","132,82,5","132,66,5","132,50,5"]|636148151702970000|13:59:30:297
62|1.1|636147908685576198|8832af|50375.28125|9.23230517789|100.61487396|-14733|-492888||50375.28125|350||34937.5|348.5|50375.28125|8832af|TLM724|0|2450|0|||3|3|0|1|1|132|66|["132,210,2,2145","132,82,5","132,66,5","132,50,5"]|636148151752810000|13:59:35:281
62|1.1|636147908735351175|8832af|50380.28125|9.22143151882|100.6147130277|-14752|-494092||50380.28125|350||34968.75|348.5|50380.28125|8832af|TLM724|0|2450|0|||3|3|0|1|1|132|50|["132,210,2,2145","132,82,5","132,66,5","132,50,5"]|636148151802810000|13:59:40:281
62|1.1|636147908785286168|8832af|50385.2578125|9.2109065464|100.61451990894|-14773|-495258||50385.2578125|350||34975|348.5|50385.2578125|8832af|TLM724|0|2450|0|||3|3|0|1|1|132|50|["132,210,2,2145","132,82,5","132,66,5","132,50,5"]|636148151852580000|13:59:45:258
62|1.1|636147908835201159|8832af|50390.2578125|9.20118623548|100.61436434105|-14791|-496335||50390.2578125|350||35000|348.5|50390.2578125|8832af|TLM724|0|2450|0|||3|3|0|1|1|132|50|["132,210,2,2145","132,82,5","132,66,5","132,50,5"]|636148151902580000|13:59:50:258
62|1.1|636147908885116150|8832af|50395.2578125|9.19097776325|100.61426778167|-14802|-497466||50395.2578125|350||35006.25|348.5|50395.2578125|8832af|TLM724|0|2450|0|||3|3|0|1|1|132|50|["132,210,2,2145","132,82,5","132,66,5","132,50,5"]|636148151952580000|13:59:55:258
62|1.1|636147908935061144|8832af|50400.2421875|9.18079074866|100.61416585788|-14814|-498594||50400.2421875|350||35006.25|348.5|50400.2421875|8832af|TLM724|0|2450|0|||3|3|0|1|1|132|50|["132,210,2,2145","132,82,5","132,66,5","132,50,5"]|636148152002420000|14:00:00:242
62|1.1|636147908984966134|8832af|50405.2421875|9.17046425941|100.61404784086|-14827|-499738||50405.2421875|350||34987.5|348.5|50405.2421875|8832af|TLM724|0|2450|0|||3|3|0|1|1|132|50|["132,210,2,2145","132,82,5","132,66,5","132,50,5"]|636148152052420000|14:00:05:242
62|1.1|636147909034891126|8832af|50410.21875|9.16033625333|100.61391909502|-14842|-500860||50410.21875|350||34975|348.5|50410.21875|8832af|TLM724|0|2450|0|||3|3|0|1|1|132|83|["132,210,2,2145","132,82,5","132,66,5","132,50,5"]|636148152102190000|14:00:10:219
62|1.1|636147909084806117|8832af|50415.21875|9.14958061128|100.61371524744|-14865|-502052||50415.21875|350||34850|348.5|50415.21875|8832af|TLM724|0|2450|0|||3|3|0|1|1|132|83|["132,210,2,2145","132,82,5","132,66,5","132,50,5"]|636148152152190000|14:00:15:219
62|1.1|636147909134721108|8832af|50420.21875|9.13898590153|100.61363478129|-14875|-503225||50420.21875|350||34806.25|348.5|50420.21875|8832af|TLM724|0|2450|0|||3|3|0|1|1|132|51|["132,210,2,2145","132,82,5","132,66,5","132,50,5"]|636148152202190000|14:00:20:219
62|1.1|636147909184646100|8832af|50425.1953125|9.12860040377|100.61354895073|-14884|-504375||50425.1953125|350||34781.25|348.5|50425.1953125|8832af|TLM724|0|2450|0|||3|3|0|1|1|132|82|["132,210,2,2145","132,82,5","132,66,5","132,50,5"]|636148152251950000|14:00:25:195
62|1.1|636147909234571092|8832af|50430.1953125|9.11816662632|100.6134255693|-14898|-505531||50430.1953125|350||34781.25|348.5|50430.1953125|8832af|TLM724|0|2450|0|||3|3|0|1|1|132|82|["132,210,2,2145","132,82,5","132,66,5","132,50,5"]|636148152301950000|14:00:30:195
62|1.1|636147909284496084|8832af|50435.1796875|9.1078025862|100.61331291669|-14912|-506679||50435.1796875|350||34775|348.5|50435.1796875|8832af|TLM724|0|2450|0|||3|3|0|1|1|132|82|["132,210,2,2145","132,82,5","132,66,5","132,50,5"]|636148152351800000|14:00:35:180
62|1.1|636147909334411075|8832af|50440.1796875|9.0974492749|100.61316271321|-14929|-507826||50440.1796875|350||34787.5|348.5|50440.1796875|8832af|TLM724|0|2450|0|||3|3|0|1|1|132|82|["132,210,2,2145","132,82,5","132,66,5","132,50,5"]|636148152401800000|14:00:40:180
62|1.1|636147909384336067|8832af|50445.1796875|9.08838878641|100.61289985712|-14958|-508830||50445.1796875|350||35000|348.5|50445.1796875|8832af|TLM724|0|2450|0|||3|3|0|1|1|132|83|["132,210,2,2145","132,82,5","132,66,5","132,50,5"]|636148152451800000|14:00:45:180
62|1.1|636147909434261059|8832af|50450.15625|9.07799792424|100.61277647569|-14972|-509981||50450.15625|350||35031.25|348.5|50450.15625|8832af|TLM724|0|2450|0|||3|3|0|1|1|132|82|["132,210,2,2145","132,82,5","132,66,5","132,50,5"]|636148152501560000|14:00:50:156
62|1.1|636147909484186051|8832af|50455.15625|9.06722082455|100.61255117047|-14997|-511175||50455.15625|350||35000|348.5|50455.15625|8832af|TLM724|0|2450|0|||3|3|0|1|1|132|50|["132,210,2,2145","132,82,5","132,66,5","132,50,5"]|636148152551560000|14:00:55:156
62|1.1|636147909534101042|8832af|50460.140625|9.05690506412|100.61240096699|-15014|-512318||50460.140625|350||34993.75|348.5|50460.140625|8832af|TLM724|0|2450|0|||3|3|0|1|1|132|50|["132,210,2,2145","132,82,5","132,66,5","132,50,5"]|636148152601410000|14:01:00:141
62|1.1|636147909584026034|8832af|50465.140625|9.04644982903|100.612191755|-15038|-513476||50465.140625|350||34950|348.5|50465.140625|8832af|TLM724|0|2450|0|||3|3|0|1|1|132|50|["132,210,2,2145","132,82,5","132,66,5","132,50,5"]|636148152651410000|14:01:05:141
62|1.1|636147909633941025|8832af|50470.140625|9.03595167866|100.61203618711|-15056|-514639||50470.140625|350||34981.25|348.5|50470.140625|8832af|TLM724|0|2450|0|||3|3|0|1|1|132|83|["132,210,2,2145","132,82,5","132,66,5","132,50,5"]|636148152701410000|14:01:10:141
62|1.1|636147909683866017|8832af|50475.1171875|9.02623136774|100.61185916158|-15076|-515716||50475.1171875|350||35006.25|348.5|50475.1171875|8832af|TLM724|0|2450|0|||3|3|0|1|1|132|83|["132,210,2,2145","132,82,5","132,66,5","132,50,5"]|636148152751170000|14:01:15:117
62|1.1|636147909733781008|8832af|50480.1171875|9.01600680228|100.61171968692|-15092|-516849||50480.1171875|350||35012.5|348.5|50480.1171875|8832af|TLM724|0|2450|0|||3|3|0|1|1|132|50|["132,210,2,2145","132,82,5","132,66,5","132,50,5"]|636148152801170000|14:01:20:117
62|1.1|636147909783736003|8832af|50485.1015625|9.00613092347|100.61156948344|-15109|-517943||50485.1015625|350||35012.5|348.5|50485.1015625|8832af|TLM724|0|2450|0|||3|3|0|1|1|132|51|["132,210,2,2145","132,82,5","132,66,5","132,50,5"]|636148152851020000|14:01:25:102
62|1.1|636147909833630992|8832af|50490.1015625|8.99609947677|100.61144610201|-15123|-519054||50490.1015625|350||35012.5|348.5|50490.1015625|8832af|TLM724|0|2450|0|||3|3|0|1|1|132|82|["132,210,2,2145","132,82,5","132,66,5","132,50,5"]|636148152901020000|14:01:30:102
62|1.1|636147909883545983|8832af|50495.1015625|8.98501660571|100.61130126294|-15139|-520282||50495.1015625|349.5||34975|348|50495.1015625|8832af|TLM724|0|2450|0|||3|3|0|1|1|132|83|["132,210,2,2145","132,82,5","132,66,5","132,50,5"]|636148152951020000|14:01:35:102
62|1.1|636147909933480976|8832af|50500.078125|8.97590783753|100.61119397474|-15152|-521291||50500.078125|349||34937.5|347|50500.078125|8832af|TLM724|0|2450|0|||3|3|0|1|1|132|82|["132,210,2,2145","132,82,5","132,66,5","132,50,5"]|636148153000780000|14:01:40:078
62|1.1|636147909983395967|8832af|50505.078125|8.96476059355|100.61107059331|-15166|-522526||50505.078125|348||34850|345.5|50505.078125|8832af|TLM724|0|2450|0|||3|3|0|1|1|132|82|["132,210,2,2145","132,82,5","132,66,5","132,50,5"]|636148153050780000|14:01:45:078
62|1.1|636147910033310958|8832af|50510.0625|8.95465404511|100.61092575424|-15182|-523646||50510.0625|347||34800|344.25|50510.0625|8832af|TLM724|0|2450|-1281.25|||3|3|2|1|1|132|82|["132,210,2,2145","132,82,5","132,66,5","132,50,5"]|636148153100630000|14:01:50:063
62|1.1|636147910083235950|8832af|50515.0625|8.94433828468|100.6107970084|-15197|-524789||50515.0625|345.25||34737.5|342.75|50515.0625|8832af|TLM724|0|2450|-1356.25|||3|3|2|1|1|132|51|["132,210,2,2145","132,82,5","132,66,5","132,50,5"]|636148153150630000|14:01:55:063
62|1.1|636147910133160942|8832af|50520.0625|8.93460724494|100.61065216933|-15213|-525867||50520.0625|344||34406.25|341.5|50520.0625|8832af|TLM724|0|2450|-1356.25|||3|3|2|1|1|132|82|["132,210,2,2145","132,82,5","132,66,5","132,50,5"]|636148153200630000|14:02:00:063
62|1.1|636147910183075933|8832af|50525.0390625|8.92422174718|100.61048587262|-15233|-527017||50525.0390625|342.75||34256.25|340|50525.0390625|8832af|TLM724|0|2450|-1493.75|||3|3|2|1|1|132|82|["132,210,2,2145","132,82,5","132,66,5","132,50,5"]|636148153250390000|14:02:05:039
62|1.1|636147910233020927|8832af|50530.0390625|8.9137182324|100.61024983858|-15259|-528181||50530.0390625|341.25||34068.75|338.5|50530.0390625|8832af|TLM724|0|2450|-1612.5|||3|3|2|1|1|132|82|["132,210,2,2145","132,82,5","132,66,5","132,50,5"]|636148153300390000|14:02:10:039
62|1.1|636147910282925917|8832af|50535.015625|8.90312352265|100.60991724516|-15296|-529355||50535.015625|339.25||33831.25|336.75|50535.015625|8832af|TLM724|0|2450|-1768.75|||3|3|2|1|1|132|50|["132,210,2,2145","132,82,5","132,66,5","132,50,5"]|636148153350160000|14:02:15:016
62|1.1|636147910332850909|8832af|50540.015625|8.89280239781|100.60976704168|-15313|-530498||50540.015625|337.75||33631.25|335.25|50540.015625|8832af|TLM724|0|2450|-1812.5|||3|3|2|1|1|132|50|["132,210,2,2145","132,82,5","132,66,5","132,50,5"]|636148153400160000|14:02:20:016
62|1.1|636147910382795903|8832af|50545.015625|8.88264220527|100.60962220261|-15330|-531624||50545.015625|336.25||33462.5|333.25|50545.015625|8832af|TLM724|0|2450|-1850|||3|3|2|1|1|132|50|["132,210,2,2145","132,82,5","132,66,5","132,50,5"]|636148153450160000|14:02:25:016
62|1.1|636147910432690892|8832af|50550|8.87243909745|100.60955246528|-15338|-532755||50550|334.75||33300|332|50550|8832af|TLM724|0|2450|-1675|||3|3|2|1|1|132|50|["132,210,2,2145","132,82,5","132,66,5","132,50,5"]|636148153500000000|14:02:30:000
62|1.1|636147910482615884|8832af|50555|8.86230572696|100.60946127031|-15349|-533877||50555|333.25||33156.25|330.5|50555|8832af|TLM724|0|2450|-1712.5|||3|3|2|1|1|132|50|["132,210,2,2145","132,82,5","132,66,5","132,50,5"]|636148153550000000|14:02:35:000
62|1.1|636147910532590881|8832af|50559.9765625|8.85212944119|100.60939153298|-15357|-535005||50559.9765625|331.75||33006.25|329|50559.9765625|8832af|TLM724|0|2450|-1731.25|||3|3|2|1|1|132|50|["132,210,2,2145","132,82,5","132,66,5","132,50,5"]|636148153599770000|14:02:39:977
62|1.1|636147910582455867|8832af|50564.9765625|8.84205507921|100.6091876854|-15380|-536121||50564.9765625|330||32875|327.5|50564.9765625|8832af|TLM724|0|2450|-1768.75|||3|3|2|1|1|132|82|["132,210,2,2145","132,82,5","132,66,5","132,50,5"]|636148153649770000|14:02:44:977
62|1.1|636147910632380859|8832af|50569.9765625|8.83192707313|100.60904284633|-15396|-537243||50569.9765625|328.25||32725|325.75|50569.9765625|8832af|TLM724|0|2450|-1868.75|||3|3|2|1|1|132|83|["132,210,2,2145","132,82,5","132,66,5","132,50,5"]|636148153699770000|14:02:49:977
62|1.1|636147910682295850|8832af|50574.9609375|8.82201364345|100.60888727844|-15414|-538341||50574.9609375|327||32600|324.25|50574.9609375|8832af|TLM724|0|2450|-1887.5|||3|3|2|1|1|132|82|["132,210,2,2145","132,82,5","132,66,5","132,50,5"]|636148153749610000|14:02:54:961
62|1.1|636147910732220842|8832af|50579.9609375|8.81192855265|100.60881754111|-15422|-539459||50579.9609375|325.25||32437.5|322.75|50579.9609375|8832af|TLM724|0|2450|-1850|||3|3|2|1|1|132|51|["132,210,2,2145","132,82,5","132,66,5","132,50,5"]|636148153799610000|14:02:59:961
62|1.1|636147910782135833|8832af|50584.9375|8.80200975856|100.60873707496|-15432|-540558||50584.9375|324||32293.75|321.25|50584.9375|8832af|TLM724|0|2450|-1831.25|||3|3|2|1|1|132|82|["132,210,2,2145","132,82,5","132,66,5","132,50,5"]|636148153849380000|14:03:04:938
62|1.1|636147910832070826|8832af|50589.9375|8.79232699851|100.60873707496|-15432|-541631||50589.9375|322.5||32193.75|319.75|50589.9375|8832af|TLM724|0|2450|-1850|||3|3|2|1|1|132|82|["132,210,2,2145","132,82,5","132,66,5","132,50,5"]|636148153899380000|14:03:09:938
62|1.1|636147910881985817|8832af|50594.9375|8.78350254406|100.60871025291|-15436|-542609||50594.9375|320.75||32081.25|318|50594.9375|8832af|TLM724|0|2450|-1850|||3|3|2|1|1|132|82|["132,210,2,2145","132,82,5","132,66,5","132,50,5"]|636148153949380000|14:03:14:938
62|1.1|636147910931900808|8832af|50599.921875|8.77362666525|100.60856541384|-15452|-543703||50599.921875|319.25||31937.5|316.25|50599.921875|8832af|TLM724|0|2450|-1831.25|||3|3|2|1|1|132|82|["132,210,2,2145","132,82,5","132,66,5","132,50,5"]|636148153999220000|14:03:19:922
62|1.1|636147910981835801|8832af|50604.921875|8.76371859998|100.60841521036|-15469|-544801||50604.921875|317.75||31768.75|315|50604.921875|8832af|TLM724|0|2450|-1693.75|||3|3|2|1|1|132|82|["132,210,2,2145","132,82,5","132,66,5","132,50,5"]|636148154049220000|14:03:24:922
62|1.1|636147911031750792|8832af|50609.8984375|8.75397146701|100.60822745601|-15490|-545881||50609.8984375|316.25||31568.75|313.75|50609.8984375|8832af|TLM724|0|2450|-1675|||3|3|2|1|1|132|82|["132,210,2,2145","132,82,5","132,66,5","132,50,5"]|636148154098980000|14:03:29:898
62|1.1|636147911081675784|8832af|50614.8984375|8.74398293559|100.60805043048|-15510|-546988||50614.8984375|314.75||31368.75|312.25|50614.8984375|8832af|TLM724|0|2450|-1675|||3|3|2|1|1|132|82|["132,210,2,2145","132,82,5","132,66,5","132,50,5"]|636148154148980000|14:03:34:898
62|1.1|636147911131600776|8832af|50619.8984375|8.73396758212|100.60792168464|-15525|-548097||50619.8984375|313.25||31137.5|310.5|50619.8984375|8832af|TLM724|0|2450|-1656.25|||3|3|2|1|1|132|50|["132,210,2,2145","132,82,5","132,66,5","132,50,5"]|636148154198980000|14:03:39:898
62|1.1|636147911181535769|8832af|50624.875|8.724139983|100.60787876936|-15530|-549186||50624.875|311.75||30993.75|309.25|50624.875|8832af|TLM724|0|2450|-1518.75|||3|3|2|1|1|132|50|["132,210,2,2145","132,82,5","132,66,5","132,50,5"]|636148154248750000|14:03:44:875
62|1.1|636147911231450760|8832af|50629.875|8.71440894326|100.60781439644|-15538|-550265||50629.875|310||30868.75|307.75|50629.875|8832af|TLM724|0|2450|-1400|||3|3|2|1|1|132|83|["132,210,2,2145","132,82,5","132,66,5","132,50,5"]|636148154298750000|14:03:49:875
62|1.1|636147911281365751|8832af|50634.859375|8.70459743737|100.60774465911|-15546|-551352||50634.859375|308.75||30725|306.5|50634.859375|8832af|TLM724|0|2450|-1418.75|||3|3|2|1|1|132|83|["132,210,2,2145","132,82,5","132,66,5","132,50,5"]|636148154348590000|14:03:54:859
62|1.1|636147911331280742|8832af|50639.859375|8.69476983825|100.6075783624|-15565|-552441||50639.859375|307.5||30587.5|305|50639.859375|8832af|TLM724|0|2450|-1518.75|||3|3|2|1|1|132|82|["132,210,2,2145","132,82,5","132,66,5","132,50,5"]|636148154398590000|14:03:59:859
62|1.1|636147911381195733|8832af|50644.859375|8.68482422211|100.60762664209|-15560|-553543||50644.859375|306||30525|303.5|50644.859375|8832af|TLM724|0|2450|-1693.75|||3|3|2|1|1|132|82|["132,210,2,2145","132,82,5","132,66,5","132,50,5"]|636148154448590000|14:04:04:859
62|1.1|636147911431120725|8832af|50649.8359375|8.67603731853|100.60764273532|-15559|-554517||50649.8359375|304.5||30450|302|50649.8359375|8832af|TLM724|0|2450|-1731.25|||3|3|2|1|1|132|82|["132,210,2,2145","132,82,5","132,66,5","132,50,5"]|636148154498360000|14:04:09:836
62|1.1|636147911481065719|8832af|50654.8359375|8.6667944401|100.60762127768|-15562|-555541||50654.8359375|303||30318.75|300.5|50654.8359375|8832af|TLM724|0|2450|-1731.25|||3|3|2|1|1|132|82|["132,210,2,2145","132,82,5","132,66,5","132,50,5"]|636148154548360000|14:04:14:836
62|1.1|636147911530960708|8832af|50659.8203125|8.65674153576|100.60756226917|-15569|-556655||50659.8203125|301.5||30137.5|299|50659.8203125|8832af|TLM724|0|2450|-1768.75|||3|3|2|1|1|132|82|["132,210,2,2145","132,82,5","132,66,5","132,50,5"]|636148154598200000|14:04:19:820
62|1.1|636147911580885700|8832af|50664.8203125|8.64669936024|100.60749789625|-15576|-557768||50664.8203125|300.5||29987.5|297.75|50664.8203125|8832af|TLM724|0|2450|-1712.5|||3|3|2|1|1|132|82|["132,210,2,2145","132,82,5","132,66,5","132,50,5"]|636148154648200000|14:04:24:820
62|1.1|636147911630820693|8832af|50669.8203125|8.63690394758|100.60742279451|-15585|-558853||50669.8203125|299.5||29843.75|296.75|50669.8203125|8832af|TLM724|0|2450|-1493.75|||3|3|2|1|1|132|82|["132,210,2,2145","132,82,5","132,66,5","132,50,5"]|636148154698200000|14:04:29:820
62|1.1|636147911680735684|8832af|50674.796875|8.62734993337|100.6073101419|-15598|-559912||50674.796875|298.25||29693.75|295.75|50674.796875|8832af|TLM724|0|2450|-1281.25|||3|3|2|1|1|132|82|["132,210,2,2145","132,82,5","132,66,5","132,50,5"]|636148154747970000|14:04:34:797
62|1.1|636147911730650675|8832af|50679.796875|8.61750087661|100.60738524364|-15591|-561003||50679.796875|297||29637.5|294.5|50679.796875|8832af|TLM724|0|2450|-1318.75|||3|3|2|1|1|132|82|["132,210,2,2145","132,82,5","132,66,5","132,50,5"]|636148154797970000|14:04:39:797
62|1.1|636147911780575667|8832af|50684.78125|8.60795222681|100.60743888774|-15585|-562061||50684.78125|295.75||29543.75|293.5|50684.78125|8832af|TLM724|0|2450|-1318.75|||3|3|2|1|1|132|83|["132,210,2,2145","132,82,5","132,66,5","132,50,5"]|636148154847810000|14:04:44:781
62|1.1|636147911830490658|8832af|50689.78125|8.59942281491|100.6075247183|-15576|-563007||50689.78125|294.5||29475|292.5|50689.78125|8832af|TLM724|0|2450|-1300|||3|3|2|1|1|132|51|["132,210,2,2145","132,82,5","132,66,5","132,50,5"]|636148154897810000|14:04:49:781
62|1.1|636147911880415650|8832af|50694.78125|8.59006191946|100.60751398948|-15578|-564044||50694.78125|293.5||29375|291|50694.78125|8832af|TLM724|0|2450|-1375|||3|3|2|1|1|132|82|["132,210,2,2145","132,82,5","132,66,5","132,50,5"]|636148154947810000|14:04:54:781
62|1.1|636147911930340642|8832af|50699.7578125|8.58056154935|100.60744961656|-15585|-565097||50699.7578125|292.25||29256.25|289.75|50699.7578125|8832af|TLM724|0|2450|-1456.25|||3|3|2|1|1|132|82|["132,210,2,2145","132,82,5","132,66,5","132,50,5"]|636148154997580000|14:04:59:758
62|1.1|636147911980265634|8832af|50704.7578125|8.57124893359|100.60755154035|-15574|-566129||50704.7578125|291||29137.5|288.5|50704.7578125|8832af|TLM724|0|2450|-1493.75|||3|3|2|1|1|132|50|["132,210,2,2145","132,82,5","132,66,5","132,50,5"]|636148155047580000|14:05:04:758
62|1.1|636147912030200627|8832af|50709.7421875|8.56318622536|100.60786267613|-15541|-567022||50709.7421875|289.75||28981.25|287.25|50709.7421875|8832af|TLM724|0|2450|-1475|||3|3|2|1|1|132|50|["132,210,2,2145","132,82,5","132,66,5","132,50,5"]|636148155097420000|14:05:09:742
62|1.1|636147912080115618|8832af|50714.7421875|8.55320305835|100.60793777787|-15533|-568129||50714.7421875|288||28818.75|285.75|50714.7421875|8832af|TLM724|0|2450|-1437.5|||3|3|2|1|1|132|83|["132,210,2,2145","132,82,5","132,66,5","132,50,5"]|636148155147420000|14:05:14:742
62|1.1|636147912130020608|8832af|50719.7421875|8.54445907005|100.60796996433|-15530|-569098||50719.7421875|287||28675|284.5|50719.7421875|8832af|TLM724|0|2450|-1400|||3|3|2|1|1|132|82|["132,210,2,2145","132,82,5","132,66,5","132,50,5"]|636148155197420000|14:05:19:742
62|1.1|636147912179955601|8832af|50724.71875|8.5348299541|100.60809334576|-15517|-570165||50724.71875|285.5||28512.5|283.25|50724.71875|8832af|TLM724|0|2450|-1456.25|||3|3|2|1|1|132|82|["132,210,2,2145","132,82,5","132,66,5","132,50,5"]|636148155247190000|14:05:24:719
62|1.1|636147912229870592|8832af|50729.71875|8.52543687219|100.6081148034|-15515|-571206||50729.71875|284.5||28375|282|50729.71875|8832af|TLM724|0|2450|-1537.5|||3|3|2|1|1|132|82|["132,210,2,2145","132,82,5","132,66,5","132,50,5"]|636148155297190000|14:05:29:719
62|1.1|636147912279795584|8832af|50734.6953125|8.51616717171|100.60812553222|-15514|-572233||50734.6953125|283.25||28225|280.75|50734.6953125|8832af|TLM724|0|2450|-1475|||3|3|2|1|1|132|82|["132,210,2,2145","132,82,5","132,66,5","132,50,5"]|636148155346950000|14:05:34:695
62|1.1|636147912329730577|8832af|50739.6953125|8.50828148901|100.60812553222|-15514|-573107||50739.6953125|281.75||28187.5|279.5|50739.6953125|8832af|TLM724|0|2450|-1456.25|||3|3|2|1|1|132|82|["132,210,2,2145","132,82,5","132,66,5","132,50,5"]|636148155396950000|14:05:39:695
62|1.1|636147912379645568|8832af|50744.6953125|8.49984863649|100.60813626104|-15514|-574041||50744.6953125|280.5||28068.75|278.25|50744.6953125|8832af|TLM724|0|2450|-1518.75|||3|3|2|1|1|132|82|["132,210,2,2145","132,82,5","132,66,5","132,50,5"]|636148155446950000|14:05:44:695
62|1.1|636147912429560559|8832af|50749.6796875|8.49054674955|100.60806652371|-15522|-575072||50749.6796875|279||27893.75|276.75|50749.6796875|8832af|TLM724|0|2450|-1612.5|||3|3|2|1|1|132|83|["132,210,2,2145","132,82,5","132,66,5","132,50,5"]|636148155496800000|14:05:49:680
62|1.1|636147912479475550|8832af|50754.6796875|8.48212462585|100.60802360843|-15527|-576006||50754.6796875|277.5||27775|275.25|50754.6796875|8832af|TLM724|0|2450|-1675|||3|3|2|1|1|132|82|["132,210,2,2145","132,82,5","132,66,5","132,50,5"]|636148155546800000|14:05:54:680
62|1.1|636147912529410543|8832af|50759.65625|8.47353620544|100.60796459992|-15534|-576958||50759.65625|276||27618.75|273.75|50759.65625|8832af|TLM724|0|2450|-1712.5|||3|3|2|1|1|132|82|["132,210,2,2145","132,82,5","132,66,5","132,50,5"]|636148155596560000|14:05:59:656
62|1.1|636147912579325534|8832af|50764.65625|8.46491559857|100.60794850669|-15536|-577913||50764.65625|274.5||27481.25|272.25|50764.65625|8832af|TLM724|0|2450|-1750|||3|3|2|1|1|132|82|["132,210,2,2145","132,82,5","132,66,5","132,50,5"]|636148155646560000|14:06:04:656
62|1.1|636147912629240525|8832af|50769.65625|8.45576391511|100.60789486259|-15543|-578928||50769.65625|273||27287.5|270.5|50769.65625|8832af|TLM724|0|2450|-1812.5|||3|3|2|1|1|132|82|["132,210,2,2145","132,82,5","132,66,5","132,50,5"]|636148155696560000|14:06:09:656
62|1.1|636147912679165517|8832af|50774.640625|8.44730424054|100.60785194731|-15548|-579865||50774.640625|271.5||27150|269|50774.640625|8832af|TLM724|0|2450|-1812.5|||3|3|2|1|1|132|82|["132,210,2,2145","132,82,5","132,66,5","132,50,5"]|636148155746410000|14:06:14:641
62|1.1|636147912729090509|8832af|50779.640625|8.43829203174|100.60784121849|-15550|-580864||50779.640625|270||26975|267.5|50779.640625|8832af|TLM724|0|2450|-1831.25|||3|3|2|1|1|132|82|["132,210,2,2145","132,82,5","132,66,5","132,50,5"]|636148155796410000|14:06:19:641
62|1.1|636147912779005500|8832af|50784.6171875|8.43004693357|100.60786267613|-15548|-581778||50784.6171875|268.5||26843.75|266|50784.6171875|8832af|TLM724|0|2450|-1831.25|||3|3|2|1|1|132|50|["132,210,2,2145","132,82,5","132,66,5","132,50,5"]|636148155846170000|14:06:24:617
62|1.1|636147912828950494|8832af|50789.6171875|8.42159798782|100.60783585408|-15551|-582714||50789.6171875|266.75||26693.75|264.5|50789.6171875|8832af|TLM724|0|2450|-1812.5|||3|3|2|1|1|132|82|["132,210,2,2145","132,82,5","132,66,5","132,50,5"]|636148155896170000|14:06:29:617
62|1.1|636147912878855484|8832af|50794.6171875|8.41312758443|100.60783585408|-15552|-583653||50794.6171875|265.25||26531.25|263|50794.6171875|8832af|TLM724|0|2450|-1850|||3|3|2|1|1|132|82|["132,210,2,2145","132,82,5","132,66,5","132,50,5"]|636148155946170000|14:06:34:617
62|1.1|636147912928770475|8832af|50799.6015625|8.40410464681|100.60780366762|-15555|-584653||50799.6015625|263.5||26325|261.25|50799.6015625|8832af|TLM724|0|2450|-1950|||3|3|2|1|1|132|82|["132,210,2,2145","132,82,5","132,66,5","132,50,5"]|636148155996020000|14:06:39:602
62|1.1|636147912978695467|8832af|50804.6015625|8.39552159081|100.60776611675|-15560|-585604||50804.6015625|262.25||26156.25|259.5|50804.6015625|8832af|TLM724|0|2450|-1968.75|||3|3|2|1|1|132|50|["132,210,2,2145","132,82,5","132,66,5","132,50,5"]|636148156046020000|14:06:44:602
62|1.1|636147913028610458|8832af|50809.578125|8.38760372165|100.60787876936|-15548|-586482||50809.578125|260||26018.75|257.75|50809.578125|8832af|TLM724|0|2450|-2006.25|||3|3|2|1|1|132|82|["132,210,2,2145","132,82,5","132,66,5","132,50,5"]|636148156095780000|14:06:49:578
62|1.1|636147913078565453|8832af|50814.578125|8.37914941149|100.60787876936|-15548|-587419||50814.578125|258.75||25856.25|256|50814.578125|8832af|TLM724|0|2450|-2025|||3|3|2|1|1|132|83|["132,210,2,2145","132,82,5","132,66,5","132,50,5"]|636148156145780000|14:06:54:578
62|1.1|636147913128460442|8832af|50819.578125|8.37007282977|100.60789486259|-15547|-588425||50819.578125|256.5||25650|254.25|50819.578125|8832af|TLM724|0|2450|-2106.25|||3|3|2|1|1|132|82|["132,210,2,2145","132,82,5","132,66,5","132,50,5"]|636148156195780000|14:06:59:578
62|1.1|636147913178385434|8832af|50824.5625|8.36120546004|100.60785194731|-15552|-589408||50824.5625|255.5||25431.25|252.25|50824.5625|8832af|TLM724|0|2450|-2143.75|||3|3|2|1|1|132|66|["132,210,2,2145","132,82,5","132,66,5","132,50,5"]|636148156245630000|14:07:04:563
62|1.1|636147913228310426|8832af|50829.5625|8.35294426864|100.60786267613|-15552|-590323||50829.5625|253.75||25293.75|250.75|50829.5625|8832af|TLM724|0|2450|-2106.25|||3|3|2|1|1|132|66|["132,210,2,2145","132,82,5","132,66,5","132,50,5"]|636148156295630000|14:07:09:563
62|1.1|636147913278225417|8832af|50834.5390625|8.34391596661|100.6078465829|-15554|-591324||50834.5390625|251.5||25118.75|249|50834.5390625|8832af|TLM724|0|2450|-2050|||3|3|2|1|1|132|82|["132,210,2,2145","132,82,5","132,66,5","132,50,5"]|636148156345390000|14:07:14:539
62|1.1|636147913328150409|8832af|50839.5390625|8.33574060577|100.60783585408|-15556|-592230||50839.5390625|250.5||24975|247.5|50839.5390625|8832af|TLM724|0|2450|-2006.25|||3|3|2|1|1|132|66|["132,210,2,2145","132,82,5","132,66,5","132,50,5"]|636148156395390000|14:07:19:539
62|1.1|636147913378065400|8832af|50844.5390625|8.32755988052|100.60774465911|-15566|-593137||50844.5390625|248.75||24837.5|246|50844.5390625|8832af|TLM724|0|2450|-1931.25|||3|3|2|1|1|132|83|["132,210,2,2145","132,82,5","132,66,5","132,50,5"]|636148156445390000|14:07:24:539
62|1.1|636147913427990392|8832af|50849.515625|8.31946498583|100.60772320147|-15569|-594034||50849.515625|246.75||24681.25|244.5|50849.515625|8832af|TLM724|0|2450|-1887.5|||3|3|2|1|1|132|51|["132,210,2,2145","132,82,5","132,66,5","132,50,5"]|636148156495160000|14:07:29:516
62|1.1|636147913477915384|8832af|50854.515625|8.31114478592|100.60769637942|-15572|-594956||50854.515625|245.25||24518.75|242.75|50854.515625|8832af|TLM724|0|2450|-1950|||3|3|2|1|1|132|51|["132,210,2,2145","132,82,5","132,66,5","132,50,5"]|636148156545160000|14:07:34:516
62|1.1|636147913527830375|8832af|50859.5|8.30235788234|100.6076856506|-15574|-595930||50859.5|243.75||24318.75|241|50859.5|8832af|TLM724|0|2450|-2050|||3|3|2|1|1|132|66|["132,210,2,2145","132,82,5","132,66,5","132,50,5"]|636148156595000000|14:07:39:500
62|1.1|636147913577755367|8832af|50864.5|8.29325984298|100.6076856506|-15575|-596939||50864.5|241.75||24131.25|239.25|50864.5|8832af|TLM724|0|2450|-2050|||3|3|2|1|1|132|83|["132,210,2,2145","132,82,5","132,66,5","132,50,5"]|636148156645000000|14:07:44:500
62|1.1|636147913627670358|8832af|50869.5|8.2846338717|100.60743888774|-15602|-597895||50869.5|240.25||23962.5|237.5|50869.5|8832af|TLM724|0|2450|-2006.25|||3|3|2|1|1|132|50|["132,210,2,2145","132,82,5","132,66,5","132,50,5"]|636148156695000000|14:07:49:500
62|1.1|636147913677595350|8832af|50874.4765625|8.27676428223|100.60674687885|-15679|-598767||50874.4765625|238.75||23843.75|236.25|50874.4765625|8832af|TLM724|0|2450|-1912.5|||3|3|2|1|1|132|50|["132,210,2,2145","132,82,5","132,66,5","132,50,5"]|636148156744770000|14:07:54:477
62|1.1|636147913727530343|8832af|50879.4765625|8.26889469276|100.60611387847|-15749|-599639||50879.4765625|237.5||23718.75|234.75|50879.4765625|8832af|TLM724|0|2450|-1850|||3|3|2|1|1|132|50|["132,210,2,2145","132,82,5","132,66,5","132,50,5"]|636148156794770000|14:07:59:477
62|1.1|636147913777445334|8832af|50884.4609375|8.26095000155|100.60435435199|-15944|-600520||50884.4609375|236.25||23600|233.5|50884.4609375|8832af|TLM724|0|2450|-1712.5|||3|3|2|1|1|132|50|["132,210,2,2145","132,82,5","132,66,5","132,50,5"]|636148156844610000|14:08:04:461
62|1.1|636147913827360325|8832af|50889.4609375|8.25246886934|100.60264846961|-16133|-601460||50889.4609375|234.75||23425|232|50889.4609375|8832af|TLM724|0|2450|-1712.5|||3|3|2|1|1|132|50|["132,210,2,2145","132,82,5","132,66,5","132,50,5"]|636148156894610000|14:08:09:461
62|1.1|636147913877275316|8832af|50894.4609375|8.24462610192|100.60133955357|-16278|-602329||50894.4609375|233.25||23293.75|230.5|50894.4609375|8832af|TLM724|0|2450|-1768.75|||3|3|2|1|1|132|50|["132,210,2,2145","132,82,5","132,66,5","132,50,5"]|636148156944610000|14:08:14:461
62|1.1|636147913927210309|8832af|50899.4375|8.23703009736|100.59987506964|-16440|-603171||50899.4375|231.5||23156.25|229|50899.4375|8832af|TLM724|0|2450|-1731.25|||3|3|2|1|1|132|51|["132,210,2,2145","132,82,5","132,66,5","132,50,5"]|636148156994380000|14:08:19:438
62|1.1|636147913977125300|8832af|50904.4375|8.22904785528|100.59833011956|-16611|-604056||50904.4375|230.25||23006.25|227.5|50904.4375|8832af|TLM724|0|2450|-1750|||3|3|2|1|1|132|66|["132,210,2,2145","132,82,5","132,66,5","132,50,5"]|636148157044380000|14:08:24:438
62|1.1|636147914027060293|8832af|50909.421875|8.22100660469|100.59667251687|-16794|-604947||50909.421875|228.75||22862.5|226|50909.421875|8832af|TLM724|0|2450|-1768.75|||3|3|2|1|1|132|66|["132,210,2,2145","132,82,5","132,66,5","132,50,5"]|636148157094220000|14:08:29:422
62|1.1|636147914076965283|8832af|50914.421875|8.21280978621|100.59522949058|-16954|-605855||50914.421875|227.25||22693.75|224.5|50914.421875|8832af|TLM724|0|2450|-1793.75|||3|3|2|1|1|132|66|["132,210,2,2145","132,82,5","132,66,5","132,50,5"]|636148157144220000|14:08:34:422
62|1.1|636147914126910277|8832af|50919.421875|8.20497774761|100.59372745578|-17120|-606724||50919.421875|225.5||22543.75|223|50919.421875|8832af|TLM724|0|2450|-1812.5|||3|3|2|1|1|132|66|["132,210,2,2145","132,82,5","132,66,5","132,50,5"]|636148157194220000|14:08:39:422
62|1.1|636147914176815267|8832af|50924.3984375|8.19664681888|100.59218787011|-17291|-607647||50924.3984375|224||22343.75|221.25|50924.3984375|8832af|TLM724|0|2450|-1887.5|||3|3|2|1|1|132|66|["132,210,2,2145","132,82,5","132,66,5","132,50,5"]|636148157243980000|14:08:44:398
62|1.1|636147914226730258|8832af|50929.3984375|8.18923856867|100.5908950473|-17434|-608468||50929.3984375|222||22200|219.75|50929.3984375|8832af|TLM724|0|2450|-1950|||3|3|2|1|1|132|51|["132,210,2,2145","132,82,5","132,66,5","132,50,5"]|636148157293980000|14:08:49:398
62|1.1|636147914276655250|8832af|50934.375|8.18073061441|100.58937691927|-17602|-609411||50934.375|220.25||22012.5|218|50934.375|8832af|TLM724|0|2450|-2006.25|||3|3|2|1|1|132|83|["132,210,2,2145","132,82,5","132,66,5","132,50,5"]|636148157343750000|14:08:54:375
62|1.1|636147914326580242|8832af|50939.375|8.1724104145|100.58784806242|-17772|-610333||50939.375|219.25||21850|216.5|50939.375|8832af|TLM724|0|2450|-1950|||3|3|2|1|1|132|83|["132,210,2,2145","132,82,5","132,66,5","132,50,5"]|636148157393750000|14:08:59:375
62|1.1|636147914376525236|8832af|50944.375|8.16523819833|100.58636748526|-17936|-611128||50944.375|218.25||21768.75|215.5|50944.375|8832af|TLM724|0|2450|-1400|||3|3|2|1|1|132|66|["132,210,2,2145","132,82,5","132,66,5","132,50,5"]|636148157443750000|14:09:04:375
62|1.1|636147914426420225|8832af|50949.359375|8.15775484638|100.58485472164|-18103|-611958||50949.359375|217||21668.75|214.75|50949.359375|8832af|TLM724|0|2450|-1143.75|||3|3|2|1|1|132|66|["132,210,2,2145","132,82,5","132,66,5","132,50,5"]|636148157493590000|14:09:09:359
62|1.1|636147914476345217|8832af|50954.359375|8.14971359579|100.58324003423|-18282|-612849||50954.359375|215.5||21531.25|213.25|50954.359375|8832af|TLM724|0|2450|-1356.25|||3|3|2|1|1|132|50|["132,210,2,2145","132,82,5","132,66,5","132,50,5"]|636148157543590000|14:09:14:359
62|1.1|636147914526270209|8832af|50959.3359375|8.14211222682|100.58174872825|-18447|-613692||50959.3359375|214.5||21425|212|50959.3359375|8832af|TLM724|0|2450|-1437.5|||3|3|2|1|1|132|50|["132,210,2,2145","132,82,5","132,66,5","132,50,5"]|636148157593360000|14:09:19:336
62|1.1|636147914576195201|8832af|50964.3359375|8.13441429847|100.58035398165|-18602|-614545||50964.3359375|213.25||21318.75|210.75|50964.3359375|8832af|TLM724|0|2450|-1456.25|||3|3|2|1|1|132|83|["132,210,2,2145","132,82,5","132,66,5","132,50,5"]|636148157643360000|14:09:24:336
62|1.1|636147914626110192|8832af|50969.3359375|8.12634086142|100.57887340449|-18766|-615440||50969.3359375|212.25||21175|209.5|50969.3359375|8832af|TLM724|0|2450|-1518.75|||3|3|2|1|1|132|50|["132,210,2,2145","132,82,5","132,66,5","132,50,5"]|636148157693360000|14:09:29:336
62|1.1|636147914676035184|8832af|50974.3203125|8.11819232263|100.57733918323|-18936|-616343||50974.3203125|210.75||21018.75|208|50974.3203125|8832af|TLM724|0|2450|-1556.25|||3|3|2|1|1|132|66|["132,210,2,2145","132,82,5","132,66,5","132,50,5"]|636148157743200000|14:09:34:320
62|1.1|636147914725950175|8832af|50979.3203125|8.11043538577|100.57575668228|-19111|-617203||50979.3203125|209.5||20862.5|207|50979.3203125|8832af|TLM724|0|2450|-1518.75|||3|3|2|1|1|132|66|["132,210,2,2145","132,82,5","132,66,5","132,50,5"]|636148157793200000|14:09:39:320
62|1.1|636147914775865166|8832af|50984.296875|8.10334363575|100.57442094419|-19259|-617989||50984.296875|208.5||20825|206|50984.296875|8832af|TLM724|0|2450|-1375|||3|3|2|1|1|132|66|["132,210,2,2145","132,82,5","132,66,5","132,50,5"]|636148157842970000|14:09:44:297
62|1.1|636147914825790158|8832af|50989.296875|8.0955920633|100.57285453647|-19433|-618848||50989.296875|207.25||20700|204.75|50989.296875|8832af|TLM724|0|2450|-1337.5|||3|3|2|1|1|132|66|["132,210,2,2145","132,82,5","132,66,5","132,50,5"]|636148157892970000|14:09:49:297
62|1.1|636147914875725151|8832af|50994.296875|8.08806579607|100.57154025602|-19579|-619683||50994.296875|206||20600|203.75|50994.296875|8832af|TLM724|0|2450|-1300|||3|3|2|1|1|132|83|["132,210,2,2145","132,82,5","132,66,5","132,50,5"]|636148157942970000|14:09:54:297
62|1.1|636147914925650143|8832af|50999.28125|8.08059853735|100.57015087383|-19732|-620510||50999.28125|205||20481.25|202.5|50999.28125|8832af|TLM724|0|2450|-1337.5|||3|3|2|1|1|132|66|["132,210,2,2145","132,82,5","132,66,5","132,50,5"]|636148157992810000|14:09:59:281
62|1.1|636147914975555133|8832af|51004.28125|8.07262702409|100.56868102549|-19895|-621394||51004.28125|203.75||20356.25|201.25|51004.28125|8832af|TLM724|0|2450|-1400|||3|3|2|1|1|132|66|["132,210,2,2145","132,82,5","132,66,5","132,50,5"]|636148158042810000|14:10:04:281
62|1.1|636147915025480125|8832af|51009.2578125|8.06509539245|100.567130711|-20067|-622229||51009.2578125|202.5||20231.25|200|51009.2578125|8832af|TLM724|0|2450|-1437.5|||3|3|2|1|1|132|66|["132,210,2,2145","132,82,5","132,66,5","132,50,5"]|636148158092580000|14:10:09:258
62|1.1|636147915075405117|8832af|51014.2578125|8.05741892174|100.56561794738|-20235|-623080||51014.2578125|201.5||20100|199|51014.2578125|8832af|TLM724|0|2450|-1418.75|||3|3|2|1|1|132|66|["132,210,2,2145","132,82,5","132,66,5","132,50,5"]|636148158142580000|14:10:14:258
62|1.1|636147915125320108|8832af|51019.2578125|8.04991411215|100.56404617525|-20409|-623912||51019.2578125|200.25||19956.25|197.75|51019.2578125|8832af|TLM724|0|2450|-1400|||3|3|2|1|1|132|66|["132,210,2,2145","132,82,5","132,66,5","132,50,5"]|636148158192580000|14:10:19:258
62|1.1|636147915175245100|8832af|51024.2421875|8.04238784492|100.5626246066|-20567|-624746||51024.2421875|199||19806.25|196.5|51024.2421875|8832af|TLM724|0|2450|-1418.75|||3|3|2|1|1|132|66|["132,210,2,2145","132,82,5","132,66,5","132,50,5"]|636148158242420000|14:10:24:242
62|1.1|636147915225180093|8832af|51029.2421875|8.03449679781|100.56063441049|-20787|-625621||51029.2421875|198||19631.25|195.5|51029.2421875|8832af|TLM724|0|2450|-1437.5|||3|3|2|1|1|132|66|["132,210,2,2145","132,82,5","132,66,5","132,50,5"]|636148158292420000|14:10:29:242
62|1.1|636147915275085083|8832af|51034.21875|8.02664866598|100.55874077376|-20997|-626491||51034.21875|196.75||19506.25|194.25|51034.21875|8832af|TLM724|0|2450|-1400|||3|3|2|1|1|132|66|["132,210,2,2145","132,82,5","132,66,5","132,50,5"]|636148158342190000|14:10:34:219
62|1.1|636147915325010075|8832af|51039.21875|8.01897755968|100.55695442523|-21195|-627341||51039.21875|195.75||19412.5|193.25|51039.21875|8832af|TLM724|0|2450|-1318.75|||3|3|2|1|1|132|50|["132,210,2,2145","132,82,5","132,66,5","132,50,5"]|636148158392190000|14:10:39:219
62|1.1|636147915374935067|8832af|51044.21875|8.01132791102|100.55522708521|-21386|-628189||51044.21875|194.5||19306.25|192.25|51044.21875|8832af|TLM724|0|2450|-1337.5|||3|3|2|1|1|132|50|["132,210,2,2145","132,82,5","132,66,5","132,50,5"]|636148158442190000|14:10:44:219
62|1.1|636147915424850058|8832af|51049.1953125|8.00392502522|100.55347292314|-21581|-629010||51049.1953125|193.25||19225|191|51049.1953125|8832af|TLM724|0|2450|-1375|||3|3|2|1|1|132|66|["132,210,2,2145","132,82,5","132,66,5","132,50,5"]|636148158491950000|14:10:49:195
62|1.1|636147915474775050|8832af|51054.1953125|7.9964041224|100.55169193902|-21778|-629843||51054.1953125|192.25||19131.25|189.75|51054.1953125|8832af|TLM724|0|2450|-1356.25|||3|3|2|1|1|132|66|["132,210,2,2145","132,82,5","132,66,5","132,50,5"]|636148158541950000|14:10:54:195
62|1.1|636147915524690041|8832af|51059.1796875|7.98893686368|100.54978220906|-21989|-630671||51059.1796875|191.25||19037.5|188.75|51059.1796875|8832af|TLM724|0|2450|-1356.25|||3|3|2|1|1|132|66|["132,210,2,2145","132,82,5","132,66,5","132,50,5"]|636148158591800000|14:10:59:180
62|1.1|636147915574625034|8832af|51064.1796875|7.98148569819|100.54795294525|-22192|-631497||51064.1796875|190||18943.75|187.75|51064.1796875|8832af|TLM724|0|2450|-1318.75|||3|3|2|1|1|132|66|["132,210,2,2145","132,82,5","132,66,5","132,50,5"]|636148158641800000|14:11:04:180
