62|1.1|636147897419029656|888090|49248.65625|18.62464679931|106.09776768367|565820|554228||49248.65625|350||35012.5|350|49248.65625|888090|HVN680|0|1969|0|||3|3|0|1|1|132|163|["132,178,5,1605","132,146,5,1757","132,162,5"]|636148140486560000|13:40:48:656
62|1.1|636147897468964649|888090|49253.640625|18.63513422086|106.09786960746|565800|555393||49253.640625|350||35012.5|350|49253.640625|888090|HVN680|0|1969|0|||3|3|0|1|1|132|162|["132,178,5,1605","132,146,5,1757","132,162,5"]|636148140536410000|13:40:53:641
62|1.1|636147897518879640|888090|49258.640625|18.64560554918|106.09804663299|565789|556557||49258.640625|350.25||35037.5|350|49258.640625|888090|HVN680|0|1969|0|||3|3|0|1|1|132|162|["132,178,5,1605","132,146,5,1757","132,162,5"]|636148140586410000|13:40:58:641
62|1.1|636147897568794631|888090|49263.6171875|18.656345098|106.09807345504|565761|557750||49263.6171875|350.25||35050|350|49263.6171875|888090|HVN680|0|1969|0|||3|3|0|1|1|132|162|["132,178,5,1605","132,146,5,1757","132,162,5"]|636148140636170000|13:41:03:617
62|1.1|636147897618729624|888090|49268.6171875|18.6682540882|106.09829876026|565750|559073||49268.6171875|350.25||35043.75|350|49268.6171875|888090|HVN680|0|1969|0|||3|3|0|1|1|132|162|["132,178,5,1605","132,146,5,1757","132,162,5"]|636148140686170000|13:41:08:617
62|1.1|636147897668644615|888090|49273.6171875|18.68021135809|106.0984275061|565729|560402||49273.6171875|350.25||35031.25|350|49273.6171875|888090|HVN680|0|1969|0|||3|3|0|1|1|132|162|["132,178,5,1605","132,146,5,1757","132,162,5"]|636148140736170000|13:41:13:617
62|1.1|636147897718579608|888090|49278.6015625|18.69107428834|106.09844896374|565700|561609||49278.6015625|350.25||35037.5|350|49278.6015625|888090|HVN680|0|1969|0|||3|3|0|1|1|132|162|["132,178,5,1605","132,146,5,1757","132,162,5"]|636148140786020000|13:41:18:602
62|1.1|636147897768484598|888090|49283.6015625|18.70085360777|106.09859380281|565687|562696||49283.6015625|350||35062.5|350|49283.6015625|888090|HVN680|0|1969|0|||3|3|0|1|1|132|162|["132,178,5,1605","132,146,5,1757","132,162,5"]|636148140836020000|13:41:23:602
62|1.1|636147897818409590|888090|49288.578125|18.71118009702|106.09857770958|565656|563843||49288.578125|350||35025|350|49288.578125|888090|HVN680|0|1969|0|||3|3|0|1|1|132|162|["132,178,5,1605","132,146,5,1757","132,162,5"]|636148140885780000|13:41:28:578
62|1.1|636147897868344583|888090|49293.578125|18.72290669728|106.09879765039|565645|565146||49293.578125|350||35006.25|350|49293.578125|888090|HVN680|0|1969|0|||3|3|0|1|1|132|162|["132,178,5,1605","132,146,5,1757","132,162,5"]|636148140935780000|13:41:33:578
62|1.1|636147897918249573|888090|49298.578125|18.73531994202|106.09888884536|565618|566525||49298.578125|350||34981.25|350|49298.578125|888090|HVN680|0|1969|0|||3|3|0|1|1|132|162|["132,178,5,1605","132,146,5,1757","132,162,5"]|636148140985780000|13:41:38:578
62|1.1|636147897968184566|888090|49303.5625|18.74642963513|106.0992858117|565628|567761||49303.5625|350||34968.75|350|49303.5625|888090|HVN680|0|1969|0|||3|3|0|1|1|132|163|["132,178,5,1605","132,146,5,1757","132,162,5"]|636148141035630000|13:41:43:563
62|1.1|636147898018099557|888090|49308.5625|18.75619822574|106.09926435406|565597|568846||49308.5625|350||35012.5|350|49308.5625|888090|HVN680|0|1969|0|||3|3|0|1|1|132|162|["132,178,5,1605","132,146,5,1757","132,162,5"]|636148141085630000|13:41:48:563
62|1.1|636147898068014548|888090|49313.5390625|18.76637987592|106.09952721015|565596|569978||49313.5390625|350||35025|350|49313.5390625|888090|HVN680|0|1969|0|||3|3|0|1|1|132|162|["132,178,5,1605","132,146,5,1757","132,162,5"]|636148141135390000|13:41:53:539
62|1.1|636147898117939540|888090|49318.5390625|18.7772052553|106.0998222527|565596|571181||49318.5390625|350||35018.75|350|49318.5390625|888090|HVN680|0|1969|0|||3|3|0|1|1|132|162|["132,178,5,1605","132,146,5,1757","132,162,5"]|636148141185390000|13:41:58:539
62|1.1|636147898167874533|888090|49323.5390625|18.78813792288|106.10211822018|565807|572402||49323.5390625|349.75||35056.25|350.25|49323.5390625|888090|HVN680|0|1969|0|||3|3|0|1|1|132|162|["132,178,5,1605","132,146,5,1757","132,162,5"]|636148141235390000|13:42:03:539
62|1.1|636147898217799525|888090|49328.515625|18.79921542953|106.10381337374|565954|573637||49328.515625|349.75||35012.5|349.75|49328.515625|888090|HVN680|0|1969|0|||3|3|0|1|1|132|162|["132,178,5,1605","132,146,5,1757","132,162,5"]|636148141285160000|13:42:08:516
62|1.1|636147898267714516|888090|49333.515625|18.80962774934|106.10586257836|566140|574800||49333.515625|349.75||35006.25|349.75|49333.515625|888090|HVN680|0|1969|0|||3|3|0|1|1|132|162|["132,178,5,1605","132,146,5,1757","132,162,5"]|636148141335160000|13:42:13:516
62|1.1|636147898317639508|888090|49338.5|18.82019563704|106.10848577485|566387|575981||49338.5|349.75||35025|349.75|49338.5|888090|HVN680|0|1969|0|||3|3|0|1|1|132|162|["132,178,5,1605","132,146,5,1757","132,162,5"]|636148141385000000|13:42:18:500
62|1.1|636147898367544498|888090|49343.5|18.8320831696|106.11120016631|566640|577309||49343.5|349.75||34968.75|349.75|49343.5|888090|HVN680|0|1969|0|||3|3|0|1|1|132|162|["132,178,5,1605","132,146,5,1757","132,162,5"]|636148141435000000|13:42:23:500
62|1.1|636147898417469490|888090|49348.5|18.84336452383|106.1145207361|566958|578572||49348.5|349.75||34956.25|349.75|49348.5|888090|HVN680|0|1969|0|||3|3|0|1|1|132|162|["132,178,5,1605","132,146,5,1757","132,162,5"]|636148141485000000|13:42:28:500
62|1.1|636147898467394482|888090|49353.4765625|18.85407188619|106.11746043278|567238|579770||49353.4765625|349.75||34968.75|349.75|49353.4765625|888090|HVN680|0|1969|0|||3|3|0|1|1|132|162|["132,178,5,1605","132,146,5,1757","132,162,5"]|636148141534770000|13:42:33:477
62|1.1|636147898517319474|888090|49358.4765625|18.86468805358|106.12040012946|567518|580957||49358.4765625|349.75||34987.5|349.75|49358.4765625|888090|HVN680|0|1969|0|||3|3|0|1|1|132|162|["132,178,5,1605","132,146,5,1757","132,162,5"]|636148141584770000|13:42:38:477
62|1.1|636147898567234465|888090|49363.4609375|18.8740864999|106.12241714762|567704|582007||49363.4609375|349.5||34993.75|349.75|49363.4609375|888090|HVN680|0|1969|0|||3|3|0|1|1|132|162|["132,178,5,1605","132,146,5,1757","132,162,5"]|636148141634610000|13:42:43:461
62|1.1|636147898617149456|888090|49368.4609375|18.88453637058|106.12553923424|568003|583177||49368.4609375|348.75||35012.5|348.75|49368.4609375|888090|HVN680|0|1969|0|||3|3|0|1|1|132|162|["132,178,5,1605","132,146,5,1757","132,162,5"]|636148141684610000|13:42:48:461
62|1.1|636147898667084449|888090|49373.4609375|18.8945785461|106.12794785433|568229|584299||49373.4609375|348||34900|347.75|49373.4609375|888090|HVN680|0|1969|-1025|||3|3|2|1|1|132|162|["132,178,5,1605","132,146,5,1757","132,162,5"]|636148141734610000|13:42:53:461
62|1.1|636147898716999440|888090|49378.4375|18.90571506126|106.13085536455|568503|585545||49378.4375|347.25||34793.75|347.25|49378.4375|888090|HVN680|0|1969|-981.25|||3|3|2|1|1|132|162|["132,178,5,1605","132,146,5,1757","132,162,5"]|636148141784380000|13:42:58:438
62|1.1|636147898766944434|888090|49383.4375|18.9169481358|106.13363412893|568764|586800||49383.4375|346.5||34675|346.5|49383.4375|888090|HVN680|0|1969|-925|||3|3|2|1|1|132|162|["132,178,5,1605","132,146,5,1757","132,162,5"]|636148141834380000|13:43:03:438
62|1.1|636147898816849424|888090|49388.421875|18.92795590512|106.13658455443|569044|588032||49388.421875|345.75||34568.75|345.75|49388.421875|888090|HVN680|0|1969|-906.25|||3|3|2|1|1|132|162|["132,178,5,1605","132,146,5,1757","132,162,5"]|636148141884220000|13:43:08:422
62|1.1|636147898866764415|888090|49393.421875|18.93919970848|106.13943305614|569312|589289||49393.421875|345||34487.5|345|49393.421875|888090|HVN680|0|1969|-906.25|||3|3|2|1|1|132|162|["132,178,5,1605","132,146,5,1757","132,162,5"]|636148141934220000|13:43:13:422
62|1.1|636147898916689407|888090|49398.421875|18.94861961244|106.14159491337|569513|590342||49398.421875|344.25||34443.75|344.25|49398.421875|888090|HVN680|0|1969|-868.75|||3|3|2|1|1|132|162|["132,178,5,1605","132,146,5,1757","132,162,5"]|636148141984220000|13:43:18:422
62|1.1|636147898966604398|888090|49403.3984375|18.95903193225|106.14435758452|569774|591507||49403.3984375|343.75||34387.5|343.5|49403.3984375|888090|HVN680|0|1969|-887.5|||3|3|2|1|1|132|146|["132,178,5,1605","132,146,5,1757","132,162,5"]|636148142033980000|13:43:23:398
62|1.1|636147899016539391|888090|49408.3984375|18.9704849476|106.14707197598|570028|592787||49408.3984375|342.75||34275|342.75|49408.3984375|888090|HVN680|0|1969|-906.25|||3|3|2|1|1|132|147|["132,178,5,1605","132,146,5,1757","132,162,5"]|636148142083980000|13:43:28:398
62|1.1|636147899066474384|888090|49413.375|18.98107429294|106.15011896086|570319|593972||49413.375|342||34193.75|342|49413.375|888090|HVN680|0|1969|-906.25|||3|3|2|1|1|132|162|["132,178,5,1605","132,146,5,1757","132,162,5"]|636148142133750000|13:43:33:375
62|1.1|636147899116369373|888090|49418.375|18.99125057871|106.15259195387|570550|595110||49418.375|341||34118.75|341|49418.375|888090|HVN680|0|1969|-925|||3|3|2|1|1|132|162|["132,178,5,1605","132,146,5,1757","132,162,5"]|636148142183750000|13:43:38:375
62|1.1|636147899166294365|888090|49423.375|19.00171654262|106.15518832831|570794|596280||49423.375|340.5||34025|340.25|49423.375|888090|HVN680|0|1969|-981.25|||3|3|2|1|1|132|146|["132,178,5,1605","132,146,5,1757","132,162,5"]|636148142233750000|13:43:43:375
62|1.1|636147899216209356|888090|49428.359375|19.01246682026|106.157918813|571051|597482||49428.359375|339.5||33931.25|339.25|49428.359375|888090|HVN680|0|1969|-1062.5|||3|3|2|1|1|132|146|["132,178,5,1605","132,146,5,1757","132,162,5"]|636148142283590000|13:43:48:359
62|1.1|636147899266144349|888090|49433.359375|19.0234853184|106.1603864416|571279|598713||49433.359375|338.75||33831.25|338.25|49433.359375|888090|HVN680|0|1969|-1062.5|||3|3|2|1|1|132|146|["132,178,5,1605","132,146,5,1757","132,162,5"]|636148142333590000|13:43:53:359
62|1.1|636147899316059340|888090|49438.3359375|19.03501343549|106.16125547602|571336|599997||49438.3359375|337.75||33750|337.5|49438.3359375|888090|HVN680|0|1969|-1006.25|||3|3|2|1|1|132|147|["132,178,5,1605","132,146,5,1757","132,162,5"]|636148142383360000|13:43:58:336
62|1.1|636147899365984332|888090|49443.3359375|19.04507170424|106.16186165435|571371|601117||49443.3359375|337||33700|337|49443.3359375|888090|HVN680|0|1969|-943.75|||3|3|2|1|1|132|147|["132,178,5,1605","132,146,5,1757","132,162,5"]|636148142433360000|13:44:03:336
62|1.1|636147899415899323|888090|49448.3359375|19.05521580355|106.16225325628|571382|602245||49448.3359375|336.5||33637.5|336.25|49448.3359375|888090|HVN680|0|1969|-906.25|||3|3|2|1|1|132|147|["132,178,5,1605","132,146,5,1757","132,162,5"]|636148142483360000|13:44:08:336
62|1.1|636147899465824315|888090|49453.3203125|19.06570858951|106.16321885008|571453|603413||49453.3203125|335.5||33562.5|335.5|49453.3203125|888090|HVN680|0|1969|-887.5|||3|3|2|1|1|132|146|["132,178,5,1605","132,146,5,1757","132,162,5"]|636148142533200000|13:44:13:320
62|1.1|636147899515739306|888090|49458.3203125|19.07676463852|106.16352998586|571453|604643||49458.3203125|334.5||33481.25|334.25|49458.3203125|888090|HVN680|0|1969|-1025|||3|3|2|1|1|132|146|["132,178,5,1605","132,146,5,1757","132,162,5"]|636148142583200000|13:44:18:320
62|1.1|636147899565664298|888090|49463.296875|19.08751491616|106.16421663034|571494|605840||49463.296875|333.25||33381.25|333.25|49463.296875|888090|HVN680|0|1969|-1162.5|||3|3|2|1|1|132|146|["132,178,5,1605","132,146,5,1757","132,162,5"]|636148142632970000|13:44:23:297
62|1.1|636147899615589290|888090|49468.296875|19.09798624448|106.16129302689|571154|606995||49468.296875|331.75||33206.25|331.75|49468.296875|888090|HVN680|0|1969|-1356.25|||3|3|2|1|1|132|147|["132,178,5,1605","132,146,5,1757","132,162,5"]|636148142682970000|13:44:28:297
62|1.1|636147899665514282|888090|49473.296875|19.10867751361|106.16083168763|571073|608182||49473.296875|330.5||33075|330.5|49473.296875|888090|HVN680|0|1969|-1456.25|||3|3|2|1|1|132|147|["132,178,5,1605","132,146,5,1757","132,162,5"]|636148142732970000|13:44:33:297
62|1.1|636147899715439274|888090|49478.28125|19.12079035139|106.1604937298|571002|609527||49478.28125|329.75||32931.25|329.25|49478.28125|888090|HVN680|0|1969|-1493.75|||3|3|2|1|1|132|146|["132,178,5,1605","132,146,5,1757","132,162,5"]|636148142782810000|13:44:38:281
62|1.1|636147899765354265|888090|49483.28125|19.13307485029|106.16014504315|570929|610891||49483.28125|328.5||32787.5|328|49483.28125|888090|HVN680|0|1969|-1493.75|||3|3|2|1|1|132|146|["132,178,5,1605","132,146,5,1757","132,162,5"]|636148142832810000|13:44:43:281
62|1.1|636147899815279257|888090|49488.2578125|19.14409871284|106.15975344122|570854|612115||49488.2578125|327.25||32693.75|327|49488.2578125|888090|HVN680|0|1969|-1437.5|||3|3|2|1|1|132|146|["132,178,5,1605","132,146,5,1757","132,162,5"]|636148142882580000|13:44:48:258
62|1.1|636147899865194248|888090|49493.2578125|19.15553027055|106.15953350041|570797|613385||49493.2578125|326||32587.5|325.75|49493.2578125|888090|HVN680|0|1969|-1437.5|||3|3|2|1|1|132|146|["132,178,5,1605","132,146,5,1757","132,162,5"]|636148142932580000|13:44:53:258
62|1.1|636147899915119240|888090|49498.2578125|19.1675197269|106.15906679674|570713|614716||49498.2578125|324.75||32418.75|324.25|49498.2578125|888090|HVN680|0|1969|-1493.75|||3|3|2|1|1|132|146|["132,178,5,1605","132,146,5,1757","132,162,5"]|636148142982580000|13:44:58:258
62|1.1|636147899965044232|888090|49503.2421875|19.17696645291|106.15873956773|570650|615765||49503.2421875|322.75||32287.5|322.75|49503.2421875|888090|HVN680|0|1969|-1631.25|||3|3|2|1|1|132|147|["132,146,5,1757"]|636148143032420000|13:45:03:242
62|1.1|636147900014959223|888090|49508.2421875|19.18751824738|106.15842843195|570586|616937||49508.2421875|321.5||32162.5|321.25|49508.2421875|888090|HVN680|0|1969|-1731.25|||3|3|2|1|1|132|146|["132,146,5,1757"]|636148143082420000|13:45:08:242
62|1.1|636147900064884215|888090|49513.21875|19.1988478813|106.1581333894|570521|618195||49513.21875|320||31981.25|319.5|49513.21875|888090|HVN680|0|1969|-1850|||3|3|2|1|1|132|146|["132,146,5,1757"]|636148143132190000|13:45:13:219
62|1.1|636147900114809207|888090|49518.21875|19.20986637944|106.15787053331|570461|619419||49518.21875|318.25||31831.25|317.75|49518.21875|888090|HVN680|0|1969|-1931.25|||3|3|2|1|1|132|146|["132,146,5,1757"]|636148143182190000|13:45:18:219
62|1.1|636147900164734199|888090|49523.21875|19.22093852168|106.15763986368|570403|620649||49523.21875|316.5||31675|316|49523.21875|888090|HVN680|0|1969|-1987.5|||3|3|2|1|1|132|146|["132,146,5,1757"]|636148143232190000|13:45:23:219
62|1.1|636147900214649190|888090|49528.1953125|19.23226279119|106.15740919405|570345|621907||49528.1953125|315||31506.25|314.5|49528.1953125|888090|HVN680|0|1969|-1987.5|||3|3|2|1|1|132|146|["132,146,5,1757"]|636148143281950000|13:45:28:195
62|1.1|636147900264574182|888090|49533.1953125|19.24518565488|106.15731799908|570297|623343||49533.1953125|313.25||31225|312.75|49533.1953125|888090|HVN680|0|1969|-1987.5|||3|3|2|1|1|132|146|["132,146,5,1757"]|636148143331950000|13:45:33:195
62|1.1|636147900314489173|888090|49538.1796875|19.25644555147|106.15700149889|570230|624594||49538.1796875|313.25||31037.5|311|49538.1796875|888090|HVN680|0|1969|-1987.5|||3|3|2|1|1|132|146|["132,146,5,1757"]|636148143381800000|13:45:38:180
62|1.1|636147900364414165|888090|49543.1796875|19.26957226274|106.15671718516|570161|626052||49543.1796875|310.25||30825|309.75|49543.1796875|888090|HVN680|0|1969|-1912.5|||3|3|2|1|1|132|146|["132,146,5,1757"]|636148143431800000|13:45:43:180
62|1.1|636147900414339157|888090|49548.1796875|19.28139542238|106.15633631205|570086|627365||49548.1796875|308.5||30625|308|49548.1796875|888090|HVN680|0|1969|-1912.5|||3|3|2|1|1|132|146|["132,146,5,1757"]|636148143481800000|13:45:48:180
62|1.1|636147900464254148|888090|49553.15625|19.29296109034|106.15598226099|570014|628649||49553.15625|308.5||30431.25|306.5|49553.15625|888090|HVN680|0|1969|-1912.5|||3|3|2|1|1|132|146|["132,146,5,1757"]|636148143531560000|13:45:53:156
62|1.1|636147900514179140|888090|49558.15625|19.30460722445|106.15561748111|569941|629943||49558.15625|308.5||30243.75|305.25|49558.15625|888090|HVN680|0|1969|-1912.5|||3|3|2|1|1|132|146|["132,146,5,1757"]|636148143581560000|13:45:58:156
62|1.1|636147900564104132|888090|49563.140625|19.31298106846|106.15596616776|569953|630874||49563.140625|303.5||30062.5|303|49563.140625|888090|HVN680|0|1969|-1968.75|||3|3|2|1|1|132|146|["132,146,5,1757"]|636148143631410000|13:46:03:141
62|1.1|636147900614019123|888090|49568.140625|19.32241706565|106.15618610857|569948|631924||49568.140625|302||29881.25|301.5|49568.140625|888090|HVN680|0|1969|-1968.75|||3|3|2|1|1|132|146|["132,146,5,1757"]|636148143681410000|13:46:08:141
62|1.1|636147900663954116|888090|49573.140625|19.3332263518|106.15590179484|569885|633124||49573.140625|302||29712.5|299.75|49573.140625|888090|HVN680|0|1969|-1968.75|||3|3|2|1|1|132|146|["132,146,5,1757"]|636148143731410000|13:46:13:141
62|1.1|636147900713869107|888090|49578.1171875|19.3438478836|106.15559602347|569822|634304||49578.1171875|302||29531.25|298.25|49578.1171875|888090|HVN680|0|1969|-1968.75|||3|3|2|1|1|132|146|[]|636148143781170000|13:46:18:117
62|1.1|636147900763794099|888090|49583.1171875|19.35446405099|106.15530634533|569759|635484||49583.1171875|302||29350|296.5|49583.1171875|888090|HVN680|0|1969|-1968.75|||3|3|2|1|1|132|146|[]|636148143831170000|13:46:23:117
62|1.1|636147900813699089|888090|49588.1015625|19.36504803192|106.15501130278|569697|636659||49588.1015625|302||29175|295|49588.1015625|888090|HVN680|0|1969|-1968.75|||3|3|2|1|1|132|146|[]|636148143881020000|13:46:28:102
62|1.1|636147900863624081|X|49593.1015625||||||||||||X|X|X|1969|||||||1|1|0|0|[]|636148143931020000|13:46:33:102
