62|1.1|636147897415939347|888128|49248.3359375|17.71550268574|106.56499706585|618124|454589||49248.3359375|253||25262.5|253.25|49248.3359375|888128|VJC277|0|2739|943.75|||3|3|1|1|1|132|162|["132,178,5,1823","132,146,5,1811","132,162,5"]|636148140483360000|13:40:48:336
62|1.1|636147897465844337|888128|49253.3359375|17.70769746919|106.57184205301|618876|453742||49253.3359375|254.25||25381.25|254.25|49253.3359375|888128|VJC277|0|2739|1062.5|||3|3|1|1|1|132|162|["132,178,5,1823","132,146,5,1811","132,162,5"]|636148140533360000|13:40:53:336
62|1.1|636147897515769329|888128|49258.3203125|17.69916805729|106.57947024403|619714|452817||49258.3203125|255.5||25518.75|255.5|49258.3203125|888128|VJC277|0|2739|1493.75|||3|3|1|1|1|132|162|["132,178,5,1823","132,146,5,1811","132,162,5"]|636148140583200000|13:40:58:320
62|1.1|636147897565694321|888128|49263.3203125|17.69202266317|106.5856768664|620396|452042||49263.3203125|256.75||25618.75|256.75|49263.3203125|888128|VJC277|0|2739|1556.25|||3|3|1|1|1|132|162|["132,178,5,1823","132,146,5,1811","132,162,5"]|636148140633200000|13:41:03:320
62|1.1|636147897615619313|888128|49268.296875|17.6830801917|106.59316558276|621221|451071||49268.296875|257.75||25762.5|258.25|49268.296875|888128|VJC277|0|2739|1493.75|||3|3|1|1|1|132|162|["132,178,5,1823","132,146,5,1811","132,162,5"]|636148140682970000|13:41:08:297
62|1.1|636147897665534304|888128|49273.296875|17.67472780533|106.60065429912|622043|450166||49273.296875|258.75||25875|259.25|49273.296875|888128|VJC277|0|2739|0|||3|3|0|1|1|132|162|["132,178,5,1823","132,146,5,1811","132,162,5"]|636148140732970000|13:41:13:297
62|1.1|636147897715469297|888128|49278.296875|17.66647197834|106.60814837989|622866|449271||49278.296875|259.25||25975|259.25|49278.296875|888128|VJC277|0|2739|0|||3|3|0|1|1|132|162|["132,178,5,1823","132,146,5,1811","132,162,5"]|636148140782970000|13:41:18:297
62|1.1|636147897765374287|888128|49283.28125|17.65814641402|106.61507919761|623630|448367||49283.28125|259.75||26050|259.5|49283.28125|888128|VJC277|0|2739|0|||3|3|0|1|1|132|162|["132,178,5,1823","132,146,5,1811","132,162,5"]|636148140832810000|13:41:23:281
62|1.1|636147897815299279|888128|49288.28125|17.64999787523|106.62218704086|624412|447483||49288.28125|260||26068.75|259.75|49288.28125|888128|VJC277|0|2739|0|||3|3|0|1|1|132|162|["132,178,5,1823","132,146,5,1811","132,162,5"]|636148140882810000|13:41:28:281
62|1.1|636147897865224271|888128|49293.2578125|17.64203709079|106.6291285874|625175|446620||49293.2578125|260||26037.5|260.25|49293.2578125|888128|VJC277|0|2739|0|||3|3|0|1|1|132|162|["132,178,5,1823","132,146,5,1811","132,162,5"]|636148140932580000|13:41:33:258
62|1.1|636147897915139262|888128|49298.2578125|17.63398511138|106.63617205773|625949|445747||49298.2578125|260.25||26037.5|260|49298.2578125|888128|VJC277|0|2739|0|||3|3|0|1|1|132|162|["132,178,5,1823","132,146,5,1811","132,162,5"]|636148140982580000|13:41:38:258
62|1.1|636147897965064254|888128|49303.2578125|17.62605114899|106.64322089247|626724|444886||49303.2578125|260.25||26043.75|260|49303.2578125|888128|VJC277|0|2739|0|||3|3|0|1|1|132|146|["132,178,5,1823","132,146,5,1811","132,162,5"]|636148141032580000|13:41:43:258
62|1.1|636147898014999247|888128|49308.2421875|17.6180098984|106.65001223553|627473|444014||49308.2421875|260.25||26025|260|49308.2421875|888128|VJC277|0|2739|0|||3|3|0|1|1|132|162|["132,178,5,1823","132,146,5,1811","132,162,5"]|636148141082420000|13:41:48:242
62|1.1|636147898064914238|888128|49313.2421875|17.61012958011|106.65702888381|628244|443159||49313.2421875|260.25||26018.75|260|49313.2421875|888128|VJC277|0|2739|0|||3|3|0|1|1|132|146|["132,178,5,1823","132,146,5,1811","132,162,5"]|636148141132420000|13:41:53:242
62|1.1|636147898114819228|888128|49318.21875|17.6024531094|106.66401871004|629012|442328||49318.21875|260.25||26012.5|260|49318.21875|888128|VJC277|0|2739|0|||3|3|0|1|1|132|146|["132,178,5,1823","132,146,5,1811","132,162,5"]|636148141182190000|13:41:58:219
62|1.1|636147898164744220|888128|49323.21875|17.59436357912|106.67078323105|629758|441450||49323.21875|260||25993.75|260|49323.21875|888128|VJC277|0|2739|0|||3|3|0|1|1|132|146|["132,178,5,1823","132,146,5,1811","132,162,5"]|636148141232190000|13:42:03:219
62|1.1|636147898214679213|888128|49328.21875|17.58719672736|106.67719906541|630463|440673||49328.21875|260||25987.5|260|49328.21875|888128|VJC277|0|2739|0|||3|3|0|1|1|132|146|["132,178,5,1823","132,146,5,1811","132,162,5"]|636148141282190000|13:42:08:219
62|1.1|636147898264604205|888128|49333.1953125|17.57941296845|106.68399040847|631210|439829||49333.1953125|260||25968.75|260|49333.1953125|888128|VJC277|0|2739|0|||3|3|0|1|1|132|146|["132,178,5,1823","132,146,5,1811","132,162,5"]|636148141331950000|13:42:13:195
62|1.1|636147898314529197|888128|49338.1953125|17.57169894687|106.69089976855|631970|438993||49338.1953125|260||25937.5|260|49338.1953125|888128|VJC277|0|2739|0|||3|3|0|1|1|132|146|["132,178,5,1823","132,146,5,1811","132,162,5"]|636148141381950000|13:42:18:195
62|1.1|636147898364444188|888128|49343.1796875|17.56474667151|106.6972029503|632663|438240||49343.1796875|260||25993.75|260|49343.1796875|888128|VJC277|0|2739|0|||3|3|0|1|1|132|146|["132,178,5,1823","132,146,5,1811","132,162,5"]|636148141431800000|13:42:23:180
62|1.1|636147898414389182|888128|49348.1796875|17.55642110719|106.70447172585|633463|437337||49348.1796875|260||25993.75|260|49348.1796875|888128|VJC277|0|2739|0|||3|3|0|1|1|132|146|["132,178,5,1823","132,146,5,1811","132,162,5"]|636148141481800000|13:42:28:180
62|1.1|636147898464274170|888128|49353.1796875|17.54815991579|106.71112895866|634198|436439||49353.1796875|260||25968.75|260|49353.1796875|888128|VJC277|0|2739|0|||3|3|0|1|1|132|146|["132,178,5,1823","132,146,5,1811","132,162,5"]|636148141531800000|13:42:33:180
62|1.1|636147898514219164|888128|49358.15625|17.54023668222|106.71796858141|634951|435580||49358.15625|260||25950|260|49358.15625|888128|VJC277|0|2739|0|||3|3|0|1|1|132|146|["132,178,5,1823","132,146,5,1811","132,162,5"]|636148141581560000|13:42:38:156
62|1.1|636147898564124154|888128|49363.15625|17.53189502467|106.72500132292|635726|434675||49363.15625|260||25850|260|49363.15625|888128|VJC277|0|2739|0|||3|3|0|1|1|132|146|["132,178,5,1823","132,146,5,1811","132,162,5"]|636148141631560000|13:42:43:156
62|1.1|636147898614039145|888128|49368.140625|17.52467452881|106.73186240331|636479|433894||49368.140625|260||25956.25|260|49368.140625|888128|VJC277|0|2739|0|||3|3|0|1|1|132|146|["132,178,5,1823","132,146,5,1811","132,162,5"]|636148141681410000|13:42:48:141
62|1.1|636147898663964137|888128|49373.140625|17.51637042213|106.7386698396|637231|432992||49373.140625|260||25918.75|260|49373.140625|888128|VJC277|0|2739|0|||3|3|0|1|1|132|146|["132,178,5,1823","132,146,5,1811","132,162,5"]|636148141731410000|13:42:53:141
62|1.1|636147898713879128|888128|49378.140625|17.50880660403|106.74552555558|637985|432173||49378.140625|260||25975|260|49378.140625|888128|VJC277|0|2739|0|||3|3|0|1|1|132|146|["132,178,5,1823","132,146,5,1811","132,162,5"]|636148141781410000|13:42:58:141
62|1.1|636147898763814121|888128|49383.1171875|17.50011625983|106.75281578877|638789|431230||49383.1171875|260||25975|260|49383.1171875|888128|VJC277|0|2739|0|||3|3|0|1|1|132|146|["132,178,5,1823","132,146,5,1811","132,162,5"]|636148141831170000|13:43:03:117
62|1.1|636147898813739113|888128|49388.1171875|17.49184970402|106.76025622544|639607|430334||49388.1171875|260||25981.25|260|49388.1171875|888128|VJC277|0|2739|0|||3|3|0|1|1|132|146|["132,178,5,1823","132,146,5,1811","132,162,5"]|636148141881170000|13:43:08:117
62|1.1|636147898863664105|888128|49393.1015625|17.48419469095|106.76674716154|640323|429504||49393.1015625|260||25987.5|260|49393.1015625|888128|VJC277|0|2739|0|||3|3|0|1|1|132|146|["132,178,5,1823","132,146,5,1811","132,162,5"]|636148141931020000|13:43:13:102
62|1.1|636147898913569095|888128|49398.1015625|17.47612661831|106.77368334367|641087|428629||49398.1015625|260||25975|260|49398.1015625|888128|VJC277|0|2739|0|||3|3|0|1|1|132|146|["132,178,5,1823","132,146,5,1811","132,162,5"]|636148141981020000|13:43:18:102
62|1.1|636147898963484086|888128|49403.1015625|17.46842868996|106.78031911884|641819|427794||49403.1015625|260||25975|260|49403.1015625|888128|VJC277|0|2739|0|||3|3|0|1|1|132|146|["132,178,5,1823","132,146,5,1811","132,162,5"]|636148142031020000|13:43:23:102
62|1.1|636147899013429080|888128|49408.078125|17.46010849005|106.78771664023|642633|426893||49408.078125|260||25981.25|260|49408.078125|888128|VJC277|0|2739|0|||3|3|0|1|1|132|146|["132,178,5,1823","132,146,5,1811","132,162,5"]|636148142080780000|13:43:28:078
62|1.1|636147899063354072|888128|49413.078125|17.45212088356|106.79478693261|643412|426027||49413.078125|260||25962.5|260|49413.078125|888128|VJC277|0|2739|0|||3|3|0|1|1|132|146|["132,178,5,1823","132,146,5,1811","132,162,5"]|636148142130780000|13:43:33:078
62|1.1|636147899113259062|888128|49418.0625|17.44375776837|106.80144416542|644148|425119||49418.0625|260||25900|260|49418.0625|888128|VJC277|0|2739|0|||3|3|0|1|1|132|146|["132,178,5,1823","132,146,5,1811","132,162,5"]|636148142180630000|13:43:38:063
62|1.1|636147899163194055|888128|49423.0625|17.43561459399|106.80875049184|644952|424237||49423.0625|260||25843.75|260|49423.0625|888128|VJC277|0|2739|0|||3|3|0|1|1|132|146|["132,178,5,1823","132,146,5,1811","132,162,5"]|636148142230630000|13:43:43:063
62|1.1|636147899213109046|888128|49428.0625|17.42725684321|106.8157564113|645725|423330||49428.0625|260||25775|260|49428.0625|888128|VJC277|0|2739|0|||3|3|0|1|1|132|146|["132,178,5,1823","132,146,5,1811","132,162,5"]|636148142280630000|13:43:48:063
62|1.1|636147899263024037|888128|49433.0390625|17.41943553343|106.82291253424|646513|422483||49433.0390625|260||25743.75|260|49433.0390625|888128|VJC277|0|2739|0|||3|3|0|1|1|132|146|["132,178,5,1823","132,146,5,1811","132,162,5"]|636148142330390000|13:43:53:039
62|1.1|636147899312949029|888128|49438.0390625|17.41163031688|106.82967705525|647258|421637||49438.0390625|260||25718.75|260|49438.0390625|888128|VJC277|0|2739|0|||3|3|0|1|1|132|146|["132,178,5,1823","132,146,5,1811","132,162,5"]|636148142380390000|13:43:58:039
62|1.1|636147899362864020|888128|49443.015625|17.40358906629|106.83683317819|648047|420766||49443.015625|260.25||25725|260|49443.015625|888128|VJC277|0|2739|0|||3|3|0|1|1|132|146|["132,178,5,1823","132,146,5,1811","132,162,5"]|636148142430160000|13:44:03:016
62|1.1|636147899412789012|888128|49448.015625|17.39530641725|106.84373717386|648809|419867||49448.015625|260.75||25737.5|260.5|49448.015625|888128|VJC277|0|2739|0|||3|3|0|1|1|132|146|["132,178,5,1823","132,146,5,1811","132,162,5"]|636148142480160000|13:44:08:016
62|1.1|636147899462724005|888128|49453.015625|17.38759776008|106.85070554245|649576|419033||49453.015625|261.5||25787.5|261|49453.015625|888128|VJC277|0|2739|0|||3|3|0|1|1|132|146|["132,178,5,1823","132,146,5,1811","132,162,5"]|636148142530160000|13:44:13:016
62|1.1|636147899512638996|888128|49458|17.37974426384|106.85748079228|650324|418181||49458|262.25||25843.75|262|49458|888128|VJC277|0|2739|787.5|||3|3|1|1|1|132|146|["132,178,5,1823","132,146,5,1811","132,162,5"]|636148142580000000|13:44:18:000
62|1.1|636147899562553987|888128|49463|17.37288318345|106.86384834695|651024|417438||49463|263.25||26250|263.5|49463|888128|VJC277|0|2739|1237.5|||3|3|1|1|1|132|146|["132,178,5,1823","132,146,5,1811","132,162,5"]|636148142630000000|13:44:23:000
62|1.1|636147899612468978|888128|49467.9765625|17.36420893248|106.87104738517|651819|416497||49467.9765625|264.25||26387.5|264.75|49467.9765625|888128|VJC277|0|2739|1400|||3|3|1|1|1|132|146|["132,178,5,1823","132,146,5,1811","132,162,5"]|636148142679770000|13:44:27:977
62|1.1|636147899662393970|888128|49472.9765625|17.35610867338|106.87797820289|652584|415619||49472.9765625|265.25||26468.75|265.75|49472.9765625|888128|VJC277|0|2739|1337.5|||3|3|1|1|1|132|146|["132,178,5,1823","132,146,5,1811","132,162,5"]|636148142729770000|13:44:32:977
62|1.1|636147899712308961|888128|49477.9765625|17.34786357521|106.88535426664|653397|414726||49477.9765625|266.5||26643.75|266.75|49477.9765625|888128|VJC277|0|2739|1300|||3|3|1|1|1|132|146|["132,178,5,1823","132,146,5,1811","132,162,5"]|636148142779770000|13:44:37:977
62|1.1|636147899762243954|888128|49482.9609375|17.33961847704|106.89259622014|654195|413833||49482.9609375|267.5||26762.5|267.75|49482.9609375|888128|VJC277|0|2739|1262.5|||3|3|1|1|1|132|146|["132,178,5,1823","132,146,5,1811","132,162,5"]|636148142829610000|13:44:42:961
62|1.1|636147899812168946|888128|49487.9609375|17.33139483651|106.8998703601|654997|412942||49487.9609375|268.5||26868.75|268.75|49487.9609375|888128|VJC277|0|2739|1237.5|||3|3|1|1|1|132|146|["132,178,5,1823","132,146,5,1811","132,162,5"]|636148142879610000|13:44:47:961
62|1.1|636147899862083937|888128|49492.9375|17.32327311977|106.90697820335|655781|412062||49492.9375|269.75||26981.25|269.75|49492.9375|888128|VJC277|0|2739|1218.75|||3|3|1|1|1|132|147|["132,178,5,1823","132,146,5,1811","132,162,5"]|636148142929380000|13:44:52:938
62|1.1|636147899912008929|888128|49497.9375|17.31514603862|106.91407531778|656564|411181||49497.9375|270.5||27087.5|271.25|49497.9375|888128|VJC277|0|2739|1237.5|||3|3|1|1|1|132|147|["132,178,5,1823","132,146,5,1811","132,162,5"]|636148142979380000|13:44:57:938
62|1.1|636147899961923920|888128|49502.9375|17.30699749983|106.92115097457|657345|410298||49502.9375|271||27200|271.75|49502.9375|888128|VJC277|0|2739|1218.75|||3|3|1|1|1|132|178|["132,178,5,1823","132,146,5,1811","132,162,5"]|636148143029380000|13:45:02:938
62|1.1|636147900011848912|888128|49507.921875|17.29872557961|106.92806033465|658108|409401||49507.921875|272||27293.75|272.5|49507.921875|888128|VJC277|0|2739|1100|||3|3|1|1|1|132|178|["132,178,5,1823","132,146,5,1811","132,162,5"]|636148143079220000|13:45:07:922
62|1.1|636147900061763903|888128|49512.921875|17.29118321915|106.93472293187|658843|408584||49512.921875|272.75||27331.25|273.25|49512.921875|888128|VJC277|0|2739|1025|||3|3|1|1|1|132|178|["132,178,5,1823","132,146,5,1811","132,162,5"]|636148143129220000|13:45:12:922
62|1.1|636147900111688895|888128|49517.8984375|17.28283083278|106.94144990201|659587|407678||49517.8984375|273.75||27387.5|274.25|49517.8984375|888128|VJC277|0|2739|1062.5|||3|3|1|1|1|132|178|["132,178,5,1823","132,146,5,1811","132,162,5"]|636148143178980000|13:45:17:898
62|1.1|636147900161613887|888128|49522.8984375|17.27477348896|106.94840217737|660355|406804||49522.8984375|274.5||27443.75|275.25|49522.8984375|888128|VJC277|0|2739|1043.75|||3|3|1|1|1|132|178|["132,178,5,1823","132,146,5,1811","132,162,5"]|636148143228980000|13:45:22:898
62|1.1|636147900211538879|888128|49527.8984375|17.26606168712|106.95624494479|661219|405861||49527.8984375|276||27581.25|276.25|49527.8984375|888128|VJC277|0|2739|1081.25|||3|3|1|1|1|132|147|["132,178,5,1823","132,146,5,1811","132,162,5"]|636148143278980000|13:45:27:898
62|1.1|636147900261453870|888128|49532.875|17.25782195336|106.96347080506|662017|404968||49532.875|276.75||27681.25|277.25|49532.875|888128|VJC277|0|2739|1125|||3|3|1|1|1|132|163|["132,178,5,1823","132,146,5,1811","132,162,5"]|636148143328750000|13:45:32:875
62|1.1|636147900311378862|888128|49537.875|17.24933009233|106.97053573303|662798|404047||49537.875|277.5||27768.75|278.25|49537.875|888128|VJC277|0|2739|1143.75|||3|3|1|1|1|132|178|["132,178,5,1823","132,146,5,1811","132,162,5"]|636148143378750000|13:45:37:875
62|1.1|636147900361293853|888128|49542.859375|17.24109572298|106.97778841535|663598|403155||49542.859375|278.5||27881.25|279.25|49542.859375|888128|VJC277|0|2739|1162.5|||3|3|1|1|1|132|178|["132,178,5,1823","132,146,5,1811","132,162,5"]|636148143428590000|13:45:42:859
62|1.1|636147900411218845|888128|49547.859375|17.23248048052|106.98455830077|664348|402220||49547.859375|279.25||27950|279.25|49547.859375|888128|VJC277|0|2739|1162.5|||3|3|1|1|1|132|178|["132,178,5,1823","132,146,5,1811","132,162,5"]|636148143478590000|13:45:47:859
62|1.1|636147900461143837|888128|49552.859375|17.22432657732|106.99199337303|665168|401337||49552.859375|280.25||28056.25|281.25|49552.859375|888128|VJC277|0|2739|1125|||3|3|1|1|1|132|178|["132,178,5,1823","132,146,5,1811","132,162,5"]|636148143528590000|13:45:52:859
62|1.1|636147900511068829|888128|49557.8359375|17.21603856387|106.99936943678|665982|400440||49557.8359375|281.75||28156.25|281.75|49557.8359375|888128|VJC277|0|2739|1081.25|||3|3|1|1|1|132|163|["132,178,5,1823","132,146,5,1811","132,162,5"]|636148143578360000|13:45:57:836
62|1.1|636147900560983820|888128|49562.8359375|17.20780955893|107.00668112761|666788|399549||49562.8359375|282.5||28262.5|282.75|49562.8359375|888128|VJC277|0|2739|1125|||3|3|1|1|1|132|163|["132,178,5,1823","132,146,5,1811","132,162,5"]|636148143628360000|13:46:02:836
62|1.1|636147900610908812|888128|49567.8203125|17.19991314741|107.0133276316|667523|398693||49567.8203125|283.5||28356.25|283.75|49567.8203125|888128|VJC277|0|2739|1181.25|||3|3|1|1|1|132|178|["132,178,5,1823","132,146,5,1811","132,162,5"]|636148143678200000|13:46:07:820
62|1.1|636147900660823803|888128|49572.8203125|17.19161976955|107.02030672901|668295|397794||49572.8203125|284.5||28443.75|285.25|49572.8203125|888128|VJC277|0|2739|1237.5|||3|3|1|1|1|132|178|["132,178,5,1823","132,146,5,1811","132,162,5"]|636148143728200000|13:46:12:820
62|1.1|636147900710748795|888128|49577.8203125|17.18399694294|107.02735019934|669071|396970||49577.8203125|285.75||28593.75|286.25|49577.8203125|888128|VJC277|0|2739|1300|||3|3|1|1|1|132|178|["132,178,5,1823","132,146,5,1811","132,162,5"]|636148143778200000|13:46:17:820
62|1.1|636147900760673787|888128|49582.796875|17.17548898868|107.03498375477|669914|396048||49582.796875|287||28731.25|287.5|49582.796875|888128|VJC277|0|2739|1418.75|||3|3|1|1|1|132|178|["132,178,5,1823","132,146,5,1811","132,162,5"]|636148143827970000|13:46:22:797
62|1.1|636147900810588778|888128|49587.796875|17.16671281392|107.04182337752|670672|395095||49587.796875|288.25||28806.25|289.25|49587.796875|888128|VJC277|0|2739|1493.75|||3|3|1|1|1|132|178|["132,178,5,1823","132,146,5,1811","132,162,5"]|636148143877970000|13:46:27:797
62|1.1|636147900860513770|888128|49592.78125|17.15781862214|107.05024013681|671600|394134||49592.78125|290||28987.5|289.75|49592.78125|888128|VJC277|0|2739|1375|||3|3|1|1|1|132|163|["132,178,5,1823","132,146,5,1811","132,162,5"]|636148143927810000|13:46:32:781
62|1.1|636147900910438762|888128|49597.78125|17.14971836304|107.05735870888|672386|393257||49597.78125|291.25||29112.5|291.25|49597.78125|888128|VJC277|0|2739|1400|||3|3|1|1|1|132|163|["132,178,5,1823","132,146,5,1811","132,162,5"]|636148143977810000|13:46:37:781
62|1.1|636147900960373755|888128|49602.78125|17.14312013874|107.06315227168|673026|392542||49602.78125|291.75||29218.75|292.25|49602.78125|888128|VJC277|0|2739|1400|||3|3|1|1|1|132|178|["132,178,5,1823","132,146,5,1811","132,162,5"]|636148144027810000|13:46:42:781
62|1.1|636147901010138731|888128|49607.7578125|17.13481603206|107.07043177605|673830|391643||49607.7578125|293.5||29350|293.5|49607.7578125|888128|VJC277|0|2739|1437.5|||3|3|1|1|1|132|163|["132,178,5,1823","132,146,5,1811","132,162,5"]|636148144077580000|13:46:47:758
62|1.1|636147901060203737|888128|49612.7578125|17.12647437451|107.07740014464|674601|390739||49612.7578125|294.5||29462.5|294.75|49612.7578125|888128|VJC277|0|2739|1475|||3|3|1|1|1|132|178|["132,178,5,1823","132,146,5,1811","132,162,5"]|636148144127580000|13:46:52:758
62|1.1|636147901109978714|888128|49617.7421875|17.11824000516|107.0845669964|675393|389847||49617.7421875|295.75||29606.25|296.25|49617.7421875|888128|VJC277|0|2739|1593.75|||3|3|1|1|1|132|178|["132,178,5,1823","132,146,5,1811","132,162,5"]|636148144177420000|13:46:57:742
62|1.1|636147901159883704|888128|49622.7421875|17.10997344935|107.09187332282|676200|388952||49622.7421875|297||29743.75|297.75|49622.7421875|888128|VJC277|0|2739|1612.5|||3|3|1|1|1|132|178|["132,178,5,1823","132,146,5,1811","132,162,5"]|636148144227420000|13:47:02:742
62|1.1|636147901209958711|888128|49627.7421875|17.10170152913|107.09909381868|676998|388056||49627.7421875|298.25||29881.25|299.25|49627.7421875|888128|VJC277|0|2739|1593.75|||3|3|1|1|1|132|178|["132,178,5,1823","132,146,5,1811","132,162,5"]|636148144277420000|13:47:07:742
62|1.1|636147901259723687|888128|49632.71875|17.09269468474|107.10692585728|677864|387080||49632.71875|300||30006.25|300.25|49632.71875|888128|VJC277|0|2739|1537.5|||3|3|1|1|1|132|147|["132,178,5,1823","132,146,5,1811","132,162,5"]|636148144327190000|13:47:12:719
62|1.1|636147901309648679|888128|49637.71875|17.08394533203|107.1145004042|678702|386133||49637.71875|301.25||30143.75|301.25|49637.71875|888128|VJC277|0|2739|1537.5|||3|3|1|1|1|132|163|["132,178,5,1823","132,146,5,1811","132,162,5"]|636148144377190000|13:47:17:719
62|1.1|636147901359573671|888128|49642.6953125|17.07602746287|107.12107717086|679430|385275||49642.6953125|302||30256.25|302.75|49642.6953125|888128|VJC277|0|2739|1518.75|||3|3|1|1|1|132|178|["132,178,5,1823","132,146,4,1811","132,162,5"]|636148144426950000|13:47:22:695
62|1.1|636147901409498663|888128|49647.6953125|17.06738003395|107.12852297194|680253|384338||49647.6953125|303.5||30393.75|304.25|49647.6953125|888128|VJC277|0|2739|1518.75|||3|3|1|1|1|132|178|["132,178,5,1823","132,146,4,1811","132,162,5"]|636148144476950000|13:47:27:695
62|1.1|636147901459423655|888128|49652.6953125|17.05869505416|107.1360653324|681087|383397||49652.6953125|304.75||30525|305.25|49652.6953125|888128|VJC277|0|2739|1518.75|||3|3|1|1|1|132|178|["132,178,5,1823","132,146,4,1811","132,162,5"]|636148144526950000|13:47:32:695
62|1.1|636147901509338646|888128|49657.6796875|17.05087910879|107.14294787043|681848|382551||49657.6796875|306||30643.75|306.5|49657.6796875|888128|VJC277|0|2739|1475|||3|3|1|1|1|132|178|["132,178,5,1823","132,146,4,1811","132,162,5"]|636148144576800000|13:47:37:680
62|1.1|636147901559273639|888128|49662.6796875|17.04275202764|107.14973921349|682600|381670||49662.6796875|307.5||30750|307.5|49662.6796875|888128|VJC277|0|2739|1437.5|||3|3|1|1|1|132|163|["132,178,5,1823","132,146,4,1811","132,162,5"]|636148144626800000|13:47:42:680
62|1.1|636147901609178629|888128|49667.65625|17.03445328537|107.15691679407|683394|380771||49667.65625|308.75||30881.25|309.25|49667.65625|888128|VJC277|0|2739|1475|||3|3|1|1|1|132|163|["132,178,5,1823","132,146,4,1811","132,162,5"]|636148144676560000|13:47:47:656
62|1.1|636147901659103621|888128|49672.65625|17.02583804291|107.16440014602|684222|379839||49672.65625|309.5||31000|310.25|49672.65625|888128|VJC277|0|2739|1475|||3|3|1|1|1|132|178|["132,178,5,1823","132,146,4,1811","132,162,5"]|636148144726560000|13:47:52:656
62|1.1|636147901709028613|888128|49677.65625|17.01782897878|107.17105737883|684959|378970||49677.65625|310.5||31100|311.25|49677.65625|888128|VJC277|0|2739|1456.25|||3|3|1|1|1|132|178|["132,178,5,1823","132,146,4,1811","132,162,5"]|636148144776560000|13:47:57:656
62|1.1|636147901758953605|888128|49682.640625|17.00955169415|107.1780686627|685736|378073||49682.640625|311.75||31206.25|312.25|49682.640625|888128|VJC277|0|2739|1418.75|||3|3|1|1|1|132|178|["132,178,5,1823","132,146,4,1811","132,162,5"]|636148144826410000|13:48:02:641
62|1.1|636147901808888598|888128|49687.640625|17.00075406175|107.18553055701|686562|377120||49687.640625|313||31312.5|313.5|49687.640625|888128|VJC277|0|2739|1400|||3|3|1|1|1|132|178|["132,178,5,1823","132,146,4,1811","132,162,5"]|636148144876410000|13:48:07:641
62|1.1|636147901858803589|888128|49692.6171875|16.99311514191|107.19261157821|687344|376295||49692.6171875|314.75||31462.5|314.75|49692.6171875|888128|VJC277|0|2739|1418.75|||3|3|1|1|1|132|147|["132,178,5,1823","132,146,4,1811","132,162,5"]|636148144926170000|13:48:12:617
62|1.1|636147901908708579|888128|49697.6171875|16.98473056908|107.19956921798|688115|375386||49697.6171875|315.75||31593.75|316.25|49697.6171875|888128|VJC277|0|2739|1518.75|||3|3|1|1|1|132|178|["132,178,5,1823","132,146,4,1811","132,162,5"]|636148144976170000|13:48:17:617
62|1.1|636147901958643572|888128|49702.6171875|16.97619579277|107.20698819701|688936|374462||49702.6171875|317.25||31756.25|317.75|49702.6171875|888128|VJC277|0|2739|1593.75|||3|3|1|1|1|132|178|["132,178,5,1823","132,146,4,1811","132,162,5"]|636148145026170000|13:48:22:617
62|1.1|636147902008558563|888128|49707.6015625|16.96846031355|107.21388146386|689698|373625||49707.6015625|318.25||31887.5|319.25|49707.6015625|888128|VJC277|0|2739|1575|||3|3|1|1|1|132|178|["132,178,5,1823","132,146,4,1811","132,162,5"]|636148145076020000|13:48:27:602
62|1.1|636147902058473554|888128|49712.6015625|16.9602795883|107.22095712065|690481|372739||49712.6015625|319||32012.5|319.25|49712.6015625|888128|VJC277|0|2739|0|||3|3|0|1|1|132|178|["132,178,5,1823","132,146,4,1811","132,162,5"]|636148145126020000|13:48:32:602
62|1.1|636147902108398546|888128|49717.578125|16.95231880386|107.22748560762|691205|371876||49717.578125|319.5||32006.25|319.5|49717.578125|888128|VJC277|0|2739|0|||3|3|0|1|1|132|178|["132,178,5,1823","132,146,4,1811","132,162,5"]|636148145175780000|13:48:37:578
62|1.1|636147902158323538|888128|49722.578125|16.94360700202|107.23515134951|692053|370933||49722.578125|319.75||32025|319.5|49722.578125|888128|VJC277|0|2739|0|||3|3|0|1|1|132|178|["132,178,5,1823","132,146,4,1811","132,162,5"]|636148145225780000|13:48:42:578
62|1.1|636147902208248530|888128|49727.578125|16.9350668613|107.24187295524|692800|370006||49727.578125|320||32062.5|320.25|49727.578125|888128|VJC277|0|2739|0|||3|3|0|1|1|132|178|["132,178,5,1823","132,146,4,1811","132,162,5"]|636148145275780000|13:48:47:578
62|1.1|636147902258173522|888128|49732.5625|16.92756205171|107.24901298495|693589|369196||49732.5625|320.25||32031.25|320|49732.5625|888128|VJC277|0|2739|0|||3|3|0|1|1|132|163|["132,178,5,1823","132,162,5"]|636148145325630000|13:48:52:563
62|1.1|636147902308098514|888128|49737.5625|16.91931158913|107.2563354046|694399|368303||49737.5625|320.25||32018.75|320.25|49737.5625|888128|VJC277|0|2739|0|||3|3|0|1|1|132|178|["132,178,5,1823","132,162,5"]|636148145375630000|13:48:57:563
62|1.1|636147902358013505|888128|49742.5390625|16.91147418612|107.26289607803|695126|367454||49742.5390625|320.25||32018.75|320.25|49742.5390625|888128|VJC277|0|2739|0|||3|3|0|1|1|132|178|["132,178,5,1823","132,162,5"]|636148145425390000|13:49:02:539
62|1.1|636147902407928496|888128|49747.5390625|16.90363678311|107.2697464296|695884|366605||49747.5390625|320||32012.5|320|49747.5390625|888128|VJC277|0|2739|0|||3|3|0|1|1|132|178|["132,178,5,1823","132,162,5"]|636148145475390000|13:49:07:539
62|1.1|636147902457853488|888128|49752.5390625|16.89507518475|107.27719759509|696709|365679||49752.5390625|320||31993.75|320|49752.5390625|888128|VJC277|0|2739|0|||3|3|0|1|1|132|162|["132,178,5,1823","132,162,5"]|636148145525390000|13:49:12:539
62|1.1|636147902507778480|888128|49757.515625|16.88634728968|107.28495453195|697568|364735||49757.515625|320||31993.75|320|49757.515625|888128|VJC277|0|2739|0|||3|3|0|1|1|132|163|["132,178,5,1823","132,162,5"]|636148145575160000|13:49:17:516
62|1.1|636147902557703472|888128|49762.515625|16.87838114083|107.29162249358|698307|363872||49762.515625|320||31987.5|320|49762.515625|888128|VJC277|0|2739|0|||3|3|0|1|1|132|163|["132,178,5,1823","132,162,5"]|636148145625160000|13:49:22:516
62|1.1|636147902607618463|888128|49767.5|16.87086560242|107.29820462465|699036|363058||49767.5|320||31993.75|320|49767.5|888128|VJC277|0|2739|0|||3|3|0|1|1|132|178|["132,178,5,1823","132,162,5"]|636148145675000000|13:49:27:500
62|1.1|636147902657553456|888128|49772.5|16.86282435183|107.30487795069|699777|362187||49772.5|320||31987.5|320|49772.5|888128|VJC277|0|2739|0|||3|3|0|1|1|132|178|["132,178,5,1823","132,162,5"]|636148145725000000|13:49:32:500
62|1.1|636147902707458446|888128|49777.5|16.85489575385|107.3117497599|700538|361329||49777.5|320||31993.75|320|49777.5|888128|VJC277|0|2739|0|||3|3|0|1|1|132|178|["132,178,5,1823","132,162,5"]|636148145775000000|13:49:37:500
62|1.1|636147902757383438|888128|49782.4765625|16.84699397792|107.31870203526|701308|360474||49782.4765625|320||31993.75|320|49782.4765625|888128|VJC277|0|2739|0|||3|3|0|1|1|132|178|["132,178,5,1823","132,162,5"]|636148145824770000|13:49:42:477
62|1.1|636147902807298429|888128|49787.4765625|16.83803004881|107.32652870945|702175|359504||49787.4765625|320||31987.5|320|49787.4765625|888128|VJC277|0|2739|0|||3|3|0|1|1|132|178|["132,178,5,1823","132,162,5"]|636148145874770000|13:49:47:477
62|1.1|636147902857223421|888128|49792.4609375|16.8291734079|107.33384576469|702987|358544||49792.4609375|320||31975|320|49792.4609375|888128|VJC277|0|2739|0|||3|3|0|1|1|132|178|["132,178,5,1823","132,162,5"]|636148145924610000|13:49:52:461
62|1.1|636147902907148413|888128|49797.4609375|16.82066008923|107.34124328608|703807|357623||49797.4609375|320||31975|320|49797.4609375|888128|VJC277|0|2739|0|||3|3|0|1|1|132|178|["132,178,5,1823","132,162,5"]|636148145974610000|13:49:57:461
62|1.1|636147902957063404|888128|49802.4609375|16.81319819492|107.34794343417|704549|356816||49802.4609375|320||31993.75|320|49802.4609375|888128|VJC277|0|2739|0|||3|3|0|1|1|132|178|["132,178,5,1823","132,162,5"]|636148146024610000|13:50:02:461
62|1.1|636147903006998397|888128|49807.4375|16.80535006309|107.35443973468|705270|355965||49807.4375|320||31987.5|320|49807.4375|888128|VJC277|0|2739|0|||3|3|0|1|1|132|178|["132,178,5,1823","132,162,5"]|636148146074380000|13:50:07:438
62|1.1|636147903056913388|888128|49812.4375|16.79758239741|107.36128472184|706028|355125||49812.4375|320||31993.75|320|49812.4375|888128|VJC277|0|2739|0|||3|3|0|1|1|132|162|["132,178,5,1823","132,162,5"]|636148146124380000|13:50:12:438
62|1.1|636147903106828379|888128|49817.421875|16.78946604508|107.36797414111|706771|354246||49817.421875|320||31981.25|320|49817.421875|888128|VJC277|0|2739|0|||3|3|0|1|1|132|162|["132,178,5,1823","132,162,5"]|636148146174220000|13:50:17:422
62|1.1|636147903156763372|888128|49822.421875|16.78148916741|107.37496396734|707546|353383||49822.421875|320||31987.5|320|49822.421875|888128|VJC277|0|2739|0|||3|3|0|1|1|132|178|["132,178,5,1823","132,162,5"]|636148146224220000|13:50:22:422
62|1.1|636147903206668362|888128|49827.421875|16.77256278917|107.38259752277|708393|352416||49827.421875|320||31981.25|320|49827.421875|888128|VJC277|0|2739|0|||3|3|0|1|1|132|163|["132,178,5,1823","132,162,5"]|636148146274220000|13:50:27:422
62|1.1|636147903256603355|888128|49832.3984375|16.76460736914|107.38954979813|709163|351555||49832.3984375|320||31981.25|320|49832.3984375|888128|VJC277|0|2739|0|||3|3|0|1|1|132|178|["132,178,5,1823","132,162,5"]|636148146323980000|13:50:32:398
62|1.1|636147903306528347|888128|49837.3984375|16.75607259283|107.39631431914|709916|350630||49837.3984375|320||31950|320|49837.3984375|888128|VJC277|0|2739|0|||3|3|0|1|1|132|178|["132,178,5,1823","132,162,5"]|636148146373980000|13:50:37:398
62|1.1|636147903356443338|888128|49842.375|16.74758609621|107.40393178134|710759|349712||49842.375|320||31962.5|320|49842.375|888128|VJC277|0|2739|0|||3|3|0|1|1|132|162|["132,178,5,1823","132,162,5"]|636148146423750000|13:50:42:375
62|1.1|636147903406358329|888128|49847.375|16.73905668431|107.41105571782|711550|348788||49847.375|320||31962.5|320|49847.375|888128|VJC277|0|2739|0|||3|3|0|1|1|132|178|["132,178,5,1823","132,162,5"]|636148146473750000|13:50:47:375
62|1.1|636147903456293322|888128|49852.375|16.73109589987|107.41843714598|712367|347929||49852.375|320||31993.75|320|49852.375|888128|VJC277|0|2739|0|||3|3|0|1|1|132|163|["132,178,5,1823","132,162,5"]|636148146523750000|13:50:52:375
62|1.1|636147903506208313|888128|49857.359375|16.72346770885|107.42478324301|713072|347102||49857.359375|320||31981.25|320|49857.359375|888128|VJC277|0|2739|0|||3|3|0|1|1|132|178|["132,178,5,1823","132,162,5"]|636148146573590000|13:50:57:359
62|1.1|636147903556133305|888128|49862.359375|16.7157697805|107.43156922166|713825|346270||49862.359375|320||31993.75|320|49862.359375|888128|VJC277|0|2739|0|||3|3|0|1|1|132|163|["132,178,5,1823","132,162,5"]|636148146623590000|13:51:02:359
62|1.1|636147903606048296|888128|49867.3359375|16.70769097904|107.43841420882|714585|345395||49867.3359375|320||31987.5|320|49867.3359375|888128|VJC277|0|2739|0|||3|3|0|1|1|132|178|["132,178,5,1823","132,162,5"]|636148146673360000|13:51:07:336
62|1.1|636147903655973288|888128|49872.3359375|16.70003596597|107.44536648418|715355|344568||49872.3359375|320||32000|320|49872.3359375|888128|VJC277|0|2739|0|||3|3|0|1|1|132|178|["132,178,5,1823","132,162,5"]|636148146723360000|13:51:12:336
62|1.1|636147903705888279|888128|49877.3359375|16.69216101209|107.45230803072|716124|343716||49877.3359375|320||32000|320|49877.3359375|888128|VJC277|0|2739|0|||3|3|0|1|1|132|178|["132,178,5,1823","132,162,5"]|636148146773360000|13:51:17:336
62|1.1|636147903755813271|888128|49882.3203125|16.68348676112|107.45948024689|716921|342776||49882.3203125|320||31993.75|320|49882.3203125|888128|VJC277|0|2739|0|||3|3|0|1|1|132|163|["132,178,5,1823","132,162,5"]|636148146823200000|13:51:22:320
62|1.1|636147903805738263|888128|49887.3203125|16.67577810395|107.46609992883|717656|341942||49887.3203125|320||31993.75|320|49887.3203125|888128|VJC277|0|2739|0|||3|3|0|1|1|132|178|["132,178,5,1823","132,162,5"]|636148146873200000|13:51:27:320
62|1.1|636147903855663255|888128|49892.296875|16.66694828509|107.47371202662|718501|340987||49892.296875|320||31987.5|320|49892.296875|888128|VJC277|0|2739|0|||3|3|0|1|1|132|178|["132,178,5,1823","132,162,5"]|636148146922970000|13:51:32:297
62|1.1|636147903905578246|888128|49897.296875|16.65823111884|107.48123292944|719336|340044||49897.296875|320||31987.5|320|49897.296875|888128|VJC277|0|2739|0|||3|3|0|1|1|132|178|["132,178,5,1823","132,162,5"]|636148146972970000|13:51:37:297
62|1.1|636147903955513239|888128|49902.296875|16.64956759669|107.48833540828|720126|339105||49902.296875|320||31975|320|49902.296875|888128|VJC277|0|2739|0|||3|3|0|1|1|132|178|["132,178,5,1823","132,162,5"]|636148147022970000|13:51:42:297
62|1.1|636147904005418229|888128|49907.28125|16.64184284629|107.49533596333|720902|338270||49907.28125|320||32000|320|49907.28125|888128|VJC277|0|2739|0|||3|3|0|1|1|132|163|["132,178,5,1823","132,162,5"]|636148147072810000|13:51:47:281
62|1.1|636147904055343221|888128|49912.28125|16.63375868042|107.50210584875|721654|337395||49912.28125|320||31993.75|320|49912.28125|888128|VJC277|0|2739|0|||3|3|0|1|1|132|163|["132,178,5,1823","132,162,5"]|636148147122810000|13:51:52:281
62|1.1|636147904105268213|888128|49917.2578125|16.62628069288|107.5085163187|722366|336586||49917.2578125|320||31987.5|320|49917.2578125|888128|VJC277|0|2739|0|||3|3|0|1|1|132|178|["132,178,5,1823","132,162,5"]|636148147172580000|13:51:57:258
62|1.1|636147904155193205|888128|49922.2578125|16.61767081483|107.51566707723|723161|335653||49922.2578125|320||31975|320|49922.2578125|888128|VJC277|0|2739|0|||3|3|0|1|1|132|178|["132,178,5,1823","132,162,5"]|636148147222580000|13:52:02:258
62|1.1|636147904205128198|888128|49927.2578125|16.60924869113|107.52295731042|723971|334742||49927.2578125|320||31975|320|49927.2578125|888128|VJC277|0|2739|0|||3|3|0|1|1|132|178|["132,178,5,1823","132,162,5"]|636148147272580000|13:52:07:258
62|1.1|636147904255033188|888128|49932.2421875|16.60100359296|107.53030118771|724785|333851||49932.2421875|320||31987.5|320|49932.2421875|888128|VJC277|0|2739|0|||3|3|0|1|1|132|178|["132,178,5,1823","132,162,5"]|636148147322420000|13:52:12:242
62|1.1|636147904304948179|888128|49937.2421875|16.59259756249|107.53723200543|725557|332940||49937.2421875|320||31975|320|49937.2421875|888128|VJC277|0|2739|0|||3|3|0|1|1|132|178|["132,178,5,1823","132,162,5"]|636148147372420000|13:52:17:242
62|1.1|636147904354873171|888128|49942.21875|16.5853609734|107.5436532042|726269|332158||49942.21875|320||31993.75|320|49942.21875|888128|VJC277|0|2739|0|||3|3|0|1|1|132|178|["132,178,5,1823","132,162,5"]|636148147422190000|13:52:22:219
62|1.1|636147904404808164|888128|49947.21875|16.57703004467|107.55086833565|727070|331257||49947.21875|320||31993.75|320|49947.21875|888128|VJC277|0|2739|0|||3|3|0|1|1|132|178|["132,178,5,1823","132,162,5"]|636148147472190000|13:52:27:219
62|1.1|636147904454713154|888128|49952.21875|16.56983100645|107.55709105125|727761|330478||49952.21875|320||31993.75|320|49952.21875|888128|VJC277|0|2739|0|||3|3|0|1|1|132|178|["132,178,5,1823","132,162,5"]|636148147522190000|13:52:32:219
62|1.1|636147904504638146|888128|49957.1953125|16.56206334077|107.56383947903|728511|329638||49957.1953125|320||32000|320|49957.1953125|888128|VJC277|0|2739|0|||3|3|0|1|1|132|178|["132,178,5,1823","132,162,5"]|636148147571950000|13:52:37:195
62|1.1|636147904554563138|888128|49962.1953125|16.55425812422|107.57071665265|729274|328794||49962.1953125|320||32000|320|49962.1953125|888128|VJC277|0|2739|0|||3|3|0|1|1|132|178|["132,178,5,1823","132,162,5"]|636148147621950000|13:52:42:195
62|1.1|636147904604478129|888128|49967.1796875|16.54522982219|107.57808735199|730095|327816||49967.1796875|320||31981.25|320|49967.1796875|888128|VJC277|0|2739|0|||3|3|0|1|1|132|178|["132,178,5,1823","132,162,5"]|636148147671800000|13:52:47:180
62|1.1|636147904654403121|888128|49972.1796875|16.53663067296|107.58582283121|730953|326887||49972.1796875|320||31993.75|320|49972.1796875|888128|VJC277|0|2739|0|||3|3|0|1|1|132|163|["132,178,5,1823","132,162,5"]|636148147721800000|13:52:52:180
62|1.1|636147904704328113|888128|49977.1796875|16.52899711753|107.59216356383|731659|326061||49977.1796875|320||31981.25|320|49977.1796875|888128|VJC277|0|2739|0|||3|3|0|1|1|132|178|["132,178,5,1823","132,162,5"]|636148147771800000|13:52:57:180
62|1.1|636147904754243104|888128|49982.15625|16.51989907817|107.60002242448|732532|325077||49982.15625|320||31993.75|320|49982.15625|888128|VJC277|0|2739|0|||3|3|0|1|1|132|163|["132,178,5,1823","132,162,5"]|636148147821560000|13:53:02:156
62|1.1|636147904804188098|888128|49987.15625|16.51268931113|107.60565505498|733160|324295||49987.15625|320||31968.75|320|49987.15625|888128|VJC277|0|2739|0|||3|3|0|1|1|132|178|["132,178,5,1823","132,162,5"]|636148147871560000|13:53:07:156
62|1.1|636147904854093088|888128|49992.140625|16.50504502688|107.61253759301|733924|323469||49992.140625|320||31987.5|320|49992.140625|888128|VJC277|0|2739|0|||3|3|0|1|1|132|178|["132,178,5,1823","132,162,5"]|636148147921410000|13:53:12:141
62|1.1|636147904904018080|888128|49997.140625|16.4972773612|107.61944158868|734691|322630||49997.140625|319.75||31975|319.75|49997.140625|888128|VJC277|0|2739|0|||3|3|0|1|1|132|178|["132,178,5,1823","132,162,5"]|636148147971410000|13:53:17:141
62|1.1|636147904953933071|888128|50002.140625|16.48939704291|107.62648505901|735473|321778||50002.140625|319.75||31968.75|319.75|50002.140625|888128|VJC277|0|2739|0|||3|3|0|1|1|132|162|["132,178,5,1823","132,162,5"]|636148148021410000|13:53:22:141
62|1.1|636147905003858063|888128|50007.1171875|16.48058868169|107.63416689413|736327|320825||50007.1171875|319.75||31956.25|319.75|50007.1171875|888128|VJC277|0|2739|0|||3|3|0|1|1|132|162|["132,178,5,1823","132,162,5"]|636148148071170000|13:53:27:117
62|1.1|636147905053773054|888128|50012.1171875|16.47261716843|107.64065246582|737049|319962||50012.1171875|319.75||31956.25|319.75|50012.1171875|888128|VJC277|0|2739|0|||3|3|0|1|1|132|162|["132,178,5,1823","132,162,5"]|636148148121170000|13:53:32:117
62|1.1|636147905103698046|888128|50017.1015625|16.46484413834|107.64747599534|737807|319122||50017.1015625|319.75||31962.5|319.75|50017.1015625|888128|VJC277|0|2739|0|||3|3|0|1|1|132|162|["132,178,5,1823","132,162,5"]|636148148171020000|13:53:37:102
62|1.1|636147905153623038|888128|50022.1015625|16.45697991328|107.65444972834|738582|318272||50022.1015625|319.75||31968.75|319.75|50022.1015625|888128|VJC277|0|2739|0|||3|3|0|1|1|132|162|["132,178,5,1823","132,162,5"]|636148148221020000|13:53:42:102
62|1.1|636147905203548030|888128|50027.1015625|16.44805353504|107.66224958048|739449|317307||50027.1015625|319.75||31962.5|319.75|50027.1015625|888128|VJC277|0|2739|0|||3|3|0|1|1|132|162|["132,178,5,1823","132,162,5"]|636148148271020000|13:53:47:102
62|1.1|636147905253473022|888128|50032.078125|16.4404682593|107.66896045739|740195|316487||50032.078125|320||31993.75|320|50032.078125|888128|VJC277|0|2739|0|||3|3|0|1|1|132|162|["132,162,5"]|636148148320780000|13:53:52:078
62|1.1|636147905303388013|888128|50037.078125|16.4323680002|107.67599856331|740977|315611||50037.078125|320||32000|320|50037.078125|888128|VJC277|0|2739|0|||3|3|0|1|1|132|162|["132,162,5"]|636148148370780000|13:53:57:078
62|1.1|636147905353313005|888128|50042.0625|16.42425701228|107.68321369476|741779|314735||50042.0625|320||32018.75|320|50042.0625|888128|VJC277|0|2739|0|||3|3|0|1|1|132|162|["132,162,5"]|636148148420630000|13:54:02:063
62|1.1|636147905403237997|888128|50047.0625|16.41618357523|107.69041273298|742579|313863||50047.0625|320||32012.5|320|50047.0625|888128|VJC277|0|2739|0|||3|3|0|1|1|132|162|["132,162,5"]|636148148470630000|13:54:07:063
62|1.1|636147905453142987|888128|50052.0625|16.40837299427|107.69815357661|743436|313021||50052.0625|320.25||32006.25|320|50052.0625|888128|VJC277|0|2739|0|||3|3|0|1|1|132|162|["132,162,5"]|636148148520630000|13:54:12:063
62|1.1|636147905503067979|888128|50057.0390625|16.40140462568|107.70649523416|744354|312276||50057.0390625|320.25||31812.5|320|50057.0390625|888128|VJC277|0|2739|0|||3|3|0|1|1|132|178|["132,178,4,1823","132,162,5"]|636148148570390000|13:54:17:039
62|1.1|636147905553002972|888128|50062.0390625|16.39495660486|107.71623163831|745421|311593||50062.0390625|320.25||31993.75|320|50062.0390625|888128|VJC277|0|2739|0|||3|3|0|1|1|132|163|["132,178,4,1823","132,162,5"]|636148148620390000|13:54:22:039
62|1.1|636147905602917963|888128|50067.015625|16.38876071131|107.72387055815|746261|310931||50067.015625|320.25||32018.75|320|50067.015625|888128|VJC277|0|2739|0|||3|3|0|1|1|132|162|["132,178,4,1823","132,162,5"]|636148148670160000|13:54:27:016
62|1.1|636147905652842955|888128|50072.015625|16.38228050403|107.73187425787|747142|310238||50072.015625|320.25||32031.25|320|50072.015625|888128|VJC277|0|2739|0|||3|3|0|1|1|132|162|["132,178,4,1823","132,162,5"]|636148148720160000|13:54:32:016
62|1.1|636147905702757946|888128|50077.015625|16.37558035594|107.74011935604|748049|309522||50077.015625|320.25||32025|320|50077.015625|888128|VJC277|0|2739|0|||3|3|0|1|1|132|162|["132,178,4,1823","132,162,5"]|636148148770160000|13:54:37:016
62|1.1|636147905752682938|888128|50082|16.36919134363|107.74858975943|748980|308841||50082|320.25||32018.75|320|50082|888128|VJC277|0|2739|0|||3|3|0|1|1|132|162|["132,178,4,1823","132,162,5"]|636148148820000000|13:54:42:000
62|1.1|636147905802617931|888128|50087|16.36231417001|107.75700115431|749906|308106||50087|320.25||32012.5|320|50087|888128|VJC277|0|2739|0|||3|3|0|1|1|132|162|["132,178,4,1823","132,162,5"]|636148148870000000|13:54:47:000
62|1.1|636147905852522921|888128|50091.9765625|16.3563543105|107.76588998168|750880|307474||50091.9765625|320.25||32006.25|320|50091.9765625|888128|VJC277|0|2739|0|||3|3|0|1|1|132|162|["132,178,4,1823","132,162,5"]|636148148919770000|13:54:51:977
62|1.1|636147905902447913|888128|50096.9765625|16.350185239|107.77466615644|751843|306819||50096.9765625|320.25||32012.5|320|50096.9765625|888128|VJC277|0|2739|0|||3|3|0|1|1|132|162|["132,178,4,1823","132,162,5"]|636148148969770000|13:54:56:977
62|1.1|636147905952382906|888128|50101.9765625|16.34357092147|107.7831204666|752773|306114||50101.9765625|320.25||32018.75|320|50101.9765625|888128|VJC277|0|2739|0|||3|3|0|1|1|132|162|["132,162,5"]|636148149019770000|13:55:01:977
62|1.1|636147906002287896|888128|50106.9609375|16.33530436566|107.79208976012|753764|305226||50106.9609375|320.25||32018.75|320|50106.9609375|888128|VJC277|0|2739|0|||3|3|0|1|1|132|162|["132,162,5"]|636148149069610000|13:55:06:961
62|1.1|636147906052212888|888128|50111.9609375|16.32801413247|107.80088202811|754732|304447||50111.9609375|320.25||32025|320|50111.9609375|888128|VJC277|0|2739|0|||3|3|0|1|1|132|178|["132,178,5,1910","132,162,5"]|636148149119610000|13:55:11:961
62|1.1|636147906102137880|888128|50116.9375|16.31994069542|107.80553297158|755260|303566||50116.9375|320.25||32043.75|320|50116.9375|888128|VJC277|0|2739|0|||3|3|0|1|1|132|162|["132,178,5,1910","132,162,5"]|636148149169380000|13:55:16:938
62|1.1|636147906152052871|888128|50121.9375|16.31051006264|107.81209364501|755997|302541||50121.9375|320.25||32031.25|320|50121.9375|888128|VJC277|0|2739|0|||3|3|0|1|1|132|178|["132,178,5,1910","132,162,5"]|636148149219380000|13:55:21:938
62|1.1|636147906201977863|888128|50126.9375|16.30193773546|107.81854703024|756720|301611||50126.9375|320.25||32018.75|320.25|50126.9375|888128|VJC277|0|2739|0|||3|3|0|1|1|132|178|["132,178,5,1910","132,162,5"]|636148149269380000|13:55:26:938
62|1.1|636147906251892854|888128|50131.921875|16.29117136459|107.82223237991|757153|300428||50131.921875|320.25||31981.25|320.25|50131.921875|888128|VJC277|0|2739|0|||3|3|0|1|1|132|162|["132,178,5,1910","132,162,5"]|636148149319220000|13:55:31:922
62|1.1|636147906301817846|888128|50136.921875|16.28139740957|107.82661510288|757658|299358||50136.921875|320.25||31968.75|320.25|50136.921875|888128|VJC277|0|2739|0|||3|3|0|1|1|132|162|["132,178,5,1910","132,162,5"]|636148149369220000|13:55:36:922
62|1.1|636147906351742838|888128|50141.8984375|16.27137669169|107.83013952025|758072|298257||50141.8984375|320||31931.25|320.25|50141.8984375|888128|VJC277|0|2739|0|||3|3|0|1|1|132|178|["132,178,5,1910","132,162,5"]|636148149418980000|13:55:41:898
62|1.1|636147906401657829|888128|50146.8984375|16.26122186356|107.83321869159|758438|297140||50146.8984375|320||31893.75|320.25|50146.8984375|888128|VJC277|0|2739|0|||3|3|0|1|1|132|162|["132,178,5,1910","132,162,5"]|636148149468980000|13:55:46:898
62|1.1|636147906451582821|888128|50151.8984375|16.25109922189|107.83623885442|758798|296026||50151.8984375|320.25||31906.25|320.25|50151.8984375|888128|VJC277|0|2739|0|||3|3|0|1|1|132|162|["132,178,5,1910","132,162,5"]|636148149518980000|13:55:51:898
62|1.1|636147906501507813|888128|50156.875|16.24072445295|107.83838998283|759066|294881||50156.875|320.25||31818.75|320.25|50156.875|888128|VJC277|0|2739|0|||3|3|0|1|1|132|162|["132,178,5,1910","132,162,5"]|636148149568750000|13:55:56:875
62|1.1|636147906551422804|888128|50161.875|16.23044087898|107.84143696771|759429|293749||50161.875|320||31768.75|320|50161.875|888128|VJC277|0|2739|0|||3|3|0|1|1|132|162|["132,178,5,1910","132,162,5"]|636148149618750000|13:56:01:875
62|1.1|636147906601357797|888128|50166.859375|16.22010366091|107.84383485898|759723|292610||50166.859375|320||31681.25|320|50166.859375|888128|VJC277|0|2739|0|||3|3|0|1|1|132|162|["132,178,5,1910","132,162,5"]|636148149668590000|13:56:06:859
62|1.1|636147906651272788|888128|50171.859375|16.21095734186|107.84834096338|760239|291610||50171.859375|320||31975|320|50171.859375|888128|VJC277|0|2739|0|||3|3|0|1|1|132|162|["132,178,5,1910","132,162,5"]|636148149718590000|13:56:11:859
62|1.1|636147906701197780|888128|50176.859375|16.20242256555|107.85115191422|760571|290671||50176.859375|320||32000|320|50176.859375|888128|VJC277|0|2739|0|||3|3|0|1|1|132|162|["132,178,5,1910","132,162,5"]|636148149768590000|13:56:16:859
62|1.1|636147906751112771|888128|50181.8359375|16.19323869563|107.85400041593|760909|289661||50181.8359375|320||32006.25|320|50181.8359375|888128|VJC277|0|2739|0|||3|3|0|1|1|132|162|["132,178,5,1910","132,162,5"]|636148149818360000|13:56:21:836
62|1.1|636147906801037763|888128|50186.8359375|16.18263325706|107.85710640932|761280|288494||50186.8359375|320||32006.25|320|50186.8359375|888128|VJC277|0|2739|0|||3|3|0|1|1|132|162|["132,178,5,1910","132,162,5"]|636148149868360000|13:56:26:836
62|1.1|636147906850962755|888128|50191.8203125|16.17325626838|107.85994954662|761618|287462||50191.8203125|320||32006.25|320|50191.8203125|888128|VJC277|0|2739|0|||3|3|0|1|1|132|162|["132,178,5,1910","132,162,5"]|636148149918200000|13:56:31:820
62|1.1|636147906900877746|888128|50196.8203125|16.16320336404|107.86269076013|761949|286355||50196.8203125|320||31993.75|320|50196.8203125|888128|VJC277|0|2739|0|||3|3|0|1|1|132|162|["132,178,5,1910","132,162,5"]|636148149968200000|13:56:36:820
62|1.1|636147906950802738|888128|50201.8203125|16.15163769608|107.86614007576|762360|285083||50201.8203125|320||31993.75|320|50201.8203125|888128|VJC277|0|2739|0|||3|3|0|1|1|132|162|["132,178,5,1910","132,162,5"]|636148150018200000|13:56:41:820
62|1.1|636147907000727730|888128|50206.796875|16.14130584242|107.86921388269|762727|283946||50206.796875|320||31993.75|320|50206.796875|888128|VJC277|0|2739|0|||3|3|0|1|1|132|162|["132,178,5,1910","132,162,5"]|636148150067970000|13:56:46:797
62|1.1|636147907050642721|888128|50211.796875|16.1311027346|107.87225550316|763089|282823||50211.796875|320||32000|320|50211.796875|888128|VJC277|0|2739|0|||3|3|0|1|1|132|162|["132,178,5,1910","132,162,5"]|636148150117970000|13:56:51:797
62|1.1|636147907100567713|888128|50216.78125|16.12229437338|107.875066454|763423|281855||50216.78125|320||32006.25|320|50216.78125|888128|VJC277|0|2739|0|||3|3|0|1|1|132|162|["132,178,5,1910","132,162,5"]|636148150167810000|13:56:56:781
62|1.1|636147907150482704|888128|50221.78125|16.11276181681|107.87803297273|763775|280806||50221.78125|320||32012.5|320|50221.78125|888128|VJC277|0|2739|0|||3|3|0|1|1|132|162|["132,178,5,1910","132,162,5"]|636148150217810000|13:57:01:781
62|1.1|636147907200417697|888128|50226.78125|16.10294494651|107.88060252512|764086|279725||50226.78125|320||32000|320|50226.78125|888128|VJC277|0|2739|0|||3|3|0|1|1|132|162|["132,178,5,1910","132,162,5"]|636148150267810000|13:57:06:781
62|1.1|636147907250332688|888128|50231.7578125|16.09326218646|107.88341347596|764422|278659||50231.7578125|319.75||32000|320|50231.7578125|888128|VJC277|0|2739|0|||3|3|0|1|1|132|162|["132,178,5,1910","132,162,5"]|636148150317580000|13:57:11:758
62|1.1|636147907300257680|888128|50236.7578125|16.0831449092|107.88616005388|764753|277545||50236.7578125|319.75||31975|319.75|50236.7578125|888128|VJC277|0|2739|0|||3|3|0|1|1|132|162|["132,178,5,1910","132,162,5"]|636148150367580000|13:57:16:758
62|1.1|636147907350172671|888128|50241.7421875|16.07192792789|107.88937333547|765138|276311||50241.7421875|319.75||31962.5|319.75|50241.7421875|888128|VJC277|0|2739|0|||3|3|0|1|1|132|162|["132,178,5,1910","132,162,5"]|636148150417420000|13:57:21:742
62|1.1|636147907400097663|888128|50246.7421875|16.0613654046|107.89247396445|765508|275148||50246.7421875|319.75||31956.25|319.75|50246.7421875|888128|VJC277|0|2739|0|||3|3|0|1|1|132|163|["132,178,5,1910","132,162,5"]|636148150467420000|13:57:26:742
62|1.1|636147907450012654|888128|50251.7421875|16.05200450915|107.89525272883|765840|274119||50251.7421875|319.75||31962.5|319.75|50251.7421875|888128|VJC277|0|2739|0|||3|3|0|1|1|132|163|["132,178,5,1910","132,162,5"]|636148150517420000|13:57:31:742
62|1.1|636147907499937646|888128|50256.71875|16.04274017308|107.89812268818|766181|273099||50256.71875|319.75||31968.75|319.75|50256.71875|888128|VJC277|0|2739|0|||3|3|0|1|1|132|162|["132,178,5,1910","132,162,5"]|636148150567190000|13:57:36:719
62|1.1|636147907549862638|888128|50261.71875|16.03305741303|107.90103556281|766529|272034||50261.71875|319.75||31968.75|319.75|50261.71875|888128|VJC277|0|2739|0|||3|3|0|1|1|132|163|["132,178,5,1910","132,162,5"]|636148150617190000|13:57:41:719
62|1.1|636147907599777629|888128|50266.6953125|16.02299914428|107.90383578483|766865|270927||50266.6953125|319.75||31968.75|319.75|50266.6953125|888128|VJC277|0|2739|0|||3|3|0|1|1|132|163|["132,178,5,1910","132,162,5"]|636148150666950000|13:57:46:695
62|1.1|636147907649702621|888128|50271.6953125|16.01310180783|107.9067701171|767215|269838||50271.6953125|319.75||31968.75|319.75|50271.6953125|888128|VJC277|0|2739|0|||3|3|0|1|1|132|163|["132,178,5,1910","132,162,5"]|636148150716950000|13:57:51:695
62|1.1|636147907699627613|888128|50276.6953125|16.00293088647|107.90958643235|767554|268718||50276.6953125|319.75||31962.5|319.75|50276.6953125|888128|VJC277|0|2739|0|||3|3|0|1|1|132|163|["132,178,5,1910","132,162,5"]|636148150766950000|13:57:56:695
62|1.1|636147907749542604|888128|50281.6796875|15.99298527033|107.9125100358|767904|267624||50281.6796875|319.75||31968.75|319.75|50281.6796875|888128|VJC277|0|2739|0|||3|3|0|1|1|132|163|["132,178,5,1910","132,162,5"]|636148150816800000|13:58:01:680
62|1.1|636147907799467596|888128|50286.6796875|15.98211161126|107.91544436807|768257|266426||50286.6796875|319.75||31956.25|319.75|50286.6796875|888128|VJC277|0|2739|0|||3|3|0|1|1|132|163|["132,178,5,1910","132,162,5"]|636148150866800000|13:58:06:680
62|1.1|636147907849392588|888128|50291.65625|15.97015434137|107.91912971774|768696|265111||50291.65625|319.75||31968.75|319.75|50291.65625|888128|VJC277|0|2739|0|||3|3|0|1|1|132|163|["132,178,5,1910","132,162,5"]|636148150916560000|13:58:11:656
62|1.1|636147907899307579|888128|50296.65625|15.96232766718|107.92157052429|768986|264250||50296.65625|319.75||31968.75|319.75|50296.65625|888128|VJC277|0|2739|0|||3|3|0|1|1|132|163|["132,178,5,1910","132,162,5"]|636148150966560000|13:58:16:656
62|1.1|636147907949232571|888128|50301.65625|15.95273073769|107.92445121246|769330|263194||50301.65625|319.75||31981.25|319.75|50301.65625|888128|VJC277|0|2739|0|||3|3|0|1|1|132|163|["132,178,5,1910","132,162,5"]|636148151016560000|13:58:21:656
62|1.1|636147907999157563|888128|50306.640625|15.94267783335|107.92725679889|769667|262087||50306.640625|319.75||31968.75|319.75|50306.640625|888128|VJC277|0|2739|0|||3|3|0|1|1|132|163|["132,178,5,1910","132,162,5"]|636148151066410000|13:58:26:641
62|1.1|636147908049072554|888128|50311.640625|15.93178808105|107.93033060582|770036|260889||50311.640625|319.75||31962.5|319.75|50311.640625|888128|VJC277|0|2739|0|||3|3|0|1|1|132|163|["132,178,5,1910","132,162,5"]|636148151116410000|13:58:31:641
62|1.1|636147908098997546|888128|50316.6171875|15.92110217633|107.93329712455|770393|259712||50316.6171875|319.75||31962.5|319.75|50316.6171875|888128|VJC277|0|2739|0|||3|3|0|1|1|132|163|["132,178,5,1910","132,162,5"]|636148151166170000|13:58:36:617
62|1.1|636147908148922538|888128|50321.6171875|15.91161789945|107.93622609241|770741|258669||50321.6171875|319.75||31968.75|319.75|50321.6171875|888128|VJC277|0|2739|0|||3|3|0|1|1|132|163|["132,178,5,1910","132,162,5"]|636148151216170000|13:58:41:617
62|1.1|636147908198837529|888128|50326.6171875|15.90103928293|107.93930526375|771110|257505||50326.6171875|320||31987.5|320|50326.6171875|888128|VJC277|0|2739|0|||3|3|0|1|1|132|163|["132,178,5,1910","132,162,5"]|636148151266170000|13:58:46:617
62|1.1|636147908248622507|888128|50331.6015625|15.89089518362|107.94222350279|771460|256389||50331.6015625|320||31993.75|320|50331.6015625|888128|VJC277|0|2739|0|||3|3|0|1|1|132|178|["132,178,5,1910","132,162,5"]|636148151316020000|13:58:51:602
62|1.1|636147908298697514|888128|50336.6015625|15.88046677058|107.94532949618|771831|255241||50336.6015625|319.75||31975|320|50336.6015625|888128|VJC277|0|2739|0|||3|3|0|1|1|132|163|["132,178,5,1910","132,162,5"]|636148151366020000|13:58:56:602
62|1.1|636147908348452489|888128|50341.578125|15.87120243451|107.94799024354|772149|254222||50341.578125|320||31987.5|320|50341.578125|888128|VJC277|0|2739|0|||3|3|0|1|1|132|163|["132,178,5,1910","132,162,5"]|636148151415780000|13:59:01:578
62|1.1|636147908398527496|888128|50346.578125|15.86187372552|107.95085483848|772491|253196||50346.578125|320||32000|320|50346.578125|888128|VJC277|0|2739|0|||3|3|0|1|1|132|163|["132,178,5,1910","132,162,5"]|636148151465780000|13:59:06:578
62|1.1|636147908448452488|888128|50351.578125|15.85128974459|107.95385354367|772851|252030||50351.578125|320||32000|320|50351.578125|888128|VJC277|0|2739|0|||3|3|0|1|1|132|163|["132,178,5,1910","132,162,5"]|636148151515780000|13:59:11:578
62|1.1|636147908498217464|888128|50356.5625|15.84119928938|107.95673959625|773197|250920||50356.5625|320||32000|320|50356.5625|888128|VJC277|0|2739|0|||3|3|0|1|1|132|162|["132,178,5,1910","132,162,5"]|636148151565630000|13:59:16:563
62|1.1|636147908548132455|888128|50361.5625|15.8315540802|107.95949690299|773528|249859||50361.5625|320||31993.75|320|50361.5625|888128|VJC277|0|2739|0|||3|3|0|1|1|132|163|["132,178,5,1910","132,162,5"]|636148151615630000|13:59:21:563
62|1.1|636147908598217463|888128|50366.5390625|15.82188204897|107.96237759116|773872|248795||50366.5390625|320||32000|320|50366.5390625|888128|VJC277|0|2739|0|||3|3|0|1|1|132|162|["132,178,5,1910","132,162,5"]|636148151665390000|13:59:26:539
62|1.1|636147908647982439|888128|50371.5390625|15.81082599996|107.96537093194|774233|247577||50371.5390625|320||31987.5|320|50371.5390625|888128|VJC277|0|2739|0|||3|3|0|1|1|132|163|["132,178,5,1910","132,162,5"]|636148151715390000|13:59:31:539
62|1.1|636147908697907431|888128|50376.5390625|15.80007035791|107.96850374738|774609|246393||50376.5390625|320||31987.5|320|50376.5390625|888128|VJC277|0|2739|0|||3|3|0|1|1|132|163|["132,178,5,1910","132,162,5"]|636148151765390000|13:59:36:539
62|1.1|636147908747982438|888128|50381.515625|15.78963121605|107.97127714735|774944|245244||50381.515625|320||31975|320|50381.515625|888128|VJC277|0|2739|0|||3|3|0|1|1|132|163|["132,178,5,1910","132,162,5"]|636148151815160000|13:59:41:516
62|1.1|636147908797747414|888128|50386.515625|15.77937982854|107.97445287807|775322|244116||50386.515625|320||31981.25|320|50386.515625|888128|VJC277|0|2739|0|||3|3|0|1|1|132|163|["132,178,5,1910","132,162,5"]|636148151865160000|13:59:46:516
62|1.1|636147908847832422|888128|50391.5|15.76939666153|107.97756423587|775692|243018||50391.5|320||31987.5|320|50391.5|888128|VJC277|0|2739|0|||3|3|0|1|1|132|163|["132,178,5,1910","132,162,5"]|636148151915000000|13:59:51:500
62|1.1|636147908897597398|888128|50396.5|15.75920964694|107.98047174609|776041|241897||50396.5|320||31987.5|320|50396.5|888128|VJC277|0|2739|0|||3|3|0|1|1|132|163|["132,178,5,1910","132,162,5"]|636148151965000000|13:59:56:500
62|1.1|636147908947512389|888128|50401.5|15.74911382732|107.98349190892|776402|240787||50401.5|320||31993.75|320|50401.5|888128|VJC277|0|2739|0|||3|3|0|1|1|132|163|["132,178,5,1910","132,162,5"]|636148152015000000|14:00:01:500
62|1.1|636147908997437381|888128|50406.4765625|15.73900727888|107.98636723268|776747|239674||50406.4765625|320.25||32006.25|320|50406.4765625|888128|VJC277|0|2739|0|||3|3|0|1|1|132|163|["132,178,5,1910","132,162,5"]|636148152064770000|14:00:06:477
62|1.1|636147909047352372|888128|50411.4765625|15.72892755249|107.98934984464|777104|238565||50411.4765625|320.25||32025|320|50411.4765625|888128|VJC277|0|2739|0|||3|3|0|1|1|132|163|["132,178,5,1910","132,162,5"]|636148152114770000|14:00:11:477
62|1.1|636147909097277364|888128|50416.4609375|15.71960420791|107.99205887169|777428|237539||50416.4609375|320.25||32025|320|50416.4609375|888128|VJC277|0|2739|0|||3|3|0|1|1|132|163|["132,178,5,1910","132,162,5"]|636148152164610000|14:00:16:461
62|1.1|636147909144102046|888128|50421.140625|15.70979270202|107.99508976334|777790|236460||50421.140625|320.25||32018.75|320|50421.140625|888128|VJC277|0|2739|0|||3|3|0|1|1|132|163|["132,178,5,1910","132,162,5"]|636148152211410000|14:00:21:141
62|1.1|636147909194017037|888128|50426.140625|15.70059273887|107.99767540896|778101|235447||50426.140625|320.25||32025|320|50426.140625|888128|VJC277|0|2739|0|||3|3|0|1|1|132|163|["132,178,5,1910","132,162,5"]|636148152261410000|14:00:26:141
62|1.1|636147909244082043|888128|50431.140625|15.69051837689|108.00056146154|778447|234339||50431.140625|320.25||32018.75|320|50431.140625|888128|VJC277|0|2739|0|||3|3|0|1|1|132|162|["132,178,5,1910","132,162,5"]|636148152311410000|14:00:31:141
62|1.1|636147909293997034|888128|50436.1171875|15.6801167859|108.00324366654|778773|233193||50436.1171875|320.25||32012.5|320|50436.1171875|888128|VJC277|0|2739|0|||3|3|0|1|1|132|162|["132,178,5,1910","132,162,5"]|636148152361170000|14:00:36:117
62|1.1|636147909343922026|888128|50441.1171875|15.67071833958|108.00618872763|779123|232159||50441.1171875|320||31993.75|320|50441.1171875|888128|VJC277|0|2739|0|||3|3|0|1|1|132|163|["132,178,4,1910","132,162,5"]|636148152411170000|14:00:41:117
62|1.1|636147909393697003|888128|50446.1015625|15.6609658422|108.00910696667|779472|231086||50446.1015625|320.25||31993.75|320|50446.1015625|888128|VJC277|0|2739|0|||3|3|0|1|1|132|162|["132,178,4,1910","132,162,5"]|636148152461020000|14:00:46:102
62|1.1|636147909443621995|888128|50451.1015625|15.64919632666|108.01241680764|779870|229791||50451.1015625|320.25||32006.25|320|50451.1015625|888128|VJC277|0|2739|0|||3|3|0|1|1|132|163|["132,178,4,1910","132,162,5"]|636148152511020000|14:00:51:102
62|1.1|636147909493546987|888128|50456.1015625|15.63962085481|108.01530822463|780215|228737||50456.1015625|320.25||32018.75|320|50456.1015625|888128|VJC277|0|2739|0|||3|3|0|1|1|132|163|["132,178,4,1910","132,162,5"]|636148152561020000|14:00:56:102
62|1.1|636147909543461978|888128|50461.078125|15.62932118761|108.01806016696|780548|227603||50461.078125|320||32012.5|320|50461.078125|888128|VJC277|0|2739|0|||3|3|0|1|1|132|162|["132,178,4,1910","132,162,5"]|636148152610780000|14:01:01:078
62|1.1|636147909593386970|888128|50466.078125|15.61865674053|108.02118225358|780922|226430||50466.078125|320.25||32012.5|320|50466.078125|888128|VJC277|0|2739|0|||3|3|0|1|1|132|163|["132,178,4,1910","132,162,5"]|636148152660780000|14:01:06:078
62|1.1|636147909643331964|888128|50471.0625|15.60821759867|108.02430970461|781296|225281||50471.0625|320.25||32000|320|50471.0625|888128|VJC277|0|2739|0|||3|3|0|1|1|132|162|["132,178,4,1910","132,162,5"]|636148152710630000|14:01:11:063
62|1.1|636147909693236954|888128|50476.0625|15.59915174577|108.02721721483|781641|224285||50476.0625|320.25||32018.75|320|50476.0625|888128|VJC277|0|2739|0|||3|3|0|1|1|132|162|["132,178,4,1910","132,162,5"]|636148152760630000|14:01:16:063
62|1.1|636147909743151945|888128|50481.0625|15.58885207857|108.0298833266|781965|223150||50481.0625|320.25||32012.5|320|50481.0625|888128|VJC277|0|2739|0|||3|3|0|1|1|132|162|["132,178,4,1910","132,162,5"]|636148152810630000|14:01:21:063
62|1.1|636147909793086938|888128|50486.0390625|15.57875625895|108.03273719272|782308|222039||50486.0390625|320.25||32006.25|320|50486.0390625|888128|VJC277|0|2739|0|||3|3|0|1|1|132|162|["132,178,4,1910","132,162,5"]|636148152860390000|14:01:26:039
62|1.1|636147909842991928|888128|50491.0390625|15.56918615151|108.03554814356|782645|220986||50491.0390625|320.25||32012.5|320|50491.0390625|888128|VJC277|0|2739|0|||3|3|0|1|1|132|163|["132,178,4,1910","132,162,5"]|636148152910390000|14:01:31:039
62|1.1|636147909892936922|888128|50496.015625|15.55912788276|108.03836982322|782985|219879||50496.015625|320.25||32006.25|320|50496.015625|888128|VJC277|0|2739|0|||3|3|0|1|1|132|162|["132,162,5"]|636148152960160000|14:01:36:016
62|1.1|636147909942841912|888128|50501.015625|15.54873702059|108.04101447735|783307|218734||50501.015625|320.25||31987.5|320|50501.015625|888128|VJC277|0|2739|0|||3|3|0|1|1|132|162|["132,162,5"]|636148153010160000|14:01:41:016
62|1.1|636147909992756903|888128|50506.015625|15.53853391277|108.04384688583|783648|217611||50506.015625|320.25||31962.5|320|50506.015625|888128|VJC277|0|2739|0|||3|3|0|1|1|132|162|["132,162,5"]|636148153060160000|14:01:46:016
62|1.1|636147910042681895|888128|50511|15.52813768619|108.04649153996|783970|216466||50511|320.25||31918.75|320|50511|888128|VJC277|0|2739|0|||3|3|0|1|1|132|162|["132,162,5"]|636148153110000000|14:01:51:000
62|1.1|636147910092606887|888128|50516|15.51840664645|108.04979601652|784361|215396||50516|320||31762.5|320|50516|888128|VJC277|0|2739|0|||3|3|0|1|1|132|162|["132,162,5"]|636148153160000000|14:01:56:000
62|1.1|636147910142541880|888128|50520.9765625|15.50891164075|108.05304148457|784744|214353||50520.9765625|320||31675|320|50520.9765625|888128|VJC277|0|2739|0|||3|3|0|1|1|132|162|["132,162,5"]|636148153209770000|14:02:00:977
62|1.1|636147910192446870|888128|50525.9765625|15.49999062692|108.05658735958|785157|213375||50525.9765625|320||31606.25|320|50525.9765625|888128|VJC277|0|2739|0|||3|3|0|1|1|132|162|["132,178,4,1910","132,162,5"]|636148153259770000|14:02:05:977
62|1.1|636147910242381863|888128|50530.9765625|15.49034005333|108.05994011583|785553|212315||50530.9765625|320||31606.25|320|50530.9765625|888128|VJC277|0|2739|0|||3|3|0|1|1|132|178|["132,178,4,1910","132,162,5"]|636148153309770000|14:02:10:977
62|1.1|636147910292296854|888128|50535.9609375|15.47981508091|108.0627671599|785895|211156||50535.9609375|320||31562.5|320|50535.9609375|888128|VJC277|0|2739|0|||3|3|0|1|1|132|163|["132,178,4,1910","132,162,5"]|636148153359610000|14:02:15:961
62|1.1|636147910342211845|888128|50540.9609375|15.47194549144|108.06597507708|786268|210293||50540.9609375|320||31568.75|320|50540.9609375|888128|VJC277|0|2739|0|||3|3|0|1|1|132|163|["132,178,5,1928","132,162,5"]|636148153409610000|14:02:20:961
62|1.1|636147910392156839|888128|50545.9375|15.46209107027|108.06860900239|786587|209208||50545.9375|320||31581.25|320|50545.9375|888128|VJC277|0|2739|0|||3|3|0|1|1|132|162|["132,178,5,1928","132,162,5"]|636148153459380000|14:02:25:938
62|1.1|636147910442061829|888128|50550.9375|15.45343827694|108.07150578379|786930|208257||50550.9375|320||31612.5|320|50550.9375|888128|VJC277|0|2739|0|||3|3|0|1|1|132|163|["132,178,5,1928","132,162,5"]|636148153509380000|14:02:30:938
62|1.1|636147910491976820|888128|50555.9375|15.44432414435|108.07412898028|787245|207254||50555.9375|320||31618.75|320|50555.9375|888128|VJC277|0|2739|0|||3|3|0|1|1|132|162|["132,178,5,1928","132,162,5"]|636148153559380000|14:02:35:938
62|1.1|636147910541911813|888128|50560.921875|15.42663768458|108.07764266883|787687|205302||50560.921875|320||31987.5|320.25|50560.921875|888128|VJC277|0|2739|0|||3|3|0|1|1|132|163|["132,178,4,1928","132,162,5"]|636148153609220000|14:02:40:922
62|1.1|636147910591826804|888128|50565.921875|15.41859106958|108.0798259837|787951|204416||50565.921875|320||32031.25|320.25|50565.921875|888128|VJC277|0|2739|0|||3|3|0|1|1|132|162|["132,178,4,1928","132,162,5"]|636148153659220000|14:02:45:922
62|1.1|636147910641741795|888128|50570.8984375|15.40868836872|108.08270130746|788296|203326||50570.8984375|320||32062.5|320.25|50570.8984375|888128|VJC277|0|2739|0|||3|3|0|1|1|132|162|["132,178,4,1928","132,162,5"]|636148153708980000|14:02:50:898
62|1.1|636147910691666787|888128|50575.8984375|15.39851744736|108.08550689389|788635|202207||50575.8984375|320||32031.25|320|50575.8984375|888128|VJC277|0|2739|0|||3|3|0|1|1|132|162|["132,178,4,1928","132,162,5"]|636148153758980000|14:02:55:898
62|1.1|636147910741611781|888128|50580.8984375|15.38865229737|108.08853242113|788996|201122||50580.8984375|320||31956.25|320|50580.8984375|888128|VJC277|0|2739|0|||3|3|0|1|1|132|162|["132,178,4,1928","132,162,5"]|636148153808980000|14:03:00:898
62|1.1|636147910791506770|888128|50585.875|15.37838481663|108.09138628725|789340|199992||50585.875|320||31925|320|50585.875|888128|VJC277|0|2739|0|||3|3|0|1|1|132|162|["132,178,4,1928","132,162,5"]|636148153858750000|14:03:05:875
62|1.1|636147910841431762|888128|50590.875|15.36804759856|108.09471222145|789736|198855||50590.875|320||31793.75|320|50590.875|888128|VJC277|0|2739|0|||3|3|0|1|1|132|162|["132,178,4,1928","132,162,5"]|636148153908750000|14:03:10:875
62|1.1|636147910891376756|888128|50595.859375|15.35906221181|108.09789868099|790111|197869||50595.859375|320||31731.25|320|50595.859375|888128|VJC277|0|2739|0|||3|3|0|1|1|132|162|["132,162,5"]|636148153958590000|14:03:15:859
62|1.1|636147910941271745|888128|50600.859375|15.34939554499|108.10065062332|790442|196804||50600.859375|320||31637.5|320|50600.859375|888128|VJC277|0|2739|0|||3|3|0|1|1|132|162|["132,162,5"]|636148154008590000|14:03:20:859
62|1.1|636147910991196737|888128|50605.859375|15.34040479383|108.10372443025|790805|195817||50605.859375|320||31618.75|320|50605.859375|888128|VJC277|0|2739|0|||3|3|0|1|1|132|162|["132,162,5"]|636148154058590000|14:03:25:859
62|1.1|636147911041131730|888128|50610.8359375|15.33057719471|108.10653001668|791143|194735||50610.8359375|320.25||31593.75|320.25|50610.8359375|888128|VJC277|0|2739|0|||3|3|0|1|1|132|162|["132,162,5"]|636148154108360000|14:03:30:836
62|1.1|636147911091056722|888128|50615.8359375|15.32263786791|108.10957163715|791499|193864||50615.8359375|320.25||31593.75|320.25|50615.8359375|888128|VJC277|0|2739|0|||3|3|0|1|1|132|162|["132,162,5"]|636148154158360000|14:03:35:836
62|1.1|636147911140971713|888128|50620.8203125|15.31285318407|108.1123879524|791838|192787||50620.8203125|320.25||31587.5|320.25|50620.8203125|888128|VJC277|0|2739|0|||3|3|0|1|1|132|162|["132,162,5"]|636148154208200000|14:03:40:820
62|1.1|636147911190896705|888128|50625.8203125|15.3040180008|108.11542420846|792196|191817||50625.8203125|320.25||31600|320|50625.8203125|888128|VJC277|0|2739|0|||3|3|0|1|1|132|162|["132,162,5"]|636148154258200000|14:03:45:820
62|1.1|636147911240811696|888128|50630.8203125|15.29333209608|108.11828343899|792543|190640||50630.8203125|320||31606.25|320|50630.8203125|888128|VJC277|0|2739|0|||3|3|0|1|1|132|162|["132,162,5"]|636148154308200000|14:03:50:820
62|1.1|636147911290726687|888128|50635.796875|15.28532839636|108.12129823741|792896|189762||50635.796875|320||31600|320|50635.796875|888128|VJC277|0|2739|0|||3|3|0|1|1|132|162|["132,162,5"]|636148154357970000|14:03:55:797
62|1.1|636147911340641678|888128|50640.796875|15.27513065295|108.12414673912|793240|188639||50640.796875|320.25||31612.5|320|50640.796875|888128|VJC277|0|2739|0|||3|3|0|1|1|132|163|["132,162,5"]|636148154407970000|14:04:00:797
62|1.1|636147911390576671|888128|50645.78125|15.26550690141|108.12720981723|793605|187581||50645.78125|320.25||31631.25|320|50645.78125|888128|VJC277|0|2739|0|||3|3|0|1|1|132|162|["132,162,5"]|636148154457810000|14:04:05:781
62|1.1|636147911440501663|888128|50650.78125|15.25639813323|108.13033190385|793974|186581||50650.78125|320.25||31650|320|50650.78125|888128|VJC277|0|2739|0|||3|3|0|1|1|132|162|["132,162,5"]|636148154507810000|14:04:10:781
62|1.1|636147911490426655|888128|50655.78125|15.24701041573|108.13316967674|794313|185548||50655.78125|320.25||31631.25|320|50655.78125|888128|VJC277|0|2739|0|||3|3|0|1|1|132|162|["132,162,5"]|636148154557810000|14:04:15:781
62|1.1|636147911540341646|888128|50660.7578125|15.23718818102|108.1362595769|794682|184468||50660.7578125|320.25||31656.25|320|50660.7578125|888128|VJC277|0|2739|0|||3|3|0|1|1|132|162|["132,162,5"]|636148154607580000|14:04:20:758
62|1.1|636147911590256637|888128|50665.7578125|15.22804186197|108.13913490066|795025|183462||50665.7578125|320.25||31637.5|320|50665.7578125|888128|VJC277|0|2739|0|||3|3|0|1|1|132|162|["132,162,5"]|636148154657580000|14:04:25:758
62|1.1|636147911640171628|888128|50670.7421875|15.21806942378|108.14220870759|795392|182366||50670.7421875|320.25||31656.25|320|50670.7421875|888128|VJC277|0|2739|0|||3|3|0|1|1|132|162|["132,162,5"]|636148154707420000|14:04:30:742
62|1.1|636147911690376648|888128|50675.7421875|15.20780194304|108.14512694663|795743|181236||50675.7421875|320.25||31656.25|320|50675.7421875|888128|VJC277|0|2739|0|||3|3|0|1|1|132|162|["132,162,5"]|636148154757420000|14:04:35:742
62|1.1|636147911740021612|888128|50680.7421875|15.19919206499|108.14824903325|796111|180290||50680.7421875|320.25||31656.25|320|50680.7421875|888128|VJC277|0|2739|0|||3|3|0|1|1|132|162|["132,162,5"]|636148154807420000|14:04:40:742
62|1.1|636147911789956605|888128|50685.71875|15.18967560165|108.15118336552|796461|179244||50685.71875|320.25||31643.75|320|50685.71875|888128|VJC277|0|2739|0|||3|3|0|1|1|132|162|["132,162,5"]|636148154857190000|14:04:45:719
62|1.1|636147911839871596|888128|50690.71875|15.1789736037|108.15426790127|796832|178066||50690.71875|320.25||31675|320|50690.71875|888128|VJC277|0|2739|0|||3|3|0|1|1|132|162|["132,162,5"]|636148154907190000|14:04:50:719
62|1.1|636147911889806589|888128|50695.6953125|15.16840035159|108.15708958093|797174|176902||50695.6953125|320.25||31656.25|320|50695.6953125|888128|VJC277|0|2739|0|||3|3|0|1|1|132|162|["132,162,5"]|636148154956950000|14:04:55:695
62|1.1|636147911939721580|888128|50700.6953125|15.15863176098|108.16012047258|797536|175828||50700.6953125|320.25||31675|320|50700.6953125|888128|VJC277|0|2739|0|||3|3|0|1|1|132|162|["132,162,5"]|636148155006950000|14:05:00:695
62|1.1|636147911989626570|888128|50705.6953125|15.1492011282|108.16255591472|797833|174789||50705.6953125|320.25||31637.5|320|50705.6953125|888128|VJC277|0|2739|0|||3|3|0|1|1|132|162|["132,162,5"]|636148155056950000|14:05:05:695
62|1.1|636147912039571564|888128|50710.6796875|15.13846157938|108.16530785705|798168|173606||50710.6796875|320||31675|320|50710.6796875|888128|VJC277|0|2739|0|||3|3|0|1|1|132|162|["132,162,5"]|636148155106800000|14:05:10:680
62|1.1|636147912089476554|888128|50715.6796875|15.12859642939|108.16799542646|798493|172519||50715.6796875|320||31712.5|320|50715.6796875|888128|VJC277|0|2739|0|||3|3|0|1|1|132|162|["132,162,5"]|636148155156800000|14:05:15:680
62|1.1|636147912139401546|888128|50720.65625|15.11745991423|108.16877326591|798617|171286||50720.65625|320||31618.75|320|50720.65625|888128|VJC277|0|2739|0|||3|3|0|1|1|132|162|["132,162,5"]|636148155206560000|14:05:20:656
62|1.1|636147912189326538|888128|50725.65625|15.10636631435|108.17065617382|798860|170061||50725.65625|320||31643.75|320|50725.65625|888128|VJC277|0|2739|0|||3|3|0|1|1|132|163|["132,162,5"]|636148155256560000|14:05:25:656
62|1.1|636147912239241529|888128|50730.65625|15.09671037635|108.17151447942|798987|168991||50730.65625|320||31568.75|320|50730.65625|888128|VJC277|0|2739|0|||3|3|0|1|1|132|163|["132,162,5"]|636148155306560000|14:05:30:656
62|1.1|636147912289156520|888128|50735.640625|15.08855110874|108.17294677689|799171|168090||50735.640625|320||31543.75|320|50735.640625|888128|VJC277|0|2739|0|||3|3|0|1|1|132|162|["132,162,5"]|636148155356410000|14:05:35:641
62|1.1|636147912339071511|888128|50740.640625|15.07748969532|108.17380508249|799303|166865||50740.640625|320||31531.25|320|50740.640625|888128|VJC277|0|2739|0|||3|3|0|1|1|132|162|["132,162,5"]|636148155406410000|14:05:40:641
62|1.1|636147912388996503|888128|50745.6171875|15.06675551091|108.17467948132|799436|165676||50745.6171875|320||31543.75|320|50745.6171875|888128|VJC277|0|2739|0|||3|3|0|1|1|132|162|["132,162,5"]|636148155456170000|14:05:45:617
62|1.1|636147912438941497|888128|50750.6171875|15.05600523327|108.17523737996|799534|164484||50750.6171875|320||31531.25|320|50750.6171875|888128|VJC277|0|2739|0|||3|3|0|1|1|132|162|["132,162,5"]|636148155506170000|14:05:50:617
62|1.1|636147912488856488|888128|50755.6171875|15.04575921017|108.17581673624|799633|163348||50755.6171875|320||31531.25|320|50755.6171875|888128|VJC277|0|2739|0|||3|3|0|1|1|132|162|["132,162,5"]|636148155556170000|14:05:55:617
62|1.1|636147912538781480|888128|50760.6015625|15.03478362731|108.17592938885|799685|162130||50760.6015625|320||31525|320|50760.6015625|888128|VJC277|0|2739|0|||3|3|0|1|1|132|162|["132,162,5"]|636148155606020000|14:06:00:602
62|1.1|636147912588686470|888128|50765.6015625|15.02403871408|108.17610104997|799742|160937||50765.6015625|320||31537.5|320|50765.6015625|888128|VJC277|0|2739|0|||3|3|0|1|1|132|162|["132,162,5"]|636148155656020000|14:06:05:602
62|1.1|636147912638631464|888128|50770.578125|15.01349228402|108.17594548208|799763|159766||50770.578125|320||31525|320|50770.578125|888128|VJC277|0|2739|0|||3|3|0|1|1|132|162|["132,162,5"]|636148155705780000|14:06:10:578
62|1.1|636147912688526453|888128|50775.578125|15.00343937968|108.17588110916|799792|158649||50775.578125|320||31531.25|320|50775.578125|888128|VJC277|0|2739|0|||3|3|0|1|1|132|162|["132,162,5"]|636148155755780000|14:06:15:578
62|1.1|636147912738461446|888128|50780.578125|14.99345084826|108.17592402444|799832|157540||50780.578125|320||31550|320|50780.578125|888128|VJC277|0|2739|0|||3|3|0|1|1|132|162|["132,162,5"]|636148155805780000|14:06:20:578
62|1.1|636147912788366436|888128|50785.5625|14.98276494354|108.17577382096|799854|156353||50785.5625|320||31568.75|320|50785.5625|888128|VJC277|0|2739|0|||3|3|0|1|1|132|162|["132,162,5"]|636148155855630000|14:06:25:563
62|1.1|636147912838311430|888128|50790.5625|14.97273349684|108.1757416345|799886|155239||50790.5625|320||31587.5|320|50790.5625|888128|VJC277|0|2739|0|||3|3|0|1|1|132|162|["132,162,5"]|636148155905630000|14:06:30:563
62|1.1|636147912888216420|888128|50795.5390625|14.96223534647|108.17557533779|799906|154073||50795.5390625|320||31600|320|50795.5390625|888128|VJC277|0|2739|0|||3|3|0|1|1|132|162|["132,162,5"]|636148155955390000|14:06:35:539
62|1.1|636147912938161414|888128|50800.5390625|14.93452816882|108.17394992156|799829|150990||50800.5390625|320||32031.25|320.25|50800.5390625|888128|VJC277|0|2739|0|||3|3|0|1|1|132|162|["132,162,5"]|636148156005390000|14:06:40:539
62|1.1|636147912988066404|888128|50805.5390625|14.92153020339|108.17365487901|799844|149546||50805.5390625|320||32050|320|50805.5390625|888128|VJC277|0|2739|0|||3|3|0|1|1|132|162|["132,162,5"]|636148156055390000|14:06:45:539
62|1.1|636147913037981395|888128|50810.515625|14.90951392499|108.17342420938|799861|148211||50810.515625|320||32037.5|320|50810.515625|888128|VJC277|0|2739|0|||3|3|0|1|1|132|162|["132,162,5"]|636148156105160000|14:06:50:516
62|1.1|636147913087916388|888128|50815.515625|14.8983613166|108.17319353975|799876|146972||50815.515625|320||32018.75|320|50815.515625|888128|VJC277|0|2739|0|||3|3|0|1|1|132|162|["132,162,5"]|636148156155160000|14:06:55:516
62|1.1|636147913137821378|888128|50820.5|14.88804019176|108.17300042099|799892|145825||50820.5|320||32006.25|320|50820.5|888128|VJC277|0|2739|0|||3|3|0|1|1|132|163|["132,162,5"]|636148156205000000|14:07:00:500
62|1.1|636147913187756371|888128|50825.5|14.87773516015|108.17281266664|799908|144680||50825.5|319.75||31975|319.75|50825.5|888128|VJC277|0|2739|0|||3|3|0|1|1|132|163|["132,162,5"]|636148156255000000|14:07:05:500
62|1.1|636147913237661361|888128|50830.5|14.86744085736|108.17261418347|799923|143536||50830.5|319.75||31968.75|319.75|50830.5|888128|VJC277|0|2739|0|||3|3|0|1|1|132|163|["132,162,5"]|636148156305000000|14:07:10:500
62|1.1|636147913287586353|888128|50835.4765625|14.85842864856|108.17242642912|799935|142535||50835.4765625|319.75||31968.75|319.75|50835.4765625|888128|VJC277|0|2739|0|||3|3|0|1|1|132|163|["132,162,5"]|636148156354770000|14:07:15:477
62|1.1|636147913337531347|888128|50840.4765625|14.84833819335|108.17222258154|799949|141414||50840.4765625|319.75||31956.25|319.75|50840.4765625|888128|VJC277|0|2739|0|||3|3|0|1|1|132|162|["132,162,5"]|636148156404770000|14:07:20:477
62|1.1|636147913387436337|888128|50845.4609375|14.838494501|108.17202946278|799963|140320||50845.4609375|319.75||31943.75|319.75|50845.4609375|888128|VJC277|0|2739|0|||3|3|0|1|1|132|162|["132,162,5"]|636148156454610000|14:07:25:461
62|1.1|636147913437351328|888128|50850.4609375|14.82746527404|108.17162713203|799959|139094||50850.4609375|319.75||31906.25|319.75|50850.4609375|888128|VJC277|0|2739|0|||3|3|0|1|1|132|162|["132,162,5"]|636148156504610000|14:07:30:461
62|1.1|636147913487286321|888128|50855.4609375|14.81705831864|108.17140182681|799971|137937||50855.4609375|319.75||31875|319.75|50855.4609375|888128|VJC277|0|2739|0|||3|3|0|1|1|132|162|["132,162,5"]|636148156554610000|14:07:35:461
62|1.1|636147913537221314|888128|50860.4375|14.80710197368|108.17137500476|800004|136832||50860.4375|319.75||31768.75|319.75|50860.4375|888128|VJC277|0|2739|0|||3|3|0|1|1|132|162|["132,162,5"]|636148156604380000|14:07:40:438
62|1.1|636147913587116303|888128|50865.4375|14.79663600977|108.171181886|800020|135669||50865.4375|319.75||31681.25|319.75|50865.4375|888128|VJC277|0|2739|0|||3|3|0|1|1|132|162|["132,162,5"]|636148156654380000|14:07:45:438
62|1.1|636147913637071298|888128|50870.421875|14.78687814798|108.17117115718|800053|134586||50870.421875|319.75||31631.25|319.75|50870.421875|888128|VJC277|0|2739|0|||3|3|0|1|1|132|162|["132,162,5"]|636148156704220000|14:07:50:422
62|1.1|636147913686966287|888128|50875.421875|14.77656775196|108.17097803842|800069|133440||50875.421875|319.75||31593.75|319.75|50875.421875|888128|VJC277|0|2739|0|||3|3|0|1|1|132|162|["132,162,5"]|636148156754220000|14:07:55:422
62|1.1|636147913736881278|888128|50880.421875|14.76708347508|108.17099413165|800104|132388||50880.421875|319.75||31575|319.75|50880.421875|888128|VJC277|0|2739|0|||3|3|0|1|1|132|162|["132,162,5"]|636148156804220000|14:08:00:422
62|1.1|636147913786816271|888128|50885.3984375|14.75719150304|108.17087611463|800127|131288||50885.3984375|319.75||31562.5|319.75|50885.3984375|888128|VJC277|0|2739|0|||3|3|0|1|1|132|162|["132,162,5"]|636148156853980000|14:08:05:398
62|1.1|636147913836721261|888128|50890.3984375|14.74735853951|108.17086538581|800160|130197||50890.3984375|319.75||31568.75|319.75|50890.3984375|888128|VJC277|0|2739|0|||3|3|0|1|1|132|162|["132,162,5"]|636148156903980000|14:08:10:398
62|1.1|636147913886676256|888128|50895.375|14.73698377057|108.17067226705|800176|129044||50895.375|319.75||31537.5|319.75|50895.375|888128|VJC277|0|2739|0|||3|3|0|1|1|132|162|["132,162,5"]|636148156953750000|14:08:15:375
62|1.1|636147913936581246|888128|50900.375|14.72624422175|108.1704308686|800188|127850||50900.375|319.75||31593.75|319.75|50900.375|888128|VJC277|0|2739|0|||3|3|0|1|1|132|162|["132,162,5"]|636148157003750000|14:08:20:375
62|1.1|636147913986486236|888128|50905.375|14.71658828375|108.17044159742|800223|126779||50905.375|319.75||31618.75|319.75|50905.375|888128|VJC277|0|2739|0|||3|3|0|1|1|132|162|["132,162,5"]|636148157053750000|14:08:25:375
62|1.1|636147914036411228|888128|50910.359375|14.70705036277|108.17046305506|800259|125719||50910.359375|319.75||31643.75|319.75|50910.359375|888128|VJC277|0|2739|0|||3|3|0|1|1|132|162|["132,162,5"]|636148157103590000|14:08:30:359
62|1.1|636147914086346221|888128|50915.359375|14.69634836482|108.17022702102|800272|124530||50915.359375|319.75||31662.5|319.75|50915.359375|888128|VJC277|0|2739|0|||3|3|0|1|1|132|162|["132,162,5"]|636148157153590000|14:08:35:359
62|1.1|636147914136261212|888128|50920.3359375|14.68708939316|108.17031285158|800313|123503||50920.3359375|320||31675|320|50920.3359375|888128|VJC277|0|2739|0|||3|3|0|1|1|132|162|["132,162,5"]|636148157203360000|14:08:40:336
62|1.1|636147914186176203|888128|50925.3359375|14.67618354763|108.17003926667|800322|122291||50925.3359375|320||31706.25|320|50925.3359375|888128|VJC277|0|2739|0|||3|3|0|1|1|132|162|["132,162,5"]|636148157253360000|14:08:45:336
62|1.1|636147914236101195|888128|50930.3359375|14.66584096515|108.16992124965|800346|121142||50930.3359375|320||31737.5|320|50930.3359375|888128|VJC277|0|2739|0|||3|3|0|1|1|132|162|["132,162,5"]|636148157303360000|14:08:50:336
62|1.1|636147914286016186|888128|50935.3203125|14.6556217641|108.16976568176|800365|120007||50935.3203125|320||31743.75|320|50935.3203125|888128|VJC277|0|2739|0|||3|3|0|1|1|132|162|["132,162,5"]|636148157353200000|14:08:55:320
62|1.1|636147914335951179|888128|50940.3203125|14.64738739475|108.17002853785|800423|119093||50940.3203125|320||31712.5|320|50940.3203125|888128|VJC277|0|2739|0|||3|3|0|1|1|132|163|["132,162,5"]|636148157403200000|14:09:00:320
62|1.1|636147914385876171|888128|50945.296875|14.6371681937|108.16987296996|800442|117958||50945.296875|320||31718.75|320|50945.296875|888128|VJC277|0|2739|0|||3|3|0|1|1|132|162|["132,162,5"]|636148157452970000|14:09:05:297
62|1.1|636147914435791162|888128|50950.296875|14.62667004333|108.16972276648|800463|116792||50950.296875|320||31743.75|320|50950.296875|888128|VJC277|0|2739|0|||3|3|0|1|1|132|162|["132,162,5"]|636148157502970000|14:09:10:297
62|1.1|636147914485716154|888128|50955.296875|14.61687463067|108.16965302915|800490|115704||50955.296875|320||31731.25|320|50955.296875|888128|VJC277|0|2739|0|||3|3|0|1|1|132|162|["132,162,5"]|636148157552970000|14:09:15:297
62|1.1|636147914535631145|888128|50960.28125|14.60570056464|108.16937407983|800499|114463||50960.28125|320||31762.5|320|50960.28125|888128|VJC277|0|2739|0|||3|3|0|1|1|132|162|["132,162,5"]|636148157602810000|14:09:20:281
62|1.1|636147914585556137|888128|50965.28125|14.59490200731|108.16910585933|800508|113263||50965.28125|320||31762.5|320|50965.28125|888128|VJC277|0|2739|0|||3|3|0|1|1|132|162|["132,162,5"]|636148157652810000|14:09:25:281
62|1.1|636147914635471128|888128|50970.2578125|14.5857235018|108.16921851194|800552|112244||50970.2578125|320||31750|320|50970.2578125|888128|VJC277|0|2739|0|||3|3|0|1|1|132|162|["132,162,5"]|636148157702580000|14:09:30:258
62|1.1|636147914685396120|888128|50975.2578125|14.57516634292|108.16904685082|800571|111071||50975.2578125|320||31762.5|320|50975.2578125|888128|VJC277|0|2739|0|||3|3|0|1|1|132|162|["132,162,5"]|636148157752580000|14:09:35:258
62|1.1|636147914735321112|888128|50980.2578125|14.5651778115|108.16902002877|800603|109962||50980.2578125|320||31762.5|320|50980.2578125|888128|VJC277|0|2739|0|||3|3|0|1|1|132|162|["132,162,5"]|636148157802580000|14:09:40:258
62|1.1|636147914785236103|888128|50985.2421875|14.55571499226|108.16907903728|800643|108911||50985.2421875|320||31756.25|320|50985.2421875|888128|VJC277|0|2739|0|||3|3|0|1|1|132|162|["132,162,5"]|636148157852420000|14:09:45:242
62|1.1|636147914835161095|888128|50990.2421875|14.54792050453|108.16945454598|800711|108047||50990.2421875|320||31725|320|50990.2421875|888128|VJC277|0|2739|0|||3|3|0|1|1|132|162|["132,162,5"]|636148157902420000|14:09:50:242
62|1.1|636147914885086087|888128|50995.21875|14.53943400791|108.1696798512|800765|107106||50995.21875|320||31712.5|320|50995.21875|888128|VJC277|0|2739|0|||3|3|0|1|1|132|162|["132,162,5"]|636148157952190000|14:09:55:219
62|1.1|636147914935011079|888128|51000.21875|14.52911824748|108.16959402064|800792|105960||51000.21875|320||31725|320|51000.21875|888128|VJC277|0|2739|0|||3|3|0|1|1|132|162|["132,162,5"]|636148158002190000|14:10:00:219
62|1.1|636147914984936071|888128|51005.21875|14.51927455513|108.16959938505|800827|104867||51005.21875|320||31731.25|320|51005.21875|888128|VJC277|0|2739|0|||3|3|0|1|1|132|162|["132,162,5"]|636148158052190000|14:10:05:219
62|1.1|636147915034851062|888128|51010.1953125|14.50869593861|108.16949209685|800852|103692||51010.1953125|320||31750|320|51010.1953125|888128|VJC277|0|2739|0|||3|3|0|1|1|132|162|["132,162,5"]|636148158101950000|14:10:10:195
62|1.1|636147915084766053|888128|51015.1953125|14.49993585708|108.16969594443|800905|102720||51015.1953125|320||31737.5|320|51015.1953125|888128|VJC277|0|2739|0|||3|3|0|1|1|132|162|["132,162,5"]|636148158151950000|14:10:15:195
62|1.1|636147915134701046|888128|51020.1796875|14.48973811367|108.1696798512|800939|101588||51020.1796875|320||31743.75|320|51020.1796875|888128|VJC277|0|2739|0|||3|3|0|1|1|132|162|["132,162,5"]|636148158201800000|14:10:20:180
62|1.1|636147915184606036|888128|51025.1796875|14.47875180199|108.16949209685|800957|100367||51025.1796875|320||31762.5|320|51025.1796875|888128|VJC277|0|2739|0|||3|3|0|1|1|132|162|["132,162,5"]|636148158251800000|14:10:25:180
62|1.1|636147915234541029|888128|51030.1796875|14.468350211|108.16940090188|800984|99212||51030.1796875|319.75||31762.5|319.75|51030.1796875|888128|VJC277|0|2739|0|||3|3|0|1|1|132|162|["132,162,5"]|636148158301800000|14:10:30:180
62|1.1|636147915284456020|888128|51035.15625|14.45761066218|108.16924533399|801005|98019||51035.15625|319.75||31768.75|319.75|51035.15625|888128|VJC277|0|2739|0|||3|3|0|1|1|132|162|["132,162,5"]|636148158351560000|14:10:35:156
62|1.1|636147915334391013|888128|51040.15625|14.44850725841|108.16942235952|801056|97009||51040.15625|319.75||31756.25|319.75|51040.15625|888128|VJC277|0|2739|0|||3|3|0|1|1|132|162|["132,162,5"]|636148158401560000|14:10:40:156
62|1.1|636147915384296003|888128|51045.140625|14.43559512354|108.16869816417|801023|95573||51045.140625|319.75||31762.5|319.75|51045.140625|888128|VJC277|0|2739|0|||3|3|0|1|1|132|162|["132,162,5"]|636148158451410000|14:10:45:141
62|1.1|636147915434220995|888128|51050.140625|14.42486630354|108.16853186746|801042|94381||51050.140625|319.75||31762.5|319.75|51050.140625|888128|VJC277|0|2739|0|||3|3|0|1|1|132|162|["132,162,5"]|636148158501410000|14:10:50:141
62|1.1|636147915484145987|888128|51055.140625|14.41428232261|108.16827437578|801051|93205||51055.140625|319.75||31743.75|319.75|51055.140625|888128|VJC277|0|2739|0|||3|3|0|1|1|132|162|["132,162,5"]|636148158551410000|14:10:55:141
62|1.1|636147915534070979|888128|51060.1171875|14.40351595174|108.1680705282|801067|92009||51060.1171875|319.75||31750|319.75|51060.1171875|888128|VJC277|0|2739|0|||3|3|0|1|1|132|162|["132,162,5"]|636148158601170000|14:11:00:117
62|1.1|636147915583985970|888128|51065.1171875|14.37567466384|108.16275439789|800589|88900||51065.1171875|320||32018.75|319.75|51065.1171875|888128|VJC277|0|2739|0|||3|3|0|1|1|132|162|["132,162,5"]|636148158651170000|14:11:05:117
