62|1.1|636147897419039657|888125|49248.65625|19.520551549|105.77319942103|528989|652897||49248.65625|295.25||29462.5|296.25|49248.65625|888125|VJC167|0|2716|1675|||3|3|1|1|1|132|146|["132,146,5,1813"]|636148140486560000|13:40:48:656
62|1.1|636147897468964649|888125|49253.640625|19.50976372049|105.77937922135|529671|651715||49253.640625|296||29581.25|296.75|49253.640625|888125|VJC167|0|2716|1281.25|||3|3|1|1|1|132|146|["132,146,5,1813"]|636148140536410000|13:40:53:641
62|1.1|636147897518889641|888125|49258.640625|19.49872912912|105.78573068279|530371|650505||49258.640625|297||29687.5|297.25|49258.640625|888125|VJC167|0|2716|1025|||3|3|1|1|1|132|146|["132,146,5,1813"]|636148140586410000|13:40:58:641
62|1.1|636147897568794631|888125|49263.6171875|19.48910537758|105.79108436397|530962|649450||49263.6171875|298.25||29775|298.25|49263.6171875|888125|VJC167|0|2716|1043.75|||3|3|1|1|1|132|147|["132,146,5,1813"]|636148140636170000|13:41:03:617
62|1.1|636147897618729624|888125|49268.6171875|19.48404137454|105.79245228852|531120|648891||49268.6171875|299||29937.5|299.25|49268.6171875|888125|VJC167|0|2716|1043.75|||3|3|1|1|1|132|147|["132,146,5,1813"]|636148140686170000|13:41:08:617
62|1.1|636147897668644615|888125|49273.6171875|19.47598939513|105.79665798596|531586|648007||49273.6171875|299.75||30012.5|300.25|49273.6171875|888125|VJC167|0|2716|1006.25|||3|3|1|1|1|132|146|["132,146,5,1813"]|636148140736170000|13:41:13:617
62|1.1|636147897718579608|888125|49278.6015625|19.46689135577|105.80165761608|532139|647009||49278.6015625|300.5||30112.5|300.75|49278.6015625|888125|VJC167|0|2716|1006.25|||3|3|1|1|1|132|146|["132,146,5,1813"]|636148140786020000|13:41:18:602
62|1.1|636147897768484598|888125|49283.6015625|19.45648440037|105.80723660248|532756|645867||49283.6015625|301.5||30193.75|301.75|49283.6015625|888125|VJC167|0|2716|1043.75|||3|3|1|1|1|132|146|["132,146,5,1813"]|636148140836020000|13:41:23:602
62|1.1|636147897818409590|888125|49288.578125|19.44645295367|105.81272975832|533363|644767||49288.578125|302.25||30287.5|302.75|49288.578125|888125|VJC167|0|2716|1062.5|||3|3|1|1|1|132|146|["132,146,5,1813"]|636148140885780000|13:41:28:578
62|1.1|636147897868344583|888125|49293.578125|19.43657707486|105.81830874472|533979|643684||49293.578125|303.75||30375|303.75|49293.578125|888125|VJC167|0|2716|1100|||3|3|1|1|1|132|147|["132,146,5,1813"]|636148140935780000|13:41:33:578
62|1.1|636147897918249573|888125|49298.578125|19.42690504363|105.82364633267|534569|642624||49298.578125|304.25||30475|304.75|49298.578125|888125|VJC167|0|2716|1125|||3|3|1|1|1|132|146|["132,146,5,1813"]|636148140985780000|13:41:38:578
62|1.1|636147897968184566|888125|49303.5625|19.41724910563|105.82910193764|535171|641565||49303.5625|305.5||30587.5|306.25|49303.5625|888125|VJC167|0|2716|1237.5|||3|3|1|1|1|132|146|["132,146,5,1813"]|636148141035630000|13:41:43:563
62|1.1|636147898018099557|888125|49308.5625|19.40877333783|105.83375824552|535686|640635||49308.5625|306.5||30687.5|307.25|49308.5625|888125|VJC167|0|2716|1237.5|||3|3|1|1|1|132|146|["132,146,5,1813"]|636148141085630000|13:41:48:563
62|1.1|636147898068014548|888125|49313.5390625|19.39945535766|105.8389509944|536260|639614||49313.5390625|307.5||30787.5|308.25|49313.5390625|888125|VJC167|0|2716|1237.5|||3|3|1|1|1|132|146|["132,146,5,1813"]|636148141135390000|13:41:53:539
62|1.1|636147898117939540|888125|49318.5390625|19.39005691134|105.84309231892|536723|638580||49318.5390625|308.25||30887.5|308.75|49318.5390625|888125|VJC167|0|2716|1162.5|||3|3|1|1|1|132|146|["132,146,5,1813"]|636148141185390000|13:41:58:539
62|1.1|636147898167874533|888125|49323.5390625|19.38062627856|105.84793101674|537260|637545||49323.5390625|309.25||30987.5|309.75|49323.5390625|888125|VJC167|0|2716|1143.75|||3|3|1|1|1|132|146|["132,146,5,1813"]|636148141235390000|13:42:03:539
62|1.1|636147898217799525|888125|49328.515625|19.37101862025|105.85253904493|537773|636489||49328.515625|310.25||31093.75|310.75|49328.515625|888125|VJC167|0|2716|1143.75|||3|3|1|1|1|132|146|["132,146,5,1813"]|636148141285160000|13:42:08:516
62|1.1|636147898267714516|888125|49333.515625|19.3608530633|105.8566535474|538236|635371||49333.515625|311.5||31187.5|311.75|49333.515625|888125|VJC167|0|2716|1200|||3|3|1|1|1|132|146|["132,146,5,1813"]|636148141335160000|13:42:13:516
62|1.1|636147898317639508|888125|49338.5|19.3469055973|105.85598836056|538205|633819||49338.5|312.5||31175|313.25|49338.5|888125|VJC167|0|2716|1262.5|||3|3|1|1|1|132|146|["132,146,5,1813"]|636148141385000000|13:42:18:500
62|1.1|636147898367544498|888125|49343.5|19.33675613358|105.85886904873|538537|632699||49343.5|312.5||31250|314.25|49343.5|888125|VJC167|0|2716|1262.5|||3|3|1|1|1|132|146|["132,146,5,1813"]|636148141435000000|13:42:23:500
62|1.1|636147898417469490|888125|49348.5|19.32392982927|105.85884759109|538571|631273||49348.5|314.5||31281.25|315.25|49348.5|888125|VJC167|0|2716|1237.5|||3|3|1|1|1|132|146|["132,146,5,1813"]|636148141485000000|13:42:28:500
62|1.1|636147898467394482|888125|49353.4765625|19.31106060968|105.8619643133|538936|629851||49353.4765625|315||31393.75|315.5|49353.4765625|888125|VJC167|0|2716|1100|||3|3|1|1|1|132|146|["132,146,5,1813"]|636148141534770000|13:42:33:477
62|1.1|636147898517319474|888125|49358.4765625|19.29576131236|105.86757012175|539571|628166||49358.4765625|316||31531.25|316.25|49358.4765625|888125|VJC167|0|2716|1043.75|||3|3|1|1|1|132|146|["132,146,5,1813"]|636148141584770000|13:42:38:477
62|1.1|636147898567234465|888125|49363.4609375|19.28608391672|105.86811192716|539655|627092||49363.4609375|317||31568.75|317.25|49363.4609375|888125|VJC167|0|2716|1062.5|||3|3|1|1|1|132|146|["132,146,5,1813"]|636148141634610000|13:42:43:461
62|1.1|636147898617149456|888125|49368.4609375|19.27596663946|105.86951203817|539831|625972||49368.4609375|318.25||31637.5|318.5|49368.4609375|888125|VJC167|0|2716|1143.75|||3|3|1|1|1|132|146|["132,146,5,1813"]|636148141684610000|13:42:48:461
62|1.1|636147898667084449|888125|49373.4609375|19.26528609915|105.87170071745|540093|624790||49373.4609375|319||31718.75|319.5|49373.4609375|888125|VJC167|0|2716|1162.5|||3|3|1|1|1|132|146|["132,146,5,1813"]|636148141734610000|13:42:53:461
62|1.1|636147898716999440|888125|49378.4375|19.25329127839|105.87513930426|540489|623467||49378.4375|319.5||31818.75|320.25|49378.4375|888125|VJC167|0|2716|1043.75|||3|3|1|1|1|132|146|["132,146,5,1813"]|636148141784380000|13:42:58:438
62|1.1|636147898766944434|888125|49383.4375|19.24321691641|105.87695247484|540709|622352||49383.4375|320||31868.75|320.5|49383.4375|888125|VJC167|0|2716|868.75|||3|3|1|1|1|132|146|["132,146,5,1813"]|636148141834380000|13:43:03:438
62|1.1|636147898816849424|888125|49388.421875|19.23881810021|105.87451166829|540464|621857||49388.421875|320||32012.5|320.5|49388.421875|888125|VJC167|0|2716|568.75|||3|3|1|1|1|132|146|["132,146,5,1813"]|636148141884220000|13:43:08:422
62|1.1|636147898866764415|888125|49393.421875|19.23013848483|105.87607807601|540654|620896||49393.421875|320||32031.25|320.25|49393.421875|888125|VJC167|0|2716|0|||3|3|0|1|1|132|146|["132,146,5,1813"]|636148141934220000|13:43:13:422
62|1.1|636147898916689407|888125|49398.421875|19.22038598745|105.87790197541|540874|619817||49398.421875|320||32025|320.25|49398.421875|888125|VJC167|0|2716|0|||3|3|0|1|1|132|146|["132,146,5,1813"]|636148141984220000|13:43:18:422
62|1.1|636147898966604398|888125|49403.3984375|19.21079978678|105.87959176456|541079|618757||49403.3984375|320||32050|320|49403.3984375|888125|VJC167|0|2716|0|||3|3|0|1|1|132|146|["132,146,5,1813"]|636148142033980000|13:43:23:398
62|1.1|636147899016539391|888125|49408.3984375|19.20089172151|105.88134056222|541292|617660||49408.3984375|320||32068.75|320|49408.3984375|888125|VJC167|0|2716|0|||3|3|0|1|1|132|146|["132,146,5,1813"]|636148142083980000|13:43:28:398
62|1.1|636147899066474384|888125|49413.375|19.18862868025|105.88413541983|541621|616306||49413.375|320||32000|320|49413.375|888125|VJC167|0|2716|0|||3|3|0|1|1|132|146|["132,146,5,1813"]|636148142133750000|13:43:33:375
62|1.1|636147899116369373|888125|49418.375|19.17805006373|105.88611488712|541860|615135||49418.375|320||31993.75|320|49418.375|888125|VJC167|0|2716|0|||3|3|0|1|1|132|146|["132,146,5,1813"]|636148142183750000|13:43:38:375
62|1.1|636147899166294365|888125|49423.375|19.16460148786|105.88904921939|542208|613649||49423.375|320||31993.75|320|49423.375|888125|VJC167|0|2716|0|||3|3|0|1|1|132|147|["132,146,5,1813"]|636148142233750000|13:43:43:375
62|1.1|636147899216209356|888125|49428.359375|19.1533040404|105.89144711066|542493|612400||49428.359375|320||31993.75|320|49428.359375|888125|VJC167|0|2716|0|||3|3|0|1|1|132|146|["132,146,5,1813"]|636148142283590000|13:43:48:359
62|1.1|636147899266144349|888125|49433.359375|19.14201195735|105.89363578994|542756|611151||49433.359375|320||31993.75|320|49433.359375|888125|VJC167|0|2716|0|||3|3|0|1|1|132|146|["132,146,5,1813"]|636148142333590000|13:43:53:359
62|1.1|636147899316059340|888125|49438.3359375|19.13072523871|105.89585129127|543022|609903||49438.3359375|320||31987.5|320|49438.3359375|888125|VJC167|0|2716|0|||3|3|0|1|1|132|146|["132,146,5,1813"]|636148142383360000|13:43:58:336
62|1.1|636147899365984332|888125|49443.3359375|19.11948679976|105.89816871639|543298|608660||49443.3359375|320||31975|320|49443.3359375|888125|VJC167|0|2716|0|||3|3|0|1|1|132|146|["132,146,5,1813"]|636148142433360000|13:44:03:336
62|1.1|636147899415899323|888125|49448.3359375|19.10865069156|105.9005344212|543579|607462||49448.3359375|320||31943.75|320|49448.3359375|888125|VJC167|0|2716|0|||3|3|0|1|1|132|146|["132,146,5,1813","132,178,4"]|636148142483360000|13:44:08:336
62|1.1|636147899465834316|888125|49453.3203125|19.09781994777|105.90323808384|543895|606267||49453.3203125|320||31862.5|320|49453.3203125|888125|VJC167|0|2716|0|||3|3|0|1|1|132|146|["132,146,5,1813","132,178,4"]|636148142533200000|13:44:13:320
62|1.1|636147899515749307|888125|49458.3203125|19.08676926317|105.90560915306|544176|605045||49458.3203125|320||31837.5|320|49458.3203125|888125|VJC167|0|2716|0|||3|3|0|1|1|132|146|["132,146,5,1813","132,178,4"]|636148142583200000|13:44:18:320
62|1.1|636147899565664298|888125|49463.296875|19.07722061337|105.90761007799|544415|603990||49463.296875|320||31831.25|320|49463.296875|888125|VJC167|0|2716|0|||3|3|0|1|1|132|178|["132,146,5,1813","132,178,4"]|636148142632970000|13:44:23:297
62|1.1|636147899615589290|888125|49468.296875|19.0668833953|105.90974511317|544670|602846||49468.296875|320||31812.5|320|49468.296875|888125|VJC167|0|2716|0|||3|3|0|1|1|132|146|["132,146,5,1813","132,178,4"]|636148142682970000|13:44:28:297
62|1.1|636147899665504281|888125|49473.296875|19.05615993971|105.91207326711|544946|601661||49473.296875|320||31787.5|320|49473.296875|888125|VJC167|0|2716|0|||3|3|0|1|1|132|146|["132,146,5,1813","132,178,4"]|636148142732970000|13:44:33:297
62|1.1|636147899715429273|888125|49478.28125|19.04586027251|105.91403127676|545182|600522||49478.28125|320||32000|320|49478.28125|888125|VJC167|0|2716|0|||3|3|0|1|1|132|146|["132,146,5,1813","132,178,4"]|636148142782810000|13:44:38:281
62|1.1|636147899765344264|888125|49483.28125|19.03503489313|105.91617167635|545439|599325||49483.28125|320||32012.5|320|49483.28125|888125|VJC167|0|2716|0|||3|3|0|1|1|132|147|["132,146,5,1813","132,178,4"]|636148142832810000|13:44:43:281
62|1.1|636147899815269256|888125|49488.2578125|19.02334047933|105.91852128793|545720|598032||49488.2578125|320||32012.5|320|49488.2578125|888125|VJC167|0|2716|0|||3|3|0|1|1|132|146|["132,146,5,1813","132,178,4"]|636148142882580000|13:44:48:258
62|1.1|636147899865194248|888125|49493.2578125|19.01179626901|105.92088699274|546002|596756||49493.2578125|320||32012.5|320|49493.2578125|888125|VJC167|0|2716|0|||3|3|0|1|1|132|146|["132,178,5,1861","132,146,5,1813"]|636148142932580000|13:44:53:258
62|1.1|636147899915109239|888125|49498.2578125|19.00196330548|105.92312931612|546267|595669||49498.2578125|320||32006.25|320|49498.2578125|888125|VJC167|0|2716|0|||3|3|0|1|1|132|146|["132,178,5,1861","132,146,5,1813","132,162,5"]|636148142982580000|13:44:58:258
62|1.1|636147899965034231|888125|49503.2421875|18.99123984989|105.92540919037|546538|594484||49503.2421875|320||32000|320|49503.2421875|888125|VJC167|0|2716|0|||3|3|0|1|1|132|146|["132,178,5,1861","132,146,5,1813","132,162,5"]|636148143032420000|13:45:03:242
62|1.1|636147900014959223|888125|49508.2421875|18.97979756336|105.92779635282|546823|593219||49508.2421875|320||32000|320|49508.2421875|888125|VJC167|0|2716|0|||3|3|0|1|1|132|146|["132,178,5,1861","132,146,5,1813","132,162,5"]|636148143082420000|13:45:08:242
62|1.1|636147900064884215|888125|49513.21875|18.96896681957|105.93018351527|547106|592022||49513.21875|320||31993.75|320|49513.21875|888125|VJC167|0|2716|0|||3|3|0|1|1|132|146|["132,178,5,1861","132,146,5,1813","132,162,5"]|636148143132190000|13:45:13:219
62|1.1|636147900114799206|888125|49518.21875|18.95850622007|105.93257067772|547388|590867||49518.21875|320||31981.25|320|49518.21875|888125|VJC167|0|2716|0|||3|3|0|1|1|132|146|["132,178,5,1861","132,146,5,1813","132,162,5"]|636148143182190000|13:45:18:219
62|1.1|636147900164724198|888125|49523.21875|18.94775057802|105.93498466222|547674|589678||49523.21875|320||31962.5|320|49523.21875|888125|VJC167|0|2716|0|||3|3|0|1|1|132|146|["132,178,5,1861","132,146,5,1813","132,162,5"]|636148143232190000|13:45:23:219
62|1.1|636147900214649190|888125|49528.1953125|18.93762793635|105.93730745175|547948|588560||49528.1953125|320||31906.25|320|49528.1953125|888125|VJC167|0|2716|0|||3|3|0|1|1|132|146|["132,178,5,1861","132,146,5,1813","132,162,5"]|636148143281950000|13:45:28:195
62|1.1|636147900264564181|888125|49533.1953125|18.92667917554|105.93975362271|548237|587350||49533.1953125|320.25||31881.25|320|49533.1953125|888125|VJC167|0|2716|0|||3|3|0|1|1|132|147|["132,146,5,1813","132,162,5"]|636148143331950000|13:45:33:195
62|1.1|636147900314489173|888125|49538.1796875|18.91613810989|105.94148632714|548450|586184||49538.1796875|320.25||31793.75|320.25|49538.1796875|888125|VJC167|0|2716|0|||3|3|0|1|1|132|146|["132,178,4,1861","132,146,5,1813","132,162,5"]|636148143381800000|13:45:38:180
62|1.1|636147900364414165|888125|49543.1796875|18.90469045895|105.94369109965|548716|584918||49543.1796875|320.25||32025|320|49543.1796875|888125|VJC167|0|2716|0|||3|3|0|1|1|132|146|["132,178,4,1861","132,146,5,1813","132,162,5"]|636148143431800000|13:45:43:180
62|1.1|636147900414339157|888125|49548.1796875|18.89460536815|105.94546671936|548932|583802||49548.1796875|320.25||32012.5|320|49548.1796875|888125|VJC167|0|2716|0|||3|3|0|1|1|132|163|["132,178,5,1870","132,146,5,1813","132,162,5"]|636148143481800000|13:45:48:180
62|1.1|636147900464254148|888125|49553.15625|18.88396237871|105.94760175454|549188|582626||49553.15625|320.25||32018.75|320|49553.15625|888125|VJC167|0|2716|0|||3|3|0|1|1|132|146|["132,178,5,1870","132,146,5,1813","132,162,5"]|636148143531560000|13:45:53:156
62|1.1|636147900514179140|888125|49558.15625|18.87305653318|105.94958122183|549428|581419||49558.15625|320.25||31993.75|320|49558.15625|888125|VJC167|0|2716|0|||3|3|0|1|1|132|146|["132,178,5,1870","132,146,5,1813","132,162,5"]|636148143581560000|13:45:58:156
62|1.1|636147900564104132|888125|49563.140625|18.86243500138|105.95168943496|549681|580245||49563.140625|320.25||31975|320|49563.140625|888125|VJC167|0|2716|0|||3|3|0|1|1|132|146|["132,178,5,1870","132,146,5,1813","132,162,5"]|636148143631410000|13:46:03:141
62|1.1|636147900614019123|888125|49568.140625|18.85111073187|105.95415706356|549974|578994||49568.140625|320.25||32031.25|320|49568.140625|888125|VJC167|0|2716|0|||3|3|0|1|1|132|146|["132,178,5,1870","132,146,5,1813","132,162,5"]|636148143681410000|13:46:08:141
62|1.1|636147900663944115|888125|49573.140625|18.84018879311|105.95651740396|550255|577787||49573.140625|320.5||32025|320.5|49573.140625|888125|VJC167|0|2716|0|||3|3|0|1|1|132|146|["132,178,5,1870","132,146,5,1813","132,162,5"]|636148143731410000|13:46:13:141
62|1.1|636147900713859106|888125|49578.1171875|18.82930976963|105.95870071883|550516|576584||49578.1171875|320.5||31993.75|320.5|49578.1171875|888125|VJC167|0|2716|0|||3|3|0|1|1|132|146|["132,178,5,1870","132,146,5,1813","132,162,5"]|636148143781170000|13:46:18:117
62|1.1|636147900763784098|888125|49583.1171875|18.81885989895|105.96098059308|550787|575429||49583.1171875|320.5||31950|320.5|49583.1171875|888125|VJC167|0|2716|0|||3|3|0|1|1|132|146|["132,178,5,1870","132,146,5,1813","132,162,5"]|636148143831170000|13:46:23:117
62|1.1|636147900813549074|888125|49588.1015625|18.80781457876|105.96338384876|551073|574209||49588.1015625|320.5||32018.75|320.5|49588.1015625|888125|VJC167|0|2716|0|||3|3|0|1|1|132|146|["132,178,5,1870","132,146,5,1813","132,162,5"]|636148143881020000|13:46:28:102
62|1.1|636147900863474066|888125|49593.1015625|18.79808890343|105.96585147736|551361|573135||49593.1015625|320.5||32031.25|320.5|49593.1015625|888125|VJC167|0|2716|0|||3|3|0|1|1|132|163|["132,178,5,1870","132,146,5,1813","132,162,5"]|636148143931020000|13:46:33:102
62|1.1|636147900913399058|888125|49598.1015625|18.78764976157|105.9681259872|551631|571982||49598.1015625|320.5||32025|320.5|49598.1015625|888125|VJC167|0|2716|0|||3|3|0|1|1|132|146|["132,178,5,1870","132,146,5,1813","132,162,5"]|636148143981020000|13:46:38:102
62|1.1|636147900963474065|888125|49603.078125|18.77741446729|105.97055606493|551918|570851||49603.078125|320.5||32012.5|320.5|49603.078125|888125|VJC167|0|2716|0|||3|3|0|1|1|132|146|["132,178,5,1870","132,146,5,1813","132,162,5"]|636148144030780000|13:46:43:078
62|1.1|636147901013399057|888125|49608.078125|18.7680321142|105.9753142966|552448|569822||49608.078125|320.5||32037.5|320.5|49608.078125|888125|VJC167|0|2716|0|||3|3|0|1|1|132|147|["132,178,5,1870","132,146,5,1813","132,162,5"]|636148144080780000|13:46:48:078
62|1.1|636147901063164033|888125|49613.0625|18.75815623539|105.97910157006|552876|568735||49613.0625|320.5||32056.25|320.5|49613.0625|888125|VJC167|0|2716|0|||3|3|0|1|1|132|146|["132,178,5,1870","132,146,5,1813","132,162,5"]|636148144130630000|13:46:53:063
62|1.1|636147901113079024|888125|49618.0625|18.74805505136|105.98404755608|553428|567626||49618.0625|320.5||32062.5|320.5|49618.0625|888125|VJC167|0|2716|0|||3|3|0|1|1|132|146|["132,178,5,1870","132,146,5,1813","132,162,5"]|636148144180630000|13:46:58:063
62|1.1|636147901163004016|888125|49623.0625|18.73816844373|105.98863412663|553942|566540||49623.0625|320.5||32068.75|320.5|49623.0625|888125|VJC167|0|2716|0|||3|3|0|1|1|132|146|["132,178,5,1870","132,146,5,1813","132,162,5"]|636148144230630000|13:47:03:063
62|1.1|636147901212929008|888125|49628.0390625|18.72830329374|105.99383760433|554521|565459||49628.0390625|320.5||32056.25|320.5|49628.0390625|888125|VJC167|0|2716|0|||3|3|0|1|1|132|146|["132,178,5,1870","132,146,5,1813","132,162,5"]|636148144280390000|13:47:08:039
62|1.1|636147901262854000|888125|49633.0390625|18.71868490661|105.99954533657|555152|564406||49633.0390625|320.5||32050|320.5|49633.0390625|888125|VJC167|0|2716|0|||3|3|0|1|1|132|146|["132,178,5,1870","132,146,5,1813","132,162,5"]|636148144330390000|13:47:13:039
62|1.1|636147901312768991|888125|49638.015625|18.70926500265|106.00525306881|555783|563375||49638.015625|320.5||32043.75|320.5|49638.015625|888125|VJC167|0|2716|0|||3|3|0|1|1|132|146|["132,178,5,1870","132,146,5,1813","132,162,5"]|636148144380160000|13:47:18:016
62|1.1|636147901362693983|888125|49643.015625|18.69971635285|106.01096080105|556415|562330||49643.015625|320.5||32031.25|320.5|49643.015625|888125|VJC167|0|2716|0|||3|3|0|1|1|132|146|["132,178,5,1870","132,146,5,1813","132,162,5"]|636148144430160000|13:47:23:016
62|1.1|636147901412608974|888125|49648.015625|18.68960444|106.01706013522|557089|561223||49648.015625|320.5||32031.25|320.5|49648.015625|888125|VJC167|0|2716|0|||3|3|0|1|1|132|146|["132,178,5,1870","132,146,5,1813","132,162,5"]|636148144480160000|13:47:28:016
62|1.1|636147901462533966|888125|49653|18.68043666331|106.022735681|557716|560220||49653|320.25||32012.5|320|49653|888125|VJC167|0|2716|0|||3|3|0|1|1|132|146|["132,178,5,1870","132,146,5,1813","132,162,5"]|636148144530000000|13:47:33:000
62|1.1|636147901512458958|888125|49658|18.67115623401|106.02851851498|558354|559205||49658|320.25||32000|320|49658|888125|VJC167|0|2716|0|||3|3|0|1|1|132|146|["132,178,5,1870","132,146,5,1813","132,162,5"]|636148144580000000|13:47:38:000
62|1.1|636147901562373949|888125|49662.9765625|18.66200455055|106.03427989132|558991|558204||49662.9765625|320.25||31993.75|320|49662.9765625|888125|VJC167|0|2716|0|||3|3|0|1|1|132|146|["132,178,5,1870","132,146,5,1813","132,162,5"]|636148144629770000|13:47:42:977
62|1.1|636147901612308942|888125|49667.9765625|18.65289041796|106.0401700135|559640|557208||49667.9765625|320.25||32012.5|320|49667.9765625|888125|VJC167|0|2716|0|||3|3|0|1|1|132|146|["132,178,5,1870","132,146,5,1813","132,162,5"]|636148144679770000|13:47:47:977
62|1.1|636147901662223933|888125|49672.9765625|18.64341150549|106.045802644|560264|556170||49672.9765625|320.25||32006.25|320|49672.9765625|888125|VJC167|0|2716|0|||3|3|0|1|1|132|146|["132,178,5,1870","132,146,5,1813","132,162,5"]|636148144729770000|13:47:52:977
62|1.1|636147901712138924|888125|49677.9609375|18.63411498296|106.05156938475|560901|555153||49677.9609375|320||31993.75|320|49677.9609375|888125|VJC167|0|2716|0|||3|3|0|1|1|132|146|["132,178,5,1870","132,146,5,1813","132,162,5"]|636148144779610000|13:47:57:961
62|1.1|636147901762063916|888125|49682.9609375|18.62447513819|106.05705717618|561510|554098||49682.9609375|320||31975|320|49682.9609375|888125|VJC167|0|2716|0|||3|3|0|1|1|132|178|["132,178,5,1870","132,146,5,1813","132,162,5"]|636148144829610000|13:48:02:961
62|1.1|636147901811978907|888125|49687.9375|18.61481920019|106.06329598501|562198|553042||49687.9375|320||31987.5|320|49687.9375|888125|VJC167|0|2716|0|||3|3|0|1|1|132|163|["132,178,5,1870","132,146,5,1813","132,162,5"]|636148144879380000|13:48:07:938
62|1.1|636147901861913900|888125|49692.9375|18.60520081306|106.06900371725|562830|551989||49692.9375|320||31987.5|320|49692.9375|888125|VJC167|0|2716|0|||3|3|0|1|1|132|146|["132,178,5,1870","132,146,5,1813","132,162,5"]|636148144929380000|13:48:12:938
62|1.1|636147901911998908|888125|49697.9375|18.59520155282|106.07515133111|563510|550896||49697.9375|320||31993.75|320|49697.9375|888125|VJC167|0|2716|0|||3|3|0|1|1|132|146|["132,178,5,1870","132,146,5,1813","132,162,5"]|636148144979380000|13:48:17:938
62|1.1|636147901961753883|888125|49702.921875|18.58631272545|106.08075177515|564129|549923||49702.921875|319.75||31975|320|49702.921875|888125|VJC167|0|2716|0|||3|3|0|1|1|132|163|["132,178,5,1870","132,146,5,1813","132,162,5"]|636148145029220000|13:48:22:922
62|1.1|636147902011668874|888125|49707.921875|18.57664069422|106.0863039395|564745|548864||49707.921875|319.75||31950|319.75|49707.921875|888125|VJC167|0|2716|0|||3|3|0|1|1|132|178|["132,178,5,1870","132,146,5,1813","132,162,5"]|636148145079220000|13:48:27:922
62|1.1|636147902061593866|888125|49712.8984375|18.56789134151|106.09192584118|565365|547908||49712.8984375|319.75||31956.25|319.75|49712.8984375|888125|VJC167|0|2716|0|||3|3|0|1|1|132|178|["132,178,5,1870","132,146,5,1813","132,162,5"]|636148145128980000|13:48:32:898
62|1.1|636147902111518858|888125|49717.8984375|18.55901860737|106.09760138696|565992|546938||49717.8984375|319.5||31950|319.75|49717.8984375|888125|VJC167|0|2716|0|||3|3|0|1|1|132|147|["132,178,5,1870","132,146,5,1813","132,162,5"]|636148145178980000|13:48:37:898
62|1.1|636147902161433849|888125|49722.8984375|18.54983473745|106.10327693274|566620|545934||49722.8984375|319.5||31943.75|319.5|49722.8984375|888125|VJC167|0|2716|0|||3|3|0|1|1|132|178|["132,178,5,1870","132,146,5,1813","132,162,5"]|636148145228980000|13:48:42:898
62|1.1|636147902211358841|888125|49727.875|18.54037191821|106.10882373268|567235|544897||49727.875|319.5||31931.25|319.5|49727.875|888125|VJC167|0|2716|0|||3|3|0|1|1|132|163|["132,178,5,1870","132,146,5,1813","132,162,5"]|636148145278750000|13:48:47:875
62|1.1|636147902261303835|888125|49732.875|18.53102175158|106.11455828697|567869|543875||49732.875|319.5||31937.5|319.5|49732.875|888125|VJC167|0|2716|0|||3|3|0|1|1|132|178|["132,178,5,1870","132,146,5,1813","132,162,5"]|636148145328750000|13:48:52:875
62|1.1|636147902311208825|888125|49737.859375|18.52147310178|106.11999779871|568473|542829||49737.859375|319.5||31912.5|319.5|49737.859375|888125|VJC167|0|2716|0|||3|3|0|1|1|132|178|["132,178,5,1870","132,146,5,1813","132,162,5"]|636148145378590000|13:48:57:859
62|1.1|636147902361123816|888125|49742.859375|18.51207465546|106.12592010735|569128|541802||49742.859375|319.5||31925|319.5|49742.859375|888125|VJC167|0|2716|0|||3|3|0|1|1|132|178|["132,178,5,1870","132,146,5,1813","132,162,5"]|636148145428590000|13:49:02:859
62|1.1|636147902411038807|888125|49747.859375|18.50266011591|106.13181559394|569780|540773||49747.859375|319.5||31937.5|319.5|49747.859375|888125|VJC167|0|2716|0|||3|3|0|1|1|132|178|["132,178,5,1870","132,146,5,1813","132,162,5"]|636148145478590000|13:49:07:859
62|1.1|636147902460963799|888125|49752.8359375|18.49331531369|106.137534055|570413|539751||49752.8359375|319.5||31931.25|319.5|49752.8359375|888125|VJC167|0|2716|0|||3|3|0|1|1|132|178|["132,178,5,1870","132,146,5,1813","132,162,5"]|636148145528360000|13:49:12:836
62|1.1|636147902510888791|888125|49757.8359375|18.48240410375|106.14409472843|571140|538556||49757.8359375|319.5||31937.5|319.5|49757.8359375|888125|VJC167|0|2716|0|||3|3|0|1|1|132|163|["132,178,5,1870","132,146,5,1813","132,162,5"]|636148145578360000|13:49:17:836
62|1.1|636147902560813783|888125|49762.8203125|18.47258186904|106.15011896086|571807|537482||49762.8203125|319.5||31943.75|319.5|49762.8203125|888125|VJC167|0|2716|0|||3|3|0|1|1|132|178|["132,178,5,1870","132,146,5,1813","132,162,5"]|636148145628200000|13:49:22:820
62|1.1|636147902610738775|888125|49767.8203125|18.46356429583|106.15575159136|572430|536496||49767.8203125|319.5||31943.75|319.5|49767.8203125|888125|VJC167|0|2716|0|||3|3|0|1|1|132|178|["132,178,5,1870","132,146,5,1813","132,162,5"]|636148145678200000|13:49:27:820
62|1.1|636147902660653766|888125|49772.8203125|18.45382789168|106.1612447472|573041|535430||49772.8203125|319.5||31918.75|319.5|49772.8203125|888125|VJC167|0|2716|0|||3|3|0|1|1|132|178|["132,178,5,1870","132,146,5,1813","132,162,5"]|636148145728200000|13:49:32:820
62|1.1|636147902710578758|888125|49777.796875|18.44531457301|106.16674326745|573648|534500||49777.796875|319.75||31931.25|319.5|49777.796875|888125|VJC167|0|2716|0|||3|3|0|1|1|132|178|["132,178,5,1870","132,146,5,1813","132,162,5"]|636148145777970000|13:49:37:797
62|1.1|636147902760493749|888125|49782.796875|18.43568545706|106.17220960124|574256|533445||49782.796875|319.75||31912.5|319.5|49782.796875|888125|VJC167|0|2716|0|||3|3|0|1|1|132|178|["132,178,5,1870","132,146,5,1813","132,162,5"]|636148145827970000|13:49:42:797
62|1.1|636147902810418741|888125|49787.78125|18.42639966335|106.17781540969|574877|532430||49787.78125|319.75||31893.75|319.5|49787.78125|888125|VJC167|0|2716|0|||3|3|0|1|1|132|178|["132,178,5,1870","132,146,5,1813","132,162,5"]|636148145877810000|13:49:47:781
62|1.1|636147902860333732|888125|49792.78125|18.41686710678|106.18328174348|575484|531386||49792.78125|319.75||31856.25|319.75|49792.78125|888125|VJC167|0|2716|0|||3|3|0|1|1|132|178|["132,178,5,1870","132,146,5,1813","132,162,5"]|636148145927810000|13:49:52:781
62|1.1|636147902910258724|888125|49797.78125|18.40768860127|106.18912358597|576130|530383||49797.78125|319.5||31806.25|319.75|49797.78125|888125|VJC167|0|2716|0|||3|3|0|1|1|132|178|["132,178,5,1870","132,146,5,1813","132,162,5"]|636148145977810000|13:49:57:781
62|1.1|636147902960183716|888125|49802.7578125|18.39807557855|106.19463819945|576743|529331||49802.7578125|319.75||31768.75|319.75|49802.7578125|888125|VJC167|0|2716|0|||3|3|0|1|1|132|178|["132,178,5,1870","132,146,5,1813","132,162,5"]|636148146027580000|13:50:02:758
62|1.1|636147903010108708|888125|49807.7578125|18.38875223397|106.20047467753|577389|528312||49807.7578125|319.75||31731.25|319.75|49807.7578125|888125|VJC167|0|2716|0|||3|3|0|1|1|132|178|["132,178,5,1870","132,146,5,1813","132,162,5"]|636148146077580000|13:50:07:758
62|1.1|636147903060023699|888125|49812.7421875|18.37899437218|106.2062521471|578030|527244||49812.7421875|319.75||31687.5|319.75|49812.7421875|888125|VJC167|0|2716|0|||3|3|0|1|1|132|178|["132,178,5,1870","132,146,5,1813","132,162,5"]|636148146127420000|13:50:12:742
62|1.1|636147903109948691|888125|49817.7421875|18.36987487518|106.21251241357|578721|526249||49817.7421875|320||31968.75|320|49817.7421875|888125|VJC167|0|2716|0|||3|3|0|1|1|132|178|["132,178,5,1870","132,146,5,1813","132,162,5"]|636148146177420000|13:50:17:742
62|1.1|636147903159883684|888125|49822.7421875|18.36027794569|106.21812358643|579344|525199||49822.7421875|320||31962.5|320|49822.7421875|888125|VJC167|0|2716|0|||3|3|0|1|1|132|178|["132,178,5,1870","132,146,5,1813","132,162,5"]|636148146227420000|13:50:22:742
62|1.1|636147903209788674|888125|49827.71875|18.35093314347|106.22388496277|579982|524177||49827.71875|320||31943.75|320|49827.71875|888125|VJC167|0|2716|0|||3|3|0|1|1|132|178|["132,178,5,1870","132,146,5,1813","132,162,5"]|636148146277190000|13:50:27:719
62|1.1|636147903259723667|888125|49832.71875|18.3414005869|106.22988237315|580646|523135||49832.71875|320||31918.75|320|49832.71875|888125|VJC167|0|2716|0|||3|3|0|1|1|132|178|["132,178,5,1870","132,146,5,1813","132,162,5"]|636148146327190000|13:50:32:719
62|1.1|636147903309648659|888125|49837.6953125|18.33165345393|106.23553646129|581275|522068||49837.6953125|320.25||31862.5|320|49837.6953125|888125|VJC167|0|2716|0|||3|3|0|1|1|132|178|["132,178,5,1870","132,146,5,1813","132,162,5"]|636148146376950000|13:50:37:695
62|1.1|636147903359553649|888125|49842.6953125|18.32252859252|106.24137830378|581921|521071||49842.6953125|320.25||32000|320|49842.6953125|888125|VJC167|0|2716|0|||3|3|0|1|1|132|178|["132,178,5,1870","132,146,5,1813","132,162,5"]|636148146426950000|13:50:42:695
62|1.1|636147903409478641|888125|49847.6953125|18.31241131526|106.24755273969|582606|519965||49847.6953125|320||32006.25|320|49847.6953125|888125|VJC167|0|2716|0|||3|3|0|1|1|132|163|["132,178,5,1870","132,146,5,1813","132,162,5"]|636148146476950000|13:50:47:695
62|1.1|636147903459403633|888125|49852.6796875|18.3031523436|106.25325510752|583238|518952||49852.6796875|320||32000|320|49852.6796875|888125|VJC167|0|2716|0|||3|3|0|1|1|132|163|["132,178,5,1870","132,146,5,1813","132,162,5"]|636148146526800000|13:50:52:680
62|1.1|636147903509318624|888125|49857.6796875|18.29342130386|106.25875362777|583850|517887||49857.6796875|320||31987.5|320|49857.6796875|888125|VJC167|0|2716|0|||3|3|0|1|1|132|178|["132,178,5,1870","132,146,5,1813","132,162,5"]|636148146576800000|13:50:57:680
62|1.1|636147903559243616|888125|49862.65625|18.28380291673|106.26443990237|584481|516835||49862.65625|320||31975|320|49862.65625|888125|VJC167|0|2716|0|||3|3|0|1|1|132|178|["132,178,5,1870","132,146,5,1813","132,162,5"]|636148146626560000|13:51:02:656
62|1.1|636147903609168608|888125|49867.65625|18.27420062283|106.27010471933|585111|515784||49867.65625|320||31962.5|320|49867.65625|888125|VJC167|0|2716|0|||3|3|0|1|1|132|178|["132,178,5,1870","132,146,5,1813","132,162,5"]|636148146676560000|13:51:07:656
62|1.1|636147903659093600|888125|49872.65625|18.26442666781|106.27692824885|585864|514718||49872.65625|320||31981.25|320|49872.65625|888125|VJC167|0|2716|0|||3|3|0|1|1|132|147|["132,178,5,1870","132,146,5,1813","132,162,5"]|636148146726560000|13:51:12:656
62|1.1|636147903709008591|888125|49877.640625|18.25500139944|106.28294175246|586529|513688||49877.640625|320||31993.75|320|49877.640625|888125|VJC167|0|2716|0|||3|3|0|1|1|132|162|["132,178,5,1870","132,146,5,1813","132,162,5"]|636148146776410000|13:51:17:641
62|1.1|636147903758933583|888125|49882.640625|18.24534546144|106.28889088315|587189|512633||49882.640625|320||31987.5|320|49882.640625|888125|VJC167|0|2716|0|||3|3|0|1|1|132|178|["132,178,5,1870","132,146,5,1813","132,162,5"]|636148146826410000|13:51:22:641
62|1.1|636147903808848574|888125|49887.6171875|18.2358289981|106.29479709856|587844|511592||49887.6171875|320||31981.25|320|49887.6171875|888125|VJC167|0|2716|0|||3|3|0|1|1|132|178|["132,178,5,1870","132,146,5,1813","132,162,5"]|636148146876170000|13:51:27:617
62|1.1|636147903858773566|888125|49892.6171875|18.22633935681|106.30068722074|588497|510555||49892.6171875|320||31962.5|320|49892.6171875|888125|VJC167|0|2716|0|||3|3|0|1|1|132|162|["132,178,5,1870","132,146,5,1813","132,162,5"]|636148146926170000|13:51:32:617
62|1.1|636147903908698558|888125|49897.6171875|18.21713402925|106.30652369882|589144|509549||49897.6171875|320||31931.25|320|49897.6171875|888125|VJC167|0|2716|0|||3|3|0|1|1|132|178|["132,178,5,1870","132,146,5,1813","132,162,5"]|636148146976170000|13:51:37:617
62|1.1|636147903958613549|888125|49902.6015625|18.20717231988|106.31127120167|589677|508457||49902.6015625|320||31837.5|320|49902.6015625|888125|VJC167|0|2716|0|||3|3|0|1|1|132|162|["132,178,5,1870","132,146,5,1813","132,162,5"]|636148147026020000|13:51:42:602
62|1.1|636147904008538541|888125|49907.6015625|18.19878774705|106.31683409484|590292|507541||49907.6015625|320||31793.75|320|49907.6015625|888125|VJC167|0|2716|0|||3|3|0|1|1|132|178|["132,178,5,1870","132,146,5,1813","132,162,5"]|636148147076020000|13:51:47:602
62|1.1|636147904058463533|888125|49912.578125|18.19086451348|106.32201075049|590866|506676||49912.578125|320||31825|320|49912.578125|888125|VJC167|0|2716|0|||3|3|0|1|1|132|178|["132,178,5,1870","132,146,5,1813","132,162,5"]|636148147125780000|13:51:52:578
62|1.1|636147904108378524|888125|49917.578125|18.18193813524|106.32758437248|591484|505700||49917.578125|320||31800|320|49917.578125|888125|VJC167|0|2716|0|||3|3|0|1|1|132|178|["132,178,5,1870","132,146,5,1813","132,162,5"]|636148147175780000|13:51:57:578
62|1.1|636147904158313517|888125|49922.578125|18.17275426532|106.33326528267|592114|504697||49922.578125|320||31800|320|49922.578125|888125|VJC167|0|2716|0|||3|3|0|1|1|132|178|["132,178,5,1870","132,146,5,1813","132,162,5"]|636148147225780000|13:52:02:578
62|1.1|636147904208228508|888125|49927.5625|18.16472910796|106.33806106521|592647|503819||49927.5625|320||31843.75|320|49927.5625|888125|VJC167|0|2716|0|||3|3|0|1|1|132|178|["132,178,5,1870","132,146,5,1813","132,162,5"]|636148147275630000|13:52:07:563
62|1.1|636147904258143499|888125|49932.5625|18.15644645892|106.34284075452|593179|502913||49932.5625|320||31875|320|49932.5625|888125|VJC167|0|2716|0|||3|3|0|1|1|132|178|["132,178,5,1870","132,146,5,1813","132,162,5"]|636148147325630000|13:52:12:563
62|1.1|636147904308068491|888125|49937.5390625|18.14587857122|106.34942288559|593910|501758||49937.5390625|320||32018.75|320|49937.5390625|888125|VJC167|0|2716|0|||3|3|0|1|1|132|178|["132,178,5,1870","132,146,5,1813","132,162,5"]|636148147375390000|13:52:17:539
62|1.1|636147904357993483|888125|49942.5390625|18.13651767577|106.35509306696|594540|500734||49942.5390625|320||32037.5|320|49942.5390625|888125|VJC167|0|2716|0|||3|3|0|1|1|132|178|["132,178,5,1870","132,146,5,1813","132,162,5"]|636148147425390000|13:52:22:539
62|1.1|636147904407908474|888125|49947.5390625|18.12832085729|106.36009269708|595095|499838||49947.5390625|320||32025|320|49947.5390625|888125|VJC167|0|2716|0|||3|3|0|1|1|132|178|["132,178,5,1870","132,146,5,1813","132,162,5"]|636148147475390000|13:52:27:539
62|1.1|636147904457833466|888125|49952.515625|18.11979144539|106.3653069036|595674|498906||49952.515625|320||32018.75|320|49952.515625|888125|VJC167|0|2716|0|||3|3|0|1|1|132|178|["132,178,5,1870","132,146,5,1813","132,162,5"]|636148147525160000|13:52:32:516
62|1.1|636147904507758458|888125|49957.515625|18.10944886291|106.37144378864|596357|497775||49957.515625|320||32006.25|320|49957.515625|888125|VJC167|0|2716|0|||3|3|0|1|1|132|147|["132,178,5,1870","132,146,5,1813","132,162,5"]|636148147575160000|13:52:37:516
62|1.1|636147904557683450|888125|49962.5|18.10092481542|106.37670627485|596941|496843||49962.5|320||32006.25|320|49962.5|888125|VJC167|0|2716|0|||3|3|0|1|1|132|147|["132,178,5,1870","132,146,5,1813","132,162,5"]|636148147625000000|13:52:42:500
62|1.1|636147904607608442|888125|49967.5|18.09190724221|106.38219406628|597551|495858||49967.5|320||32006.25|320|49967.5|888125|VJC167|0|2716|0|||3|3|0|1|1|132|178|["132,178,5,1870","132,146,5,1813","132,162,5"]|636148147675000000|13:52:47:500
62|1.1|636147904657523433|888125|49972.5|18.08185433787|106.38776768827|598173|494757||49972.5|320||31981.25|320|49972.5|888125|VJC167|0|2716|0|||3|3|0|1|1|132|178|["132,178,5,1870","132,146,5,1813","132,162,5"]|636148147725000000|13:52:52:500
62|1.1|636147904707448425|888125|49977.4765625|18.07252562888|106.39321256442|598779|493737||49977.4765625|320||31975|320|49977.4765625|888125|VJC167|0|2716|0|||3|3|0|1|1|132|178|["132,178,5,1870","132,146,5,1813","132,162,5"]|636148147774770000|13:52:57:477
62|1.1|636147904757363416|888125|49982.4765625|18.06300916554|106.39834094038|599352|492695||49982.4765625|320||31937.5|320|49982.4765625|888125|VJC167|0|2716|0|||3|3|0|1|1|132|178|["132,178,5,1870","132,146,5,1813","132,162,5"]|636148147824770000|13:53:02:477
62|1.1|636147904807288408|888125|49987.4609375|18.05398086351|106.40373753684|599953|491707||49987.4609375|320||31893.75|320|49987.4609375|888125|VJC167|0|2716|0|||3|3|0|1|1|132|178|["132,178,5,1870","132,146,5,1813","132,162,5"]|636148147874610000|13:53:07:461
62|1.1|636147904857213400|888125|49992.4609375|18.04493646825|106.40938089616|600579|490719||49992.4609375|320||31812.5|320|49992.4609375|888125|VJC167|0|2716|0|||3|3|0|1|1|132|178|["132,178,5,1870","132,146,5,1813","132,162,5"]|636148147924610000|13:53:12:461
62|1.1|636147904907128391|888125|49997.4609375|18.0368630312|106.41476139939|601175|489838||49997.4609375|320||31962.5|320|49997.4609375|888125|VJC167|0|2716|0|||3|3|0|1|1|132|178|["132,178,5,1870","132,146,5,1813","132,162,5"]|636148147974610000|13:53:17:461
62|1.1|636147904957053383|888125|50002.4375|18.02754505103|106.41998097032|601758|488819||50002.4375|320||31925|320|50002.4375|888125|VJC167|0|2716|0|||3|3|0|1|1|132|178|["132,178,5,1870","132,146,5,1813","132,162,5"]|636148148024380000|13:53:22:438
62|1.1|636147905006998377|888125|50007.4375|18.01848456254|106.42535610914|602356|487828||50007.4375|320||31900|320|50007.4375|888125|VJC167|0|2716|0|||3|3|0|1|1|132|178|["132,178,5,1870","132,146,5,1813","132,162,5"]|636148148074380000|13:53:27:438
62|1.1|636147905056893366|888125|50012.421875|18.00894127715|106.43077952765|602961|486784||50012.421875|320||31850|320|50012.421875|888125|VJC167|0|2716|0|||3|3|0|1|1|132|178|["132,178,5,1870","132,146,5,1813","132,162,5"]|636148148124220000|13:53:32:422
62|1.1|636147905106818358|888125|50017.421875|18.0001168227|106.43633705641|603578|485820||50017.421875|320.25||31837.5|320|50017.421875|888125|VJC167|0|2716|0|||3|3|0|1|1|132|178|["132,178,5,1870","132,146,5,1813","132,162,5"]|636148148174220000|13:53:37:422
62|1.1|636147905156743350|888125|50022.421875|17.99108315626|106.44182484784|604188|484832||50022.421875|320.25||31793.75|320.25|50022.421875|888125|VJC167|0|2716|0|||3|3|0|1|1|132|178|["132,178,5,1870","132,146,5,1813","132,162,5"]|636148148224220000|13:53:42:422
62|1.1|636147905206658341|888125|50027.3984375|17.98174371845|106.44770960561|604842|483812||50027.3984375|320||31762.5|320.25|50027.3984375|888125|VJC167|0|2716|0|||3|3|0|1|1|132|178|["132,178,5,1870","132,146,5,1813","132,162,5"]|636148148273980000|13:53:47:398
62|1.1|636147905256583333|888125|50032.3984375|17.97291389959|106.45310620207|605442|482847||50032.3984375|320||31756.25|320|50032.3984375|888125|VJC167|0|2716|0|||3|3|0|1|1|132|178|["132,178,5,1870","132,146,5,1813","132,162,5"]|636148148323980000|13:53:52:398
62|1.1|636147905306498324|888125|50037.375|17.96447031825|106.45855107822|606046|481925||50037.375|320.25||31800|320|50037.375|888125|VJC167|0|2716|0|||3|3|0|1|1|132|178|["132,178,5,1870","132,146,5,1813","132,162,5"]|636148148373750000|13:53:57:375
62|1.1|636147905356423316|888125|50042.375|17.95562440616|106.46439828512|606694|480960||50042.375|320.25||31800|320|50042.375|888125|VJC167|0|2716|0|||3|3|0|1|1|132|178|["132,178,5,1870","132,146,5,1813","132,162,5"]|636148148423750000|13:54:02:375
62|1.1|636147905406348308|888125|50047.375|17.94634397686|106.46973050866|607289|479945||50047.375|320.25||31743.75|320|50047.375|888125|VJC167|0|2716|0|||3|3|0|1|1|132|178|["132,178,5,1870","132,146,5,1813","132,162,5"]|636148148473750000|13:54:07:375
62|1.1|636147905456263299|888125|50052.359375|17.93729421719|106.47540605444|607920|478956||50052.359375|320.25||31756.25|320|50052.359375|888125|VJC167|0|2716|0|||3|3|0|1|1|132|178|["132,178,5,1870","132,146,5,1813","132,162,5"]|636148148523590000|13:54:12:359
62|1.1|636147905506188291|888125|50057.359375|17.92760072832|106.48105477817|608550|477896||50057.359375|320.25||31737.5|320|50057.359375|888125|VJC167|0|2716|0|||3|3|0|1|1|132|178|["132,178,5,1870","132,146,5,1813","132,162,5"]|636148148573590000|13:54:17:359
62|1.1|636147905556113283|888125|50062.3359375|17.91837394312|106.48677860364|609186|476888||50062.3359375|320||31725|320|50062.3359375|888125|VJC167|0|2716|0|||3|3|0|1|1|132|178|["132,178,5,1870","132,146,5,1813","132,162,5"]|636148148623360000|13:54:22:336
62|1.1|636147905606028274|888125|50067.3359375|17.90917934438|106.49229321712|609800|475883||50067.3359375|320.25||31781.25|320|50067.3359375|888125|VJC167|0|2716|0|||3|3|0|1|1|132|178|["132,178,5,1870","132,146,5,1813","132,162,5"]|636148148673360000|13:54:27:336
62|1.1|636147905652842955|888125|50072.015625|17.90027978819|106.49729821165|610359|474909||50072.015625|320||31781.25|320|50072.015625|888125|VJC167|0|2716|0|||3|3|0|1|1|132|178|["132,178,5,1870","132,146,5,1813","132,162,5"]|636148148720160000|13:54:32:016
62|1.1|636147905702767947|888125|50077.015625|17.89097253684|106.50295229979|610989|473892||50077.015625|320||31806.25|320|50077.015625|888125|VJC167|0|2716|0|||3|3|0|1|1|132|178|["132,178,5,1870","132,146,5,1813","132,162,5"]|636148148770160000|13:54:37:016
62|1.1|636147905752692939|888125|50082|17.88176184487|106.50832743861|611588|472885||50082|320||31787.5|320|50082|888125|VJC167|0|2716|0|||3|3|0|1|1|132|178|["132,178,5,1870","132,146,5,1813","132,162,5"]|636148148820000000|13:54:42:000
62|1.1|636147905802627932|888125|50087|17.87326461943|106.51344508575|612158|471957||50087|320||31812.5|320|50087|888125|VJC167|0|2716|0|||3|3|0|1|1|132|178|["132,178,5,1870","132,146,5,1813","132,162,5"]|636148148870000000|13:54:47:000
62|1.1|636147905852532922|888125|50091.9765625|17.86402710541|106.51910990271|612788|470947||50091.9765625|320||31793.75|320|50091.9765625|888125|VJC167|0|2716|0|||3|3|0|1|1|132|178|["132,178,5,1870","132,146,5,1813","132,162,5"]|636148148919770000|13:54:51:977
62|1.1|636147905902447913|888125|50096.9765625|17.85490760841|106.52480154172|613422|469951||50096.9765625|320||31812.5|320|50096.9765625|888125|VJC167|0|2716|0|||3|3|0|1|1|132|178|["132,178,5,1870","132,146,5,1813","132,162,5"]|636148148969770000|13:54:56:977
62|1.1|636147905952382906|888125|50101.9765625|17.84530531451|106.53033761284|614039|468901||50101.9765625|320||31806.25|320|50101.9765625|888125|VJC167|0|2716|0|||3|3|0|1|1|132|178|["132,178,5,1870","132,146,5,1813","132,162,5"]|636148149019770000|13:55:01:977
62|1.1|636147906002287896|888125|50106.9609375|17.83643794478|106.535573277|614623|467932||50106.9609375|320||31831.25|320|50106.9609375|888125|VJC167|0|2716|0|||3|3|0|1|1|132|178|["132,178,5,1870","132,146,5,1813","132,162,5"]|636148149069610000|13:55:06:961
62|1.1|636147906052222889|888125|50111.9609375|17.82704486287|106.54112007694|615242|466905||50111.9609375|320||31812.5|320|50111.9609375|888125|VJC167|0|2716|0|||3|3|0|1|1|132|178|["132,178,5,1870","132,146,5,1813","132,162,5"]|636148149119610000|13:55:11:961
62|1.1|636147906102137880|888125|50116.9375|17.81793609469|106.54671515657|615865|465910||50116.9375|320||31818.75|320|50116.9375|888125|VJC167|0|2716|0|||3|3|0|1|1|132|178|["132,178,5,1870","132,146,5,1813","132,162,5"]|636148149169380000|13:55:16:938
62|1.1|636147906152052871|888125|50121.9375|17.80859665688|106.55226732092|616484|464889||50121.9375|320||31800|320|50121.9375|888125|VJC167|0|2716|0|||3|3|0|1|1|132|178|["132,178,5,1870","132,146,5,1813","132,162,5"]|636148149219380000|13:55:21:938
62|1.1|636147906201977863|888125|50126.9375|17.7998097533|106.55763173092|617081|463929||50126.9375|320||31812.5|320|50126.9375|888125|VJC167|0|2716|0|||3|3|0|1|1|132|178|["132,178,5,1870","132,146,5,1813","132,162,5"]|636148149269380000|13:55:26:938
62|1.1|636147906251902855|888125|50131.921875|17.79047031549|106.56321071732|617703|462908||50131.921875|320||31793.75|320|50131.921875|888125|VJC167|0|2716|0|||3|3|0|1|1|132|178|["132,178,5,1870","132,146,5,1813","132,162,5"]|636148149319220000|13:55:31:922
62|1.1|636147906301817846|888125|50136.921875|17.78149029315|106.56879506813|618325|461927||50136.921875|320||31800|320|50136.921875|888125|VJC167|0|2716|0|||3|3|0|1|1|132|178|["132,178,5,1870","132,146,5,1813","132,162,5"]|636148149369220000|13:55:36:922
62|1.1|636147906351762840|888125|50141.8984375|17.77211866888|106.57441696981|618952|460903||50141.8984375|320||31787.5|320|50141.8984375|888125|VJC167|0|2716|0|||3|3|0|1|1|132|178|["132,178,5,1870","132,146,5,1813","132,162,5"]|636148149418980000|13:55:41:898
62|1.1|636147906401667830|888125|50146.8984375|17.76304208716|106.58028026994|619603|459912||50146.8984375|320||31781.25|320|50146.8984375|888125|VJC167|0|2716|0|||3|3|0|1|1|132|178|["132,178,5,1870","132,146,5,1813","132,162,5"]|636148149468980000|13:55:46:898
62|1.1|636147906451672830|888125|50151.8984375|17.75372410699|106.58577879019|620217|458894||50151.8984375|320||31768.75|320|50151.8984375|888125|VJC167|0|2716|0|||3|3|0|1|1|132|178|["132,178,5,1870","132,146,5,1813","132,162,5"]|636148149518980000|13:55:51:898
62|1.1|636147906501507813|888125|50156.875|17.74469580496|106.59137923423|620840|457908||50156.875|320||31781.25|320|50156.875|888125|VJC167|0|2716|0|||3|3|0|1|1|132|178|["132,178,5,1870","132,146,5,1813","132,162,5"]|636148149568750000|13:55:56:875
62|1.1|636147906551432805|888125|50161.875|17.73462680739|106.59728008523|621499|456807||50161.875|320||31862.5|320|50161.875|888125|VJC167|0|2716|0|||3|3|0|1|1|132|178|["132,178,5,1870","132,146,5,1813","132,162,5"]|636148149618750000|13:56:01:875
62|1.1|636147906601357797|888125|50166.859375|17.72577553089|106.60226362212|622057|455839||50166.859375|320||31875|320|50166.859375|888125|VJC167|0|2716|0|||3|3|0|1|1|132|178|["132,178,5,1870","132,146,5,1813","132,162,5"]|636148149668590000|13:56:06:859
62|1.1|636147906651272788|888125|50171.859375|17.71702617818|106.60733835398|622624|454882||50171.859375|319.75||31906.25|319.75|50171.859375|888125|VJC167|0|2716|0|||3|3|0|1|1|132|178|["132,178,5,1870","132,146,5,1813","132,162,5"]|636148149718590000|13:56:11:859
62|1.1|636147906701197780|888125|50176.859375|17.70774574888|106.61315337442|623271|453869||50176.859375|320||31837.5|320|50176.859375|888125|VJC167|0|2716|0|||3|3|0|1|1|132|178|["132,178,5,1870","132,146,5,1813","132,162,5"]|636148149768590000|13:56:16:859
62|1.1|636147906751122772|888125|50181.8359375|17.69889447238|106.61873236082|623892|452902||50181.8359375|320||31818.75|320|50181.8359375|888125|VJC167|0|2716|0|||3|3|0|1|1|132|178|["132,178,5,1870","132,146,5,1813","132,162,5"]|636148149818360000|13:56:21:836
62|1.1|636147906801037763|888125|50186.8359375|17.68969450923|106.62437572014|624521|451897||50186.8359375|320||31781.25|320|50186.8359375|888125|VJC167|0|2716|0|||3|3|0|1|1|132|178|["132,178,5,1870","132,146,5,1813","132,162,5"]|636148149868360000|13:56:26:836
62|1.1|636147906850972756|888125|50191.8203125|17.68059646987|106.63002980828|625151|450904||50191.8203125|319.75||31787.5|320|50191.8203125|888125|VJC167|0|2716|0|||3|3|0|1|1|132|178|["132,178,5,1870","132,146,5,1813","132,162,5"]|636148149918200000|13:56:31:820
62|1.1|636147906900887747|888125|50196.8203125|17.6713857779|106.63555515058|625768|449898||50196.8203125|320||31762.5|320|50196.8203125|888125|VJC167|0|2716|0|||3|3|0|1|1|132|178|["132,178,5,1870","132,146,5,1813","132,162,5"]|636148149968200000|13:56:36:820
62|1.1|636147906950802738|888125|50201.8203125|17.66230919618|106.6411985099|626396|448907||50201.8203125|319.75||31762.5|319.75|50201.8203125|888125|VJC167|0|2716|0|||3|3|0|1|1|132|178|["132,178,5,1870","132,146,5,1813","132,162,5"]|636148150018200000|13:56:41:820
62|1.1|636147907000737731|888125|50206.796875|17.65310386862|106.64699743711|627042|447901||50206.796875|319.75||31975|319.75|50206.796875|888125|VJC167|0|2716|0|||3|3|0|1|1|132|178|["132,178,5,1870","132,146,5,1813","132,162,5"]|636148150067970000|13:56:46:797
62|1.1|636147907050642721|888125|50211.796875|17.64394145634|106.65250668618|627657|446901||50211.796875|319.75||31981.25|319.75|50211.796875|888125|VJC167|0|2716|0|||3|3|0|1|1|132|162|["132,178,5,1870","132,146,5,1813","132,162,5"]|636148150117970000|13:56:51:797
62|1.1|636147907100577714|888125|50216.78125|17.63393146728|106.65865430004|628342|445807||50216.78125|319.75||31968.75|319.75|50216.78125|888125|VJC167|0|2716|0|||3|3|0|1|1|132|178|["132,178,5,1870","132,146,5,1813","132,162,5"]|636148150167810000|13:56:56:781
62|1.1|636147907150492705|888125|50221.78125|17.62467786003|106.6641581847|628957|444796||50221.78125|320||31962.5|320|50221.78125|888125|VJC167|0|2716|0|||3|3|0|1|1|132|178|["132,178,5,1870","132,146,5,1813","132,162,5"]|636148150217810000|13:57:01:781
62|1.1|636147907200427698|888125|50226.78125|17.61546180365|106.66970498464|629576|443789||50226.78125|320||31943.75|320|50226.78125|888125|VJC167|0|2716|0|||3|3|0|1|1|132|178|["132,178,5,1870","132,146,5,1813","132,162,5"]|636148150267810000|13:57:06:781
62|1.1|636147907250342689|888125|50231.7578125|17.60628329814|106.6751015811|630179|442786||50231.7578125|320||31887.5|320|50231.7578125|888125|VJC167|0|2716|0|||3|3|0|1|1|132|162|["132,178,5,1870","132,146,5,1813","132,162,5"]|636148150317580000|13:57:11:758
62|1.1|636147907300257680|888125|50236.7578125|17.5973569199|106.68081467775|630815|441812||50236.7578125|320||31831.25|320|50236.7578125|888125|VJC167|0|2716|0|||3|3|0|1|1|132|178|["132,178,5,1870","132,146,5,1813","132,162,5"]|636148150367580000|13:57:16:758
62|1.1|636147907350172671|888125|50241.7421875|17.58824815172|106.68623273185|631421|440817||50241.7421875|320||31781.25|320|50241.7421875|888125|VJC167|0|2716|0|||3|3|0|1|1|132|178|["132,178,5,1870","132,146,5,1813","132,162,5"]|636148150417420000|13:57:21:742
62|1.1|636147907400097663|888125|50246.7421875|17.57893553596|106.6917312521|632035|439799||50246.7421875|320||31756.25|320|50246.7421875|888125|VJC167|0|2716|0|||3|3|0|1|1|132|162|["132,178,5,1870","132,146,5,1813","132,162,5"]|636148150467420000|13:57:26:742
62|1.1|636147907450022655|888125|50251.7421875|17.56948880995|106.69716539943|632643|438766||50251.7421875|320||31718.75|320|50251.7421875|888125|VJC167|0|2716|0|||3|3|0|1|1|132|162|["132,178,5,1870","132,146,5,1813","132,162,5"]|636148150517420000|13:57:31:742
62|1.1|636147907499947647|888125|50256.71875|17.56024593152|106.70277120788|633269|437757||50256.71875|320||31712.5|320|50256.71875|888125|VJC167|0|2716|0|||3|3|0|1|1|132|162|["132,178,5,1870","132,146,5,1813","132,162,5"]|636148150567190000|13:57:36:719
62|1.1|636147907549862638|888125|50261.71875|17.55064900203|106.70797468558|633853|436707||50261.71875|320||31681.25|320|50261.71875|888125|VJC167|0|2716|0|||3|3|0|1|1|132|162|["132,178,5,1870","132,146,5,1813","132,162,5"]|636148150617190000|13:57:41:719
62|1.1|636147907599787630|888125|50266.6953125|17.54195329342|106.71402037565|634524|435759||50266.6953125|320||31981.25|320|50266.6953125|888125|VJC167|0|2716|0|||3|3|0|1|1|132|162|["132,178,5,1870","132,146,5,1813","132,162,5"]|636148150666950000|13:57:46:695
62|1.1|636147907649712622|888125|50271.6953125|17.5328767117|106.71999632839|635189|434769||50271.6953125|320||32000|320|50271.6953125|888125|VJC167|0|2716|0|||3|3|0|1|1|132|162|["132,178,5,1870","132,146,5,1813","132,162,5"]|636148150716950000|13:57:51:695
62|1.1|636147907699637614|888125|50276.6953125|17.52362310445|106.72567723858|635823|433759||50276.6953125|320||32012.5|320|50276.6953125|888125|VJC167|0|2716|0|||3|3|0|1|1|132|162|["132,178,5,1870","132,146,5,1813","132,162,5"]|636148150766950000|13:57:56:695
62|1.1|636147907749562606|888125|50281.6796875|17.51420320049|106.73109529268|636429|432729||50281.6796875|320||31993.75|320|50281.6796875|888125|VJC167|0|2716|0|||3|3|0|1|1|132|162|["132,178,5,1870","132,162,5"]|636148150816800000|13:58:01:680
62|1.1|636147907799467596|888125|50286.6796875|17.50410738087|106.73708733865|637099|431626||50286.6796875|320||31987.5|320|50286.6796875|888125|VJC167|0|2716|0|||3|3|0|1|1|132|162|["132,178,5,1870","132,162,5"]|636148150866800000|13:58:06:680
62|1.1|636147907849392588|888125|50291.65625|17.4941456715|106.74316521518|637778|430538||50291.65625|320||31993.75|320|50291.65625|888125|VJC167|0|2716|0|||3|3|0|1|1|132|162|["132,178,5,1870","132,162,5"]|636148150916560000|13:58:11:656
62|1.1|636147907899317580|888125|50296.65625|17.48590593774|106.74844915903|638367|429639||50296.65625|320||32000|320|50296.65625|888125|VJC167|0|2716|0|||3|3|0|1|1|132|162|["132,178,5,1870","132,162,5"]|636148150966560000|13:58:16:656
62|1.1|636147907949242572|888125|50301.65625|17.47674888987|106.7540120522|638988|428639||50301.65625|320||32006.25|320|50301.65625|888125|VJC167|0|2716|0|||3|3|0|1|1|132|162|["132,178,5,1870","132,162,5"]|636148151016560000|13:58:21:656
62|1.1|636147907999177565|888125|50306.640625|17.46634729888|106.75973051326|639630|427501||50306.640625|320||31981.25|320|50306.640625|888125|VJC167|0|2716|0|||3|3|0|1|1|132|162|["132,178,5,1870","132,162,5"]|636148151066410000|13:58:26:641
62|1.1|636147908049082555|888125|50311.640625|17.45758721735|106.76513247413|640233|426545||50311.640625|320||31987.5|320|50311.640625|888125|VJC167|0|2716|0|||3|3|0|1|1|132|162|["132,178,5,1870","132,162,5"]|636148151116410000|13:58:31:641
62|1.1|636147908099007547|888125|50316.6171875|17.44845699153|106.77041105357|640824|425547||50316.6171875|320||31975|320|50316.6171875|888125|VJC167|0|2716|0|||3|3|0|1|1|132|162|["132,178,5,1870","132,162,5"]|636148151166170000|13:58:36:617
62|1.1|636147908148932539|888125|50321.6171875|17.43903708757|106.77579692121|641428|424517||50321.6171875|320||31968.75|320|50321.6171875|888125|VJC167|0|2716|0|||3|3|0|1|1|132|162|["132,178,5,1870","132,146,4,1813","132,162,5"]|636148151216170000|13:58:41:617
62|1.1|636147908198867532|888125|50326.6171875|17.42937578516|106.78095748363|642008|423460||50326.6171875|320||31943.75|320|50326.6171875|888125|VJC167|0|2716|0|||3|3|0|1|1|132|162|["132,178,5,1870","132,146,4,1813","132,162,5"]|636148151266170000|13:58:46:617
62|1.1|636147908248762521|888125|50331.6015625|17.42066398332|106.7868958855|642669|422511||50331.6015625|320||31975|320|50331.6015625|888125|VJC167|0|2716|0|||3|3|0|1|1|132|162|["132,178,5,1870","132,146,4,1813","132,162,5"]|636148151316020000|13:58:51:602
62|1.1|636147908298707515|888125|50336.6015625|17.41106168942|106.79210472761|643254|421460||50336.6015625|320||31950|320|50336.6015625|888125|VJC167|0|2716|0|||3|3|0|1|1|132|162|["132,178,5,1870","132,146,4,1813","132,162,5"]|636148151366020000|13:58:56:602
62|1.1|636147908348772521|888125|50341.578125|17.40175980248|106.79739403587|643847|420443||50341.578125|320||31931.25|320|50341.578125|888125|VJC167|0|2716|0|||3|3|0|1|1|132|162|["132,178,5,1870","132,146,4,1813","132,162,5"]|636148151415780000|13:59:01:578
62|1.1|636147908398537497|888125|50346.578125|17.39158351671|106.80448042148|644634|419335||50346.578125|320||31975|320|50346.578125|888125|VJC167|0|2716|0|||3|3|0|1|1|132|163|["132,178,5,1870","132,146,4,1813","132,162,5"]|636148151465780000|13:59:06:578
62|1.1|636147908448462489|888125|50351.578125|17.38195976517|106.8098019162|645232|418282||50351.578125|320||31950|320|50351.578125|888125|VJC167|0|2716|0|||3|3|0|1|1|132|162|["132,178,5,1870","132,146,4,1813","132,162,5"]|636148151515780000|13:59:11:578
62|1.1|636147908498377480|888125|50356.5625|17.37365565849|106.81542918229|645858|417377||50356.5625|320||31981.25|320|50356.5625|888125|VJC167|0|2716|0|||3|3|0|1|1|132|162|["132,178,5,1870","132,146,4,1813","132,162,5"]|636148151565630000|13:59:16:563
62|1.1|636147908548292471|888125|50361.5625|17.36424648335|106.82102962633|646485|416350||50361.5625|320||31981.25|320|50361.5625|888125|VJC167|0|2716|0|||3|3|0|1|1|132|178|["132,178,5,1870","132,146,4,1813","132,162,5"]|636148151615630000|13:59:21:563
62|1.1|636147908598237465|888125|50366.5390625|17.35425795193|106.82692511292|647145|415258||50366.5390625|320||31968.75|320|50366.5390625|888125|VJC167|0|2716|0|||3|3|0|1|1|132|163|["132,178,5,1870","132,146,4,1813","132,162,5"]|636148151665390000|13:59:26:539
62|1.1|636147908648142455|888125|50371.5390625|17.3445859207|106.83219832795|647738|414200||50371.5390625|320||31943.75|320|50371.5390625|888125|VJC167|0|2716|0|||3|3|0|1|1|132|162|["132,178,5,1870","132,146,4,1813","132,162,5"]|636148151715390000|13:59:31:539
62|1.1|636147908697917432|888125|50376.5390625|17.33613697495|106.83785241609|648367|413279||50376.5390625|320||31968.75|320|50376.5390625|888125|VJC167|0|2716|0|||3|3|0|1|1|132|146|["132,178,5,1870","132,146,4,1813","132,162,5"]|636148151765390000|13:59:36:539
62|1.1|636147908747982438|888125|50381.515625|17.32684581683|106.8432758346|648975|412264||50381.515625|319.75||31956.25|319.75|50381.515625|888125|VJC167|0|2716|0|||3|3|0|1|1|132|146|["132,178,5,1870","132,146,5,1846","132,162,5"]|636148151815160000|13:59:41:516
62|1.1|636147908797757415|888125|50386.515625|17.31720060765|106.84846321907|649559|411209||50386.515625|319.75||31893.75|319.75|50386.515625|888125|VJC167|0|2716|0|||3|3|0|1|1|132|146|["132,178,5,1870","132,146,5,1846","132,162,5"]|636148151865160000|13:59:46:516
62|1.1|636147908847852424|888125|50391.5|17.30776461046|106.85427823951|650209|410179||50391.5|319.75||31825|319.75|50391.5|888125|VJC167|0|2716|0|||3|3|0|1|1|132|146|["132,178,5,1870","132,146,5,1846","132,162,5"]|636148151915000000|13:59:51:500
62|1.1|636147908897607399|888125|50396.5|17.29851636762|106.85992159883|650840|409169||50396.5|319.75||31706.25|319.75|50396.5|888125|VJC167|0|2716|0|||3|3|0|1|1|132|146|["132,178,5,1870","132,146,5,1846","132,162,5"]|636148151965000000|13:59:56:500
62|1.1|636147908947522390|888125|50401.5|17.28897844664|106.86598338213|651517|408129||50401.5|319.75||31693.75|319.75|50401.5|888125|VJC167|0|2716|0|||3|3|0|1|1|132|146|["132,178,5,1870","132,146,5,1846","132,162,5"]|636148152015000000|14:00:01:500
62|1.1|636147908997437381|888125|50406.4765625|17.27958000032|106.87163210586|652149|407103||50406.4765625|320||31650|319.75|50406.4765625|888125|VJC167|0|2716|0|||3|3|0|1|1|132|146|["132,178,5,1870","132,146,5,1846","132,162,5"]|636148152064770000|14:00:06:477
62|1.1|636147909047362373|888125|50411.4765625|17.27027274897|106.87752222804|652807|406087||50411.4765625|320||31656.25|320|50411.4765625|888125|VJC167|0|2716|0|||3|3|0|1|1|132|146|["132,178,5,1870","132,146,5,1846","132,162,5"]|636148152114770000|14:00:11:477
62|1.1|636147909097287365|888125|50416.4609375|17.26140001483|106.88319240941|653440|405119||50416.4609375|320||31693.75|320|50416.4609375|888125|VJC167|0|2716|0|||3|3|0|1|1|132|163|["132,178,5,1870","132,146,5,1846","132,162,5"]|636148152164610000|14:00:16:461
62|1.1|636147909147202356|888125|50421.4609375|17.25214640758|106.8888196755|654070|404109||50421.4609375|320||31731.25|320|50421.4609375|888125|VJC167|0|2716|0|||3|3|0|1|1|132|146|["132,178,5,1870","132,146,5,1846","132,162,5"]|636148152214610000|14:00:21:461
62|1.1|636147909197127348|888125|50426.4609375|17.24313956319|106.89452740774|654707|403127||50426.4609375|320||31756.25|320|50426.4609375|888125|VJC167|0|2716|0|||3|3|0|1|1|132|147|["132,178,5,1870","132,146,5,1846","132,162,5"]|636148152264610000|14:00:26:461
62|1.1|636147909247062341|888125|50431.4375|17.23336024376|106.89980062277|655301|402057||50431.4375|320||31712.5|320|50431.4375|888125|VJC167|0|2716|0|||3|3|0|1|1|132|147|["132,178,5,1870","132,146,5,1846","132,162,5"]|636148152314380000|14:00:31:438
62|1.1|636147909296977332|888125|50436.4375|17.22398325508|106.90544398209|655933|401033||50436.4375|320||31743.75|320|50436.4375|888125|VJC167|0|2716|0|||3|3|0|1|1|132|163|["132,178,5,1870","132,146,5,1846","132,162,5"]|636148152364380000|14:00:36:438
62|1.1|636147909346902324|888125|50441.421875|17.2147671987|106.91079766327|656534|400026||50441.421875|320||31712.5|320|50441.421875|888125|VJC167|0|2716|0|||3|3|0|1|1|132|146|["132,178,5,1870","132,146,5,1846","132,162,5"]|636148152414220000|14:00:41:422
62|1.1|636147909396807314|888125|50446.421875|17.20535265915|106.91652685315|657175|398998||50446.421875|320||31737.5|320|50446.421875|888125|VJC167|0|2716|0|||3|3|0|1|1|132|146|["132,178,5,1870","132,146,5,1846","132,162,5"]|636148152464220000|14:00:46:422
62|1.1|636147909446742307|888125|50451.421875|17.19600785693|106.92246525502|657838|397979||50451.421875|320||31743.75|320|50451.421875|888125|VJC167|0|2716|0|||3|3|0|1|1|132|146|["132,178,5,1870","132,146,5,1846","132,162,5"]|636148152514220000|14:00:51:422
62|1.1|636147909496817314|888125|50456.3984375|17.18696346167|106.92815152962|658474|396992||50456.3984375|320||31762.5|320|50456.3984375|888125|VJC167|0|2716|0|||3|3|0|1|1|132|146|["132,178,5,1870","132,146,5,1846","132,162,5"]|636148152563980000|14:00:56:398
62|1.1|636147909546572289|888125|50461.3984375|17.17795661728|106.9337734313|659103|396009||50461.3984375|320||31787.5|320|50461.3984375|888125|VJC167|0|2716|0|||3|3|0|1|1|132|146|["132,178,5,1870","132,146,5,1846","132,162,5"]|636148152613980000|14:01:01:398
62|1.1|636147909596507282|888125|50466.375|17.16904633227|106.93917539217|659708|395037||50466.375|320||31818.75|320|50466.375|888125|VJC167|0|2716|0|||3|3|0|1|1|132|146|["132,178,5,1870","132,146,5,1846","132,162,5"]|636148152663750000|14:01:06:375
62|1.1|636147909646422273|888125|50471.375|17.160211149|106.94480802267|660337|394073||50471.375|320||31812.5|320|50471.375|888125|VJC167|0|2716|0|||3|3|0|1|1|132|146|["132,178,5,1870","132,146,5,1846","132,162,5"]|636148152713750000|14:01:11:375
62|1.1|636147909696337264|888125|50476.375|17.1514135166|106.95033336497|660955|393113||50476.375|320||31812.5|320|50476.375|888125|VJC167|0|2716|0|||3|3|0|1|1|132|146|["132,178,5,1870","132,146,5,1846","132,162,5"]|636148152763750000|14:01:16:375
62|1.1|636147909746272257|888125|50481.359375|17.1420257991|106.95604109721|661594|392089||50481.359375|320||31812.5|320|50481.359375|888125|VJC167|0|2716|0|||3|3|0|1|1|132|146|["132,178,5,1870","132,146,5,1846","132,162,5"]|636148152813590000|14:01:21:359
62|1.1|636147909796187248|888125|50486.359375|17.13189242861|106.96189366852|662252|390981||50486.359375|320||31831.25|320|50486.359375|888125|VJC167|0|2716|0|||3|3|0|1|1|132|146|["132,178,5,1870","132,146,5,1846","132,162,5"]|636148152863590000|14:01:26:359
62|1.1|636147909846112240|888125|50491.3359375|17.12225258384|106.96766577368|662899|389929||50491.3359375|320||31831.25|320|50491.3359375|888125|VJC167|0|2716|0|||3|3|0|1|1|132|146|["132,178,5,1870","132,146,5,1846","132,162,5"]|636148152913360000|14:01:31:336
62|1.1|636147909896037232|888125|50496.3359375|17.1125215441|106.97298190399|663497|388865||50496.3359375|320||31781.25|320|50496.3359375|888125|VJC167|0|2716|0|||3|3|0|1|1|132|146|["132,178,5,1870","132,146,5,1846","132,162,5"]|636148152963360000|14:01:36:336
62|1.1|636147909945952223|888125|50501.3359375|17.10352542853|106.97825511902|664089|387882||50501.3359375|320||31818.75|320|50501.3359375|888125|VJC167|0|2716|0|||3|3|0|1|1|132|178|["132,178,5,1870","132,146,5,1846","132,162,5"]|636148153013360000|14:01:41:336
62|1.1|636147909995877215|888125|50506.3203125|17.09427182128|106.98321183386|664648|386870||50506.3203125|320||31825|320|50506.3203125|888125|VJC167|0|2716|0|||3|3|0|1|1|132|178|["132,178,5,1870","132,146,5,1846","132,162,5"]|636148153063200000|14:01:46:320
62|1.1|636147910045792206|888125|50511.3203125|17.08539372273|106.98831875218|665222|385900||50511.3203125|320||31862.5|320|50511.3203125|888125|VJC167|0|2716|0|||3|3|0|1|1|132|178|["132,178,5,1870","132,146,5,1846","132,162,5"]|636148153113200000|14:01:51:320
62|1.1|636147910095727199|888125|50516.296875|17.07642979362|106.99355441634|665810|384921||50516.296875|320||31831.25|320|50516.296875|888125|VJC167|0|2716|0|||3|3|0|1|1|132|178|["132,178,5,1870","132,146,5,1846","132,162,5"]|636148153162970000|14:01:56:297
62|1.1|636147910145632189|888125|50521.296875|17.06787892408|106.99879544491|666397|383988||50521.296875|320||31837.5|320|50521.296875|888125|VJC167|0|2716|0|||3|3|0|1|1|132|163|["132,178,5,1870","132,146,5,1846","132,162,5"]|636148153212970000|14:02:01:297
62|1.1|636147910195567182|888125|50526.296875|17.05904910522|107.00352685453|666930|383022||50526.296875|320||31843.75|320|50526.296875|888125|VJC167|0|2716|0|||3|3|0|1|1|132|163|["132,178,5,1870","132,162,5"]|636148153262970000|14:02:06:297
62|1.1|636147910245482173|888125|50531.28125|17.05083619351|107.00804368775|667440|382125||50531.28125|320||31887.5|320|50531.28125|888125|VJC167|0|2716|0|||3|3|0|1|1|132|163|["132,178,5,1870","132,162,5"]|636148153312810000|14:02:11:281
62|1.1|636147910295397164|888125|50536.28125|17.04182934912|107.01303258905|668001|381140||50536.28125|320||31868.75|320|50536.28125|888125|VJC167|0|2716|0|||3|3|0|1|1|132|163|["132,178,5,1870","132,162,5"]|636148153362810000|14:02:16:281
62|1.1|636147910345332157|888125|50541.2578125|17.03444792096|107.01679304046|668427|380332||50541.2578125|320||31912.5|320|50541.2578125|888125|VJC167|0|2716|0|||3|3|0|1|1|132|163|["132,178,5,1870","132,162,5"]|636148153412580000|14:02:21:258
62|1.1|636147910395247148|888125|50546.2578125|17.025564458|107.0217497553|668985|379361||50546.2578125|320||31875|320|50546.2578125|888125|VJC167|0|2716|0|||3|3|0|1|1|132|163|["132,178,5,1870","132,162,5"]|636148153462580000|14:02:26:258
62|1.1|636147910445172140|888125|50551.2578125|17.01805964841|107.02573014752|669434|378540||50551.2578125|320||31887.5|320|50551.2578125|888125|VJC167|0|2716|0|||3|3|0|1|1|132|147|["132,178,5,1870","132,162,5"]|636148153512580000|14:02:31:258
62|1.1|636147910495097132|888125|50556.2421875|17.01005594869|107.03038109099|669957|377666||50556.2421875|320||31875|320|50556.2421875|888125|VJC167|0|2716|0|||3|3|0|1|1|132|178|["132,178,5,1870","132,162,5"]|636148153562420000|14:02:36:242
62|1.1|636147910529400562|X|50559.359375||||||||||||X|X|X|2716|||||||1|1|0|0|[]|636148153593590000|14:02:39:359
62|1.1|636147910538781500|888125|50552.65625|17.00835006631|107.03551483136|670511|377492||50552.65625|320||32000|320|50552.65625|888125|VJC167|0|2374|0|||3|3|3|1|1|132|163|["132,146,5,1854"]|636148153526560000|14:02:32:656
62|1.1|636147910545012123|888125|50561.2421875|17.01378957805|107.04305182741|671298|378120||50561.2421875|320||32650|320|50561.2421875|888125|VJC167|0|2374|0|||3|3|3|1|1|132|163|["132,146,5,1854"]|636148153612420000|14:02:41:242
62|1.1|636147910594927114|888125|50566.21875|16.98345920391|107.05014894184|672154|374774||50566.21875|320||32012.5|320|50566.21875|888125|VJC167|0|2374|0|||3|3|0|1|1|132|147|["132,146,5,1854","132,162,5"]|636148153662190000|14:02:46:219
62|1.1|636147910644852106|888125|50571.21875|16.97265528217|107.05580839439|672794|373592||50571.21875|320||32050|320.25|50571.21875|888125|VJC167|0|2374|0|||3|3|0|1|1|132|146|["132,146,5,1854","132,162,5"]|636148153712190000|14:02:51:219
62|1.1|636147910694777098|888125|50576.21875|16.96094477514|107.06202574558|673496|372312||50576.21875|320||32131.25|320.25|50576.21875|888125|VJC167|0|2374|0|||3|3|0|1|1|132|146|["132,178,5,1870","132,146,5,1854","132,162,5"]|636148153762190000|14:02:56:219
62|1.1|636147910744692089|888125|50581.1953125|16.95435727966|107.06712193508|674062|371596||50581.1953125|320||32018.75|320|50581.1953125|888125|VJC167|0|2374|0|||3|3|0|1|1|132|163|["132,178,5,1870","132,146,5,1854","132,162,5"]|636148153811950000|14:03:01:195
62|1.1|636147910794617081|888125|50586.1953125|16.94539335055|107.07255608241|674672|370618||50586.1953125|320||32000|320|50586.1953125|888125|VJC167|0|2374|0|||3|3|0|1|1|132|163|["132,178,5,1870","132,146,5,1854","132,162,5"]|636148153861950000|14:03:06:195
62|1.1|636147910844552074|888125|50591.1796875|16.93588761603|107.07760935663|675243|369578||50591.1796875|320||31981.25|320|50591.1796875|888125|VJC167|0|2374|0|||3|3|0|1|1|132|162|["132,178,5,1870","132,146,5,1854","132,162,5"]|636148153911800000|14:03:11:180
62|1.1|636147910894467065|888125|50596.1796875|16.92651062735|107.08280746992|675829|368553||50596.1796875|320||31968.75|320|50596.1796875|888125|VJC167|0|2374|0|||3|3|0|1|1|132|178|["132,178,5,1870","132,146,5,1854","132,162,5"]|636148153961800000|14:03:16:180
62|1.1|636147910944382056|888125|50601.1796875|16.91610367195|107.08985094025|676615|367420||50601.1796875|320||31968.75|320|50601.1796875|888125|VJC167|0|2374|0|||3|3|0|1|1|132|146|["132,178,5,1870","132,146,4,1854","132,162,5"]|636148154011800000|14:03:21:180
62|1.1|636147910994317049|888125|50606.15625|16.90669986122|107.09552648603|677252|366394||50606.15625|320||31962.5|320|50606.15625|888125|VJC167|0|2374|0|||3|3|0|1|1|132|146|["132,178,5,1870","132,146,4,1854","132,162,5"]|636148154061560000|14:03:26:156
62|1.1|636147911044222039|888125|50611.15625|16.89844403423|107.10111620125|677876|365494||50611.15625|320||31993.75|320|50611.15625|888125|VJC167|0|2374|0|||3|3|0|1|1|132|146|["132,178,5,1870","132,146,4,1859","132,162,5"]|636148154111560000|14:03:31:156
62|1.1|636147911094167033|888125|50616.140625|16.88937818133|107.10674346734|678507|364506||50616.140625|320||31993.75|320|50616.140625|888125|VJC167|0|2374|0|||3|3|0|1|1|132|146|["132,178,5,1870","132,146,4,1859","132,162,5"]|636148154161410000|14:03:36:141
62|1.1|636147911144062022|888125|50621.140625|16.88026941315|107.11217761467|679118|363511||50621.140625|320||32000|320|50621.140625|888125|VJC167|0|2374|0|||3|3|0|1|1|132|146|["132,178,5,1870","132,146,4,1859","132,162,5"]|636148154211410000|14:03:41:141
62|1.1|636147911193997015|888125|50626.140625|16.87104262795|107.1177190502|679740|362504||50626.140625|320||32006.25|320|50626.140625|888125|VJC167|0|2374|0|||3|3|0|1|1|132|146|["132,178,5,1870","132,146,4,1859","132,162,5"]|636148154261410000|14:03:46:141
62|1.1|636147911243922007|888125|50631.1171875|16.8609307151|107.12365208766|680408|361400||50631.1171875|320||32000|320|50631.1171875|888125|VJC167|0|2374|0|||3|3|0|1|1|132|146|["132,178,5,1870","132,146,4,1859","132,162,5"]|636148154311170000|14:03:51:117
62|1.1|636147911293836998|888125|50636.1171875|16.85187022661|107.12915060791|681025|360411||50636.1171875|320||32000|320|50636.1171875|888125|VJC167|0|2374|0|||3|3|0|1|1|132|146|["132,178,5,1870","132,146,4,1859","132,162,5"]|636148154361170000|14:03:56:117
62|1.1|636147911343751989|888125|50641.1015625|16.84255761085|107.13476178077|681655|359395||50641.1015625|320||32006.25|320|50641.1015625|888125|VJC167|0|2374|0|||3|3|0|1|1|132|146|["132,178,5,1870","132,146,4,1859","132,162,5"]|636148154411020000|14:04:01:102
62|1.1|636147911393696983|888125|50646.1015625|16.83343274944|107.14019056369|682265|358399||50646.1015625|320||32006.25|320|50646.1015625|888125|VJC167|0|2374|0|||3|3|0|1|1|132|146|["132,178,5,1870","132,146,4,1859","132,162,5"]|636148154461020000|14:04:06:102
62|1.1|636147911443601973|888125|50651.1015625|16.82324573485|107.14622016053|682943|357287||50651.1015625|320||32000|320|50651.1015625|888125|VJC167|0|2374|0|||3|3|0|1|1|132|146|["132,178,5,1870","132,146,4,1859","132,162,5"]|636148154511020000|14:04:11:102
62|1.1|636147911493516964|888125|50656.078125|16.81429789897|107.1516221214|683550|356310||50656.078125|320||32000|320|50656.078125|888125|VJC167|0|2374|0|||3|3|0|1|1|132|146|["132,178,5,1870","132,146,4,1859","132,162,5"]|636148154560780000|14:04:16:078
62|1.1|636147911543441956|888125|50661.078125|16.8049799188|107.15727084513|684185|355294||50661.078125|320||32006.25|320|50661.078125|888125|VJC167|0|2374|0|||3|3|0|1|1|132|146|["132,178,5,1870","132,146,4,1859","132,162,5"]|636148154610780000|14:04:21:078
62|1.1|636147911593366948|888125|50666.0625|16.7946802516|107.16291420445|684822|354168||50666.0625|320||31987.5|320|50666.0625|888125|VJC167|0|2374|0|||3|3|0|1|1|132|146|["132,178,5,1870","132,146,4,1859","132,162,5"]|636148154660630000|14:04:26:063
62|1.1|636147911643291940|888125|50671.0625|16.78502967801|107.16878286899|685481|353115||50671.0625|320||31987.5|320|50671.0625|888125|VJC167|0|2374|0|||3|3|0|1|1|132|146|["132,178,5,1870","132,146,4,1859","132,162,5"]|636148154710630000|14:04:31:063
62|1.1|636147911693206931|888125|50676.0625|16.77621595238|107.17391124495|686058|352153||50676.0625|320||31987.5|320|50676.0625|888125|VJC167|0|2374|0|||3|3|0|1|1|132|146|["132,178,5,1870","132,146,4,1859","132,162,5"]|636148154760630000|14:04:36:063
62|1.1|636147911743131923|888125|50681.0390625|16.76681750606|107.17936148551|686672|351127||50681.0390625|320||31981.25|320|50681.0390625|888125|VJC167|0|2374|0|||3|3|0|1|1|132|162|["132,178,5,1870","132,146,4,1859","132,162,5"]|636148154810390000|14:04:41:039
62|1.1|636147911793046914|888125|50686.0390625|16.75816471273|107.18482245489|687285|350183||50686.0390625|320||31993.75|320|50686.0390625|888125|VJC167|0|2374|0|||3|3|0|1|1|132|163|["132,178,5,1870","132,146,4,1859","132,162,5"]|636148154860390000|14:04:46:039
62|1.1|636147911842971906|888125|50691.015625|16.74752172329|107.19132948422|688015|349022||50691.015625|320||32000|320|50691.015625|888125|VJC167|0|2374|0|||3|3|0|1|1|132|163|["132,178,5,1870","132,146,4,1859","132,162,5"]|636148154910160000|14:04:51:016
62|1.1|636147911892896898|888125|50696.015625|16.73996863401|107.19586241067|688525|348198||50696.015625|320||32000|320|50696.015625|888125|VJC167|0|2374|0|||3|3|0|1|1|132|163|["132,178,5,1870","132,146,4,1859","132,162,5"]|636148154960160000|14:04:56:016
62|1.1|636147911942821890|888125|50701.015625|16.73051117918|107.20126437154|689134|347165||50701.015625|320||31987.5|320|50701.015625|888125|VJC167|0|2374|0|||3|3|0|1|1|132|163|["132,178,5,1870","132,146,4,1859","132,162,5"]|636148155010160000|14:05:01:016
62|1.1|636147911992736881|888125|50706|16.72052264776|107.20713303608|689795|346075||50706|320||31987.5|320|50706|888125|VJC167|0|2374|0|||3|3|0|1|1|132|163|["132,178,5,1870","132,146,4,1859","132,162,5"]|636148155060000000|14:05:06:000
62|1.1|636147912042661873|888125|50711|16.71049120106|107.21315726851|690472|344980||50711|320||31981.25|320|50711|888125|VJC167|0|2374|0|||3|3|0|1|1|132|178|["132,178,5,1870","132,146,4,1859","132,162,5"]|636148155110000000|14:05:11:000
62|1.1|636147912092586865|888125|50715.9765625|16.70063677989|107.21912785684|691143|343905||50715.9765625|320||31987.5|320|50715.9765625|888125|VJC167|0|2374|0|||3|3|0|1|1|132|162|["132,178,5,1870","132,162,5"]|636148155159770000|14:05:15:977
62|1.1|636147912142511857|888125|50720.9765625|16.69168894401|107.22425086839|691721|342927||50720.9765625|320||31981.25|320|50720.9765625|888125|VJC167|0|2374|0|||3|3|0|1|1|132|162|["132,178,5,1870","132,162,5"]|636148155209770000|14:05:20:977
62|1.1|636147912192426848|888125|50725.9765625|16.68307370155|107.22961527839|692324|341988||50725.9765625|320||31993.75|320|50725.9765625|888125|VJC167|0|2374|0|||3|3|0|1|1|132|163|["132,178,5,1870","132,162,5"]|636148155259770000|14:05:25:977
62|1.1|636147912242351840|888125|50730.9609375|16.67386300958|107.23486703578|692916|340982||50730.9609375|320||31987.5|320|50730.9609375|888125|VJC167|0|2374|0|||3|3|0|1|1|132|163|["132,178,5,1870","132,162,5"]|636148155309610000|14:05:30:961
62|1.1|636147912292276832|888125|50735.9609375|16.66400858841|107.2407249715|693575|339907||50735.9609375|320||31987.5|320|50735.9609375|888125|VJC167|0|2374|0|||3|3|0|1|1|132|162|["132,178,5,1870","132,162,5"]|636148155359610000|14:05:35:961
62|1.1|636147912342191823|888125|50740.9375|16.65414880283|107.24695841592|694275|338832||50740.9375|320||32000|320|50740.9375|888125|VJC167|0|2374|0|||3|3|0|1|1|132|163|["132,178,5,1870","132,162,5"]|636148155409380000|14:05:40:938
62|1.1|636147912392116815|888125|50745.9375|16.64539408571|107.25218335126|694863|337876||50745.9375|320.25||32012.5|320|50745.9375|888125|VJC167|0|2374|0|||3|3|0|1|1|132|163|["132,178,5,1870","132,162,5"]|636148155459380000|14:05:45:938
62|1.1|636147912442031806|888125|50750.9375|16.63645697865|107.25765504946|695478|336902||50750.9375|320.25||32025|320|50750.9375|888125|VJC167|0|2374|0|||3|3|0|1|1|132|163|["132,178,5,1870","132,162,5"]|636148155509380000|14:05:50:938
62|1.1|636147912491956798|888125|50755.921875|16.62683322711|107.26285852716|696067|335850||50755.921875|320.25||32012.5|320|50755.921875|888125|VJC167|0|2374|0|||3|3|0|1|1|132|162|["132,178,5,1870","132,162,5"]|636148155559220000|14:05:55:922
62|1.1|636147912541871789|888125|50760.921875|16.61738113669|107.26833022536|696684|334818||50760.921875|320.25||32006.25|320|50760.921875|888125|VJC167|0|2374|0|||3|3|0|1|1|132|163|["132,178,5,1870","132,162,5"]|636148155609220000|14:06:00:922
62|1.1|636147912591796781|888125|50765.8984375|16.60772519869|107.27346933014|697265|333762||50765.8984375|320.25||31962.5|320|50765.8984375|888125|VJC167|0|2374|0|||3|3|0|1|1|132|162|["132,178,5,1870","132,162,5"]|636148155658980000|14:06:05:898
62|1.1|636147912641721773|888125|50770.8984375|16.59913141387|107.27931117263|697920|332827||50770.8984375|320.25||32000|320|50770.8984375|888125|VJC167|0|2374|0|||3|3|0|1|1|132|162|["132,178,5,1870","132,162,5"]|636148155708980000|14:06:10:898
62|1.1|636147912691636764|888125|50775.8984375|16.58951302674|107.28453610797|698511|331776||50775.8984375|320.25||31968.75|320|50775.8984375|888125|VJC167|0|2374|0|||3|3|0|1|1|132|162|["132,178,5,1870","132,162,5"]|636148155758980000|14:06:15:898
62|1.1|636147912741561756|888125|50780.875|16.57964251234|107.29105386612|699241|330701||50780.875|320.25||31993.75|320|50780.875|888125|VJC167|0|2374|0|||3|3|0|1|1|132|163|["132,178,5,1870","132,162,5"]|636148155808750000|14:06:20:875
62|1.1|636147912791506750|888125|50785.875|16.56986855732|107.29674550513|699883|329634||50785.875|320.25||31993.75|320|50785.875|888125|VJC167|0|2374|0|||3|3|0|1|1|132|163|["132,178,5,1870","132,162,5"]|636148155858750000|14:06:25:875
62|1.1|636147912841401739|888125|50790.859375|16.56110847579|107.30215819482|700492|328678||50790.859375|320.25||32012.5|320|50790.859375|888125|VJC167|0|2374|0|||3|3|0|1|1|132|163|["132,178,5,1870","132,162,5"]|636148155908590000|14:06:30:859
62|1.1|636147912891346733|888125|50795.859375|16.55145253779|107.30738313016|701083|327623||50795.859375|320.25||31987.5|320|50795.859375|888125|VJC167|0|2374|0|||3|3|0|1|1|132|163|["132,178,5,1870","132,162,5"]|636148155958590000|14:06:35:859
62|1.1|636147912941251723|888125|50800.859375|16.54278901564|107.31288165041|701701|326679||50800.859375|320.25||32006.25|320|50800.859375|888125|VJC167|0|2374|0|||3|3|0|1|1|132|162|["132,178,5,1870","132,162,5"]|636148156008590000|14:06:40:859
62|1.1|636147912991166714|888125|50805.8359375|16.53318135733|107.31798320432|702279|325628||50805.8359375|320.25||31981.25|320|50805.8359375|888125|VJC167|0|2374|0|||3|3|0|1|1|132|162|["132,178,5,1870","132,162,5"]|636148156058360000|14:06:45:836
62|1.1|636147913041111708|888125|50810.8359375|16.52334302939|107.32415764023|702973|324556||50810.8359375|320.25||31993.75|320|50810.8359375|888125|VJC167|0|2374|0|||3|3|0|1|1|132|162|["132,178,5,1870","132,162,5"]|636148156108360000|14:06:50:836
62|1.1|636147913091016698|888125|50815.8203125|16.51497454979|107.32969907576|703594|323645||50815.8203125|320.25||32012.5|320|50815.8203125|888125|VJC167|0|2374|0|||3|3|0|1|1|132|163|["132,178,5,1870","132,162,5"]|636148156158200000|14:06:55:820
62|1.1|636147913140941690|888125|50820.8203125|16.50538298471|107.33491328228|704184|322596||50820.8203125|320.25||31987.5|320|50820.8203125|888125|VJC167|0|2374|0|||3|3|0|1|1|132|162|["132,178,5,1870","132,162,5"]|636148156208200000|14:07:00:820
62|1.1|636147913190856681|888125|50825.8203125|16.49556075|107.3411467267|704885|321526||50825.8203125|320.25||32000|320|50825.8203125|888125|VJC167|0|2374|0|||3|3|0|1|1|132|163|["132,178,5,1870","132,162,5"]|636148156258200000|14:07:05:820
62|1.1|636147913240781673|888125|50830.796875|16.4860657443|107.3463502044|705474|320488||50830.796875|320.25||31968.75|320|50830.796875|888125|VJC167|0|2374|0|||3|3|0|1|1|132|162|["132,178,5,1870","132,162,5"]|636148156307970000|14:07:10:797
62|1.1|636147913290706665|888125|50835.796875|16.47749878153|107.3518755467|706094|319555||50835.796875|320||32006.25|320|50835.796875|888125|VJC167|0|2374|0|||3|3|0|1|1|132|162|["132,178,5,1870","132,162,5"]|636148156357970000|14:07:15:797
62|1.1|636147913340621656|888125|50840.78125|16.46822371664|107.35731505844|706708|318543||50840.78125|320||31993.75|320|50840.78125|888125|VJC167|0|2374|0|||3|3|0|1|1|132|178|["132,178,5,1870","132,162,5"]|636148156407810000|14:07:20:781
62|1.1|636147913390546648|888125|50845.78125|16.45924905871|107.36291550248|707338|317565||50845.78125|320||31987.5|320|50845.78125|888125|VJC167|0|2374|0|||3|3|0|1|1|132|162|["132,178,5,1870","132,162,5"]|636148156457810000|14:07:25:781
62|1.1|636147913440461639|888125|50850.78125|16.44887428977|107.36896655696|708021|316432||50850.78125|320||31975|320|50850.78125|888125|VJC167|0|2374|0|||3|3|0|1|1|132|163|["132,178,5,1870","132,162,5"]|636148156507810000|14:07:30:781
62|1.1|636147913490386631|888125|50855.7578125|16.44020540321|107.37434706019|708626|315487||50855.7578125|320||31987.5|320|50855.7578125|888125|VJC167|0|2374|0|||3|3|0|1|1|132|163|["132,178,5,1870","132,162,5"]|636148156557580000|14:07:35:758
62|1.1|636147913540311623|888125|50860.7578125|16.43079622807|107.37951298702|709211|314459||50860.7578125|320||31962.5|320|50860.7578125|888125|VJC167|0|2374|0|||3|3|0|1|1|132|162|["132,178,5,1870","132,162,5"]|636148156607580000|14:07:40:758
62|1.1|636147913590236615|888125|50865.7421875|16.42202541772|107.38499541404|709828|313503||50865.7421875|320||31987.5|320|50865.7421875|888125|VJC167|0|2374|0|||3|3|0|1|1|132|163|["132,178,5,1870","132,162,5"]|636148156657420000|14:07:45:742
62|1.1|636147913640161607|888125|50870.7421875|16.41300784451|107.39047247665|710445|312520||50870.7421875|320||31993.75|320|50870.7421875|888125|VJC167|0|2374|0|||3|3|0|1|1|132|162|["132,178,5,1870","132,162,5"]|636148156707420000|14:07:50:742
62|1.1|636147913690076598|888125|50875.7421875|16.40308368601|107.39638942088|711112|311437||50875.7421875|320||31993.75|320|50875.7421875|888125|VJC167|0|2374|0|||3|3|0|1|1|132|162|["132,178,5,1870","132,162,5"]|636148156757420000|14:07:55:742
62|1.1|636147913740001590|888125|50880.71875|16.39270355266|107.40277306878|711831|310305||50880.71875|320||32006.25|320|50880.71875|888125|VJC167|0|2374|0|||3|3|0|1|1|132|163|["132,178,5,1870","132,162,5"]|636148156807190000|14:08:00:719
62|1.1|636147913789926582|888125|50885.71875|16.38332656398|107.40810529232|712434|309281||50885.71875|320||31993.75|320|50885.71875|888125|VJC167|0|2374|0|||3|3|0|1|1|132|163|["132,178,5,1870","132,162,5"]|636148156857190000|14:08:05:719
62|1.1|636147913839851574|888125|50890.6953125|16.3750761014|107.41306200716|712993|308381||50890.6953125|320||31993.75|320|50890.6953125|888125|VJC167|0|2374|0|||3|3|0|1|1|132|163|["132,178,5,1870","132,162,5"]|636148156906950000|14:08:10:695
62|1.1|636147913889766565|888125|50895.6953125|16.3652592311|107.41864635797|713625|307309||50895.6953125|320||31981.25|320|50895.6953125|888125|VJC167|0|2374|0|||3|3|0|1|1|132|163|["132,178,5,1870","132,162,5"]|636148156956950000|14:08:15:695
62|1.1|636147913939691557|888125|50900.6953125|16.35637576814|107.42403759002|714232|306340||50900.6953125|320||31987.5|320|50900.6953125|888125|VJC167|0|2374|0|||3|3|0|1|1|132|163|["132,178,5,1870","132,162,5"]|636148157006950000|14:08:20:695
62|1.1|636147913989606548|888125|50905.6796875|16.34661254194|107.4296594917|714867|305275||50905.6796875|320||31981.25|320|50905.6796875|888125|VJC167|0|2374|0|||3|3|0|1|1|132|163|["132,178,5,1870","132,162,5"]|636148157056800000|14:08:25:680
62|1.1|636147914039521539|888125|50910.6796875|16.33709071419|107.43537795276|715512|304236||50910.6796875|320||31987.5|320|50910.6796875|888125|VJC167|0|2374|0|||3|3|0|1|1|132|163|["132,162,5"]|636148157106800000|14:08:30:680
62|1.1|636147914089446531|888125|50915.65625|16.32856130229|107.44067798984|716109|303306||50915.65625|320||31993.75|320|50915.65625|888125|VJC167|0|2374|0|||3|3|0|1|1|132|162|["132,162,5"]|636148157156560000|14:08:35:656
62|1.1|636147914139371523|888125|50920.65625|16.31893218634|107.44653056115|716769|302256||50920.65625|319.75||31975|319.75|50920.65625|888125|VJC167|0|2374|0|||3|3|0|1|1|132|162|["132,162,5"]|636148157206560000|14:08:40:656
62|1.1|636147914189286514|888125|50925.65625|16.30920651101|107.45202371699|717390|301194||50925.65625|319.75||31956.25|319.75|50925.65625|888125|VJC167|0|2374|0|||3|3|0|1|1|132|162|["132,162,5"]|636148157256560000|14:08:45:656
62|1.1|636147914239221507|888125|50930.640625|16.30081120936|107.45717355059|717971|300279||50930.640625|319.75||31968.75|319.75|50930.640625|888125|VJC167|0|2374|0|||3|3|0|1|1|132|162|["132,162,5"]|636148157306410000|14:08:50:641
62|1.1|636147914289156500|888125|50935.640625|16.29172389882|107.46253796059|718577|299288||50935.640625|319.75||31956.25|319.75|50935.640625|888125|VJC167|0|2374|0|||3|3|0|1|1|132|162|["132,162,5"]|636148157356410000|14:08:55:641
62|1.1|636147914339051489|888125|50940.6171875|16.28271169002|107.46791309941|719184|298304||50940.6171875|319.75||31956.25|319.75|50940.6171875|888125|VJC167|0|2374|0|||3|3|0|1|1|132|163|["132,178,4,1870","132,162,5"]|636148157406170000|14:09:00:617
62|1.1|636147914388976481|888125|50945.6171875|16.2739033288|107.47335797556|719797|297345||50945.6171875|319.75||31950|319.75|50945.6171875|888125|VJC167|0|2374|0|||3|3|0|1|1|132|163|["132,178,4,1870","132,162,5"]|636148157456170000|14:09:05:617
62|1.1|636147914438901473|888125|50950.6171875|16.26422056875|107.47887258904|720421|296287||50950.6171875|319.75||31962.5|319.75|50950.6171875|888125|VJC167|0|2374|0|||3|3|0|1|1|132|163|["132,178,5,1965","132,162,5"]|636148157506170000|14:09:10:617
62|1.1|636147914488816464|888125|50955.6015625|16.25549803809|107.48414580407|721016|295336||50955.6015625|319.75||31950|319.75|50955.6015625|888125|VJC167|0|2374|0|||3|3|0|1|1|132|162|["132,178,5,1965","132,162,5"]|636148157556020000|14:09:15:602
62|1.1|636147914538741456|888125|50960.6015625|16.24503207418|107.49035242644|721717|294195||50960.6015625|319.75||31956.25|319.75|50960.6015625|888125|VJC167|0|2374|0|||3|3|0|1|1|132|162|["132,178,5,1965","132,162,5"]|636148157606020000|14:09:20:602
62|1.1|636147914588666448|888125|50965.578125|16.2362988147|107.49567392116|722317|293242||50965.578125|319.75||31968.75|319.75|50965.578125|888125|VJC167|0|2374|0|||3|3|0|1|1|132|162|["132,178,5,1965","132,162,5"]|636148157655780000|14:09:25:578
62|1.1|636147914638591440|888125|50970.578125|16.22671797844|107.50087203445|722907|292195||50970.578125|319.75||31950|319.75|50970.578125|888125|VJC167|0|2374|0|||3|3|0|1|1|132|162|["132,178,5,1965","132,162,5"]|636148157705780000|14:09:30:578
62|1.1|636147914688506431|888125|50975.578125|16.21673481143|107.50682116514|723579|291107||50975.578125|319.75||31956.25|319.75|50975.578125|888125|VJC167|0|2374|0|||3|3|0|1|1|132|162|["132,178,5,1965","132,162,5"]|636148157755780000|14:09:35:578
62|1.1|636147914738431423|888125|50980.5625|16.20712178871|107.51202464284|724170|290056||50980.5625|319.75||31931.25|319.75|50980.5625|888125|VJC167|0|2374|0|||3|3|0|1|1|132|162|["132,178,5,1965","132,162,5"]|636148157805630000|14:09:40:563
62|1.1|636147914788356415|888125|50985.5625|16.19761068978|107.5182795449|724873|289021||50985.5625|319.75||31956.25|319.75|50985.5625|888125|VJC167|0|2374|0|||3|3|0|1|1|132|163|["132,178,5,1965","132,162,5"]|636148157855630000|14:09:45:563
62|1.1|636147914838271406|888125|50990.5390625|16.18813177731|107.52376733633|725494|287986||50990.5390625|319.75||31956.25|319.75|50990.5390625|888125|VJC167|0|2374|0|||3|3|0|1|1|132|163|["132,178,5,1965","132,162,5"]|636148157905390000|14:09:50:539
62|1.1|636147914888206399|888125|50995.5390625|16.17874942422|107.52942678888|726133|286963||50995.5390625|319.75||31956.25|319.75|50995.5390625|888125|VJC167|0|2374|0|||3|3|0|1|1|132|163|["132,178,5,1965","132,162,5"]|636148157955390000|14:09:55:539
62|1.1|636147914938121390|888125|51000.5390625|16.17021464791|107.53466781745|726724|286033||51000.5390625|319.75||31975|319.75|51000.5390625|888125|VJC167|0|2374|0|||3|3|0|1|1|132|162|["132,178,5,1965","132,162,5"]|636148158005390000|14:10:00:539
62|1.1|636147914988036381|888125|51005.515625|16.16156721899|107.53994103248|727319|285090||51005.515625|319.75||31981.25|319.75|51005.515625|888125|VJC167|0|2374|0|||3|3|0|1|1|132|162|["132,178,5,1965","132,162,5"]|636148158055160000|14:10:05:516
62|1.1|636147915037961373|888125|51010.515625|16.15278031541|107.54525179838|727919|284132||51010.515625|319.75||32000|320|51010.515625|888125|VJC167|0|2374|0|||3|3|0|1|1|132|162|["132,178,5,1965","132,162,5"]|636148158105160000|14:10:10:516
62|1.1|636147915087876364|888125|51015.5|16.14106980838|107.55189293796|728671|282854||51015.5|320||31993.75|320|51015.5|888125|VJC167|0|2374|0|||3|3|0|1|1|132|163|["132,178,5,1965","132,162,5"]|636148158155000000|14:10:15:500
62|1.1|636147915137811357|888125|51020.5|16.1331948545|107.55662434758|729206|281995||51020.5|320||32000|320|51020.5|888125|VJC167|0|2374|0|||3|3|0|1|1|132|163|["132,178,5,1965","132,162,5"]|636148158205000000|14:10:20:500
62|1.1|636147915187726348|888125|51025.5|16.12388223874|107.56191365584|729805|280978||51025.5|320||31987.5|320|51025.5|888125|VJC167|0|2374|0|||3|3|0|1|1|132|163|["132,178,5,1965","132,162,5"]|636148158255000000|14:10:25:500
62|1.1|636147915237641339|888125|51030.4765625|16.11480565702|107.56732634553|730417|279988||51030.4765625|320||31993.75|320|51030.4765625|888125|VJC167|0|2374|0|||3|3|0|1|1|132|162|["132,178,5,1965","132,162,5"]|636148158304770000|14:10:30:477
62|1.1|636147915287566331|888125|51035.4765625|16.10573980412|107.57279804373|731035|279000||51035.4765625|320||31993.75|320|51035.4765625|888125|VJC167|0|2374|0|||3|3|0|1|1|132|162|["132,178,5,1965","132,162,5"]|636148158354770000|14:10:35:477
62|1.1|636147915337491323|888125|51040.4609375|16.09673295973|107.57824291988|731650|278017||51040.4609375|320||32018.75|320|51040.4609375|888125|VJC167|0|2374|0|||3|3|0|1|1|132|162|["132,178,5,1965","132,162,5"]|636148158404610000|14:10:40:461
62|1.1|636147915387406314|888125|51045.4609375|16.08658349601|107.58409012678|732312|276910||51045.4609375|320.25||32012.5|320|51045.4609375|888125|VJC167|0|2374|0|||3|3|0|1|1|132|163|["132,178,5,1965","132,162,5"]|636148158454610000|14:10:45:461
62|1.1|636147915437331306|888125|51050.4609375|16.07730306671|107.58955109616|732930|275898||51050.4609375|320.25||32012.5|320|51050.4609375|888125|VJC167|0|2374|0|||3|3|0|1|1|132|163|["132,178,5,1965","132,162,5"]|636148158504610000|14:10:50:461
62|1.1|636147915487256298|888125|51055.4375|16.06823721381|107.59503352318|733549|274909||51055.4375|320.25||32018.75|320|51055.4375|888125|VJC167|0|2374|0|||3|3|0|1|1|132|162|["132,178,5,1965","132,162,5"]|636148158554380000|14:10:55:438
62|1.1|636147915537171289|888125|51060.4375|16.05885486072|107.60056422989|734175|273886||51060.4375|320.25||32018.75|320|51060.4375|888125|VJC167|0|2374|0|||3|3|0|1|1|132|162|["132,178,5,1965","132,162,5"]|636148158604380000|14:11:00:438
62|1.1|636147915587096281|888125|51065.421875|16.04867857495|107.60629341977|734825|272775||51065.421875|320.25||32006.25|320|51065.421875|888125|VJC167|0|2374|0|||3|3|0|1|1|132|162|["132,178,5,1965","132,162,5"]|636148158654220000|14:11:05:422
