62|1.1|636147910023940021|8961a4|50508.6796875|11.46974158038|104.7324877878|434979|-241893||50508.6796875|313.75||31381.25|313.75|50508.6796875|8961a4|ETD440|0|2318|587.5|||3|3|1|1|1|132|162|["132,162,5"]|636148153086800000|14:01:48:680
62|1.1|636147910036431270|8961a4|50510.375|11.47180687823|104.72970365901|434671|-241669||50510.375|313.75||31393.75|314.25|50510.375|8961a4|ETD440|0|2318|587.5|||3|3|1|1|1|132|162|["132,162,5"]|636148153103750000|14:01:50:375
62|1.1|636147910086356262|8961a4|50515.375|11.47798131414|104.71403958181|432949|-241011||50515.375|314.25||31443.75|314.5|50515.375|8961a4|ETD440|0|2318|587.5|||3|3|1|1|1|132|162|["132,162,5"]|636148153153750000|14:01:55:375
62|1.1|636147910136271253|8961a4|50520.359375|11.48383388545|104.70348242293|431786|-240380||50520.359375|314.25||31506.25|315.25|50520.359375|8961a4|ETD440|0|2318|587.5|||3|3|1|1|1|132|162|["132,162,5"]|636148153203590000|14:02:00:359
62|1.1|636147910186196245|8961a4|50525.359375|11.48997077049|104.69240491628|430565|-239718||50525.359375|314.25||31550|315.5|50525.359375|8961a4|ETD440|0|2318|587.5|||3|3|1|1|1|132|162|["132,162,5"]|636148153253590000|14:02:05:359
62|1.1|636147910236111236|8961a4|50530.3359375|11.49616129963|104.6812576723|429337|-239051||50530.3359375|314.25||31587.5|316.25|50530.3359375|8961a4|ETD440|0|2318|587.5|||3|3|1|1|1|132|162|[]|636148153303360000|14:02:10:336
62|1.1|636147910286036228|8961a4|50535.3359375|11.50253958312|104.69383721375|430701|-238323||50535.3359375|318.25||31831.25|318.5|50535.3359375|8961a4|ETD440|0|2318|1100|||3|3|1|1|1|132|162|["132,162,5"]|636148153353360000|14:02:15:336
62|1.1|636147910335951219|8961a4|50540.3359375|11.5085906376|104.68123621466|429314|-237674||50540.3359375|319.75||31975|320.25|50540.3359375|8961a4|ETD440|0|2318|1418.75|||3|3|1|1|1|132|162|["132,162,5"]|636148153403360000|14:02:20:336
62|1.1|636147910385876211|8961a4|50545.3203125|11.51477580233|104.66851719855|427915|-237010||50545.3203125|321||32106.25|321.5|50545.3203125|8961a4|ETD440|0|2318|1518.75|||3|3|1|1|1|132|162|["132,162,5"]|636148153453200000|14:02:25:320
62|1.1|636147910438921515|8961a4|50550.6171875|11.5214115775|104.65507398709|426435|-236296||50550.6171875|322.25||32250|322.75|50550.6171875|8961a4|ETD440|0|2318|1537.5|||3|3|1|1|1|132|162|["132,162,5"]|636148153506170000|14:02:30:617
62|1.1|636147910488846507|8961a4|50555.6171875|11.52748945403|104.64790713533|425642|-235635||50555.6171875|323.5||32375|324.25|50555.6171875|8961a4|ETD440|0|2318|1518.75|||3|3|1|1|1|132|162|["132,162,5"]|636148153556170000|14:02:35:617
62|1.1|636147910538781500|8961a4|50560.6171875|11.5335887882|104.63908268088|424668|-234973||50560.6171875|323.5||32493.75|325.25|50560.6171875|8961a4|ETD440|0|2318|1518.75|||3|3|1|1|1|132|162|["132,162,5"]|636148153606170000|14:02:40:617
62|1.1|636147910588696491|8961a4|50565.6015625|11.53968275796|104.63027431966|423696|-234313||50565.6015625|323.5||32612.5|326.5|50565.6015625|8961a4|ETD440|0|2318|1518.75|||3|3|1|1|1|132|162|[]|636148153656020000|14:02:45:602
62|1.1|636147910638611482|8961a4|50570.6015625|11.54577136331|104.62147668726|422725|-233653||50570.6015625|326.75||32725|327.25|50570.6015625|8961a4|ETD440|0|2318|1375|||3|3|1|1|1|132|162|["132,162,5"]|636148153706020000|14:02:50:602
62|1.1|636147910688526473|8961a4|50575.578125|11.55173658723|104.61388604711|421886|-233004||50575.578125|327.75||32825|328.25|50575.578125|8961a4|ETD440|0|2318|1300|||3|3|1|1|1|132|162|["132,162,5"]|636148153755780000|14:02:55:578
62|1.1|636147910738451465|8961a4|50580.578125|11.55780909935|104.60479337216|420883|-232346||50580.578125|329||32943.75|329.25|50580.578125|8961a4|ETD440|0|2318|1300|||3|3|1|1|1|132|162|["132,162,5"]|636148153805780000|14:03:00:578
62|1.1|636147910788376457|8961a4|50585.578125|11.5638440606|104.59630151113|419946|-231692||50585.578125|330||33050|330.25|50585.578125|8961a4|ETD440|0|2318|1300|||3|3|1|1|1|132|162|["132,162,5"]|636148153855780000|14:03:05:578
62|1.1|636147910838291448|8961a4|50590.5625|11.57007750502|104.58642026791|418856|-231017||50590.5625|331.25||33181.25|331.5|50590.5625|8961a4|ETD440|0|2318|1318.75|||3|3|1|1|1|132|162|["132,162,5"]|636148153905630000|14:03:10:563
62|1.1|636147910888226441|8961a4|50595.5625|11.57615538155|104.57683943165|417800|-230359||50595.5625|332.25||33293.75|332.75|50595.5625|8961a4|ETD440|0|2318|1318.75|||3|3|1|1|1|132|162|["132,162,5"]|636148153955630000|14:03:15:563
62|1.1|636147910938141432|8961a4|50600.5390625|11.58215279193|104.56779503639|416803|-229709||50600.5390625|333.5||33412.5|333.75|50600.5390625|8961a4|ETD440|0|2318|1356.25|||3|3|1|1|1|132|162|["132,162,5"]|636148154005390000|14:03:20:539
62|1.1|636147910988056423|8961a4|50605.5390625|11.58813410908|104.55939973474|415876|-229060||50605.5390625|334.75||33518.75|335.25|50605.5390625|8961a4|ETD440|0|2318|1400|||3|3|1|1|1|132|162|["132,162,5"]|636148154055390000|14:03:25:539
62|1.1|636147911037981415|8961a4|50610.5390625|11.59409396859|104.55119218744|414970|-228413||50610.5390625|336||33637.5|336.25|50610.5390625|8961a4|ETD440|0|2318|1418.75|||3|3|1|1|1|132|163|["132,162,5"]|636148154105390000|14:03:30:539
62|1.1|636147911087906407|8961a4|50615.515625|11.5999465399|104.5439287763|414168|-227776||50615.515625|337.25||33737.5|337.25|50615.515625|8961a4|ETD440|0|2318|1356.25|||3|3|1|1|1|132|163|["132,162,5"]|636148154155160000|14:03:35:516
62|1.1|636147911137821398|8961a4|50620.515625|11.60579911121|104.53664390752|413363|-227139||50620.515625|338.25||33837.5|338.25|50620.515625|8961a4|ETD440|0|2318|1318.75|||3|3|1|1|1|132|163|["132,162,5"]|636148154205160000|14:03:40:516
62|1.1|636147911187756391|8961a4|50625.5|11.61260118309|104.50421068466|409811|-226437||50625.5|339||33931.25|339.25|50625.5|8961a4|ETD440|0|2318|1281.25|||3|3|1|1|1|132|162|["132,162,5"]|636148154255000000|14:03:45:500
62|1.1|636147911237671382|8961a4|50630.5|11.61857713583|104.49418460237|408706|-225791||50630.5|340||34031.25|340.25|50630.5|8961a4|ETD440|0|2318|1237.5|||3|3|1|1|1|132|162|["132,162,5"]|636148154305000000|14:03:50:500
62|1.1|636147911287596374|8961a4|50635.5|11.62389863055|104.48571419898|407773|-225215||50635.5|341||34106.25|341.25|50635.5|8961a4|ETD440|0|2318|1200|||3|3|1|1|1|132|162|["132,162,5"]|636148154355000000|14:03:55:500
62|1.1|636147911337511365|8961a4|50640.4765625|11.62972974422|104.47634257471|406741|-224583||50640.4765625|342||34187.5|342.25|50640.4765625|8961a4|ETD440|0|2318|1200|||3|3|1|1|1|132|162|["132,162,5"]|636148154404770000|14:04:00:477
62|1.1|636147911387436357|8961a4|50645.4765625|11.63611875653|104.46821549356|405843|-223889||50645.4765625|342.75||34293.75|343.25|50645.4765625|8961a4|ETD440|0|2318|1162.5|||3|3|1|1|1|132|162|["132,162,5"]|636148154454770000|14:04:05:477
62|1.1|636147911437371350|8961a4|50650.4609375|11.64212689573|104.45931593737|404862|-223237||50650.4609375|342.75||34387.5|344.25|50650.4609375|8961a4|ETD440|0|2318|1162.5|||3|3|1|1|1|132|162|["132,162,5"]|636148154504610000|14:04:10:461
62|1.1|636147911487276340|8961a4|50655.4609375|11.64812430611|104.45042174559|403882|-222586||50655.4609375|342.75||34481.25|345.25|50655.4609375|8961a4|ETD440|0|2318|1162.5|||3|3|1|1|1|132|162|[]|636148154554610000|14:04:15:461
62|1.1|636147911537201332|8961a4|50660.4609375|11.65472253041|104.44241268146|402997|-221868||50660.4609375|345.75||34543.75|346.25|50660.4609375|8961a4|ETD440|0|2318|1162.5|||3|3|1|1|1|132|162|["132,162,5"]|636148154604610000|14:04:20:461
62|1.1|636147911587116323|8961a4|50665.4375|11.66102034775|104.43394227807|402062|-221184||50665.4375|346.5||34631.25|346.75|50665.4375|8961a4|ETD440|0|2318|1081.25|||3|3|1|1|1|132|162|["132,162,5"]|636148154654380000|14:04:25:438
62|1.1|636147911637051316|8961a4|50670.4375|11.66723233453|104.4253216712|401112|-220509||50670.4375|346.5||34725|347.5|50670.4375|8961a4|ETD440|0|2318|1081.25|||3|3|1|1|1|132|162|["132,162,5"]|636148154704380000|14:04:30:438
62|1.1|636147911686966307|8961a4|50675.421875|11.67339604162|104.41676543725|400168|-219839||50675.421875|346.5||34812.5|348.5|50675.421875|8961a4|ETD440|0|2318|1081.25|||3|3|1|1|1|132|162|[]|636148154754220000|14:04:35:422
62|1.1|636147911736881298|8961a4|50680.421875|11.67958657076|104.40819311007|399222|-219167||50680.421875|346.5||34900|349.5|50680.421875|8961a4|ETD440|0|2318|1081.25|||3|3|1|1|1|132|162|[]|636148154804220000|14:04:40:422
62|1.1|636147911786806290|8961a4|50685.421875|11.68474176877|104.39706195932|397999|-218613||50685.421875|350||35000|350.25|50685.421875|8961a4|ETD440|0|2318|1043.75|||3|3|1|1|1|132|162|["132,162,5"]|636148154854220000|14:04:45:422
62|1.1|636147911836731282|8961a4|50690.3984375|11.69075527238|104.38801219965|397002|-217961||50690.3984375|350.75||35093.75|351.25|50690.3984375|8961a4|ETD440|0|2318|1043.75|||3|3|1|1|1|132|162|["132,162,5"]|636148154903980000|14:04:50:398
62|1.1|636147911886656274|8961a4|50695.3984375|11.69683314891|104.37906972818|396017|-217302||50695.3984375|351.5||35175|351.75|50695.3984375|8961a4|ETD440|0|2318|1025|||3|3|1|1|1|132|162|["132,162,5"]|636148154953980000|14:04:55:398
62|1.1|636147911936571265|8961a4|50700.375|11.7032114324|104.37114649461|395142|-216607||50700.375|352.25||35250|352.5|50700.375|8961a4|ETD440|0|2318|981.25|||3|3|1|1|1|132|162|["132,162,5"]|636148155003750000|14:05:00:375
62|1.1|636147911986496257|8961a4|50705.375|11.70934295303|104.36242396395|394181|-215941||50705.375|352.25||35343.75|353.25|50705.375|8961a4|ETD440|0|2318|981.25|||3|3|1|1|1|132|162|["132,162,5"]|636148155053750000|14:05:05:375
62|1.1|636147912036421249|8961a4|50710.375|11.71539400751|104.35455973889|393313|-215283||50710.375|354||35356.25|354.25|50710.375|8961a4|ETD440|0|2318|1006.25|||3|3|1|1|1|132|162|["132,162,5"]|636148155103750000|14:05:10:375
62|1.1|636147912086336240|8961a4|50715.359375|11.72151479932|104.34600886935|392371|-214618||50715.359375|354||35431.25|355.25|50715.359375|8961a4|ETD440|0|2318|1006.25|||3|3|1|1|1|132|162|["132,162,5"]|636148155153590000|14:05:15:359
62|1.1|636147912136261232|8961a4|50720.359375|11.72763022672|104.33746872863|391429|-213954||50720.359375|354||35500|355.75|50720.359375|8961a4|ETD440|0|2318|1006.25|||3|3|1|1|1|132|162|[]|636148155203590000|14:05:20:359
62|1.1|636147912186186224|8961a4|50725.3359375|11.73311801815|104.33114945365|390731|-213355||50725.3359375|356.25||35556.25|356.5|50725.3359375|8961a4|ETD440|0|2318|943.75|||3|3|1|1|1|132|162|["132,162,5"]|636148155253360000|14:05:25:336
62|1.1|636147912236101215|8961a4|50730.3359375|11.73864872486|104.32550072992|390106|-212752||50730.3359375|356.75||35625|357.25|50730.3359375|8961a4|ETD440|0|2318|843.75|||3|3|1|1|1|132|162|["132,162,5"]|636148155303360000|14:05:30:336
62|1.1|636147912286026207|8961a4|50735.3359375|11.74393803312|104.32123065956|389632|-212172||50735.3359375|357||35687.5|357.25|50735.3359375|8961a4|ETD440|0|2318|706.25|||3|3|1|1|1|132|162|["132,162,5"]|636148155353360000|14:05:35:336
62|1.1|636147912335951199|8961a4|50740.3203125|11.74971550269|104.31340934978|388770|-211544||50740.3203125|357.5||35756.25|357.5|50740.3203125|8961a4|ETD440|0|2318|612.5|||3|3|1|1|1|132|162|["132,162,5"]|636148155403200000|14:05:40:320
62|1.1|636147912385866190|8961a4|50745.3203125|11.75663559159|104.2912114212|386337|-210811||50745.3203125|358||35787.5|358.25|50745.3203125|8961a4|ETD440|0|2318|512.5|||3|3|1|1|1|132|162|["132,162,5"]|636148155453200000|14:05:45:320
62|1.1|636147912435791182|8961a4|50750.296875|11.76296023098|104.28248889054|385376|-210123||50750.296875|358.25||35856.25|358.25|50750.296875|8961a4|ETD440|0|2318|493.75|||3|3|1|1|1|132|162|["132,162,5"]|636148155502970000|14:05:50:297
62|1.1|636147912485716174|8961a4|50755.296875|11.76917221776|104.27371271578|384409|-209449||50755.296875|358.75||35912.5|358.75|50755.296875|8961a4|ETD440|0|2318|0|||3|3|0|1|1|132|162|["132,162,5"]|636148155552970000|14:05:55:297
62|1.1|636147912535631165|8961a4|50760.296875|11.77563633181|104.26312873485|383244|-208748||50760.296875|359||35931.25|359.25|50760.296875|8961a4|ETD440|0|2318|0|||3|3|0|1|1|132|162|["132,162,5"]|636148155602970000|14:06:00:297
62|1.1|636147912585556157|8961a4|50765.28125|11.78105975032|104.25474416202|382322|-208160||50765.28125|359.5||35962.5|359.5|50765.28125|8961a4|ETD440|0|2318|0|||3|3|0|1|1|132|162|["132,162,5"]|636148155652810000|14:06:05:281
62|1.1|636147912635481149|8961a4|50770.28125|11.78710544039|104.24565685148|381321|-207504||50770.28125|359.75||35993.75|359.75|50770.28125|8961a4|ETD440|0|2318|0|||3|3|0|1|1|132|162|["132,162,5"]|636148155702810000|14:06:10:281
62|1.1|636147912685396140|8961a4|50775.2578125|11.79379485966|104.23554493863|380208|-206778||50775.2578125|360||36018.75|360.25|50775.2578125|8961a4|ETD440|0|2318|0|||3|3|0|1|1|132|162|["132,18,5,3821","132,162,5"]|636148155752580000|14:06:15:258
62|1.1|636147912735321132|8961a4|50780.2578125|11.80050037216|104.22561005131|379114|-206050||50780.2578125|360||36031.25|360|50780.2578125|8961a4|ETD440|0|2318|0|||3|3|0|1|1|132|162|["132,18,5,3821","132,162,5"]|636148155802580000|14:06:20:258
62|1.1|636147912785246124|8961a4|50785.2578125|11.80643340962|104.21703772413|378170|-205405||50785.2578125|360||36018.75|360|50785.2578125|8961a4|ETD440|0|2318|0|||3|3|0|1|1|132|162|["132,18,5,3821","132,162,5"]|636148155852580000|14:06:25:258
62|1.1|636147912835171116|8961a4|50790.2421875|11.81235571826|104.20841711726|377221|-204762||50790.2421875|360||36006.25|360|50790.2421875|8961a4|ETD440|0|2318|0|||3|3|0|1|1|132|162|["132,18,5,3821","132,162,5"]|636148155902420000|14:06:30:242
62|1.1|636147912885086107|8961a4|50795.2421875|11.818868112|104.19874508603|376156|-204055||50795.2421875|360||36012.5|360|50795.2421875|8961a4|ETD440|0|2318|0|||3|3|0|1|1|132|162|["132,18,5,3821","132,162,5"]|636148155952420000|14:06:35:242
62|1.1|636147912935001098|8961a4|50800.21875|11.82509619201|104.18955048729|375144|-203379||50800.21875|360||36012.5|360|50800.21875|8961a4|ETD440|0|2318|0|||3|3|0|1|1|132|18|["132,18,5,3821","132,162,5"]|636148156002190000|14:06:40:219
62|1.1|636147912984926090|8961a4|50805.21875|11.83163004339|104.17997501544|374090|-202669||50805.21875|360||36000|360|50805.21875|8961a4|ETD440|0|2318|0|||3|3|0|1|1|132|162|["132,18,5,3821","132,162,5"]|636148156052190000|14:06:45:219
62|1.1|636147913034851082|8961a4|50810.21875|11.83750407234|104.17170309522|373179|-202030||50810.21875|360||35993.75|360|50810.21875|8961a4|ETD440|0|2318|0|||3|3|0|1|1|132|162|["132,18,5,3821","132,162,5"]|636148156102190000|14:06:50:219
62|1.1|636147913084766073|8961a4|50815.1953125|11.84379652527|104.16269625083|372187|-201347||50815.1953125|360||35987.5|360|50815.1953125|8961a4|ETD440|0|2318|0|||3|3|0|1|1|132|162|["132,18,5,3821","132,162,5"]|636148156151950000|14:06:55:195
62|1.1|636147913134691065|8961a4|50820.1953125|11.8502499105|104.15385033874|371213|-200645||50820.1953125|360||35950|360|50820.1953125|8961a4|ETD440|0|2318|0|||3|3|0|1|1|132|162|["132,18,5,3821","132,162,5","132,178,4"]|636148156201950000|14:07:00:195
62|1.1|636147913184626058|8961a4|50825.1796875|11.85669256691|104.14506879957|370246|-199944||50825.1796875|360||35893.75|360|50825.1796875|8961a4|ETD440|0|2318|0|||3|3|0|1|1|132|162|["132,18,5,3821","132,178,4,1947","132,162,5"]|636148156251800000|14:07:05:180
62|1.1|636147913234531048|8961a4|50830.1796875|11.86311376568|104.13594393816|369241|-199246||50830.1796875|360||35862.5|360|50830.1796875|8961a4|ETD440|0|2318|0|||3|3|0|1|1|132|162|["132,18,5,3821","132,178,4,1947","132,162,5"]|636148156301800000|14:07:10:180
62|1.1|636147913284456040|8961a4|50835.1796875|11.86996411725|104.12421197349|367952|-198504||50835.1796875|360||35987.5|360|50835.1796875|8961a4|ETD440|0|2318|0|||3|3|0|1|1|132|162|["132,18,5,3821","132,178,4,1947","132,162,5"]|636148156351800000|14:07:15:180
62|1.1|636147913334381032|8961a4|50840.15625|11.87495838296|104.11620827377|367072|-197963||50840.15625|360||36000|360|50840.15625|8961a4|ETD440|0|2318|0|||3|3|0|1|1|132|162|["132,18,5,3821","132,178,5,1947","132,162,5"]|636148156401560000|14:07:20:156
62|1.1|636147913384306024|8961a4|50845.15625|11.88111136123|104.10693857329|366052|-197294||50845.15625|360||36012.5|360|50845.15625|8961a4|ETD440|0|2318|0|||3|3|0|1|1|132|178|["132,18,5,3821","132,178,5,1947","132,162,5"]|636148156451560000|14:07:25:156
62|1.1|636147913434221015|8961a4|50850.140625|11.88739844975|104.09767960163|365033|-196611||50850.140625|360||36006.25|360|50850.140625|8961a4|ETD440|0|2318|0|||3|3|0|1|1|132|162|["132,18,5,3821","132,178,5,1947","132,162,5"]|636148156501410000|14:07:30:141
62|1.1|636147913484156008|8961a4|50855.140625|11.89363189417|104.08835089264|364007|-195934||50855.140625|360||36012.5|360|50855.140625|8961a4|ETD440|0|2318|0|||3|3|0|1|1|132|162|["132,18,5,3821","132,178,5,1947","132,162,5"]|636148156551410000|14:07:35:141
62|1.1|636147913534060998|8961a4|50860.140625|11.89989752505|104.07911337862|362991|-195253||50860.140625|360||36018.75|360|50860.140625|8961a4|ETD440|0|2318|0|||3|3|0|1|1|132|178|["132,18,5,3821","132,178,5,1947","132,162,5"]|636148156601410000|14:07:40:141
62|1.1|636147913583985990|8961a4|50865.1171875|11.90627044413|104.07004216131|361993|-194560||50865.1171875|360||36018.75|360|50865.1171875|8961a4|ETD440|0|2318|0|||3|3|0|1|1|132|178|["132,18,5,3821","132,178,5,1947","132,162,5"]|636148156651170000|14:07:45:117
62|1.1|636147913633910982|8961a4|50870.1171875|11.91260581234|104.06085829139|360982|-193872||50870.1171875|360||36025|360|50870.1171875|8961a4|ETD440|0|2318|0|||3|3|0|1|1|132|178|["132,18,5,3821","132,178,5,1947","132,162,5"]|636148156701170000|14:07:50:117
62|1.1|636147913683835974|8961a4|50875.1015625|11.91863540918|104.05153494681|359957|-193217||50875.1015625|360||36000|360|50875.1015625|8961a4|ETD440|0|2318|0|||3|3|0|1|1|132|178|["132,18,5,3821","132,178,5,1947","132,162,5"]|636148156751020000|14:07:55:102
62|1.1|636147913733750965|8961a4|50880.1015625|11.92488494683|104.04231889043|358943|-192538||50880.1015625|360||36000|360|50880.1015625|8961a4|ETD440|0|2318|0|||3|3|0|1|1|132|178|["132,18,5,3821","132,178,5,1947","132,162,5"]|636148156801020000|14:08:00:102
62|1.1|636147913783675957|8961a4|50885.1015625|11.93128468796|104.03323157989|357943|-191842||50885.1015625|360||35987.5|360|50885.1015625|8961a4|ETD440|0|2318|0|||3|3|0|1|1|132|18|["132,18,5,3821","132,178,5,1947","132,162,5"]|636148156851020000|14:08:05:102
62|1.1|636147913833590948|8961a4|50890.078125|11.93770052232|104.02403698115|356932|-191144||50890.078125|360||35968.75|360|50890.078125|8961a4|ETD440|0|2318|0|||3|3|0|1|1|132|178|["132,18,5,3821","132,178,5,1947","132,162,5"]|636148156900780000|14:08:10:078
62|1.1|636147913883525941|8961a4|50895.078125|11.94422900929|104.01512133173|355951|-190434||50895.078125|360||35931.25|360|50895.078125|8961a4|ETD440|0|2318|0|||3|3|0|1|1|132|178|["132,18,5,3821","132,178,5,1947","132,162,5"]|636148156950780000|14:08:15:078
62|1.1|636147913933440932|8961a4|50900.0625|11.94953977519|104.00691914884|355049|-189857||50900.0625|360||35962.5|360|50900.0625|8961a4|ETD440|0|2318|0|||3|3|0|1|1|132|178|["132,18,5,3821","132,178,5,1947","132,162,5"]|636148157000630000|14:08:20:063
62|1.1|636147913983365924|8961a4|50905.0625|11.95626674533|103.99644782052|353898|-189126||50905.0625|360||36006.25|360|50905.0625|8961a4|ETD440|0|2318|0|||3|3|0|1|1|132|178|["132,18,5,3821","132,178,5,1947","132,162,5"]|636148157050630000|14:08:25:063
62|1.1|636147914033280915|8961a4|50910.0625|11.96277913907|103.98639491618|352793|-188419||50910.0625|360||36025|360|50910.0625|8961a4|ETD440|0|2318|0|||3|3|0|1|1|132|178|["132,18,5,3821","132,178,5,1947","132,162,5"]|636148157100630000|14:08:30:063
62|1.1|636147914083205907|8961a4|50915.0390625|11.96920570225|103.97656195265|351712|-187721||50915.0390625|359.75||36031.25|360|50915.0390625|8961a4|ETD440|0|2318|0|||3|3|0|1|1|132|18|["132,18,5,3821","132,178,5,1947","132,162,5"]|636148157150390000|14:08:35:039
62|1.1|636147914133130899|8961a4|50920.0390625|11.97561080779|103.96679336204|350638|-187025||50920.0390625|359.75||36006.25|359.75|50920.0390625|8961a4|ETD440|0|2318|0|||3|3|0|1|1|132|18|["132,18,5,3821","132,178,5,1947","132,162,5"]|636148157200390000|14:08:40:039
62|1.1|636147914183045890|8961a4|50925.015625|11.98196226923|103.95717497491|349581|-186335||50925.015625|360||36006.25|360|50925.015625|8961a4|ETD440|0|2318|0|||3|3|0|1|1|132|178|["132,18,5,3821","132,178,5,1947","132,162,5"]|636148157250160000|14:08:45:016
62|1.1|636147914232970882|8961a4|50930.015625|11.988383468|103.94855436804|348633|-185636||50930.015625|360||36012.5|360|50930.015625|8961a4|ETD440|0|2318|0|||3|3|0|1|1|132|178|["132,18,5,3821","132,178,5,1947","132,162,5"]|636148157300160000|14:08:50:016
62|1.1|636147914282895874|8961a4|50935.015625|11.99470274298|103.93930076079|347615|-184949||50935.015625|360||36025|360|50935.015625|8961a4|ETD440|0|2318|0|||3|3|0|1|1|132|178|["132,18,5,3821","132,178,5,1947","132,162,5"]|636148157350160000|14:08:55:016
62|1.1|636147914332820866|8961a4|50940|12.00089863653|103.93005251795|346599|-184275||50940|360||36025|360|50940|8961a4|ETD440|0|2318|0|||3|3|0|1|1|132|162|["132,18,5,3821","132,178,5,1947","132,162,5"]|636148157400000000|14:09:00:000
62|1.1|636147914382745858|8961a4|50945|12.00685313163|103.92161966543|345671|-183627||50945|360||35968.75|360|50945|8961a4|ETD440|0|2318|0|||3|3|0|1|1|132|178|["132,18,5,3821","132,178,5,1947","132,162,5"]|636148157450000000|14:09:05:000
62|1.1|636147914432660849|8961a4|50949.9765625|12.01283444878|103.91213002414|344629|-182978||50949.9765625|360||36000|360|50949.9765625|8961a4|ETD440|0|2318|0|||3|3|0|1|1|132|18|["132,18,5,3821","132,178,5,1947","132,162,5"]|636148157499770000|14:09:09:977
62|1.1|636147914482585841|8961a4|50954.9765625|12.01907325761|103.90318755267|343646|-182299||50954.9765625|360||35993.75|360|50954.9765625|8961a4|ETD440|0|2318|0|||3|3|0|1|1|132|18|["132,18,5,3821","132,178,5,1947","132,162,5"]|636148157549770000|14:09:14:977
62|1.1|636147914532500832|8961a4|50959.9765625|12.02461469314|103.89467959841|342711|-181697||50959.9765625|360||35987.5|360|50959.9765625|8961a4|ETD440|0|2318|0|||3|3|0|1|1|132|5|["132,18,5,3821","132,178,5,1947","132,162,5"]|636148157599770000|14:09:19:977
62|1.1|636147914582425824|8961a4|50964.9609375|12.03087495961|103.88577467781|341732|-181015||50964.9609375|360||35981.25|360|50964.9609375|8961a4|ETD440|0|2318|0|||3|3|0|1|1|132|178|["132,18,5,3821","132,178,5,1947","132,162,5"]|636148157649610000|14:09:24:961
62|1.1|636147914632350816|8961a4|50969.9609375|12.03704939552|103.8767034605|340735|-180344||50969.9609375|360||35975|360|50969.9609375|8961a4|ETD440|0|2318|0|||3|3|0|1|1|132|178|["132,18,5,3821","132,178,5,1947","132,162,5"]|636148157699610000|14:09:29:961
62|1.1|636147914682275808|8961a4|50974.9375|12.04313800087|103.86767515847|339743|-179682||50974.9375|360||35943.75|360|50974.9375|8961a4|ETD440|0|2318|0|||3|3|0|1|1|132|18|["132,18,5,3821","132,178,5,1947","132,162,5"]|636148157749380000|14:09:34:938
62|1.1|636147914732190799|8961a4|50979.9375|12.04944654703|103.85850738178|338736|-178995||50979.9375|360||35918.75|360|50979.9375|8961a4|ETD440|0|2318|0|||3|3|0|1|1|132|18|["132,18,5,3821","132,178,5,1947","132,162,5"]|636148157799380000|14:09:39:938
62|1.1|636147914782115791|8961a4|50984.9375|12.05518646573|103.84956491031|337754|-178372||50984.9375|360||35987.5|360|50984.9375|8961a4|ETD440|0|2318|0|||3|3|0|1|1|132|18|["132,18,5,3821","132,178,5,1947","132,162,5"]|636148157849380000|14:09:44:938
62|1.1|636147914832040783|8961a4|50989.921875|12.0611248676|103.84058488797|336767|-177726||50989.921875|360||36000|360|50989.921875|8961a4|ETD440|0|2318|0|||3|3|0|1|1|132|178|["132,18,5,3821","132,178,5,1947","132,162,5"]|636148157899220000|14:09:49:922
62|1.1|636147914881955774|8961a4|50994.921875|12.0677230919|103.83076265326|335688|-177008||50994.921875|360||36018.75|360|50994.921875|8961a4|ETD440|0|2318|0|||3|3|0|1|1|132|178|["132,18,5,3821","132,178,5,1947","132,162,5"]|636148157949220000|14:09:54:922
62|1.1|636147914931870765|8961a4|50999.8984375|12.07397262955|103.82164315626|334686|-176328||50999.8984375|360||36037.5|360|50999.8984375|8961a4|ETD440|0|2318|0|||3|3|0|1|1|132|178|["132,18,5,3821","132,178,5,1947","132,162,5"]|636148157998980000|14:09:59:898
62|1.1|636147914981795757|8961a4|51004.8984375|12.08035091304|103.81260948982|333693|-175634||51004.8984375|360||36050|360|51004.8984375|8961a4|ETD440|0|2318|0|||3|3|0|1|1|132|178|["132,18,5,3821","132,178,5,1947","132,162,5"]|636148158048980000|14:10:04:898
62|1.1|636147915031720749|8961a4|51009.8984375|12.08670773889|103.80341489108|332683|-174942||51009.8984375|360||36043.75|360|51009.8984375|8961a4|ETD440|0|2318|0|||3|3|0|1|1|132|178|["132,18,5,3821","132,178,5,1947","132,162,5"]|636148158098980000|14:10:09:898
62|1.1|636147915081645741|8961a4|51014.875|12.09318794617|103.79448314843|331701|-174236||51014.875|360||36006.25|360|51014.875|8961a4|ETD440|0|2318|0|||3|3|0|1|1|132|178|["132,18,5,3821","132,178,5,1947","132,162,5"]|636148158148750000|14:10:14:875
62|1.1|636147915131560732|8961a4|51019.875|12.09944821264|103.78521344795|330683|-173555||51019.875|360||35975|360|51019.875|8961a4|ETD440|0|2318|0|||3|3|0|1|1|132|178|["132,18,5,3821","132,178,5,1947","132,162,5"]|636148158198750000|14:10:19:875
62|1.1|636147915181485724|8961a4|51024.859375|12.10553145358|103.77586328132|329657|-172894||51024.859375|360||35950|360|51024.859375|8961a4|ETD440|0|2318|0|||3|3|0|1|1|132|178|["132,18,5,3821","132,178,5,1947","132,162,5"]|636148158248590000|14:10:24:859
62|1.1|636147915231400715|8961a4|51029.859375|12.11233352546|103.76485014759|328448|-172155||51029.859375|360||35987.5|360|51029.859375|8961a4|ETD440|0|2318|0|||3|3|0|1|1|132|5|["132,18,5,3821","132,178,5,1947","132,162,5"]|636148158298590000|14:10:29:859
62|1.1|636147915281325707|8961a4|51034.859375|12.11756918962|103.75647093917|327528|-171586||51034.859375|360||36000|360|51034.859375|8961a4|ETD440|0|2318|0|||3|3|0|1|1|132|178|["132,18,5,3821","132,178,5,1947","132,162,5"]|636148158348590000|14:10:34:859
62|1.1|636147915331240698|8961a4|51039.8359375|12.12378654081|103.74722269633|326513|-170909||51039.8359375|360||36006.25|360|51039.8359375|8961a4|ETD440|0|2318|0|||3|3|0|1|1|132|178|["132,18,5,3821","132,178,5,1947","132,162,5"]|636148158398360000|14:10:39:836
62|1.1|636147915381165690|8961a4|51044.8359375|12.13020237517|103.7381943943|325521|-170211||51044.8359375|360||36012.5|360|51044.8359375|8961a4|ETD440|0|2318|0|||3|3|0|1|1|132|178|["132,18,5,3821","132,178,5,1947","132,162,5"]|636148158448360000|14:10:44:836
62|1.1|636147915431090682|8961a4|51049.8203125|12.13645727723|103.7290212532|324514|-169530||51049.8203125|360||36006.25|360|51049.8203125|8961a4|ETD440|0|2318|0|||3|3|0|1|1|132|178|["132,18,5,3821","132,178,5,1947","132,162,5"]|636148158498200000|14:10:49:820
62|1.1|636147915481005673|8961a4|51054.8203125|12.1426638996|103.71970327303|323491|-168854||51054.8203125|360||35981.25|360|51054.8203125|8961a4|ETD440|0|2318|0|||3|3|0|1|1|132|178|["132,18,5,3821","132,178,5,1947","132,162,5"]|636148158548200000|14:10:54:820
62|1.1|636147915530940666|8961a4|51059.8203125|12.14879005582|103.71030482671|322459|-168188||51059.8203125|360||35950|360|51059.8203125|8961a4|ETD440|0|2318|0|||3|3|0|1|1|132|178|["132,18,5,3821","132,178,5,1947","132,162,5"]|636148158598200000|14:10:59:820
62|1.1|636147915580855657|8961a4|51064.796875|12.15501277142|103.70096002449|321434|-167511||51064.796875|360||35937.5|360|51064.796875|8961a4|ETD440|0|2318|0|||3|3|0|1|1|132|178|["132,18,5,3821","132,178,5,1947","132,162,5"]|636148158647970000|14:11:04:797
