62|1.1|636147897412799033|a14c29|49248.015625|13.90449171149|100.83451972745|9270|24194||49248.015625|34.75||3431.25|32.25|49248.015625|a14c29|DAL283|0|1771|-943.75|||3|3|2|1|1|132|5|["132,18,5,3583"]|636148140480160000|13:40:48:016
62|1.1|636147897462714024|a14c29|49253.015625|13.90092437884|100.83153711549|8948|23800||49253.015625|34||3368.75|31.5|49253.015625|a14c29|DAL283|0|1771|-906.25|||3|3|2|1|1|132|5|["132,18,5,3583"]|636148140530160000|13:40:53:016
62|1.1|636147897512629015|a14c29|49258.015625|13.89712637656|100.82822191011|8590|23379||49258.015625|33.5||3293.75|30.75|49258.015625|a14c29|DAL283|0|1771|-887.5|||3|3|2|1|1|132|5|["132,18,5,3583"]|636148140580160000|13:40:58:016
62|1.1|636147897562554007|a14c29|49263|13.8939291882|100.82454192485|8192|23026||49263|32.5||3237.5|30.25|49263|a14c29|DAL283|0|1771|-787.5|||3|3|2|1|1|132|5|["132,18,5,3583"]|636148140630000000|13:41:03:000
62|1.1|636147897612478999|a14c29|49268|13.8907105422|100.82109260922|7819|22670||49268|32||3181.25|29.75|49268|a14c29|DAL283|0|1771|-750|||3|3|2|1|1|132|5|["132,18,5,3583"]|636148140680000000|13:41:08:000
62|1.1|636147897662403991|a14c29|49272.9765625|13.8872236757|100.81779349707|7463|22283||49272.9765625|31.75||3118.75|29.25|49272.9765625|a14c29|DAL283|0|1771|-750|||3|3|2|1|1|132|18|["132,18,5,3583"]|636148140729770000|13:41:12:977
62|1.1|636147897712318982|a14c29|49277.9765625|13.88392456355|100.81387211336|7039|21918||49277.9765625|31||3043.75|28.5|49277.9765625|a14c29|DAL283|0|1771|-768.75|||3|3|2|1|1|132|18|["132,18,5,3583"]|636148140779770000|13:41:17:977
62|1.1|636147897762243974|a14c29|49282.9765625|13.88098486687|100.81061591649|6687|21593||49282.9765625|30||2993.75|28|49282.9765625|a14c29|DAL283|0|1771|-750|||3|3|2|1|1|132|5|["132,18,5,3583"]|636148140829770000|13:41:22:977
62|1.1|636147897812178967|a14c29|49287.9609375|13.87797006845|100.80730071111|6329|21259||49287.9609375|29.75||2956.25|27.5|49287.9609375|a14c29|DAL283|0|1771|-668.75|||3|3|2|1|1|132|5|["132,18,5,3583"]|636148140879610000|13:41:27:961
62|1.1|636147897862093958|a14c29|49292.9609375|13.87453684605|100.80363681908|5933|20880||49292.9609375|29.5||2918.75|27|49292.9609375|a14c29|DAL283|0|1771|-587.5|||3|3|2|1|1|132|5|["132,18,5,3583"]|636148140929610000|13:41:32:961
62|1.1|636147897912008949|a14c29|49297.9375|13.87143085266|100.80039671544|5583|20536||49297.9375|29||2881.25|26.75|49297.9375|a14c29|DAL283|0|1771|-531.25|||3|3|2|1|1|132|5|["132,18,5,3583"]|636148140979380000|13:41:37:938
62|1.1|636147897961923940|a14c29|49302.9375|13.86804590995|100.79685084043|5200|20161||49302.9375|28.5||2825|26.25|49302.9375|a14c29|DAL283|0|1771|-531.25|||3|3|2|1|1|132|5|["132,18,5,3583"]|636148141029380000|13:41:42:938
62|1.1|636147898011848932|a14c29|49307.9375|13.86493991656|100.79362146561|4851|19818||49307.9375|28.25||2793.75|26|49307.9375|a14c29|DAL283|0|1771|-512.5|||3|3|2|1|1|132|18|["132,18,5,3583"]|636148141079380000|13:41:47:938
62|1.1|636147898061773924|a14c29|49312.921875|13.86145841447|100.78995220917|4454|19432||49312.921875|27.5||2750|25.5|49312.921875|a14c29|DAL283|0|1771|-512.5|||3|3|2|1|1|132|5|["132,18,5,3583"]|636148141129220000|13:41:52:922
62|1.1|636147898111688915|a14c29|49317.921875|13.85805737853|100.78656726646|4088|19056||49317.921875|27.25||2712.5|25|49317.921875|a14c29|DAL283|0|1771|-493.75|||3|3|2|1|1|132|5|["132,18,5,3583"]|636148141179220000|13:41:57:922
62|1.1|636147898161613907|a14c29|49322.8984375|13.85462952054|100.7837992309|3789|18676||49322.8984375|26.75||2662.5|24.75|49322.8984375|a14c29|DAL283|0|1771|-512.5|||3|3|2|1|1|132|5|["132,18,5,3583"]|636148141228980000|13:42:02:898
62|1.1|636147898211548900|a14c29|49327.8984375|13.8504774672|100.78135305994|3525|18217||49327.8984375|26.5||2625|24.25|49327.8984375|a14c29|DAL283|0|1771|-493.75|||3|3|2|1|1|132|5|["132,18,5,3583"]|636148141278980000|13:42:07:898
62|1.1|636147898261453890|a14c29|49332.8984375|13.84633614268|100.77970618607|3347|17759||49332.8984375|26.25||2593.75|24|49332.8984375|a14c29|DAL283|0|1771|-450|||3|3|2|1|1|132|5|["132,18,5,3583"]|636148141328980000|13:42:12:898
62|1.1|636147898311378882|a14c29|49337.875|13.84161546188|100.77842945649|3209|17237||49337.875|26||2550|23.5|49337.875|a14c29|DAL283|0|1771|-475|||3|3|2|1|1|132|18|["132,18,5,3583"]|636148141378750000|13:42:17:875
62|1.1|636147898361303874|a14c29|49342.875|13.83663192499|100.77785010021|3146|16685||49342.875|25||2506.25|23|49342.875|a14c29|DAL283|0|1771|-475|||3|3|2|1|1|132|5|["132,18,5,3583"]|636148141428750000|13:42:22:875
62|1.1|636147898411228866|a14c29|49347.875|13.83283392271|100.77697570138|3052|16265||49347.875|25||2468.75|22.75|49347.875|a14c29|DAL283|0|1771|-475|||3|3|2|1|1|132|18|["132,18,5,3583"]|636148141478750000|13:42:27:875
62|1.1|636147898461143857|a14c29|49352.859375|13.82870332701|100.77632660777|2982|15808||49352.859375|24.5||2443.75|22.5|49352.859375|a14c29|DAL283|0|1771|-450|||3|3|2|1|1|132|5|["132,18,5,3583"]|636148141528590000|13:42:32:859
62|1.1|636147898511068849|a14c29|49357.859375|13.82433669727|100.77532882751|2874|15325||49357.859375|24||2393.75|22|49357.859375|a14c29|DAL283|0|1771|-475|||3|3|2|1|1|132|5|["132,18,5,3583"]|636148141578590000|13:42:37:859
62|1.1|636147898560993841|a14c29|49362.8359375|13.82015782188|100.77422912346|2755|14862||49362.8359375|23.75||2350|21.5|49362.8359375|a14c29|DAL283|0|1771|-512.5|||3|3|2|1|1|132|5|["132,18,5,3583"]|636148141628360000|13:42:42:836
62|1.1|636147898610908832|a14c29|49367.8359375|13.81674069271|100.77310796177|2634|14485||49367.8359375|23.5||2331.25|21.25|49367.8359375|a14c29|DAL283|0|1771|-493.75|||3|3|2|1|1|132|5|["132,18,5,3583"]|636148141678360000|13:42:47:836
62|1.1|636147898660833824|a14c29|49372.8203125|13.81273347844|100.77190096952|2503|14041||49372.8203125|23.25||2300|21|49372.8203125|a14c29|DAL283|0|1771|-450|||3|3|2|1|1|132|18|["132,18,5,3583"]|636148141728200000|13:42:52:820
62|1.1|636147898710758816|a14c29|49377.8203125|13.80918760343|100.77079590106|2384|13649||49377.8203125|22.25||2231.25|20.5|49377.8203125|a14c29|DAL283|0|1771|-475|||3|3|2|1|1|132|5|["132,18,5,3583"]|636148141778200000|13:42:57:820
62|1.1|636147898760673807|a14c29|49382.8203125|13.80594213538|100.76984103608|2280|13290||49382.8203125|21.75||2175|19.75|49382.8203125|a14c29|DAL283|0|1771|-568.75|||3|3|2|1|1|132|5|["132,18,5,3583"]|636148141828200000|13:43:02:820
62|1.1|636147898810598799|a14c29|49387.796875|13.80261083677|100.76890226433|2179|12921||49387.796875|21.25||2112.5|19.25|49387.796875|a14c29|DAL283|0|1771|-631.25|||3|3|2|1|1|132|5|["132,18,5,3583"]|636148141877970000|13:43:07:797
62|1.1|636147898860523791|a14c29|49392.796875|13.79922052965|100.76798495022|2080|12546||49392.796875|20.75||2043.75|18.5|49392.796875|a14c29|DAL283|0|1771|-731.25|||3|3|2|1|1|132|5|["132,18,5,3583"]|636148141927970000|13:43:12:797
62|1.1|636147898910438782|a14c29|49397.78125|13.79536888327|100.76707300052|1981|12120||49397.78125|20.25||1975|17.75|49397.78125|a14c29|DAL283|0|1771|-750|||3|3|2|1|1|132|18|["132,18,5,3583"]|636148141977810000|13:43:17:781
62|1.1|636147898960363774|a14c29|49402.78125|13.79213414404|100.76624688138|1892|11762||49402.78125|19.75||1912.5|17|49402.78125|a14c29|DAL283|0|1771|-768.75|||3|3|2|1|1|132|18|["132,18,5,3583"]|636148142027810000|13:43:22:781
62|1.1|636147899010278765|a14c29|49407.78125|13.78824494679|100.76530274522|1790|11332||49407.78125|18.5||1843.75|16.5|49407.78125|a14c29|DAL283|0|1771|-787.5|||3|3|2|1|1|132|5|["132,18,5,3583"]|636148142077810000|13:43:27:781
62|1.1|636147899060213758|a14c29|49412.7578125|13.78513358899|100.76442298198|1695|10987||49412.7578125|17.75||1775|15.75|49412.7578125|a14c29|DAL283|0|1771|-806.25|||3|3|2|1|1|132|5|["132,18,5,3583"]|636148142127580000|13:43:32:758
62|1.1|636147899110128749|a14c29|49417.7578125|13.78149651901|100.76350566787|1596|10585||49417.7578125|17||1693.75|15|49417.7578125|a14c29|DAL283|0|1771|-825|||3|3|2|1|1|132|5|["132,18,5,3583"]|636148142177580000|13:43:37:758
62|1.1|636147899160053741|a14c29|49422.7421875|13.77799892369|100.76258298935|1496|10198||49422.7421875|16.75||1618.75|14.25|49422.7421875|a14c29|DAL283|0|1771|-868.75|||3|3|2|1|1|132|18|["132,18,5,3583"]|636148142227420000|13:43:42:742
62|1.1|636147899209968732|a14c29|49427.7421875|13.77490902353|100.76173541257|1405|9856||49427.7421875|16||1575|13.75|49427.7421875|a14c29|DAL283|0|1771|-806.25|||3|3|2|1|1|132|5|["132,18,5,3583"]|636148142277420000|13:43:47:742
62|1.1|636147899259893724|a14c29|49432.7421875|13.77177084368|100.76089856461|1314|9509||49432.7421875|15.5||1518.75|13.25|49432.7421875|a14c29|DAL283|0|1771|-768.75|||3|3|2|1|1|132|18|["132,18,5,3583"]|636148142327420000|13:43:52:742
62|1.1|636147899309818716|a14c29|49437.71875|13.76831079923|100.76000807255|1218|9126||49437.71875|15||1456.25|12.5|49437.71875|a14c29|DAL283|0|1771|-731.25|||3|3|2|1|1|132|18|["132,18,5,3583"]|636148142377190000|13:43:57:719
62|1.1|636147899359733707|a14c29|49442.71875|13.76505996677|100.75913367372|1123|8766||49442.71875|14||1400|12|49442.71875|a14c29|DAL283|0|1771|-668.75|||3|3|2|1|1|132|5|["132,18,5,3583"]|636148142427190000|13:44:02:719
62|1.1|636147899409658699|a14c29|49447.6953125|13.76252260084|100.75846848688|1051|8486||49447.6953125|13.5||1350|11.5|49447.6953125|a14c29|DAL283|0|1771|-687.5|||3|3|2|1|1|132|5|["132,18,5,3583"]|636148142476950000|13:44:07:695
62|1.1|636147899459583691|a14c29|49452.6953125|13.75944879391|100.75763163892|961|8146||49452.6953125|13||1287.5|10.75|49452.6953125|a14c29|DAL283|0|1771|-706.25|||3|3|2|1|1|132|5|["132,18,5,3583"]|636148142526950000|13:44:12:695
62|1.1|636147899509498682|a14c29|49457.6953125|13.75612285971|100.75676796891|867|7778||49457.6953125|12.5||1225|10.25|49457.6953125|a14c29|DAL283|0|1771|-706.25|||3|3|2|1|1|132|5|["132,18,5,3583"]|636148142576950000|13:44:17:695
62|1.1|636147899559423674|a14c29|49462.6796875|13.75286129843|100.75589357008|772|7417||49462.6796875|12.25||1156.25|9.75|49462.6796875|a14c29|DAL283|0|1771|-731.25|||3|3|2|1|1|132|18|["132,18,5,3583"]|636148142626800000|13:44:22:680
62|1.1|636147899609348666|a14c29|49467.6796875|13.7500020679|100.75509427299|686|7101||49467.6796875|11.5||1118.75|9|49467.6796875|a14c29|DAL283|0|1771|-706.25|||3|3|2|1|1|132|18|["132,18,5,3583"]|636148142676800000|13:44:27:680
62|1.1|636147899659263657|a14c29|49472.65625|13.74706773563|100.75432179795|603|6776||49472.65625|10.5||1050|8.5|49472.65625|a14c29|DAL283|0|1771|-706.25|||3|3|2|1|1|132|5|["132,18,5,3583"]|636148142726560000|13:44:32:656
62|1.1|636147899709188649|a14c29|49477.65625|13.74392419137|100.75349567881|513|6428||49477.65625|10||981.25|7.75|49477.65625|a14c29|DAL283|0|1771|-731.25|||3|3|2|1|1|132|5|["132,18,5,3583"]|636148142776560000|13:44:37:656
62|1.1|636147899759113641|a14c29|49482.65625|13.74073773183|100.75265346644|422|6075||49482.65625|9.5||925|7.25|49482.65625|a14c29|DAL283|0|1771|-731.25|||3|3|2|1|1|132|5|["132,18,5,3583"]|636148142826560000|13:44:42:656
62|1.1|636147899809028632|a14c29|49487.640625|13.73774439105|100.75185953376|337|5744||49487.640625|9.25||868.75|6.75|49487.640625|a14c29|DAL283|0|1771|-706.25|||3|3|2|1|1|132|18|["132,18,5,3583"]|636148142876410000|13:44:47:641
62|1.1|636147899858953624|a14c29|49492.640625|13.73477787232|100.75110851636|255|5416||49492.640625|8.5||812.5|6|49492.640625|a14c29|DAL283|0|1771|-706.25|||3|3|2|1|1|132|18|["132,18,5,3583"]|636148142926410000|13:44:52:641
62|1.1|636147899908878616|a14c29|49497.6171875|13.73150021781|100.75028239722|166|5054||49497.6171875|7.5||750|5.5|49497.6171875|a14c29|DAL283|0|1771|-706.25|||3|3|2|1|1|132|5|["132,18,5,3583"]|636148142976170000|13:44:57:617
62|1.1|636147899958803608|a14c29|49502.6171875|13.72836740237|100.74945091367|76|4707||49502.6171875|7||681.25|4.75|49502.6171875|a14c29|DAL283|0|1771|-731.25|||3|3|2|1|1|132|5|["132,18,5,3583"]|636148143026170000|13:45:02:617
62|1.1|636147900008718599|a14c29|49507.6171875|13.7252184937|100.74861943012|-14|4358||49507.6171875|6.25||625|4.25|49507.6171875|a14c29|DAL283|0|1771|-731.25|||3|3|2|1|1|132|5|["132,18,5,3583"]|636148143076170000|13:45:07:617
62|1.1|636147900058643591|a14c29|49512.6015625|13.72206422062|100.74779867539|-103|4009||49512.6015625|6||587.5|3.75|49512.6015625|a14c29|DAL283|0|1771|-687.5|||3|3|2|1|1|132|5|["132,18,5,3583"]|636148143126020000|13:45:12:602
62|1.1|636147900108578584|a14c29|49517.6015625|13.7190494222|100.74702083594|-187|3676||49517.6015625|5.5||518.75|3.25|49517.6015625|a14c29|DAL283|0|1771|-668.75|||3|3|2|1|1|132|5|["132,18,5,3583"]|636148143176020000|13:45:17:602
62|1.1|636147900158483574|a14c29|49522.578125|13.71607753906|100.74627518295|-268|3347||49522.578125|5||462.5|2.75|49522.578125|a14c29|DAL283|0|1771|-650|||3|3|2|1|1|132|18|["132,18,5,3583"]|636148143225780000|13:45:22:578
62|1.1|636147900208408566|a14c29|49527.578125|13.71307346946|100.74553489437|-347|3015||49527.578125|4.5||418.75|2.25|49527.578125|a14c29|DAL283|0|1771|-650|||3|3|2|1|1|132|18|["132,18,5,3583"]|636148143275780000|13:45:27:578
62|1.1|636147900258323557|a14c29|49532.578125|13.71002112017|100.74473559728|-434|2677||49532.578125|3.75||356.25|1.5|49532.578125|a14c29|DAL283|0|1771|-650|||3|3|2|1|1|132|5|["132,18,5,3583"]|636148143325780000|13:45:32:578
62|1.1|636147900308248549|a14c29|49537.5625|13.70642160106|100.74381291876|-534|2279||49537.5625|3.25||287.5|1|49537.5625|a14c29|DAL283|0|1771|-687.5|||3|3|2|1|1|132|18|["132,18,5,3583"]|636148143375630000|13:45:37:563
62|1.1|636147900358173541|a14c29|49542.5625|13.70347653997|100.74299752844|-622|1953||49542.5625|2.5||231.25|0.25|49542.5625|a14c29|DAL283|0|1771|-706.25|||3|3|2|1|1|132|5|["132,18,5,3583"]|636148143425630000|13:45:42:563
62|1.1|636147900408098533|a14c29|49547.5390625|13.70039736863|100.74218213812|-710|1612||49547.5390625|2||156.25|8191.75|49547.5390625|a14c29|DAL283|0|1771|-731.25|||3|3|2|1|1|132|18|["132,18,5,3583"]|636148143475390000|13:45:47:539
62|1.1|636147900458023525|a14c29|49552.5390625|13.69696951064|100.7412594596|-810|1233||49552.5390625|1.75||156.25|8191|49552.5390625|a14c29|DAL283|0|1771|-650|||3|3|2|1|1|132|5|["132,18,5,3583"]|636148143525390000|13:45:52:539
62|1.1|636147900507938516|a14c29|49557.5390625|13.69377768669|100.74042261164|-901|880||49557.5390625|1.75||131.25|8190.75|49557.5390625|a14c29|DAL283|0|1771|-650|||3|3|2|1|1|132|5|["132,18,5,3583"]|636148143575390000|13:45:57:539
62|1.1|636147900557853507|a14c29|49562.515625|13.69057513392|100.73956967045|-993|526||49562.515625|1.75||112.5|8190|49562.515625|a14c29|DAL283|0|1771|-650|||3|3|2|1|1|132|5|[]|636148143625160000|13:46:02:516
62|1.1|636147900607778499|a14c29|49567.515625|13.68735112351|100.73872209367|-1085|169||49567.515625|1.75||93.75|8189.75|49567.515625|a14c29|DAL283|0|1771|-650|||3|3|2|1|1|132|5|[]|636148143675160000|13:46:07:516
62|1.1|636147900654593180|X|49572.1953125||||||||||||X|X|X|1771|||||||1|1|0|0|[]|636148143721950000|13:46:12:195
